   1	2   7   8 
   1	6  10   5 
   3	2   7   8 
   5	2   7   1 
   7	2   7   1 
   7	6   5   3 
   9	2   8   1 
  11	2   7  15 
  13	2   8   1 
  15	2   7  15 
  15	6   3   2 
  17	2   8  15 
  19	2   8  15 
   1	6  20  19 
   7	6  19  18 
  13	6  18  17 
  19	6  23  17 
  25	2   7   9 
  25	6  25  24 
  27	2   7   9 
  29	2   1  15 
  31	2   8   9 
  31	6  24  22 
  33	2   7   0 
  35	2   8   9 
  37	2   1  15 
  37	6  18  17 
  39	2   7   0 
  41	2   1   9 
  41	2   7  14 
  43	2   8   0 
  43	6  17  16 
  45	2   8   0 
  47	2   7  14 
   1	6  43  35 
  37	6  35  28 
  43	6  42  29 
  49	2   1   9 
  51	2  15   9 
  51	2   1   0 
  53	2   8  14 
  55	2   7  21 
  57	2  15   9 
  57	2   1   0 
  59	2   8  14 
  61	2   7  21 
  63	2  15   0 
  65	2   1  14 
  67	2   8  21 
  69	2   7  10 
  71	2  15   0 
  73	2   1  14 
  75	2   8  21 
  77	2   7  10 
  79	2   9   0 
  79	6  29  21 
  81	2   8  10 
  83	2   7   2 
  37	6  32  26 
  43	6  32  31 
  79	6  31  24 
  85	2  15  14 
  85	6   9   1 
  87	2  15  14 
  85	6  29  24 
  91	2   9  24 
  93	2   1   0 
  93	6  24  17 
  95	2   7   2 
  97	2   1  14 
  99	2   9  17 
  99	6  21   7 
   1	6  46  41 
  49	6  46  44 
  55	6  44  42 
  55	6  48  40 
  61	6  45  40 
  91	6  45  36 
  67	6  41  33 
  93	6  33  32 
  99	6  32  30 
  73	6  47  41 
  97	6  47  45 
 103	6  45  43 
 105	2   8  10 
 105	2  21  23 
 107	2  15  17 
 109	2   9  10 
 109	2  21  23 
 109	6  43  35 
 111	2   8   2 
 111	2  21  22 
 113	2   1  14 
 105	6  33  32 
 111	6  32  24 
 115	2   9  10 
 115	2   0  14 
 117	2  15  17 
 117	6  39  37 
 119	2   8   2 
 119	2  21  22 
 121	2   1  17 
 123	2  15  10 
 123	6  46  31 
 125	2   9   2 
 125	2   0  14 
 127	2  15  10 
 129	2   8  23 
 131	2   1  17 
 133	2   9   2 
 133	6  28  14 
 135	2   1  10 
 137	2   1  10 
 139	2   8  23 
 139	6  42  28 
 141	2  15   2 
 143	2   9  23 
 145	2   8  22 
 145	6  17   3 
 147	2   8  22 
 145	6  45  42 
 151	2   0   3 
 151	6  45  32 
 153	2  21  16 
 155	2   0   3 
 157	2  15   2 
 157	6  32  18 
 159	2   9  23 
 161	2   1   2 
 161	2  15  23 
 163	2  21  16 
 163	2   1   2 
 165	2  18   3 
 165	2   8  16 
 165	2  21  14 
 167	2   9  22 
 169	2  18   3 
 169	2  15  23 
 171	2   9  22 
 173	2   8  16 
 173	2  21  14 
 175	2  15  22 
 175	6  10   1 
 177	2  15  22 
 181	2   0   1 
 181	2  10  23 
 183	2   0   1 
 183	2   9  16 
 183	6  18   4 
 185	2   8  14 
 187	2  21   7 
 187	2   9  16 
 189	2   4   1 
 191	2   0   2 
 191	2  15  16 
 193	2   4   1 
 195	2   0   2 
 195	2  15  16 
 197	2  10  23 
 197	2   8  14 
 199	2  21   7 
 199	2   4   2 
 201	2   3   1 
 201	2  21  29 
 203	2  10  22 
 205	2   9  14 
 207	2   8   7 
 207	2  21  29 
 207	6  16  10 
 209	2   8   7 
 209	2  21  28 
 211	2  21  28 
 213	2   3   1 
 213	2  16  22 
 215	2   4   2 
 215	2  21  36 
 217	2   9  14 
 217	6  29  23 
 219	2   3   2 
 219	2  15  14 
 221	2   9   7 
 223	2  16  10 
 223	2  21  36 
 225	2   8  23 
 227	2   3   2 
 227	2  15  14 
 227	6  36  31 
 229	2  16  10 
 229	2   1   2 
 231	2   9   7 
 233	2   8  23 
 235	2  16  14 
 235	2   1   2 
 237	2  15   7 
 233	6  43  42 
 233	6  39  38 
 239	2   9  23 
 239	6  43  38 
 241	2  16  14 
 243	2  15   7 
 245	2   9  23 
 245	6  14   0 
 231	6  11   4 
 237	6  18  11 
 243	6  25  18 
 247	6  10   9 
 251	2  14  29 
 249	6  31  25 
 253	2  14  29 
 253	6  10   3 
 255	2  31  29 
 257	2  14  22 
 259	2  31  29 
 259	2  16   7 
 261	2  14  22 
 261	6  31  17 
 263	6  36  21 
 263	6   8   0 
 267	6  38  32 
 269	2  17  22 
 271	2  14   9 
 273	2  17  22 
 273	6  39  32 
 275	2  14   9 
 275	2  36  30 
 277	2  17   9 
 277	2  36  30 
 277	6  28  21 
 279	2  15  23 
 281	2  17   9 
 283	2   0  21 
 283	6  25  10 
 285	2   0  21 
 287	2  14   8 
 287	2  36  35 
 289	2  14   8 
 289	2  36  35 
 289	6  17   3 
 291	6  30  29 
 295	2  16   7 
 295	6   3   2 
 297	2  25  30 
 297	2  14   7 
 299	2  25  30 
 299	2  14   7 
 301	2  25  22 
 301	6  10   9 
 303	2  25  22 
 305	2  15  23 
 301	6   7   0 
 305	6  25  18 
 307	2   7   9 
 309	2   7   9 
 307	6  29  21 
 311	2  18  10 
 311	2  16  23 
 311	6   8   1 
 313	2  17  29 
 315	2  17  29 
 317	2   2   1 
 317	2  15  29 
 317	2  18  10 
 319	2  17   9 
 319	2   7  21 
 321	2   2   1 
 321	2  16  23 
 321	6  18  10 
 323	2  15  29 
 325	2   7  21 
 327	2  17   9 
 327	6  21   7 
 329	6  30  17 
 333	2   2   0 
 333	2  21  35 
 335	2   8  17 
 335	2  21  35 
 337	2   8  17 
 337	6  29  21 
 339	2   3  17 
 341	2   3  17 
 343	2   8  22 
 343	6  17   3 
 345	2   8  22 
 347	6  21   7 
 349	6  18   3 
 353	2  30  21 
 355	2  17  22 
 355	2   2   0 
 357	2   8   3 
 357	2  36  24 
 359	2  10   1 
 359	2  30  21 
 361	2  14  23 
 361	6  10   3 
 363	2  14  23 
 365	2  30  35 
 361	6  25  18 
 367	2  16   7 
 369	2  15   9 
 369	2  36  24 
 371	2  17  22 
 371	2  36  37 
 373	2   8  10 
 373	2  30  35 
 375	2   3   1 
 375	2  25  22 
 377	2  16   7 
 377	2  36  37 
 379	2  15   9 
 379	2  29  24 
 381	2  17  10 
 381	2   8   1 
 381	2  36  28 
 383	2   3   0 
 383	2  29  24 
 385	2   2  23 
 385	2  14   7 
 387	2  16   9 
 387	2  14   7 
 387	2  30  24 
 389	2  15  21 
 389	2  17  10 
 391	2  25  22 
 393	2   8   1 
 393	2  25  10 
 393	2  29  37 
 395	2   3   0 
 395	2  30  24 
 395	6  22  15 
 397	2  25  10 
 397	2  36  28 
 399	2  36  42 
 397	6   7   0 
 401	2  16   9 
 401	2  22  21 
 401	2  36  42 
 399	6  25   4 
 403	2   8   7 
 403	2  22  35 
 405	2   2  23 
 405	2  36  43 
 407	2  17   1 
 407	2  29  37 
 409	2   2   0 
 409	2  22  35 
 411	2  14   9 
 411	2  30  37 
 411	6  42  35 
 413	2  16  21 
 413	2  30  37 
 415	2  17   1 
 417	2   8   7 
 417	2  22  24 
 417	2  36  43 
 419	2   2   0 
 419	2  29  28 
 419	6  23  16 
 421	2   4   1 
 421	2  29  28 
 423	2   4   1 
 423	2  29  35 
 425	2   3  16 
 425	2  29  35 
 427	2   3  16 
 427	2  29  43 
 429	2  14   9 
 429	2  36  31 
 431	2  23  21 
 431	2   3   0 
 431	6  44  36 
 433	2  15  10 
 435	2   8  16 
 435	2  14  21 
 405	6  40  33 
 411	6  47  40 
 431	6  40  32 
 437	2   2   9 
 437	2  14  21 
 437	2  44  31 
 437	6  40  33 
 439	2  15  10 
 439	2  30  28 
 441	2   8  16 
 441	2  30  28 
 443	2   3   0 
 443	2  22  24 
 443	2  44  36 
 445	2   2   9 
 445	2  22  37 
 447	2  15   1 
 447	2  30  35 
 449	2   8   0 
 449	2  22  37 
 451	2   3   9 
 451	2  22  28 
 451	6  42  37 
 453	2  15   1 
 455	2   8   0 
 455	2  22  28 
 457	2  23  37 
 457	2   3   9 
 457	6  21  14 
 459	2  23  37 
 459	2  10   1 
 461	2  23  24 
 461	2   8   9 
 461	2  44  36 
 463	2   2  14 
 463	2  23  24 
 463	2  44  38 
 465	2  21  37 
 465	2  10   1 
 467	2   2  14 
 467	2  30  35 
 467	6  45  44 
 469	2   8   9 
 469	2  22  35 
 471	2  22  35 
 425	6  19  12 
 443	6  33  19 
 449	6  48  41 
 449	6  26  19 
 455	6  41  26 
 471	6   9   7 
 473	2  29  43 
 473	2  45  38 
 475	2  30  43 
 477	2  17   9 
 477	2  21  37 
 479	2  17   9 
 479	2  29  31 
 479	2  45  44 
 479	6  14   0 
 481	2   4   9 
 481	2  30  43 
 483	2  17  16 
 483	2  29  31 
 483	2  45  44 
 483	6  11   4 
 485	2  17  16 
 485	2  30  31 
 485	2  45  39 
 487	2  21  24 
 487	6  47  45 
 489	2  11   9 
 489	2  29  36 
 491	2  15   9 
 491	2  30  31 
 491	6  42  28 
 493	2  11  16 
 493	2  47  39 
 495	2   3   0 
 495	2  47  46 
 493	6  37  30 
 497	2  17  14 
 497	2  47  46 
 497	6  42  35 
 499	2  15   9 
 499	2  47  45 
 501	2  11  16 
 501	2  47  45 
 503	2  23  28 
 503	2   3   0 
 503	6  25  18 
 505	2  23  28 
 505	2  10   9 
 507	2  15  16 
 507	2  29  36 
 503	6  45  39 
 509	2  17  14 
 509	2  37  36 
 509	6  46  39 
 511	2  21  24 
 511	2  37  36 
 513	2   8   0 
 513	2  21  28 
 513	6  30  23 
 515	2  10   9 
 515	2  21  28 
 515	2  47  32 
 517	2   8   0 
 517	2  47  32 
 517	6  43  28 
 519	2  15  16 
 519	2  47  40 
 521	2   1   9 
 521	2  47  40 
 519	6  32  25 
 523	2  30  35 
 523	2  10  16 
 513	6  27  19 
 519	6  34  27 
 523	6   8   7 
 525	2  30  35 
 525	2  10  16 
 525	2  47  33 
 527	2  21  35 
 527	2  47  33 
 527	6  17   3 
 529	2  22  28 
 529	2  47  48 
 531	2  21  35 
 531	2  47  48 
 529	6  33  27 
 533	2   2  23 
 535	2   2  23 
 535	2  47  41 
 535	6  39  32 
 537	2   3   8 
 537	2  17  23 
 537	2  47  41 
 539	2   3   8 
 539	2  17  23 
 541	2   3   0 
 541	2  30  42 
 541	2  47  39 
 543	2   7  23 
 543	2  47  39 
 543	6  10   2 
 545	2   7  23 
 545	2  47  34 
 547	2  30  42 
 547	2  47  34 
 547	6  15   7 
 549	2  10  24 
 549	2  47  33 
 551	2  10  24 
 551	2  47  33 
 549	6  43  35 
 553	2  17  24 
 553	2   1   9 
 553	6  46  39 
 555	2   3   0 
 555	2  22  28 
 557	2  17  24 
 557	2  21  42 
 557	6  11   3 
 559	2   1  16 
 561	2  15  24 
 563	2  11  23 
 563	6  14   8 
 565	2  30  28 
 565	2  47  26 
 567	2  29  38 
 565	6  17  10 
 569	2  22  31 
 571	2   3   8 
 571	2  30  28 
 571	2  47  26 
 573	2   3   8 
 573	2  29  38 
 573	6  24  17 
 575	2   7   8 
 575	2  37  38 
 577	2   7   8 
 577	2  29  44 
 579	2   2   8 
 579	2  11  23 
 581	2   1  16 
 581	2  37  38 
 581	6  35  21 
 583	2   2   8 
 585	2   9  16 
 587	2  24  21 
 587	2   1   8 
 587	6  45  43 
 589	2  24  21 
 589	2   1   8 
 591	2  15  17 
 591	6   3   2 
 593	2  24  45 
 593	2  35  42 
 595	2  24  45 
 595	2  35  28 
 597	2   2  14 
 597	2  11  17 
 597	6  45  42 
 599	2   2  14 
 599	2  11  17 
 601	2   7  14 
 601	2   9  16 
 603	2   2   0 
 603	2  22  31 
 605	2   7  14 
 605	2  24  45 
 605	2  35  28 
 607	2   2   0 
 607	2  30  31 
 607	6  17  15 
 609	2  30  31 
 607	6  45  39 
 613	2   7   0 
 613	2  22  36 
 613	6  17   3 
 615	2   7   0 
 615	2  22  36 
 617	2  29  44 
 617	6   1   0 
 619	2  24  39 
 619	2  37  44 
 621	2  30  36 
 623	2  17  14 
 623	2  37  44 
 625	2   2  23 
 625	6  44  35 
 627	2  17  14 
 629	2   2  23 
 631	2   9   8 
 631	2  44  31 
 633	2   0  14 
 633	2  29  43 
 633	6  32  24 
 635	2   2  15 
 637	2   9   8 
 637	2  29  43 
 639	2  17   1 
 639	2  30  36 
 641	2   7  23 
 643	2  22  38 
 645	2   0  14 
 645	2  44  31 
 647	2  17   1 
 647	2  44  36 
 649	2   7  23 
 649	2  44  36 
 651	2   2  15 
 651	2  37  43 
 651	6  32  31 
 653	2  16   8 
 653	2  37  43 
 655	2   9  14 
 655	6  45  36 
 657	2   0   1 
 657	2  17  23 
 659	2   7  15 
 661	2  31  28 
 661	2   0   1 
 663	2  31  28 
 663	6   9   0 
 665	2  31  32 
 667	2  31  32 
 665	6  37  29 
 669	2  16   8 
 573	6  34  27 
 661	6  47  34 
 667	6  47  46 
 671	2  37  24 
 671	2   0  14 
 673	2  22  38 
 673	2   0   1 
 673	6  48  47 
 675	2  30  38 
 675	2   7  15 
 677	2  22  35 
 677	2  31  45 
 677	2   0   1 
 679	2  17  23 
 679	6  47  39 
 681	2  22  35 
 683	2  37  24 
 679	6   7   0 
 685	2  30  38 
 685	2  16  14 
 685	6  41  33 
 687	2   9  23 
 687	2  44  38 
 689	2  17  15 
 689	2  30  35 
 691	2  22  43 
 691	6  33  32 
 693	2  37  36 
 693	2  16  14 
 695	2   9  23 
 695	2  44  38 
 691	6  48  47 
 697	2  29  24 
 697	2   8  14 
 699	2  17  15 
 699	2  30  35 
 701	2  31  45 
 701	2  16   1 
 703	2  22  43 
 703	2  31  38 
 703	6  17  10 
 705	2  37  36 
 705	2   8  14 
 707	2  44  35 
 709	2  29  24 
 709	2   9  15 
 709	6  47  45 
 711	2   7  23 
 713	2  22  24 
 697	6  33  27 
 715	2  30  43 
 715	2   9  15 
 717	2  29  36 
 717	2  16   1 
 717	2  31  38 
 719	2  37  25 
 719	2   8   1 
 721	2   7  23 
 721	2  44  35 
 723	2  30  43 
 723	2   7  15 
 725	2  22  24 
 725	2  44  43 
 725	2   8   1 
 727	2  29  36 
 727	2  16  23 
 727	2  14   1 
 727	6  38  33 
 729	2  16  23 
 729	2  14   1 
 731	2   7  15 
 729	6  35  28 
 733	2  30  24 
 733	2  44  43 
 733	2  16  15 
 733	6  41  33 
 735	2  22  36 
 737	2  30  24 
 737	2  16  15 
 731	6   2   1 
 739	2  37  25 
 741	2  31  28 
 743	2  37  40 
 743	6  21  16 
 745	2  37  40 
 747	2  37  46 
 747	6  42  35 
 749	2  17  16 
 749	2  37  46 
 751	2  17  16 
 751	2  37  39 
 753	2   3  16 
 753	2  37  39 
 755	2   3  16 
 755	2  37  32 
 757	2  11  16 
 757	2  37  32 
 759	2  11  16 
 759	2  37  45 
 759	6  33  32 
 761	2   1  16 
 761	2  37  45 
 763	2   1  16 
 763	2  37  38 
 765	2   0  16 
 765	2  37  38 
 765	6  40  26 
 767	2   0  16 
 769	2  10  16 
 763	6  35  29 
 767	6  44  38 
 771	2  17  29 
 771	6  48  33 
 773	2  17  29 
 775	2  10  16 
 775	6  35  30 
 777	2   9  16 
 779	2   9  16 
 775	6  19  12 
 781	2  17  33 
 781	6  44  42 
 783	2  17  33 
 785	2   8  23 
 785	6  33  19 
 787	2  22  36 
 789	2   7  16 
 789	2  35  36 
 791	2  30  25 
 791	6   9   3 
 793	2  31  28 
 795	2  30  25 
 797	2  31  43 
 797	6  21   9 
 799	2  31  43 
 801	2  37  32 
 797	6  19  18 
 803	2  21  29 
 803	2  38  24 
 803	6  11  10 
 805	2  21  29 
 805	2  38  24 
 807	2   8  23 
 807	2  35  36 
 807	6  45  33 
 809	2   7  16 
 811	2  14  23 
 809	6  35  28 
 813	2   8  15 
 813	2  31  24 
 811	6  18  10 
 815	2  38  36 
 815	2  14  23 
 813	6  33  26 
 817	2   9  16 
 817	2  31  24 
 813	6  48  47 
 817	6  44  28 
 819	2   8  15 
 821	2   9  16 
 819	6  24  18 
 823	2  38  36 
 823	2  14  15 
 823	6   9   1 
 825	2  24  29 
 825	2  14  15 
 827	2  24  29 
 825	6  44  38 
 829	2   8  16 
 829	6  33  18 
 831	2   8  16 
 829	6  29  28 
 831	6  46  44 
 835	2  22  25 
 837	2  17  29 
 837	6  27  26 
 839	2  17  29 
 841	2   2  23 
 835	6  48  41 
 843	2  17  26 
 843	6  28   7 
 845	2  17  26 
 847	6  33  17 
 849	6  35  29 
 853	2   9   7 
 853	2  33  41 
 853	6  24  18 
 855	2   9   7 
 855	2  33  41 
 857	2   0   7 
 857	2  33  48 
 855	6  44  29 
 859	2   0   7 
 859	2  33  48 
 857	6  10   9 
 861	2  30  24 
 861	6  44  39 
 863	2  21   9 
 863	2  30  24 
 865	2  21   9 
 867	2  18   9 
 867	2  21  35 
 867	2  33  39 
 869	2  18   9 
 869	2  21  35 
 869	2  33  39 
 871	2  10   9 
 871	2  22  25 
 871	6  45  43 
 873	2  10   9 
 873	2  22  24 
 875	2   0   9 
 875	2  30  29 
 875	6  26  18 
 877	2   0   9 
 877	2  30  29 
 879	2  31  36 
 879	2  14  16 
 881	2  33  45 
 881	2   2  23 
 881	6  35  28 
 883	2  38  25 
 883	2   2  15 
 885	2  33  45 
 885	2   2  15 
 885	6  18  17 
 887	2  30  44 
 889	2  31  36 
 887	6   8   7 
 891	2  38  25 
 891	6  35  21 
 893	2  33  18 
 893	2  30  44 
 895	2  46  25 
 897	2  11   8 
 897	2  37  32 
 897	6  35  28 
 899	2  11   8 
 901	2   3   8 
 901	2  46  25 
 903	2  11   9 
 903	2  22  24 
 903	6  44  35 
 905	2   3   8 
 905	2  31  25 
 907	2  11   9 
 907	2  31  25 
 903	6  46  39 
 909	2  21   8 
 909	2  38  24 
 911	2   3   9 
 911	2  22  29 
 911	2  33  18 
 911	6  46  44 
 913	2  21   8 
 915	2   3   9 
 915	2  22  29 
 913	6  32  26 
 917	2   1   8 
 917	2  22  35 
 917	6  47  45 
 919	2  21   9 
 921	2   1   8 
 921	2  22  35 
 919	6  27  25 
 923	2  21   9 
 923	6  46  40 
 925	2   7   8 
 927	2   1   9 
 923	6  44  36 
 925	6  28  21 
 929	2  32  40 
 929	2  30  45 
 929	2   7   8 
 929	6  19  10 
 931	2  32  40 
 931	2  30  45 
 933	2  23  15 
 933	2  37  46 
 933	6  33  32 
 935	2  14  16 
 935	2  37  46 
 937	2   1   9 
 937	2  37  43 
 937	6  22  21 
 939	2  19  40 
 939	2   7   9 
 939	2  37  43 
 941	2  19  40 
 941	2   7   9 
 943	2  22  17 
 943	6  39  37 
 945	2  22  17 
 947	2   2  16 
 943	6   7   0 
 943	6  41  34 
 947	6  28  21 
 949	2  33  17 
 951	2  33  17 
 949	6  45  43 
 953	2  19  17 
 953	2  14   8 
 953	6  34  33 
 955	2  19  17 
 955	2  28  43 
 955	2  14   8 
 957	2  38  24 
 957	2  28  43 
 957	6  14   7 
 959	2  32  44 
 959	2   2  16 
 961	2  37  24 
 961	6  40  39 
 963	2  37  24 
 963	2   2   8 
 965	2  31  24 
 965	2   7   9 
 963	6  28  21 
 967	2  32  44 
 967	2  23  15 
 969	2  38  29 
 969	2   2   8 
 969	6  26  17 
 971	2  38  29 
 973	2  37  29 
 973	6  21  14 
 975	2  32  27 
 975	2  37  29 
 975	2  23  16 
 977	2  30  25 
 975	6  12  11 
 979	2  38  35 
 979	2  23  16 
 981	2  32  27 
 981	2   7   9 
 981	6  37  35 
 983	2  15  16 
 985	2   2   9 
 981	6  18  11 
 983	6  33  26 
 987	2  31  24 
 987	2  15  16 
 987	6  43  36 
 989	2  32  24 
 989	2   2   9 
 991	2  32  24 
 987	6  28  21 
 993	2  38  37 
 993	2  23   8 
 995	2  30  25 
 995	6  45  39 
 997	2  30  42 
 999	2  30  42 
 995	6  21  14 
 997	6  26  10 
1001	2  35  37 
 967	6  48  47 
1003	2  22  10 
1003	6  47  44 
1005	2  22  10 
1007	2  23   8 
1003	6  34  27 
1009	2  31  29 
1009	2  15   8 
1007	6  11  10 
1011	2  38  36 
1011	2  15   8 
1011	6  25  24 
1013	2  35  37 
1013	2  16   8 
1015	2  38  36 
1015	2  16   8 
1017	2  27  11 
1017	2  31  29 
1019	2  27  11 
1019	2  31  37 
1021	2  19  11 
1021	2  35  36 
1021	2  23   9 
1023	2  19  11 
1023	2  31  37 
1025	2  21  24 
1025	6  45  43 
1027	2  21  24 
1029	2  30  17 
1025	6  19  12 
1031	2  28  43 
1031	2  38  24 
1031	6  33  19 
1033	2  28  43 
1033	2  38  24 
1035	2  21  42 
1035	6  38  37 
1037	2  21  42 
1039	2  23   9 
1037	6  25  19 
1041	2  35  36 
1041	2  15   9 
1037	6  40  33 
1043	2  32  29 
1045	2  32  29 
1047	2  30  17 
1047	6  45  43 
1049	2  15   9 
1051	2  16   9 
1049	6  32  30 
1053	2  16   9 
1051	6  11   3 
1055	2  40  45 
1055	2   8   9 
1051	6  21  14 
1055	6  25  23 
1057	2  40  45 
1057	2   8   9 
1057	6  28  21 
1061	2  30  38 
1059	6   8   3 
1063	2  21  23 
1063	2  32  46 
1059	6  44  43 
1059	6  34  27 
1065	2  22  43 
1065	2  32  46 
1065	6  19  11 
1067	2  22  43 
1067	2  32  39 
1069	2  21  23 
1069	2  32  39 
1065	6  41  34 
1071	2  21   8 
1071	2  37  42 
1071	2  32  18 
1071	6  47  41 
1073	2  21   8 
1073	2  30  38 
1075	2  31  36 
1073	6  26  19 
1077	2  31  36 
1075	6  16  14 
1079	2  37  42 
1077	6  47  46 
1081	2  16  17 
1081	2  30  36 
1079	6  32  26 
1083	2  16  17 
1083	2  30  36 
1079	6  12  11 
1083	6  45  38 
1085	2  26  18 
1085	6  35  22 
1089	2  32  38 
1083	6  48  47 
1087	6  18  11 
1091	2  46  43 
1093	2  35  44 
1093	2  22  24 
1093	6  48  33 
1095	2  35  44 
1095	2  22  24 
1097	2  31  24 
1097	6  35  22 
1099	2  32  38 
1101	2  31  24 
1101	6  47  39 
1103	2  35  42 
1103	2  30  24 
1105	2  35  42 
1105	2  30  24 
1101	6  33  26 
1107	2  46  43 
1107	6  18  16 
1109	2  46  44 
1111	2  46  44 
1107	6  31  30 
1113	2  18  26 
1113	2  30  42 
1115	2  18  26 
1115	2  30  42 
1117	6  39  23 
1117	6  42  36 
1117	6  26  18 
1123	2  40  39 
1123	2  22  23 
1123	6  10   8 
1125	2  40  39 
1125	2  22  23 
1127	2  32  39 
1123	6  43  35 
1127	6  37  30 
1129	2  32  39 
1131	2  26  47 
1129	6  22  16 
1133	2  26  47 
1129	6  35  28 
1129	6   3   1 
1133	6  43  37 
1135	2  22  28 
1135	2  26  11 
1137	2  22  28 
1137	2  26  11 
1135	6  46  39 
1139	2  21  28 
1139	2  16   8 
1139	2  26  19 
1139	6  44  36 
1141	2  39  23 
1141	2  26  19 
1143	2  21  28 
1143	2  16   8 
1139	6  11   3 
1143	6  40  25 
1145	2  22  36 
1147	2  22  36 
1145	6   9   8 
1149	2  35  38 
1149	6  41  26 
1151	2  35  38 
1153	2  21  36 
1151	6  17  16 
1155	2  21  36 
1153	6  39  31 
1157	2  17  26 
1157	6  43  29 
1159	2  25  10 
1161	2  25  10 
1159	6  46  45 
1163	2  31  23 
1159	6  27  20 
1163	6  43  35 
1165	2  22  23 
1167	2  22  23 
1163	6  25  18 
1165	6  47  38 
1169	2  17  26 
1169	6  28  22 
1171	2  43  45 
1173	2  43  45 
1171	6  24   9 
1171	6  19  11 
1171	6  47  40 
1151	6   7   0 
1157	6  14   7 
1175	6  28  14 
1177	2  19  40 
1177	2  31  24 
1179	2  19  40 
1179	2  31  24 
1177	6   9   3 
1181	2  21  23 
1181	2  39  44 
1183	2  31  26 
1183	6  14   9 
1185	2  31  26 
1187	2  39  44 
1183	6  35  28 
1187	6  26  19 
1189	2   9  24 
1191	2  21  23 
1189	6  45  40 
1193	2  17  20 
1189	6  43  35 
1189	6   7   0 
1195	2  43  45 
1195	2  26  40 
1195	2  30  16 
1197	2  43  45 
1197	2  26  40 
1197	2  30  16 
1199	2   9  24 
1199	6  46  43 
1201	2  17  20 
1203	2  17  12 
1203	6  15   7 
1205	2  46  40 
1205	2  17  12 
1207	2  46  40 
1207	2  30  25 
1207	6  27  20 
1209	2  21  24 
1211	2  21  24 
1209	6  45  43 
1213	2  30  25 
1213	6   9   4 
1215	2  30  38 
1217	2  30  38 
1213	6  21  14 
1215	6  33  27 
1219	2  37  16 
1219	6  13   4 
1221	2  31  33 
1223	2  31  33 
1219	6  28  21 
1221	6  43  36 
1225	2  13  19 
1221	6   8   2 
1225	6  22  17 
1227	2  13  19 
1225	6  39  31 
1227	6  44  43 
1231	2  18  17 
1231	2  22  21 
1229	6  27  13 
1233	2  18  17 
1233	2  22  21 
1231	6  40  39 
1235	2  15  36 
1235	6  26  12 
1237	2  15  36 
1239	2  37  16 
1241	2  27  33 
1241	2  29  16 
1241	6  44  38 
1243	2  40  26 
1243	2  29  16 
1245	2  27  33 
1245	6  17  14 
1245	6  36  29 
1245	6  47  46 
1251	2   8  29 
1251	2  40  26 
1253	2  17  19 
1253	2  30  28 
1253	6  45  43 
1255	2  17  19 
1255	2  30  28 
1257	2  17  33 
1257	6  28  22 
1259	2  27  26 
1261	2  17  33 
1259	6  46  45 
1263	2   8  29 
1263	2  27  26 
1265	2  45  29 
1265	2  17  26 
1265	6  14   7 
1267	2  28  43 
1267	2  17  26 
1269	2  45  29 
1265	6   3   2 
1269	6  32  25 
1271	2  28  43 
1273	2  14  29 
1269	6  17  11 
1269	6  20  19 
1271	6   9   2 
1275	2  28  42 
1275	2  37  32 
1275	6  23  15 
1277	2  25  10 
1277	2  28  42 
1279	2  25  10 
1275	6   7   0 
1277	6  40  38 
1281	2  14  29 
1281	6  25  10 
1281	6   1   0 
1283	6  38  36 
1287	2  10   1 
1283	6  40  34 
1287	6  25  23 
1289	2  10   1 
1289	6  28  14 
1293	2  18  34 
1289	6  46  45 
1291	6   1   0 
1295	2  35  23 
1295	6  34  19 
1297	2  35  23 
1299	2  36  21 
1297	6   7   0 
1301	2  18  19 
1301	2  36  21 
1301	6  46  34 
1303	2  36  43 
1303	2  14   9 
1305	2  36  43 
1305	2  14   9 
1303	6  12  11 
1307	2  25  39 
1307	2  36  42 
1307	6  21   7 
1309	2  10  19 
1309	2  36  42 
1311	2  10  19 
1309	6  47  40 
1313	2  11  23 
1311	6  45  43 
1315	2  18  15 
1317	2  35  21 
1317	2  25  39 
1317	6  20  12 
1319	2  35  21 
1319	2  31  16 
1321	2  37  32 
1317	6   7   0 
1321	6  15   9 
1323	2  38  32 
1325	2  37  44 
1321	6  35  28 
1323	6   1   0 
1327	2  11  23 
1327	2  38  32 
1323	6  27  20 
1327	6  43  35 
1329	2  18   9 
1331	2  10   9 
1331	2  18  24 
1329	6  29  22 
1333	2  10   9 
1333	2  18  24 
1333	2  37  44 
1329	6  20  13 
1335	2  10  24 
1335	2  14  35 
1335	6  33  19 
1337	2  10  24 
1337	2  14  35 
1339	2   7  22 
1339	2  38  44 
1339	6  24  17 
1341	2   7  22 
1341	2  38  44 
1343	2  37  29 
1339	6   9   2 
1341	6  13   4 
1345	2  36  15 
1341	6  40  33 
1347	2  18  12 
1347	2  36  15 
1343	6  46  45 
1349	2  18  12 
1349	2  31  16 
1349	2  36  35 
1347	6  27  20 
1351	2   4   1 
1351	2  31  32 
1351	2  36  35 
1349	6  46  40 
1353	2  10  12 
1353	2  30  24 
1351	6  22  21 
1355	2  18  19 
1355	2  31  32 
1355	6   3   1 
1357	2  18  19 
1357	2  14  16 
1357	2  37  29 
1359	2  18  26 
1359	2  14  16 
1359	2  31  44 
1359	6  20  13 
1361	2   4   3 
1361	2  18  26 
1361	2   0  21 
1361	2  31  44 
1363	2   0  21 
1363	6  25   4 
1363	6  46  44 
1365	6  21   8 
1369	2  25  40 
1365	6  42  35 
1369	6  13   4 
1371	2  28  44 
1371	2  25  40 
1371	2   1   8 
1373	2  28  44 
1373	2   1   8 
1373	6  40  25 
1375	2  10  12 
1377	2   4   3 
1375	6  36  21 
1379	2  10  19 
1379	6  46  40 
1381	2  10  19 
1381	2  30  24 
1383	2   4   3 
1383	2  21  16 
1381	6  44  43 
1385	2  10  26 
1385	6  28  14 
1387	2  18   3 
1389	2   4  25 
1387	6  46  44 
1391	2  14   2 
1391	6  33  32 
1393	2  14   2 
1393	2  44  35 
1395	2  14  17 
1395	2  44  35 
1387	6  20  13 
1393	6  27  20 
1397	2  32  23 
1397	6  14   8 
1399	2  32  23 
1401	2  36  39 
1401	2  18   3 
1403	2  36  39 
1403	2   8  17 
1403	6  27  19 
1405	2  38  29 
1407	2  37  24 
1405	6   9   8 
1409	2  34  39 
1407	6  35  28 
1411	2  34  39 
1411	2   9  12 
1409	6  44  30 
1413	2  46  39 
1413	2   9  12 
1415	2  46  39 
1415	2  10  26 
1415	6  22   7 
1417	2   4  25 
1417	2  44  45 
1419	2  10   3 
1419	2  18  25 
1419	2  44  45 
1415	6  36  35 
1419	6  39  33 
1421	2  30  15 
1421	2  10   3 
1421	2  18  25 
1423	2  30  15 
1419	6  27  20 
1423	6   4   2 
1425	2  30  42 
1427	2  36  39 
1425	6  19  18 
1429	2  30  42 
1425	6  15   7 
1425	6  34  27 
1429	6  46  40 
1431	2  18  23 
1433	2  18  23 
1429	6   9   2 
1431	6  28  14 
1435	2  10  25 
1431	6  20  13 
1431	6  43  42 
1437	2  35  23 
1437	6  11   2 
1439	2  35  23 
1441	2  36  39 
1443	2   2  15 
1443	2  11  13 
1443	6  39  36 
1445	2   2  15 
1445	2  11  13 
1447	2   9  14 
1447	6  19  18 
1449	2   9  14 
1449	2  39  46 
1451	2   9   7 
1451	2  38  29 
1453	2  11  26 
1453	2  31  29 
1453	6  14   8 
1455	2  11  26 
1455	2  39  46 
1457	2  11   3 
1457	2  37  24 
1455	6  42  28 
1459	2  11   3 
1459	2  38  24 
1457	6  27  26 
1461	2   9   7 
1461	2  37  45 
1461	6  32  24 
1463	2  37  45 
1461	6  28  22 
1461	6  18  11 
1463	6   7   2 
1467	2  26  23 
1465	6  46  44 
1469	2  24  15 
1469	6   4   2 
1471	2   7  22 
1471	2  38  32 
1473	2  24  15 
1473	2  38  45 
1471	6  43  35 
1475	2   7  22 
1475	2  10  25 
1475	2  38  45 
1477	2  24  22 
1477	2   7   2 
1477	6  37  35 
1479	2  24  22 
1479	2   7   2 
1481	2  11   8 
1477	6  46  33 
1483	2  26  23 
1483	6  44  42 
1485	2  11   8 
1485	2  31  29 
1487	2  21  16 
1487	2  18  25 
1485	6  40  33 
1489	2  10   8 
1489	2  21  36 
1489	6  24  23 
1491	2  11   4 
1491	2  21  36 
1493	2  10   8 
1491	6  45  39 
1495	2  23   2 
1497	2  23   2 
1493	6  35  28 
1497	6  46  44 
1499	2  33  24 
1499	2  11   4 
1499	2  28  14 
1501	2  33  24 
1501	2  10   4 
1501	2  28  14 
1499	6   1   0 
1503	2  35  44 
1503	2  18  25 
1503	2  10   4 
1503	6  23  14 
1505	2  35  44 
1505	6  26   5 
1509	2  30  16 
1507	6  35  28 
1511	2  30  16 
1509	6   7   1 
1513	2  30  36 
1511	6  12   3 
1515	2  21  42 
1515	2  31  32 
1517	2   1  17 
1517	2  30  36 
1517	6  13   5 
1519	2   1  17 
1519	2  21  42 
1521	2  14  17 
1521	6  44  35 
1523	2   1   3 
1523	2  31  32 
1525	2  14  17 
1525	6   2   1 
1527	2  45  29 
1529	2  45  29 
1523	6  27  13 
1527	6  14   7 
1531	2   2   3 
1531	2  30  42 
1527	6  18  17 
1529	6  13  12 
1533	2  14  35 
1533	2  45  32 
1533	6   3   2 
1535	2  14  35 
1535	2  31  39 
1537	2  21  29 
1537	2  45  32 
1535	6  11   5 
1539	2   7   2 
1539	2  38  23 
1541	2   3  11 
1541	2  30  42 
1541	6  14   0 
1543	2   3  11 
1543	2  31  39 
1545	2   3  12 
1545	2  38  23 
1547	2   7   2 
1547	2  21  29 
1547	2  45  39 
1547	6  13   5 
1549	2  14  35 
1549	2  45  39 
1551	2  14  35 
1547	6  24  23 
1539	6  33  26 
1551	2  38  33 
1547	6  19  18 
1553	2  18  15 
1553	6  44  35 
1555	2  18  15 
1557	2   3  12 
1557	2  31  24 
1557	6  14   0 
1559	2  46  44 
1559	2   3   5 
1559	2  30  29 
1561	2  46  44 
1561	2   3   5 
1561	2  30  29 
1559	6  25  18 
1563	2  28  23 
1563	6   7   2 
1565	2  28  23 
1567	2  31  24 
1563	6  12   5 
1567	6  43  29 
1569	2   2  11 
1569	2  38  33 
1571	2   2  11 
1569	6   7   0 
1573	2  25  22 
1573	6   4   2 
1575	2  29  15 
1577	2  29  15 
1573	6  46  44 
1575	6  27  19 
1579	2  14  23 
1579	2   4   5 
1579	6  46  38 
1581	2  14  23 
1581	2   4   5 
1583	2   7  23 
1583	2   4  12 
1585	2  25  22 
1587	2  29  22 
1587	2   3  18 
1587	2  31  33 
1589	2  29  22 
1589	2  17   8 
1589	2   4  12 
1589	6  32  31 
1591	2   3  18 
1593	2  17   8 
1591	6  29  21 
1595	2   4  18 
1595	2  32  33 
1595	6  16  15 
1597	2   4  18 
1597	2  29  31 
1599	2  29  31 
1599	6   4   2 
1601	2  30  31 
1603	2  45  24 
1605	2  19  16 
1605	6  39  37 
1607	2  19  16 
1609	2   3   8 
1609	6  26  18 
1611	2   7  23 
1613	2   3   8 
1613	2  29  37 
1611	6  39  32 
1615	2  18  16 
1615	2  29  37 
1617	2  18  16 
1617	2  30  31 
1617	6  44  36 
1619	2  17   4 
1619	2   2   8 
1621	2  17   4 
1621	2   2   8 
1617	6  39  33 
1623	2  28  16 
1623	2   3   4 
1623	6  32  19 
1625	2  28  16 
1625	2   3   4 
1627	2  14  16 
1627	2  30  37 
1627	6   3   1 
1629	2  14  16 
1629	2  30  37 
1631	2  36  23 
1629	6  25  18 
1633	2   7  16 
1629	6  45  39 
1635	2  18   3 
1635	6  36  15 
1637	2  18   3 
1639	2  18  27 
1635	6  32  31 
1639	6   3   2 
1641	2  31  22 
1643	2  31  22 
1641	6   8   0 
1645	2  18  27 
1645	2   3   4 
1645	6  38  29 
1647	2   3   4 
1647	6  17   8 
1647	6  19  12 
1653	2  25  22 
1653	6   2   0 
1655	2  18  17 
1655	2  15  23 
1657	2  25  22 
1659	2  21   0 
1659	2  18  17 
1659	6  32  27 
1661	2  21   0 
1661	2  18  11 
1663	2  28  22 
1663	2  18  11 
1659	6  37  36 
1663	6   1   0 
1665	2  28  22 
1665	2  18   5 
1667	2  14  22 
1667	2  18   5 
1665	6  32  31 
1669	2   9  12 
1669	6  36  21 
1671	2   9  12 
1673	2  13  12 
1673	2  39  24 
1673	6   3   1 
1675	2  36  31 
1675	2  14  22 
1675	2  13  12 
1677	2  36  31 
1677	2  18  19 
1679	2   7  16 
1679	2  18  19 
1679	2  39  45 
1681	2  29  23 
1681	2  10  12 
1681	2  39  45 
1683	2  15  16 
1683	2  18  26 
1683	6  36  31 
1685	2  15  16 
1685	2  18  26 
1687	2  10  12 
1689	2  31  17 
1689	2   7  22 
1689	6  12   4 
1691	2  31  17 
1691	2   7  22 
1693	2  29  23 
1693	6  32  25 
1695	2  29  16 
1697	2  15  22 
1695	6   4   3 
1699	2  29  16 
1699	6  32  19 
1701	2   8   3 
1703	2  15  22 
1701	6  37  36 
1705	2  25   4 
1705	6  28  21 
1707	2  25   4 
1709	2  19   4 
1709	2  23  16 
1709	6  39  37 
1711	2  19   4 
1711	2  23  16 
1713	2   8   3 
1713	6  26  19 
1715	2  29  22 
1715	2   0   3 
1715	2  38  24 
1717	2  29  22 
1717	2   0   3 
1717	2  38  24 
1719	2  25  39 
1719	2  23  22 
1719	2   1   3 
1721	2  25  39 
1721	2  23  22 
1721	2   1   3 
1719	6  36  28 
1723	2  26  39 
1723	6   4   1 
1725	2  26  39 
1725	2  30  24 
1727	2  38  45 
1727	2  30  24 
1725	6  21  14 
1729	2  25  17 
1729	2  38  45 
1729	6   8   1 
1731	2  25  17 
1731	2  30  45 
1733	2  26  17 
1733	6  39  37 
1735	2  14   8 
1735	2  26  17 
1737	2  14   8 
1737	6  24  11 
1739	2  21   8 
1741	2  21   8 
1739	6  37  36 
1743	2  31  24 
1743	2   7   8 
1743	2  16  22 
1743	6  19   5 
1745	2  31  24 
1745	2   7   8 
1745	2  16  22 
1747	2  15   8 
1747	2  30  45 
1747	6  28  21 
1749	2  25  24 
1749	2  15   8 
1751	2  31  19 
1751	6  16   9 
1753	2  25  24 
1755	2  31  19 
1753	6  28  14 
1757	2  26  24 
1757	6  13  11 
1759	2  16  21 
1759	2  31  32 
1761	2  16  21 
1761	2  31  32 
1757	6  44  37 
1759	6  42  35 
1763	2  25  19 
1763	6  21  16 
1765	2  25  19 
1767	2  25  32 
1763	6  37  30 
1763	6   5   3 
1765	6  43  42 
1769	2  11  16 
1769	2  25  32 
1769	6  29  21 
1771	2  11  16 
1773	2  10  16 
1771	6  32  27 
1775	2  28  36 
1775	2  10  16 
1777	2  29  30 
1777	2  18   2 
1773	6  13   5 
1777	6  21  14 
1779	2  29  30 
1779	2   1  16 
1781	2  29  35 
1781	2  26  24 
1781	6   5   2 
1783	2  28  36 
1785	2  21  36 
1783	6  31  24 
1787	2  21  36 
1787	2  26  19 
1787	6  10   5 
1789	2  29  35 
1789	2  26  19 
1789	2  14   8 
1791	2  29  42 
1791	2  26  27 
1791	2  14   8 
1793	2  24   3 
1793	6  36  21 
1795	2  24   3 
1797	2  18  10 
1797	2  26  27 
1797	6   2   1 
1799	2  29  42 
1799	2  18  12 
1801	2  29  32 
1801	6  20  13 
1803	2   7  21 
1803	2   2  16 
1805	2   7  21 
1805	2  24  10 
1807	2  15  21 
1807	2  24  10 
1807	6  26  20 
1809	2   0  16 
1811	2  15  21 
1809	6  11   3 
1813	2   0  16 
1813	6  20  19 
1815	2  29  32 
1817	2  23   8 
1819	2  25  11 
1819	2  14  21 
1821	2  25  11 
1821	2  29  44 
1821	6   7   1 
1823	2  18  12 
1823	2  29  44 
1825	2  19  11 
1825	6  31  28 
1827	2  19  11 
1829	6  34  20 
1831	2  31  17 
1831	2  14  21 
1833	2  31  17 
1827	6   3   2 
1833	6  15   7 
1835	2  25  10 
1837	2  24  12 
1835	6  37  36 
1839	2  18  26 
1839	2  23   8 
1841	2  31  28 
1841	2   9   8 
1843	2  31  28 
1843	2   9   8 
1845	2  31  34 
1845	6  14   2 
1847	2  31  34 
1849	2  24  12 
1849	6  33  27 
1851	2  14  30 
1853	2  14  30 
1851	6   5   3 
1855	2  14  35 
1855	2  31  33 
1857	2  14  35 
1857	2  31  33 
1857	6   3   2 
1859	2  18  26 
1859	2  23  21 
1861	2  24  26 
1861	2  29  15 
1863	2   4  16 
1863	6  42  28 
1865	2  25  10 
1867	2   4  16 
1863	6  38  37 
1869	2  38  17 
1869	2  14  28 
1869	6  43  42 
1871	2  38  17 
1871	2  14  28 
1873	2   1  17 
1867	6  34  33 
1873	6  39  34 
1875	2   1  17 
1877	2  18  16 
1875	6  43  36 
1879	2  19  10 
1879	2  23  21 
1877	6   7   1 
1881	2  38  36 
1881	2  25  12 
1883	2  38  36 
1883	2   1  17 
1885	2  38  33 
1885	2   1  17 
1885	6  36  28 
1887	2  38  33 
1887	2   3  17 
1889	2  38  39 
1889	2   3  17 
1891	2   7  28 
1891	2  38  39 
1891	2  19  10 
1893	2   7  28 
1893	2  25  12 
1895	2  24  26 
1895	2  29  15 
1895	6  10   2 
1897	2  19  12 
1897	2  29  45 
1899	2  25  26 
1899	2  29  45 
1901	2  18  16 
1901	6  33  31 
1903	2  22   8 
1903	2  19  12 
1905	2   9  21 
1907	2  23  17 
1907	2  25  26 
1907	6  28  14 
1909	2  24  16 
1909	2  19  26 
1911	2  23  17 
1911	2  19  26 
1907	6   3   2 
1911	6  38  32 
1913	2   1  14 
1915	2   1  14 
1913	6  27  11 
1917	2  22   8 
1917	6  38  37 
1919	2  33  27 
1919	2   2  14 
1921	2  33  27 
1921	2   9  21 
1923	2  28  37 
1923	2  24  16 
1923	6  19   3 
1925	2  28  37 
1927	2  28  44 
1927	6  31  24 
1929	2  28  44 
1929	2  33  19 
1931	2  28  15 
1931	2  33  19 
1931	6  45  37 
1933	2  32  27 
1933	2   2  14 
1935	2  32  27 
1935	2  28  15 
1933	6  18  12 
1937	2  22  21 
1937	6  33  26 
1939	2   9  17 
1939	2  28  37 
1941	2  23  14 
1943	2  32  19 
1943	2  22  21 
1943	2   9  17 
1945	2  26  18 
1945	2  23  14 
1947	2  25  16 
1947	2  28  37 
1949	2  32  19 
1949	2   8  21 
1949	6  23  17 
1951	2   8  21 
1953	6   7   2 
1955	2  26  18 
1955	2  22  23 
1957	2  32  18 
1957	2  22  23 
1959	2  25  16 
1961	2   9  14 
1961	2  26  33 
1963	2   3  16 
1963	2  26  33 
1965	2   9  14 
1965	2  32  18 
1967	2   3  16 
1967	2  32  33 
1969	2   8  23 
1969	2  32  33 
1971	2  22  14 
1971	6  24  10 
1973	2  22  14 
1949	6  36  35 
1955	6  35  28 
1967	6  12   5 
1971	6  39  33 
1973	6  19  12 
1977	2  24  30 
1977	2   2  10 
1975	6  21  15 
1979	2  24  30 
1979	2   2  10 
1977	6  33  32 
1981	2   1  10 
1981	6  30  24 
1983	2   1  10 
1983	6  33  19 
1987	2  30  36 
1985	6   3   0 
1989	2  33  24 
1991	2  33  24 
1991	6  11   4 
1993	2  30  36 
1995	2  30  28 
1993	6  39  33 
1997	2  30  28 
1997	2   7  10 
1999	2   3  24 
1999	6  44  28 
2001	2   3  24 
2003	2  11  24 
2005	2  39  36 
2005	2   7  10 
2007	2  39  36 
2007	2  17  10 
2007	6  19   5 
2009	2  39  44 
2009	2  17  10 
2011	2  30  45 
2011	2   9  10 
2007	6   1   0 
2013	2  11  24 
2013	6  36  28 
2015	2  19  24 
2015	2   9  10 
2017	2  19  24 
2013	6  39  38 
2017	6   3   1 
2019	2  38  44 
2021	2  30  45 
2019	6  28  21 
2023	2  38  45 
2023	2  30  36 
2019	6  26  18 
2019	6  12   5 
2023	6   7   1 
2025	2  38  45 
2025	2  30  36 
2025	2  18  16 
2027	2  31  24 
2027	6  44  28 
2029	2  31  24 
2031	2  25  24 
2027	6  16  10 
2033	2   7  21 
2033	2  38  36 
2033	2  25  24 
2033	6  11   2 
2035	2   7  21 
2035	2  30  44 
2037	2  38  36 
2037	2  22  16 
2035	6  33  25 
2039	2   7  28 
2041	2  11  32 
2041	2   7  28 
2043	2  11  32 
2043	6  21   0 
2045	2  11  27 
2047	2  11  27 
2045	6  45  31 
2049	2   2   0 
2049	2  11   5 
2049	2  22  16 
2051	2   2   0 
2051	2  30  44 
2051	2  11   5 
2051	6  28  21 
2053	2  38  44 
2053	2  11  26 
2053	2   8  23 
2055	2  30  37 
2055	2  11  26 
2055	6   2   0 
2057	2  38  44 
2057	2  15  23 
2057	2  11  25 
2059	2  30  37 
2059	2  11  25 
2059	6  28  22 
2061	2  38  37 
2061	2  18  10 
2063	2  38  37 
2063	2  12  10 
2065	2   0  21 
2065	2  12  10 
2065	6  37  32 
2067	2   0  21 
2067	2  11  10 
2069	2   8  14 
2069	2  11  10 
2071	2  22  37 
2071	6  19   3 
2073	2  22  37 
2075	2  15  23 
2075	6  45  36 
2077	2   3   2 
2077	2  19  24 
2077	2   8  14 
2079	2   3   2 
2079	2  19  24 
2079	2  15  14 
2081	2  18  24 
2081	2  15  14 
2081	6   9   3 
2083	2  18  24 
2085	2  12  24 
2081	6  37  29 
2081	6  33  27 
2087	2   9  21 
2087	6  38  33 
2089	2   9  21 
2091	2   8  16 
2087	6   5   4 
2091	6  29  21 
2093	2   8  16 
2095	2  12  24 
2095	6   8   2 
2097	2  11  24 
2099	2  11  24 
2097	6  36  29 
2101	2  15  16 
2093	6  33  27 
2099	6  33  26 
2103	2  22  38 
2101	6  10   4 
2105	2  22  38 
2101	6   7   1 
2105	6  33  25 
2107	2   7  21 
2109	2  29   8 
2111	2   7  21 
2111	6  31  10 
2111	6  26  19 
2113	6  21   7 
2117	6  45  24 
2117	6  19  12 
2119	6   2   0 
2123	2  22  31 
2123	6  12  11 
2125	2  29   8 
2127	2  29  36 
2127	2  15  16 
2125	6  33  32 
2129	2   1  10 
2129	2  29  36 
2131	2   1  10 
2131	2  22  31 
2131	6  26  19 
2133	2   2  10 
2133	2  23  14 
2135	2   2  10 
2135	2  23  14 
2133	6  38  36 
2137	2  11   8 
2139	2  21  36 
2139	2   9  10 
2139	6  38  32 
2141	2  21  36 
2141	2   9  10 
2143	2  11   8 
2145	2  22  25 
2145	6   4   2 
2147	2  22  25 
2149	2  22  38 
2149	6  19  18 
2151	2  22  38 
2153	2  23  16 
2151	6   3   1 
2155	2  23  16 
2153	6  29  21 
2157	2  11  32 
2153	6  44  37 
2159	2   3  24 
2161	2   3  24 
2157	6  15   8 
2163	2  29  31 
2163	2  14  16 
2163	6  19   4 
2165	2  29  31 
2165	2  14  16 
2167	6  37  16 
2169	6  33  20 
2173	2   3  16 
2173	6  30  29 
2175	2   3  16 
2173	6  21  14 
2175	6  20  12 
2179	2  30  25 
2177	6  16  10 
2181	2  30  25 
2179	6   8   7 
2183	2  19  24 
2179	6  28  21 
2183	6   4   3 
2185	2  17   8 
2185	2  30  38 
2187	2  17   8 
2187	2  30  38 
2189	2  19  24 
2189	2   1   8 
2189	6  22  14 
2191	2   9  24 
2191	2   4  12 
2193	2  19  10 
2193	2   1   8 
2189	6  45  36 
2195	2  18  15 
2195	6  45  38 
2197	2  22  16 
2197	2   4  12 
2199	2  18  15 
2195	6  36  35 
2201	2  17  38 
2201	6   7   1 
2203	2  17  38 
2205	2  11  32 
2201	6  29  28 
2207	2  22  16 
2207	2  18  32 
2207	6  45  36 
2209	2   9  24 
2211	2  19  10 
2211	6  21   7 
2213	2  17  31 
2213	2  19  12 
2215	2  11  16 
2215	6  38  36 
2217	2   7   8 
2217	2  19  12 
2219	2   3  15 
2221	2  21  36 
2221	2   9  10 
2221	6  32  19 
2223	2   7   8 
2223	2  21  36 
2225	2   3  15 
2225	6  36  28 
2227	2  17  31 
2227	2   0   8 
2229	2  18  19 
2229	2   9  10 
2229	6  23  15 
2231	2   3  19 
2233	2   3  19 
2231	6  28  21 
2235	2  11  16 
2231	6  37  36 
2237	2  22  24 
2237	2   0   8 
2237	6  33  20 
2239	2  22  24 
2239	2   1   8 
2241	2   7  21 
2241	6  31  23 
2243	2  14   2 
2245	2   7  21 
2247	2  28  23 
2247	2   1   8 
2249	2  17  25 
2249	2  14   2 
2251	2  26  31 
2251	2   0  21 
2253	2  18  16 
2253	6  21   7 
2255	2  11  24 
2257	2  17  25 
2259	2  22  10 
2259	2   0   7 
2261	2   9  12 
2261	6  30  28 
2263	2   9  12 
2265	2  15   8 
2265	6  25  17 
2267	2  30  23 
2267	2  14  35 
2269	2  14  35 
2265	6  12   4 
2267	6   9   2 
2271	2  26  31 
2271	6  28  14 
2273	2  11  24 
2275	2  25  38 
2273	6   1   0 
2277	2  18  16 
2277	2  33  31 
2277	6  29  21 
2279	2  26  19 
2279	2   3  16 
2279	2   0   7 
2281	2  18  24 
2281	2  15   8 
2283	2  22  10 
2283	2  26  19 
2283	2   0   7 
2285	2  29  23 
2285	2  14   9 
2285	2  25  38 
2287	2  30  17 
2287	2  15   7 
2287	6   4   2 
2289	2  29  23 
2291	2  30  17 
2291	2  15   7 
2287	6  26  19 
2293	2  11  10 
2293	2  33  31 
2293	2  21   8 
2295	2  14   9 
2295	2  18  24 
2295	2  33  26 
2295	6  36  28 
2297	2   3  16 
2297	2  33  26 
2299	2  11  10 
2299	6  23  14 
2301	2  18  10 
2303	2  18  10 
2299	6  33  26 
2301	6  38  36 
2305	2   1  14 
2305	6  17  16 
2307	2  30  36 
2307	2   1  14 
2309	2  38  31 
2309	2   0  14 
2311	2  29  16 
2311	2  38  31 
2313	2  25   9 
2313	2  30  36 
2315	2  23  35 
2315	6  33  32 
2317	2  19  17 
2317	2  21   8 
2319	2  29  16 
2321	2   3  24 
2321	2  29  36 
2321	2   0  14 
2323	2  25   9 
2323	2  29  36 
2325	2  23  35 
2325	2  38  32 
2327	2  19  17 
2327	2  38  32 
2327	2  21   7 
2327	6  36  35 
2329	2   3  24 
2329	2  15  14 
2331	2   1  16 
2331	6  38  32 
2333	2   3  10 
2333	2  21   7 
2335	2   1  16 
2337	2  30   9 
2339	2  23  31 
2339	2   3  10 
2339	2  15  14 
2339	6  37  36 
2341	2  26  17 
2341	2  21  14 
2343	2  19  24 
2343	2  21  14 
2345	2  25  37 
2345	6  21   8 
2347	2  25  37 
2349	2  23  31 
2349	6  18  10 
2351	2  28  21 
2351	2  23  38 
2353	2  28  21 
2353	2  23  38 
2355	2  30   9 
2357	2  26  17 
2357	2  30  37 
2359	2  19  24 
2359	2  28   7 
2361	2   0  16 
2361	2  25  31 
2361	6  36  35 
2363	2  32  17 
2365	2  26  24 
2365	6  15   9 
2367	2  19  18 
2367	2  30  37 
2369	2  25  31 
2371	2  29  15 
2371	2  26  24 
2371	6  10   2 
2373	2  29  15 
2373	2  19  18 
2375	2  29  37 
2377	2  22  10 
2379	2  22  10 
2381	2  11  10 
2381	2  30  31 
2381	6  15   1 
2383	2  11  10 
2383	2  25  38 
2385	2  26  18 
2385	2  29  37 
2387	2   2  10 
2387	2  30  31 
2389	2   2  10 
2389	2  25  38 
2391	2  15  36 
2391	2   3  10 
2391	2  26  18 
2393	2   0  16 
2395	2  15  36 
2395	2   3  10 
2397	2  32  17 
2397	2  28   7 
2399	2   9  16 
2399	2  32  24 
2399	2  21   7 
2401	2  15   1 
2401	2  19  10 
2401	2  32  24 
2403	2  23  17 
2403	2  28  14 
2405	2   9  16 
2405	2  29  31 
2407	2  15   1 
2407	2  19  10 
2407	2  30  38 
2409	2  23  17 
2409	2  21   7 
2409	6  32  19 
2411	2   8  16 
2413	2  28  14 
2409	6   3   2 
2415	2  25  17 
2415	2  30  38 
2415	2  21  14 
2415	6  12   3 
2417	2  23  24 
2417	2  21  14 
2419	2   8  16 
2419	2  29  31 
2421	2  19  18 
2421	2  23  24 
2421	2   7  14 
2423	2  26  10 
2423	2  29  38 
2423	2   7  14 
2425	2  25  17 
2425	2  29  38 
2425	6   8   0 
2427	2  19  18 
2429	2  30  17 
2431	2  26  10 
2431	6  37  22 
2433	2  25  24 
2435	2  19  10 
2437	2  15  22 
2437	2  25  24 
2437	6  38  37 
2439	2  15  22 
2439	2  19  10 
2441	2  28  16 
2443	2  15  31 
2445	2  23  18 
2445	6  14   8 
2447	2  30  17 
2449	2  23  18 
2451	2  28  16 
2451	2  19  32 
2453	2  15  31 
2453	6  36  28 
2455	2  25  18 
2457	2  23  10 
2459	2  14  28 
2459	2  30  24 
2461	2  14  28 
2461	2  30  24 
2463	2  14   1 
2463	2  25  18 
2463	6  31  30 
2465	2  14   1 
2467	2  14  22 
2465	6  25  18 
2469	2  14  22 
2467	6   9   8 
2471	2  31  25 
2471	6  28  22 
2473	2  31  25 
2475	2  32  19 
2469	6  37  36 
2477	2   8  22 
2477	2  19  32 
2479	2   8  22 
2479	6  31  25 
2481	2   8   1 
2483	2   8   1 
2481	6  22  14 
2485	6  37  35 
2487	2   0  14 
2489	2   0  14 
2485	6  25  10 
2491	2  21  16 
2491	2   0   1 
2493	2  35  14 
2495	2  22  30 
2495	2   0   1 
2497	2  15  36 
2499	2  29  17 
2499	6   1   0 
2501	2  21  16 
2503	2  22  30 
2505	2  35  14 
2507	2  15  36 
2509	2  29  17 
2509	6   8   0 
2511	2  23  25 
2511	2  21  14 
2513	2  22  36 
2513	2  18  25 
2515	2   7  16 
2515	2  18  25 
2515	6  30  29 
2517	2  15  17 
2519	2   7  16 
2519	2  18  12 
2521	2  30  24 
2521	2  21  14 
2521	2   9  16 
2523	2  22  36 
2523	2  10  25 
2525	2  15  17 
2525	6  35  29 
2527	2   7  14 
2527	2   9  16 
2527	2  12  18 
2529	2   7  14 
2529	2  10  25 
2531	2  29   8 
2531	2  18  12 
2533	2  29   8 
2535	2  30  24 
2535	2  21   8 
2535	2  10  11 
2537	2  22  17 
2539	2  15  24 
2539	2  11  10 
2541	2  30  31 
2541	2  21   8 
2541	2  10  11 
2543	2  22  17 
2543	2   7   8 
2545	2  15  24 
2547	2  30  31 
2547	2   9  14 
2549	2  22  24 
2549	2   7   8 
2551	2  15  31 
2553	2  30  25 
2553	2   9  14 
2555	2  22  24 
2555	2   9   8 
2557	2  15  31 
2559	2  30  25 
2559	2   9   8 
2559	6  28  21 
2561	2  30  38 
2563	2  38  30 
2561	6  25   9 
2565	2  30  38 
2565	6  35  28 
2567	2  16  14 
2569	2  15   9 
2567	6  38  33 
2571	2   0  21 
2567	6   4   3 
2573	2   0  21 
2575	2  22  31 
2575	6   7   1 
2577	2  22  31 
2581	2   7  21 
2583	2   7  21 
2585	2  29  21 
2585	6  16   0 
2587	2  29  21 
2591	2  16  28 
2593	2  16  28 
2595	2   7  28 
2595	6  23  16 
2597	2   7  28 
2599	2  35  21 
2573	6  11   4 
2601	2  23  36 
2601	2   0  14 
2603	2  23  36 
2603	2   0   8 
2605	2  29  28 
2605	2  23  17 
2605	2   0   8 
2607	2  35  21 
2607	2  23  17 
2609	2  29  28 
2609	2  23  24 
2609	2  15   9 
2611	2  35  28 
2611	2  23  24 
2611	2  14   8 
2613	2  35  28 
2613	2  23  31 
2613	2  14   8 
2615	2  22   9 
2617	2  23  31 
2617	6  21   7 
2619	2  16   2 
2621	2   2  16 
2613	6  25  18 
2623	2  21  36 
2623	2   1   7 
2619	6  18  11 
2625	2  21  36 
2625	2   1   7 
2625	6  23  17 
2627	2  29  36 
2629	2  29  36 
2627	6  14   1 
2631	2  35  36 
2631	6  30  24 
2633	2  14  28 
2635	2  14  28 
2631	6  11  10 
2637	2  21  23 
2637	2  35  36 
2639	2  21  23 
2641	2  10   7 
2641	6  31  29 
2643	2  10   7 
2645	2   0   7 
2645	2  16   2 
2573	6  33  27 
2619	6  33  26 
2645	6  26  11 
2647	2  31  23 
2647	2   0   7 
2649	2  21  30 
2649	2   1   7 
2649	6  16   9 
2651	2  21  30 
2651	2   1   7 
2653	2  21  29 
2651	6  25  11 
2655	2  22  16 
2655	2   8   7 
2655	6  36  35 
2657	2  31  23 
2657	2   8   7 
2659	2  31  30 
2659	2  17  16 
2661	2  14  35 
2661	2  31  30 
2663	2  36  23 
2661	6  10   9 
2665	2  14  35 
2665	6  25  24 
2667	2  21  29 
2669	2  15   3 
2671	2  36  23 
2671	6   9   8 
2673	2  36  30 
2675	2  31  29 
2677	2  17  16 
2677	2  36  30 
2679	2  14  23 
2681	2  21  16 
2683	2  14  23 
2685	2  31  29 
2685	2  17  18 
2685	6  15   8 
2687	2  36  29 
2687	2  18  17 
2689	2  36  29 
2689	2  17  18 
2691	2  15  28 
2693	2  15  28 
2695	2  21  16 
2695	6   7   0 
2697	2  31  16 
2699	2  31  16 
2701	2   7  28 
2701	6  23  16 
2703	2   7  28 
2705	2  31  37 
2705	6  28  14 
2707	2  37  31 
2709	2  31  37 
2711	2   1  14 
2711	6  35  29 
2713	2   1  14 
2715	2   9  14 
2717	2  15  29 
2719	2  15  29 
2721	2  15  16 
2721	2  28  30 
2723	2  15  16 
2723	2  28  30 
2725	2  15  30 
2725	2  28  35 
2727	2  36  23 
2727	6  14   7 
2729	2  28  35 
2731	2  36  23 
2727	6   9   1 
2733	2  14  29 
2735	2  14  29 
2737	2  14  16 
2737	2  36  45 
2739	2   1   7 
2739	2  28  23 
2741	2  14  16 
2741	2  45  36 
2743	2  15  30 
2745	2   0   7 
2745	2  28  23 
2747	2  14  30 
2749	2   0   7 
2749	2  28  44 
2749	6  16   9 
2751	2  44  28 
2753	2  28  44 
2751	6   7   1 
2755	2  16  29 
2757	2  16  29 
2759	2  16   9 
2759	2  36  45 
2761	2  16   9 
2761	6  29  14 
2767	2   7  14 
2767	2  29  30 
2769	2   7  14 
2769	2  16  30 
2769	6  35  28 
2771	2   0  14 
2773	2   7   9 
2657	6  34  33 
2701	6  33  19 
2761	6  45  39 
2771	6  43  37 
2775	2  15  28 
2777	2  15  28 
2779	2  29  28 
2779	2  15  23 
2781	2   0  14 
2781	2  29  28 
2783	2   7   9 
2783	6  30  22 
2785	2   0   9 
2787	2   0   9 
2671	6   5   4 
2789	2  16  22 
2789	6   4   2 
2791	2  15  23 
2793	2   7  22 
2789	6  37  36 
2795	2   1  14 
2795	2  29  23 
2797	2  16  28 
2799	2   1  14 
2799	2  29  23 
2801	2   7  22 
2803	2  16  28 
2805	2   1   9 
2805	2  29  45 
2807	2   7  28 
2807	2  16  23 
2809	2   1   9 
2809	2  30  38 
2809	6  22  15 
2811	2  38  30 
2813	2  30  38 
2815	2   0  15 
2817	2   0  15 
2819	2   7  28 
2819	2  16  23 
2821	2  14   9 
2823	2   1  15 
2825	2   7  23 
2827	2  14   9 
2829	2   1  15 
2831	2   7  23 
2833	2  14  15 
2835	2  14  15 
2837	2   9  15 
2837	6   7   0 
2839	2   9  15 
2841	2  16  19 
2815	6  46  38 
2833	6  38  31 
2843	2   7  28 
2843	6  31  17 
2845	2   7  28 
2847	2   0   2 
2847	2  22  36 
2849	2   7  23 
2851	2   7  23 
2853	2  21  24 
2853	2   2   0 
2855	2   3   8 
2855	2  45  29 
2857	2  24  21 
2857	2   0   2 
2859	2  36  22 
2859	6   7   1 
2861	2  29  45 
2863	2  22  36 
2843	6  40  33 
2859	6  33  18 
2865	2   7  28 
2865	6  18  10 
2867	2   7  28 
2869	2  14  28 
2871	2   7  23 
2871	6  42  35 
2873	2   7  23 
2875	2   1  17 
2875	6  22  14 
2877	2  17   1 
2879	2   1  17 
2881	2  22  28 
2881	2   8   3 
2883	2  22  23 
2883	6  14   7 
2885	2  22  23 
2887	6  28  23 
2893	2   9  23 
2893	6  28  14 
2895	2   9  23 
2863	6  48  46 
2865	6  33  20 
2869	6  46  38 
2871	6  41  27 
2877	6  47  44 
2877	6  27  26 
2883	6  26  18 
2883	6  44  37 
2889	6  33  25 
2897	6  25  17 
2899	2  28  35 
2901	2  35  28 
2897	6  37  30 
2903	2  15  23 
2903	2  28  35 
2905	2   9  14 
2907	2  15  23 
2909	2   9  14 
2911	2  15  14 
2913	2  15  14 
2915	2  23  14 
2917	2  23  14 
2919	2  14  30 
2921	2  23  38 
2923	2  15  17 
2925	2   9  18 
2927	2  22  10 
2929	2  19  16 
2931	2  10  22 
2933	2  18   9 
2935	2  17  15 
2937	2  38  23 
2939	2  30  14 
2941	2  14  30 
2943	2  23  38 
2945	2  15  17 
2947	2   9  18 
2949	2  22  10 
2951	2  16  19 
2953	2  21  24 
