   1	2   6   7 
   1	6   9   4 
   3	2   6   7 
   5	2   6   1 
   1	6  32  19 
   7	2   6   1 
   7	6  14   4 
  13	2   7   1 
  15	2   6  13 
  15	6   3   2 
  17	2   6  13 
  21	2   7   1 
  23	2   7  13 
  25	2   6   8 
  27	2   7  13 
  29	2   6   8 
  31	2   1  13 
  33	2   7   8 
  35	2   6   0 
  37	2   1  13 
  39	2   7   8 
  41	2   6   0 
  43	2   1   8 
  43	2   6  12 
  45	2   7   0 
  47	2   1   8 
  47	2   6  12 
  49	2   7   0 
  51	2  13   8 
  51	2   1   0 
  53	2   7  12 
  55	2   6  18 
  57	2  13   8 
  57	2   1   0 
  59	2   7  12 
  61	2   6  18 
  63	2  13   0 
  65	2   1  12 
  67	2   7  18 
  69	2   6   9 
  71	2  13   0 
  73	2   1  12 
  75	2   7  18 
  77	2   6   9 
  79	2   8   0 
  81	2  13  12 
  81	6   3   1 
  83	2  13  12 
  77	6  25  24 
  85	6  18  13 
  87	6  15   3 
  91	2   6  19 
  93	2  15  13 
  95	2   7   9 
  95	6  20  18 
  97	2   7   9 
 101	2   8   0 
 103	2  15  13 
 105	2   6  19 
 105	2  15   9 
 107	2   8  12 
 109	2  20  13 
 109	2  15   9 
 111	2   7  19 
 113	2   6  14 
 115	2   8  12 
 117	2  20  13 
 119	2   7  19 
 121	2   6  14 
 123	2   0  12 
 123	2  20   9 
 125	2   8  13 
 127	2  15  19 
 129	2   7  14 
 131	2   6   2 
 133	2   0  12 
 133	2  20   9 
 135	2   8  13 
 137	2  15  19 
 139	2   7  14 
 141	2   6   2 
 141	2  20  19 
 143	2   0  13 
 145	2   8   9 
 145	2   6   1 
 145	2  20  19 
 147	2  15  14 
 147	2   7   2 
 149	2   0  13 
 151	2   8   9 
 151	2   6   1 
 153	2  15  14 
 153	2   7   2 
 155	2  12  13 
 155	2  15   2 
 157	2   8  19 
 159	2  20  14 
 159	2   7   1 
 161	2   6  24 
 161	2  20  14 
 159	6   9   3 
 163	2  12  13 
 165	2   0   3 
 165	6  19  13 
 167	2   0   3 
 169	2  15   2 
 171	2   8  13 
 173	2   7   1 
 173	6  24  19 
 175	2   8  14 
 177	2  15   1 
 179	2   6  19 
 179	6   9   3 
 181	2   0  13 
 183	2   7  19 
 185	2  20   2 
 185	6  12   6 
 187	2   8  14 
 189	2  20   2 
 185	6  30  24 
 191	2   6   9 
 191	6  30  26 
 193	2  12  18 
 193	2   8   2 
 195	2   6   9 
 197	2   0  13 
 197	6  21   9 
 199	2  12  18 
 201	2   6  13 
 203	2  15   1 
 205	2   7  19 
 205	6   9   4 
 207	2  26  21 
 207	2   7  18 
 209	2  12  25 
 211	2   0  14 
 213	2  15  19 
 215	2  26  21 
 215	2   6  13 
 215	2   8   2 
 217	2   0  14 
 219	2  15  19 
 219	2   0   2 
 221	2   7  18 
 221	6  20  15 
 223	2   0   2 
 225	6  24  12 
 227	6  27   9 
 233	2  15   1 
 233	2  24  25 
 235	2  15   1 
 237	2  26  13 
 237	6   9   4 
 239	2  20  18 
 241	2  24  12 
 243	2   6  14 
 245	2   8   1 
 245	2  20  18 
 247	2  15  19 
 249	2   7  25 
 251	2  26  13 
 253	2   6  14 
 255	2   8   1 
 255	2  24  12 
 257	2  15  19 
 257	2   0   1 
 259	2   7  25 
 261	2  21  13 
 261	2   0   1 
 263	2  26  14 
 263	6   6   0 
 265	2   8  19 
 267	2  20  25 
 269	2   0   2 
 269	2  24  27 
 271	2   7  12 
 271	2  20  25 
 273	2  21  13 
 273	2   0   2 
 275	2  26  14 
 275	2   0   1 
 277	2   8  19 
 279	2   7  12 
 279	6  26  15 
 281	2   0   1 
 285	2  26  18 
 285	6  16   2 
 287	2  26  18 
 289	2  26  25 
 291	2  24  27 
 291	6   9   1 
 293	2  24  30 
 295	2  26  25 
 297	2  21  14 
 297	2  24  30 
 299	2  15  16 
 299	2   6  19 
 301	2   8  18 
 303	2  20  12 
 305	2  21  14 
 305	2  24  32 
 303	6   1   0 
 307	2  15  16 
 307	2  24  32 
 309	2   6  19 
 309	2  21  16 
 311	2   8  18 
 311	2  21  16 
 313	2  20  12 
 315	2  13  14 
 317	2  15   9 
 317	2   1  19 
 319	2   6  18 
 319	2  15   9 
 319	6  27  20 
 321	2   6  18 
 319	6  31  30 
 323	6  18   7 
 329	2  18  20 
 329	6   6   0 
 331	2  18  20 
 333	2  27  20 
 333	2  18  31 
 333	6  16   8 
 335	2  27  20 
 335	2  18  31 
 337	2  18  32 
 339	2  26  12 
 339	6  22  16 
 341	2  13  14 
 343	2   1  19 
 345	2  26  12 
 347	2  13   8 
 347	2  26  20 
 347	6  33  28 
 349	2  15  19 
 349	2   1   7 
 351	2  24   6 
 353	2  21   9 
 353	2   1   7 
 355	2  27  31 
 355	2  13   8 
 357	2  21   9 
 357	2  24   6 
 359	2  15  19 
 361	2  26  20 
 361	2  24  30 
 361	6  12   6 
 363	2  27  31 
 363	2  14   8 
 365	2  26  31 
 365	2  14   8 
 367	2  18  32 
 369	2  13   9 
 369	2  27  32 
 369	2  24  30 
 371	2  21  19 
 373	2  15   7 
 373	2  26  31 
 375	2  18  12 
 375	2  27  32 
 377	2  13   9 
 377	2  26  32 
 379	2  21  19 
 381	2  15   7 
 381	2  26  32 
 383	2  18  12 
 383	2  14   9 
 383	6  26  22 
 385	2  18  30 
 385	2  14   9 
 387	2  18  30 
 387	2   8   9 
 383	6   1   0 
 389	2  26  25 
 389	2   8   9 
 391	2  26  25 
 389	6   6   1 
 393	2  13  19 
 393	6  33  30 
 395	2  13  19 
 391	6  15   4 
 397	6  13   1 
 399	2  24  30 
 401	2  24  30 
 399	6  21  15 
 403	2  18  30 
 405	2  26  13 
 407	2  26  13 
 409	2  26  20 
 409	2  18  30 
 411	2  26  20 
 411	6  18   6 
 413	2  26  31 
 415	2  26  31 
 417	2  18  25 
 417	2  15   7 
 419	2  18  25 
 419	2  15   7 
 421	2  18  13 
 421	2  26  32 
 421	6   6   0 
 423	2  18  13 
 423	2  26  32 
 425	2  18  20 
 427	2  18  20 
 427	2   1   7 
 429	2  14  19 
 429	2   1   7 
 429	6  27  26 
 431	2  14  19 
 433	2  14   7 
 421	6  22  16 
 427	6  16   3 
 433	6   3   2 
 435	2  26  12 
 437	2  26  12 
 439	2  18  31 
 439	2  14   7 
 441	2   2  12 
 441	2  26  33 
 443	2  18  31 
 443	6  14   2 
 445	2  26  33 
 447	6  25  18 
 443	6  10   4 
 447	6  33  22 
 449	6  10   3 
 453	2   6  18 
 453	6  27  21 
 455	2   6  18 
 457	2   6  13 
 457	2  25  32 
 455	6   4   2 
 459	2   6  13 
 459	2  26  30 
 461	2   6  20 
 461	6  31  30 
 463	2   6  20 
 465	2  14  12 
 461	6   3   2 
 467	2  24  27 
 467	6   3   0 
 469	2  24  27 
 471	2  25  32 
 471	6  21  20 
 473	6  24   6 
 473	6  17   3 
 479	2   8  19 
 479	2   6   0 
 479	6  22  21 
 481	2  24  30 
 481	2   6   0 
 483	2   8  19 
 483	6  32  31 
 485	2  20  12 
 487	2  14  21 
 485	6   1   0 
 489	2  17  27 
 489	2  24  30 
 491	2  20  12 
 491	2  24  31 
 491	6   3   1 
 493	2  14  21 
 493	2  26  32 
 495	2  17  27 
 495	2  24  31 
 497	2   9  19 
 499	2   8   7 
 499	2  20  21 
 499	6  18  12 
 501	2  26  27 
 501	2  17   3 
 503	2   8   7 
 503	2  20  21 
 503	6   4   3 
 505	2  25  18 
 507	2  14  32 
 507	6  24  18 
 509	2  14  32 
 509	2  17   4 
 511	2  26  27 
 511	6  16   8 
 513	2  25  24 
 515	2  18  24 
 513	6  27  20 
 517	2   2  12 
 517	6  17  10 
 519	2   2  12 
 519	2  27  32 
 521	2   2  13 
 521	2  27  32 
 523	2  15  12 
 525	2  15  12 
 527	2   2  13 
 527	6  26  21 
 529	2   0  12 
 531	2   0  12 
 527	6  11   4 
 533	2  15  13 
 533	2  25  26 
 533	6   3   2 
 535	2  15  13 
 535	2  25  26 
 537	2   0  13 
 537	2  25  32 
 533	6  17  11 
 537	6  22  15 
 539	2   2  12 
 539	2  25  32 
 541	2   2  12 
 541	6  30  26 
 543	2   3  15 
 545	2   3  15 
 543	6   1   0 
 547	2  22  15 
 547	2  18  24 
 549	2   6   8 
 549	2  21  17 
 551	2   9  19 
 553	2   1  13 
 553	2  22  15 
 553	6  26  25 
 555	2   6   8 
 557	2   9   7 
 555	6  28  17 
 559	2   2  13 
 561	2   1  15 
 561	2  18  30 
 563	2  14  20 
 563	2  18  30 
 563	6  16   3 
 565	2  14  20 
 567	2  27  20 
 565	6  12   0 
 569	2  10   8 
 569	2  21  28 
 571	2   3   0 
 571	2  27  20 
 571	6  22  16 
 573	2   3   0 
 573	2  26  20 
 575	2   2  13 
 575	6  32  25 
 577	2   9   7 
 579	2   1  15 
 581	2  22  32 
 581	2   3  13 
 583	2  22  32 
 583	2   3  13 
 585	2  10   8 
 585	2  18  25 
 585	6  27  22 
 587	2  19   7 
 589	2  19   7 
 591	2  27  31 
 591	6   9   1 
 593	2  27  31 
 595	2  27  24 
 597	2   1   0 
 597	2  14  28 
 597	2  18  25 
 599	2   2  15 
 599	6  32  27 
 601	2   1   0 
 603	2   2  15 
 599	6  19  12 
 605	2  16  27 
 605	2  12   0 
 605	6  31  25 
 607	2  16  27 
 607	2   1  13 
 609	2  21   8 
 609	2  12   0 
 611	2   9  27 
 611	6  19  18 
 613	2   9  27 
 615	2  21   8 
 611	6   6   0 
 617	2  32  24 
 617	2   3  15 
 617	2   7   6 
 619	2  14  28 
 621	2  32  30 
 621	2  22  28 
 621	2  14   8 
 623	2   1  13 
 623	2  32  30 
 623	2  22  28 
 625	2   3  15 
 625	2  12  13 
 625	2  32  31 
 627	2  26  20 
 627	2   7   6 
 627	6   9   2 
 629	2  19  20 
 629	2  32  31 
 631	2  26  28 
 631	2  12  13 
 633	2   9  27 
 635	2   9  27 
 637	2  14   8 
 637	2  26  28 
 637	6  10   3 
 639	2  19  20 
 641	2   7  13 
 639	6  28  27 
 643	2   7  13 
 641	6  25  20 
 645	6  28  16 
 647	2  32  25 
 647	2   6  13 
 649	2  32  25 
 649	2   6  13 
 651	2  28  20 
 651	2  10  16 
 651	6  31  24 
 653	2  28  20 
 653	2  10  16 
 655	2   1  15 
 655	6  33  28 
 657	2   1  15 
 657	6  25  24 
 661	2  22   8 
 661	6  33  32 
 663	2  22   8 
 665	2  12  15 
 667	2   2  20 
 669	2  32  31 
 669	2  12  15 
 671	2   2  20 
 673	2  32  31 
 673	2   9  20 
 675	2  32  30 
 675	2   7  15 
 677	2   9  20 
 677	6  33  28 
 679	2  10  20 
 681	2  10  20 
 677	6  31  24 
 679	6   7   2 
 683	2  32  30 
 683	6  28  21 
 685	2  32  25 
 687	2  32  25 
 683	6  16  10 
 685	6  12   7 
 689	2  32  31 
 689	6  20   9 
 691	2  12  24 
 693	2  12  24 
 695	2  20  24 
 695	6   4   1 
 697	2  19  27 
 699	2  20  24 
 701	2   4  10 
 701	2  12  30 
 703	2  26   8 
 703	6  18  12 
 705	2   4  10 
 705	2  32  31 
 707	2  26   8 
 709	2  18  30 
 709	2   4   9 
 707	6  22  16 
 711	2  18  25 
 711	2   4   9 
 709	6   6   1 
 713	2  19  27 
 713	6  10   3 
 715	2  20  30 
 717	2  21  27 
 717	2  18  25 
 717	6  14   8 
 719	2  21  27 
 719	2  18  31 
 721	2  32  27 
 723	2   7   3 
 723	2  32  27 
 725	2  19  14 
 725	6  32  22 
 727	2   7   3 
 729	2  19  14 
 729	6   4   2 
 731	2  32  24 
 731	2  21  14 
 733	2  32  24 
 733	2  21  14 
 735	2   4  15 
 735	2  18  31 
 735	6   7   2 
 737	2  20  30 
 739	2  32  30 
 741	2   1  15 
 741	2  32  30 
 739	6  19  18 
 743	2   4   3 
 745	2   2   9 
 745	2  20  25 
 747	2   1  15 
 747	6  24  18 
 749	2   4   3 
 749	2  22  14 
 751	2   2   9 
 753	2   7  18 
 753	2   4   9 
 755	2   7  18 
 755	2   4   9 
 757	2  20  25 
 757	2   1   3 
 759	2  13  15 
 759	2  32  25 
 759	6   2   0 
 761	2  20  31 
 763	2  19  27 
 761	6  10   4 
 765	2   0  18 
 767	2  13  15 
 767	2  32  25 
 769	2   1   3 
 769	2  20  31 
 771	2   0  18 
 771	2  32  31 
 771	6  21  10 
 773	2  32  31 
 773	6  18   7 
 777	6  27  26 
 779	2  18  30 
 779	2   1   9 
 781	2  18  30 
 781	2   1   9 
 783	2  19  26 
 783	6   6   0 
 785	2  22  14 
 785	2  18  25 
 787	2  20  26 
 787	6  30  24 
 789	2  13   3 
 791	2  21   7 
 793	2   6  24 
 795	2  19  14 
 795	6  12   6 
 797	2  20  26 
 799	2  19  14 
 799	2  32  26 
 801	2  13   3 
 801	2  32  26 
 803	2  21   7 
 803	2  18  25 
 805	2  12  24 
 805	2  15   3 
 807	2  13   9 
 807	6  26  24 
 809	2   1   7 
 809	2  15   3 
 811	2  13   9 
 813	2  21  26 
 813	2   1   7 
 815	2  12  25 
 815	2  15   9 
 817	2  18  31 
 817	2  20  14 
 819	2  21  26 
 819	2  13   7 
 821	2  12  25 
 821	2  15   9 
 823	2  18  31 
 823	2  20  14 
 823	2   3   9 
 825	2  21  25 
 825	2  13   7 
 825	2   3   9 
 827	2  18  24 
 827	2  32  14 
 829	2  21  25 
 829	6   8   1 
 831	2  18  24 
 831	6  26  21 
 833	6  24  12 
 837	2   8  21 
 839	2  24  31 
 839	2   8  21 
 841	2  24  31 
 841	2  15   7 
 843	2  32  14 
 845	2  13  21 
 847	2  26  31 
 847	2  18  14 
 849	2  24  12 
 849	6  20   8 
 851	2  24  12 
 855	2  20  25 
 857	2  15   7 
 857	2  26  31 
 859	2  13  21 
 861	2  20  25 
 861	2   3   7 
 863	2  18  14 
 865	2  15  21 
 865	2  13  25 
 867	2  20  31 
 869	2  26  12 
 871	2  24  14 
 873	2   3   7 
 873	2  15  21 
 875	2  13  25 
 875	6  16   3 
 877	2  26  12 
 879	6  27  25 
 881	2   9   7 
 883	2   9   7 
 885	2  20  31 
 887	2  24  14 
 889	2  16  21 
 889	2  24  18 
 891	2  15  27 
 891	2  18  24 
 893	2  13  31 
 895	2  20  12 
 897	2  26  14 
 897	2  24  18 
 899	2  16  21 
 899	6  19   7 
 901	2  15  27 
 903	2  16  27 
 905	2  13  31 
 907	2  20  12 
 907	6  33  31 
 909	2  13  12 
 911	2  13  12 
 905	6  22  16 
 911	6  23   9 
 913	6  25  12 
 917	2  23  21 
 919	2  26  14 
 919	6  28  22 
 921	2  20  14 
 923	2  20  14 
 925	2  15  33 
 927	2  23  21 
 929	2  28  27 
 929	2  13  14 
 931	2  15  33 
 933	2  19  21 
 935	2  23  27 
 935	2  13  14 
 937	2  28  33 
 937	2  15  25 
 939	2  19  21 
 941	2  23  27 
 941	2  13   7 
 943	2  28  33 
 943	2  15  25 
 945	2  19  27 
 947	2  23  33 
 947	2  15  14 
 949	2  28  25 
 949	2  15  14 
 951	2  19  27 
 951	2  15  16 
 953	2  23  33 
 953	2   7  13 
 955	2  28  25 
 957	2  21  27 
 957	2  13   7 
 957	6  32  25 
 959	2  28  14 
 961	2  21  27 
 961	6  35  23 
 963	2  20   8 
 965	2  26  25 
 967	2  19  33 
 967	2  16  15 
 969	2  35  32 
 969	2  15  16 
 971	2  19  33 
 973	2  35  32 
 973	6  16  14 
 975	2  25  26 
 977	2  26  25 
 975	6  35  29 
 979	2  21  33 
 979	6  30  25 
 981	2  28  16 
 983	2  29  16 
 985	2  19  32 
 985	2  29  16 
 987	2  21  33 
 989	2  19  32 
 989	6  16  15 
 991	2  27  33 
 993	2  27  33 
 965	6   2   1 
 979	6   7   2 
 991	6  19   7 
 995	2  28  10 
 997	2  21  32 
 997	6  34  29 
 999	2   7  15 
1001	2  21  32 
1003	2   7  15 
1003	2  27  32 
1005	2  21  15 
1005	2   7  12 
1005	6  34  31 
1007	2  21  15 
1007	2  12   7 
1009	2   7  12 
1009	6  21  15 
1011	2  31  25 
1013	2  25  31 
 997	6  11   4 
1003	6  17  11 
1009	6  23  17 
1011	6  13   1 
1015	2  27  32 
1015	6  35  23 
1017	2  33  32 
1017	2  15   3 
1019	2  27  21 
1019	2  31  25 
1021	2  33  32 
1021	2   8  20 
1023	2  27  21 
1025	2  33  21 
1027	2  33  21 
1029	2  32  21 
1031	2  32  21 
1033	2  21  13 
1035	2  32  35 
1035	2   3  15 
1037	2  33  22 
1039	2  27  19 
1041	2  10  28 
1043	2  19  27 
1045	2  22  33 
1047	2  35  32 
1047	2  15   3 
1049	2  13  21 
1051	2  21  13 
1053	2  32  35 
1055	2  33  22 
1057	2  27  19 
1059	2  28  10 
1061	2  20   8 
