   1	2   6   7 
   1	6  33  20 
   3	2   6   7 
   5	2   6   1 
   1	6  16   9 
   7	2   6   1 
   7	6  14   4 
  13	2   7   1 
  15	2   6  13 
  15	6   3   2 
  17	2   6  13 
   7	6  32  24 
  19	6  24  19 
  21	2   7   1 
  23	2   6   8 
  25	2   7  13 
  25	6  25  24 
  27	2   7  13 
  29	2   6   8 
  31	2   1  13 
  33	2   7   8 
  35	2   6   0 
  37	2   1  13 
  39	2   7   8 
  41	2   6   0 
  43	2   1   8 
  43	2   6  12 
  45	2   7   0 
  47	2   1   8 
  47	2   6  12 
  49	2   7   0 
  51	2  13   8 
  51	2   1   0 
  53	2   7  12 
  55	2   6  18 
  57	2  13   8 
  57	2   1   0 
  59	2   7  12 
  61	2   6  18 
  63	2  13   0 
  65	2   1  12 
  67	2   7  18 
  69	2   6  20 
  71	2  13   0 
  73	2   1  12 
  75	2   7  18 
  77	2   6  20 
  79	2   8   0 
  81	2  13  12 
  81	6   3   1 
  83	2  13  12 
  85	6  18  13 
  87	6  15   3 
  93	2  15  13 
  93	6   4   3 
  95	2   7  20 
  97	2  15  13 
  99	2   6   9 
 101	2   8   0 
 103	2   7  20 
 105	2   6   9 
 107	2   8  12 
 109	2  18  13 
 111	2  15  20 
 113	2   7   9 
 115	2   6  14 
 117	2   8  12 
 119	2  18  13 
 121	2  15  20 
 121	2   0  12 
 123	2   7   9 
 123	2  18  20 
 125	2   6  14 
 127	2   8  13 
 129	2  15   9 
 129	2   0  12 
 131	2   7  14 
 133	2   6   2 
 135	2   8  13 
 135	6   1   0 
 137	2  18  20 
 139	2  15   9 
 141	2   7  14 
 139	6  26  18 
 143	2  15  14 
 145	2   6   2 
 145	2  15  14 
 145	6  24  18 
 147	2   8  20 
 149	2   7   2 
 149	6  26  21 
 151	2   1  13 
 153	2   1  13 
 155	2  21   9 
 155	2  12  13 
 157	2   6  19 
 157	6  15   8 
 159	2   6  19 
 161	2   6  18 
 163	2  15  20 
 163	2   7   2 
 165	2  21   9 
 165	2  12  13 
 167	2  15   9 
 167	2   7  19 
 169	2  21  14 
 169	2   6  18 
 171	2   8   2 
 171	2   6   0 
 171	6  20  13 
 173	2  15   9 
 173	2   6   0 
 175	2   8   2 
 177	2   1  13 
 179	2   1  13 
 181	2  21  14 
 181	6   3   1 
 183	2  12  13 
 185	2  15  14 
 155	6  33  32 
 171	6  32  24 
 177	6  33  31 
 183	6  31  25 
 187	2   3   9 
 187	2  12  13 
 187	6  21  16 
 189	2   7  19 
 189	2   3   9 
 191	2   8  19 
 193	2  16   2 
 193	2  20  13 
 195	2   7  18 
 197	2  15  14 
 197	2   6   1 
 199	2  16   2 
 199	2  20  13 
 201	2   8  19 
 201	6  21  16 
 203	2   7  18 
 205	2   8  18 
 207	2   3  14 
 207	2   6   1 
 209	2  15   2 
 209	6  25  12 
 211	2  15   2 
 213	6  14   9 
 215	6  12   0 
 219	2   3   9 
 215	6  27  25 
 221	2  27  14 
 221	2   3   2 
 221	6  30  25 
 223	2   7  12 
 223	2   3   2 
 225	2  27  14 
 225	6   3   2 
 227	2  21  19 
 229	2  21  19 
 231	2   8  18 
 231	6  27  17 
 233	2   7  12 
 235	2   8  12 
 237	2  20  14 
 237	2   7   1 
 237	6  25  18 
 239	2  17   9 
 239	2   7   1 
 241	2  20  14 
 241	6  16   3 
 243	2   6  24 
 245	2   6  24 
 247	2  15  19 
 247	2   6   0 
 247	6  31  30 
 249	2  17   9 
 249	2   6   0 
 251	2  15  19 
 253	2  21  25 
 253	6  12   7 
 255	2  21  25 
 257	2  20   9 
 259	2   8   7 
 259	2  17  16 
 259	6  30  26 
 261	2  13  14 
 261	2  17  16 
 263	2   8   1 
 265	2  15  25 
 265	6   2   1 
 267	2  12  24 
 269	2  13  14 
 267	6  27  17 
 271	2   8   2 
 271	2  12  24 
 273	2   1  19 
 275	2  21   7 
 277	2  20   9 
 277	2  12   0 
 279	2   1  19 
 281	2  15  25 
 283	2  21   7 
 283	6  25  24 
 285	2  13   9 
 287	2  15   7 
 289	2  20  16 
 289	2  12   0 
 291	2  27  19 
 291	6  10   2 
 293	2   6  18 
 295	2  27  19 
 297	2  21  10 
 297	2   6  18 
 299	2  13   9 
 299	6  26  25 
 301	2  15   7 
 303	2  14   9 
 303	2  12  18 
 303	6   7   1 
 305	2  20  16 
 305	2  12  18 
 307	2  21  10 
 309	2   8  26 
 311	2   8  26 
 313	2  13  16 
 315	2  20  19 
 315	2  15  10 
 315	6  12   7 
 317	2  21  26 
 319	2  20  19 
 319	2  15  10 
 321	2  12  24 
 321	2  14   9 
 321	6  27  26 
 323	2  12  24 
 325	2  12   1 
 323	6  10   3 
 327	2  26  24 
 327	6   7   0 
 329	2  26  24 
 331	2  21  27 
 329	6   3   2 
 333	2  13  16 
 335	2   8   7 
 335	2  20  24 
 337	2  12   1 
 337	2  15  27 
 337	6  25  24 
 339	2   8   7 
 341	2  14  16 
 341	6  12   6 
 343	2  14  16 
 345	2  20  25 
 345	2   9  16 
 339	6  33  32 
 341	6   2   1 
 347	2  12  24 
 347	2  15  27 
 349	2  12  24 
 349	2   9  16 
 349	6  27  20 
 351	2   6   1 
 353	2   6   1 
 351	6  32  31 
 355	2  13  19 
 351	6  15   9 
 357	2  21   7 
 359	2   8  18 
 361	2  12  30 
 361	6  27  16 
 363	2  13  19 
 365	2  12  30 
 367	2  21   7 
 369	2   8  18 
 369	6  26  21 
 371	2   9   7 
 373	2   9   7 
 371	6  31  30 
 375	2  14  19 
 375	6  10   2 
 377	2  13  25 
 379	2  26  18 
 381	2  21  10 
 381	2  12  30 
 381	6   2   1 
 383	2  21  10 
 383	2  13  25 
 385	2  16  10 
 385	2  14  19 
 385	6  33  31 
 387	2  16  10 
 387	6  18  14 
 387	6   3   2 
 393	2  21   3 
 393	6  24  12 
 395	2  21   3 
 397	2  16   3 
 397	6  33  28 
 399	2   0  12 
 399	2  24  30 
 399	2  16   3 
 401	2   0  12 
 401	2  24  31 
 403	2   6  20 
 403	2  24  31 
 401	6  10   3 
 405	2   6  20 
 405	6  31  24 
 407	2   8  12 
 407	2  21  20 
 409	2   8  12 
 409	2  21  20 
 411	2  26  14 
 407	6  10   4 
 411	6   1   0 
 413	2  15  19 
 413	2  31  32 
 415	2  18  25 
 415	2   9  14 
 415	6  28  22 
 417	2  13   3 
 417	2  31  32 
 419	2   6   7 
 419	2  18  25 
 419	2   9  14 
 421	2  26  12 
 421	6   8   1 
 423	2  26  12 
 425	2  16  20 
 425	2  31  33 
 425	6  18  12 
 427	2   8  22 
 429	2   8  22 
 427	6  31  26 
 431	2  13   3 
 433	2  15  19 
 433	2   6   7 
 433	6  32  30 
 435	2   6  14 
 437	2   6  14 
 433	6   3   2 
 439	2  27  19 
 439	6   4   1 
 441	2  27  19 
 443	2  26  33 
 445	2   4  22 
 445	2  13   1 
 445	6  32  31 
 447	2   4  22 
 447	2  13   1 
 449	2  12   2 
 451	2  15  25 
 453	2  21   7 
 453	6  31  24 
 455	2  16  20 
 457	2  21   7 
 459	2  32  22 
 459	2  12   2 
 461	2  15  25 
 461	6   7   2 
 463	2  32  22 
 465	2  27  25 
 467	2  15   7 
 467	6  24  19 
 469	2  16   2 
 471	2  15   7 
 467	6  27  26 
 471	6   4   3 
 473	2  12   1 
 473	2  21  14 
 473	2  26  25 
 475	2  13  20 
 475	2  24  25 
 477	2   8  19 
 477	6  27  22 
 479	2   8  19 
 481	2  12   1 
 481	2  24  25 
 483	2  13  20 
 483	2  16   2 
 483	6  31  25 
 485	2  21  14 
 487	2  15   1 
 489	2  12  20 
 489	6   3   1 
 491	2  16  14 
 493	2  12  20 
 495	2   1  19 
 495	2  22  10 
 497	2   1  19 
 497	2  22  10 
 499	2  32  19 
 499	2  15   3 
 499	6   1   0 
 501	2  32  19 
 501	2  22   4 
 503	2  16  14 
 505	2  13   2 
 505	6  22  10 
 507	2  13   2 
 509	2  13  14 
 503	6  26  25 
 509	6   6   0 
 511	2  15  20 
 511	2  10   4 
 513	2  15  20 
 509	6  32  30 
 513	6  10   4 
 515	2  25   7 
 517	2  25   7 
 519	2   8  26 
 521	2   8  26 
 523	2  12   2 
 523	6  32  21 
 525	2  12   2 
 527	2   4   1 
 527	6  24  19 
 529	2   8  21 
 531	2   8  21 
 533	2  19   7 
 529	6  33  32 
 533	6  16   3 
 535	2  19   7 
 537	2  13  14 
 535	6  32  27 
 539	2  15   2 
 539	6  18   6 
 541	2  15   2 
 541	6  31  26 
 545	2   9   6 
 547	2   9   6 
 547	6  33  25 
 549	2   0   6 
 551	2   0   6 
 549	6  15   8 
 553	2  18  31 
 553	6  33  28 
 555	2  18  31 
 555	2   4   1 
 557	2  30  31 
 557	2  12  14 
 557	6   3   2 
 559	2  18  21 
 561	2  15  27 
 561	2  30  31 
 561	6  19   6 
 563	2  15  27 
 565	2  28  16 
 563	6  31  30 
 567	2  15  22 
 563	6   4   3 
 567	6  13   6 
 569	2  28  16 
 571	2  15  22 
 573	2  25  19 
 573	2  15  10 
 569	6   2   1 
 573	6  32  27 
 575	2  25  19 
 575	2  15  10 
 577	2  12  14 
 577	6  17   4 
 579	2   1  19 
 581	2   1  19 
 583	2   9  27 
 583	6  24  12 
 585	2   9  27 
 587	2  28  20 
 583	6   1   0 
 589	2  18  21 
 591	2  31  21 
 591	6  12   1 
 593	2  31  21 
 595	6  21  17 
 595	6  30  25 
 597	6  12   7 
 601	2  28  20 
 603	2   9   1 
 603	2  18  32 
 603	2  28  21 
 605	2   9   1 
 605	2  18  32 
 605	2  28  21 
 607	2  26  12 
 607	6  15   9 
 609	2   6  19 
 609	2  31  32 
 611	2  26  12 
 613	2  15  25 
 613	6  12   7 
 615	2  15  25 
 617	2  15  17 
 617	2  31  32 
 619	2  13  16 
 621	2  13  16 
 623	2   6  19 
 623	2  15  17 
 619	6  33  32 
 625	2  26  16 
 625	6  18  12 
 627	2   8  14 
 629	2  15  33 
 631	2  13  20 
 631	2   9   2 
 633	2  24  19 
 633	2   8  14 
 633	6  32  22 
 635	2  24  19 
 635	2   9   2 
 637	6   7   3 
 637	6  24  18 
 639	6  32  27 
 643	2   8  19 
 643	6   6   0 
 645	2  24  32 
 645	2  13  20 
 647	2  24  32 
 645	6   9   3 
 649	2  30  32 
 649	2  13  21 
 651	2  30  32 
 651	2  13  21 
 653	2  26  16 
 649	6   1   0 
 653	6  18  12 
 655	2  15  33 
 657	2   9  16 
 657	2  26  20 
 657	6   7   0 
 659	2   9  16 
 659	2  26  20 
 661	2   9  20 
 659	6  24  18 
 663	2  28  14 
 661	6  32  31 
 665	2  18   7 
 663	6  17  10 
 667	2  18   7 
 667	2  26  21 
 669	2  18  25 
 669	2  28  14 
 671	2  24  27 
 671	2  13  14 
 669	6  10   3 
 673	2  18  25 
 673	2  13  14 
 671	6  23  17 
 675	2  24  27 
 675	6   3   0 
 677	2  32  27 
 679	2  32  27 
 677	6  23  22 
 681	2  18   0 
 681	6  33  32 
 683	2  18   0 
 685	2   8  19 
 683	6  28  22 
 687	2  18  32 
 689	2  15  27 
 689	6  31  18 
 691	2  15  27 
 687	6   1   0 
 693	6  33  28 
 695	2   6  18 
 697	2   6  18 
 693	6  16  15 
 699	2   0  18 
 699	2  31  32 
 701	2   0  18 
 701	6  33  32 
 703	2  12  18 
 703	2   9  20 
 705	2  12  18 
 705	2  15  20 
 705	6   2   0 
 707	2  24  32 
 707	2  15  20 
 709	2  24  32 
 709	6  29  16 
 711	6  24   6 
 711	6  33  32 
 717	2  28  33 
 717	2   6   0 
 717	6  30  25 
 719	2  28  33 
 719	2   6   0 
 721	2  29  33 
 721	6  12   1 
 723	2  31  27 
 725	2  26  21 
 727	2  25   7 
 727	6  28  16 
 729	2  25   7 
 731	2  25  30 
 731	6   2   0 
 733	2  25  30 
 733	2  29  33 
 735	2  22  19 
 737	2  25  12 
 737	2  16   2 
 739	2  25  12 
 739	2  16   2 
 741	2   8  18 
 741	6  29  17 
 743	2  25  32 
 743	2   9  21 
 745	2   8  18 
 747	2  22  19 
 747	6   4   2 
 749	2  25  32 
 751	2  31  27 
 751	2  13  19 
 753	2  26  14 
 753	2  17   4 
 753	6  24  18 
 755	2   9  21 
 757	2  26  14 
 757	2  17   4 
 747	6   6   0 
 759	2  18   7 
 759	2  31  33 
 759	2  15  21 
 759	6  10   4 
 761	2  18   7 
 761	2  31  33 
 761	2  15  21 
 763	2   6   7 
 763	2  18  30 
 763	2  20  21 
 765	2   6   7 
 765	2  18  30 
 765	2   9  14 
 765	6  28  22 
 767	2   1   7 
 767	2  18  12 
 767	2   9  14 
 769	2   1   7 
 769	2  18  12 
 769	2  15  14 
 767	6  32  31 
 771	2   8   7 
 771	2  20  21 
 771	6  16  10 
 773	2  18  31 
 773	2   8   7 
 775	2  25  27 
 775	6  12   6 
 777	2  25  27 
 777	2  15  14 
 779	2  25  33 
 779	6  22  16 
 781	2  12  30 
 783	2  12  30 
 785	2  12   6 
 785	2  32  22 
 785	6   8   1 
 787	2  13  19 
 787	2  32  22 
 789	2  12   6 
 789	2  26  19 
 789	6  31  30 
 791	2  26  19 
 793	2  20  14 
 795	2  18  30 
 795	2  20  14 
 797	2  12  30 
 793	6  27  22 
 799	2  12  30 
 801	2  25  33 
 801	2  21  14 
 803	2   9  19 
 805	2  25  27 
 805	6  13   8 
 807	2  25  27 
 809	6  26  24 
 811	6  15   7 
 815	2  28  26 
 815	6  30  18 
 817	2  28  26 
 819	2  28  15 
 821	2  13  31 
 823	2  13  31 
 821	6  34  22 
 825	2  13   6 
 825	6  31  25 
 827	2  28  15 
 827	2  13   6 
 829	2  13  18 
 829	6  34  33 
 831	2   9  19 
 833	2  13  18 
 833	6  31  30 
 835	2   7  19 
 837	2   7  19 
 833	6  16   9 
 839	2   8  26 
 839	6  18  12 
 841	2  31  33 
 841	2  21  14 
 843	2   8  26 
 845	2  31  33 
 845	2   8  15 
 845	2  20  19 
 847	2  24  26 
 847	2   8  15 
 849	2  31  34 
 849	6  13   1 
 851	2  24  26 
 853	2  31  34 
 855	2  13  25 
 857	2  13  25 
 855	6  33  27 
 859	2  13   6 
 861	2  28  25 
 861	6   8   6 
 863	2  28  25 
 865	2  31  33 
 865	2  20  19 
 867	2  13   8 
 867	2  16  26 
 869	2  13  12 
 869	2  16  26 
 871	2  13  12 
 871	2  31  33 
 871	6  15   8 
 873	6  26  12 
 879	2  28  15 
 879	2   7  12 
 881	2  28  15 
 881	2   7  12 
 883	2  28  26 
 883	6  12   8 
 885	2  28  26 
 887	6  27  26 
 889	2  24  12 
 891	2  24  12 
 889	6  16   2 
 893	2  18  26 
 895	2  18  26 
 895	6   9   1 
 895	6  34  22 
 897	6  25  18 
 901	6  15   1 
 903	6  33  25 
 907	6  15   9 
 909	2   6  18 
 911	2   6  18 
 913	2  15  26 
 913	2  24  18 
 913	2   6   1 
 915	2  33  22 
 915	2   2  12 
 917	2  15  26 
 917	2  24  18 
 917	2   6   1 
 919	2  33  22 
 919	2   2  12 
 921	2  13  26 
 921	2  15  22 
 921	6   2   0 
 923	2  33  25 
 923	2  15  22 
 925	2  13  26 
 927	2  33  25 
 927	2   7  12 
 929	2  21  19 
 929	6   6   1 
 931	2  28  26 
 933	2  15  25 
 935	2  20   8 
 937	2   0  18 
 937	6  27  15 
 939	2  24   6 
 941	2   7  12 
 943	2   1  15 
 945	2  21  19 
 947	2  20   8 
 949	2   0  18 
 947	6  22  16 
 951	2  24   6 
 953	2  13  16 
 955	2   1  15 
 955	6  32  24 
 957	2   0   6 
 959	2   0   6 
 957	6  21  15 
 961	2   7  18 
 963	2  28  26 
 963	2  15   8 
 965	2  13  16 
 967	2  27  25 
 967	2  15   8 
 969	2  14  19 
 969	2  28  16 
 969	6   2   0 
 971	2  32  21 
 973	2  13  25 
 973	2  28  16 
 975	2  20  12 
 975	6   9   2 
 977	2  20  12 
 979	2  32  21 
 979	6  18  13 
 981	2   9  21 
 983	2   9  21 
 985	2  14  19 
 987	2   7  13 
 987	2  18  25 
 989	2  14   8 
 989	2  28  25 
 991	2  15  12 
 993	2  20  13 
 993	6   9   1 
 995	2  20  13 
 997	2  28  25 
 999	2   7   6 
 999	6  26  16 
1001	2   7   6 
1005	2   9  16 
1005	2  20   6 
1007	2   9  16 
1007	2  20   6 
1009	2  14   8 
1009	6  32  22 
1011	6   8   6 
1015	2  22  16 
1015	6  27  26 
1017	2  22  16 
1017	6   3   1 
1021	6  27  17 
1027	2   9  17 
1027	2  19   6 
1029	2  15  12 
1029	6  26  25 
1031	2   9  17 
1033	2  14  12 
1033	2  22  17 
1035	2  15  13 
1035	6  27  26 
1037	2   3  16 
1039	2  14  12 
1039	2  22  17 
1041	2   7  21 
1041	6  10   3 
1043	2  19   6 
1045	2   7  21 
1047	2   9  27 
1049	2  15  13 
1051	2  10  16 
1051	2  19  12 
1053	2   9  27 
1055	2  14  13 
1055	2  10  17 
1057	2  15   8 
1057	2  19  12 
1057	6  27  23 
1059	2  14  13 
1061	2  15   8 
1061	2   6  12 
1063	2  20  21 
1063	2  10  17 
1063	2   6  12 
1065	2  22  23 
1065	2  19  13 
1067	2  20  21 
1067	6   9   7 
1069	2  22  23 
1069	6  27  20 
1073	2   9  16 
1075	2   9  16 
1075	2  19  13 
1077	2  14   8 
1077	2  27  16 
1079	2  15  21 
1079	2   6  13 
1081	2   9  17 
1081	2   6  13 
1083	2  10  23 
1083	2  14   8 
1083	6  26  18 
1085	2   9  17 
1087	2  10  23 
1089	2  15  21 
1089	2  12  13 
1091	2  27  16 
1091	2  12  13 
1093	2  19   8 
1095	2  14  21 
1097	2  15  16 
1095	6   6   2 
1099	2  27  17 
1101	2   9  23 
1101	6  20  19 
1103	2  15  16 
1105	2   9  23 
1107	2  20   8 
1107	6  22  17 
1109	2   2   8 
1111	2   2   8 
1113	2  14  21 
1113	2  10  17 
1115	2  27  22 
1115	2  12   8 
1117	2  20  21 
1117	2  12   8 
1117	2  17  10 
1119	2  14  16 
1121	2  15  22 
1121	6  13   2 
1123	2  27  23 
1125	2  15  22 
1127	2  20  21 
1127	2   2   8 
1127	2  10  17 
1129	2  14  16 
1131	2  27  23 
1131	2   2   8 
1127	6  18  12 
1133	2  13  21 
1133	6   9   2 
1135	2  13  21 
1137	2  27  28 
1133	6  23  17 
1137	6  19  18 
1139	2  15  17 
1139	2   2   7 
1139	2  28  27 
1141	2  15  17 
1141	2   7   2 
1141	2  27  28 
1143	2  20  16 
1143	2   2   7 
1145	2  14  22 
1147	2  20  16 
1149	2  14  22 
1151	2  19  21 
1153	2  13  16 
1155	2  20  22 
1157	2  14  17 
1159	2  19  21 
1161	2  13  16 
1163	2  20  22 
1165	2  14  17 
1167	2   9  21 
1169	2   9  21 
1171	2   8  21 
1167	6  23  17 
1173	2  20  23 
1175	2  20  23 
1177	2   8  21 
1179	2  20  33 
1181	2  14  25 
1183	2  15  26 
1185	2  26  15 
1187	2  25  14 
1189	2  33  20 
1191	2  20  33 
1187	6  22  16 
1193	2  19  22 
1195	2  13  16 
1197	2  19  22 
1199	2  13  16 
1201	2   9  22 
1201	6  20  13 
1203	2   9  22 
1207	2  20  23 
1209	2  20  23 
1211	2   8  22 
1213	2   8  22 
1215	2  21  22 
1211	6  26  19 
1217	2  26  16 
1219	2  26  16 
1221	2   9  16 
1221	2  20  31 
1223	2   9  16 
1223	2  31  20 
1225	2   8  16 
1225	6  27  26 
1227	2   8  16 
1225	6  24  12 
1229	6  10   8 
1231	2  27  23 
1233	2  27  23 
1231	6  12   0 
1235	2   9  23 
1235	6  30  26 
1237	2   9  23 
1239	2  10  23 
1237	6  13  12 
1241	2  21  22 
1239	6   2   0 
1243	2  21  16 
1241	6  32  24 
1245	2  21  16 
1243	6  14  13 
1247	2  10  23 
1247	2  27  26 
1249	2  22  16 
1249	2   9   2 
1249	2  26  27 
1251	2  21  23 
1251	2   2   9 
1251	2  13  25 
1253	2  22  16 
1253	2   9   2 
1253	2  27  26 
1255	2  21  23 
1255	6   8   1 
1257	2  22  23 
1257	2  20  31 
1259	2  22  23 
1259	6  32  20 
1261	2  16  23 
1263	2  16  23 
1261	6   9   8 
1267	2  23   9 
1269	2  16   4 
1271	2  22  14 
1273	2  21   3 
1275	2  10  20 
1277	2  20  10 
1279	2   3  21 
1281	2  14  22 
1283	2   4  16 
1285	2   9  23 
1287	2  23   9 
1289	2  16   4 
1291	2  22  14 
1293	2  21   3 
1295	2  10  20 
1297	2  15  19 
