   1	2   7   8 
   1	6  20  17 
   3	2   7   8 
   5	2   7   1 
   7	2   7   1 
   7	6  17  16 
   9	2   8   1 
  11	2   8   1 
   7	6  31  25 
  13	2   7  15 
  13	6  31  17 
  15	2   7  15 
  17	2   8  15 
  19	2   7   9 
  21	2   8  15 
  21	6  23  17 
   1	6  41  40 
   7	6  40  33 
  13	6  33  26 
  19	6  26  25 
  27	2   7   9 
  27	6  25  24 
  29	2   1  15 
  31	2   8   9 
  33	2   7   0 
  33	6  24  22 
  35	2   8   9 
  37	2   7   0 
  33	6  33  19 
  39	2   1  15 
  39	6  19  10 
  41	2   8   0 
  43	2   7  14 
  45	2   1   9 
  45	2   7  14 
  45	6  20  11 
  47	2   1   9 
  49	2   8   0 
  51	2  15   9 
  51	2   1   0 
  53	2   8  14 
  53	6  11   3 
  55	2   7  21 
  57	2   1   0 
  59	2  15   9 
  61	2   8  14 
  61	6   3   2 
  63	2   7  21 
  65	2  15   0 
  13	6  48  46 
  19	6  46  37 
  25	6  37  36 
  39	6  36  30 
  65	6  30  28 
  67	2  15   0 
  69	2   9   0 
  71	2   1  14 
  71	6  42  30 
  73	2   1  14 
  75	2  15  14 
  77	2   8  21 
  79	2   7  16 
  79	6  30  29 
  81	2   7  16 
  83	2   9   0 
  85	2   8  21 
  87	2   8  16 
  89	2   7  23 
  91	2  15  14 
  93	2   8  16 
  95	2   7  23 
  97	2   9  14 
  99	2   8  23 
 101	2   7  22 
 103	2   9  14 
 105	2   8  23 
 107	2   7  22 
 109	2   0  14 
 111	2   8  22 
 113	2   7  10 
 115	2   0  14 
 117	2   8  22 
 119	2   7  10 
 119	6  29  22 
 121	2   8  10 
 123	2   7   2 
  39	6  40  39 
  77	6  39  32 
  97	6  32  25 
 121	6  25  24 
 125	2   8  10 
 127	2   7   2 
 127	6  24  16 
  51	6  48  34 
  57	6  34  20 
  63	6  20  19 
 127	6  19  11 
 129	6  14   1 
 133	6  24  23 
 135	2  14  21 
 135	2   8   2 
 137	2  14  21 
 137	2   8   2 
 133	6  11  10 
 133	6  32  26 
 139	2  15  21 
 139	6  32  17 
 141	2  15  21 
 143	2   7  28 
 145	2  14  23 
 147	2  14  23 
 149	2   9  21 
 151	2  15  23 
 153	2   9  21 
 155	2  15  23 
 157	2   0  21 
 159	2   9  23 
 159	6  28  14 
 161	2   9  23 
 163	6  23   9 
 165	2   7  14 
 169	2   0  21 
 169	6  37  24 
 171	2   8  14 
 173	2   8  14 
 175	2  28  37 
 175	2   0   9 
 175	6  18  11 
 177	2  28  37 
 177	2   0   9 
 179	2  28  29 
 179	6  14   1 
 181	2  28  29 
 179	6  37  31 
 181	6  25  18 
 185	2  14  21 
 185	6   2   0 
 187	2  14  21 
 187	6  30  25 
 191	2  14   9 
 193	2  15  31 
 193	6  10   2 
 195	2  15  31 
 197	2  23  31 
 199	2  15  29 
 199	6  24  10 
 201	2  15  29 
 203	6  21   0 
 205	6  17  10 
 209	2  28  30 
 197	6  46  39 
 205	6  39  32 
 211	2  23  31 
 211	2  14   9 
 213	2  28  30 
 213	2   0   9 
 213	6  32  25 
 215	2  23  29 
 215	2   0   9 
 217	2  15  30 
 219	2  24  31 
 219	2  28  21 
 219	6   9   7 
 221	2  24  31 
 221	2  28  21 
 223	2  23  29 
 219	6  40  19 
 225	2   9  22 
 225	6  19  11 
 227	2  15  30 
 229	2   9  22 
 231	2  24  29 
 231	6   7   1 
 233	2  23  30 
 235	2   9  16 
 233	6  32  18 
 237	2  15  21 
 237	2  23  30 
 229	6  44  42 
 235	6  44  36 
 239	2   8  22 
 239	6  25  17 
 241	2  28   7 
 243	2  15  21 
 243	6  31  30 
 245	2   9  16 
 247	2   9   2 
 245	6  28  14 
 249	2   9   2 
 251	2  28  30 
 251	2  14   7 
 251	2   9  10 
 253	2  28  30 
 253	2  15   7 
 253	2   9  10 
 255	2  24  29 
 255	2  15   7 
 255	6  10   9 
 257	2  28  29 
 257	2  24  31 
 259	2  23  21 
 257	6   1   0 
 261	2  28  29 
 261	2  24  31 
 261	6  18  10 
 263	2   8  22 
 265	2  14  22 
 263	6  37  36 
 267	2   8  16 
 269	2  23  21 
 269	6  38  37 
 271	2  14  22 
 271	2  18  17 
 273	2   8  16 
 275	2  28  31 
 275	2   8   2 
 277	2  24  21 
 279	2  23   7 
 279	6  38  32 
 281	2  15  22 
 281	2  18  17 
 283	2  14  16 
 283	2  18  11 
 277	6  43  42 
 283	6  43  29 
 285	2  14  16 
 285	2  18  11 
 287	2   8   2 
 287	6  32  25 
 289	2  15  22 
 291	2  15  16 
 289	6  11   3 
 293	2  28  31 
 293	2   8   9 
 295	2  24  21 
 295	2   8   9 
 297	2  23   7 
 297	2  18  10 
 299	2  28  21 
 299	2  15  16 
 299	2  18  10 
 301	2  23  22 
 301	2  18  25 
 299	6   7   1 
 303	2  28  21 
 303	2  18  25 
 303	6  30  16 
 295	6  43  42 
 305	6  21   7 
 305	6  42  35 
 305	6  25  18 
 311	2  21  16 
 311	6   3   1 
 313	2  21  16 
 315	2  21  35 
 309	6  37  31 
 315	6  31  25 
 317	2   0  16 
 319	2   0  16 
 317	6  35  28 
 321	2  24   3 
 323	2  21  28 
 323	2  24   3 
 325	2  21  37 
 325	6  18   3 
 327	2  21  37 
 329	2  23  22 
 329	6  38  35 
 331	2   8  17 
 333	2   8  17 
 335	2  14   2 
 335	2  23  30 
 335	6  32  18 
 337	2  14   2 
 337	2  23  30 
 339	2  21   7 
 339	6  23  16 
 341	2  38  32 
 341	2  21   7 
 343	2  38  32 
 343	2   8   1 
 341	6  18  11 
 345	2  15   2 
 335	6  43  35 
 341	6  42  35 
 345	6  32  30 
 347	2  14   9 
 349	2  15   2 
 351	2  24  22 
 351	2   8   1 
 351	6  37  35 
 353	2  24  22 
 355	2  14   9 
 355	2  24  32 
 347	6  19  11 
 353	6  12  11 
 357	2  21  30 
 357	6   7   0 
 359	2  38  22 
 361	2  16   2 
 361	2  31  29 
 359	6  26  11 
 363	2   7  28 
 225	6  48  41 
 361	6  41  40 
 365	2   7  28 
 365	2  24  32 
 367	2  23  28 
 367	2   8  10 
 367	6  48  33 
 369	2  23  28 
 369	2   8  10 
 371	2  15   9 
 371	6  35  28 
 373	2  16   2 
 375	2  15   9 
 373	6  37  32 
 377	2  16   9 
 379	2   7  28 
 379	6  24  11 
 381	2   7  28 
 383	2   7   0 
 373	6  34  27 
 385	2  23  28 
 385	2   7   0 
 385	2  11   2 
 387	2  14  17 
 389	2  23  28 
 389	2  11   2 
 391	2  21  30 
 391	2  16   9 
 391	6  27  12 
 393	2  38  22 
 395	2  35  28 
 395	2  38  37 
 393	6  10   2 
 397	2  21  22 
 397	2  38  37 
 399	2  14  17 
 401	2  15  17 
 401	2  35  28 
 401	6  38  32 
 403	2  14   1 
 405	2  21  22 
 405	2  11   9 
 407	2  15  17 
 407	6  32  27 
 409	2  14   1 
 409	2  16  17 
 411	2  15   1 
 379	6  48  41 
 411	6  11  10 
 413	2  21  37 
 415	2  21  37 
 413	6  27  13 
 417	2  14   2 
 419	2  13  11 
 419	2  15   1 
 421	2   8   3 
 421	2  31  29 
 421	6  13  12 
 423	2  10   9 
 425	2  16  17 
 423	6  30  21 
 427	2  12  11 
 427	6   9   3 
 429	2   7  21 
 429	2  31  18 
 431	2   7  21 
 431	2  31  18 
 433	2   7  22 
 433	2  12   3 
 433	6  37  35 
 435	2   7  22 
 435	2  10  17 
 437	2  14   2 
 437	6  17  11 
 439	2   8   9 
 439	2  31  36 
 441	2  15   2 
 441	2  31  36 
 443	2  30  17 
 443	6  21   7 
 445	2  30  17 
 447	2  12   3 
 447	2  31  39 
 449	2  21  35 
 449	2  16   1 
 449	2  31  39 
 449	6  12   4 
 451	2  14   9 
 451	2  31  43 
 453	2   8  29 
 453	6  41  39 
 455	2  21  35 
 455	2  10  11 
 457	2  16   1 
 457	2   4  11 
 457	6  29  21 
 459	2  10   1 
 461	2   4  11 
 461	6  16   8 
 463	2  31  43 
 465	2  31  38 
 463	6  11   3 
 467	2  16  21 
 467	2  31  38 
 467	6   7   0 
 469	2  29  17 
 471	2  16  18 
 471	6  37  28 
 473	2  10   1 
 475	2  16  18 
 477	2  23   7 
 477	6  18  11 
 479	2  23   7 
 481	2  28   7 
 481	6  23  16 
 483	2  28   7 
 485	2   4   1 
 459	6  41  27 
 485	6  37  35 
 487	2  16   0 
 489	2  16   0 
 487	6  11   3 
 491	2  16  22 
 493	2  16  22 
 493	2  31  19 
 493	6   3   1 
 495	2  23  36 
 497	2  23  36 
 495	6  27  12 
 499	2  15   2 
 499	6  30  24 
 501	2  14   9 
 503	2   8   2 
 503	2  14  21 
 505	2  16  37 
 505	2   4   3 
 507	2  24  18 
 507	2  15   9 
 509	2  16  37 
 511	2  29  17 
 511	2   8   2 
 513	2  24  18 
 513	2  15   9 
 513	6  38  29 
 515	2  16  17 
 517	2  10   2 
 519	2  14  21 
 519	2  24  11 
 519	2   8   9 
 519	6  36  29 
 521	2  15  21 
 521	2  24  11 
 523	2  14   1 
 523	2  16  17 
 523	6  38  32 
 525	2  10   2 
 525	2  15  21 
 527	2   8   9 
 527	6  35  22 
 529	2  32  18 
 531	2  32  18 
 533	2  22   7 
 533	2  32  11 
 535	2  22   7 
 535	2   4   2 
 535	6  32  19 
 537	2  14   1 
 539	2  10   9 
 539	2  14  29 
 541	2  16  18 
 541	2  31  32 
 541	6   7   0 
 543	2  24   3 
 545	2  16  18 
 545	2  31  44 
 547	2  28   7 
 547	2  19  11 
 547	2  31  44 
 547	6  17  16 
 549	2  28   7 
 549	2  31  25 
 551	2  28  35 
 551	2   4   2 
 551	2  31  25 
 553	2  22   7 
 553	2  10   9 
 553	2  31  45 
 555	2  22   7 
 555	2  17  11 
 555	2  31  45 
 555	6   9   2 
 557	2  28  35 
 557	2   0   7 
 557	2  17  11 
 557	2  31  46 
 559	2  22  35 
 559	2   0   7 
 559	6  24  18 
 561	2  28  37 
 561	2  15   1 
 563	2  22  35 
 563	2   4   2 
 563	6   7   0 
 565	2  28  37 
 565	2  18   3 
 567	2  22  37 
 567	2  19   3 
 569	2  28  16 
 569	6  19  11 
 571	2   8  21 
 571	2  31  46 
 573	2  22  37 
 575	2  28  16 
 575	2  11   3 
 577	2   8  21 
 577	2  17   3 
 577	6  19  12 
 579	2  15   1 
 579	2  31  47 
 581	2  14  29 
 581	2  17   3 
 583	2  22  16 
 583	2   8   1 
 583	2  31  47 
 583	6  35  28 
 585	2  18   9 
 587	2  22  16 
 587	2   4   2 
 587	2  31  26 
 585	6  14   7 
 589	2  18   9 
 589	6  37  35 
 591	2   8   1 
 593	2  11   9 
 591	6  24  23 
 595	2  14  28 
 595	2  11   9 
 595	6  45  43 
 597	2  24  19 
 597	2  14  28 
 599	2  24  19 
 597	6  10   9 
 601	2  14  35 
 601	2  31  26 
 603	2  37  23 
 603	6  19   3 
 605	2  15  29 
 607	2  14  35 
 607	2  31  40 
 609	2   9  21 
 609	2  31  40 
 609	6  19  12 
 611	2  24  45 
 613	2  37  23 
 611	6   3   1 
 615	2  24  45 
 617	2   7   1 
 617	2  22  23 
 617	2  17  10 
 617	6  25  19 
 619	2   9  21 
 621	2  15  29 
 621	2  17  10 
 617	6  45  44 
 623	2   7   1 
 623	2  37  25 
 623	6  10   4 
 625	2  15   1 
 625	2  37  25 
 627	2  22  23 
 627	6  44  35 
 629	2  14  16 
 629	2  31  33 
 631	2  18   2 
 631	6  15   7 
 633	2  24  36 
 635	2  18   2 
 635	6  40  37 
 637	2   9   3 
 639	2  14  16 
 637	6  18  12 
 641	2   8  29 
 641	6  40  27 
 643	2   9   3 
 643	2  24  36 
 645	2   8  29 
 645	6  12   4 
 647	2   7   1 
 647	2  24  32 
 649	2  14  23 
 647	6  43  37 
 651	2  27  18 
 651	2   8   1 
 649	6  46  40 
 653	2  11   2 
 653	2  14  23 
 653	6  27  26 
 655	2  11   2 
 655	2  24  32 
 657	2   8   1 
 653	6  36  35 
 655	6  21  14 
 659	2  26  18 
 655	6  47  46 
 659	6  23   9 
 661	2  26  12 
 663	2  26  12 
 661	6  14   0 
 665	2  23  29 
 659	6  44  42 
 665	6  10   2 
 667	2  14  28 
 667	2  31  33 
 669	2  14  28 
 669	2  31  30 
 669	6  46  33 
 671	2   2   0 
 671	2  23  29 
 673	2  15  36 
 675	2   2   0 
 675	2  22  25 
 675	6  44  43 
 677	2   2   3 
 677	2  22  25 
 679	2   2   3 
 679	2  31  30 
 679	6  28  15 
 681	2  17  10 
 683	2  17  10 
 681	6  44  32 
 681	6   1   0 
 685	6  21  16 
 685	6  11   3 
 687	6  26  19 
 691	2  28  36 
 691	2   4   1 
 691	6  23  22 
 693	2  28  35 
 693	2   4   1 
 695	2  28  35 
 695	2   3   1 
 695	6  19  12 
 697	2  28  44 
 697	2   3   1 
 699	2  24  45 
 699	6  42  28 
 701	2  16  25 
 701	2   4  11 
 703	2  23  18 
 699	6   2   1 
 705	2  14  28 
 705	2  23  18 
 705	6  43  42 
 707	2  14  28 
 707	2   4  11 
 707	2  31  34 
 709	2  15  28 
 709	2  12  10 
 709	2  31  34 
 711	2  14  21 
 711	2  16  25 
 711	2  43  44 
 711	2   3  11 
 713	2  15  28 
 713	2  12  10 
 713	2  31  38 
 713	6  44  43 
 715	2  14  21 
 715	2  16  18 
 715	2  31  38 
 717	2  15  21 
 717	2  17   2 
 717	2  31  39 
 717	6  12   4 
 719	2  14   9 
 719	2  31  39 
 721	2  15  21 
 721	2  17   2 
 719	6  36  35 
 723	2  14   9 
 721	6  44  38 
 725	2  28  21 
 725	2  15   9 
 727	2  24  45 
 727	2  28  21 
 727	2   4   2 
 729	2  38  45 
 729	2  24  26 
 729	2  15   9 
 729	6  28  21 
 731	2  16  18 
 731	2  38  45 
 733	2   3  11 
 733	2  24  26 
 733	6   8   0 
 735	2  17  11 
 735	2  38  26 
 737	2  24  37 
 737	6  46  39 
 739	2  22   8 
 739	2  17  11 
 741	2  22   8 
 741	6  19  17 
 743	2   4   2 
 743	6  35  14 
 747	2   4  11 
 747	6  31  25 
 749	2   7  14 
 749	2   4  11 
 751	2   7  14 
 749	6  36  35 
 753	2   0  14 
 753	2  23  17 
 753	6  34  19 
 755	2   0  14 
 755	2  36  31 
 757	2  22  14 
 757	2  36  31 
 757	6   8   1 
 759	2  23  17 
 759	2  38  26 
 761	2  22  14 
 761	2  16  17 
 761	6  31  30 
 763	2  21   9 
 765	2  21   9 
 761	6  26  12 
 761	6  45  44 
 767	2   8  29 
 767	6  27  25 
 769	2   8  29 
 771	2   8   1 
 771	6  35  21 
 773	2   8   1 
 773	2  16  17 
 773	6  26  19 
 777	2   7  21 
 777	2  24  37 
 779	2   7  21 
 779	2  38  37 
 779	6  19  17 
 781	2   0  21 
 781	2  38  37 
 783	2   0  21 
 779	6  43  42 
 785	2  17  29 
 785	2   8  14 
 787	2  17  29 
 787	2   8  14 
 789	2  15  30 
 791	2  23  10 
 791	6  37  36 
 793	2  17   1 
 793	2  22  21 
 795	2  23  10 
 797	2  15  30 
 799	2  17   1 
 799	2  22  21 
 799	6  42  36 
 801	2  16  10 
 803	2  17  14 
 805	2  35  30 
 805	2  16  10 
 807	2  23   2 
 809	2   8  21 
 809	2  24  40 
 811	2  35  30 
 811	6  17  15 
 813	6  37  30 
 817	2  15  14 
 817	6  19  17 
 819	2   8  21 
 821	2  15  21 
 819	6  36  35 
 823	2  23   2 
 823	6  14   7 
 825	2  30  18 
 827	2  30  18 
 829	2  14  35 
 829	2  19  18 
 831	2  14  35 
 831	2  19  18 
 833	2  30  17 
 833	2  15  21 
 833	6   7   0 
 835	2  30  17 
 837	2  24  40 
 833	6  44  43 
 835	6  28  21 
 839	2  19  17 
 839	2  38  40 
 839	6  15   7 
 841	2  24  33 
 843	2  19  17 
 843	2  38  40 
 839	6  43  36 
 845	2  21   9 
 845	6  46  43 
 847	2  21   9 
 849	2  16   2 
 851	2  21  37 
 851	6  17   3 
 853	2  21  37 
 851	6   8   0 
 851	6  40  34 
 855	6  35  22 
 857	6  46  40 
 861	2  17  29 
 857	6   7   0 
 863	2  15  22 
 863	2  24  33 
 863	6  46  44 
 865	2  15  22 
 865	2  24  25 
 867	2  35  22 
 867	2  24  25 
 863	6   4   3 
 869	2  17  29 
 869	6  40  27 
 871	2  44  29 
 871	2  17   1 
 873	2  44  29 
 873	2  17   1 
 869	6  12   4 
 875	2  35  22 
 875	2  27  18 
 877	2  23  11 
 877	6  36  28 
 879	2  17   8 
 879	2  38  33 
 881	2  27  18 
 879	6   4   3 
 883	2  14  28 
 883	2  38  33 
 881	6  16   9 
 885	2  14  28 
 885	2  27  12 
 885	2  24  32 
 885	6  44  43 
 887	2  15  28 
 887	2  27  12 
 887	2  24  32 
 889	2  15  28 
 889	6  19   4 
 891	2   7  22 
 891	2   9   2 
 893	2  35  28 
 893	6  14   1 
 895	2  35  28 
 895	2  38  25 
 897	2  38  25 
 897	6  43  29 
 899	2   1   3 
 899	2  38  32 
 901	2   1   3 
 901	2  24  39 
 903	2  29  14 
 903	2  38  32 
 903	6   9   3 
 905	2  29  14 
 907	2   7  22 
 903	6  44  43 
 903	6  34  19 
 909	2  15   9 
 909	2  24  39 
 911	2  23  11 
 911	2  38  39 
 909	6  48  34 
 913	2  17   8 
 913	2  38  39 
 913	6  22  21 
 915	2   3  11 
 915	2  24  31 
 917	2   3  11 
 917	2  24  31 
 915	6  47  44 
 919	2  15   9 
 919	2  24  26 
 921	2  48  47 
 921	2  16  37 
 923	2  48  47 
 923	2  29   8 
 925	2   0  21 
 925	2  38  31 
 925	6  48  33 
 927	2   7  28 
 927	2  38  31 
 929	2  16  37 
 931	2  29   8 
 931	6  47  32 
 933	2   0  21 
 935	2   7  28 
 931	6  18  17 
 919	6  12   4 
 925	6   4   3 
 931	6  12   4 
 933	6  44  43 
 937	2  22  17 
 937	6   7   1 
 939	2  23  32 
 941	2  22  17 
 937	6  19  12 
 941	6  37  31 
 943	2  16  17 
 945	2  16  17 
 943	6  21   0 
 947	2  31  17 
 949	2  23  32 
 949	2  21  28 
 949	6  44  37 
 951	2  19  32 
 951	2  21  28 
 953	2  19  32 
 949	6   3   1 
 953	6  42  28 
 955	2  31  17 
 957	2  24  26 
 953	6  15  14 
 955	6  12   4 
 959	2   7  28 
 959	6  33  17 
 961	2   7  28 
 963	2  14  28 
 961	6  13  12 
 965	2  17  15 
 965	6  35  29 
 967	2  17  15 
 969	2  17   8 
 965	6   4   3 
 967	6  19  12 
 971	2  14  28 
 971	2  24  45 
 971	6   3   2 
 973	2  23  15 
 973	2  38  26 
 975	2  23  15 
 975	2  38  26 
 965	6  48  41 
 977	2   7   2 
 977	2  24  45 
 977	6  12  11 
 979	2   7   2 
 979	2  38  45 
 981	2  22   1 
 981	2  38  45 
 977	6  41  27 
 983	2  14   2 
 983	2  24  37 
 983	6  27  12 
 985	2  22   1 
 987	2  14   2 
 987	2  24  37 
 989	2  17   8 
 989	2  38  37 
 989	6  29  22 
 991	2  24  19 
 991	2  38  37 
 993	2  24  19 
 989	6   4   3 
 991	6   7   1 
 995	6  30  18 
 983	6  41  40 
 989	6  40  33 
 997	6  14   0 
1001	2  18  10 
1001	2  30  36 
1001	6  33  26 
1003	2  18  10 
1003	2  30  36 
1005	2  13  10 
1005	2  35  36 
1001	6  39  38 
1003	6  21   7 
1007	2  18   4 
1007	2  35  36 
1007	6  39  33 
1009	2  22   9 
1009	2  18   4 
1011	2  13  10 
1011	2  30  14 
1013	2  22   9 
1013	2  33  19 
1013	6  37  36 
1015	2  26  10 
1015	2  22  28 
1017	2  13   4 
1017	2  22  28 
1017	6  26  18 
1019	2   3   9 
1019	2  30  14 
1021	2  13   4 
1021	2  16  21 
1021	6  37  31 
1023	2  26  27 
1023	2  18  10 
1025	2  26  27 
1025	2   3   9 
1017	6  40  39 
1023	6  22  15 
1027	2  18   4 
1027	2  13  27 
1027	6  42  36 
1029	2  26  32 
1029	2  23   8 
1031	2  17  31 
1031	2  13  27 
1031	6   2   1 
1033	2  35  14 
1033	2  18   4 
1035	2  30  36 
1035	2  16  21 
1035	2  26  32 
1033	6  20  13 
1037	2   7   9 
1037	2  30  36 
1037	6  28  21 
1039	2  23   8 
1039	2  33  19 
1041	2  17  31 
1041	2  33  34 
1041	6   4   2 
1043	2  35  14 
1043	2  20  32 
1045	2  37  28 
1045	2  33  34 
1045	6  17  16 
1047	2   4  12 
1047	2  35  36 
1049	2   4  12 
1049	2  37  28 
1047	6   2   0 
1051	2  18  27 
1051	2  23  31 
1051	2  35  36 
1047	6  47  40 
1053	2  15   1 
1053	2   4  25 
1053	6  37  28 
1055	2   7   9 
1055	2  18  27 
1057	2  15   1 
1057	2   4  25 
1059	2  16  14 
1059	2  20  32 
1059	6   3   2 
1061	2  23  31 
1063	2  16  14 
1063	2  39  37 
1059	6  35  28 
1061	6  25  18 
1065	2  30   9 
1065	6  40  27 
1067	2  30   9 
1069	2  23  14 
1065	6   5   4 
1069	6   2   1 
1071	2  25  32 
1071	2  23  14 
1073	2  39  37 
1071	6  20   5 
1075	2  25  32 
1073	6  22  16 
1077	2   3  12 
1075	6   7   1 
1079	2  11  16 
1079	2  20  27 
1077	6  38  32 
1081	2   7  21 
1081	2  11  16 
1081	2  20  27 
1083	2   7  21 
1083	2   3  12 
1083	6  44  39 
1085	2  11   8 
1087	2   7   2 
1085	6  27  20 
1089	2   3  18 
1089	2  22  36 
1089	6   7   1 
1091	2   3  18 
1091	2  22  36 
1093	2  27  32 
1089	6  47  41 
1093	6  22  10 
1095	2  27  32 
1097	2  27  39 
1093	6  44  43 
1099	2  29  22 
1099	2   1   2 
1099	2  27  39 
1099	6  24  16 
1101	2  29  22 
1101	2  27  41 
1103	2   7  21 
1103	2  27  41 
1099	6  12   4 
1101	6  45  39 
1105	2  17  22 
1105	6  20   5 
1107	2  17  22 
1109	2   7  21 
1107	6  45  42 
1111	2  26  24 
1111	2   7   2 
1111	6  29  22 
1113	2  26  24 
1113	2   3   5 
1115	2   7   2 
1115	2  27  39 
1115	6  17  11 
1117	2  35  29 
1117	2  27  39 
1119	2  30  21 
1117	6   9   8 
1121	2  35  29 
1119	6  40  27 
1123	2  17   9 
1123	2  30  21 
1121	6   4   3 
1125	2  17  31 
1123	6   7   0 
1127	2  17  31 
1127	2   4   5 
1125	6  46  44 
1129	2  22   7 
1125	6  27  19 
1129	6  10   5 
1131	2  22   7 
1131	2  40  45 
1133	2  43  29 
1129	6  25  24 
1133	6   8   7 
1135	2  20  25 
1135	2  43  29 
1137	2  20  25 
1137	2  37  29 
1135	6   5   4 
1139	2  28   7 
1139	2  24  25 
1139	2  40  45 
1141	2  15   3 
1141	2  24  25 
1141	2  40  27 
1143	2  15   3 
1143	2  40  27 
1141	6  37  36 
1145	2  11   8 
1145	2  40  34 
1147	2   1   3 
1147	2  23  37 
1147	2  40  34 
1147	6  25  19 
1149	2  28   7 
1149	2  40  46 
1151	2   1   3 
1151	2  28  21 
1151	2  23  37 
1151	2  40  46 
1153	2  22  25 
1153	6   4   2 
1155	2  22  25 
1157	2  22  38 
1157	6  25  19 
1159	2   2   7 
1159	2  28  21 
1161	2   0   3 
1161	2  22  38 
1163	2  15  18 
1163	6  35  28 
1165	2  11   8 
1167	2  15  18 
1163	6  38  31 
1169	2  11  19 
1169	2   2   7 
1169	2  36  29 
1169	6  31  24 
1171	2  15  10 
1173	2  11  19 
1173	6  21   8 
1175	2  11  24 
1177	2  11  24 
1171	6  43  35 
1179	2  28  21 
1179	2   0   3 
1175	6  38  37 
1179	6  24  19 
1181	2  28  21 
1181	2   2   8 
1183	2  35  21 
1183	2   2   8 
1185	2  17  14 
1185	6  20   5 
1187	2  17  14 
1189	2  17  38 
1189	2  35  21 
1185	6   2   1 
1191	2   2  18 
1191	2  36  21 
1193	2  20  32 
1193	2  15  10 
1193	6  44  42 
1195	2   2  18 
1197	2  20  32 
1197	2   2  10 
1193	6  29  28 
1195	6  23  15 
1199	2   2  10 
1199	6  33  20 
1201	2  15   7 
1203	2  15   7 
1199	6  46  44 
1201	6  30  24 
1205	2  33  46 
1205	2  15   8 
1201	6  10   2 
1207	2  29  30 
1207	2  33  46 
1207	2  15   8 
1207	6  18  10 
1209	2  23  32 
1211	2  29  30 
1211	2  33  41 
1209	6   8   0 
1213	2  23  32 
1209	6  46  45 
1213	6  12   4 
1215	2  35  30 
1215	2  33  41 
1217	2  36  21 
1217	2  33  39 
1215	6  16   9 
1219	2  18  32 
1219	2  28  21 
1215	6   7   1 
1219	6  43  37 
1221	2  24  12 
1221	2  28  21 
1221	2  33  39 
1223	2  24  12 
1221	6   9   2 
1225	2  22  25 
1221	6   7   0 
1225	6  45  44 
1227	2  24   3 
1229	2   8  10 
1229	2  35  30 
1223	6  41  40 
1229	6  40  39 
1231	2  24   3 
1233	2   8  10 
1233	2  36  30 
1227	6  19  12 
1233	6  26  19 
1235	2  24  10 
1237	2   8   9 
1237	2  36  30 
1235	6  45  40 
1239	2  19  16 
1241	2  19  16 
1239	6  43  36 
1243	2  24  10 
1243	2  33  46 
1243	6  15   7 
1245	2  18  32 
1247	2  28  30 
1247	2  33  46 
1245	6   5   3 
1249	2  22  25 
1251	2   3  16 
1251	2  33  27 
1251	6  36  30 
1253	2   3  16 
1253	2  33  27 
1255	2  11  25 
1255	2   8   9 
1257	2  31  16 
1257	2  28  36 
1257	2  33  34 
1259	2  31  16 
1259	2  33  34 
1261	2  17  38 
1263	2  22  16 
1263	2  11  25 
1263	6  44  38 
1265	2  17   1 
1265	2  33  40 
1267	2  22  16 
1267	2  33  40 
1267	6  25  19 
1269	2  23  38 
1271	2  23  38 
1267	6  10   3 
1269	6  14   8 
1273	2  25  30 
1273	6  12  10 
1275	2  25  30 
1277	2  21  36 
1277	6  45  31 
1279	2  11  16 
1281	2  11  16 
1277	6  33  26 
1283	2  17   1 
1283	2  21  36 
1283	6  38  32 
1285	2  17  15 
1287	2  17  15 
1285	6  19  12 
1289	2  24   9 
1289	6  38  37 
1291	2  24   9 
1289	6  22  14 
1291	6  11   5 
1295	2  38  33 
1293	6   9   0 
1297	2  38  33 
1295	6  29  22 
1299	2  18  32 
1299	6  16   8 
1301	2  29  37 
1301	2  18  32 
1303	2  29  37 
1299	6  46  45 
1303	6  33  18 
1305	6  45  29 
1309	2   9  18 
1305	6  14   7 
1311	2  25  16 
1311	6  35  21 
1313	2  25  16 
1315	2   9  18 
1311	6  46  44 
1317	2  22  10 
1317	2  45  32 
1319	2  25  46 
1319	6  14   9 
1321	2  25  46 
1323	2  45  32 
1323	6  19  11 
1325	2  23  39 
1327	2  23  39 
1325	6   2   1 
1329	2  24  37 
1329	2  33  39 
1329	6  21  15 
1331	2  24  37 
1331	2  33  39 
1333	2  24  32 
1329	6  12   4 
1333	6  43  37 
1335	2  22  10 
1337	2  15  10 
1337	2  24  32 
1333	6  27  26 
1339	2   9  18 
1339	2  23  31 
1339	6  40  34 
1341	2  15  10 
1343	2   9  18 
1343	2  23  31 
1345	2  17  18 
1345	2  45  39 
1345	2  23  29 
1345	6   4   2 
1347	2  17  18 
1347	2  33  31 
1349	2  45  39 
1349	2  23  29 
1349	6  19  18 
1351	2  33  31 
1353	2  45  31 
1351	6  15   2 
1355	2  45  31 
1353	6  40  33 
1357	2  22  15 
1355	6  17  11 
1359	2  22  15 
1357	6  44  36 
1361	2  25   4 
1361	2  22   8 
1363	2  17  30 
1363	6  15   7 
1365	2  17  30 
1367	2  36  30 
1363	6  40  32 
1363	6  12   5 
1369	2  17  16 
1369	2  36  30 
1369	2   2   7 
1369	6  39  26 
1371	2  17  16 
1371	2   2   7 
1373	2  22   8 
1369	6  12  11 
1375	2  15  30 
1375	6  25  17 
1377	2  15  30 
1379	2   2   8 
1379	6  36  22 
1381	2  25  46 
1381	2   2   8 
1383	2  25  46 
1385	2  22  16 
1385	6  33  18 
1387	2  22  16 
1389	2  15  16 
1385	6  46  44 
1391	2  38  33 
1391	2  17   4 
1391	6  14   8 
1393	2  38  33 
1395	2  25   4 
1395	6  44  36 
1397	2  15  16 
1397	2  25   4 
1399	2  24  26 
1399	6   9   4 
1401	2  22  36 
1403	2  22  36 
1401	6  34  25 
1405	2  15  36 
1407	2  22   9 
1407	6  38  26 
1409	2  22   9 
1411	6  21  16 
1411	6  11   3 
1407	6   7   0 
1413	6  34  20 
1417	2  17  16 
1413	6   7   1 
1417	6  37  29 
1419	2  26  11 
1421	2  26  11 
1419	6   9   8 
1423	2  32  37 
1423	6  20  11 
1425	2  15  36 
1427	2  15   8 
1427	2  24  38 
1429	2  17  16 
1429	2  32  37 
1429	6   4   1 
1431	2  23  39 
1433	2  23  39 
1435	2  11  16 
1435	2  45  37 
1435	2  32  39 
1431	6  26  20 
1437	2  20   4 
1437	2  15   8 
1437	2  24  31 
1437	2  45  37 
1439	2  20   4 
1439	2  24  31 
1439	6  46  43 
1441	2  17  19 
1443	2  11  16 
1443	6  34  20 
1445	2  22  16 
1445	2  32  39 
1447	2  22  16 
1447	2  45  39 
1449	2  34  46 
1449	2  15  16 
1445	6   3   2 
1449	6  30  24 
1451	2  34  46 
1451	2  15  16 
1453	2  34  40 
1449	6  19  11 
1453	6  15   2 
1455	2  17  11 
1455	2  34  40 
1455	2  30  37 
1457	2  19  11 
1457	2  30  37 
1457	2  45  39 
1459	2  15  24 
1459	2  19  11 
1459	6  46  34 
1461	2  15  24 
1463	2  15  21 
1463	6  36  24 
1465	2  15  21 
1459	6   3   2 
1465	6  45  39 
1469	2  15  24 
1465	6   2   1 
1471	2  44  36 
1471	2  15  24 
1469	6  33  26 
1473	2  44  36 
1473	2  15   8 
1473	6  24  11 
1475	2  46  38 
1475	2  15   8 
1477	2  46  38 
1473	6  28  21 
1477	6   8   1 
1479	2  44  28 
1481	2  44  28 
1479	6  26  11 
1483	2  15  16 
1483	2  30  45 
1485	2   9  11 
1485	2  22  24 
1485	6  44  38 
1487	2   9  11 
1487	2  22  24 
1489	2   2  11 
1489	2  15  16 
1485	6  33  26 
1491	2   2  11 
1491	2  38  33 
1491	6  29  15 
1493	2  12  11 
1493	2  38  33 
1495	2  12  11 
1493	6   2   1 
1497	2  17  11 
1497	2  46  31 
1497	6  36  28 
1499	2  15  10 
1499	2  46  31 
1501	2  15  10 
1501	6  38  31 
1503	2  15   0 
1503	2  17  11 
1505	2  15   0 
1505	2  19  11 
1507	2  15  14 
1507	2  19  11 
1507	2  46  37 
1509	2  15  14 
1509	2   3  24 
1511	2  23  18 
1511	6  28  14 
1513	2  23  18 
1515	2  32  18 
1511	6   9   2 
1517	2   8  14 
1517	2  23  25 
1517	6  36  28 
1519	2   8  14 
1519	2  32  18 
1521	2  15  14 
1521	2   3  24 
1523	2  15  14 
1523	2  29  24 
1523	6  10   2 
1525	2  23  25 
1527	2  32  25 
1527	2  46  37 
1495	6  34  27 
1509	6  27  20 
1523	6  20  12 
1525	6  28  14 
1529	2  10  26 
1529	6  31  23 
1531	2  10  26 
1533	2  10   4 
1533	2   8  14 
1533	6  40  27 
1535	2  10   4 
1535	2   8  14 
1535	2  29  24 
1537	2  10  12 
1537	2  15  14 
1539	2  10  12 
1539	2  15  14 
1539	2  30  45 
1539	2  32  25 
1541	2  23   9 
1541	2  46  45 
1541	6  32  18 
1543	2  23   9 
1543	2  46  45 
1545	2  23  16 
1541	6  21  14 
1541	6  27  13 
1541	6  36  35 
1545	6   3   1 
1547	2  39  32 
1547	2  23  16 
1549	2  39  32 
1549	2  23  24 
1547	6  26  18 
1551	2  14   2 
1551	2  23  24 
1547	6  13   5 
1547	6  36  29 
1551	6  44  38 
1553	2   3  18 
1555	2  14   2 
1553	6  29  23 
1557	2   3  18 
1557	2  14   0 
1557	6  38  31 
1559	2  20  18 
1559	2   3   4 
1559	2  14   0 
1561	2  20  18 
1561	2   3   4 
1561	2  14  35 
1563	2  23   2 
1563	6  43  36 
1565	2  23   2 
1567	2  17  18 
1563	6  33  26 
1567	6  15   0 
1569	2  20   4 
1569	2  30  32 
1571	2   3  12 
1571	2  39  25 
1571	6  36  29 
1573	2  23  15 
1573	2  10   5 
1573	2  39  25 
1575	2  23  15 
1575	2  17  18 
1575	6  44  38 
1577	2  20   4 
1579	2   3  12 
1577	6  29  15 
1581	2  10   5 
1581	6  31  24 
1583	2  15   2 
1583	2  19  18 
1585	2  15   2 
1585	2  20  12 
1587	2  14  35 
1587	2  17   4 
1587	6  38  31 
1589	2  15  29 
1589	2   3   5 
1589	2  19  18 
1591	2  14  28 
1591	2  17   4 
1593	2  23  35 
1593	2  20  12 
1593	6   8   2 
1595	2  23  35 
1595	2  19   4 
1597	2  17  12 
1597	2  30  32 
1599	2  10  24 
1599	2  15  29 
1601	2  14  28 
1601	2   3   5 
1601	2  46  32 
1603	2  10  24 
1603	2  14  21 
1603	2  20   5 
1605	2   8  29 
1605	2  19   4 
1605	2  46  32 
1607	2  23  28 
1607	2  20   5 
1607	6  18  10 
1609	2  23  28 
1611	2  14  21 
1607	6  38  37 
1609	6  33  20 
1613	2   8  29 
1615	2   3  24 
1615	6  35  28 
1617	2  18  31 
1619	2  17  12 
1617	6  22  15 
1621	2  18  31 
1621	6   9   3 
1623	2  22  28 
1623	2  19  12 
1625	2  22  28 
1625	2  19  12 
1623	6  38  32 
1627	2  22  35 
1627	6  11   2 
1629	2  23  21 
1631	2  22  35 
1615	6   7   0 
1629	6  45  39 
1633	2  11  26 
1633	2  23  21 
1633	6   8   7 
1635	2  11  26 
1635	2  22  21 
1637	2  11   3 
1637	2  30  25 
1639	2  15   2 
1639	2  18  32 
1635	6  44  43 
1639	6  35  29 
1641	2  15   2 
1641	2  18  32 
1643	2   1   2 
1643	2  17   5 
1643	6  38  32 
1645	2  15  10 
1647	2  11   3 
1647	2   7  28 
1649	2   1   2 
1649	2  11  16 
1649	6  29  21 
1651	2   9  24 
1653	2  33  24 
1649	6  44  38 
1653	6   4   1 
1655	2  33  24 
1655	2  22  29 
1657	2  30  25 
1659	2  15  10 
1659	6  38  30 
1661	2   4  10 
1661	2  15   1 
1663	2  11  16 
1663	6  14   7 
1665	2   4  10 
1667	2  17   5 
1665	6  30  22 
1669	2  19   5 
1669	2  17  24 
1669	6   8   2 
1671	2  18  39 
1673	2  19   5 
1673	2  17  24 
1673	6  37  30 
1675	2  14  28 
1675	2  46  25 
1677	2  15   1 
1677	2  35  28 
1677	2  46  25 
1679	2  22   8 
1679	2  18  39 
1681	2  22   8 
1681	2  18  32 
1683	2  14  21 
1683	2   4   1 
1683	6  36  23 
1685	2  14  21 
1685	2   4   1 
1687	2  18  32 
1689	2  23   8 
1689	2  35  28 
1689	2  18  25 
1691	2  22  10 
1693	2  23   8 
1693	2  18  25 
1695	2  22  10 
1697	2  35  21 
1697	2  19  24 
1697	6   4   2 
1699	2  14  29 
1701	2  35  21 
1701	2  19  24 
1703	2  23  10 
1703	2  28  21 
1703	6  26  13 
1705	2  22   1 
1707	2  14  29 
1707	6  17  11 
1709	2  35  29 
1711	2  28  21 
1709	6   7   2 
1713	2  35  29 
1709	6  13   6 
1713	6  31  18 
1715	2  28  29 
1717	2  28  29 
1715	6  15   1 
1719	2   4   6 
1719	6  44  31 
1721	2   4   6 
1721	2  22  15 
1723	2   4   3 
1723	2  21  29 
1725	2   9  18 
1725	2  21  29 
1725	6   6   5 
1727	2   9  18 
1729	2  17  30 
1731	2   2   5 
1731	6  36  24 
1733	2   2   5 
1735	2   4   3 
1737	2   2   3 
1737	2  33  18 
1737	6  31  30 
1739	2   2   3 
1739	2  33  18 
1741	2  11  18 
1741	6  16   9 
1743	2  11  18 
1745	2  19  18 
1743	6  39  32 
1747	2   4   9 
1747	2  19  18 
1749	2  16  30 
1749	6  12   3 
1751	2  16  30 
1753	2  33  30 
1735	6   7   0 
1755	2   1   3 
1755	2  33  30 
1755	6  12   6 
1757	2  17  31 
1759	2   1   3 
1759	6  31  16 
1761	6   3   1 
1765	2  31  32 
1757	6  36  29 
1761	6  12   5 
1763	6  29  21 
1767	2  24  12 
1767	2   0   1 
1769	2  24  12 
1769	2   0   1 
1769	6  21  14 
1771	2   4   9 
1771	2  31  32 
1773	2   2   9 
1773	2  33  32 
1771	6  13   6 
1775	2  17   8 
1775	2  31  39 
1777	2   4  16 
1777	2  33  32 
1777	6  19  13 
1779	2   2   9 
1779	2  31  39 
1781	2   4  16 
1781	2  33  39 
1783	2  24  19 
1783	2  33  39 
1783	6  14   2 
1785	2  24  19 
1787	2  31  25 
1787	6  19  12 
1789	2  17   8 
1791	2  23  10 
1789	6  38  37 
1793	2   3   5 
1793	2  14  16 
1795	2   3   5 
1795	2  23  15 
1793	6  26  19 
1797	2  24   9 
1795	6  39  38 
1799	2  17  10 
1799	2  22   1 
1799	6  27  12 
1801	2   3   2 
1801	2  14  16 
1801	2  31  25 
1803	2  24   9 
1803	6  29  21 
1805	2  39  26 
1805	2  17  10 
1807	2  39  26 
1807	2   3   2 
1807	2  24  16 
1809	2  39  27 
1809	2  23  15 
1809	6   2   0 
1811	2  39  27 
1811	2  17  15 
1813	2  24  16 
1813	6  39  26 
1815	2   2   5 
1817	2  22   1 
1819	2   2   5 
1819	2  33  25 
1819	6  38  29 
1821	2   2   0 
1821	2  33  25 
1823	2   3  18 
1823	6  33  27 
1825	2  38  39 
1825	2  17  15 
1825	2   2   0 
1827	2  38  39 
1827	2   3  18 
1825	6  36  35 
1829	2  38  33 
1827	6  22  16 
1831	2  38  33 
1827	6   8   1 
1829	6   5   3 
1833	2  36  39 
1833	6  26  19 
1835	2   4   1 
1835	2  36  39 
1837	2   4   1 
1837	6  39  36 
1839	2  14   1 
1839	2   4  10 
1841	2  16   3 
1839	6  19  12 
1843	2  23   8 
1843	2   4  10 
1843	2  28  36 
1843	2  39  33 
1845	2  12   9 
1845	2  28  36 
1845	2  39  33 
1845	6  31  30 
1847	2  12   9 
1849	2  14   1 
1847	6  36  28 
1851	2  23   8 
1847	6  39  33 
1849	6  12  11 
1853	2  21  28 
1853	6  24   9 
1855	2  21  28 
1857	2  35  28 
1853	6  39  37 
1855	6  19  12 
1859	2  16   3 
1859	2  36  37 
1859	6  31  25 
1861	2   9   1 
1861	2  36  37 
1863	2  16   0 
1863	2  35  28 
1861	6  27  13 
1865	2  38  24 
1865	2   9   1 
1861	6   4   3 
1867	2  19  25 
1867	2   3  15 
1867	6  37  35 
1869	2  19  25 
1869	2   3  15 
1871	2  27  25 
1871	6  14   9 
1873	2  19  32 
1875	2  27  25 
1873	6  30  29 
1877	2  19  32 
1877	2   9  10 
1879	2  17   8 
1879	2  21  35 
1879	6  12   5 
1881	2  27  32 
1881	2   9  10 
1881	2  21  35 
1883	2  38  24 
1883	2   9  15 
1885	2   2  18 
1885	2  37  35 
1887	2  12  25 
1887	2   9  15 
1887	2  37  35 
1889	2  17   8 
1889	2  28  35 
1889	6  26  12 
1891	2  16   0 
1891	2  28  35 
1893	2   3   8 
1893	6  23  17 
1895	2  26  25 
1895	2   3   8 
1897	2  27  32 
1897	2   9   8 
1893	6  29  28 
1899	2  17   4 
1899	2  26  32 
1899	6  14   1 
1901	2  17   4 
1901	2  26  32 
1903	2  33  24 
1899	6  35  28 
1905	2   2  18 
1905	6  31  30 
1907	2   1  10 
1909	2  16  18 
1905	6  34  27 
1909	6   3   2 
1911	2  19  31 
1913	2  19  31 
1909	6   7   0 
1915	2  34  31 
1915	2   1  10 
1917	2  33  24 
1917	2   1  15 
1917	6  10   4 
1919	2  34  31 
1919	2   1  15 
1921	2  26  31 
1921	6  15   7 
1923	2  36  24 
1925	2  36  24 
1923	6  11   3 
1927	2   9   8 
1927	2  26  31 
1927	6  36  28 
1929	2  23  10 
1929	2   1   8 
1931	2  17  15 
1929	6  26  19 
1933	2  23  10 
1933	2   1   8 
1935	2  11  25 
1935	6  22   8 
1937	2  11  25 
1939	2  11  32 
1941	2   3   8 
1941	6  31  26 
1943	2   3   8 
1945	2   2  10 
1945	6  14   0 
1947	2  31  30 
1947	2   2  10 
1949	2  31  30 
1949	2   9  10 
1947	6  46  34 
1951	2   3   0 
1951	6  31  30 
1953	2   3   0 
1955	2  17  15 
1955	2   3   4 
1957	2  16  18 
1957	2  46  31 
1957	2   3   4 
1957	6   7   0 
1959	2  23  15 
1959	2  17  18 
1961	2  16  25 
1959	6  38  36 
1963	2  23  15 
1963	2  17  18 
1965	2  16  25 
1965	6  36  28 
1967	2  11  32 
1969	2  46  31 
1969	2   3   0 
1971	2  21  24 
1973	2   2  15 
1973	2  17  25 
1975	2  23  18 
1975	6  28  14 
1977	2  11  26 
1979	2  19  31 
1979	2   9  10 
1981	2  14   8 
1981	2  23  18 
1983	2  14   8 
1983	2  17  25 
1985	2  14   7 
1985	2  11  26 
1987	2  14   7 
1987	2  19  31 
1987	6  10   2 
1989	2  23  25 
1991	2  23  25 
1989	6  14   7 
1993	2   1   2 
1993	6  18  16 
1995	2   1   2 
1993	6  33  31 
1997	6   7   1 
1999	2  18  32 
2001	2  18  32 
2003	2   1   4 
2003	6  25  23 
2005	2   1   4 
2007	2   3   0 
2009	2  21  24 
2009	2   1   0 
2011	2  10  15 
2011	2   1   0 
2011	6  33  19 
2013	2  37  24 
2013	2   9  15 
2015	2  10  16 
2015	6  31  24 
2017	2  18  26 
2017	2   9  15 
2019	2  11  19 
2019	2   7  15 
2015	6  36  28 
2019	6   3   2 
2021	2  17  32 
2021	2   7  15 
2023	2  37  31 
2023	2  18  26 
2021	6  28  21 
2025	2  24   8 
2025	2  11  19 
2027	2  24   8 
2029	2  21   8 
2029	2  18  19 
2031	2  21   8 
2031	2  18  19 
2033	2  10  16 
2033	2  29  31 
2035	2  17  32 
2035	6  22   8 
2037	2  25  32 
2039	2  17  26 
2041	2  28  22 
2041	2   2   8 
2041	2  25  32 
2043	2  28  22 
2043	2   2   8 
2043	2  17  26 
2045	2  37  22 
2045	2   1   8 
2045	2  25  26 
2047	2   2   3 
2047	2  29  31 
2049	2   9  16 
2049	2  38  31 
2049	2  25  26 
2051	2  10  23 
2051	2   1   8 
2049	6  21  14 
2053	2   2   3 
2053	2  17  19 
2053	2  38  31 
2055	2  24  21 
2055	2   1   3 
2057	2  24  21 
2057	2   1   3 
2059	2  14  21 
2059	2   9  16 
2059	6  18   4 
2061	2  14  21 
2063	2  28  21 
2059	6  38  30 
2061	6   8   0 
2065	2  24  18 
2065	2  37  22 
2067	2  24  18 
2067	2  28  21 
2069	2  24   8 
2069	6  29  21 
2071	2  24   8 
2073	2   7  16 
2075	2  10  23 
2073	6  32  26 
2077	2  21  22 
2075	6   8   0 
2079	2  37  29 
2079	2  17  19 
2081	2  24   8 
2081	2  37  29 
2083	2   2  15 
2083	2  25  19 
2085	2   9  23 
2085	2  25  19 
2087	2  10  26 
2087	2  21  22 
2089	2  24   8 
2089	2  21  29 
2091	2   2  15 
2091	6  32  18 
2093	2   9  23 
2095	2  30  22 
2095	6   8   1 
2097	2  30  22 
2099	2  21  29 
2097	6  26  17 
2101	2   8  15 
2101	2  30  29 
2103	2   7  16 
2103	2  30  29 
2103	6  19  11 
2105	2   2  16 
2107	2   7  23 
2103	6  38  32 
2109	2  10  17 
2109	2   8  15 
2109	6  38  30 
2111	2   9  17 
2113	2  10  18 
2115	2  14  30 
2115	2   9  17 
2117	2  14  30 
2117	2  10  18 
2119	2  28  30 
2119	2   9  18 
2121	2  14   0 
2121	2  24   3 
2123	2  28  30 
2123	2  10  11 
2125	2  14   0 
2125	2  37  30 
2125	2   9  18 
2127	2  14   1 
2127	2  37  30 
2127	2  10  11 
2129	2  14   1 
2129	6  10   3 
2131	2   7  23 
2133	2  31  22 
2133	6   7   0 
2135	2  24  10 
2137	2   2  16 
2135	6  28  21 
2139	2   8  16 
2135	6  37  36 
2141	2  21   7 
2141	6  17   2 
2143	2  21   7 
2145	2  28  30 
2145	6  14   7 
2147	2  17  23 
2149	2  28  30 
2149	2   9  11 
2151	2   7  10 
2151	2  38  30 
2153	2  24  15 
2153	2   0   2 
2153	6  36  28 
2155	2   7  10 
2157	2  24  15 
2157	2   0   2 
2159	2  28  14 
2159	2  17  23 
2159	6   1   0 
2161	2  31  22 
2163	2  28  14 
2163	2  38  30 
2161	6  18  10 
2165	2  21   0 
2167	2  21   0 
2167	6  11   3 
2169	2   8  16 
2169	2  31  29 
2171	2   7  15 
2171	2  31  29 
2173	2  24  16 
2173	2  22  29 
2175	2   8  23 
2175	6  28  21 
2177	2  17   2 
2177	2   7  15 
2177	2  31  30 
2179	2   1  10 
2179	2  31  30 
2181	2  21   0 
2181	6  31  18 
2183	2  21   0 
2185	2   9   3 
2185	2  22  29 
2187	2  28  31 
2187	2   1  10 
2189	2  28  31 
2189	2   1   3 
2191	2  24  16 
2191	2   1   3 
2191	6  36  21 
2193	2  17   2 
2195	2  17  10 
2197	2  21  14 
2197	2  36  31 
2197	2  17  10 
2199	2  21  14 
2199	2  36  31 
2199	2   1   9 
2201	2   8  23 
2201	6  38  37 
2203	2  21   0 
2203	2  17   3 
2205	2  28  15 
2205	6  25  11 
2207	2   7  16 
2209	2   8   2 
2209	2  22  30 
2211	2  24  23 
2211	2   8   2 
2211	6  37  29 
2213	2   7  16 
2215	2  24  23 
2215	2   8  10 
2217	2  29  14 
2217	2  17   3 
2219	2  29  14 
2219	2  17  25 
2219	6   9   2 
2221	2  22  30 
2221	2  25  17 
2223	2  37  30 
2223	2  17  25 
2223	6  14   0 
2225	2  24   9 
2227	2  24   9 
2229	2  21  14 
2229	2  37  30 
2229	2   2   1 
2229	6  18  17 
2231	2  28  15 
2231	2   1   2 
2233	2  29  14 
2233	6   1   0 
2235	2  28  16 
2237	2  29  14 
2239	2  17   1 
2239	6  37  21 
2241	2  17   1 
2243	6   9   8 
2245	2  37  31 
2247	2  37  31 
2249	2  36  15 
2251	2   7  23 
2253	2  36  15 
2255	2  28  16 
2257	2   7  23 
2259	2   9  10 
2259	2  29  31 
2259	6   7   1 
2261	2  28  23 
2263	2  24  10 
2263	6  37  29 
2265	2   1   8 
2265	2  24  10 
2267	2   9   3 
2269	2  22   7 
2269	2  37  31 
2269	2   9   3 
2271	2  17  14 
2273	2  29  15 
2275	2  22   7 
2277	2  17  14 
2279	2  29  15 
2281	2  28  23 
2281	2   1   8 
2283	2  21   7 
2283	2  17  31 
2285	2  22  14 
2285	2   1  10 
2287	2  24   3 
2287	2  21   7 
2289	2  22  14 
2289	2  17  31 
2291	2   1  10 
2291	2  21  14 
2291	6  36  31 
2293	2  21  14 
2293	2   9  11 
2295	2  11   9 
2295	6  14   7 
2297	2  31  16 
2299	2  31  16 
2301	2  29  16 
2303	2  31  23 
2303	2   9  11 
2303	6  28  14 
2305	2  31  23 
2307	2  24   3 
2309	2  14   8 
2309	2  30  28 
2311	2  29  16 
2311	2   1   3 
2313	2  14   8 
2313	2  29  23 
2315	2  22  36 
2315	2   1   3 
2315	6  31  18 
2317	2  22  36 
2317	6   9   8 
2321	2  30  28 
2323	2  18   9 
2323	2  29  23 
2325	2  18   9 
2325	2  21  36 
2327	2  21  36 
2327	2   1   4 
2327	2  24  26 
2329	2  26  24 
2329	2   4   1 
2329	6  37  28 
2331	2   1   4 
2331	2  24  26 
2333	6  10   7 
2339	2  28  15 
2335	6  31  30 
2339	6  18  10 
2341	2  28  15 
2343	2  14   7 
2341	6  37  30 
2345	2  17  15 
2345	6   3   2 
2347	2  17  15 
2349	2  14   7 
2349	2  31  18 
2351	2  28  16 
2351	6  33  12 
2353	2  28  16 
2355	2  22  15 
2357	2  17  16 
2355	6  37  36 
2359	2  10   7 
2361	2  28  23 
2361	6  32  18 
2363	2  14   2 
2365	2  22  15 
2367	2  31  32 
2367	2  17  16 
2367	6  14   8 
2369	2  28  23 
2371	2  30  32 
2367	6  19  11 
2373	2  10   7 
2373	2  31  37 
2375	2   8   2 
2375	2  17  23 
2377	2  21  15 
2377	2  10   2 
2377	2  30  32 
2379	2  22  16 
2379	2  31  37 
2381	2  21  15 
2381	2  10   2 
2381	2  30  37 
2381	6  32  24 
2383	2  30  37 
2383	2  10  12 
2385	2  12  10 
2385	6  29  15 
2387	2  10  12 
2335	6  46  45 
2385	6  45  38 
2391	2  15   9 
2391	2  31  29 
2393	2  15   9 
2393	2  31  29 
2395	2  15   7 
2395	2  24  37 
2397	2  22  16 
2397	6  38  36 
2399	2  17  23 
2401	2  15   7 
2403	2  21  16 
2405	2  22  23 
2405	6   9   7 
2407	2  22  23 
2409	2  30  29 
2411	2  28   7 
2413	2  28   7 
2415	2  15   2 
2415	2  30  29 
2417	2  21  16 
2419	2  15   2 
2421	2  31  16 
2423	2  21  23 
2425	2  24  37 
2421	6   7   1 
2427	2  17   1 
2429	2  17   1 
2431	2  22   1 
2433	2  31  16 
2433	6   7   1 
2435	2  21  23 
2437	2  24  29 
2439	2  22   7 
2439	6  31  17 
2441	2  21   7 
2443	2  21   7 
2445	2  30  16 
2445	6  28  21 
2447	2  17  23 
2449	2  30  16 
2445	6   2   1 
2451	2  21   9 
2453	2  21   9 
2455	2  24  29 
2455	6   7   1 
2457	2  17  23 
2459	2  37  29 
2459	2  24  16 
2461	2  21   7 
2461	2  30  23 
2461	6  17   9 
2463	2  21   7 
2463	2  30  23 
2465	2  37  29 
2465	6  14   7 
2467	2  31  17 
2469	2  31  17 
2471	2  22  17 
2467	6   2   1 
2473	2  22  17 
2473	6   8   2 
2475	6  31  28 
2479	2   9   8 
2389	6  13  12 
2395	6  12   4 
2475	6  11   4 
2481	2  28  14 
2481	2  31  17 
2481	2   2   4 
2483	2  28  14 
2483	2  24  16 
2483	2   4   2 
2485	2  22  14 
2485	2   9   8 
2485	6  25  11 
2487	2  22  14 
2489	2  22  35 
2491	2  31  17 
2491	2  35  22 
2491	2   2   4 
2493	2  37  16 
2495	2  24  23 
2495	6  21   8 
2497	2  24  23 
2495	6  18  10 
2501	2  30  21 
2501	2   9  17 
2503	2  37  16 
2505	2  30  21 
2505	2   9  17 
2501	6  32  25 
2507	2  29  16 
2507	6  38  32 
2509	2  29  16 
2511	2   8  10 
2511	6  36  28 
2513	2  10   8 
2515	2   8  10 
2513	6  31  30 
2517	2  15  28 
2401	6  34  20 
2493	6  20   5 
2517	6   5   3 
2519	2  30  14 
2521	2  30  14 
2517	6  25  17 
2523	2  37  23 
2525	2  24  21 
2527	2  31  25 
2527	2   9  14 
2529	2  37  23 
2531	2  24  21 
2533	2  31  25 
2533	2   9  14 
2535	2  29  23 
2535	2   9   3 
2535	6  15  14 
2537	2  24  25 
2537	2  36  38 
2537	2   3   9 
2539	2  29  23 
2539	2   9   3 
2539	6  46  32 
2541	2  16  23 
2541	2  28  14 
2543	2  16  23 
2543	2  14  28 
2545	2  37  21 
2545	2  24  25 
2547	2  31  15 
2549	2  37  21 
2551	2  31  15 
2553	2  29  21 
2553	2  31  39 
2555	2  37  25 
2553	6  16  15 
2557	2  29  21 
2557	2  39  31 
2407	6  41  34 
2559	2  24  16 
2559	2  38  36 
2559	6  41  40 
2561	2  37  25 
2561	2  15  21 
2563	2  24  16 
2563	2  36  38 
2565	2  37  16 
2567	2  15  21 
2567	2  24  32 
2569	2  37  16 
2571	2  23  21 
2573	2  23  21 
2569	6  32  25 
2575	2  29  32 
2577	2  29  32 
2579	2  29  16 
2579	2  31  39 
2581	2  29  16 
2581	6  32  31 
2583	2  29  43 
2585	2  43  29 
2579	6  34  26 
2585	6  27  18 
2587	2  30  44 
2589	2  44  30 
2591	2  15  31 
2593	2  15  31 
2595	2  23  31 
2595	6  36  21 
2597	2  23  31 
2599	2  25  24 
2601	2  15  16 
2601	2  36  31 
2603	2  15  16 
2603	2  36  31 
2605	2  23  16 
2605	6  36  21 
2607	2  23  16 
2609	2  24  25 
2581	6  47  46 
2587	6  47  41 
2593	6  47  46 
2599	6  47  34 
2605	6  46  38 
2605	6  34  33 
2611	2  21  16 
2611	2  37  40 
2613	2  21  16 
2613	2  40  37 
2615	2  31  16 
2615	6  35  21 
2617	2  31  16 
2619	2  31  45 
2619	6  18  16 
2621	2  35  38 
2623	2  38  35 
2625	2  18  33 
2625	2  15  16 
2625	2  29  43 
2627	2  23  26 
2629	2  16  15 
2629	2  45  31 
2631	2  26  23 
2633	2  33  18 
2633	2  15  16 
2633	2  30  44 
2635	2  18  33 
2635	2  22  21 
2637	2  31  45 
2639	2  35  38 
2641	2  23  26 
2643	2  37  40 
