   1	2   6   7 
   1	6  34  20 
   3	2   6   7 
   5	2   6   1 
   1	6  17  10 
   7	2   6   1 
   7	6  14  10 
   7	6  27  22 
  13	2   7   1 
  13	6  27  19 
  15	2   7   1 
  13	6  16   9 
  19	2   6  13 
  19	6   3   2 
  21	2   6  13 
  23	2   7  13 
  19	6  33  25 
  25	2   6   8 
  25	6  25  24 
  27	2   7  13 
  29	2   6   8 
  31	2   1  13 
  33	2   7   8 
  35	2   6   0 
  37	2   1  13 
  39	2   7   8 
  41	2   6   0 
  43	2   1   8 
  43	2   6  12 
  45	2   7   0 
  47	2   1   8 
  47	2   6  12 
  49	2   7   0 
  51	2  13   8 
  51	2   1   0 
  53	2   7  12 
  55	2   6  18 
  57	2  13   8 
  57	2   1   0 
  59	2   7  12 
  61	2   6  18 
  63	2  13   0 
  65	2   1  12 
  67	2   7  18 
  69	2   6  20 
  71	2  13   0 
  73	2   1  12 
  75	2   7  18 
  77	2   6  20 
  79	2   8   0 
  79	6  25  18 
  81	2   6  14 
  83	2   8   0 
  85	2  13  12 
  85	6   8   1 
  87	2  13  12 
  85	6  25  21 
  91	2   8  21 
  91	6  32  25 
  93	2   8  21 
  95	2   6  14 
  97	2   7  20 
  99	2   7  20 
 101	2   1  12 
 101	6  21  15 
 103	2   6  19 
 105	2   1  12 
 107	2  13  15 
 109	2   8  20 
 109	2   0  12 
 111	2   7  14 
 113	2  13  15 
 115	2   8  20 
 115	2   0  12 
 117	2   7  14 
 119	2   6  19 
 121	2   1  15 
 123	2  13  20 
 125	2   8  14 
 125	6  25  12 
 127	2   8  14 
 129	6   3   1 
 131	2  13  20 
 133	2  13  14 
 123	6  33  27 
 133	6  27  25 
 135	2   6   9 
 137	2   6   9 
 139	2   7  19 
 139	2   3  15 
 141	2   7  19 
 141	6  15   3 
 143	6   1   0 
 147	2  15  20 
 149	2   1   3 
 149	2  15  20 
 151	2   8  19 
 151	6  27  21 
 153	2   7   9 
 155	2   6   2 
 157	2   1   3 
 157	2  13  14 
 159	2   8  19 
 161	2   7   9 
 163	2   6   2 
 163	2  15  14 
 165	2  21   3 
 167	2  13  19 
 167	2   8   9 
 169	2   7   2 
 169	2  15  14 
 171	2   6  24 
 171	6  20  14 
 173	2   7   2 
 175	2   6  24 
 177	2   1  14 
 177	6  25  24 
 179	2  21   3 
 181	2   1  14 
 181	6  34  27 
 183	2  13  19 
 183	2   8   9 
 185	2  15  19 
 187	2  21  14 
 187	2   6  18 
 189	2  13   9 
 189	6  27  26 
 191	2   8   2 
 191	2   6  18 
 193	2  13   9 
 195	2   7  25 
 197	2  21  14 
 197	2   6  12 
 199	2  15  19 
 201	2   8   2 
 201	2   6  12 
 201	6  26  19 
 203	2  15   9 
 203	2   6   0 
 205	2  15   9 
 205	2   6   0 
 207	2   7  25 
 209	2   3  14 
 211	2  13   2 
 209	6  26  25 
 213	2   3  14 
 215	2   8  26 
 217	2   7  18 
 217	6  10   9 
 219	2   7  18 
 221	2   7  12 
 217	6  32  21 
 223	2  13   2 
 225	2   8  26 
 227	2  15   2 
 227	6  19  18 
 229	2  15   2 
 231	6   2   0 
 233	2  13  26 
 235	2  13  26 
 237	2   8  19 
 239	2   8  19 
 241	2   7  12 
 241	2  15  26 
 243	2  13  19 
 243	6   8   1 
 245	2  13  19 
 247	6  25  21 
 249	2   7   2 
 251	2   7   2 
 253	2   8  20 
 255	2   8  20 
 257	2  32  20 
 257	2   1  12 
 259	2   8  21 
 261	2  32  20 
 261	2   1  12 
 263	2   8  21 
 265	2  32  21 
 265	2   8  10 
 267	2  32  21 
 267	2   8  10 
 269	2   8   0 
 269	6  32  22 
 271	2   8   0 
 273	2  13  12 
 273	2   1   2 
 275	2  22  10 
 275	2   6  24 
 275	6  20  14 
 277	2  22  10 
 277	2   6  24 
 279	2   6  18 
 279	6  22  16 
 281	2   3  14 
 281	2   6  18 
 283	2   3  14 
 283	6  25  18 
 285	2  20  14 
 285	2   1   2 
 287	2  20  14 
 275	6  33  32 
 285	6  16   4 
 289	2  13  12 
 287	6   1   0 
 291	2  15  26 
 293	2   3  21 
 293	6  13   7 
 295	2   3  21 
 297	2  20  21 
 297	2   3  10 
 293	6  32  31 
 299	2   4   1 
 299	2  20  21 
 299	6  31  30 
 301	2  15  19 
 301	2   7   2 
 303	2   3  10 
 303	2  14  21 
 305	2   8  26 
 307	2  13  24 
 309	2   4   1 
 309	6  26  22 
 311	2   3   1 
 313	2   3   1 
 315	2   8  22 
 317	2  15  19 
 317	2   7   2 
 319	2  13  24 
 319	2   4  22 
 321	2  20  10 
 321	6   7   1 
 323	2  14  21 
 325	2  20  10 
 327	2   8  19 
 327	6  16   4 
 329	2  13  25 
 331	2   8  19 
 333	2  15  12 
 335	2   6   9 
 335	6  20  19 
 337	2  16  22 
 339	2   6   9 
 341	2  15  12 
 343	2  13  25 
 343	6  22   4 
 345	2  19   7 
 347	2   6  18 
 349	2  14  10 
 349	2   6  18 
 351	2   3   4 
 351	2  16  20 
 351	6  12   0 
 353	2   3   4 
 353	2  16  20 
 355	6  20   9 
 357	2  12  24 
 359	2  12  24 
 357	6   1   0 
 361	2  12  25 
 361	2   3   9 
 363	2   8   1 
 363	2  12  25 
 363	6  16   4 
 365	2  13  20 
 367	2  19   7 
 369	2  15   2 
 369	6  24  12 
 371	2   8   1 
 373	2  15   2 
 375	2   0  12 
 375	2   8   2 
 375	6  26  16 
 377	2   0  12 
 377	2   8   2 
 379	6   8   1 
 381	2  19  26 
 383	2  19  26 
 385	2  14  10 
 385	6   1   0 
 387	2  13  20 
 387	2   3   9 
 389	2  21  10 
 389	2  13  18 
 391	2  14   7 
 393	2   4   8 
 393	6  25  20 
 395	2   4   8 
 397	2   3   8 
 399	2  15  12 
 401	2  24  25 
 401	2  21  10 
 401	6  12   1 
 403	2  24  25 
 405	6  26  16 
 407	2  13  18 
 409	2   3   8 
 411	2  12  20 
 411	2   4   2 
 413	2  14   7 
 413	2  24  18 
 415	2  15   1 
 415	2  24  18 
 417	2  12  20 
 417	2   0   1 
 417	6  30  24 
 419	2  21   7 
 421	2  14  16 
 421	2   0   1 
 423	2   6  24 
 425	2   6  24 
 423	6  21  15 
 427	2  12  25 
 427	2   4   2 
 429	2  19   9 
 431	2  21  20 
 431	2   3   2 
 433	2  13  24 
 433	2   3   2 
 433	6  26  21 
 435	2  13  24 
 437	2   4   1 
 437	2  30  24 
 439	2  15   7 
 439	2  30  24 
 441	2  14  16 
 443	2  19   9 
 445	2  26  20 
 445	2  10   7 
 447	2  12  25 
 447	2  15  16 
 449	2  14   9 
 449	2  26  25 
 449	2  12  18 
 451	2  19   8 
 453	2  10   7 
 453	2  26  25 
 455	2  15  16 
 455	2  12  18 
 455	6   7   2 
 457	2  10  16 
 457	2  26  18 
 459	2  10  16 
 459	2  26  18 
 461	2  14   9 
 461	2  12  24 
 463	2  19   8 
 465	2   4   1 
 465	6  31  18 
 467	2  15   9 
 469	2  14   8 
 471	2   6  18 
 471	2  15   9 
 471	6  32  31 
 473	2   6  18 
 473	2  14   8 
 475	2  13  18 
 475	2   3   1 
 477	2  13  18 
 477	2   3   1 
 477	6  31  25 
 479	2   2  16 
 481	2  10   9 
 479	6  20  13 
 483	2   2  16 
 485	2   0  13 
 485	2  10   9 
 485	6  31  26 
 487	2   0  13 
 487	2   2   9 
 489	2  15   8 
 489	6   4   3 
 491	2  19   7 
 493	2  30  18 
 493	2  15   8 
 493	6  26  20 
 495	2  12  24 
 495	2  10   8 
 497	2  30  18 
 497	2   2   9 
 499	2   3  13 
 499	2  31  24 
 501	2  19   7 
 501	2  16   9 
 503	2   3  13 
 503	2  31  24 
 505	2  14   7 
 505	2  12  18 
 505	6  10   3 
 507	2  14   7 
 507	2  12  18 
 509	2  31  18 
 511	2  19   1 
 511	6  16   4 
 513	2  19   1 
 515	2  31  18 
 515	6   7   2 
 517	6  25  18 
 521	2  15   2 
 523	2   6  18 
 523	2   3   8 
 523	6  27  21 
 525	2   6  18 
 525	2   4   9 
 527	2   7   8 
 529	2  26  18 
 529	2   7   8 
 531	2  26  18 
 531	2   4   8 
 531	6   6   0 
 533	2  30  18 
 533	2  15   2 
 535	2  30  18 
 535	2   3   2 
 533	6  32  26 
 537	2  16  13 
 537	2   3   2 
 539	2   6  20 
 541	2   6  20 
 543	2  10  20 
 543	2   7   2 
 545	2  16  13 
 547	2  10  20 
 547	2   7   2 
 549	2  14   1 
 549	2  12  18 
 549	6  26  25 
 551	2  14   1 
 551	2  12  18 
 553	2  15   1 
 555	2  19  13 
 555	6   3   0 
 557	2  19  13 
 559	2  14  13 
 547	6  33  28 
 553	6  28  23 
 555	6  31  30 
 559	6  23  17 
 561	2  30  18 
 561	2   4   8 
 563	2  14  13 
 563	2   4   2 
 559	6  33  27 
 563	6  25  18 
 565	2  15   1 
 567	2   0   1 
 567	2   9   8 
 565	6  33  32 
 569	2   6  18 
 569	2   9   8 
 571	2   3  21 
 571	2   6  18 
 573	2   3  21 
 573	6  18   6 
 575	2  33  21 
 575	2   4   2 
 577	2   3  17 
 577	6  33  28 
 579	2   3  17 
 579	2  18  24 
 581	2  16  20 
 581	2  18  24 
 581	2   0   1 
 581	6   4   3 
 583	2  28  21 
 583	2  30  25 
 583	2   7   1 
 585	2  31  21 
 585	2   7   1 
 587	2  28  17 
 587	2   9   2 
 587	6  31  26 
 589	2  28  17 
 589	2   3   1 
 591	2  15  13 
 591	6  11   4 
 593	2  26  21 
 595	2  18  31 
 593	6   6   0 
 597	2  16  20 
 599	2  19  20 
 599	2   9   2 
 599	6  22  11 
 601	2  19  20 
 601	2   3   1 
 603	2  18  31 
 603	2  14  20 
 605	2  22  27 
 605	2  18  25 
 605	2  14  20 
 605	6   3   0 
 607	2  22  27 
 607	2  18  25 
 609	2  28  27 
 607	6  20  14 
 611	2  10   3 
 611	2  22  34 
 609	6  25  24 
 613	2  10   3 
 613	2  28  27 
 615	2  16   3 
 615	6  25  20 
 617	2  16   3 
 619	2  22  34 
 619	2   8   2 
 615	6  18  12 
 619	6  11   5 
 621	2  18  21 
 621	2   8   2 
 623	2  18  21 
 625	2  10  20 
 625	2  28  34 
 625	6  30  24 
 627	2  10  20 
 627	2  28  34 
 629	2  16  20 
 629	6   5   4 
 631	2  22  33 
 633	2  15  13 
 631	6  25  24 
 635	2  22  33 
 635	2   6  13 
 637	2  25  21 
 637	2   6  13 
 637	6  29  17 
 639	2  25  21 
 639	2   7  13 
 641	2  15  14 
 641	6  31  18 
 643	2  28  33 
 643	2  15  14 
 645	2  22  23 
 645	2   9   1 
 647	2  26  29 
 647	2   7  13 
 649	2  26  29 
 649	2   9   1 
 649	6  18  12 
 651	2  26  27 
 651	2  22  23 
 651	2   8   1 
 653	2  16  20 
 653	2  28  33 
 653	2   8   1 
 655	2  26  27 
 655	2   6  14 
 655	6  17   5 
 657	2  26  34 
 657	2   2   1 
 659	2  26  34 
 659	2   2   1 
 661	2  18  21 
 663	2  18  21 
 665	2  26  33 
 665	2  22  11 
 665	2   0  13 
 667	2  28  23 
 667	2   6  14 
 667	6  10   3 
 669	2  26  33 
 669	2   7  14 
 671	2  28  23 
 671	2   0  13 
 673	2  22  11 
 673	2   7  14 
 673	6  33  31 
 675	2   9  13 
 677	2   0  14 
 677	6  23  11 
 679	2   0  14 
 681	6  12   2 
 683	2  33  29 
 685	2  33  29 
 679	6  30  25 
 683	6  15  10 
 687	2   3   2 
 687	2  33  27 
 687	6  24   6 
 689	2   3   2 
 689	2  33  27 
 691	2  33  34 
 689	6  11  10 
 693	2  33  34 
 693	6  25   7 
 695	2  28  23 
 697	2  28  23 
 695	6  16  10 
 699	2  33  31 
 699	6   6   1 
 701	2  19  15 
 703	2  19  15 
 701	6  34  29 
 705	2   1  15 
 701	6  11   4 
 705	6  30  25 
 707	2  10   2 
 709	2   3   7 
 707	6  34  27 
 711	2  19  20 
 711	2  10   2 
 707	6  29  23 
 713	2  25  27 
 713	2   3   7 
 713	6  23  11 
 715	2  19  20 
 715	2  33  31 
 717	2  25  27 
 715	6   7   2 
 719	2  26  16 
 721	2   1  15 
 721	6  34  31 
 723	2   4  15 
 725	2  10   2 
 727	2  19   7 
 727	2   4  15 
 727	6  33  29 
 729	2  25  31 
 729	2  10   2 
 731	2  19   7 
 731	6  11   3 
 733	2  25  31 
 731	6  21  15 
 733	6   7   1 
 737	2  11  15 
 735	6  25  18 
 739	2  11  15 
 739	6   3   2 
 741	2  25  27 
 741	2  10  15 
 743	2  25  27 
 743	2  10  15 
 745	2   7  20 
 745	6  10   4 
 747	2   7  20 
 749	2   7   1 
 749	2  25  31 
 749	6  29  27 
 751	2   7   1 
 751	2  25  31 
 753	2   9  13 
 753	6  25  24 
 755	2  11  29 
 755	2   8  13 
 757	2  11  29 
 757	2   8  13 
 759	2  25  21 
 759	2  12  13 
 759	6   3   1 
 761	2  22  32 
 761	2  12  13 
 763	2  25  21 
 763	6  29  17 
 765	2  19   1 
 767	2  19   1 
 769	2  10  20 
 769	2   7   1 
 769	6  30  24 
 771	2  10  20 
 771	2   7   1 
 773	2  10   3 
 773	2   6  13 
 775	2  26  16 
 775	2   6  13 
 775	6   2   1 
 777	2  22  32 
 777	2   9  14 
 779	2  25  20 
 779	2   4  17 
 781	2  19  15 
 781	6   6   1 
 783	2  27  16 
 785	2  26  33 
 785	2  22  23 
 785	2  10   3 
 783	6  30  24 
 787	2  28  32 
 787	2  10   2 
 787	6  20  19 
 789	2   4  17 
 791	2  28  32 
 791	2  10   2 
 793	2  18   6 
 793	2  20  15 
 793	2  22  23 
 793	6   3   2 
 795	2  18   6 
 795	2  27  16 
 797	2  24   6 
 797	2  28  23 
 797	6  21  20 
 799	2  24   6 
 799	2  28  23 
 801	6  34  31 
 803	2   7  15 
 805	2   9  14 
 805	6   6   0 
 807	2  30  20 
 809	2  18  31 
 809	2  21  17 
 811	2  30  20 
 811	6  34  23 
 813	2  25  19 
 813	2   8  14 
 815	2  18  31 
 815	2   8  14 
 799	6   5   4 
 817	2  11  23 
 817	2  26  33 
 817	2   7  15 
 819	2  11  23 
 819	2   6  20 
 819	2  24  31 
 821	2  30  19 
 821	2   5  23 
 821	2  27  33 
 821	6   2   0 
 823	2  26  32 
 823	2  22  29 
 825	2  30  19 
 825	2   5  23 
 825	2  27  33 
 827	2   6  20 
 827	2  24  31 
 827	6  11   3 
 829	2  26  32 
 829	2  22  29 
 829	2  12  14 
 831	2   6  19 
 831	2  27  32 
 833	2   3   2 
 833	2  21  17 
 833	6  25  18 
 835	2   3   2 
 835	2  10  15 
 835	2  28  29 
 837	2  21  23 
 837	2   5   2 
 839	2  18   0 
 839	2  10  15 
 839	2  27  32 
 841	2  18   0 
 841	2  21  23 
 841	6  11  10 
 843	2  26  34 
 845	2   6  19 
 845	2  28  29 
 843	6   3   2 
 847	2  26  34 
 847	6  17  15 
 849	2  27  34 
 851	2  27  34 
 847	6   6   0 
 847	6  30  24 
 853	2   9  20 
 853	6  23  22 
 855	2  24   6 
 855	2   5   3 
 857	2   9  20 
 857	6  32  31 
 859	2   7  15 
 861	2   7  15 
 863	2  24   6 
 863	2  11  15 
 865	2   8  20 
 865	2   0   6 
 865	6  22  16 
 867	2  12  14 
 869	2   8  20 
 869	2   0   6 
 871	2   9  19 
 871	6  27  22 
 873	2   9  19 
 875	2   1  14 
 877	2  25  27 
 877	2   9   6 
 879	2  25  27 
 879	2   1  14 
 881	2  25  33 
 881	2  11  15 
 881	6   7   2 
 883	2  25  33 
 885	2  25  31 
 883	6  15  10 
 887	2  25  31 
 885	6  34  33 
 889	2   2  16 
 889	6  20  13 
 891	2   2  16 
 893	2  11  16 
 889	6  31  30 
 893	6  29  28 
 895	2  12  13 
 895	2  11  16 
 897	2   8  19 
 899	2  31  27 
 899	2  12  13 
 901	2  31  27 
 901	2   9   6 
 903	2  21   3 
 905	2  31  34 
 905	2  20  14 
 907	2  26  28 
 907	2   1  13 
 909	2  21   3 
 911	2  31  34 
 911	2   2   3 
 911	2  20  14 
 913	2  26  28 
 913	2   2   3 
 915	2  31  30 
 915	2  22  28 
 915	2   8  19 
 917	2  25  33 
 917	2   8   6 
 919	2  31  30 
 919	2  22  28 
 919	2  12  19 
 919	2  11   3 
 921	2  25  33 
 921	2   8   6 
 923	2  31  33 
 923	2   1  13 
 925	2  25  28 
 925	2  11   3 
 927	2  12  19 
 927	2  31  33 
 929	2  25  28 
 929	2  12   6 
 931	2  20  13 
 931	6  32  28 
 933	2  20  13 
 935	2  12   6 
 937	2   1  19 
 937	6  28  16 
 939	2  31  32 
 939	2  14  13 
 941	2   1  19 
 943	2  31  32 
 943	2  20  19 
 943	2   1   6 
 943	6  16   9 
 945	2  14  13 
 945	2   1   6 
 947	2  20  19 
 949	2   7   9 
 949	6  20  18 
 951	2   7   9 
 953	2   5   9 
 949	6  22  17 
 955	2  20  15 
 955	2  18   6 
 957	2  20  15 
 957	2  18   6 
 959	2  20  22 
 959	2   5   9 
 959	6  24  12 
 961	2  20  22 
 963	2  21   9 
 959	6   1   0 
 965	2  12  15 
 967	2  12  15 
 969	2   1  15 
 969	6  25  24 
 971	2   1  15 
 973	2  21   9 
 973	6   1   0 
 975	2  20  10 
 977	2  20  10 
 979	2  16  15 
 979	6  26  12 
 981	2   2   9 
 983	2  16  15 
 985	2  26  22 
 985	2   2   9 
 985	6  12   0 
 987	2  26  22 
 987	2  11   9 
 989	2  20  28 
 989	2  11   9 
 991	2  20  28 
 991	6   9   3 
 993	2  14  19 
 995	2  14  19 
 993	6  22  21 
 997	2  13  19 
 999	2   8  15 
 999	2  13  19 
 999	6  27  26 
1001	2   8  15 
1003	2  14   6 
1003	6  16  10 
1005	2  14   6 
1007	2  13   6 
1003	6   3   2 
1007	6  26  21 
1009	2  13   6 
1005	6  34  33 
1009	6  17   5 
1013	2  12  26 
1009	6   8   2 
1015	2   7  21 
1017	2   7  21 
1019	2  17  21 
1019	6  18   7 
1021	2  17  21 
1023	2  27  16 
1025	2  22  21 
1025	2  19   6 
1025	6  33  32 
1027	2  22  21 
1027	2  19   6 
1029	2  20   9 
1029	6  22  17 
1031	2  18  32 
1033	2  18  32 
1031	6  15  14 
1035	2  18  30 
1035	6  27  22 
1037	2  18  30 
1039	2  25  14 
1041	2  27  32 
1041	2  22  16 
1041	6  30  18 
1043	2  27  32 
1045	2  22  28 
1045	6  33  32 
1047	2  22  28 
1047	2  20   9 
1049	2  22   9 
1049	6  25  18 
1051	2  22   9 
1051	6  34  33 
1055	2  20   8 
1053	6  23  17 
1057	2  12  26 
1057	6   9   3 
1059	2  23  34 
1061	2  27  25 
1059	6  12   1 
1063	2   9  21 
1061	6  29  23 
1065	2  30  33 
1065	6  16   9 
1067	2  29  34 
1069	2  27  25 
1065	6   2   1 
1071	2   2   9 
1071	2  30  33 
1071	6  23  11 
1073	2   2   9 
1073	2  27  33 
1075	2  30  32 
1075	6   9   2 
1077	2  27  33 
1079	2  30  32 
1079	6  28  17 
1081	2  18  14 
1083	2  20   8 
1085	2  16  21 
1085	6  33  25 
1087	2   9  17 
1089	2   9  17 
1091	2  23  21 
1091	2   9   3 
1093	2  16  34 
1095	2  29  33 
1095	2  12  14 
1097	2  23  21 
1097	2   9   3 
1099	2  16  34 
1101	2  29  33 
1101	2  20  21 
1101	6  10   8 
1103	2  23  34 
1103	2  20  21 
1105	2  27  32 
1107	2   8  26 
1107	6  17  16 
1109	2   8  26 
1111	2   8   2 
1111	2  27  32 
1113	2   8   2 
1113	2  22  10 
1113	6  26  25 
1115	2   8  16 
1117	2  12  14 
1117	2  22  10 
1119	2  29  26 
1119	2   9  10 
1119	6  12   1 
1121	2  23  34 
1121	2   9  10 
1123	2  29  26 
1125	2  12  25 
1125	2  22  21 
1125	6  35  33 
1127	2  12  25 
1127	2  22  21 
1129	2  18  25 
1129	2   8  16 
1131	2  12   2 
1131	2  17  35 
1131	6  26  20 
1133	2  12   2 
1133	2  17  35 
1135	2   8   3 
1135	2  23  35 
1137	2  18  25 
1137	2   7  14 
1137	2  23  35 
1137	6  33  32 
1139	2   7  14 
1141	2   8   3 
1139	6  35  28 
1143	2  15  14 
1139	6  18  12 
1139	6  23  17 
1143	6   7   1 
1145	2  26  34 
1145	2  15  14 
1147	2  23  20 
1149	2   7  25 
1149	6  34  22 
1151	2  12   2 
1153	2   7  25 
1155	2  29  33 
1155	2  12   2 
1155	6  21  16 
1157	2  29  33 
1157	2   7   2 
1159	2   7   2 
1157	6  25  18 
1161	2   8  10 
1161	6  21  20 
1163	2   9  16 
1165	2   8  10 
1159	6  33  29 
1163	6  18  12 
1167	2  25  20 
1167	2   9  16 
1169	2  25  20 
1169	2   1  12 
1169	6  16   9 
1171	2  18  20 
1173	2   1  12 
1173	6  27  25 
1175	2  13  14 
1175	2   1   2 
1177	2   8   9 
1179	2  26  22 
1179	2  13  14 
1179	2   1   2 
1181	2  23  21 
1181	2   8   9 
1183	2  34  22 
1183	2  19  14 
1183	6   9   3 
1185	2  26  28 
1187	2  17  21 
1189	2  27   9 
1191	2  23  29 
1191	2  18  20 
1193	2  27   9 
1193	6  18   6 
1195	2  34  22 
1197	2  26  28 
1195	6   9   8 
1199	2  17  21 
1201	2  23  29 
1201	2  15  12 
1203	2   7  20 
1203	2  16  22 
1205	2   6   8 
1205	2  34  28 
1205	2  26  21 
1207	2  17  29 
1207	2   7  20 
1209	2  15  12 
1209	2  34  28 
1211	2   6   8 
1211	2  16  22 
1213	2  26  21 
1213	2  17  29 
1213	2  13  12 
1213	6   8   1 
1215	2  16  28 
1215	2  13  12 
1217	2  34  21 
1219	2  15   2 
1221	2   8  20 
1221	2  16  28 
1223	2   7   1 
1223	2   9  22 
1225	2  26  29 
1225	2   7   1 
1227	2  19  14 
1227	6  27  16 
1229	2  19  12 
1231	2  19  12 
1233	2  16  10 
1233	2   8  20 
1235	2  16  10 
1235	2  26  29 
1235	2   8   1 
1237	2  16   3 
1237	6  19   7 
1239	2  16   3 
1241	6  28  16 
1243	2   8   1 
1245	6   8   6 
1247	2  34  21 
1249	2  27  21 
1249	2  34  29 
1251	2   8  10 
1251	2  27  21 
1251	2  34  29 
1253	2  15   2 
1253	6  18   6 
1255	2   9  22 
1257	2  15  20 
1257	2  28  22 
1259	2   8  10 
1259	2  28  22 
1261	2   6  14 
1261	2  27  29 
1263	2  13   2 
1263	2  27  29 
1265	2   8   3 
1265	6  29  17 
1267	2   6  14 
1269	2  13   2 
1271	2   9  16 
1271	2   6  12 
1273	2  15  20 
1273	2   7   2 
1275	2   8   3 
1275	2   6  12 
1277	2   9  16 
1277	2  13  20 
1279	2  15   1 
1281	2   8  22 
1283	2  28  16 
1283	2   7   2 
1285	2   9  21 
1287	2  13  20 
1287	2  28  16 
1289	2  15   1 
1291	2   8  22 
1293	2   9  21 
1293	2  13   1 
1295	2  14  12 
1295	6  22  10 
1297	2   6   2 
1299	2  14  12 
1301	2  19  22 
1303	2  19  22 
1305	2   7  20 
1307	2   8  16 
1307	6  26  18 
1309	2   9  17 
1311	2   8  16 
1313	2  26  22 
1313	2   6   2 
1315	2  26  22 
1315	2  13   1 
1317	2  15  22 
1317	6  19  13 
1319	2  28  21 
1319	2   9  17 
1321	2  15  22 
1323	2  13   3 
1323	2  28  21 
1323	6  17  16 
1325	2  13   3 
1327	2   7  20 
1327	6   9   3 
1329	2   6  20 
1331	2   7   1 
1331	6  26  22 
1333	2   7   1 
1335	6  13   7 
1337	2  22   9 
1339	2  22   9 
1337	6  26  24 
1341	2   7  10 
1343	2   7  10 
1343	6  24  18 
1345	2  14   2 
1345	2  22  10 
1347	2  15   9 
1347	6   7   2 
1349	2  19  18 
1349	2  28  16 
1351	2  19  18 
1351	2  15   9 
1351	6  17   5 
1353	2   8  21 
1355	2  14   7 
1355	6   3   2 
1357	2   6  20 
1359	2  28  16 
1359	2  12   7 
1359	2  14  20 
1361	2   3   5 
1361	2   6   1 
1361	2  14  20 
1361	6  22  17 
1363	2   3   5 
1363	2  13  18 
1365	2  19   9 
1365	2   6   1 
1367	2  17  10 
1367	2   8  21 
1369	2  15  10 
1369	2  12   7 
1369	6  20  19 
1371	2  17   5 
1373	2   8  16 
1375	2   3  21 
1377	2  13  18 
1377	2  15  10 
1379	2  20   9 
1379	2  17   5 
1381	2   3  21 
1381	2   6  18 
1383	2   8  16 
1383	2  12  19 
1383	6   5   4 
1385	2  14   1 
1387	2  17  21 
1387	2  12  19 
1389	2  13   9 
1391	2  20  10 
1393	2  15   4 
1393	2   6  18 
1395	2   3  16 
1395	2   7  19 
1397	2  14   1 
1399	2  13   9 
1401	2  20  10 
1401	6   6   1 
1403	2  15   4 
1405	2  17  21 
1405	6   9   8 
1407	2  12   6 
1409	2  12   6 
1407	6  22  20 
1411	2   1   8 
1413	2   3  16 
1413	2   7  19 
1415	2  14  18 
1415	2  17  16 
1417	2  22   4 
1417	2   7   6 
1419	2  15  21 
1419	2   1   8 
1421	2  14  18 
1421	2  17  16 
1423	2  22   4 
1423	2  12  18 
1423	2  14   8 
1425	2  15  21 
1425	2   7   6 
1427	2  22  21 
1427	2  12  18 
1427	2  14   8 
1429	2  15  16 
1429	2  19   6 
1431	2  22  21 
1431	2   7  18 
1431	2   3   9 
1433	2  15  16 
1433	2  19   6 
1435	2  12   8 
1435	2  22  16 
1437	2   7  18 
1437	2  22  16 
1437	2   9   3 
1439	2  12   8 
1439	2  22  27 
1441	2  19  18 
1441	2   7   8 
1441	2  17  28 
1443	2  19  18 
1443	2   7   8 
1443	2  28  17 
1445	2   6  18 
1445	2  15   2 
1447	2  19   8 
1447	2  27  22 
1449	2   6  18 
1449	2   2  15 
1451	2  19   8 
1451	2  22  27 
1453	2   6   8 
1453	2  17  28 
1455	2   6   8 
1457	2  18   8 
1459	2  18   8 
1461	2  15   2 
1463	2   3   9 
1463	6  14  13 
1455	6  34  27 
1465	6  10   2 
1469	6  21  19 
1471	6   8   4 
1477	2  14   2 
1479	2  14   2 
1481	2   1   2 
1481	6  16   9 
1483	2   1   2 
1455	6  29  23 
1475	6  24  18 
1481	6  21  20 
1481	6  24  18 
1487	2  14   8 
1487	6  18   0 
1489	2  14   8 
1487	6  23  16 
1493	2  13   2 
1495	2   1   8 
1495	6  24  18 
1497	2   1   8 
1501	2  14  19 
1503	2  13   2 
1505	2  14  19 
1507	2  12   2 
1509	2  13   8 
1511	2   1  19 
1513	2  14   9 
1515	2  12   2 
1517	2  13   8 
1519	2   1  19 
1521	2  14   9 
1523	2   7   2 
1525	2  12   8 
1527	2  13  19 
1527	2   1   9 
1529	2   7   2 
1531	2  12   8 
1533	2  13  19 
1533	2   1   9 
1535	2  20   2 
1537	2   7   8 
1537	2  12  19 
1539	2  13   9 
1539	6   1   0 
1541	2  12  19 
1543	2  13   9 
1545	2  20   2 
1547	2   7   8 
1547	6   4   3 
1549	2   7  19 
1551	2   7  19 
1553	2   6   2 
1553	6  19  14 
1555	2   6   2 
1557	2   1   2 
1559	2  20   8 
1561	2  20   8 
1563	2   6   8 
1563	2  19  27 
1565	2  20  14 
1565	2   1   2 
1567	2   6   8 
1567	2  27  19 
1569	2  20  14 
1569	2   3   2 
1569	6  12   7 
1571	2   3   2 
1569	6  29  22 
1575	2   7   9 
1575	6  22  20 
1577	2   7   9 
1579	2   1   8 
1581	2   6  14 
1583	2   1   8 
1583	2  19  27 
1585	2   6  14 
1587	2   3   8 
1587	6  20  12 
1589	2   3   8 
1591	2   2   8 
1579	6  11  10 
1581	6  35  23 
1585	6  31  24 
1593	2  20   9 
1593	2   7  12 
1595	2  20   9 
1595	2  12   7 
1591	6  32  31 
1597	2  22   9 
1597	2   0  18 
1599	2  22   9 
1599	2  18   0 
1601	2   1  14 
1601	6  27  25 
1603	2   6   9 
1605	2   1  14 
1605	6  10   3 
1607	2  22  27 
1607	2   7  12 
1609	2  20  33 
1609	6  24  12 
1611	2   2   8 
1611	2  33  20 
1613	2  27  22 
1615	2   6   9 
1615	6  30  24 
1617	2  10  14 
1617	2  22  27 
1619	2   1   9 
1619	6  32  20 
1621	2   1   9 
1623	2   1  12 
1625	2  10  14 
1625	2  32  33 
1627	2   2  14 
1627	6  27  26 
1629	2  10   9 
1629	2  12   1 
1631	2   2  14 
1633	2  10   9 
1633	2   6  24 
1633	6  27  22 
1635	2   8  14 
1635	2   0  18 
1637	2   2   9 
1639	2   8  14 
1639	2  10  22 
1641	2   2   9 
1641	6  21  13 
1647	2   8   9 
1647	2  21  16 
1649	2   8   9 
1649	2  16  21 
1651	2  14   9 
1651	2   1  12 
1653	2  14   9 
1655	2   9  23 
1657	2  14   3 
1659	2   8  20 
1661	2   2  13 
1661	2  22  10 
1663	2  24   6 
1663	2  10  22 
1665	2  13   2 
1665	2  21  16 
1667	2  20   8 
1669	2   3  14 
1671	2  23   9 
1673	2   9  23 
1675	2  14   3 
1677	2   8  20 
1679	2   2  13 
1681	2   6  24 
