   1	2   5   6 
   1	6  17  12 
   3	2   5   6 
   5	2   5   1 
   7	2   5   1 
   9	2   6   1 
  11	2   5  11 
  13	2   6   1 
  15	2   5  11 
  17	2   6  11 
  19	2   5   7 
  21	2   6  11 
  23	2   5   7 
  25	2   1  11 
  27	2   6   7 
  29	2   5   0 
  31	2   1  11 
  33	2   6   7 
  35	2   5   0 
  35	6  12  11 
   1	6  21  20 
  37	6   2   0 
  41	6  20  16 
  43	2   1   7 
  43	2   5  10 
  45	2   6   2 
  47	2   1   7 
  47	2   5  10 
  49	2   6   2 
  51	2  12   7 
  51	2   5  15 
  53	2   1   2 
  53	6  10   5 
  55	2  12   7 
  57	2   1   2 
  59	2   6   5 
  61	2   6   5 
  63	2  10  15 
  63	2  12   2 
  65	2   1   5 
  65	6  17  15 
  67	2   1   5 
  71	2  10  11 
  71	6  17  13 
  73	2  10  11 
  75	6  11   6 
  81	2  11  13 
  83	2  12   2 
  83	6   5   0 
  85	2   7   2 
  87	2   7   2 
  89	2  11  13 
  89	6   2   0 
  91	2  10  16 
  93	2  10  16 
  95	2  12   2 
  95	2  10   5 
  97	2  11   6 
  97	6  13   3 
  99	2  11   6 
 101	2  11  16 
 103	2   1   3 
 103	2  11  16 
 105	2  12   2 
 105	2  10   5 
 107	2   1   3 
 107	2  10  15 
 107	6  13  12 
 109	2   1   6 
 109	2  10  15 
 111	2   1   6 
 111	6  16  10 
 113	2   7   2 
 115	2  13   3 
  77	6  23  22 
 115	6   1   0 
 117	2  13   3 
 119	2  16  17 
 119	6  13   8 
 121	2   0  10 
 123	2  11   5 
 125	2   7   2 
 125	2   0  10 
 127	2   1   2 
 127	2  11   5 
 129	2   7   3 
 129	2   0   5 
 129	2  16  17 
 131	2   8   6 
 131	2  16  20 
 133	2   1   2 
 133	2  11  15 
 135	2   7   3 
 135	2   0   5 
 135	2  16  20 
 137	2   8   6 
 137	2  16  21 
 139	2   1   3 
 139	2  11  15 
 141	2   7   6 
 141	2  16  21 
 143	2   1   3 
 143	2  11  17 
 143	6  21  20 
 145	2   7   6 
 147	2   2   3 
 147	2  11  17 
 147	6   5   0 
 149	2   2   3 
 149	2  16  22 
 151	2  16  22 
 151	6   7   3 
 153	2   5  15 
 155	2   5  15 
 153	6  23  22 
 157	2   1   6 
 139	6  14  13 
 157	6  12   8 
 159	2   1   6 
 157	6  20  15 
 161	6   1   0 
 163	2  12  10 
 165	2  12  10 
 167	2   2   6 
 167	2  16  18 
 169	2  11  21 
 169	6   8   3 
 171	2  11  21 
 173	2  11  15 
 175	2   2   6 
 175	2  16  18 
 177	2   7   6 
 177	2  16  22 
 177	6  18  13 
 179	2   7   6 
 179	2  16  22 
 181	2  11  15 
 183	2  16  18 
 183	6   7   1 
 185	2  16  18 
 187	6  18  16 
 189	6   6   5 
 193	2  18  19 
 189	6   9   3 
 193	6  20  16 
 195	2  12   7 
 195	2  18  19 
 197	2  12   7 
 197	2  18  14 
 199	2  12  16 
 195	6  10   5 
 199	6  19   9 
 201	2  12  16 
 201	6   5   1 
 205	2  18  14 
 203	6  12  11 
 207	2  18  19 
 207	6   3   1 
 209	2  18  19 
 209	6  16  12 
 213	2   8   3 
 211	6  23  22 
 215	2   8   3 
 213	6   1   0 
 217	2   8   7 
 217	2  16  22 
 219	2   1   3 
 219	2  16  22 
 219	6  18  13 
 221	2   1   3 
 223	2   2   3 
 221	6  22  16 
 225	2   8   7 
 223	6   5   0 
 227	2   8  12 
 229	2   1   7 
 229	2  22  18 
 229	6  14   9 
 231	2   2   3 
 231	2  22  18 
 233	2   1   7 
 233	2  22  23 
 235	2   8  12 
 235	2  22  23 
 235	6  19  14 
 237	2   2   7 
 237	2  22  20 
 239	2   2   7 
 239	2  22  20 
 241	6  12   6 
 241	6  23  19 
 241	6  21  16 
 247	2  12  17 
 247	2   1   6 
 247	6  19   9 
 249	2  12  17 
 249	2   1   6 
 251	2  11  17 
 251	6   2   0 
 253	2  12  16 
 253	2  22  23 
 255	2  11  17 
 255	6  24  19 
 257	2  12  16 
 257	2   2   3 
 259	2  11  16 
 259	2   2   3 
 261	2  11  16 
 261	2   2   7 
 261	2  22  23 
 261	6  14  13 
 263	2   0   6 
 263	2  22  24 
 265	2   2   7 
 265	2  22  24 
 265	6  15  11 
 267	6   3   1 
 271	2  12  11 
 267	6  22  18 
 273	2  12  11 
 273	6   5   1 
 275	2  18  13 
 277	2  18  13 
 273	6  22  21 
 279	2  10   5 
 279	2  12  22 
 281	2  15  11 
 281	6  18   8 
 283	2  10   5 
 285	2   0   6 
 287	2  18  17 
 287	2  15  11 
 287	6   8   3 
 289	2  18  17 
 291	2  18  16 
 293	2  18  16 
 293	2   2   6 
 295	2  12  22 
 295	6  10   5 
 297	6  17  12 
 301	2   2   6 
 295	6  19   9 
 301	6  20  15 
 303	2   8  12 
 305	2   8  12 
 303	6   1   0 
 307	2  20  22 
 307	6  12   8 
 309	2  20  22 
 309	6   2   1 
 313	2  12  16 
 315	2   5   7 
 315	2  17  21 
 317	2   2   8 
 317	2  17  21 
 319	2   5   7 
 319	2  20  21 
 321	2   2   8 
 321	2   5   6 
 321	2  17  19 
 323	2  12  16 
 323	2   5   6 
 325	2  20  21 
 325	6  12   2 
 325	6  10   5 
 327	6  21  20 
 331	2   5   7 
 333	2  12  16 
 333	6   3   1 
 335	2  12  16 
 337	2  17  19 
 339	2   3   8 
 339	2  17  15 
 339	6  24  19 
 341	2   5   7 
 343	2   3   8 
 343	2   5   6 
 343	2  17  15 
 345	2   5   6 
 345	2  17  23 
 345	6   3   2 
 347	2  17  23 
 349	2  17  19 
 351	2   7   6 
 351	2  17  19 
 353	2   7   6 
 353	2  17  13 
 353	6  24  23 
 355	2  17  13 
 355	6   6   2 
 359	2  21  23 
 357	6  13   8 
 361	2   6  16 
 363	2   6  16 
 365	2  21  23 
 365	6  12  10 
 367	6  24  23 
 371	2  12  13 
 371	2  21  15 
 371	6   6   5 
 373	2  12  13 
 373	2  21  15 
 375	2  12  16 
 377	2  12  16 
 373	6  24  19 
 379	2  21  23 
 379	6   8   6 
 381	2  21  23 
 383	6  23  21 
 385	2   8  13 
 387	2   8  13 
 389	2   7  13 
 389	2  23  24 
 389	6  16  11 
 391	2   7  13 
 391	2  23  24 
 393	6  13   3 
 393	6  23  22 
 395	6  11   6 
 399	2   2   3 
 395	6  20  15 
 399	6  17  13 
 401	2   2   3 
 401	6  20  10 
 403	6   3   1 
 407	2  18  16 
 409	2  18  16 
 411	2  17  16 
 411	2   8   6 
 413	2  18  23 
 413	2   8   6 
 413	6  21  20 
 415	2  18  23 
 415	2   7   6 
 417	2   7   6 
 419	2  17  16 
 419	2   2   6 
 421	2  21  16 
 421	2   2   6 
 423	2  17  23 
 423	2   1   6 
 425	2  21  16 
 425	2   1   6 
 425	6  18  12 
 427	6  15   5 
 431	2  17  23 
 431	6   8   7 
 433	2  15  16 
 435	2  21  23 
 435	6  10   5 
 437	2  21  23 
 439	6  23  21 
 441	2  12  10 
 443	2  12  10 
 445	2  15  16 
 445	6  18  12 
 447	2  15  21 
 449	2  15  21 
 445	6   6   5 
 451	2  18  19 
 451	2  12  16 
 453	2  18  19 
 453	2  12  16 
 455	6  17  11 
 455	6  19  14 
 461	2  11  10 
 461	2  22  17 
 461	6  14  13 
 463	2  11  10 
 463	2  22  17 
 465	6  16   6 
 471	2  11  13 
 471	6  22  20 
 473	2  11  13 
 475	2   7   6 
 477	2  18  16 
 477	2   7   6 
 479	2  18  16 
 481	2  11  16 
 481	2  18  22 
 483	2  11  16 
 483	2  18  22 
 485	2   8   6 
 485	2  18  24 
 485	6  21  16 
 487	2   8   6 
 487	2  18  24 
 489	2   2   6 
 489	6  23  13 
 491	2   2   6 
 493	2   1   6 
 495	2  12  16 
 495	2   1   6 
 497	2  12  16 
 497	2   5   6 
 499	2  18  17 
 499	2   5   6 
 501	2  18  17 
 501	6  10   6 
 503	6  13  12 
 503	6  22  21 
 503	6  24  19 
 507	6  15  10 
 509	2  12   6 
 511	2  12   6 
 509	6  19  18 
 513	2  10   6 
 515	2  10   6 
 515	6  23  17 
 515	6  13   8 
 517	6  15  10 
 521	2  12  17 
 523	2  12  17 
 523	6  21  15 
 525	2   8   6 
 527	2   8   6 
 529	2  21  17 
 529	6  13   8 
 531	2  11  15 
 533	2  21  17 
 533	6  15  10 
 535	2  12  22 
 537	2  12  22 
 539	2  11  10 
 539	2  13  17 
 541	2  21  22 
 541	2  12  10 
 543	2  13  17 
 545	2  21  22 
 545	2  12  10 
 547	6  11   7 
 547	6  18  13 
 547	6  21  20 
 553	2  11  16 
 553	2   7  13 
 555	2  11  16 
 555	2   7  13 
 557	2  11   6 
 557	2  18  22 
 557	6  20  15 
 559	2  11   6 
 559	2  18  22 
 561	2  11  17 
 561	6   8   7 
 563	2  15  10 
 565	2  11  17 
 567	2  12  13 
 567	2  15  10 
 567	6  23  19 
 569	2  12  13 
 569	6  16  10 
 571	6  13  12 
 575	6  10   6 
 575	6  22  21 
 577	6  14   8 
 581	2  11  21 
 583	2   7   6 
 583	2  14  19 
 583	6  17  15 
 585	2   7   6 
 585	2  14  19 
 587	2   2   6 
 589	2   2   6 
 589	2  18  16 
 591	2   1   6 
 591	2  17  12 
 591	6  20  15 
 593	2  13  19 
 593	2   1   6 
 595	2  17  12 
 595	2   5   6 
 597	2  11  21 
 597	2  13  19 
 599	2  18  16 
 599	2   5   6 
 601	2  11  16 
 601	6  19  13 
 603	2  11  16 
 605	6  10   6 
 607	2  17  13 
 609	2  17  13 
 605	6  21  20 
 611	2   7   6 
 611	2  15  10 
 611	6  21  17 
 613	2   7   6 
 613	2  15  10 
 615	2   2   6 
 615	6  15  10 
 617	2   7  17 
 619	2   2   6 
 619	6  17  13 
 621	2   1   6 
 623	2   1   6 
 621	6  21  20 
 625	2   7  13 
 627	2  18  12 
 627	2   5   6 
 627	6  21  16 
 629	2  18  12 
 629	2   5   6 
 631	2  10   6 
 627	6   3   2 
 633	2   3  13 
 633	2  10   6 
 635	2   3  13 
 635	6  16   6 
 637	6  13   3 
 641	2  15  16 
 643	2   7   6 
 643	2  18  17 
 643	6  21  15 
 645	2   7   6 
 645	2  18  17 
 647	2   1   3 
 647	2  11  12 
 649	2   1   3 
 649	2  11  12 
 651	2  11  17 
 651	6   3   1 
 653	2  11  17 
 655	2  21  16 
 655	6  13  12 
 657	2   5   1 
 659	2   5   1 
 657	6  16  15 
 661	2  12   6 
 661	6   3   2 
 663	2  12   6 
 665	6  16  12 
 667	6   5   1 
 671	2   7  12 
 671	6  21  15 
 673	2   7  12 
 675	2   2   6 
 677	2  16  12 
 677	2  10   5 
 679	2   7  13 
 679	2  10   5 
 681	2   2   6 
 681	6  18  16 
 683	2   1   6 
 685	2   1   6 
 687	2  18  12 
 687	2  15   5 
 689	2   7  13 
 689	2  15   5 
 691	2   2  12 
 691	6  15   5 
 693	2  18  13 
 695	2   2  12 
 697	2   7  17 
 699	2  18  13 
 699	2  10   6 
 699	6  21  16 
 701	2  10   6 
 703	2   5   6 
 699	6   3   2 
 705	2   7  17 
 707	2   3  13 
 707	2  16  15 
 707	2   5   6 
 709	2  18  17 
 709	6   7   1 
 711	2  18  17 
 713	2  16  15 
 715	2   7  12 
 715	6  15   5 
 717	2   7  12 
 719	2   3  13 
 721	2  10  12 
 721	6   9   3 
 723	2  10  12 
 725	2  16   6 
 727	2   7  13 
 727	6  11  10 
 729	2   7  13 
 731	6  17  13 
 731	6   3   1 
 733	6  15  10 
 737	2   9  13 
 737	6  22  21 
 739	2   9  13 
 741	2  10  12 
 741	6   9   3 
 743	2  11  17 
 745	2  16   6 
 747	2   7  13 
 747	6  17  16 
 749	2   7  13 
 751	2   5   6 
 751	6  19   9 
 753	2  10  12 
 755	2  11  16 
 757	2  17  12 
 757	2   5   6 
 757	6   3   2 
 759	2  10  16 
 759	2  18  19 
 761	2  11  13 
 761	6  21  20 
 763	2  17  12 
 765	2  11  13 
 763	6   2   0 
 767	2  10  16 
 767	2  19  18 
 769	2  17  16 
 769	6   7   5 
 771	2  17  16 
 773	2  18  19 
 775	2   7  12 
 775	6  16  10 
 777	2   7  12 
 779	6   7   6 
 779	6  18  13 
 781	6  22  16 
 785	2   7  12 
 785	6  10   5 
 787	2  22  18 
 787	2   7  12 
 789	2  22  18 
 785	6  14   9 
 791	2   6   5 
 791	2  17  18 
 791	6   9   8 
 793	2   6   5 
 793	2  17  18 
 795	2  11  21 
 797	2   7   5 
 797	6  18  17 
 799	2   7   5 
 801	6   7   5 
 803	6  18  14 
 807	2  12   7 
 807	2  10  16 
 809	2  12   7 
 809	2  22  18 
 809	6  15   5 
 811	2  14   8 
 813	2  18  22 
 815	2   0   5 
 815	2   8  14 
 815	6  17  11 
 817	2   5   0 
 817	2  14   8 
 819	2   0   5 
 815	6  24  23 
 819	6   9   8 
 821	2   6  11 
 821	2  21  17 
 823	2   6  11 
 823	2  22  18 
 825	2  15  11 
 825	6  24  18 
 827	2  15  11 
 829	2  12  11 
 829	2  15  20 
 831	2  12  11 
 831	2  20  15 
 831	6  23  22 
 833	2   7  11 
 833	2  15  20 
 835	2   7  11 
 837	2   7   3 
 837	2  16  10 
 837	6  18  13 
 839	2   3   7 
 839	2  10  16 
 841	2   7   3 
 841	6  22  16 
 843	6   8   6 
 847	2  17  21 
 849	2  11  16 
 849	2   8  13 
 851	2  12   6 
 853	2  13   8 
 853	2  16  11 
 855	2   6  12 
 857	2  11  16 
 857	2   8  13 
 859	2  12   6 
