   1	2   5   6 
   1	6  17  12 
   3	2   5   6 
   5	2   5   1 
   7	2   5   1 
   9	2   6   1 
  11	2   5  11 
  13	2   6   1 
  15	2   5  11 
  17	2   6  11 
  19	2   5   7 
  21	2   6  11 
  23	2   5   7 
  25	2   1  11 
  27	2   6   7 
  29	2   5   0 
  31	2   1  11 
  33	2   6   7 
  35	2   5   0 
  35	6  12  11 
   7	6  22  20 
  37	6   2   0 
  41	6  20  16 
  43	2   1   7 
  43	2   5  10 
  45	2   6   2 
  47	2   1   7 
  47	2   5  10 
  49	2   6   2 
  51	2  12   7 
  51	2   5  15 
  53	2   1   2 
  53	6  10   5 
  55	2  12   7 
  57	2   1   2 
  59	2   6   5 
  61	2   6   5 
  63	2  10  15 
  63	2  12   2 
  65	2   1   5 
  65	6  17  15 
  67	2   1   5 
  71	2  10  11 
  71	6  17  13 
  73	2  10  11 
  75	6  11   6 
  81	2  11  13 
  83	2  12   2 
  83	6   5   0 
  85	2   7   2 
  87	2   7   2 
  89	2  11  13 
  89	6   2   0 
  91	2  10  16 
  93	2  10  16 
  95	2  12   2 
  95	2  10   5 
  97	2  11   6 
  97	6  13   3 
  99	2  11   6 
 101	2  11  16 
 103	2   1   3 
 103	2  11  16 
 105	2  12   2 
 105	2  10   5 
 107	2   1   3 
 107	2  10  15 
 107	6  13  12 
 109	2   1   6 
 109	2  10  15 
 111	2   1   6 
 111	6  16  10 
 113	2   7   2 
 115	2  13   3 
 115	6   1   0 
 117	2  13   3 
 119	2  16  17 
 119	6  13   8 
 121	2   0  10 
 123	2  11   5 
 121	6  23  21 
 125	2   7   2 
 125	2   0  10 
 127	2   1   2 
 127	2  11   5 
 127	6  19  13 
 129	2   1   2 
 129	2  11  15 
 131	2   0   5 
 131	2  11  15 
 133	2   7   3 
 133	2   0   5 
 133	2  16  17 
 135	2   8   6 
 135	2  16  20 
 137	2   7   3 
 137	2  16  20 
 137	6   5   0 
 139	2  11  17 
 141	2  11  17 
 143	2   8   6 
 143	2  16  22 
 145	2   1   3 
 145	2  16  22 
 145	6  13  12 
 147	2   1   3 
 147	2  16  21 
 149	2   2   3 
 149	2   5  15 
 151	2   7   6 
 151	2  16  21 
 151	6  14  13 
 153	2   7   6 
 155	2   1   6 
 153	6  17  16 
 157	2   2   3 
 157	6  10   5 
 159	2  17  18 
 161	2  17  18 
 159	6   7   3 
 163	2  10  15 
 163	6  18  14 
 165	2   1   6 
 165	2  10  16 
 167	2   2   6 
 167	6  20  15 
 169	2   2   6 
 169	2  17  12 
 171	2   7   6 
 173	2  11  15 
 173	6   8   2 
 175	2  10  16 
 177	2  11  15 
 179	2  10  15 
 179	2   7   6 
 181	2  10  15 
 181	2  17  12 
 181	6   2   0 
 183	2  17  13 
 185	2  17  13 
 183	6  20  15 
 187	2   0   5 
 187	2  17  18 
 187	6   7   3 
 189	2   0   5 
 189	2  17  18 
 191	6  22  16 
 193	2   7   5 
 195	2   0   2 
 195	6  14  13 
 197	2   0   2 
 197	2  11  16 
 199	2  11  16 
 201	2   7   5 
 201	6  18  14 
 203	2   1   5 
 205	2   7   2 
 205	2  10  16 
 207	2   1   5 
 207	6  18  17 
 209	2   7   2 
 211	2   1   2 
 209	6  15  10 
 213	2   1   2 
 213	6  18  14 
 215	2   0  10 
 217	2   0  10 
 219	2  11  21 
 219	6   8   2 
 221	2  15  16 
 223	2  11  21 
 225	2  15  21 
 225	6   7   5 
 227	2  15  21 
 229	6  22  16 
 231	2   2   7 
 231	2   5  10 
 233	2   2   7 
 233	2   5  10 
 235	2   3   7 
 235	6  10   0 
 237	2   2   8 
 239	2   3   7 
 235	6  22  21 
 241	2  10  16 
 241	2   1   0 
 243	2  10  16 
 243	2   2   8 
 245	2  10  20 
 245	2   1   0 
 245	2   3   8 
 247	2  10  20 
 247	2   3   8 
 247	6   1   0 
 249	2  11  13 
 251	2  11  13 
 249	6  21  20 
 253	2   6   7 
 255	2   2   1 
 255	2  10  20 
 253	6  18  13 
 257	2   6   7 
 257	6  16  10 
 259	2   2   1 
 261	2   3   1 
 263	2   5  10 
 263	2  16  20 
 263	6   8   2 
 265	2   5  10 
 265	2  16  22 
 267	2   0  10 
 269	2   0  10 
 271	2   6   2 
 271	2  16  22 
 273	2  11  12 
 273	2   3   1 
 273	6  21  15 
 275	2   6   2 
 277	2  11  12 
 273	6  23  18 
 279	2   5  15 
 279	2   7   2 
 279	6  23  22 
 281	2   5  15 
 281	2   7   2 
 283	2   6   1 
 285	2  21  22 
 285	2   6   1 
 283	6  15  10 
 287	2  21  22 
 287	2   7   1 
 289	2   0  10 
 289	6  17  12 
 291	2   0  10 
 293	6  15   5 
 299	2  15  20 
 299	2  11  12 
 295	6  23  18 
 299	6   5   0 
 301	2  15  20 
 301	2  11  12 
 303	2  16  22 
 289	6   8   3 
 305	2  21  17 
 305	2   7   1 
 305	6  10   5 
 307	2  16  22 
 307	2   2   1 
 309	2  21  17 
 309	2   2   1 
 311	2  10  20 
 311	6   3   1 
 313	2  10  20 
 315	2  16  17 
 317	2   1   0 
 317	2  11  13 
 317	6  22  21 
 319	2   1   0 
 319	2  11  13 
 321	2   1   5 
 321	6   8   7 
 323	2   1   5 
 323	2  16  17 
 325	6  17  15 
 325	6   5   1 
 331	2  17  18 
 331	6  20  10 
 333	2  17  18 
 331	6   7   1 
 335	6  22  18 
 337	2   1   0 
 339	2   1   0 
 337	6  16  11 
 341	2   1   7 
 343	2   6   0 
 343	2  20  22 
 345	2   5  10 
 345	2  17  21 
 345	2   1   7 
 347	2  18  12 
 347	2   5  10 
 349	2   6   0 
 349	2  20  22 
 351	2  17  21 
 351	2   6   7 
 353	2  18  12 
 353	2  20  21 
 353	6   2   0 
 355	2  17  15 
 357	2  11  12 
 357	2  20  21 
 359	2   8   2 
 359	2  17  15 
 361	2  18  13 
 361	2   6   7 
 361	2  20  15 
 363	2   8   2 
 363	2  11  12 
 363	2  20  15 
 365	2  18  13 
 365	2   0   2 
 365	6  22  16 
 367	2   8   7 
 369	2   0   2 
 371	2  17  12 
 371	2   3   2 
 371	6  10   5 
 373	2   8   7 
 375	2  17  12 
 375	2   3   2 
 371	6  21  20 
 377	2   1   5 
 377	6  22  12 
 379	2   1   5 
 381	6   5   1 
 383	2  21  22 
 385	2  21  22 
 383	6  13  12 
 387	2  10  16 
 387	2   6   1 
 389	2  10  16 
 389	2   6   1 
 391	2  10  20 
 391	6   7   1 
 393	2  10  20 
 395	2  10  15 
 395	6  22  21 
 397	2  11  12 
 397	2   0   1 
 399	2  11  12 
 399	2   0   1 
 401	2   8   7 
 401	2  10  15 
 403	2  17  12 
 403	2   3   1 
 403	6  20  10 
 405	2   8   7 
 407	2  17  12 
 407	2   3   1 
 409	2  20  21 
 409	2   2   1 
 409	6  11   5 
 411	2  20  21 
 411	2   2   1 
 409	6  13   8 
 415	2  11  16 
 415	6   2   0 
 417	2  11  16 
 419	2  11  10 
 415	6  18  13 
 421	2   6  16 
 423	2   6  16 
 425	2  11  10 
 425	2   2   7 
 425	6  18  17 
 427	2   6  10 
 429	2  11  15 
 429	2   2   7 
 431	2  17  16 
 431	2   6  10 
 433	2  22  12 
 433	6  15   5 
 435	2  22  12 
 437	2   3   7 
 439	2  17  16 
 439	2   3   7 
 439	6   1   0 
 441	6  16  12 
 441	6   8   3 
 447	2  11   5 
 449	2   2  12 
 449	6  21  15 
 451	2   6   5 
 453	2   2  12 
 455	2  11  15 
 455	6   2   0 
 457	2  20  16 
 459	2  11  15 
 461	2   6   5 
 461	2  20  16 
 463	2   1   7 
 463	2  11  16 
 465	2   8  12 
 465	6  15   5 
 467	2   8  12 
 469	6  12   2 
 471	6  15  10 
 475	2   1   7 
 477	2  17  15 
 477	2   6   5 
 479	2  17  15 
 479	2   6   5 
 481	2  11  16 
 481	2   1   2 
 483	2  12   7 
 483	6  15   5 
 485	2  12   7 
 487	6  12   8 
 489	2   0   5 
 491	2   0   5 
 493	2   6  16 
 495	2   1   2 
 495	6  12  10 
 497	6   1   0 
 501	2  17  12 
 503	2  17  12 
 503	2  10   5 
 503	2   8   2 
 505	2  17  15 
 505	2   8   2 
 507	2  10   5 
 507	2   7   2 
 509	2  17  15 
 509	2   0   5 
 509	2   7   2 
 511	2   6  16 
 513	2  17  16 
 513	2   0   5 
 513	6   8   7 
 515	2  17  16 
 515	6   5   1 
 519	6  12  11 
 519	6   8   3 
 525	2   5  11 
 527	2   5  11 
 529	2  10  11 
 529	2   7   1 
 531	2   5  15 
 533	2  10  11 
 533	2   7   1 
 535	2   5  15 
 537	2  10  15 
 537	2   3   1 
 539	2  10  15 
 539	2   3   1 
 541	2   2   1 
 541	6  11   5 
 543	2   2   1 
 545	6   3   2 
 547	2   0   5 
 547	2  11  16 
 549	2   0   5 
 549	2  11  16 
 551	2   7   5 
 553	2  10  16 
 553	6   2   1 
 555	2  10  16 
 557	2  11  17 
 559	2   7   5 
 561	2   1   5 
 563	2   1   5 
 565	2  10   6 
 561	6   8   3 
 567	2  17  11 
 567	6   5   0 
 569	2  11  17 
 567	6   8   2 
 571	6  15  11 
 573	2   2   0 
 575	2   2   0 
 577	2   5  11 
 577	6   8   2 
 579	2   5  11 
 581	6  15   5 
 581	6  17  12 
 587	2   7  11 
 589	2  15  16 
 589	2   2   0 
 591	2   7  11 
 593	2  15  16 
 593	2   2   0 
 595	2   1  11 
 595	6  13   8 
 597	2   1  11 
 599	2   6  10 
 601	2  13  11 
 601	6   2   1 
 603	2  13  11 
 605	2  15  17 
 607	2   1  11 
 609	2   1  11 
 611	2  17  15 
 611	6   5   0 
 613	2  15  17 
 615	6  16  12 
 621	2   7  12 
 621	6  20  16 
 623	2   7  12 
 625	6   7   1 
 617	6  10   5 
 627	2  10  11 
 629	2  10  11 
 627	6  21  17 
 631	2   5   6 
 631	6   8   2 
 633	6  16  10 
 633	6  23  22 
 637	6   6   1 
 639	2   8  12 
 641	2   8  12 
 639	6  23  19 
 643	2  13  12 
 643	2   6  10 
 643	6   3   2 
 645	2  13  12 
 645	2  10   6 
 647	2  13  18 
 647	2   6  10 
 649	2   7  12 
 649	6  19   9 
 651	2   7  12 
 653	2  16  12 
 653	6   2   1 
 655	2  16  12 
 655	2   8   9 
 657	2  11  12 
 657	2   9   8 
 659	2  11  12 
 659	2   8   9 
 661	2  12  14 
 661	6   3   2 
 663	2  18  13 
 665	2  14  12 
 667	2  11   1 
 667	2  13  18 
 669	2   7  17 
 671	2  17   7 
 673	2   1  11 
 675	2  12  14 
 677	2  11   1 
 679	2   7  17 
 681	6  12   2 
 687	2  16  12 
 689	2  12  16 
 691	2  16  12 
