   1	2   7   8 
   1	6  41  25 
   3	2   7   8 
   5	2   7   1 
   7	2   7   1 
   7	6  25  16 
  13	2   8   1 
  13	6  33  17 
  15	2   8   1 
  19	2   7  15 
  19	6  17   2 
  21	2   7  15 
   1	6  46  38 
   7	6  38  30 
  13	6  30  29 
  19	6  29  28 
  25	2   8  15 
  25	6  10   3 
  27	2   8  15 
  29	2   1  15 
  19	6  33  32 
  25	6  32  24 
  31	2   7   9 
  31	6  24  22 
  33	2   7   9 
  35	2   8   9 
  37	2   7   0 
  37	6  28  23 
  39	2   8   9 
  41	2   7   0 
  43	2   1  15 
  43	6  29  28 
  45	2   1   9 
  45	2   7  14 
  47	2   8   0 
  49	2   1   9 
  49	2   7  14 
  49	6  42  29 
  51	2   8   0 
  53	2  15   9 
  53	2   1   0 
  55	2   8  14 
  57	2   7  21 
  59	2  15   9 
  59	2   1   0 
  61	2   8  14 
  63	2   7  21 
  65	2  15   0 
  67	2   1  14 
  69	2   8  21 
  71	2   7  16 
  73	2  15   0 
  75	2   1  14 
  77	2   8  21 
  79	2   7  16 
  79	6  29  21 
  81	2   9   0 
  83	2   8  16 
  85	2  15  14 
  85	6  29  24 
  87	2   7   2 
  89	2  15  14 
  89	6   9   1 
  91	6  24  17 
  95	2   1   0 
  97	2   9  17 
  97	6  14   0 
  99	2   9  17 
 101	6  24   3 
 107	2   8  16 
 109	2   7   2 
 111	2   1   0 
 111	2  15  17 
 113	2   9  16 
 113	2   1   0 
 115	2   8   2 
 117	2   7  23 
 119	2  15  17 
 121	2   9  16 
 121	2  14   0 
 123	2   8   2 
 125	2   7  23 
 127	2   1  17 
 129	2  15  16 
 129	6   3   1 
 131	2  15  16 
 127	6  37  29 
 135	2   9   2 
 135	2  14   0 
 137	2   8  23 
 139	2   7  10 
 141	2   3  17 
 141	6   1   0 
 143	2   3  16 
 145	2   3  16 
 147	2   9   2 
 149	2   8  23 
 151	2   7  10 
 153	2  14  17 
 155	2  15   2 
 157	2   9  23 
 159	2   8  10 
 161	2   7  22 
 163	2  14  17 
 165	2  15   2 
 167	2   9  23 
 169	2   8  10 
 171	2   7  22 
 171	2   3   2 
 173	2   1  17 
 175	2  14  16 
 175	2   3   2 
 177	2  15  23 
 177	2   9  10 
 179	2   8  22 
 179	6  18   3 
 181	2   7  28 
 183	2  15  23 
 185	2   1  17 
 187	2  14  16 
 189	2   9  10 
 191	2   8  22 
 193	2   7  28 
 195	2   1  16 
 195	6  29  28 
 197	2  15  10 
 199	2   1  16 
 201	2  14   2 
 201	6  31  24 
 203	2   9  22 
 205	2   7  21 
 207	2  18  23 
 209	2   8  29 
 211	2  14   2 
 213	2  18  23 
 213	2   1   2 
 213	6  28  14 
 215	2  17  16 
 215	2   1   2 
 217	2  17  16 
 219	2  15  10 
 219	6  30  28 
 221	2  18  10 
 223	2  18  10 
 225	2   9  22 
 225	6  24  18 
 227	2   7  21 
 229	2  15  22 
 229	2   7   0 
 231	2   8  29 
 233	2  30  23 
 233	2   8  21 
 233	6  18  10 
 235	2  30  23 
 235	2   8  21 
 237	2  15  22 
 237	2   7   0 
 207	6  39  32 
 237	6  32  31 
 239	2  17   2 
 239	2   7  14 
 241	2   8   0 
 241	6  28  21 
 243	2  17   2 
 245	2   8   0 
 245	6  31  17 
 247	2   7  14 
 249	2   8  14 
 251	2  30  18 
 251	2   8  14 
 253	2  24  22 
 255	2  30  18 
 255	6  15   9 
 261	2  15  29 
 263	2  15  29 
 265	2  15  28 
 267	2  24  22 
 269	2  15  28 
 271	2  16   2 
 273	2  30  22 
 273	6  17   1 
 275	2  30  22 
 279	2  17  23 
 281	2  17  23 
 283	2  31  23 
 283	2  17  18 
 285	2  15   0 
 285	2  17  18 
 287	2   7  10 
 289	2  16   2 
 285	6  30  29 
 289	6  25  11 
 291	2  15   0 
 293	2  15  14 
 295	2   9  30 
 297	2   9  30 
 299	2  24  30 
 299	2  15  14 
 299	6  11   2 
 301	2  31  23 
 303	2  24  30 
 271	6  42  35 
 301	6  28  14 
 305	2  16  23 
 305	6  25  11 
 307	2  29  30 
 309	2  16  23 
 309	6  35  28 
 311	2   9  14 
 313	2   9  14 
 299	6  44  43 
 309	6  43  37 
 311	6  24  18 
 315	2   9   0 
 315	2  29  30 
 317	2   7  10 
 317	6  35  29 
 319	2  31  24 
 319	2   8  10 
 321	2  31  24 
 321	2   9   0 
 323	2  17  22 
 323	6  37  35 
 325	2  17  22 
 327	2   8  10 
 329	2   7  21 
 329	2  16  24 
 331	2   7  21 
 331	2  17  30 
 333	2  25  23 
 333	2   7   1 
 335	2  31  22 
 335	2   7   1 
 337	2  15  10 
 339	2   8  21 
 341	2  25  23 
 341	2   7   2 
 343	2  16  24 
 343	2   7   2 
 345	2  31  22 
 347	2  17  30 
 347	6  21   7 
 349	2  25  24 
 351	2  31  30 
 349	6  43  36 
 353	2  15  10 
 353	2  25  24 
 355	2   8   7 
 355	2  16  22 
 355	2  31  30 
 355	6  18   3 
 357	2  15   7 
 357	2  21  28 
 359	2   8   1 
 359	2  16  22 
 357	6  38  37 
 361	2  15   7 
 361	2  23  24 
 361	2  21  28 
 361	6  10   3 
 363	2   8   1 
 363	2  23  24 
 363	2  21  35 
 365	2  25  22 
 367	2  16  30 
 367	2  21  35 
 369	2  15   1 
 369	6  43  35 
 371	2   8   2 
 373	2  16  30 
 375	2  25  22 
 375	6  45  43 
 377	2  15   1 
 377	2  25  30 
 379	2   8   2 
 379	2  23  22 
 381	2  15   2 
 383	2  23  22 
 383	6  14   8 
 385	2  25  30 
 387	2  23  30 
 381	6  45  44 
 389	2  10   8 
 389	2  23  30 
 389	6  35  21 
 391	2  10   8 
 387	6  46  45 
 393	6  38  17 
 395	2  14  28 
 397	2  14  28 
 393	6   1   0 
 399	2  17   8 
 399	2  35  42 
 399	6  38  31 
 401	2  10   1 
 401	2  35  42 
 403	2  17   8 
 403	2  35  36 
 405	2  10   1 
 405	2  35  36 
 405	6  31  22 
 405	6  45  44 
 411	2  22   8 
 411	2  24  31 
 411	6  47  39 
 413	2  17   1 
 413	2  35  37 
 415	2  22   8 
 415	2  24  31 
 417	2  17   1 
 417	2  35  37 
 417	6  22  14 
 419	6  39  37 
 423	2  14   1 
 425	2  14   1 
 425	2  24  30 
 425	6  45  33 
 427	2  15   2 
 427	2  24  30 
 429	2  15  28 
 431	2  15  28 
 431	2  31  30 
 431	6  33  25 
 433	2  31  30 
 433	2  35  21 
 435	2  35  21 
 433	6  16   8 
 437	2  35  43 
 435	6  38  30 
 439	2  35  43 
 437	6  33  18 
 441	2  35  44 
 439	6  15   9 
 443	2  35  44 
 445	2  15  29 
 445	6  24  10 
 447	2  15  29 
 449	2  35  37 
 451	2  24  29 
 451	6  45  44 
 453	2  15   3 
 455	2  24  29 
 443	6  40  27 
 449	6  40  39 
 455	6   2   1 
 457	2  30  16 
 459	2  17  29 
 457	6  45  39 
 461	2  15   3 
 461	6  42  36 
 463	2  24   3 
 465	2  15   7 
 465	6  18   2 
 467	2  15   7 
 467	2  35  37 
 469	2  35  44 
 471	2  30  16 
 471	6  45  43 
 473	2  24   3 
 475	2   8  16 
 449	6  34  27 
 455	6  34  33 
 475	6  33  32 
 477	2  17  29 
 479	2  14  29 
 479	2  17   3 
 481	2  30  18 
 481	6  42  35 
 483	2  15   0 
 485	2   8  16 
 481	6  40  39 
 487	2  30  18 
 487	6  43  42 
 489	2  14  29 
 489	2  17   3 
 491	2  15   0 
 491	2  30  29 
 489	6  38  32 
 493	2   2  16 
 493	2  30  29 
 493	2  43  44 
 481	6  34  27 
 487	6  47  34 
 493	6  14   7 
 495	2   2  16 
 495	2  43  42 
 497	2  23  16 
 497	2  43  42 
 491	6  18  11 
 493	6  47  46 
 497	6  18  12 
 499	2  15   1 
 499	2  43  38 
 501	2  15   1 
 501	2  43  38 
 503	2   8  11 
 503	2  43  46 
 505	2  22  25 
 505	6   3   1 
 507	2  22  25 
 509	2  22  36 
 509	6  31  18 
 511	2   7   1 
 511	2  22  36 
 513	2   7   1 
 509	6  33  27 
 513	6  36  22 
 515	6  17   2 
 519	2  36  35 
 515	6  47  33 
 519	6  22  14 
 521	2   9  25 
 521	2  36  35 
 523	2   9  25 
 523	6  47  44 
 525	2  24  22 
 527	2  24  22 
 525	6   9   0 
 529	2  36  39 
 525	6  26  19 
 531	2  24   9 
 531	2   0  14 
 531	2  43  46 
 533	2   8  11 
 533	2  36  39 
 535	2  24   9 
 535	2   0  14 
 535	6  43  37 
 537	2  17  11 
 537	2  15  28 
 539	2  23  16 
 535	6  40  39 
 539	6  14   0 
 541	2  24   3 
 543	2  17  11 
 543	2  37  31 
 541	6  47  46 
 545	2   8  29 
 543	6  33  26 
 547	2   8  29 
 549	2  24   3 
 549	2  36  21 
 549	6  40  33 
 551	2  15  28 
 551	2  37  31 
 553	2  10  16 
 553	2  36  21 
 553	6  46  38 
 555	2  23  11 
 557	2  17  29 
 551	6   2   1 
 555	6  34  26 
 559	2   1  22 
 559	2  37  44 
 561	2   1  22 
 561	2  37  44 
 561	6  33  26 
 563	2   7  22 
 565	2   1   9 
 565	2  36  45 
 565	6  22  14 
 567	2   1   9 
 567	2  36  45 
 569	2   1   3 
 567	6  31  25 
 571	2   7  14 
 571	2  10  16 
 569	6  46  44 
 573	2   7   9 
 573	2  22  35 
 573	6  26  25 
 575	2   7   9 
 575	2  22  35 
 577	2   1   3 
 575	6  45  37 
 579	2  18  16 
 575	6  47  40 
 577	6  35  28 
 581	2  15  31 
 579	6   3   2 
 583	2  15  31 
 581	6  46  40 
 585	2  23  11 
 587	2  17  29 
 587	2  45  47 
 589	2  10  11 
 589	2  23  29 
 589	2  45  47 
 591	2   7   2 
 591	2  23  29 
 591	2  45  33 
 593	2  15   0 
 593	2  10  11 
 593	2  36  39 
 595	2  18  16 
 595	2  36  39 
 597	2   7   2 
 597	2  18  11 
 597	2  36  43 
 597	6  30  24 
 599	2  15   0 
 599	2  18  11 
 599	2  36  43 
 601	2  15  28 
 601	2  45  33 
 601	6   2   0 
 603	2  30  35 
 605	2  30  35 
 603	6  46  45 
 607	2  24   3 
 609	2  24   3 
 611	2   8   3 
 611	2  30  31 
 611	6  40  26 
 613	2   8   3 
 613	2  30  31 
 615	2  17   3 
 615	6  35  14 
 617	2  17   3 
 615	6  31  30 
 617	6  46  40 
 621	2   1  14 
 619	6  25  17 
 623	2   1  14 
 623	2  36  38 
 625	2  32  16 
 625	6  37  29 
 627	2   7  14 
 629	2  32  16 
 631	2  22  17 
 631	6  46  43 
 633	2   7  14 
 635	2  22  17 
 631	6   3   2 
 631	6  33  26 
 637	2  23   2 
 637	6  46  33 
 639	2  23   2 
 641	2  15  28 
 641	6  30  24 
 643	2  22  21 
 645	2  22  21 
 641	6   2   0 
 647	2  30  35 
 647	2  15  17 
 649	2  30  35 
 649	2  15  17 
 651	2  30   9 
 653	2  30   9 
 655	2  32  11 
 655	2  15  21 
 657	2  32  11 
 657	2  22  29 
 657	6  14   8 
 659	2  22  29 
 661	2  36  38 
 659	6  17   3 
 663	2  14  35 
 663	6  46  38 
 665	2  14  35 
 667	2  14   9 
 667	2  36  42 
 665	6  30  23 
 669	2  14   9 
 669	2  36  42 
 665	6  32  25 
 669	6  47  46 
 671	2  23   2 
 673	2  31  17 
 673	2  15  21 
 673	2  36  44 
 675	2  23   2 
 675	6  44  35 
 677	2  31  17 
 679	2  14   2 
 679	6  24  17 
 681	2  14   2 
 681	2  36  35 
 683	2  15  29 
 683	6  11   3 
 685	2  32  44 
 687	2  32  44 
 685	6  16   1 
 689	2  36  45 
 689	6  25  11 
 691	2  30  44 
 693	2  30  44 
 691	6   7   2 
 695	2  16  17 
 695	2  36  45 
 697	2  16  17 
 697	2   1   3 
 697	2  36  43 
 697	6  30  22 
 699	2   2  17 
 699	2  36  43 
 701	2   2  17 
 689	6  47  40 
 697	6  45  40 
 703	2  23   8 
 703	2  36  38 
 703	6  18  10 
 705	2  23   8 
 705	2  36  38 
 707	2  14   8 
 707	2  30  39 
 709	2  16  24 
 709	2   1   3 
 709	6  45  36 
 711	2  16  24 
 713	2  23  17 
 713	2  14   8 
 709	6  40  26 
 711	6   3   2 
 715	2  31  28 
 717	2  31  28 
 717	6   8   3 
 719	2  31  25 
 719	2  45  46 
 721	2  23  17 
 721	2  45  46 
 719	6  28  21 
 723	2   8  24 
 723	2  45  40 
 725	2  16  21 
 725	2  31  25 
 725	2  45  40 
 727	2   8  24 
 729	2  16  21 
 729	6  39  37 
 731	2  14  17 
 733	2  23  24 
 733	2   8  21 
 735	2  18  39 
 735	2   8  21 
 737	2  18  39 
 737	2  15  29 
 737	6   2   0 
 739	2  31  28 
 741	2  23  24 
 741	6  39  26 
 743	2  30  37 
 745	2  23  21 
 743	6   4   1 
 747	2  31  28 
 747	6  26  19 
 749	2  31  29 
 751	2  23  21 
 749	6   3   0 
 753	2  30  33 
 755	2  10  19 
 755	2  31  29 
 757	2  18   2 
 755	6  46  44 
 759	2  10  19 
 755	6  15  14 
 759	6  32  31 
 761	2  11  19 
 763	2  11  19 
 761	6  29  14 
 765	2  18   2 
 761	6  46  40 
 767	2  10   2 
 767	2  29  37 
 767	6  40  26 
 769	2  10   2 
 769	2  29  37 
 771	2  11   2 
 771	6  31  29 
 773	2  18  26 
 775	2  18  26 
 773	6  14   9 
 777	2  30  33 
 779	2  29  14 
 779	2   4  19 
 781	2  29  14 
 781	2  10  26 
 783	2  22  14 
 783	2   4  19 
 783	6  38  36 
 785	2  22  14 
 785	2  11   2 
 787	2  16  25 
 787	6  21   7 
 789	2  10  26 
 789	2  30  38 
 791	2  16  25 
 791	2  30  38 
 793	2  29  21 
 793	2   3  19 
 795	2  29  21 
 795	2   4   2 
 795	2  31  33 
 797	2  22  21 
 797	2  11  26 
 797	6  45  42 
 799	2  22  21 
 799	2   3  19 
 801	2  15  17 
 801	2   4   2 
 801	6  26  13 
 803	2  16  28 
 805	2  16  28 
 807	2  15  24 
 807	2  11  13 
 803	6   1   0 
 807	6  43  35 
 809	2  15  24 
 809	2   3   2 
 811	2   4  13 
 811	2  15   7 
 811	2  31  33 
 811	6  18  17 
 813	2  32  37 
 813	2   3   2 
 813	2  15   7 
 815	2   4  13 
 815	2  32  37 
 815	6  14   1 
 817	2  32  33 
 817	2  30  45 
 819	2  31  38 
 813	6  35  28 
 817	6  11   3 
 821	2  29  14 
 821	2  16   9 
 821	2  32  33 
 823	2  17   1 
 823	6  38  32 
 825	2  17   1 
 827	2  29  14 
 827	2  16   9 
 827	2  11  13 
 829	2  10   1 
 829	2  22  14 
 829	2  31  32 
 829	6  19   5 
 831	2  10   1 
 831	2  22  14 
 831	2  38  32 
 833	2  16  37 
 835	2   3   1 
 835	2  30  45 
 835	6  21  15 
 837	2   3   1 
 837	2  31  45 
 839	2  11  13 
 839	2  30  43 
 835	6  33  26 
 841	2  17  15 
 841	2  38  32 
 841	6   4   2 
 843	2  17  15 
 843	2  30  43 
 845	2  31  45 
 841	6  26  19 
 847	2  10  15 
 847	2  38  45 
 849	2  17  14 
 849	2   5   4 
 849	2   2   1 
 849	2  38  45 
 851	2  10  15 
 851	2  31  43 
 853	2  17  14 
 853	2   5   4 
 853	2   2   1 
 855	2   3  15 
 855	6  24  18 
 857	2   3  15 
 859	2   5  13 
 859	2   2  15 
 855	6  45  33 
 861	2  29  24 
 861	2   5  13 
 861	6   3   1 
 863	2  29  24 
 865	2  22  24 
 861	6  33  26 
 863	6  13  12 
 867	2  22  24 
 867	6  10   9 
 869	2   4  12 
 869	2  30  39 
 871	2   4  12 
 871	2  31  43 
 873	2   9  14 
 873	2  30  39 
 873	6  25  18 
 875	2   9  14 
 875	2  38  43 
 877	2   1  14 
 877	2  31  39 
 879	2  17  24 
 879	2  11   3 
 879	2   1  14 
 879	2  38  43 
 881	2  17  24 
 881	2  11   3 
 881	6  37  28 
 883	2   5   3 
 885	2   5   3 
 881	6  15   8 
 883	6  24  18 
 887	2   2   8 
 887	2  30  37 
 889	2  15  24 
 889	2   4   3 
 891	2  15  24 
 891	2   4   3 
 893	2  23  24 
 893	2  11   8 
 895	2  23  24 
 895	2   2  14 
 897	2  21  24 
 897	2  12   3 
 899	2  21  24 
 899	2  12   3 
 901	2  16  28 
 901	2  31  39 
 901	6   5   4 
 903	2   9  18 
 903	2  30  37 
 905	2   9  18 
 905	2  38  39 
 905	2  30  36 
 907	2  16  19 
 907	2  38  39 
 907	6   4   3 
 909	2  16  19 
 911	2  16  32 
 907	6  35  28 
 913	2  15  28 
 913	2  31  37 
 913	6  17  11 
 915	2  15  28 
 915	2  31  37 
 917	2   2  14 
 917	2  30  36 
 913	6  26  19 
 919	2  23  28 
 919	2  38  37 
 919	6  10   8 
 921	2  23  28 
 921	2  38  37 
 923	2  21  28 
 923	2  30  44 
 919	6  32  25 
 925	2  29  32 
 925	2  17  10 
 925	6   2   1 
 927	2  29  32 
 929	2  21  28 
 929	2  16  25 
 929	6  43  37 
 931	2  15   8 
 931	2   3  10 
 933	2  15   8 
 933	2   3  10 
 931	6  39  24 
 931	6  35  28 
 935	6   3   1 
 937	2  31  36 
 939	2  31  36 
 941	2  23   8 
 941	2  38  36 
 941	6   5   3 
 943	2  15  28 
 945	2  23   8 
 945	2  38  36 
 941	6  26  25 
 947	2  15  28 
 947	2   3  10 
 949	2   2  18 
 949	2  30  44 
 951	2  21   8 
 951	2   3  10 
 951	2  31  44 
 953	2  23  28 
 953	2  12  10 
 953	6  14   8 
 955	2  23  28 
 955	2  12  10 
 957	2   4  10 
 957	2  30  46 
 957	6  43  35 
 959	2   2  18 
 959	2  21  14 
 961	2  17   8 
 961	6  32  30 
 963	2  21  28 
 963	2  17   8 
 965	2  21  28 
 965	2   1   8 
 965	2   4  10 
 967	2  22  30 
 967	2   5  18 
 967	2   1   8 
 967	6  35  28 
 969	2  22  30 
 969	2   5  18 
 971	2  16  19 
 973	2  16  19 
 975	2  17  18 
 975	2   3   8 
 975	2  31  44 
 975	6  29  21 
 977	2  17  18 
 977	2   3   8 
 977	2  32  46 
 979	2  38  44 
 979	6  12   9 
 981	2  31  46 
 983	2  38  44 
 981	6  36  29 
 985	2   9   8 
 985	2  31  46 
 985	6  17  11 
 987	2  21   7 
 987	2  38  46 
 989	2  21   7 
 989	2  38  46 
 987	6  30  23 
 991	2   9   8 
 991	6  44  39 
 993	2  17  23 
 995	2  22   7 
 991	6   4   3 
 991	6  19  12 
 997	2  17  23 
 997	2   3   8 
 997	6  44  35 
 999	2   3   8 
1001	2  10   8 
 997	6  32  19 
1003	2  21  35 
1003	2  10   8 
1003	6  39  30 
1005	2  21  35 
1003	6  19   5 
1005	6  10   1 
1007	6  35  21 
1011	2  10  18 
1009	6  46  31 
1013	2  35  43 
1013	2  10  18 
1011	6   8   7 
1015	2  32  23 
1015	2  35  43 
1015	6  18  10 
1017	2  22   8 
1019	2  22  21 
1017	6  44  36 
1021	2  17   8 
1021	2  22  21 
1023	2  32  23 
1023	2   4  10 
1023	6  19  18 
1025	2   2  23 
1027	2  22  43 
1027	2   4  10 
1029	2  17   8 
1029	6  29  21 
1031	2   9  10 
1033	2   9  10 
1029	6  43  38 
1029	6  26  19 
1035	2  17  29 
1037	2  35  14 
1037	2   3  10 
1037	6  31  25 
1039	2  35  14 
1039	2   3  10 
1041	2  35  36 
1041	2   1  10 
1043	2  15  31 
1043	2  35  36 
1043	6  19   4 
1045	2  15  31 
1047	2  39  31 
1045	6  43  35 
1049	2   2  23 
1051	2  17  29 
1053	2  22  38 
1053	2   1  10 
1055	2  39  31 
1055	2  22  14 
1055	6   9   4 
1057	2  44  31 
1057	2  22  14 
1059	2  44  31 
1061	2  15   9 
1061	2  43  31 
1061	6  12   4 
1063	2  15   9 
1063	2  43  31 
1065	2  16  37 
1067	2  18  23 
1067	6   4   3 
1069	2  18  23 
1071	2  16  37 
1073	2  17  38 
1075	2  15   3 
1075	6  32  19 
1077	2  15   3 
1079	2  22  36 
1081	2  17  38 
1083	2  11  23 
1083	6  39  38 
1085	2  17  14 
1087	2  16  24 
1085	6  36  29 
1089	2  17  14 
1091	2  11  23 
1091	6  38  32 
1093	2  22  29 
1093	2   7  10 
1095	2  17  29 
1097	2  16  24 
1097	6  19   3 
1099	2  22  31 
1101	2  22  31 
1103	2   3   8 
1103	6  36  24 
1105	2   3   8 
1107	2   2   8 
1103	6  39  33 
1103	6  19  12 
1109	2   3  24 
1111	2   2   8 
1111	2  17  29 
1111	6  33  20 
1113	2  16  28 
1115	2  16  28 
1113	6  11   3 
1117	2  16  21 
1119	2  11  24 
1119	6  29  15 
1121	2  11  20 
1123	2  11  20 
1121	6  31  25 
1125	2  16  21 
1127	2  29  37 
1127	2  17  25 
1127	6  14   2 
1129	2  29  37 
1129	2  17  25 
1131	2  29  36 
1131	6  24  23 
1133	2  11   2 
1133	2  29  36 
1135	2  11   2 
1135	2  29  28 
1137	2  14  23 
1137	6  18   4 
1139	2  14  23 
1141	2  29  28 
1137	6   2   1 
1143	2  26  24 
1143	2  29  21 
1143	6  11   9 
1145	2  26  24 
1145	2  29  21 
1147	2  38  24 
1147	6  22  14 
1149	2  32  11 
1151	2  32  11 
1149	6  44  37 
1153	2   9  15 
1153	6  32  20 
1155	2   9  15 
1157	2   7  10 
1155	6  45  44 
1159	2  20  12 
1159	2   9  25 
1159	6  30  22 
1161	2  20  12 
1161	2   9  25 
1161	6  47  45 
1165	2  30  32 
1163	6   8   3 
1167	2  30  32 
1163	6  27  20 
1167	6  47  41 
1169	2   4   3 
1169	2  38  24 
1171	2   4   3 
1171	2  19  24 
1169	6  15   1 
1173	2  27  41 
1171	6  45  36 
1175	2   8   3 
1175	2  27  41 
1173	6  24  17 
1177	2   8   3 
1177	6  39  27 
1179	2  16  22 
1181	2  16  22 
1177	6  35  28 
1179	6   8   1 
1183	2  39  45 
1183	2  19  17 
1183	2  29  22 
1179	6   4   3 
1183	6  43  35 
1185	2  30  15 
1185	2  39  45 
1185	2  18  17 
1187	2  30  15 
1187	2  18  17 
1185	6  12   4 
1189	2  16  31 
1189	6  44  43 
1191	2  26  12 
1191	2  29  22 
1191	2   2  17 
1193	2  26  12 
1193	2  16  31 
1189	6  14   7 
1195	2  39  44 
1195	2   2  17 
1195	6  26  12 
1197	2  39  44 
1199	2  29  31 
1197	6  16   3 
1201	2  38  26 
1197	6   7   1 
1201	6  35  21 
1203	2  16  23 
1203	2  38  26 
1205	2  16  23 
1205	2  19  26 
1203	6   4   2 
1207	2  19  26 
1207	2  29  31 
1209	2   7  23 
1209	2  18  26 
1209	6  44  35 
1211	2  16  32 
1213	2   7  23 
1213	2  18  26 
1209	6  13   4 
1215	2  16  32 
1217	2  16  15 
1217	2  39  44 
1215	6  19  12 
1219	2  16  15 
1219	2  39  44 
1221	2  14  17 
1217	6  30  29 
1221	6  39  38 
1223	2  29   8 
1223	2  13  26 
1225	2  29   8 
1225	2  13  26 
1227	2  16   8 
1227	6  37  25 
1229	2  16   8 
1227	6   3   2 
1231	6  15   7 
1233	2  25  11 
1233	2  29  37 
1235	2  25  11 
1235	2  29  37 
1237	2  16  37 
1239	2  38  22 
1237	6  26  25 
1241	2  16  37 
1237	6   4   3 
1243	2  38  22 
1243	6  18   4 
1245	2  38  31 
1247	2  38  31 
1245	6  21   8 
1249	2  26  18 
1249	6  45  40 
1251	2   8  11 
1253	2   8  11 
1243	6  43  35 
1249	6  24  23 
1249	6  43  36 
1255	2  26  18 
1255	6  31  15 
1255	6  44  36 
1255	6   4   3 
1255	6  20  13 
1261	2  26  41 
1261	6  23   7 
1263	2  26  41 
1265	2  26  40 
1261	6  44  38 
1261	6  11   3 
1267	2   1   3 
1267	2  19  24 
1267	6  29  21 
1269	2   1   3 
1269	2  31  32 
1271	2  19  24 
1271	6   8   3 
1273	2  31  32 
1275	2  26  40 
1275	2  31  23 
1273	6  45  36 
1277	2   3  18 
1277	2   7   8 
1277	2  31  23 
1277	6  41  27 
1279	2   3  18 
1279	2   7   8 
1279	2  31  29 
1281	2   9   8 
1281	2  31  29 
1279	6  46  45 
1283	2  19  32 
1283	2   9   8 
1281	6   4   3 
1285	2  39  24 
1285	2  21   8 
1285	6  27  13 
1287	2  39  24 
1287	2  21   8 
1289	2  31  37 
1289	2  16   8 
1289	6  18   4 
1291	2  31  37 
1291	2  16   8 
1289	6  46  40 
1293	6  31  22 
1295	2   1   4 
1297	2   1   4 
1291	6  27  20 
1299	2  18  13 
1299	2  22   8 
1299	6  46  34 
1301	2  18  13 
1301	2  22   8 
1303	2  12  24 
1303	6   7   2 
1305	2  18  34 
1307	2  26  38 
1305	6  13   5 
1309	2  18  34 
1305	6  22  21 
1311	2   2   4 
1311	2  19  32 
1311	6  22  16 
1313	2   2   4 
1313	2  26  38 
1315	2  39  32 
1315	6   3   1 
1317	2  26  40 
1319	2  39  32 
1317	6  29  14 
1321	2   3   5 
1321	2  26  40 
1323	2   3   5 
1323	2  26  31 
1323	6  22   8 
1325	2  26  31 
1325	6   5   3 
1327	6  32  18 
1331	2   2   3 
1329	6  30  29 
1333	2   9   4 
1333	2  32  38 
1333	6  34  20 
1335	2   9   4 
1335	2  32  38 
1337	2   2   3 
1337	2  30  17 
1339	2   5  20 
1339	2   9   3 
1339	2  32  40 
1339	6  22  15 
1341	2   5  20 
1341	2   9   3 
1341	2  32  40 
1343	2  10  17 
1343	2  32  31 
1343	6  20   5 
1345	2  10  17 
1345	2  32  31 
1347	6  31  22 
1349	2   2   5 
1351	2   2   5 
1353	2  12  24 
1353	6   8   2 
1355	2  11  24 
1357	2  12  18 
1353	6  21  14 
1357	6  38  33 
1359	2  16   4 
1361	2  12  18 
1361	6  14   1 
1363	2  20  33 
1365	2  11  24 
1365	6  34  20 
1367	2  16   4 
1369	2  30  25 
1369	2   2   4 
1371	2  34  33 
1371	2  11  18 
1371	6  38  22 
1373	2  11  18 
1375	2   2   4 
1373	6  33  26 
1377	2  16   3 
1377	6  39  38 
1379	2  16   3 
1381	2   1   4 
1379	6  26  19 
1383	2  34  40 
1383	2   2   3 
1377	6  29  21 
1383	6  38  29 
1385	2  34  40 
1385	2   1   4 
1387	2   2   3 
1387	6  11   5 
1389	2  33  31 
1391	2  30  25 
1387	6  15   8 
1393	2  26  23 
1393	2   1   3 
1395	2  26  23 
1395	2   1   3 
1397	2  29  23 
1397	2  26  38 
1397	6   4   1 
1399	2  29  23 
1399	2  26  38 
1401	2  29  38 
1403	2  27  24 
1405	2   9  11 
1405	2  29  38 
1407	2  27  24 
1409	2   9  11 
1409	2  33  31 
1411	2  10  25 
1411	6  38  37 
1413	2  27  18 
1415	2  16  11 
1417	2  26  38 
1417	6  15   3 
1419	2  26  38 
1421	2  30  24 
1421	2  34  39 
1423	2   3  19 
1423	2  29  38 
1423	6  40  34 
1425	2   3  19 
1425	2  32  31 
1427	2  10  25 
1423	6  15   8 
1429	2  30  24 
1429	2  40  39 
1429	6  19   3 
1431	2  29  38 
1433	2  32  31 
1433	6  23  15 
1435	2  19  34 
1437	2  27  18 
1435	6  39  32 
1439	2   9   3 
1439	2  19  34 
1441	2  26  23 
1441	6   8   1 
1443	2  26  23 
1445	2  17  25 
1445	6  34  20 
1447	2  16  11 
1449	2   9   3 
1449	2  29  23 
1451	2  10  24 
1451	6  20   5 
1453	2  40  31 
1455	2  17  25 
1451	6  15   8 
1457	2  30  18 
1459	2   2  11 
1459	2  29  23 
1461	2  16   3 
1461	2  19  32 
1463	2  10  24 
1465	2  30  18 
1467	2   2  11 
1467	2  40  31 
1469	2  16   3 
1469	2  19  32 
1471	2  17  24 
1471	2   4  11 
1473	2  10  18 
1473	6  23  15 
1475	2   2   3 
1477	2  10  18 
1479	2  26  23 
1479	2   4  11 
1481	2  26  23 
1481	2   2   3 
1483	2  29  23 
1483	2   4   3 
1483	6  26  19 
1485	2  17  24 
1485	2   4   3 
1487	2  29  23 
1483	6   9   1 
1487	6   5   4 
1489	2  26  31 
1491	2  26  31 
1489	6  10   9 
1493	2  25  24 
1489	6  29  22 
1495	2   1   4 
1495	2  25  24 
1497	2   1   4 
1497	6  32  23 
1499	6  12   3 
1499	6   8   1 
1503	6  37  30 
1505	2   3   1 
1505	2  17  18 
1507	2   3   1 
1507	2  17  18 
1505	6  20  12 
1509	2   8  23 
1509	2  25  18 
1511	2  19  10 
1511	6  15   8 
1513	2  19  10 
1515	2  19  11 
1511	6  31  30 
1517	2  16   4 
1519	2  16   4 
1521	2  15  23 
1521	2   2   4 
1521	2  25  18 
1523	2  22  10 
1523	6  31  25 
1525	2  16  23 
1525	2   2   4 
1527	2  22  10 
1529	2  15  30 
1529	2  19  11 
1531	2  16  23 
1531	2  19  20 
1531	2   5   4 
1531	6   8   2 
1533	2  19  20 
1533	2   5   4 
1535	2  24  18 
1537	2  15  30 
1537	2  19   4 
1537	6   2   1 
1539	2  16  30 
1539	2  19   4 
1541	2  16  30 
1541	6  25  11 
1543	6  29   8 
1547	6  12   4 
1549	2  29  23 
1551	2  29  23 
1541	6  27  20 
1547	6  32  27 
1553	2   4   2 
1553	2  22  25 
1555	2   3  11 
1555	2  29  30 
1553	6  20  13 
1557	2   4   2 
1557	2  22  25 
1559	2   3  11 
1559	2  29  30 
1559	6  38  32 
1561	2   4  11 
1563	2   4  11 
1561	6  23  17 
1565	6  13   4 
1567	2  22  38 
1569	2  24  18 
1569	6  37  21 
1571	2   4   2 
1573	2   4   2 
1571	6  32  24 
1575	2   4  11 
1559	6  27  26 
1571	6  27  13 
1575	6  15   2 
1577	2   4  11 
1577	6  32  30 
1581	2  21  15 
1579	6  17  11 
1583	2  21  15 
1581	6   2   1 
1585	2   5  11 
1585	2  22  38 
1583	6  26  25 
1587	2   9  15 
1587	2   5  11 
1589	2   3  24 
1589	6  19  12 
1591	2   3  24 
1593	2   3   2 
1589	6  21  14 
1595	2  27  24 
1595	2   3   2 
1595	2  12  11 
1597	2  27  24 
1597	2  12  11 
1599	2  14  17 
1599	6  20   5 
1601	2   9  15 
1603	2  14  17 
1605	2  23  15 
1605	2  20  32 
1605	6   4   2 
1607	2  23  15 
1607	2  20  32 
1609	6  32  19 
1611	2   9  17 
1613	2   9  17 
1609	6  30  22 
1611	6   6   4 
1615	2  31  15 
1617	2  27   6 
1617	2  23  17 
1617	6   9   2 
1619	2  27   6 
1619	2  23  17 
1621	2  30  32 
1621	2  12  19 
1617	6  21  14 
1623	2   9  24 
1623	2  12  19 
1625	2   9  24 
1625	6   6   4 
1627	2  21  24 
1629	2  21  24 
1627	6   9   2 
1631	2  30  32 
1631	6  21   7 
1633	2   2   4 
1635	2   2   4 
1633	6  32  30 
1637	6   4   1 
1643	2   9  24 
1645	2   7   1 
1645	2  32  11 
1647	2  31  15 
1647	6  10   3 
1649	2   7   1 
1649	2  22  15 
1651	2  22  15 
1647	6  27  19 
1649	6  38  30 
1653	2  10  25 
1653	6   8   1 
1655	2  10  25 
1657	2  19  25 
1657	2  10   3 
1655	6  30  22 
1659	2  19  25 
1659	2  10   3 
1661	2  19   3 
1661	6  16   8 
1663	2  19   3 
1661	6  38  29 
1665	6  25  11 
1667	6  29   8 
1671	2  32  25 
1671	6  27  19 
1673	2   9  24 
1675	2  31  17 
1675	6   4   2 
1677	2  23  24 
1679	2  31  17 
1677	6  33  27 
1681	2   4  11 
1681	2   9  16 
1681	6   7   1 
1683	2  10  26 
1685	2   4  11 
1685	2  23  24 
1687	2  10  26 
1689	2   4   3 
1689	2  33  26 
1689	2   9  16 
1689	2  31  24 
1691	2  10  22 
1691	2  33  26 
1693	2   4   3 
1693	2  30  17 
1693	6  33  32 
1695	2  10  22 
1697	2  23  16 
1697	6  11   2 
1699	2  31  24 
1701	2  23  16 
1701	6  37  32 
1703	2   1   2 
1705	2   1   2 
1703	6  12   4 
1707	2   9   2 
1707	2  37  22 
1709	2  18  15 
1711	2   1   3 
1711	2  12  26 
1711	2  37  22 
1713	2  10   8 
1713	2  33  19 
1713	6  37  29 
1715	2   9   2 
1715	2  12  26 
1717	2   1   3 
1717	2  33  19 
1719	2  18  15 
1721	2  30  17 
1721	6  26  12 
1723	2  30  24 
1723	2   9   3 
1725	2  31  16 
1725	6   3   1 
1727	2  18  17 
1729	2  18  17 
1727	6  31  22 
1731	2   3  12 
1733	2  10   8 
1733	2  26  31 
1735	2  23   2 
1737	2  29   8 
1737	6  32  26 
1739	2  22  16 
1739	2   3  12 
1741	2   9   1 
1741	6  23  14 
1741	6  12  11 
1743	6   9   3 
1747	2  30  24 
1749	2  10  25 
1749	6  29  23 
1751	2  14   2 
1751	2  32  31 
1753	2  10  25 
1753	6  14   8 
1755	2  18  24 
1757	2   3  11 
1757	6  37  32 
1759	2  15  17 
1761	2   8   1 
1761	2   3  11 
1761	6  22  14 
1763	2  10  19 
1763	2   8   1 
1765	2  18  24 
1767	2  23  22 
1767	2  10  19 
1769	2  30  16 
1771	2  14   2 
1771	6  31  19 
1773	2  14   2 
1775	2  14   1 
1777	2  37  22 
1777	6  11   9 
1779	2  37  22 
1777	6  39  33 
1781	6  30  22 
1783	2  11  19 
1783	2   8   9 
1785	2  11  19 
1785	2   8   9 
1787	2  23  25 
1787	2  14   1 
1789	2  15  17 
1789	6  32  30 
1791	2  14   9 
1793	2  14   9 
1791	6  19  11 
1795	2  22  16 
1795	6   7   2 
1797	2  23  25 
1799	2  19  32 
1801	2  15  24 
1801	2   3  11 
1803	2  18  16 
1805	2  22   7 
1805	2   3  11 
1805	6  32  20 
1807	2  22   7 
1809	2  22   1 
1811	2  37  25 
1811	6  14   9 
1813	2  23  31 
1813	2  19  20 
1815	2  37  25 
1815	6  20  12 
1817	2  15  24 
1819	2  23  31 
1819	6  10   8 
1821	2  19  25 
1823	2  37  31 
1825	2  18  16 
1825	2  37  31 
1825	6   7   1 
1827	2  17  24 
1827	2   3  12 
1827	2  37  39 
1829	2  15  16 
1829	2  10  11 
1829	2  19  25 
1829	2  39  37 
1831	2  17  24 
1831	2  22   7 
1831	2   3  12 
1831	2  37  39 
1833	2  15  16 
1833	2  10  11 
1833	6   2   1 
1835	2  17  16 
1835	2  22  14 
1837	2  19  31 
1837	2  22  14 
1839	2  18   2 
1839	6  15   7 
1841	2  18   2 
1843	2  10  12 
1845	2   7   2 
1845	2  17  16 
1847	2  18  15 
1849	2   9  11 
1849	6  24  22 
1851	2   7   2 
1853	2   9  11 
1855	2  18  15 
1857	2  10  12 
1857	2   7  15 
1859	2  19  31 
1859	2  22  16 
1859	6  10   3 
1861	2  22  16 
1863	2   7  15 
1861	6  25  12 
1865	6  22   1 
1867	2  19   4 
1869	2   4  19 
1871	2  10  12 
1871	6  23  14 
1873	2  10  12 
1875	2   3  12 
1871	6  32  26 
1877	2  17   2 
1879	2  18  23 
1879	2  14   8 
1881	2  24  11 
1881	2   8  14 
1883	2   9  25 
1885	2  10  31 
1887	2  17   2 
1889	2  18  23 
1889	2   1   2 
1891	2  24  11 
1891	2   1   2 
1893	2   9  25 
1895	2   3  12 
1895	2   7  23 
1897	2  10  31 
1899	2  17  15 
1901	2  18  11 
1901	2   7  23 
1903	2  24  25 
1903	2   9  12 
1905	2  17  15 
1907	2  18  11 
1907	2  16   2 
1909	2  24  25 
1909	2   9  12 
1911	2   1  15 
1911	2  18  25 
1913	2  17  23 
1913	2  19   4 
1913	2  14   8 
1915	2  24  12 
1915	6   7   1 
1917	2  17  23 
1919	2  18  25 
1921	2  16   2 
1921	6  31  25 
1923	2   7  15 
1925	2  16  15 
1923	6  11   3 
1927	2   7  23 
1921	6  20  19 
1927	6  38  32 
1929	2   1   3 
1929	2  16  15 
1931	2   1   3 
1933	2  11  25 
1933	2   2  15 
1935	2  11  25 
1935	2   2  15 
1937	2   9  25 
1939	2  24  12 
1939	6   8   1 
1941	2  17   3 
1943	2  18  12 
1943	6  31  22 
1945	2  18  12 
1947	6  12  10 
1953	2   9  25 
1955	2   8  22 
1955	2  24  25 
1957	2   7  23 
1957	2  12  26 
1959	2  17   3 
1959	2   8  22 
1959	2  26  12 
1961	2  24  25 
1961	2   8  10 
1963	2  16  23 
1963	2  18  25 
1963	6   3   0 
1965	2  16  23 
1965	2  18  25 
1967	2  24  19 
1969	2   7   0 
1969	2  17  22 
1969	2  12  26 
1971	2   7   0 
1971	2  17  22 
1973	2   8  10 
1973	6  25  24 
1975	2   7  22 
1977	2   7  22 
1955	6  40  39 
1961	6  39  37 
1967	6  37  36 
1979	2   2  23 
1981	2  16   0 
1981	2  19  25 
1981	6  36  29 
1983	2  17  10 
1983	2  25  19 
1985	2   8  24 
1987	2   2  23 
1989	2  16   0 
1991	2  17  10 
1991	2  15  23 
1991	6   1   0 
1993	2  16  22 
1993	2  18  13 
1995	2  15  23 
1995	2  13  18 
1997	2   8  24 
1999	2   2   1 
1999	2  17  24 
1999	6  15   7 
2001	2   2   1 
2001	2  17  24 
2003	2  11  32 
1987	6  44  35 
1993	6  35  28 
2005	2  15  10 
2005	6  27  25 
2007	2  16  22 
2007	2   7   1 
2009	2  15  10 
2011	2  16  10 
2011	2   7   1 
2011	6  30  25 
2013	2  16  10 
2013	6  14   1 
2017	2  17  33 
2019	2  15  24 
2019	6  10   2 
2021	2  15  24 
2023	2  23  14 
2025	2  10  22 
2025	6  38  31 
2027	2  10  22 
2029	2   7  22 
2029	2  10   2 
2031	2  16  24 
2033	2  23  14 
2033	2  10   2 
2035	2   7  22 
2035	2  32  11 
2037	2  16  24 
2037	2   7   2 
2039	2  23  22 
2039	2   7   2 
2039	2  18  13 
2041	2  10  24 
2041	6  21   7 
2043	2  10  24 
2045	2  10  31 
2047	2  23  22 
2047	2  11  32 
2049	2  14  22 
2049	2   9  25 
2051	2  23   2 
2053	2  21  24 
2055	2  14  22 
2055	2  25   9 
2057	2  23   2 
2059	2  21  24 
2061	2  14   2 
2061	2  23  24 
2063	2  14   2 
2063	2  23  24 
2065	2  23  35 
2067	2  21   7 
2067	2  33  17 
2069	2  16  28 
2071	2  15  30 
2073	2   8  29 
2075	2  29   8 
2077	2  30  15 
2079	2  28  16 
2081	2  31  10 
2081	2   7  21 
2083	2  35  23 
2085	2  23  35 
2087	2  21   7 
2087	2  10  31 
2089	2  16  28 
2091	2  15  30 
2093	2  17  33 
2093	6  22  14 
2095	2   9  25 
2089	6  45  44 
2095	6  44  36 
2099	2  14   2 
2099	6  24  23 
2101	2  14   2 
2089	6  12   5 
2097	6  18  12 
2101	6  42  37 
2105	2  22  23 
2103	6   9   2 
2107	2  22  23 
2105	6  18  17 
2109	2  22  36 
2111	2  14  23 
2113	2  14  23 
2115	2   9  23 
2111	6  43  35 
2117	2   9  23 
2119	2  23  35 
2121	2  14  17 
2121	6  37  30 
2123	2  17  14 
2125	2  14  17 
2127	2   9  30 
2129	2  36  22 
2131	2  30   9 
2133	2  35  23 
2135	2  23  35 
2137	2   9  30 
2139	2  22  36 
2141	2   8  29 
