   1	2   5   6 
   3	2   5   6 
   5	2   5   1 
   7	2   5   1 
   9	2   6   1 
  11	2   5  11 
  13	2   6   1 
  15	2   5  11 
  17	2   6  11 
  19	2   5   7 
  21	2   6  11 
  23	2   5   7 
  25	2   1  11 
  27	2   6   7 
  29	2   5   0 
  31	2   1  11 
  33	2   6   7 
  35	2   5   0 
  35	6  12  11 
  37	6   2   0 
  41	6  17  16 
  43	2   1   7 
  43	2   5  10 
  45	2   6   2 
  47	2   1   7 
  47	2   5  10 
  49	2   6   2 
  51	2  12   7 
  51	2   5  15 
  53	2   1   2 
  53	6  10   5 
  55	2  12   7 
  57	2   1   2 
  59	2   6   5 
  59	6  13   3 
  61	2   6   5 
  63	2  10  15 
  65	2  12   2 
  67	2   1   5 
  67	6  17  13 
  69	2  10  11 
  71	2   1   5 
  73	2  12   2 
  73	6  15   5 
  75	2   7   2 
  77	2   7   2 
  79	2   6   5 
  79	6  17  15 
  81	2   6   5 
  83	2   1   5 
  79	6   8   3 
  85	2  10  11 
  85	6   8   2 
  87	2  12  17 
  89	2   6  11 
  91	2  10  16 
  91	6  18   8 
  93	2   1   5 
  95	2   6  11 
  97	2  12  17 
  97	6  15   5 
 103	2  10  16 
 105	2   7  17 
 105	2  10   0 
 107	2   1  11 
 109	2   6  16 
 111	2   7  17 
 111	2  10   0 
 113	2   1  11 
 115	2   6  16 
 117	2  18  17 
 117	2   6   0 
 119	2  10   5 
 119	2  18  17 
 119	6   7   1 
 121	2  10   5 
 121	6  17  16 
 125	2   6   0 
 127	2   7  17 
 127	6  10   0 
 129	2   7  17 
 131	6  13   3 
 133	2   6   5 
 135	2   6   5 
 133	6  16  15 
 137	2   0   2 
 139	2  12  16 
 139	2   0   2 
 141	2  12  16 
 141	6   2   0 
 143	2  12  11 
 145	2  12  11 
 143	6  20  15 
 147	2  12  17 
 147	2   6   0 
 147	2   2   3 
 149	2  12  17 
 149	2   6   0 
 149	2   2   3 
 151	6   6   2 
 149	6  15  10 
 151	6  23  13 
 157	2   2   3 
 157	2   6  10 
 157	6  13  12 
 159	2   2   3 
 159	2   6  10 
 161	6  15   5 
 163	6  12   2 
 169	2   7   5 
 169	6  16  15 
 171	2   7   5 
 173	2   6   2 
 175	2  12  10 
 177	2  12  10 
 179	2   6   2 
 179	6  15  10 
 181	2  12   2 
 183	2  12   2 
 185	2   6   8 
 185	6  17  16 
 187	2   6   8 
 189	6   5   1 
 191	2  12   8 
 193	2  12   8 
 191	6  16  15 
 195	6  18  12 
 197	2   5  10 
 199	2   5  10 
 195	6   2   1 
 201	2  12  10 
 201	6   1   0 
 203	2  12  10 
 205	2  20  10 
 205	6  13   3 
 207	2   5  11 
 209	2   5  11 
 211	2  12  11 
 211	2   3   2 
 213	2   5  15 
 213	2   3   2 
 215	2   7  17 
 215	2  20  10 
 217	2  12  11 
 217	6   2   0 
 217	6  21  20 
 219	6  17  12 
 223	2   5  15 
 223	6   8   3 
 225	2  21  11 
 227	2  17  15 
 227	2   5   0 
 229	2   7  12 
 229	2   5   0 
 231	2   8  12 
 231	6   2   1 
 233	2  21  11 
 235	2  17  15 
 237	2   7   2 
 237	2  10  11 
 239	2   8  12 
 239	2  21  15 
 239	6   6   5 
 241	2  21  15 
 243	6  17  16 
 245	2   7   2 
 247	2   8   2 
 245	6   5   0 
 249	2   7  13 
 251	2   6  12 
 253	2  10  11 
 253	2   8   2 
 255	2   6  12 
 255	2  10  15 
 257	2   7  13 
 257	2  10  15 
 259	2   6   2 
 259	2   8  13 
 261	2   7  17 
 261	6  10   5 
 263	2   8  13 
 265	2   7  17 
 267	2  16  10 
 267	2   7   1 
 269	2  16  10 
 269	2   7   1 
 271	2  16  12 
 273	2  16  12 
 275	2   6   2 
 275	6  17  13 
 275	6  15  10 
 277	6   3   1 
 281	2  21  15 
 281	6  17  12 
 283	2  21  15 
 285	2   5  15 
 287	2  11  10 
 287	2  21  17 
 287	2   8  13 
 287	6   2   1 
 289	2  11  10 
 289	2  21  17 
 289	2   8  13 
 291	6  16  11 
 293	2   8   3 
 295	2   7   2 
 297	2  11   1 
 297	2   8   3 
 299	2   6  12 
 301	2   5  15 
 301	2   7   2 
 303	2  11   1 
 305	2   6  12 
 305	2  16  15 
 307	2  11  12 
 307	2   8   2 
 309	2  16  15 
 309	2   8   2 
 311	2  11  12 
 313	2  10  15 
 313	6  12   6 
 315	2  10  15 
 311	6   8   3 
 317	6  21  16 
 319	2  12  13 
 321	2  12  13 
 319	6   6   1 
 323	2  12   8 
 325	2  16   6 
 327	2  16   6 
 329	2  11  13 
 331	2  11  13 
 333	2  12   8 
 333	6   6   1 
 335	6  12   8 
 339	6  15   5 
 341	2   8   2 
 343	2   8   2 
 345	2  15  17 
 345	6   5   1 
 347	2  15  17 
 349	2  21  17 
 351	2  15   5 
 351	6   7   2 
 353	2  21  17 
 355	2  15   5 
 355	6  17  13 
 357	6  15   5 
 363	2  16   6 
 365	2  16   6 
 367	2  21  15 
 367	2   5   6 
 369	2  16  17 
 369	2   5   6 
 371	2  11  12 
 371	2  21  15 
 373	2  16  17 
 373	6  10   6 
 373	6  13   8 
 375	6  17  16 
 379	2   6   8 
 381	2   6   8 
 381	6  16  15 
 383	6   3   1 
 387	2  11  12 
 387	6  21  20 
 389	2   3   8 
 389	2  17  12 
 391	2  11   7 
 393	2   6  16 
 393	2   3   8 
 395	2  20  10 
 395	2  17  12 
 395	6   8   3 
 397	2   5  15 
 399	2   6  16 
 401	2  20  10 
 401	6  18   8 
 403	2   5  15 
 405	2   6  10 
 407	2  11   7 
 407	2  20  15 
 407	6  22  18 
 409	2   6  10 
 411	2  20  15 
 409	6   8   3 
 413	2  22  16 
 411	6   6   5 
 415	2  22  16 
 415	6  13   8 
 417	2   5  15 
 419	2   5  15 
 421	2   6  12 
 421	6  22  20 
 423	2   6  12 
 425	6  13  11 
 431	2  17   7 
 431	2  20  10 
 433	2  17   7 
 433	2  20  10 
 435	2  11  16 
 435	6  22  18 
 437	2   6   7 
 437	2  20  15 
 439	2  11  16 
 441	2  18  12 
 441	2  20  15 
 443	2  18  12 
 445	2   6   7 
 445	6  18  13 
 447	2  11  10 
 449	2  11  10 
 451	2  13   7 
 451	2  16  10 
 453	2  13   7 
 453	2  16  10 
 455	2  11  15 
 457	2  11  15 
 459	2  16  15 
 459	6   7   5 
 461	2  16  15 
 463	6  20  16 
 465	2   7  12 
 467	2   7  12 
 469	2  16  12 
 471	2   7   5 
 471	6  22  20 
 473	2   7   5 
 475	2   7   6 
 477	2  16  12 
 479	2  11  12 
 481	2  11  12 
 483	2  10  15 
 483	2  22  12 
 485	2  10  15 
 485	2  22  12 
 487	2  10  12 
 489	2  10  12 
 491	2   6   7 
 491	6  16  10 
 493	2   7   6 
 491	6  18  13 
 497	2  10   5 
 497	6  22  12 
 499	2  10   5 
 503	2  11   5 
 503	6  22  20 
 505	2  11   5 
 507	2  11  13 
 509	2  15  20 
 509	6   7   5 
 511	2  15  20 
 513	6  17  16 
 515	6   6   1 
 519	2  10  16 
 521	2  12   7 
 521	2  16  10 
 523	2  12   7 
 523	2  10  16 
 525	2  17   7 
 525	6  15  10 
 527	2  17   7 
 529	2  12   8 
 531	2  13  11 
 533	2   8  12 
 533	6  10   5 
 535	2  12   8 
 529	6   2   1 
 531	6  22  20 
 537	6  22  12 
 537	6   3   2 
 543	2   5   7 
 543	6  17  16 
 545	2   5   7 
 547	2   5   1 
 549	2  12   7 
 549	2   1   5 
 551	2  12   7 
 551	2   5   1 
 553	2  12   2 
 553	6   5   0 
 555	2   2  12 
 557	2  12   2 
 559	2   7   5 
 561	2  16   6 
 563	2   6  16 
 565	2   5   7 
 567	2   7   5 
 569	2  16   6 
 571	2  11  13 
