   1	2   6   7 
   1	6   9   4 
   3	2   6   7 
   5	2   6   1 
   7	2   6   1 
   7	6  14   4 
   1	6  32  24 
   7	6  33  30 
  13	2   7   1 
  13	6  30  19 
  15	2   7   1 
  17	6   3   2 
  19	2   6  13 
  21	2   6  13 
  23	2   7  13 
  23	6  25  20 
  25	2   6   8 
  27	2   7  13 
  29	2   6   8 
  31	2   1  13 
  33	2   7   8 
  35	2   6   0 
  37	2   1  13 
  39	2   7   8 
  41	2   6   0 
  43	2   1   8 
  43	2   6  12 
  45	2   7   0 
  47	2   1   8 
  47	2   6  12 
  49	2   7   0 
  51	2  13   8 
  51	2   1   0 
  53	2   7  12 
  55	2   6  18 
  57	2  13   8 
  57	2   1   0 
  59	2   7  12 
  61	2   6  18 
  63	2  13   0 
  65	2   1  12 
  67	2   7  18 
  69	2   6   9 
  71	2  13   0 
  73	2   1  12 
  75	2   7  18 
  77	2   6   9 
  79	2   8   0 
  81	2  13  12 
  81	6   3   1 
  83	2  13  12 
  85	6  18  13 
  87	6  15   4 
  91	6  19  18 
  93	2   7   9 
  95	2   8   0 
  97	2   3  13 
  99	2   6  14 
 101	2   3  13 
 103	2   7   9 
 105	2   6  14 
 107	2   8  12 
 109	2  19  13 
 109	2   3   9 
 111	2   7  14 
 111	2   3   9 
 113	2   6  24 
 115	2   8  12 
 117	2  19  13 
 119	2   7  14 
 121	2   6  24 
 123	2   0  12 
 123	6  25  24 
 125	2   8  13 
 127	2   3  14 
 129	2  19   9 
 131	2   7  25 
 133	2   6  18 
 133	2   3  14 
 135	2   0  12 
 135	6  21   3 
 137	2   6  18 
 141	2   8  13 
 143	2  19   9 
 145	2   7  25 
 147	2   0  13 
 149	2   8   9 
 149	2  21  25 
 151	2  19  14 
 151	2   6   2 
 153	2   7  18 
 155	2   0  13 
 157	2   8   9 
 157	2  21  25 
 157	2  12  13 
 159	2  19  14 
 159	2   6   2 
 161	2   7  18 
 161	6   9   3 
 163	2  19  25 
 165	2   6  20 
 167	2   0   3 
 167	2  19  25 
 169	2   8  14 
 169	6  25  18 
 171	2   7   2 
 173	2   0   3 
 175	2  21  25 
 175	2  12  13 
 175	6   9   3 
 177	2  21  25 
 179	2   6  20 
 181	2   8  14 
 181	2  19  25 
 181	2   6   1 
 183	2   7   2 
 183	2  19  25 
 181	6  21  16 
 185	2   8  18 
 187	2   0  14 
 189	2  16   2 
 189	6  13  12 
 191	2  16   2 
 189	6  26  25 
 193	6  15   2 
 195	6  26  19 
 199	2   6   1 
 201	2  13   9 
 201	6  32  25 
 203	2  13   9 
 205	2   0  14 
 207	2   7  20 
 207	6  16   9 
 209	2   7  20 
 211	2  13  14 
 213	2   8  18 
 213	6  21  16 
 215	2   0  18 
 217	2   8  19 
 219	2  26  15 
 219	2   7   1 
 221	2   9  20 
 221	2   7   1 
 223	2   6   2 
 223	6  26  21 
 225	2  13  14 
 227	2   6   2 
 229	2  12  26 
 231	2  12  26 
 233	2   0  18 
 233	2  21  15 
 235	2   8  19 
 237	2   9  20 
 239	2  12  14 
 239	6   3   1 
 241	2  13  18 
 241	2  21  20 
 243	2  12  14 
 245	2   8  15 
 245	6  19   6 
 247	2   9   3 
 249	2   8  15 
 243	6  28  22 
 249	6  10   4 
 251	2   0   6 
 251	2  19  24 
 253	2   7   2 
 253	2  21  20 
 255	2  13  18 
 255	2   0   6 
 255	2   9   3 
 257	2   7   2 
 257	2  19  24 
 257	6  21  10 
 259	2  12  18 
 261	2  13   6 
 263	2  26  14 
 263	2  10   3 
 263	2  12  18 
 265	2   8  20 
 265	6  16   4 
 267	2  19  25 
 269	2  13   6 
 271	2   9   2 
 271	2  19  25 
 271	2  12   6 
 273	2  26  14 
 273	2  10   3 
 273	2  12   6 
 275	2   8  20 
 275	6  24  12 
 277	2   9   2 
 279	2   8   3 
 277	6  33  20 
 281	2   7  12 
 281	6  30  24 
 283	2   7  12 
 283	2  19  20 
 285	2  10   2 
 285	2  19  20 
 287	2  26  18 
 287	2   8   3 
 289	2   7  25 
 291	2  26  18 
 291	2  10   2 
 293	2   7  25 
 295	2  14  18 
 297	2   8   2 
 297	2  19  24 
 299	2   7  20 
 301	2  14  18 
 303	2   8   2 
 303	2  19  24 
 305	2   7  20 
 305	6  24  18 
 307	6  14   0 
 295	6  33  28 
 311	6  30  25 
 313	2  14  15 
 315	2  14  15 
 313	6  12   6 
 305	6  10   3 
 317	6  30  20 
 319	6   6   1 
 323	2  14  28 
 325	2  13  15 
 325	6  33  30 
 327	2   9   1 
 329	2  13  15 
 331	2  14  28 
 333	2   9   1 
 333	6  20  13 
 335	2   3   1 
 337	2   3   1 
 333	6  33  23 
 339	2  26  12 
 339	2   8   1 
 339	6  23   5 
 341	2  26  12 
 341	2   8   1 
 343	2   0  12 
 345	2  25  15 
 345	6   5   4 
 347	2  20  28 
 347	2   0  12 
 349	2  25  15 
 351	2  14  10 
 351	6  27  25 
 353	2  14  10 
 355	2  14   2 
 355	6  16  10 
 357	2  20  28 
 357	2  24  12 
 359	2  27  28 
 359	2   7  18 
 361	2   9  13 
 361	2  27  28 
 363	2   9  13 
 363	6  27  22 
 365	2   3  13 
 367	2   9   4 
 367	2  19   6 
 369	2  26  15 
 369	6  18  12 
 371	2  20  16 
 373	2  26  15 
 375	2  20  16 
 375	2   7  12 
 377	2  14   2 
 377	2  22  16 
 377	2  24  18 
 379	2   3  13 
 379	2  22  16 
 379	6  31  24 
 381	2   9   4 
 383	2  14   1 
 383	2   3   4 
 381	6  22  16 
 385	2  19   6 
 385	2   3   4 
 387	2  26  28 
 387	2   8  13 
 387	6  24  18 
 389	2   7   6 
 389	2  26  28 
 391	2  14   1 
 387	6  16  10 
 391	6  32  27 
 393	2  19  18 
 393	2   7   6 
 395	2   8  13 
 395	6   6   0 
 397	2  19  18 
 397	2   8   4 
 399	2  26  22 
 399	2  14  13 
 399	6   9   2 
 401	2  19  27 
 403	2  26  22 
 403	2  14  13 
 405	2  20   9 
 405	6  12   7 
 407	2  20   9 
 409	2  10   9 
 409	6  26  21 
 411	2   2   7 
 411	2  12  18 
 411	2  10   9 
 413	2   2   7 
 413	2  12  18 
 415	2   3   7 
 415	6  27  24 
 417	2   2   0 
 419	2   8   4 
 421	2   3   7 
 421	2  19  24 
 421	6  21  16 
 423	2   2   0 
 423	2  19  25 
 425	2   8   7 
 425	2  19  25 
 427	2  16   9 
 427	2  12  24 
 427	6   2   1 
 429	2  16   9 
 429	2  12  24 
 431	2  12  25 
 431	6   9   4 
 433	2  19  32 
 435	2  12  25 
 433	6   1   0 
 437	2  14   9 
 437	6  24  12 
 439	2   3   1 
 441	2  14   9 
 443	2  20   2 
 445	2  20   2 
 447	2  10   2 
 447	2  20  13 
 447	6  25  24 
 449	2  10   2 
 449	2  20  13 
 451	2   8   7 
 453	2   0  18 
 451	6  16  10 
 455	2   0  18 
 457	2   3   1 
 457	2  19  32 
 459	2  10   2 
 459	2  25  32 
 459	6  14  13 
 461	2  10   2 
 461	2  25  32 
 459	6   6   0 
 463	6  32  25 
 465	2  16  14 
 465	2   6  12 
 467	2  13   7 
 463	6   3   2 
 469	2  20   9 
 469	2   6  12 
 471	2   8   1 
 471	2  19  26 
 471	6  12   6 
 473	2  16  14 
 475	2  20   9 
 477	2  13   7 
 477	2  16   9 
 479	2   8   1 
 479	2  12  24 
 481	2  10  14 
 481	6  18   6 
 483	2  10  14 
 485	2  16   9 
 485	6  20  14 
 487	2   2   6 
 489	2   2   6 
 491	2  14   7 
 491	2  10   9 
 491	6  18  12 
 493	2  14   7 
 493	2  10   9 
 495	6  15   1 
 497	2  18  24 
 499	2  19  26 
 501	2   0   1 
 501	2  13  15 
 501	2  32  26 
 503	2   0   1 
 503	2  13  15 
 503	2  32  26 
 505	2   8   6 
 505	2  18  25 
 505	6  28  22 
 507	2   2  12 
 509	2   8   6 
 509	2  18  25 
 511	2   2  12 
 511	6  31  21 
 513	2  13   6 
 515	2  13   6 
 513	6   2   1 
 517	2  14  15 
 517	2  18  26 
 519	2   8  12 
 521	2  19  31 
 519	6  21  16 
 523	2   8  12 
 525	2  16   2 
 525	2  19  31 
 527	2  16   2 
 527	2  13  12 
 527	2  32  31 
 527	6  27  20 
 529	2  13  12 
 529	2  32  31 
 529	6   1   0 
 533	2  14  15 
 533	2  18  26 
 535	2  20   2 
 537	2  20   2 
 539	2  21   7 
 539	6  24  18 
 541	2  21   7 
 543	2  10   7 
 545	2   0  18 
 545	2  21  15 
 547	2   0  18 
 547	2  21  15 
 549	2  14   6 
 549	2  24  31 
 551	2   8  18 
 549	6  22  16 
 553	2  14   6 
 553	2  24  31 
 555	2  10   7 
 555	6  21  20 
 557	6   9   1 
 557	6  28  23 
 555	6  25  24 
 561	6  24  19 
 563	2   9  16 
 565	2   9  16 
 567	2  22  16 
 567	2   8  18 
 569	2   9  23 
 569	2  13  18 
 571	2  22  16 
 571	2  14  12 
 573	2   9  23 
 573	2  13  18 
 575	2  21  16 
 575	6  19   6 
 577	2  22  23 
 577	2   9   4 
 579	2  21  16 
 581	2  22  23 
 581	2   9   4 
 581	2   0   6 
 581	2  20  19 
 583	2   2  16 
 583	2  20  19 
 585	2  21  23 
 585	2   9   3 
 585	2   0   6 
 587	2  22   4 
 587	6  13   0 
 589	2  21  23 
 589	2   9   3 
 591	2  22   4 
 581	6  31  24 
 587	6  25  24 
 593	2   2  16 
 593	6  26  18 
 595	2  10  15 
 597	2  10  15 
 595	6  23  17 
 599	2   9  27 
 599	6  19  13 
 601	2   9  27 
 603	2   9   1 
 603	6  17   5 
 605	2   9   1 
 605	2  19  18 
 607	2   9   7 
 607	2  19  18 
 609	2   2   5 
 609	2  19  25 
 611	2   2   5 
 611	2  19  25 
 613	2  16   5 
 613	2   8   6 
 613	6  25  19 
 615	2  16   5 
 615	2   8   6 
 617	2   9   7 
 619	2  14  12 
 619	6  22  10 
 621	2  14  26 
 621	2   0   6 
 623	2  14  26 
 623	2   0   6 
 625	2  10   3 
 625	2  20  12 
 627	2  10   3 
 627	2  20  12 
 629	2   9  15 
 629	2  20  26 
 629	6  12   0 
 631	2   9  15 
 631	2  20  26 
 629	6  11   4 
 633	6  27  15 
 635	6   4   2 
 639	6  20  13 
 641	6   2   0 
 645	2  21  11 
 647	2  21  11 
 647	6   2   1 
 649	2   4  11 
 649	2  22  20 
 651	2  10  15 
 651	6  27  23 
 653	2   4  11 
 653	2   8  18 
 655	2  10  15 
 657	2  21   3 
 659	2  21   3 
 661	2  16  11 
 661	2   4   3 
 661	2  14   6 
 663	2  21  15 
 663	2   4   3 
 665	2  10   2 
 667	2  16  11 
 667	2   8  18 
 669	2  21  15 
 669	2   5  11 
 669	2  12  18 
 671	2  10   2 
 671	2  12  18 
 673	2  16   3 
 675	2   4  15 
 675	6   7   2 
 677	2   5  11 
 677	2  22  20 
 679	2   4  15 
 681	2  21   7 
 683	2  10   2 
 685	2  16   3 
 687	2  21   7 
 689	2  10   2 
 691	2   5   3 
 691	2  16  15 
 691	6   7   1 
 693	2  10  23 
 695	2   9  20 
 697	2   4   1 
 697	6  22  20 
 699	2   5   3 
 701	2   4   1 
 703	2  20   7 
 703	2  10  23 
 705	2   8  19 
 705	6  21  16 
 707	2   8  19 
 709	2  12  19 
 709	6   8   1 
 711	2  21  15 
 711	2  12  19 
 711	6  23  17 
 715	2  20   7 
 717	2  16   2 
 717	2  20  26 
 719	2  16   2 
 719	2  20  26 
 721	2   9  22 
 723	2  14   6 
 723	2  16  17 
 725	2  11   3 
 725	2  13   6 
 727	2   5  15 
 729	2  21   8 
 731	2   4   2 
 731	2  16  17 
 731	2  13   6 
 733	2  10  22 
 733	2  14  18 
 735	2   9   7 
 737	2  11   3 
 737	2  20   6 
 739	2   5  15 
 741	2  21   8 
 743	2   4   2 
 745	2  10  22 
 745	2  14  18 
 747	2   9   7 
 749	2  11  15 
 749	2  13  18 
 751	2   4  17 
 751	2  14  19 
 747	6  27  26 
 753	2  16  22 
 753	2  13  18 
 753	6   8   2 
 755	2   4  17 
 757	2  16  22 
 755	6  18  13 
 759	2  11  15 
 761	2   5   2 
 761	6  27  23 
 763	2   5   2 
 765	2  14  19 
 765	6  11   4 
 767	2  21   8 
 767	2  18  19 
 769	2  21   8 
 769	2  18  19 
 771	2  10   7 
 773	2   9  23 
 775	2  10   7 
 777	2   9  23 
 779	2  20   6 
 779	2  10  23 
 781	2   3  15 
 783	2   4   2 
 783	2  21  17 
 785	2  11  22 
 785	2  20  13 
 785	6   9   8 
 787	2  21  17 
 789	2  11  22 
 789	2  20  13 
 791	2   5   9 
 791	2  21  22 
 791	6   6   1 
 793	2   3  15 
 795	2   5   9 
 795	2  20  19 
 797	2   8   1 
 797	2  10  23 
 797	2  20  19 
 799	2   4   2 
 799	2  21  22 
 801	2   8   1 
 801	2   5  17 
 803	2   3   2 
 803	2   5  17 
 803	6  14   7 
 805	2   3   2 
 805	6  22  11 
 809	2   8  13 
 811	2  16  14 
 813	2  16  14 
 815	2   4   9 
 815	6  17  16 
 817	2   4   9 
 819	2   8  13 
 821	2  22  14 
 821	2   5  11 
 823	2  17  23 
 823	2  15   2 
 825	2  22  14 
 825	2   5  11 
 827	2  17  23 
 827	2   3   9 
 827	2  21  14 
 827	6   7   1 
 829	2   4  16 
 831	2  22  23 
 831	2   3   9 
 833	2  10   7 
 835	2  10   7 
 837	2   8  19 
 837	2   4  16 
 839	2  15   2 
 839	2   4  11 
 841	2  21  14 
 841	2   4  11 
 843	2  22  23 
 843	2   8  19 
 843	6  11   4 
 845	2  15   9 
 847	2  21  23 
 847	6  13   8 
 849	2  21  23 
 849	6  11   5 
 853	2  15   9 
 853	6  20  19 
 855	2  10   8 
 857	2  10   8 
 859	2   3  16 
 861	2  10  20 
 863	2   3  16 
 865	2  10  20 
 867	2   2   9 
 867	6  21  17 
 869	2   3   4 
 871	2   2   9 
 867	6  13   7 
 873	2  21  13 
 873	2   3   4 
 875	2  21  13 
 875	6  11   3 
 877	6  22  20 
 881	6   5   2 
 883	2  15  16 
 885	2  15  16 
 887	2   3  14 
 887	6  23  11 
 889	2  20  13 
 891	2   3  14 
 893	2  21   8 
 893	6  11  10 
 895	2  20  13 
 897	2  21   8 
 899	2   2  14 
 899	6  27  23 
 901	2   3  10 
 903	2   2  14 
 905	2  20   8 
 905	2   5  16 
 907	2  21  22 
 907	2   3  10 
 909	2  20   8 
 909	2   5  16 
 911	2  21  22 
 911	2   2  10 
 913	2  15   4 
 915	2  27  14 
 915	6   5   3 
 917	2  20  22 
 919	2  27  14 
 921	2  15   4 
 923	2   2  10 
 923	6  27  22 
 925	2   3   4 
 925	2  15  14 
 927	2   3   4 
 927	2  15  14 
 929	2  20  27 
 929	2   9  16 
 931	2  22  10 
 931	6  13   8 
 933	2  22  10 
 935	6  21  17 
 941	2  21   8 
 943	2  21   8 
 945	2  21  13 
 941	6  11   5 
 947	2  11   8 
 949	2  11   8 
 951	2  21  13 
 951	6  17  11 
 953	2   2   8 
 953	2  21  27 
 955	2   2   8 
 955	2  21  27 
 957	2   9  16 
 957	6  27  13 
 959	2   9   4 
 961	2   9   4 
 963	2  17  27 
 963	6  13   2 
 965	2  17  27 
 967	2  15  10 
 969	2   3  14 
 969	6  17  11 
 971	2  13  27 
 973	2   3  14 
 975	2  22   8 
 975	6  11   5 
 977	2  22   8 
 979	2  13  27 
 981	2   5   2 
 981	2  22  27 
 983	2  15  10 
 985	2   5   2 
 985	2  22  27 
 987	2  16   4 
 987	6  27  20 
 989	2   3  10 
 991	2  16   4 
 993	2   9  14 
 993	6  27  17 
 995	2  13   2 
 997	2   9  14 
 999	2  15   8 
 999	2   5  17 
1001	2   3  10 
1001	6  22  20 
1003	2   9  10 
1005	2   9  10 
1007	2  15   8 
1007	2  17   5 
1009	2  13   2 
1009	2  15  22 
1009	6  17  11 
1011	2   3   8 
1013	2  20   2 
1015	2  16  14 
1017	2  16  14 
1019	2   3   8 
1019	2  16  10 
1021	2  15  22 
1021	2   5  11 
1023	2  20   2 
1023	2  16  10 
1025	2   4  14 
1025	6  22  17 
1027	2   9   8 
1029	2   4  14 
1031	2   3  17 
1031	6  25  13 
1033	2   3  17 
1035	2   4  10 
1037	2  15   2 
1037	6  18   6 
1039	2   9   8 
1041	2  15   2 
1043	2  16   8 
1043	2  25  27 
1043	6  12   0 
1045	2   9  17 
1045	2  27  25 
1047	2   3   2 
1047	2  20  22 
1049	2   4  10 
1049	2  22  20 
1049	6   1   0 
1051	2   9  17 
1051	2  25  27 
1053	2  14  10 
1055	2  16   8 
1055	6  12   0 
1057	2   3   2 
1057	2  16  17 
1059	2   4   8 
1059	2  16  17 
1061	2   9   2 
1061	2  20  22 
1063	2  14  10 
1065	2   4   8 
1065	6  19  12 
1067	2   9   2 
1069	2  14   8 
1069	2   4  17 
1071	2  16   2 
1071	6  20  19 
1073	2   4  17 
1075	2  16   2 
1077	2  14   8 
1077	6  12   0 
1079	2  10   8 
1081	2  10   8 
1083	2  14  17 
1085	2   4   2 
1085	6  15  13 
1087	2   4   2 
1091	2  14  17 
1093	2  10  17 
1093	2  14   2 
1095	2  10  17 
1095	2  14   2 
1097	2  10   2 
1099	2  10   2 
1101	2  10  15 
1101	2  13   7 
1103	2  14  18 
1103	6  22  17 
1105	2   3   0 
1107	2   7  13 
1105	6  26  24 
1109	2   4   1 
1111	2   8  22 
1113	2   8  22 
1115	2   8   2 
1115	2  16  20 
1117	2   8   2 
1117	2  20  16 
1119	2   8  26 
1119	6  22  16 
1121	2   0   3 
1123	2  18  14 
1121	6  32  27 
1125	2  16   2 
1127	2  16   2 
1127	6  31  19 
1129	2  16  27 
1131	2   1   4 
1133	2   9   6 
1135	2   6   9 
1137	2  15  10 
1137	2  13   7 
1139	2  26   8 
1141	2  27  16 
1141	6  13   2 
1143	2  16  27 
1145	2  10  15 
1147	2  13  19 
1147	2   3   0 
1149	2  19  13 
1151	2  13  19 
1153	2   8  26 
1155	2  14  18 
1157	2   4   1 
1157	2  22  20 
1159	2   9   6 
