   1	6  41  26 
   1	2   7   8 
   3	2   7   8 
   5	2   7   1 
   7	2   7   1 
   9	2   8   1 
  11	2   8   1 
  13	2   7  15 
  15	2   7  15 
  17	2   8  15 
  19	2   7   9 
  21	2   8  15 
  23	2   1  15 
  25	2   1  15 
   7	6  26  12 
  13	6  12   4 
  21	6  10   4 
  27	2   7   9 
  29	2   8   9 
  31	2   7   0 
  33	2   8   9 
  35	2   7   0 
  19	6  41  20 
  37	2   8   0 
  39	2   8   0 
  29	6  20   4 
  41	2   1   9 
  43	2   1   9 
  41	2   7  14 
  43	2   7  14 
  45	6  23   7 
  35	6   4   3 
  51	2  15   9 
  53	2  15   9 
  51	2   1   0 
  53	2   1   0 
  55	2  23  21 
  57	2  23  21 
  59	6  23  17 
  65	2  15   0 
  67	2  15   0 
  69	2   9   0 
  71	6  21   7 
  71	2  17  10 
  73	2  17  10 
  77	2   8  14 
  75	2  17   3 
  77	2  17   3 
  59	6  46  37 
  79	6  30  17 
  79	2   8  14 
  81	2   1  14 
  83	2   1  14 
  65	6  48  33 
  71	6  48  27 
  85	2   9   0 
  87	2  15  14 
  85	2  30  37 
  87	2  30  37 
  77	6  27  26 
  83	6  32  26 
  89	2  15  14 
  91	2   8   7 
  93	2   9  14 
  95	2   9  14 
  89	2  30  33 
  91	2  30  33 
  97	2   0  14 
  99	2   0  14 
  93	2  30  23 
  95	2  30  23 
 101	2   8   7 
  97	2  30  32 
  99	2  30  32 
 101	2  30  42 
  97	6  10   2 
 103	2   1   7 
 105	2   8   2 
 103	2  30  42 
 105	2  30  28 
 107	2   1   7 
 107	2  30  28 
 103	6  17  10 
 109	2   8   2 
 109	2  30  46 
 111	6   8   3 
 117	2  15   7 
 119	2  15   7 
 117	2   1   2 
 111	2  30  46 
 113	2  30  31 
 115	2  30  31 
 117	2  30  29 
 119	2  30  29 
 121	2   9   7 
 123	2   9   7 
 125	2   1   2 
 121	2  30  39 
 127	2   0   7 
 129	2   0   7 
 131	2  14   7 
 123	2  30  39 
 125	2  30  16 
 127	2  30  16 
 129	2  30  17 
 131	2  30  17 
 133	2   3   8 
 135	2   3   8 
 133	2  30  44 
 137	2  15   2 
 135	2  30  44 
 137	6  37  25 
 139	2   1   8 
 141	2  15   2 
 143	6  18   3 
 143	2  14   7 
 149	2   9   2 
 149	2  18  25 
 145	2  30  21 
 147	2  30  21 
 149	2  30  22 
 143	6  43  42 
 149	6  45  43 
 151	2   1   8 
 153	2  15   8 
 155	2   9   2 
 157	2   0   2 
 159	2   0   2 
 151	2  18  25 
 153	2  18  33 
 155	2  18  33 
 155	2  30  22 
 157	2  18  23 
 159	2  18  23 
 155	6  45  38 
 161	2  18  32 
 161	2  14   2 
 163	6  25  11 
 169	2  14   2 
 163	2  30  35 
 171	2  15   8 
 173	2   9   8 
 175	2   9   8 
 165	2  30  35 
 169	2  18  32 
 167	2  30  36 
 169	2  30  36 
 171	6  30  18 
 171	6  45  39 
 177	2   0   8 
 177	2  18  10 
 177	2  30  38 
 179	2  30  38 
 179	2  18  10 
 181	2   7   2 
 181	2  18  39 
 183	2  30  28 
 183	2   0   8 
 183	6  11  10 
 185	2  30  28 
 187	2  30  46 
 185	2  14   8 
 187	2  14   8 
 183	6  33  25 
 189	2  30  46 
 189	2   1  10 
 191	6  46  43 
 191	2  30  31 
 191	2   1  10 
 193	2  15  10 
 193	2  30  31 
 197	2  30  29 
 195	2  15  10 
 197	2   9  10 
 199	2   9  10 
 199	2  30  29 
 193	6   1   0 
 195	6  25  24 
 197	6  46  34 
 201	2   1  10 
 197	6  15  14 
 203	6  33  18 
 203	2  30  45 
 203	2   7   2 
 205	2   7   8 
 207	2   7   8 
 205	2  30  45 
 209	2  33  39 
 209	2  30  16 
 205	6   5   3 
 211	6  24  21 
 211	2  33  34 
 217	2   0  21 
 213	2  33  34 
 217	2  33  26 
 219	6  23   7 
 225	2   0  21 
 219	2  33  26 
 227	2   0   7 
 227	2  30  16 
 221	2  33  47 
 223	2  33  47 
 229	2   2   8 
 231	2   1  10 
 233	2   0   7 
 225	2  33  40 
 227	2  33  40 
 235	2   2   8 
 229	2  33  46 
 235	2  14  21 
 233	2  30  17 
 235	2  30  17 
 231	2  33  46 
 233	2  33  27 
 235	2  33  27 
 237	6  33  19 
 237	2  30  44 
 237	2  15  10 
 239	2  15  10 
 241	2  14  21 
 239	2  30  44 
 241	2  23  10 
 237	6   1   0 
 243	6  48  39 
 243	2  23  10 
 243	2  14   7 
 245	2  30  24 
 245	2   9  21 
 247	2   9  21 
 249	2  14   7 
 251	2   9   7 
 253	2   9   7 
 247	2  30  24 
 249	2  30  22 
 243	2  19   5 
 245	2  19   5 
 255	2   0  21 
 257	6   9   2 
 257	2  30  22 
 259	2  30  35 
 261	2  30  35 
 249	6  18  11 
 263	6  39  26 
 263	2   9  10 
 265	2   9  10 
 263	2  30  36 
 265	2   0  21 
 267	2  15  21 
 267	2   0   7 
 267	2  30  36 
 249	6  48  41 
 269	6  46  41 
 269	2   0   7 
 269	2  30  18 
 271	2  30  18 
 273	2  19  26 
 273	2   8  10 
 275	6  38  30 
 281	2  38  46 
 275	2  19  26 
 275	2  15  21 
 277	2   8  10 
 283	2  38  46 
 279	2  15   7 
 281	2  15   7 
 277	2  19  25 
 279	2  19  25 
 283	2  23  21 
 281	2  19  33 
 283	2  19  33 
 283	6  10   1 
 285	2  23  21 
 289	6  21   0 
 289	2  19  11 
 291	2  19  11 
 293	2  19   4 
 287	6  41  38 
 293	2  41  34 
 293	6  32  24 
 295	2   9   0 
 295	2  41  34 
 297	2   9   0 
 295	6  20   5 
 299	2   8   0 
 299	2  41  39 
 299	2  10  24 
 295	6  21  14 
 301	2   8   0 
 301	2  10  24 
 303	2  23   7 
 305	2   1   0 
 301	2  41  39 
 303	2  41  47 
 305	2  21  24 
 305	2  41  47 
 307	6  18  11 
 307	2  23   7 
 307	2  41  40 
 309	2   9   7 
 311	2   9   7 
 309	2  41  40 
 311	2  41  38 
 313	6  22  10 
 313	2   1   0 
 319	6  29  22 
 319	2  41  38 
 325	2  29  30 
 319	2   8   7 
 321	2   8   7 
 323	2   1   7 
 325	2   1   7 
 327	2   0   7 
 319	2  19   4 
 327	2  29  30 
 321	2  41  27 
 323	2  41  27 
 325	2  41  20 
 327	2  41  20 
 321	6  24  16 
 321	6  43  35 
 329	6  41  33 
 329	2  21  16 
 329	2   0   7 
 331	2   2  16 
 331	2  29  28 
 333	2  21  30 
 329	6  12   4 
 335	2  21  30 
 335	2  33  26 
 335	6  11   4 
 337	2   2  16 
 339	2  14  16 
 337	2  33  26 
 337	2  29  28 
 339	2  33  25 
 339	2  29  35 
 341	2  33  25 
 341	2  21  28 
 341	6  31  30 
 343	2  14  16 
 345	2  21  28 
 345	2  15  16 
 343	2  33  41 
 345	2  33  41 
 341	6  45  43 
 341	6   3   2 
 347	6  19   3 
 347	2  15  16 
 353	2  19  31 
 347	6  43  28 
 355	6  33  19 
 355	2  29  35 
 357	2  21  35 
 359	2  21  35 
 361	2  19  18 
 355	2  23  16 
 357	2  23  16 
 361	2  33  31 
 363	2  19  18 
 359	2   9  16 
 361	2   9  16 
 363	2   8  16 
 363	2  29  30 
 361	6  44  43 
 365	2   8  16 
 365	2  29  30 
 367	2  29  22 
 365	2  19  12 
 367	2  19  12 
 363	6  39  33 
 369	6  30  14 
 369	2  19  11 
 371	2  19  11 
 367	6  43  35 
 369	6  45  39 
 375	2  45  44 
 375	2  29  22 
 373	6  10   9 
 377	2  45  44 
 377	2  30  31 
 379	2  30  31 
 379	2   1  16 
 377	2  21  14 
 381	2  15  31 
 383	6  44  30 
 383	2  21  14 
 383	6  16   8 
 389	6   9   1 
 389	2  45  43 
 389	2  21  22 
 391	2  44  30 
 393	2  44  30 
 395	6  30  24 
 395	2   9   8 
 397	2   0   8 
 399	2   0   8 
 401	2  15  31 
 403	6  31  15 
 409	6  45  43 
 409	2  23  15 
 411	2  23  15 
 413	2  31  24 
 413	2  21  22 
 413	2   7   8 
 415	6   1   0 
 415	2  10  15 
 415	2  31  24 
 417	2  23  24 
 419	2  23  24 
 415	2  43  45 
 421	2  10  15 
 423	2  16  15 
 425	2  16  15 
 415	2  29  28 
 417	2  29  28 
 421	2  29  30 
 427	2  10  24 
 429	2   9  15 
 431	2   9  15 
 417	2  44  45 
 419	2  44  45 
 429	2  31  45 
 431	2  31  45 
 433	2  10  24 
 423	2  21  28 
 425	2  21  28 
 433	2   1  15 
 423	6  43  36 
 429	6  36  28 
 433	6  45  38 
 435	2   1  15 
 437	2  16  24 
 437	2  28  14 
 439	6  38  17 
 439	2   7   8 
 445	2   7  15 
 447	2  23  17 
 447	2  28  14 
 445	6  44  37 
 449	2  28  22 
 441	6   2   1 
 451	2  28  22 
 447	6   1   0 
 449	6  24  10 
 453	2  28  36 
 453	2   7  15 
 455	6   7   1 
 455	2  28  36 
 457	2  29  30 
 459	2  23  17 
 461	6  30  14 
 467	6  38  36 
 467	2  24  17 
 469	2  24  17 
 473	2  29  36 
 475	2  37  30 
 477	2  37  30 
 467	2   8  15 
 479	2  29  36 
 469	2   8  15 
 471	2  16  10 
 473	2  16  17 
 475	2  16  17 
 477	2   9  10 
 479	2   9  10 
 471	2  21  14 
 481	2   2  10 
 481	2  37  22 
 483	2  37  22 
 483	2   2  10 
 485	6  30  24 
 485	2  21  14 
 485	2   1  10 
 487	2  28  14 
 487	2   1  10 
 489	2  28  14 
 491	6  44  32 
 491	2   8  10 
 493	2   8  10 
 495	2   9  17 
 491	2  29  35 
 493	2  29  35 
 497	2  29  44 
 497	2  31  24 
 495	6  14   7 
 499	2  31  24 
 499	2  29  44 
 501	2  37  38 
 501	2  15  10 
 503	2  23  24 
 503	2  37  38 
 503	6  35  21 
 505	2  23  24 
 507	2  30  24 
 503	6  11   2 
 505	6  45  39 
 509	2  30  24 
 509	2  35  36 
 511	2  31  22 
 511	2   9  17 
 513	2  29  14 
 513	2  16  24 
 515	2  16  24 
 515	2  29  14 
 513	6   4   2 
 517	2  31  22 
 517	2  35  36 
 519	6  37  29 
 525	2  31  38 
 519	2  11  17 
 521	2  11  17 
 523	2  15  10 
 525	2  28  36 
 525	2  23  22 
 527	2  31  38 
 527	2  35  21 
 529	6  29  14 
 525	6  18   2 
 535	2  28  36 
 535	2  23  22 
 535	2  14   7 
 529	6  38  31 
 531	6  17   9 
 537	6  45  43 
 537	2   1   9 
 537	2  14   7 
 537	2  30  22 
 543	2  35  21 
 539	2   1   9 
 541	2   8   9 
 545	2  35  44 
 547	2  37  43 
 549	2  35  44 
 551	2  35  29 
 543	2   8   9 
 553	2  28  21 
 553	2  37  43 
 537	2  17  24 
 545	2  15   9 
 539	2  17  24 
 547	2  15   9 
 541	2  11  24 
 543	2  11  24 
 549	2  10   9 
 551	2  10   9 
 549	6  15   7 
 545	6  24  18 
 497	6  34  33 
 543	6  39  33 
 553	6  18   2 
 555	2  28  21 
 555	2  23  31 
 557	2  30  22 
 559	6  39  37 
 559	2   1   2 
 561	2   1   2 
 559	2  16  22 
 561	2  16  22 
 563	2   8   2 
 565	2   8   2 
 563	2  17  22 
 565	2  23  31 
 565	2  28  44 
 559	6  26  20 
 565	6  41  20 
 567	2  30  31 
 569	2  30  31 
 567	2   7   2 
 569	2   7   2 
 567	6  22  16 
 571	2  39  45 
 571	6  18  11 
 573	2  28  44 
 575	2  35  29 
 575	2  39  45 
 571	6  31  24 
 577	2  39  31 
 577	2  35  43 
 577	2  17  16 
 575	6  21  14 
 579	2  35  43 
 581	2  22  24 
 579	2  10   2 
 583	2  39  31 
 581	2  10   2 
 583	2  28  29 
 583	2  18  16 
 581	6  44  42 
 585	2  39  46 
 585	2   9   2 
 587	2   9   2 
 585	2  22  24 
 587	2  21  36 
 587	2  39  46 
 587	2  17  24 
 589	6   3   1 
 589	2  21  36 
 589	2  18  16 
 591	2  39  37 
 593	2  39  37 
 591	2  17  24 
 593	2  18  24 
 591	2  21  14 
 595	2  18  24 
 593	2  21  14 
 595	2  39  34 
 597	2  39  34 
 595	2  21  42 
 597	2  21  42 
 597	6  24  10 
 599	2  28  29 
 599	2  39  47 
 601	2  39  47 
 601	2  28  43 
 597	6  20  19 
 603	6  29  21 
 603	2  39  40 
 603	2   3  16 
 605	2  39  40 
 607	2  39  33 
 609	2  29  21 
 605	2   3  16 
 609	2  39  33 
 607	2   3  10 
 607	2   8  16 
 609	2   3  10 
 609	2   8  16 
 603	6  45  44 
 603	6  19  18 
 611	6  38  35 
 611	2   7  16 
 613	2   8  10 
 615	2   7  16 
 615	6  19  11 
 617	2  24  16 
 617	2  29  21 
 619	2  28  43 
 619	2  24  16 
 621	6  30  28 
 621	2   8  10 
 623	2   7  10 
 625	2   7  10 
 627	2  24  10 
 629	2  24  10 
 627	2  29  43 
 629	2  29  43 
 617	6  46  45 
 623	6  39  33 
 629	2  33  27 
 631	6  13   4 
 631	2   9  16 
 631	2  38  44 
 633	2  38  44 
 631	2  33  27 
 635	2  38  31 
 633	2  33  26 
 633	2   9  16 
 635	2  33  26 
 631	6  35  21 
 637	6  34  32 
 637	2   9  10 
 639	2   9  10 
 637	2  21  15 
 639	2  21  15 
 641	2  23  15 
 637	6  20  13 
 629	6  47  46 
 643	2  30  44 
 645	2   2  16 
 645	2  38  31 
 643	2  33  41 
 647	2   2  16 
 647	2  38  45 
 649	2   2  10 
 645	2  33  41 
 651	2   2  10 
 645	2  21  36 
 649	2  38  45 
 647	2  21  36 
 649	2  23  15 
 651	2  28  15 
 653	2  16  10 
 653	2  21  14 
 647	2  33  25 
 649	2  33  25 
 651	2  38  37 
 653	2  30  44 
 651	6  27  25 
 655	2  28  15 
 655	2  38  37 
 657	6  11   2 
 657	2  38  32 
 657	2  22  15 
 659	2  38  32 
 659	2  23  36 
 659	2  21  14 
 661	2  23  36 
 661	2  38  46 
 663	6  42  21 
 669	2  42  21 
 671	2  42  21 
 663	2  30  31 
 665	2  30  31 
 667	2  38  46 
 663	2  33  18 
 665	2  33  18 
 669	2  38  40 
 671	2  38  40 
 667	6  17  16 
 673	6  27  18 
 673	2  42  35 
 673	2  38  39 
 675	2  38  39 
 673	2  22  15 
 675	2  28  36 
 677	2  28  36 
 675	2  16  15 
 677	2  16  15 
 677	6  40  38 
 679	2  23  14 
 681	2  23  14 
 683	2   2  15 
 685	2  28  14 
 687	2  22  36 
 683	2  33  19 
 685	2  33  19 
 689	2  22  36 
 687	2  33  12 
 689	2  33  12 
 691	2  42  35 
 691	2  23  21 
 691	2  33  20 
 693	6  38  30 
 693	2  33  20 
 695	2  40  25 
 693	2  28  14 
 695	2   2  15 
 693	2  42  43 
 697	2   3  15 
 695	2  42  43 
 697	2  40  25 
 699	6  11   2 
 699	2  40  26 
 699	2  22  14 
 699	2  38  45 
 701	2  23  21 
 703	2  28  21 
 701	2  38  45 
 703	2  38  37 
 701	2  40  26 
 703	2  40  41 
 705	6  36  23 
 711	2  17  10 
 711	2  38  37 
 711	2  22  14 
 705	2  40  41 
 713	2  28  21 
 713	2  16  23 
 715	2  29  44 
 707	6  40  26 
 717	2   3  15 
 713	2  26  18 
 715	2  26  18 
 717	2  38  32 
 719	2   8  15 
 717	2  36  35 
 719	2  36  35 
 721	2  28  35 
 721	2   8  15 
 717	2  26  27 
 719	2  38  32 
 719	2  26  27 
 721	2  38  46 
 721	2  26  19 
 719	6  23  17 
 723	2  38  46 
 723	2  26  19 
 725	2  16  17 
 725	2  29  44 
 727	2  36  43 
 727	2  22  21 
 725	2  26  12 
 727	2  11  17 
 729	2  16  14 
 729	2  26  12 
 727	2  38  30 
 729	2  42  44 
 731	2  26  20 
 731	2  11  17 
 729	2  29  31 
 733	2  26  20 
 731	2  36  43 
 731	2  38  30 
 733	2  38  39 
 731	2  22  21 
 733	2  16  14 
 733	2  28  35 
 733	6  11   3 
 735	2   7  15 
 735	2  38  39 
 737	2   7  15 
 739	2  11  17 
 735	2  28  43 
 737	2  42  44 
 737	2  29  31 
 739	2  22  35 
 739	6  38  26 
 741	2  11  17 
 741	2  22  35 
 743	2  16  21 
 745	6  31  29 
 745	6  44  42 
 745	6  17  10 
 751	2  36  42 
 753	2  44  29 
 755	2  36  42 
 751	2   8  10 
 751	2  26  25 
 753	2   8  10 
 755	2  16  21 
 753	2  26  25 
 755	2  31  45 
 755	2  26  40 
 755	6   3   1 
 757	2  28  43 
 759	2  44  29 
 757	2  26  40 
 759	2  26  41 
 757	6  16  15 
 761	2  31  45 
 763	2  22  43 
 765	2  31  37 
 765	2  28  42 
 767	2  44  45 
 767	2  36  29 
 769	2  44  45 
 769	2  36  29 
 761	2  26  41 
 763	2  26  18 
 765	2   7  10 
 767	2   1  14 
 769	2   1  14 
 767	2  24  16 
 769	2  24  16 
 765	6  41  33 
 767	6  11   3 
 771	2  22  43 
 773	2   7  10 
 775	2  26  18 
 777	2  26  27 
 775	2   9  16 
 777	2   9  16 
 779	2  26  27 
 781	2  26  19 
 773	2  31  37 
 775	2  31  32 
 779	2  24  10 
 781	2  24  10 
 783	2  31  32 
 775	2  36  45 
 783	2  26  19 
 783	2   9  10 
 777	2  28  42 
 785	2   9  10 
 777	2  44  37 
 785	2  26  12 
 779	2  28  29 
 781	2  28  29 
 779	2  44  37 
 783	2  36  45 
 785	2  36  37 
 775	6   7   1 
 783	2   7  21 
 785	2   7  21 
 787	6  35  28 
 787	2  44  32 
 789	2  26  12 
 787	2   2  16 
 791	2  26  20 
 789	2  31  46 
 793	2  26  20 
 789	2   2  16 
 791	2  31  46 
 791	2   2  10 
 793	2  23  16 
 795	2  15  28 
 793	2   2  10 
 795	2  44  32 
 797	6  43  35 
 797	2  31  30 
 799	2  31  30 
 801	2  31  39 
 801	2  23  16 
 795	6  27  19 
 795	6   3   2 
 797	6  21   7 
 803	6  29  22 
 803	2  17  16 
 803	2  43  45 
 805	2  31  39 
 807	2  44  46 
 805	2  17  16 
 807	2  31  25 
 803	6   2   0 
 809	6  32  31 
 809	2  44  46 
 809	2  15  28 
 811	2  29  42 
 813	2  29  42 
 811	2   0  14 
 813	2   0  14 
 801	6  12  11 
 815	2  32  25 
 817	2  32  40 
 815	2  43  45 
 819	2  32  40 
 815	2  29  22 
 817	2  21  28 
 817	2  23  10 
 815	2   0   7 
 817	2   0   7 
 819	2   8  14 
 817	2  36  37 
 819	2  29  22 
 821	2  32  33 
 821	2   8  14 
 823	2  32  33 
 819	2  43  37 
 821	2  29  45 
 823	2  43  37 
 823	2  21  28 
 823	2   8   7 
 823	2  23  10 
 825	6  24   9 
 825	6  45  36 
 831	6  28  15 
 837	2  28  35 
 837	2   0  15 
 839	2  29  36 
 831	2  17  10 
 841	2  28  35 
 831	2  45  31 
 833	2  32  18 
 835	2  45  31 
 837	2  32  18 
 837	2  45  46 
 839	2   1  14 
 839	2  17  10 
 841	2  16  10 
 839	2  32  19 
 843	2  16  10 
 839	2  45  46 
 841	2   1  14 
 843	2   8   7 
 841	2  44  30 
 843	2  44  30 
 843	2  21  35 
 841	6  32  25 
 845	2   0  15 
 845	2  28  42 
 841	6  47  40 
 847	6  24  16 
 853	2  25  19 
 847	2  44  39 
 849	2  44  39 
 853	2  45  30 
 855	2  25  27 
 855	2  45  30 
 847	2   1   7 
 849	2   1   7 
 853	2   9  14 
 855	2  21  35 
 857	6  17  14 
 857	2  45  39 
 859	2  45  39 
 857	6  30  29 
 861	6  46  44 
 863	2  25  27 
 867	2  43  31 
 869	2  46  32 
 871	2  46  32 
 863	2   8  15 
 873	2  46  47 
 869	2   9  17 
 871	2  16  17 
 869	2  28  42 
 875	2  46  47 
 871	2  21  42 
 873	2   9   7 
 875	2   9   7 
 869	2  30  37 
 871	2  30  37 
 873	2  28  22 
 875	2  28  22 
 873	2  43  31 
 875	2  30  31 
 875	2  43  44 
 877	6  46  34 
 877	2  21  42 
 879	2  28  36 
 881	2  21  22 
 877	2  16  17 
 883	2  21  22 
 879	2   3  17 
 877	2  30  31 
 883	2  34  33 
 881	2   3  17 
 883	2  43  44 
 879	6   7   1 
 883	6  39  38 
 885	2  28  36 
 887	2  43  29 
 889	2  43  29 
 885	2  34  33 
 885	2   8  15 
 887	2   7  15 
 887	2  34  18 
 889	2  34  18 
 889	2   7  15 
 887	6   2   1 
 891	2  34  19 
 891	2  23  17 
 891	2  21  36 
 889	6  45  39 
 893	2  16   2 
 895	2  16   2 
 897	2  23  17 
 893	2  34  19 
 895	2  39  32 
 895	2  34  27 
 897	2  34  27 
 897	2   3   2 
 897	2  39  32 
 899	2  39  47 
 901	2  39  47 
 893	2  21  36 
 899	2   9  15 
 901	2   9  15 
 899	2  25  11 
 903	2  16  15 
 901	2  25  11 
 903	2  39  33 
 903	2   3   2 
 895	2  28  37 
 897	2  28  37 
 899	2  30  44 
 905	2  25  20 
 901	2  30  44 
 905	2  21  37 
 905	6   8   0 
 907	2  28  31 
 909	2  25  20 
 909	2  21  37 
 911	6  34  19 
 911	2  23   2 
 913	2  28  31 
 913	2  16  15 
 915	2  43  38 
 915	2   3  15 
 917	6  44  43 
 917	2  14  17 
 919	2  14  17 
 917	2  30  29 
 921	2  23   2 
 917	2  39  33 
 919	6  39  33 
 923	2  24  17 
 925	2  24  17 
 927	2  10  17 
 925	2  44  38 
 923	2  30  29 
 927	2  28  43 
 929	2  28  43 
 927	2  30  38 
 929	2  33  18 
 929	2  30  38 
 923	6  14   8 
 929	2   8   2 
 925	6  47  46 
 931	6  31  30 
 931	2  10  17 
 931	2  14  35 
 933	2  33  18 
 935	2  33  34 
 933	2  14  35 
 935	2   3  15 
 931	6  45  44 
 935	6  36  28 
 937	2  19  11 
 939	2  19  11 
 937	2  23  15 
 941	2  19  20 
 939	2  23  15 
 941	2   8   2 
 937	2  45  32 
 943	2  19  20 
 939	2  45  32 
 941	2  21  30 
 941	2  45  46 
 943	2  21  30 
 943	2  45  46 
 945	2   8  15 
 945	2  31  32 
 945	2  36  29 
 941	6  17  11 
 947	2  31  32 
 947	2   8  15 
 947	2  36  29 
 949	6  45  40 
 955	2  31  46 
 957	2  40  39 
 947	6  26  18 
 949	6  35  14 
 955	2   0  14 
 957	2   0  14 
 955	2  35  42 
 957	2  35  42 
 959	6  29  21 
 959	2  40  39 
 961	2  31  46 
 963	2  40  26 
 959	6  11   2 
 965	6  32  31 
 965	2  35  22 
 967	2  29  43 
 967	2   7  14 
 969	2   7  14 
 969	2  29  43 
 965	6  46  45 
 965	6  19  17 
 965	6  40  34 
 971	6   3   1 
 971	2  33  40 
 971	2  35  22 
 973	2  35  28 
 973	2  33  27 
 975	2  32  39 
 975	2  34  26 
 975	2  35  28 
 971	6  24  17 
 977	6  38  36 
 977	2   9  14 
 977	2  33  27 
 983	2  35  37 
 985	2  35  37 
 979	2  34  40 
 983	2  32  39 
 985	2  34  40 
 987	2  34  27 
 979	2   9  14 
 981	2  16  14 
 989	2  34  27 
 983	2  16  14 
 987	2  35  30 
 989	2  38  36 
 991	2  32  26 
 993	2  38  36 
 985	2  17  11 
 987	2  17  11 
 989	2  10  11 
 993	2  33  19 
 995	2  32  26 
 997	2  33  19 
 985	2   1  14 
 999	2  33  20 
 999	2  10  11 
 987	2   1  14 
 989	2  23  14 
 991	2  23  14 
 993	2   8  14 
 995	2  29  21 
 997	2  35  30 
 999	2  29  21 
 999	2  38  31 
 995	6   7   0 
 995	6  16  15 
1001	2  29  36 
1001	2  17  16 
1003	2  17  16 
1001	2   8  14 
1003	2  29  36 
1001	2  38  31 
1003	2  38  45 
1003	2  32  40 
1003	6  14   1 
1005	2  34  19 
1005	2  10  16 
1009	2   2  11 
1005	2  38  45 
1005	2  35  43 
1007	2  35  43 
1009	2  35  21 
1007	2  38  39 
1009	2  38  39 
1007	6  33  27 
1011	2  35  21 
1011	2  17   1 
1011	6  39  38 
1013	2   2  11 
1015	2  34  19 
1013	2  35  36 
1015	2  35  36 
1015	2  10  16 
1013	6  21   7 
1017	2  39  26 
1017	2   2  16 
1019	6  30  29 
1019	2  39  26 
1021	2  17   1 
1023	2   2  16 
1025	2  21  42 
1027	2  21  42 
1029	2  21  22 
1031	2  21  22 
1033	2  21  28 
1021	2  32  40 
1025	2  30  31 
1027	2  30  31 
1025	2  10   1 
1033	2  11  16 
1021	2  27  20 
1035	2  10   1 
1035	2  30  45 
1037	2   2   1 
1037	2  30  45 
1035	2  21  28 
1023	2  34  20 
1039	2   2   1 
1039	2  21  37 
1041	2  21  37 
1025	2  34  20 
1029	2  32  33 
1031	2  32  33 
1037	6  11  10 
1033	6  32  26 
1039	2  26  19 
1041	2  26  19 
1039	6  46  40 
1043	2  10  16 
1043	2  21  29 
1043	2  26  20 
1043	6   7   0 
1049	2  10   1 
1045	2  21  29 
1045	2  26  20 
1045	2  39  46 
1047	2  30  38 
1049	2  30  38 
1051	6  42  21 
1051	2  10   1 
1051	2  39  46 
1053	2  39  33 
1055	2  39  33 
1051	6  31  30 
1057	6  39  27 
1063	2  27  19 
1065	2  27  19 
1057	2   7  21 
1057	2  42  43 
1063	2  35  30 
1065	2  31  32 
1067	2  35  30 
1067	2  27  20 
1063	6  45  44 
1053	6  16   9 
1059	2   9   1 
1061	2   9   1 
1063	6  21  15 
1069	6  37  29 
1069	2   7  15 
1071	2  16  15 
1069	2  42  43 
1073	2  16  15 
1069	2  31  32 
1069	2  27  20 
1075	2   7  22 
1071	6  32  31 
1077	6  37  35 
1077	2  32  46 
1077	2  21  15 
1083	2  37  44 
1079	2  32  46 
1079	2   7  22 
1081	2  21  15 
1083	2  14  15 
1081	2  32  33 
1083	2  32  33 
1063	6  11  10 
1069	6  18  11 
1085	6  42  36 
1085	2  14  15 
1087	2  23  15 
1091	2  37  44 
1093	2  37  38 
1089	2  16  22 
1091	2  23  15 
1093	2   7  28 
1095	6  39  37 
1101	2  32  19 
1103	2  39  38 
1105	2  39  31 
1095	2  16  22 
1097	2  21  22 
1101	2   7  28 
1103	2  21  22 
1105	2  14  22 
1107	2  32  19 
1107	2  16  28 
1109	2  39  31 
1111	2  39  46 
1109	2   8  15 
1111	2   8  15 
1113	2  39  46 
1113	2  16  28 
1109	6  34  19 
1115	6  28  21 
1115	2  39  33 
1117	2  39  33 
1119	2  39  34 
1115	6  16   0 
1115	6  20  19 
1115	6  37  36 
1121	6  33  32 
1121	2  14  22 
1123	2  28  21 
1123	2  37  16 
1125	2  28  21 
1125	2  37  16 
1121	6  27  19 
1127	6  22  16 
1133	2  14  21 
1135	2  17  15 
1127	2  37  42 
1127	2  33  27 
1137	2  17  15 
1129	2  37  42 
1129	2  33  27 
1131	2  37  30 
1133	2  37  30 
1131	2  39  34 
1135	2  37  44 
1137	2  37  44 
1133	6  39  34 
1135	6  29  28 
1139	2  23  16 
1141	2  23  16 
1141	2   7  28 
1143	2   7  28 
1145	2   8  16 
1139	2  37  38 
1147	2  10  15 
1141	2  37  38 
1145	2  37  31 
1147	2  37  31 
1139	2  34  27 
1141	2  34  27 
1143	6  48  27 
1149	6  48  40 
1149	2  14  21 
1149	2   8  16 
1151	2  23  21 
1153	2  17  16 
1153	6  28   7 
1159	2   0   7 
1159	2  28  35 
1161	2  23  21 
1161	2   0   7 
1163	6  29  22 
1169	2  22   7 
1149	6  38  37 
1171	2   8  21 
1173	2  22   7 
1155	2  38  46 
1157	2  38  46 
1159	2  38  32 
1161	2  38  32 
1163	2  38  39 
1175	2  28  35 
1165	2  38  39 
1167	2  38  40 
1169	2  38  40 
1175	2  10  15 
1171	6  46  38 
1177	6  23  21 
1183	2   8  23 
1183	6  36  28 
1185	2  17  16 
1187	2  10  16 
1185	2  14   7 
1187	2  14   7 
1177	6  39  32 
1185	6  45  32 
1189	2  17  23 
1189	2  21   7 
1189	2  36  43 
1191	6  40  32 
1191	2  10  16 
1193	2  17  23 
1191	2  36  43 
1191	2  21   7 
1193	2   8   7 
1193	2  36  29 
1195	2  36  29 
1197	2  36  42 
1197	2  10  23 
1195	2   8   7 
1199	6  35  28 
1199	2   2  15 
1201	2   2  15 
1203	2  18  15 
1205	6  28  21 
1205	2   2  16 
1207	2   2  16 
1209	2  10  23 
1205	2  36  42 
1205	6   7   0 
1207	6  37  36 
1211	2  18  15 
1213	6  17   2 
1219	2  17  23 
1219	2   2   0 
1221	2  37  30 
1221	2   7  21 
1221	2  18  16 
1213	6  43  35 
1223	2  17  23 
1225	2  18  16 
1223	2   7  21 
1227	2   9  15 
1229	2  18  23 
1229	2   2   0 
1231	2  22  21 
1231	2  37  30 
1231	6   2   0 
1233	2  22  21 
1235	2  18  23 
1235	2  14  21 
1237	2  14  21 
1233	2  37  44 
1237	2  10   2 
1239	2   9  15 
1241	2  10   2 
1243	2   9  16 
1245	2  17   2 
1247	2  17   2 
1235	2  37  44 
1237	2  37  36 
1239	2  37  36 
1241	2  37  31 
1243	2  37  31 
1239	2  28  21 
1241	2  28  21 
1245	2  37  38 
1247	2  37  38 
1243	6  21   7 
1249	6  36  21 
1249	2   8   7 
1251	2   8   7 
1253	2   9  16 
1253	2   0   7 
1255	2   1  15 
1255	2  36  35 
1249	6  32  24 
1257	2   0   7 
1257	2   9  23 
1259	2  18   2 
1257	2  36  35 
1259	2  22  35 
1261	2   1  15 
1261	2  36  29 
1263	2  18   2 
1263	2  22  35 
1265	2  36  29 
1265	2   1  16 
1267	2  10   7 
1269	2  10   7 
1267	2  22  29 
1269	2  22  29 
1271	2   9  23 
1273	2   1  16 
1275	2   9   2 
1277	2   9   2 
1271	2  36  42 
1273	2  36  42 
1275	2  14  35 
1277	2  14  35 
1279	2  37  39 
1279	2  15  16 
1279	2  28  35 
1279	6   7   1 
1281	2  28  35 
1285	2  17   1 
1283	2  36  30 
1285	2  36  30 
1287	2   7  23 
1289	2   7  23 
1287	2  36  44 
1291	2  14  29 
1293	2  15  16 
1293	2  37  39 
1291	6  18   3 
1295	2  15  23 
1297	2  14  29 
1299	6  42  21 
1305	2  15  23 
1307	2  16  23 
1305	2  36  44 
1307	2  28  29 
1307	2   7   2 
1309	2   7   2 
1309	2  22  21 
1307	2  37  45 
1311	2  17   1 
1313	2  15   2 
1309	2  36  42 
1315	2   3   1 
1317	2   3   1 
1319	2   9   1 
1311	2  37  45 
1321	2   9   1 
1311	2  28  29 
1313	2  36  42 
1315	2  22  21 
1317	2  14  21 
1319	2  14  21 
1321	2  22  30 
1323	6  35  14 
1329	6  29  22 
1329	2   7   1 
1331	2   8  14 
1333	2   8  14 
1329	6  37  31 
1335	6  14   0 
1335	2  29  30 
1337	2  16  23 
1339	2  35  30 
1335	6  10   2 
1341	2  28  21 
1341	2  36  37 
1341	2  31  24 
1341	2   7   1 
1343	2  31  24 
1343	2  29  44 
1345	2  28  21 
1347	2  15  10 
1349	2  16  10 
1345	2  36  37 
1351	2  15   1 
1347	2  36  38 
1353	2  16  10 
1349	2  35  30 
1351	2  28  30 
1353	2  14   0 
1353	2  29  44 
1355	6  17   3 
1355	2  14   0 
1355	2  29  42 
1357	2   8  22 
1357	2  35  44 
1359	2  35  44 
1359	2   8  22 
1361	6  38  36 
1361	2  14  22 
1363	2   8  21 
1365	2   8  21 
1367	6  45  39 
1367	2  28  30 
1369	2  23  10 
1371	2   2   0 
1371	2  14  22 
1369	6  43  35 
1373	2   2   0 
1373	2  14  21 
1373	6  39  31 
1375	2   3   0 
1375	2  28  44 
1377	2   3   0 
1377	2  28  44 
1379	6  17   1 
1379	2  29  42 
1381	2  29  37 
1381	2  14  21 
1383	2  29  37 
1385	2  38  36 
1387	2  43  42 
1389	2  43  42 
1385	2   1   0 
1387	2   1   0 
1385	2  15  17 
1391	2  43  37 
1387	2  16  17 
1389	2   9   0 
1391	2   9   0 
1387	6  22  14 
1391	6  35  28 
1393	2  38  45 
1393	2  16  17 
1393	2   7   0 
1395	2  23  10 
1397	2  23  17 
1395	2   7   0 
1399	2  15   0 
1401	2  15   0 
1403	2   2  14 
1395	2  43  37 
1397	2  29  36 
1405	2  16   0 
1407	2   2  14 
1399	2  29  36 
1401	2  35  42 
1403	2  35  42 
1397	2  38  45 
1399	2  38  31 
1401	2  38  31 
1405	2  35  37 
1407	2  43  36 
1407	2  23  17 
1409	6  23   2 
1409	2  43  36 
1409	6  14   7 
1411	6  45  43 
1415	2  23  21 
1415	6   3   0 
1417	2  23  21 
1421	2  10  17 
1421	2   0   7 
1423	2  10  17 
1419	2  29  43 
1421	2  29  43 
1423	2   0   7 
1423	2  29  31 
1425	6  21   8 
1431	2  16   3 
1433	2  38  24 
1433	2   2   3 
1433	2   0   8 
1425	6  36  35 
1431	6  28  21 
1435	2  36  37 
1437	2  38  24 
1435	2   2   3 
1437	2  10   3 
1439	2  29  31 
1439	2  10   3 
1441	2  17   3 
1435	2   0   8 
1441	2  45  43 
1441	2  28  30 
1443	2  17   3 
1443	2  28  30 
1445	2  22  30 
1445	2  36  35 
1437	2   1   7 
1439	2   1   7 
1447	2  28  44 
1449	2  22  30 
1441	2   1   8 
1451	2  29  24 
1443	2   1   8 
1445	2   9   7 
1447	2   9   7 
1449	2   9   8 
1451	2   9   8 
1453	2  28  44 
1455	6  44  31 
1461	2  28  42 
1455	2  14   7 
1457	2  14   7 
1459	2  15   7 
1461	2  23  30 
1461	2  15   7 
1463	6   9   7 
1463	2  28  42 
1463	2  23  30 
1465	2  36  35 
1465	2  22  31 
1467	2  45  43 
1469	2  36  43 
1469	2  16   9 
1467	6  30  22 
1471	2  16   9 
1471	2  45  44 
1469	6   7   0 
1473	2  28  37 
1473	2   2   9 
1475	6  22   7 
1475	2   2   9 
1477	2  10   9 
1479	2  10   9 
1481	2  17   9 
1483	2  14   8 
1485	2  17   9 
1475	2  36  43 
1481	2  30  31 
1477	2  45  44 
1479	2  36  44 
1483	2  30  42 
1485	2  36  44 
1485	2  22   7 
1487	6  42  28 
1487	2  14   8 
1489	2  15   8 
1491	2  15   8 
1493	2   3   9 
1487	2  23  31 
1493	2  22   7 
1489	6  31  24 
1495	2  16   8 
1495	2  42  37 
1497	6  37  31 
1503	2  30  28 
1505	2  30  31 
1497	2   1   7 
1507	2  30  31 
1509	2  29  37 
1499	2  16   8 
1505	2  42  35 
1501	2   3   9 
1511	2  45  37 
1503	2   2   8 
1505	2   2   8 
1509	2  23  24 
1507	2  10   8 
1509	2  10   8 
1511	2  22  24 
1511	2   1   7 
1507	2  42  35 
1513	2  45  37 
1509	2  42  43 
1515	2  36  37 
1513	2  17   8 
1515	2  17   8 
1517	6   9   1 
1517	2  23  28 
1523	2   3   8 
1517	2  42  43 
1525	2  23  28 
1527	2  22  24 
1529	2  23  31 
1531	2  22  28 
1525	2   0   7 
1533	2  22  28 
1527	2   0   7 
1529	2   3   8 
1531	2  14   7 
1527	2  42  44 
1533	2   1   8 
1529	2  42  44 
1531	2  36  37 
1533	2  42  37 
1531	6  24  17 
1535	2  14   7 
1537	2  30  35 
1539	2  42  37 
1537	2   1   8 
1539	2  15   7 
1541	2  15   7 
1541	2  30  35 
1537	6  17   3 
1543	6  43  36 
1543	2  23  31 
1543	2   9   3 
1545	2   9   3 
1545	2  22  31 
1547	2  16   7 
1549	6  14   1 
1555	2  16   7 
1557	2   0   3 
1559	2   0   3 
1549	2  30  36 
1557	2  22  31 
1561	2   1   3 
1559	2  23  35 
1563	2   1   3 
1561	2  23  35 
1563	2  22  35 
1559	6  44  38 
1565	6  43  22 
1571	2  30  36 
1571	2  15   3 
1573	6   9   7 
1573	2  43  35 
1573	2  30  38 
1575	2  30  38 
1577	2  30  37 
1575	6  28  21 
1581	2  15   3 
1579	2  30  37 
1583	6  31  23 
1589	2  31  36 
1583	2   2   9 
1585	2   2   9 
1587	2  10   9 
1583	2   7  21 
1589	2  10   9 
1585	2   7  21 
1587	6  21   7 
1593	2  21  23 
1595	2  24   9 
1597	2  31  36 
1599	2  21  23 
1601	2  21  35 
1603	2  21  35 
1601	2  24   9 
1603	2  16   3 
1605	2  16   3 
1593	2   0   7 
1595	2   0   7 
1603	2   1   7 
1605	2  43  36 
1605	2   1   7 
1607	2   2   3 
1607	2  15   7 
1609	2  15   7 
1607	2  43  36 
1611	2  16   7 
1603	2  31  38 
1609	2   2   3 
1613	2  16   7 
1615	2  10   3 
1605	2  31  38 
1617	2   2   7 
1609	2  31  37 
1611	2  43  38 
1613	2  43  38 
1619	2  21  36 
1621	2  31  37 
1619	2  10   3 
1621	2   2   7 
1615	6  23  16 
1623	2  43  37 
1623	2   0  16 
1621	6  35  28 
1625	2   0  16 
1625	2  43  37 
1627	6  28  21 
1627	2  43  42 
1627	2   1  16 
1629	2   1  16 
1627	2  31  30 
1631	2  15  16 
1633	2  15  16 
1635	2  24   3 
1637	2  24   3 
1629	2  42  43 
1631	2  43  42 
1639	2  23  16 
1633	2  28  36 
1635	6  14   0 
1635	6  36  28 
1641	2  30  31 
1641	2  10   7 
1643	6  28  14 
1649	2  36  38 
1651	2  31  30 
1643	2  17   9 
1645	2  17   9 
1653	2  23  16 
1651	2  28  21 
1653	2  28  21 
1649	6   7   1 
1653	6  43  38 
1659	2  36  43 
1661	2  36  37 
1655	2   7  21 
1655	2   2  16 
1657	2   2  16 
1657	2   7  21 
1659	2  17   3 
1661	2  10   1 
1659	2  15  21 
1661	2  15  21 
1663	6   2   1 
1663	2  10  16 
1665	2  10  16 
1663	2  28  14 
1665	2  28  14 
1667	2   7  14 
1669	2  23  21 
1667	2  36  37 
1669	6  10   2 
1671	2   7  14 
1673	2  15  14 
1675	2  17   3 
1675	2  15  14 
1671	2  28  43 
1673	2  28  43 
1675	2  28  37 
1677	2  28  37 
1677	2   0   9 
1679	2  23  21 
1679	6   2   0 
1681	2  36  22 
1685	2   2   9 
1683	2  22  36 
1685	2  23  14 
1679	6  45  38 
1685	6  38  37 
1687	2  24  10 
1689	2  24  10 
1685	6  43  35 
1687	6  21   7 
1693	2  28  37 
1693	2   8   9 
1695	6  35  21 
1695	2   8   9 
1697	2  17  10 
1699	2  17  10 
1697	2   1   7 
1699	2   1   7 
1695	6  38  30 
1701	2   2   3 
1701	2  23  14 
1701	6  44  38 
1703	2  24  16 
1705	2  24  16 
1703	2   2   3 
1707	2   2  10 
1709	2   2  10 
1703	2   0   7 
1705	2   0   7 
1703	2  35  21 
1705	2  35  21 
1707	2  36  22 
1711	2   8   3 
1709	2  35  30 
1711	2  37  28 
1713	2  35  30 
1713	2  15  21 
1715	6  22  15 
1715	6   7   1 
1715	6  24  11 
1721	2  17  16 
1721	2  22  21 
1721	6   4   1 
1727	2  11   4 
1723	2  17  16 
1729	2  11   4 
1723	2  28  37 
1725	2  23  21 
1727	2   2  16 
1729	2   2  16 
1727	2  35  29 
1727	2   7  14 
1729	2  29  35 
1729	2   7  14 
1731	6  14   1 
1731	2  35  29 
1731	2  17   4 
1733	2  17   4 
1737	2  22  30 
1737	2   0   1 
1739	2   0   1 
1739	2  22  30 
1735	6  17  11 
1741	6   4   1 
1747	2   2   1 
1741	2  23  21 
1747	2  17   4 
1743	6  30  22 
1749	2   8   3 
1751	2   9   3 
1753	2   9   3 
1755	2  17   4 
1751	2   7  21 
1753	2   7  21 
1749	2  30  38 
1755	2   0  21 
1751	6  46  32 
1757	6  29  17 
1757	2   2   1 
1757	6  14   7 
1763	6  32  31 
1763	2  11   4 
1763	2  23  22 
1765	2  23  22 
1767	2  14  22 
1769	2  38  30 
1765	2  11   4 
1771	2  30  38 
1767	2   2   4 
1769	2   8  10 
1771	2   8  10 
1773	6  31  30 
1773	2   0  21 
1773	2   9  10 
1775	2   8  16 
1777	2   8  16 
1779	6   8   0 
1779	2  23  39 
1785	2  14  22 
1785	2   9  10 
1787	2   3  10 
1787	2  14  30 
1757	6  34  26 
1773	6  26  18 
1781	6  33  25 
1789	6  18  11 
1789	2   0   1 
1789	2   9  16 
1791	2  30  14 
1795	2   3  10 
1793	2   8  22 
1795	2   8  22 
1795	6  24  18 
1797	2   0   1 
1797	2   9  16 
1799	2   9   1 
1797	2  29  21 
1801	2  39  23 
1801	2   2   4 
1803	2   3  16 
1803	2  29  21 
1805	2  29  22 
1807	2  24  21 
1805	6   2   0 
1809	2  24  21 
1811	6   7   0 
1811	2  23  39 
1817	2  14  30 
1811	2   2   4 
1813	2   2   4 
1817	2   9   1 
1813	6  34  33 
1819	6  16   2 
1819	2   7  21 
1821	2   7  21 
1815	6  20  12 
1819	6  43  38 
1821	6  18  12 
1825	2   3   2 
1825	2  29  22 
1819	6  33  26 
1823	6  14   7 
1827	2  10   2 
1825	6  38  31 
1829	2  10   2 
1831	2  16  21 
1831	2   3   1 
1831	6  31  25 
1833	2   3   1 
1835	2   9   4 
1837	2   9   4 
1837	2  24  22 
1839	6  21  15 
1839	2  10   1 
1845	2  16  15 
1845	2  29  31 
1841	2   3   4 
1847	2  24  22 
1843	2   3   4 
1849	6  15   3 
1847	6  46  37 
1839	6  34  13 
1855	6  37  23 
1855	2  10   1 
1857	2   9   3 
1859	2   9   3 
1861	2  15   3 
1863	2   2   1 
1863	2  10   4 
1863	2  14  22 
1863	2  24  19 
1865	6  38  26 
1865	2  15   3 
1867	2   2   1 
1867	2  10   4 
1869	2  10   3 
1867	2  14  22 
1869	2  16  22 
1871	6  38  35 
1871	2   2   4 
1873	2   2   4 
1875	2  10   3 
1871	6  22  15 
1877	6  40  26 
1877	2   2   3 
1877	2  16  15 
1879	2   9  15 
1881	2   9  15 
1877	2  31  29 
1879	2  29  31 
1883	2   9  25 
1875	6  12   5 
1885	2  19  24 
1887	2  24  19 
1885	2   2   3 
1885	2  22  15 
1887	2  22  15 
1889	2   1   4 
1889	2  22  23 
1891	2   1   4 
1891	2  23  22 
1889	6  26  19 
1893	2  10  15 
1895	2  10  15 
1897	2  10  13 
1899	2  13  10 
1897	2  22  23 
1901	2   2  15 
1903	2   2  15 
1905	6  17   1 
1911	2  17   3 
1913	2  17   3 
1911	2  14  35 
1913	2  35  14 
1915	2   8  11 
1917	2  10  13 
1919	2   4   3 
1921	2   4   3 
1919	2  16  18 
1921	2  17  15 
1923	2  17  15 
1923	6   4   2 
1925	2  17  19 
1925	2  14  35 
1929	2   4   5 
1927	2  19  17 
1929	2   2  15 
1931	2   5   4 
1931	2   2  15 
1933	2   3  15 
1895	6  41  33 
1901	6  33  32 
1935	2   3  15 
1911	6  32  31 
1921	6  34  32 
1929	6  32  20 
1935	6  20  12 
1937	2  25   9 
1941	2   4   5 
1939	2   9  25 
1941	2  17  19 
1943	6  31  15 
1943	2   3  12 
1949	2  31  32 
1945	2  12   3 
1951	2  32  31 
1947	2   3  12 
1953	2  31  32 
1949	2   2  15 
1951	2  11   8 
1953	2   8  11 
1955	2  18  16 
1957	2  16  18 
1959	2  15   2 
1961	2   2  15 
