   1	2   7   8 
   3	2   7   8 
   1	6  41  39 
   5	2   7   1 
   7	6  39  23 
   7	2   7   1 
   9	2   8   1 
  11	2   8   1 
  13	2   7  15 
  15	2   7  15 
  17	2   8  15 
  19	2   8  15 
  21	2   1  15 
  23	2   7   9 
  25	2   7   9 
  27	2   1  15 
  29	2   7   0 
  31	2   7   0 
  13	6  48  27 
  27	6  27  11 
  33	2   8   9 
  35	2   8   9 
  37	2   8   0 
  33	6  11   3 
  39	2   1   9 
  41	2   1   9 
  39	2   7  14 
  41	2   7  14 
  43	2   7  21 
  45	2   7  21 
  47	6  10   7 
  19	6  46  31 
  33	6  33  20 
  39	6  20  19 
  47	6  30  28 
  53	2   8   0 
  53	2  10  23 
  55	2   1   0 
  55	2  15   9 
  55	6  31  24 
  57	2  15   9 
  57	2   1   0 
  59	2   8  14 
  61	2   8  14 
  61	2  10  23 
  53	6  19  12 
  63	6  18  12 
  63	2   1  14 
  65	2  15   0 
  67	2   8  21 
  69	2   8  21 
  71	2   1  14 
  73	2  15   0 
  63	2  10   3 
  65	2  10   3 
  71	2  10  24 
  73	2  10  24 
  75	2   9   0 
  77	2   9   0 
  75	6  30  25 
  79	2  15  14 
   1	6  43  42 
  25	6  45  43 
  39	6  45  39 
  81	6  39  32 
  81	2  15  14 
  81	2  10  18 
  83	2   8  23 
  85	2   8  23 
  83	2  10  18 
  85	6  18  10 
  87	6  14   1 
  91	2  18  17 
  87	6  38  37 
  93	6   3   2 
  93	2  14  21 
  95	2  14  21 
  93	2  18  17 
  97	2  15  21 
  99	2   9   1 
 101	2   9   1 
 103	2   0   1 
  95	2  18  25 
  97	2  18  25 
  99	2  14  23 
 101	2  14  23 
 103	2  15  21 
 105	2   8   2 
 107	2   8   2 
  99	2  18  32 
 101	2  18  32 
 103	6  38  26 
 105	6  23  16 
 109	2  18   3 
 111	2   9  21 
 109	6  46  34 
 113	2  14   2 
 115	6  16   8 
 115	2  18   3 
 117	2  18  26 
 119	2  18  26 
 115	6  38  29 
 121	2  14   2 
 123	6  21  14 
 123	2   0   1 
 123	2  16  24 
 125	2  16  24 
 127	2  16  10 
 121	6  38  33 
 129	2   9  14 
 129	6  26  18 
 131	2  15   8 
 133	2  15   8 
 127	6  45  40 
 129	6  24  23 
 133	6  47  44 
 135	2   0  14 
 135	2  16  10 
 137	2   9   8 
 137	2  21  23 
 135	6  34  27 
 139	2  15   2 
 139	6  38  35 
 141	2  16  17 
 141	2  26  27 
 143	2  26  27 
 145	2  26  33 
 141	2   0  14 
 143	2   9   8 
 147	2  26  33 
 149	2  26  41 
 145	2   1  14 
 147	2   0   8 
 145	2  16  17 
 149	2   0   8 
 151	2  16  25 
 153	2   1  14 
 153	2  26  41 
 153	6  17  16 
 155	2   1   8 
 157	2   1   8 
 155	6  27  19 
 159	2  15   2 
 155	6  41  39 
 161	6  32  26 
 161	2   9   2 
 163	2   9   2 
 165	2   0   2 
 161	2  21  23 
 163	2  15  23 
 165	2  15  23 
 167	6  23   7 
 167	6  39  38 
 173	6  38  22 
 173	2  17  25 
 179	2  17  26 
 181	2  17  26 
 173	2   0   2 
 183	2  32  24 
 185	2  32  24 
 175	2   1   2 
 179	2  14   8 
 187	2  32  40 
 181	2  14   8 
 183	2   9   7 
 185	2   9   7 
 187	2   1   2 
 187	6  23  21 
 189	2  32  40 
 193	2  17   3 
 189	2   0   7 
 195	2  17   3 
 191	2  32  47 
 197	2  17  18 
 193	2  32  47 
 195	2  32  39 
 197	2  14   2 
 197	2  32  39 
 199	6  37  32 
 199	2  14   2 
 199	2  17  18 
 205	2  37  38 
 207	2  37  38 
 201	2  17  19 
 201	2   0   7 
 203	2   1   7 
 203	2  17  19 
 205	2  23  10 
 207	2  23  10 
 205	2   1   7 
 209	2   8   2 
 209	2  37  28 
 211	2  15  10 
 195	6  47  41 
 213	6   2   0 
 213	2  37  28 
 213	2  23  16 
 215	2  23  16 
 219	2  15  10 
 215	2  37  36 
 217	2  37  36 
 219	2  37  43 
 201	6  47  46 
 215	6  48  39 
 221	2  23  25 
 221	2   8   0 
 221	2  37  43 
 223	2  37  32 
 223	2  15  16 
 225	2  37  32 
 225	2  15  16 
 221	6  11   3 
 227	6  40  38 
 227	2   9  10 
 227	2  14   7 
 229	2   9  10 
 227	2  23  25 
 231	2   2  10 
 233	2  17  33 
 233	2  37  44 
 229	2  14   7 
 231	2   8   7 
 233	2   8   7 
 235	6  47  32 
 235	2   2  10 
 237	2   9  16 
 239	2   1  10 
 235	2  37  44 
 235	6  34  27 
 237	6  45  37 
 241	2   0   7 
 241	2   9  16 
 241	6  47  34 
 243	2   2  16 
 243	2   0   7 
 245	2   1  10 
 245	6  25  23 
 247	2  45  46 
 249	2  45  46 
 241	6  20  12 
 247	6  27  20 
 251	2  15  23 
 251	2  45  39 
 247	6  10   1 
 253	6  41  34 
 253	2  15  23 
 253	2  25  26 
 255	2  25  26 
 253	2  45  39 
 255	2  45  37 
 257	2  45  37 
 255	2   9  23 
 257	2   9  23 
 259	6  26  11 
 259	2  14   1 
 261	2  14   1 
 265	2  25  26 
 267	2  25  26 
 263	2   2  16 
 265	2   8   1 
 267	2   8   1 
 269	2   0   1 
 271	2   0   1 
 269	2  25  18 
 271	2  25  18 
 265	2  10  16 
 267	2  10  16 
 269	2  14  16 
 271	2  14  16 
 259	6  47  45 
 273	2   2  23 
 265	6  47  39 
 273	2  39  32 
 265	6  20  12 
 271	6  34  20 
 275	2  39  32 
 275	2   2  23 
 271	6  48  47 
 277	2  39  45 
 277	2  10  23 
 277	2   7   1 
 279	2   7   1 
 279	2  10  23 
 281	2  17  33 
 283	6  47  32 
 283	2   8  16 
 285	2   8  16 
 287	2   0  16 
 283	6  11   3 
 289	6  40  27 
 289	2  15   3 
 291	2  15   3 
 293	2   0  16 
 295	6  18  15 
 301	2  25  19 
 295	2  39  45 
 303	2  25  19 
 301	2  14  23 
 297	2  39  40 
 299	2  39  40 
 301	2  39  34 
 303	2  14  23 
 303	2  39  34 
 305	2  39  31 
 301	2   9   3 
 303	2   9   3 
 305	2   7  16 
 305	2   2   3 
 307	2   7  16 
 307	2   2   3 
 307	2  39  31 
 305	2  18  26 
 307	2  18  26 
 309	6  39  34 
 309	2   1  16 
 311	2  18  15 
 313	2  18  15 
 315	2  17  22 
 317	6   9   4 
 317	2  25  33 
 319	2  18  19 
 321	2  18  19 
 315	6   7   0 
 317	6  23  22 
 323	6  14   1 
 329	2   8  22 
 323	2  10   3 
 325	2  10   3 
 331	2   1   3 
 323	2  25  33 
 331	2  17  23 
 315	6  38  31 
 325	6  26  12 
 331	6  34  19 
 333	2   8  22 
 333	2  17  24 
 335	2   7  22 
 337	2   4  12 
 335	2  17  24 
 337	2  25  23 
 339	6  33  17 
 339	2   4  12 
 345	6  15   0 
 345	2  33  31 
 347	2  33  31 
 345	2  19  11 
 347	2  19  11 
 349	2  18  17 
 349	2  33  20 
 337	6  36  28 
 343	6  44  36 
 345	6   3   2 
 349	6  44  38 
 351	2  33  20 
 351	2   1   2 
 353	2   7  22 
 355	2   8   2 
 357	2  15  22 
 353	2  33  32 
 359	2  15  22 
 351	2  18  17 
 357	2   3  12 
 359	2   3  12 
 355	2  33  32 
 357	2  33  27 
 359	2  33  27 
 361	2  25  23 
 361	2  10  12 
 363	6  15   2 
 363	2  25  24 
 365	2  25  24 
 367	2  25  31 
 355	6  36  28 
 363	6  12  11 
 361	6  45  36 
 363	6  40  33 
 367	6  44  43 
 369	2  10  11 
 371	2  14  16 
 373	2  14  22 
 369	2  25  31 
 375	2   8  15 
 377	2  14  22 
 371	2  25  20 
 373	2  40  38 
 373	2  25  20 
 375	2  25  32 
 377	2  25  32 
 371	6  11   3 
 377	2   1   3 
 379	6  45  40 
 379	2  16  22 
 381	2  16  22 
 385	2  45  38 
 379	2   1   3 
 379	2  25  27 
 381	2  25  27 
 383	2  18  23 
 385	2  18  23 
 381	6   2   0 
 387	6  41  39 
 393	2  45  40 
 395	2  45  40 
 387	2   7  15 
 389	2   7  15 
 387	2   4   2 
 389	2   4   2 
 397	2  45  44 
 391	2   8   3 
 393	2   8   3 
 387	2  18  24 
 389	2  18  24 
 395	2  11   2 
 397	2  11   2 
 387	6  29  28 
 393	6  31  25 
 399	6  34  13 
 399	2  18  25 
 399	2  31  38 
 401	2  18  25 
 401	2  31  38 
 403	2  45  44 
 399	2   0  15 
 401	2   0  15 
 405	2  45  39 
 407	2  45  39 
 403	2  14  15 
 405	2  18  20 
 405	2  14  15 
 407	2  16  15 
 407	2  18  20 
 403	6   3   1 
 409	6  25  18 
 409	2  45  29 
 409	2   7   1 
 411	2   7   1 
 409	2   4  13 
 411	2   4  13 
 413	2  10   2 
 411	2  16  15 
 415	2  31  40 
 415	2  10   2 
 417	2  25  32 
 417	2   3   2 
 417	2  45  29 
 413	6  13   5 
 419	2   3   2 
 421	2   0   1 
 419	2  45  46 
 423	2   0   1 
 421	2  45  46 
 423	2  45  48 
 425	2  45  48 
 427	2  45  37 
 429	2  45  37 
 431	2  45  47 
 433	2  45  47 
 419	2  22  15 
 421	2  22  15 
 419	2  25  32 
 419	2  11   5 
 421	2  11   5 
 423	2  10   5 
 421	2  25  27 
 425	2  14   1 
 427	2  10   5 
 429	2  14   1 
 423	2  25  27 
 431	2   8   2 
 433	2   3   5 
 425	6  32  25 
 431	6  23  18 
 435	2   8   2 
 435	2  32  38 
 437	2   7   2 
 437	2  31  40 
 439	6   8   2 
 439	2   4  17 
 441	2   4  17 
 443	2  31  44 
 443	2  11  17 
 439	6  47  41 
 445	6  48  34 
 445	2  16   1 
 447	2  16   1 
 449	2   7   8 
 449	2  31  44 
 451	2  22   1 
 453	2   0   8 
 451	2  32  38 
 453	2  45  36 
 455	2   0   8 
 449	2   4  18 
 455	2  45  36 
 451	2   4  18 
 453	2  32  40 
 453	2  11  17 
 455	2  32  40 
 455	2   3   5 
 457	6  24  12 
 457	2  14   8 
 459	2  14   8 
 457	6  41  40 
 461	6   7   1 
 463	2  10  17 
 467	2  22   7 
 465	2  11  18 
 469	2  15   7 
 463	2  31  39 
 465	2  31  39 
 467	2  10  17 
 471	2  16   8 
 473	2  15   7 
 469	2  11  18 
 471	2   4  12 
 473	2  10  18 
 469	2  31  29 
 471	2  31  29 
 473	2  31  46 
 473	6   5   4 
 475	2  31  46 
 475	2  10  18 
 479	2   5  12 
 477	2  45  33 
 479	2  45  33 
 477	2  16   8 
 479	2  22   8 
 479	2   3  17 
 481	2  32  44 
 481	2   2   4 
 481	6  23  16 
 483	2  32  44 
 487	2   3  17 
 485	2  32  39 
 489	2   2   4 
 487	2  32  39 
 489	2  32  29 
 489	6  17  16 
 491	2  32  29 
 493	2  32  46 
 491	2  11  12 
 493	2  11  12 
 493	6  36  30 
 495	2  32  46 
 497	2  45  47 
 495	2   2  16 
 497	2   3  18 
 499	6   9   0 
 499	2  31  34 
 501	2  31  34 
 503	2  32  34 
 505	2  31  37 
 505	2   2  16 
 499	6  18  11 
 507	6   4   2 
 507	2  32  34 
 509	2  31  37 
 511	2  31  40 
 513	6  11   3 
 513	2  22   8 
 513	2  31  40 
 515	2  32  37 
 515	2  15   8 
 517	2  15   8 
 517	2  32  37 
 505	6  20  19 
 519	6  43  37 
 519	2   5  17 
 519	2  32  40 
 521	2  32  40 
 521	2   5  17 
 525	2  45  47 
 525	2  31  30 
 527	2  45  37 
 523	2   5  19 
 525	2   5  19 
 519	2   7   8 
 529	2  45  37 
 521	2   1   2 
 531	2  45  24 
 533	2  31  30 
 523	2   7   8 
 525	2   1   2 
 535	2  45  24 
 527	2   9   2 
 529	2   9   2 
 537	2  32  30 
 537	2  18  17 
 539	2  32  30 
 539	2  18  17 
 531	2  14   2 
 533	2  14   2 
 527	6  13   5 
 533	6  27  13 
 535	6  14   2 
 541	2  23  14 
 541	2  10  12 
 541	6  40  38 
 543	2  10  12 
 543	2  27  25 
 545	2  10  17 
 547	2  27  25 
 549	2  18  19 
 551	2  18  19 
 553	2  11   3 
 547	2   1  16 
 549	2  31  33 
 551	2  31  33 
 549	2   1  16 
 551	2   9  16 
 555	2  10  17 
 557	2   4   3 
 557	2   9  16 
 559	2   4   3 
 557	2  18  25 
 559	2  23  14 
 561	2   2  16 
 559	2  18  25 
 563	2   2  16 
 553	2  27  13 
 555	2  27  13 
 557	2  27  40 
 559	2  27  40 
 561	2  27  41 
 561	2  11  12 
 563	2  27  41 
 563	2  11  12 
 547	6  45  44 
 553	6  45  38 
 561	6  39  38 
 565	2  22  14 
 565	2  18  13 
 565	2   1   3 
 565	6  34  27 
 567	2  23  16 
 569	2  22  14 
 567	2   4  12 
 569	2  11  17 
 567	6  47  38 
 571	2  10  19 
 571	2  15  14 
 573	2  32  33 
 573	2  10  19 
 575	2  32  33 
 573	2  15  14 
 575	2   7  14 
 577	2   7  14 
 577	2  10  25 
 573	6  30  29 
 577	6  40  34 
 579	2  23  16 
 579	2   1   3 
 579	2  18  13 
 581	2   4  12 
 579	2  31  38 
 581	2  31  38 
 581	2   8  14 
 583	6  27  18 
 583	2  31  37 
 583	2  40  39 
 583	2   9   3 
 585	2  31  37 
 585	2  40  39 
 587	2  32  38 
 589	2  27  34 
 585	2   9   3 
 587	2  22  16 
 589	2   8  14 
 591	2  27  34 
 591	2  22  16 
 593	2  11  17 
 587	2   2   3 
 589	2  32  38 
 587	2  40  47 
 589	2  40  47 
 589	2   2   3 
 591	2  32  37 
 593	2  27  41 
 595	2   4  17 
 595	2  27  41 
 593	6  32  30 
 597	2   4  17 
 597	6  34  27 
 599	2  30  37 
 599	2  40  32 
 599	2  15  16 
 601	2  15  16 
 601	2  40  32 
 599	2  11  19 
 601	2  11  19 
 603	6  33  18 
 603	6   3   1 
 601	6  43  37 
 609	6  19  10 
 609	2  31  24 
 611	2  31  24 
 609	2  40  46 
 611	2  40  46 
 613	2  40  33 
 613	2  30  24 
 609	6   7   1 
 615	2  34  39 
 615	2   4  10 
 615	2  30  24 
 617	6  25  18 
 617	2   4  10 
 619	2   1  16 
 617	2  40  33 
 619	2  34  39 
 621	2  34  47 
 621	2   1  16 
 617	6  30  29 
 623	6  17   2 
 623	2  34  47 
 625	2  34  32 
 627	2  34  32 
 619	6  12   4 
 629	6  40  32 
 629	2  23   7 
 629	2  19  18 
 631	2  23   7 
 631	2  19  13 
 629	2   3   4 
 633	2  19  13 
 631	2   3   4 
 633	2   9   4 
 623	6  43  36 
 635	6  13   5 
 635	2  34  46 
 635	2  22   7 
 637	2  22   7 
 639	2  15   7 
 637	2  34  46 
 635	2   3   2 
 637	2   3   2 
 639	2  34  33 
 635	2  11  18 
 637	2  11  18 
 639	2   3  10 
 635	6  37  31 
 639	6  46  45 
 641	2  19  27 
 643	2  19  27 
 641	2   9   4 
 643	2  17   4 
 645	2   9   2 
 643	2  15   7 
 641	2  32  31 
 647	2   1   7 
 647	2   3  10 
 649	2   9   2 
 645	2  12  18 
 651	2   1   7 
 647	2  12  18 
 649	2  11   5 
 651	2   9  10 
 653	2   9  10 
 643	2  32  31 
 645	2  32  46 
 647	2  34  33 
 649	2  34  31 
 651	2  34  31 
 655	2  17   4 
 653	2  32  46 
 655	2  32  30 
 653	6  27  19 
 657	2  32  30 
 657	2  17   2 
 659	6  37  36 
 659	2  11   5 
 661	2  12   5 
 659	2  32  25 
 661	2  17   2 
 663	2   8  16 
 659	2  27  41 
 661	2  27  41 
 663	2   3  18 
 663	2  34  46 
 665	6   9   4 
 671	2  23   9 
 665	2  27  39 
 671	2  12   5 
 673	2   3  18 
 667	2  34  46 
 673	2   8  16 
 669	6  47  40 
 675	6  15   2 
 675	2  11  19 
 675	2  32  25 
 677	2  32  38 
 677	2  11  19 
 679	2  12  19 
 679	2  32  38 
 675	6  47  34 
 681	2  12  19 
 681	2  17  10 
 681	2   8   7 
 681	2  32  37 
 681	6  34  27 
 683	2  23   9 
 683	2   4  18 
 685	2  22   9 
 685	2   4  18 
 681	6  47  46 
 687	6  19  11 
 687	2  22   9 
 689	2  14  16 
 691	2   2   9 
 691	2  23  15 
 687	2  34  39 
 693	2  23  15 
 695	2  22  15 
 689	2  34  40 
 693	2  17  10 
 695	2   2   9 
 691	2  32  37 
 695	2  17  18 
 693	2  34  40 
 695	2  34  27 
 695	6  46  31 
 697	2  14  16 
 701	2  31  30 
 699	2  22  15 
 697	2   3   5 
 699	2   1   9 
 697	2  34  27 
 699	2  17  18 
 701	2   1   9 
 699	6  41  27 
 703	2   3   5 
 703	2   8   7 
 703	2  31  30 
 701	6  18  17 
 705	2   2  15 
 705	2   4   5 
 701	6  46  45 
 705	6  40  34 
 707	2  31  25 
 707	2   4   5 
 707	2   2  15 
 709	2   3  11 
 709	2  14   7 
 709	2  31  25 
 711	6   5   3 
 711	2  19  27 
 713	2  19  27 
 711	2  14   7 
 717	2  12  27 
 711	2  31  38 
 713	2  16   7 
 713	2  31  38 
 715	2  31  37 
 711	2  40  46 
 715	2  16   7 
 717	2   1  15 
 713	2  40  46 
 717	2  32  24 
 719	2  23  10 
 719	2  40  33 
 719	6  27  19 
 721	2  23  10 
 723	2  22  10 
 725	2   1  15 
 727	2  23  17 
 729	2  31  37 
 729	2  18   3 
 721	2  40  33 
 725	6  34  27 
 723	6  46  40 
 731	2   5  11 
 733	2  12  19 
 735	2   4  11 
 731	2   8   9 
 737	2   5  19 
 733	2   8   9 
 735	2   8  15 
 739	2   4  11 
 729	2  46  45 
 731	2  46  45 
 733	2  46  47 
 731	2  32  24 
 733	2  31  24 
 735	2  34  39 
 737	2  34  39 
 735	2  23  17 
 737	2  14   9 
 739	2  34  27 
 739	2  46  47 
 739	2  31  24 
 739	2  14   9 
 741	6  45  32 
 741	2  22  10 
 743	2   8  15 
 741	2  34  27 
 743	2   2  10 
 743	2  34  41 
 745	2  14  15 
 745	2  34  41 
 745	2   2  10 
 743	2   5  19 
 745	6  20  12 
 751	2   4  19 
 747	2  16   9 
 749	2  16   9 
 751	2   7   9 
 747	2  34  40 
 749	2  34  40 
 753	2   1  10 
 751	2  46  30 
 751	2  34  33 
 755	2  18   3 
 753	2  34  33 
 753	2  14  15 
 753	2  46  30 
 755	2  16  15 
 755	6  39  34 
 757	2  22  17 
 759	2   7   9 
 759	2  18  11 
 753	6  13   5 
 761	6  46  31 
 761	2  16  15 
 761	2  18  11 
 763	2   1  10 
 765	2   8  10 
 761	2  20  34 
 763	2  20  34 
 765	2  13  34 
 767	6  12   4 
 767	2  20  27 
 769	2  20  27 
 767	2  22  17 
 769	2  31  25 
 769	2   7  15 
 771	2   7  15 
 771	2  31  25 
 773	6  23  11 
 773	2  39  32 
 775	2  39  32 
 777	2  39  47 
 773	6  14   7 
 771	6  27  20 
 777	6  34  27 
 779	2   9  15 
 781	2   2  17 
 783	2  11   3 
 785	2  11   3 
 783	2  13  27 
 779	2  31  38 
 781	2  39  47 
 785	2  13  20 
 785	2  34  41 
 783	2  39  30 
 785	2  31  38 
 783	6  17  16 
 787	2  13  20 
 787	2  31  37 
 787	2  34  41 
 783	6  14   1 
 789	6  40  34 
 789	2   2  16 
 791	2   9  15 
 795	2  39  30 
 797	2  14  16 
 789	2  12  19 
 791	2  18  19 
 797	2  31  37 
 793	2  18  19 
 795	2  12  27 
 797	2  40  34 
 799	2  31  24 
 801	2  14  16 
 799	2  40  34 
 801	2  40  33 
 793	6   3   1 
 797	6  19  18 
 803	2  39  25 
 803	2   8  10 
 805	2  22   1 
 805	2  39  25 
 807	2  11  23 
 807	2  39  38 
 803	6  41  34 
 809	2  11  23 
 811	2  11  18 
 811	2   8  16 
 809	2  40  33 
 813	2   7  10 
 815	2   7  10 
 811	2  39  38 
 813	2  40  32 
 815	2  39  37 
 811	6  27  13 
 817	6  39  30 
 817	2   8  16 
 823	2   7  16 
 817	2  12  13 
 823	2  30  37 
 825	2  22   1 
 817	2  27  34 
 819	2  27  34 
 819	2  19  13 
 823	2  27  41 
 827	2   7  16 
 821	2  11  18 
 825	2  40  32 
 827	2  27  41 
 823	6  13  12 
 829	6  41  27 
 835	2  19  12 
 837	2  13  20 
 829	2   2   1 
 835	2  40  47 
 829	2  17  10 
 831	2  17  10 
 829	2  22  23 
 833	2  31  24 
 839	2  13  20 
 831	2   2   1 
 833	2   3  10 
 835	2  17  16 
 837	2  41  33 
 837	2   3  10 
 839	2  41  33 
 833	2  14   1 
 835	2  14   1 
 837	2   8   1 
 837	2  22  23 
 839	2   2  23 
 841	6  34  26 
 841	2   2  23 
 843	2   9  10 
 845	2  17  16 
 841	2  40  47 
 843	2  40  39 
 845	2   8   1 
 845	2  11  12 
 845	2  40  39 
 847	6  34  33 
 847	2   9  10 
 847	2  14  23 
 849	2   3  16 
 849	2   7   1 
 851	2  14  23 
 853	2   7   1 
 847	2  19  20 
 849	2  19  20 
 851	2  11  12 
 853	2   3  16 
 853	2  13  26 
 843	6  45  37 
 849	6  46  45 
 855	6  41  39 
 855	2  13  26 
 857	2  19  26 
 859	2  19  26 
 861	2  13  27 
 855	2   8  23 
 857	2   8  23 
 861	2  39  32 
 863	2  39  32 
 859	2  15  10 
 859	2  30  24 
 865	2  39  47 
 861	2   9  16 
 863	2  17   1 
 865	2   9  16 
 865	2  30  24 
 863	2  13  27 
 865	2  11  20 
 867	2  15  10 
 869	2  15  16 
 867	2  19  27 
 867	2  39  47 
 871	2   7  23 
 869	2  11  20 
 871	2  11  26 
 873	2   7  23 
 873	2  11  26 
 869	2  39  41 
 875	2  17   1 
 875	2  13  34 
 877	6  34  20 
 883	2  40  25 
 877	2   3   1 
 877	2  15  16 
 879	2   3   1 
 881	2   9   1 
 883	2   9   1 
 885	2  40  25 
 883	2  13  20 
 885	2  10  16 
 887	6   8   3 
 887	2  17  23 
 889	2  17  23 
 893	2  15   1 
 887	2  40  38 
 889	2  40  38 
 895	2   8  23 
 897	2   8  23 
 899	2  15   1 
 887	2  19  27 
 889	2  19  20 
 891	2  19  20 
 891	2  40  46 
 893	2  11  27 
 893	2  40  46 
 895	2  11  27 
 897	2  11  20 
 899	2  11  20 
 901	2  10  16 
 903	2   9  23 
 905	2   9  23 
 897	2  39  41 
 899	6  32  25 
 905	2  39  32 
 899	6  47  41 
 901	6  27  13 
 907	2  40  24 
 909	6  23  15 
 909	2  10   1 
 909	2  27  25 
 911	2  27  25 
 913	2  39  32 
 911	2  10   1 
 913	2  27  41 
 913	6  18  17 
 915	2  23  15 
 917	2  23  15 
 915	2  39  38 
 915	2  27  41 
 919	2  22  17 
 921	2  22  17 
 917	2  39  38 
 919	2  39  46 
 923	2  40  24 
 913	6  12   4 
 919	6   4   2 
 925	6  41  27 
 925	2   4  17 
 925	2  39  46 
 927	2   4  17 
 929	2  16   1 
 931	6  33  19 
 931	2  10  15 
 933	2  16   1 
 935	2  10  15 
 937	6  41  40 
 937	2  14  17 
 939	2  14  17 
 941	2   3  17 
 941	6  22   7 
 943	2  40  47 
 943	2   3  17 
 945	2  33  25 
 947	2   7   2 
 947	2  33  25 
 949	6  47  41 
 949	2  16  15 
 949	2  11  25 
 951	2  11  25 
 955	2  40  41 
 957	2  33  27 
 959	2  33  27 
 961	2  33  41 
 963	2  33  41 
 951	2   7   2 
 953	2  22  17 
 955	2  22  17 
 957	2  16  15 
 953	2   4   2 
 965	2  39  24 
 955	2   4   2 
 967	2  39  24 
 959	2  14   2 
 961	2  14   2 
 963	2   3   2 
 965	2   3   2 
 967	2   1  15 
 957	6  12  11 
 965	2  12  27 
 969	2   1  15 
 967	2  12  27 
 969	2  40  32 
 969	2  18  17 
 971	6   7   2 
 971	2  18  17 
 971	2  40  32 
 973	2  33  32 
 975	2  40  38 
 969	6  20  12 
 977	6  34  19 
 977	2  22   7 
 979	2  22   7 
 977	6   4   2 
 983	6  34  20 
 983	2   8  17 
 985	2   8  17 
 987	2   9  17 
 977	6  39  38 
 983	6   5   4 
 987	6  22   7 
 989	2  40  39 
 991	2  34  41 
 993	2  33  32 
 995	2  34  41 
 989	2   9  17 
 993	2  23  17 
 995	2  23  17 
 997	2  33  39 
 997	2  10  17 
 989	2   5  19 
 999	2  34  32 
 999	2  10  17 
 991	2   5  19 
 993	6  19   5 
 993	6  14   8 
 997	6  23  22 
1001	2  19  26 
1001	2  40  46 
1001	6   4   2 
1007	2   4   5 
1003	2  19  26 
1005	2  19  13 
1007	2  19  13 
1003	2  16  17 
1009	2  19  12 
1011	2  19  12 
1003	2  40  46 
1013	2   4   5 
1005	2  16  17 
1005	2  34  32 
1013	2  19  25 
1007	6   8   1 
1007	6  39  34 
1013	2  33  34 
1015	2  18  23 
1015	2  39  34 
1015	6   5   4 
1017	2  19  25 
1019	2  19  27 
1019	2   8  17 
1021	6  13   5 
1021	2   8  17 
1021	2  33  46 
1023	2  18  23 
1023	2  39  34 
1025	2  14  23 
1027	2  40  24 
1027	2  19  27 
1023	6   2   1 
1029	6  40  19 
1035	2  33  46 
1029	2  14  23 
1031	2   9  23 
1033	2   9  23 
1035	2   2   4 
1035	2  22  23 
1031	6   7   0 
1037	2  39  46 
1037	2  15  17 
1039	2  19  24 
1041	2  15  17 
1039	2  40  41 
1041	2  40  41 
1043	2  22  23 
1037	2   2   4 
1039	2   3   4 
1041	2  13  26 
1043	2  40  32 
1045	2  33  24 
1041	2   3   4 
1039	6   1   0 
1045	2   1   4 
1047	6  14   8 
1047	2  39  46 
1047	2  10  23 
1049	2  10  23 
1047	2  13  26 
1051	2  16  23 
1053	2  16  23 
1055	2  14  23 
1049	2  13   5 
1049	2  40  32 
1051	2  13   5 
1053	2  13  12 
1055	2  13  12 
1057	2  33  24 
1059	2  14  23 
1061	2   1   4 
1059	2  40  34 
1061	2  40  34 
1057	6  20  13 
1063	2  39  24 
1063	6  27  20 
1065	2  39  24 
1067	2  15  23 
1067	2  18   4 
1069	2  18   4 
1067	2  40  46 
1071	2  27  25 
1073	2  27  25 
1069	2  15  23 
1069	2  40  46 
1075	6  26  18 
1081	2  27  20 
1081	2  40  24 
1083	6  46  33 
1089	2  27  20 
1083	2  17  23 
1085	2  17  23 
1089	2  40  24 
1071	6   4   2 
1077	2   8   2 
1079	2   8   2 
1081	2   9   2 
1083	2   9   2 
1085	6   2   1 
1081	6  12   4 
1091	2  27  41 
1093	2  27  41 
1091	2  22   1 
1093	2  22   1 
1091	2  12  18 
1093	2  12  18 
1095	6  16   8 
1095	2  27  32 
1101	2  10   1 
1095	2  12   5 
1097	2  27  32 
1099	2  27  34 
1097	2  12   5 
1101	2  27  34 
1099	6  25  19 
1103	2  10   1 
1105	6   8   1 
1105	2  27  33 
1105	2   3  18 
1107	2  12   4 
1107	2  27  33 
1109	2  12   4 
1111	6  26  12 
1117	2   3  18 
1119	2   2  18 
1101	6  23  22 
1121	6  17  16 
1121	2   3   5 
1121	2   1   8 
1123	2   1   8 
1125	2  14   8 
1121	2  26  19 
1123	2   3   5 
1125	2   3   4 
1123	2  26  19 
1127	2   2  18 
1129	6  16   1 
1135	2  14   8 
1129	2  12  18 
1131	2  26  20 
1133	2  12  18 
1129	2   3   4 
1135	2  26  20 
1135	2  17  18 
1137	6  22  14 
1137	2  17  18 
1137	2   2   5 
1139	2   9  18 
1141	2   9  18 
1143	2  15   8 
1143	2   3  19 
1145	2  26  41 
1145	2  15   8 
1145	6   6   3 
1147	2  26  41 
1149	2  26  32 
1147	6  30  22 
1151	2  26  32 
1151	2   2   5 
1151	6  18  17 
1153	2   1   8 
1153	2  26  34 
1155	2   2   4 
1157	2  23  17 
1155	2  26  34 
1157	2  26  33 
1157	2   2   4 
1153	6  13   6 
1159	6  19   5 
1159	2   1   8 
1161	2  14   8 
1163	2  14   8 
1165	2  12  19 
1159	2  23  17 
1161	2  10  17 
1163	2  10  17 
1165	2  16  17 
1165	6   3   2 
1167	2  16  17 
1167	2  12  19 
1169	2  18  19 
1169	2  13   5 
1171	2  26  33 
1171	2   3   5 
1173	6  41  34 
1173	2  13  20 
1173	2  30  17 
1175	2  12   4 
1175	2  30  17 
1177	2  12   4 
1177	2  15  17 
1179	2  15  17 
1179	2  13  20 
1173	6  32  26 
1179	6  41  33 
1181	2   1  17 
1183	2   3   5 
1183	2  18  19 
1185	6  19   3 
1183	6  23  15 
1191	2  18   4 
1189	6  30  22 
1193	2  12   5 
1193	2   9   3 
1195	2   9   3 
1195	2  12   5 
1191	6  33  27 
1195	6  23  22 
1197	2  19  20 
1199	2  13  34 
1201	2  19  20 
1201	2  33  24 
1203	6  34  13 
1209	2  12  20 
1209	2  33  24 
1197	6   9   3 
1203	2  15   9 
1205	2  15   9 
1211	2  34  13 
1213	2  12  20 
1207	2  10   9 
1213	2  32  24 
1215	2  34  26 
1217	2  34  26 
1209	2  10   9 
1219	2  34  27 
1219	2  32  24 
1211	2  16   9 
1213	2  16   9 
1219	2  19  13 
1221	6  41  33 
1227	2  34  27 
1221	2  23   9 
1223	2  23   9 
1221	2  18   4 
1223	2  18   5 
1225	2   3   4 
1227	2   3   4 
1225	2  19  13 
1227	2  12  13 
1229	6   4   3 
1229	2  12  13 
1229	2  34  33 
1231	2  19  26 
1233	2  19  26 
1225	6  17  15 
1231	2   1  15 
1233	2  14  15 
1231	6  32  24 
1235	2  22   9 
1235	2  19  27 
1237	2  22   9 
1237	2  19  27 
1235	6   5   4 
1239	2  34  33 
1241	2  34  32 
1239	2  14  15 
1239	2   1   9 
1241	2   8  15 
1241	2  17   3 
1241	6  20  12 
1247	2  20  26 
1243	2   1   9 
1249	2  34  32 
1245	2  14   9 
1247	2  17   3 
1249	2  10   3 
1251	2  10   3 
1247	2   8  15 
1251	2  20  26 
1253	6  17   3 
1253	2  20  27 
1255	2  20  27 
1259	2  16  17 
1261	2  18   4 
1261	2  14   9 
1263	6  17  16 
1269	2   8   9 
1271	2  17  16 
1273	2  23  16 
1275	2  23  16 
1263	2  19  33 
1265	2  19  33 
1263	2   5   4 
1267	2  19  32 
1269	2  20  33 
1265	2   5   4 
1271	2  20  33 
1273	2  18  12 
1267	2   3   4 
1269	2   3   4 
1275	2  18  12 
1271	6   4   3 
1277	6  26  18 
1277	2   8   9 
1279	2  10   3 
1277	2   5  12 
1279	2  22  16 
1281	2  22  16 
1281	2  10   3 
1283	2  17   3 
1285	2  17   3 
1287	2  15   9 
1279	2   5  12 
1283	2  26  13 
1285	2  26  13 
1287	2   4  12 
1289	6  13   5 
1295	2  13   5 
1289	2   1  16 
1291	2   1  16 
1293	2  14  16 
1297	2  13   5 
1289	2  26  18 
1295	2  14  16 
1297	2   8  16 
1291	2  26  18 
1293	2  26  27 
1295	2  26  27 
1297	2  26  33 
1293	6   3   2 
1299	6  12  11 
1305	2  13  18 
1299	2   8  16 
1307	2   4  11 
1309	2  19  32 
1301	2  15   9 
1303	2  15  16 
1309	2   4   5 
1311	2  13  18 
1313	2  26  33 
1305	2  15  16 
1307	2   9  16 
1309	2   9  16 
1313	2  23   2 
1315	6   8   2 
1315	2   4   5 
1321	2  23   8 
1317	2  10  11 
1319	2   4  18 
1321	2   4  18 
1317	2  13  27 
1323	2  10  11 
1323	2  20  32 
1323	2  22   8 
1325	6  33  20 
1325	2  22   8 
1327	2   1   8 
1329	2   1   8 
1325	2  17  11 
1327	2  17  11 
1329	6  17  11 
1331	2  13  27 
1335	2  23  17 
1333	2  13  20 
1337	2  10   5 
1339	2  10   5 
1341	2  13  20 
1341	2  11   5 
1343	2  11   5 
1333	2  33  32 
1331	2  14   8 
1333	2  14   8 
1341	2   2   8 
1335	2  26  32 
1343	2   2   8 
1337	2  26  32 
1339	6  32  26 
1337	6  24  23 
1343	2  24  17 
1343	6  20  13 
1349	2  20  26 
1345	2  22  17 
1347	2  22  17 
1351	2  20  26 
1349	2   1  17 
1351	2   1  17 
1353	6  27  20 
1353	2  14  17 
1355	2  14  17 
1357	2  15   8 
1357	2  10  18 
1345	6   5   4 
1359	2  15   8 
1359	2   5  20 
1359	2  10  18 
1361	6  12  10 
1361	2  27  33 
1363	2  33  27 
1365	2  27  33 
1361	6  25  24 
1367	2   2  17 
1367	2   5  20 
1369	2  25   4 
1369	2   9   8 
1371	6  34  27 
1371	2   2  17 
1371	2   5  13 
1373	2   9   8 
1375	2  15  17 
1377	2  11  18 
1373	2   5  13 
1379	2  25   4 
1377	6  22   8 
1383	2  15  17 
1381	2  12  20 
1383	2  12  20 
1381	6   4   3 
1385	2   9  17 
1387	2  11  18 
1387	2  16  22 
1389	2   9  17 
1391	2   8   3 
1391	2  25  18 
1393	2  16  22 
1389	2  12  13 
1393	2  11  20 
1395	2  16  17 
1395	2   5  26 
1393	6  14   7 
1397	2  25  18 
1397	2  12  13 
1397	6   9   3 
1399	6  23  18 
1405	2  11  20 
1403	2   8   9 
1405	2   1   9 
1407	6  32  20 
1413	2   5  26 
1407	2  16  17 
1409	2   1   9 
1411	2   7   9 
1413	2   7   9 
1409	6  23  22 
1415	6  22   8 
1421	2   2   9 
1415	2  11  13 
1417	2  12  26 
1421	2  23  17 
1423	2  22   8 
1419	2  12  26 
1425	2  22   8 
1427	2   2   9 
1429	2   1   8 
1431	2   1   8 
1421	2  25  32 
1423	2  25  32 
1421	2  12  27 
1423	2  11  13 
1427	2  23  17 
1433	2  15   9 
1425	2  27  12 
1427	2  12  27 
1429	2  25  13 
1431	2  11  26 
1433	2  11  26 
1435	6  30  22 
1435	2  11  18 
1437	2  25  13 
1439	2  25  26 
1441	2   5  19 
1441	2  30  32 
1435	2   7   8 
1443	2  25  26 
1445	2  19   5 
1437	2   7   8 
1439	2   2   8 
1445	2  30  32 
1447	2  18  11 
1441	2  15   9 
1443	2   2   8 
1445	2   3   9 
1447	2  15   8 
1449	6   4   1 
1449	6  32  25 
1455	6  19  13 
1455	2  32  41 
1455	2   3   9 
1457	2  15   8 
1459	2  16   9 
1461	2  16   9 
1457	2  41  32 
1459	2  32  41 
1461	2   4  25 
1459	6  21   7 
1463	2   4  25 
1465	2   3   8 
1467	2   3   8 
1465	2   5  13 
1465	6  30  25 
1469	2  16   8 
1471	6  30  21 
1477	2  23   9 
1479	2  16   8 
1479	2  30  21 
1471	2  25  19 
1473	2  11  18 
1481	2  30  21 
1475	2  25  19 
1477	2  25  26 
1479	2   4  19 
1481	2  25  26 
1481	6  12   4 
1483	2  25  40 
1485	2  23   9 
1483	6  21  14 
1487	2  12  19 
1487	2  17   9 
1485	6  39  33 
1489	2   2  14 
1487	6  31  30 
1491	2   2  14 
1491	2  12  26 
1493	6   3   2 
1493	2  15  14 
1495	2  15  14 
1493	2  31  19 
1495	2  31  19 
1497	2  12  26 
1497	6  17  15 
1499	6   4   3 
1503	2  15   9 
1503	2  31  26 
1505	2   4  19 
1507	2   4  19 
1505	2  23   8 
1507	2  23   8 
1509	6  19  11 
1509	2   2  14 
1515	2  31  26 
1511	2   2  14 
1513	2  16  14 
1515	2  15   8 
1517	2  31  46 
1515	2  17  11 
1517	2  15   8 
1517	2  17  11 
1519	6  26  18 
1519	2  16  14 
1519	2  46  31 
1521	2  23  14 
1523	2  23  14 
1513	6   3   2 
1519	6   5   3 
1521	6  47  39 
1525	2   9   8 
1525	2   5  11 
1527	6  39  27 
1527	2   5  11 
1527	2   9   8 
1529	2  16  11 
1531	2  15  14 
1531	6  11  10 
1533	2  15  14 
1537	2   9  14 
1537	2   4  18 
1539	2  16  10 
1541	2  23  10 
1543	6  37  31 
1549	2  37  46 
1543	2   9  14 
1545	2   8  14 
1551	2  40  25 
1553	2  25  40 
1547	2   8  14 
1549	6  10   8 
1533	6  27  20 
1551	6  45  43 
1555	2   4  18 
1555	2  23   8 
1557	6  31  23 
1557	2  17  18 
1557	2  15   8 
1559	2  15   8 
1561	2   9   8 
1559	2  17  18 
1561	2   5  18 
1557	6  43  28 
1563	2   5  18 
1563	2   9   8 
1565	2  10   8 
1567	2  12  33 
1569	2  33  12 
1567	6  14   1 
1571	2  12  33 
1567	6  24  17 
1573	2  10   8 
1575	2  16  18 
1577	6  29  14 
1577	2   4  17 
1579	2  17   4 
1581	2   4  17 
1583	2  16  18 
1585	2   1   8 
1585	2  16  22 
1587	2   1   8 
1587	2  22  16 
1585	2  31  18 
1587	2  31  18 
1589	2  31  30 
1591	2  30  31 
1589	2  15  18 
1591	2  15  18 
1593	2   9  18 
1595	2  24  38 
1595	2   5  20 
1597	2  31  30 
1597	2   9  18 
1593	6  14   7 
1599	2  38  24 
1599	2  15  28 
1599	2  20   5 
1601	2  10  18 
1601	2  28  15 
1601	2   5  20 
1599	6   2   1 
1603	2  10  18 
1603	2  15  28 
1605	2   2  18 
1607	6  10   8 
1613	2   2  18 
1601	6  44  39 
1607	6  39  33 
1607	6  36  28 
1615	6  19  10 
1621	2  19  18 
1615	2   8   7 
1621	2   9  23 
1623	2  23   9 
1623	2  19  18 
1613	6  28  21 
1625	2  19  33 
1625	2   9  23 
1619	6  21  14 
1627	2  18  11 
1627	2   2  14 
1629	2  33  19 
1629	2  16  22 
1631	2  19  33 
1631	2  24  38 
1629	2   7   8 
1631	2   8   7 
1633	2  14   2 
1635	2   2  14 
1633	2  11  18 
1635	2  18  11 
