   1	2   6   7 
   3	2   6   7 
   5	2   6   1 
   7	2   6   1 
   9	2   7   1 
  11	2   7   1 
   1	6  33  25 
   7	6  25  19 
   1	6  16   3 
  13	2   6  13 
  15	2   6  13 
  17	2   7  13 
  13	6   3   2 
  19	2   6   8 
  21	2   7  13 
  23	2   1  13 
  25	2   1  13 
  21	6   9   4 
  27	2   6   8 
  29	2   7   8 
  31	2   7   8 
  33	2   6   0 
  35	2   6   0 
  37	2   7   0 
  39	2   7   0 
  41	2   1   8 
  43	2   1   8 
  41	2   6  12 
  43	2   6  12 
  45	2   7  12 
  47	2   7  12 
  49	2   6  18 
  51	2   6  18 
  53	2   7  18 
  55	6   8   6 
  61	2  13   6 
  63	2   7  18 
  65	2  13   6 
  67	2   1   0 
  61	6  16  15 
   7	6  32  27 
  69	2   1   0 
  71	2   8  19 
  73	2   8  19 
  75	2  13   0 
  77	2   7  19 
  79	2   7  19 
  81	2  13   0 
  83	2   1  12 
  85	2   1  12 
  87	2   6   0 
  89	2   6   0 
  87	2   8   2 
  89	2   8   2 
  91	6  18   6 
  97	2  13  12 
  99	2  13  12 
  91	2   8   9 
  93	2   8   9 
  95	2   8  15 
 101	2  18  12 
 101	2   7   2 
 103	6  22   8 
 103	2  18  12 
 109	2   1   6 
 109	2  22  15 
 111	2  22  27 
 111	2   1   6 
 113	2   1  19 
 115	6  10   3 
 115	2  22  27 
 115	2   0  12 
 117	2  13   6 
 119	2  13   6 
 121	2   0  12 
 123	2   7   2 
 125	2  18   6 
 127	2  18   6 
 129	2   0   6 
 117	2  22  33 
 119	2  22  33 
 121	2  22  10 
 123	2  22  10 
 125	2  22  14 
 127	2  22  14 
 129	2  22  20 
 131	2   1  19 
 133	6  32  22 
 133	2   0   6 
 133	2  13  19 
 135	2  12   6 
 137	2  13  19 
 135	2   1   2 
 137	2   1   2 
 139	6   9   7 
 139	2  18  19 
 145	2  13   2 
 139	6  33  22 
 145	6  27  16 
 147	2  12   6 
 149	2  13   2 
 151	2  32  20 
 153	2  18  19 
 151	2   9   7 
 153	2   9   7 
 155	6   6   0 
 155	2  32  24 
 161	2   1   7 
 155	2   9  15 
 157	2   9  15 
 159	2   9  16 
 163	2   1   7 
 165	2   6  19 
 167	2  13   7 
 161	2   9  16 
 163	2   9  22 
 165	2   9  22 
 167	2   9  10 
 167	2  32  24 
 169	6  19  12 
 169	2  32  30 
 169	2   1  15 
 171	2   1  15 
 173	2   9  10 
 171	2  32  30 
 173	6   2   1 
 175	2   6  12 
 175	2   9  14 
 177	2  19  12 
 179	6  14   3 
 179	2  32  25 
 181	2  32  25 
 179	6   6   1 
 185	6   4   2 
 185	2  19  12 
 185	2  32  21 
 191	2   4  16 
 191	2  13   7 
 193	2  13  15 
 195	6  15  13 
 201	6   8   2 
 201	2   4  16 
 201	2   0  12 
 203	2   0  12 
 205	2  18   6 
 207	2  18   6 
 209	2  15  13 
 209	6  25  24 
 211	2   1   6 
 213	2   1   6 
 215	2  19   6 
 217	2  18   7 
 219	2  18   7 
 221	2   1   7 
 223	2  18  13 
 211	2  15  16 
 213	2  15  16 
 217	2  32  21 
 219	2  32  31 
 221	2  32  31 
 225	2  18  13 
 223	2  32  26 
 225	2  32  26 
 227	2  19   6 
 229	2   0   6 
 215	2   9   3 
 219	2   4  22 
 221	2   4  22 
 223	2  15  22 
 225	2  15  22 
 223	2   4  10 
 225	2   4  10 
 227	2  15  10 
 229	2   4   3 
 231	2   4   3 
 231	2   1   7 
 227	2  32  33 
 229	2  32  33 
 231	2  32  28 
 229	6  20  14 
 235	2  15  10 
 233	2  32  28 
 233	2   0   6 
 235	2  19   7 
 237	2  19   7 
 239	2   0   7 
 237	2  15   3 
 235	2  32  27 
 237	2  32  27 
 239	2  15   3 
 239	6  32  18 
 241	2   9  14 
 243	2   9  14 
 245	6  32  28 
 245	2   1  13 
 247	2   1  13 
 249	2  12   6 
 249	6  14   9 
 251	2  12   6 
 255	6  26  14 
 249	6   2   1 
 251	6  28  23 
 261	2   0   7 
 257	2  23  16 
 261	2   4   9 
 263	2  23  16 
 261	2  18  20 
 263	2  19  13 
 263	6   4   2 
 265	2  19  13 
 269	2   0  13 
 265	2  23  22 
 267	2  23  22 
 269	2   4  16 
 271	2   2   9 
 273	2  15   9 
 273	2  12   7 
 275	2  15   9 
 275	2   0  13 
 277	2  12   7 
 277	2   4  16 
 279	2   6   7 
 281	2   6   7 
 283	2  12  13 
 285	2  12  13 
 287	2   6  13 
 267	2  26  25 
 269	2  26  25 
 289	2   6  13 
 279	2  23  10 
 277	2  26  30 
 279	2  26  30 
 281	2   4  22 
 283	2   4  22 
 285	2  23  10 
 287	2   4  10 
 285	2  26  24 
 289	2   4  10 
 287	2  26  24 
 291	2  18  20 
 285	6   2   1 
 291	6  17   3 
 293	2   7  13 
 295	2   7  13 
 297	2  23  17 
 293	2  26  21 
 295	2  26  21 
 297	2  26  31 
 299	2  26  31 
 299	2  23  17 
 297	2  18   8 
 301	2   4  17 
 301	2  26  14 
 303	2  23   9 
 305	6  19  15 
 311	2  26  14 
 311	2   4  17 
 313	2  23   9 
 315	2   4   9 
 313	2  26  33 
 315	2  26  33 
 315	6  12   1 
 317	2  15  16 
 317	2  26  32 
 319	2  15  16 
 319	2  26  32 
 317	6  28  23 
 321	2  12  25 
 323	2  12  25 
 325	2  19  25 
 327	2  12  30 
 323	2  15  22 
 325	2  15  22 
 329	2  12  30 
 327	2  15  10 
 329	2  15  10 
 327	2  26  27 
 329	2  26  27 
 331	6   2   0 
 331	2  19  25 
 333	2  26  20 
 335	2  28  25 
 337	6  33  28 
 337	2  19  30 
 339	2  26  20 
 341	2  19  30 
 337	2   4   9 
 341	2  15  17 
 337	6   7   1 
 339	6   4   3 
 343	2  15  17 
 343	2  12  24 
 343	6  33  32 
 345	2   2  16 
 345	2  12  24 
 347	2  19  24 
 347	2   2  16 
 349	6  16   3 
 355	2   7   3 
 349	2  19  24 
 351	2  32  25 
 357	2   7   3 
 353	2  32  30 
 355	2  32  30 
 357	2  32  24 
 359	6   7   3 
 359	2  32  24 
 355	6  22  16 
 361	6  21  20 
 365	2   6   7 
 367	6  10   2 
 373	2  10  16 
 373	2   6   7 
 367	6  33  25 
 373	6  33  28 
 375	2   1   7 
 377	2  18   8 
 379	6  28  22 
 379	2  12  20 
 381	2  15   9 
 381	2   1   7 
 383	2  13   7 
 385	2  13   7 
 383	2  15   9 
 385	2  10  16 
 387	6  16   8 
 379	6  31  24 
 385	6  33  30 
 391	6  34  31 
 393	2  10   2 
 395	2   3   8 
 397	6  34  29 
 397	2  12  20 
 397	2   3   8 
 399	2  19  20 
 399	2   6   8 
 401	2  10   2 
 403	2   3   2 
 403	2  10  17 
 405	2  10  17 
 403	2  28  22 
 405	2  28  22 
 401	2  19  20 
 403	2  32  20 
 403	2  12  24 
 405	2   6   8 
 407	6  27  26 
 407	2  12  24 
 407	2   1   8 
 409	2   3   2 
 411	2   6   2 
 409	2  19  24 
 409	2  15  22 
 411	2  19  24 
 411	2  15  22 
 407	6  17  11 
 413	6  31  24 
 413	2  28  33 
 415	2  27  16 
 413	2   6   2 
 417	2  27  16 
 415	2   1   8 
 419	2  12  14 
 417	2   1   2 
 419	2   3  11 
 421	2   3  11 
 419	2  28  33 
 421	2  28  29 
 421	2  12  14 
 423	6  18  12 
 423	2  32  20 
 423	2   1   2 
 423	2  28  29 
 425	2  28  20 
 423	2  10   9 
 425	2  10   9 
 429	2  19  14 
 427	2  10  22 
 429	2   3   9 
 431	2   3   9 
 425	2  32  31 
 427	2  32  31 
 431	2  19  14 
 429	6  33  28 
 433	2  13   8 
 435	2  33  20 
 435	6  17   3 
 437	2  33  31 
 439	2  18  30 
 437	6  20  14 
 441	2  10  22 
 441	2  18  30 
 441	6   6   1 
 443	2  18  25 
 445	2  18  25 
 443	2  15  28 
 445	2  15  28 
 443	6  11   4 
 447	2  19  30 
 449	2  19  30 
 449	2   1   4 
 447	6  29  23 
 451	2  13   8 
 451	2  33  31 
 451	6   4   3 
 453	2  32  20 
 455	2  15  23 
 457	2   7   8 
 457	2  32  20 
 459	2   1   3 
 457	2  17  22 
 459	2  17  22 
 459	2  33  20 
 461	6  22  10 
 461	2  18  26 
 461	2   7   8 
 463	2  32  30 
 465	2  18  26 
 467	6  16  14 
 467	2  32  30 
 463	6   6   0 
 469	6   3   1 
 473	2  18  21 
 475	6  31  21 
 481	2   3   9 
 483	2  15  23 
 475	2   0   1 
 481	2  19  25 
 477	2   0   1 
 483	2  19  25 
 479	6   6   0 
 485	2  22  28 
 485	2  13   2 
 487	2  13   2 
 489	2  13   1 
 491	2   7   2 
 487	2  15  16 
 491	2  19  26 
 489	2  22  28 
 493	2  13   1 
 491	2  17  28 
 493	2  22  23 
 495	2  22  23 
 493	2   3   9 
 495	2   6   9 
 493	2  32  25 
 495	2  32  25 
 497	6  11   3 
 503	2  15  16 
 505	2  22  16 
 497	2  19  26 
 499	2  32  26 
 501	2  32  26 
 503	2  18  31 
 505	2  33  20 
 503	2   7   2 
 507	2   6   9 
 507	2  33  30 
 509	6  29  28 
 509	2  19  31 
 511	2  19  31 
 509	2   7   1 
 509	2  15  21 
 511	2   8   2 
 513	2   8   2 
 509	2  11  10 
 511	2  15  21 
 511	2  11  10 
 515	2  17  29 
 513	2  32  31 
 513	2  15  20 
 515	2  32  31 
 515	2  13   9 
 517	6  19  14 
 523	2  18  19 
 517	2  17  23 
 519	2  22  16 
 525	2  15  20 
 527	2  22  21 
 517	2   7   1 
 527	2  18  19 
 529	2  17  23 
 529	2  14  19 
 531	2  22  21 
 531	2  14  19 
 517	6  32  30 
 523	2  33  32 
 527	6  10   3 
 527	6  32  26 
 533	6  20  15 
 533	6   3   1 
 539	2  30  19 
 539	2  11  29 
 539	2   6   1 
 541	2  13   9 
 541	6  22  21 
 543	2   7   9 
 543	2  33  25 
 545	2   7   9 
 545	2  33  25 
 547	6  17  16 
 547	2   6   1 
 549	2   8   3 
 547	2  20  26 
 549	2  20  26 
 551	2  20  25 
 551	2   8   3 
 553	2   8   9 
 555	2   2   3 
 557	2   8   9 
 551	2  33  32 
 553	2  20  25 
 553	2  33  32 
 553	2  16  17 
 555	2  16  17 
 557	2  16  22 
 555	2  33  31 
 557	2  33  31 
 549	6  12   6 
 555	6  18  12 
 559	2  20  32 
 559	2  16  22 
 559	2   2   3 
 561	2  21  15 
 561	2  13   1 
 563	2  21  15 
 563	2  30  19 
 565	2  13   1 
 567	2   7   1 
 561	2  11  29 
 565	2  21  26 
 569	2   7   1 
 563	2  11  23 
 565	2  11  23 
 567	2  21  26 
 567	2  11  17 
 569	2  11  17 
 569	2  20  32 
 571	2   2   9 
 571	2  20  31 
 567	6  29  28 
 571	6  17  11 
 577	2  17  22 
 573	2   2   9 
 579	2  17  22 
 575	2   3   9 
 573	2  33  19 
 575	2  33  19 
 577	2  20  31 
 577	2   3   9 
 579	2   8   1 
 579	2  20  19 
 581	6  32  28 
 581	2   8   1 
 583	2   2   1 
 581	2  20  19 
 587	2  18  32 
 585	2   2   1 
 589	2  18  32 
 581	2  16  15 
 583	2  16  15 
 591	2  21  25 
 593	2  21  25 
 595	2  21  28 
 587	2   3   1 
 589	2   3   1 
 597	2  21  28 
 595	2   9   1 
 597	2   9   1 
 595	6  32  18 
 601	2  13  18 
 599	2  17  15 
 601	2  17  15 
 603	6  26  15 
 603	2  13  18 
 605	6  18   6 
 609	2  16  15 
 611	2   7   6 
 611	2  16  15 
 603	6  28  23 
 609	2  32  28 
 613	2   7   6 
 611	2  32  28 
 613	2  17  15 
 613	6  32  28 
 615	2   8   6 
 617	2  17  15 
 619	6   8   6 
 625	2   6   8 
 619	6  28  16 
 625	2  16  11 
 619	6  32  25 
 625	2  28  32 
 627	6  25   7 
 627	2  16  11 
 629	2  16  22 
 633	2  13   7 
 631	2  16  22 
 635	2  13   7 
 633	2  21  31 
 635	2  21  31 
 637	6  21  13 
 643	2  25   7 
 633	6  11  10 
 645	6  34  32 
 645	2  13  19 
 645	2  21  10 
 651	2  16  26 
 653	2  28  34 
 645	2   2   8 
 647	2   2   8 
 649	2   3   8 
 651	2   3   8 
 653	2  25   7 
 655	2   6   7 
 655	2  16  26 
 657	6  29  17 
 657	2   6   7 
 659	2   2   7 
 661	2   2   7 
 657	6  33  31 
 663	2  29  34 
 663	2  13  19 
 663	2  21  10 
 665	6  32  19 
 665	2   9   8 
 667	2   9   8 
 669	2   1   8 
 671	2   1   8 
 673	2   3   7 
 665	2  28  23 
 669	2  16  15 
 671	2  21  22 
 673	2  16  15 
 667	2  29  34 
 673	2  28  23 
 675	2  21  22 
 677	2  16  34 
 671	6  25  19 
 679	6  33  28 
 685	2  33  28 
 679	2   3   7 
 681	2   9   7 
 683	2   9   7 
 685	2   1   7 
 677	6  20  19 
 685	2  20  10 
 687	2   1   7 
 687	2  20  10 
 689	2   8   7 
 689	2  20  22 
 691	2  20  22 
 691	2   8   7 
 693	2  29  23 
 693	2  21  26 
 689	6  10   3 
 695	2  16  34 
 697	6  34  32 
 697	6   8   6 
 697	6  22  16 
 703	2   8   3 
 703	2  29  23 
 703	2  21  26 
 705	2  21  15 
 707	2  21  15 
 709	2  21  32 
 711	2  33  28 
 705	2   8   3 
 711	2  20  26 
 707	2   2   3 
 709	2   2   3 
 711	2   8  16 
 703	6   6   0 
 713	2  29  28 
 713	2  20  26 
 713	2   8  16 
 715	6  14   8 
 715	2  33  34 
 715	2  22  23 
 717	2  22  23 
 719	2  29  28 
 715	2  10   3 
 717	2  10   3 
 719	6  16   4 
 721	2  33  34 
 723	2  29  34 
 715	6  26  19 
 725	2   9   3 
 727	2  20  15 
 727	2   2   4 
 729	2   2   4 
 729	2  20  15 
 731	2   9   3 
 733	2  10   4 
 735	2  10   4 
 725	2  22  28 
 727	2  22  28 
 729	2  29  34 
 731	2  14  19 
 731	2  22  34 
 733	2  14  19 
 733	2  22  34 
 735	2  14  15 
 733	6   2   0 
 737	2  21  32 
 735	6  19  12 
 739	2  21  23 
 739	2   9   4 
 741	6  12   0 
 741	2   9   4 
 743	2  14  15 
 745	2  21  23 
 741	6  32  25 
 747	2  12   0 
 747	2  20  25 
 749	2  20  25 
 749	2  12   0 
 745	6  10   8 
 747	6  23  22 
 751	2   1   3 
 751	2  14  25 
 753	6  22  20 
 753	2   1   3 
 755	2   1   4 
 757	2   1   4 
 759	6  19  12 
 759	2   8   0 
 759	2  21  28 
 761	2   2   3 
 763	2   8   0 
 765	2  14  25 
 765	2   2   3 
 761	6  34  27 
 767	6   9   7 
 773	2   2   4 
 775	2   2   4 
 777	2   9   3 
 767	2  22  20 
 769	2  22  20 
 777	2   7   0 
 771	2  21  28 
 773	2  22  28 
 773	2  14  20 
 775	2  14  20 
 775	2  22  28 
 777	2  21  27 
 779	6  26  19 
 779	2   9   3 
 779	2   7   0 
 781	2   9   4 
 783	2   9   4 
 781	2   1   0 
 783	2   1   0 
 785	2   2   0 
 787	2   2   0 
 789	2   3   4 
 791	2   3   4 
 785	2  26  15 
 787	2  26  15 
 789	2  14  28 
 791	2  26  25 
 793	2  14  28 
 795	2   8  15 
 797	2   8  15 
 795	2  26  25 
 797	2  26  20 
 799	6  19   8 
 799	2  21  27 
 801	2  22  27 
 803	2  22  27 
 789	6   6   0 
 805	6  25  18 
 805	2   7  15 
 807	2  14  27 
 811	2  26  20 
 813	2  14  27 
 807	6   3   1 
 815	2   7  15 
 815	2  19  18 
 817	2   3  15 
 817	2  19  18 
 819	6  18   7 
 825	2  18   7 
 819	2  26  28 
 819	2   3  15 
 821	2  26  28 
 823	2  26  27 
 825	2  26  27 
 821	6  15   3 
 827	6  28  27 
 827	2   9   6 
 829	2   9   6 
 827	2  19  20 
 831	2   1   6 
 829	2  19  20 
 833	6  33  19 
 833	2   2   3 
 835	2   2   3 
 837	2   1   6 
 837	2   9   3 
 839	2  26  14 
 841	2  14  26 
 843	2   9   3 
 843	2  18   7 
 845	2  18  20 
 845	2   1   3 
 847	2   1   3 
 847	2  18  20 
 849	6   6   2 
 849	2  33  27 
 851	2  33  27 
 853	2  33  28 
 849	6  20  14 
 849	6  24  18 
 855	2  33  28 
 855	2  15   7 
 857	2  15   7 
 857	6  32  24 
 859	2   6   7 
 861	2   6   7 
 863	2   9   7 
 863	2  32  27 
 865	6  18   6 
 865	2  26  20 
 865	2   4   2 
 867	2   4   2 
 869	2   4   3 
 867	2  15  14 
 871	2   4   3 
 867	2  32  27 
 869	2  32  28 
 871	2  32  28 
 869	2  15  14 
 873	2   2   3 
 871	2  18  14 
 875	2   2   3 
 873	2  15  27 
 875	2  18  14 
 877	6   7   2 
 883	2   9   2 
 885	2   9  14 
 877	2  33  22 
 885	2   1   2 
 879	2  22  33 
 881	2  33  22 
 877	6  25  18 
 883	6  34  29 
 887	2  32  21 
 887	2   1   2 
 889	2   4   2 
 889	2  15  27 
 891	6  12   1 
 891	2  15  28 
 893	2  25  27 
 893	2   9  14 
 895	2  25  27 
 895	6  16   9 
 901	2  16  27 
 897	6  19  13 
 903	2  16  27 
 905	6  26  25 
 905	2  12  14 
 907	2  12  14 
 909	2   4   2 
 911	2   7   2 
 909	2  15  28 
 911	2  15  23 
 909	6  18  12 
 913	2  21  32 
 915	2  32  21 
 913	2   7   2 
 915	2   3   2 
 917	6  25  18 
 917	2   4  14 
 919	2   4  14 
 921	2   3   2 
 921	2  23  15 
 923	6  27  20 
 923	6  10   4 
 929	6  14   7 
 935	2  14   7 
 937	2  14   7 
 939	2  15  23 
 923	6  31  18 
 941	6   8   3 
 941	2  26  28 
 947	2   8   7 
 949	2   8   7 
 951	2   2   7 
 943	2  26  28 
 953	2   2   7 
 945	2  25  20 
 947	2  25  20 
 945	2  16  28 
 947	2  16  28 
 949	2  25  28 
 951	2  10  20 
 953	2  10  20 
 955	2  25  28 
 957	2  14  20 
 959	2  14  20 
 957	2  10  28 
 959	2  10  28 
 961	2   8  20 
 963	2  16  13 
 965	6  28  21 
 965	2  10   3 
 971	2  14  21 
 973	2  14  21 
 965	2  25  19 
 975	2  13  16 
 967	6  31  30 
 977	2   8  20 
 973	6  32  31 
 979	2  19  25 
 981	2  25  19 
 979	2   8  21 
 981	2   8  21 
 983	2   2  20 
 985	2   2  20 
 987	2   3  10 
 989	2  10   3 
 987	2   7  20 
 989	2   7  20 
 991	6  32  26 
 991	2  14  18 
 993	2  18  14 
 995	2  14  18 
 991	6   3   2 
 997	6  26  12 
 987	6  29  22 
1003	2   3  21 
1005	2   3  21 
1007	2   7  21 
1009	2   7  21 
1011	2  20  21 
1011	2   7   1 
1013	2  20  21 
1007	2   3   4 
1013	2   8  12 
1011	2  32  34 
1015	2  16  13 
1013	2  34  32 
1017	2  12   8 
1019	2   1   7 
1015	2  32  34 
1021	2   7   1 
1019	2   4   3 
1021	2   3   4 
1017	2  21  26 
1019	2  26  21 
1021	2  20  22 
1023	2  22  20 
1025	2  21  26 
1025	2   8  12 
1027	2  20  22 
