   1	2   7   8 
   3	2   7   8 
   5	2   7   1 
   1	6  20  11 
   7	2   7   1 
   9	2   8   1 
   7	6  11   3 
  11	2   8   1 
  13	2   7  15 
  15	2   7  15 
  17	2   8  15 
  13	6   3   2 
  19	2   7   9 
  21	2   7   9 
  23	2   7   0 
   7	6  41  26 
  13	6  26  12 
  19	6  25  12 
  25	2   8  15 
  27	2   1  15 
  29	2   8   9 
  31	2   1  15 
  33	2   8   9 
  35	2   7   0 
  37	2   8   0 
  25	6  25  17 
  33	6  23  17 
  39	2   1   9 
  41	2   1   9 
  39	2   7  14 
  41	2   7  14 
  43	2   8   0 
  39	6  25  12 
  45	2   8  14 
  47	2   7  21 
  49	2  15   9 
  51	2  15   9 
  49	2   1   0 
  53	2   7  21 
  45	6  25  18 
  55	6   9   7 
  51	6  18  11 
   1	6  43  37 
  39	6  37  30 
   7	6  42  35 
  55	6  35  22 
  45	6  48  45 
  61	2   1   0 
  57	6  12   4 
  63	2   8  14 
  65	2   1  14 
  67	2   1  14 
  63	6  17   4 
  69	2  15   0 
  71	2   8  21 
  73	2   8  21 
  69	6  30  24 
  75	6  45  31 
  75	2  15   0 
  77	2   7   0 
  79	2   7   0 
  77	2   9   2 
  79	2   9   2 
  77	6  21  15 
  83	2   1  15 
  85	6  17   9 
  85	2  21  14 
  87	2  21  14 
  89	2   7  14 
  85	6  46  30 
  91	6  45  37 
  91	2   1  15 
  93	2   8   2 
  95	2   8   2 
  97	2   1   2 
  91	2  17  10 
  93	2  17  10 
  95	2  17  23 
  97	2  21  15 
  97	6  37  25 
  99	2   7  14 
 101	2  21  15 
  99	2   1   2 
 101	6   2   1 
 103	2   7  15 
 105	2  17  23 
 107	6  16   8 
 103	6  41  26 
 103	6  43  38 
 109	6  33  18 
 113	2   0  14 
 115	2   0  14 
 115	2  16  10 
 117	2  16  10 
 119	2   2  10 
 119	2  16  23 
 115	6  26  19 
 115	6  39  32 
 109	6  44  36 
 121	2   7  15 
 121	2   2  10 
 123	6  10   2 
 123	2   0  15 
 125	2   0  15 
 127	2  14  15 
 129	2  14  15 
 129	2  17  11 
 131	2  16  23 
 133	2  17  11 
 135	2  16  11 
 137	2  16  11 
 115	6  36  29 
 127	6  37  28 
 131	6   7   1 
 137	2  21   7 
 139	2  21   7 
 139	2  17   9 
 141	2   1   7 
 141	2  10  23 
 143	2  10  23 
 145	2  17   9 
 147	2   1   7 
 149	2   0   7 
 147	2  16   9 
 149	2  10  11 
 149	6  37  23 
 151	2   0   7 
 155	2  16   9 
 153	2  14   7 
 155	2  14   7 
 157	6   2   0 
 157	2  17  24 
 159	2  17  24 
 161	2  16  24 
 155	6  37  28 
 163	2  16  24 
 163	2  10  11 
 165	2  17  22 
 167	2  21   0 
 167	2  10   9 
 161	6  37  36 
 169	2  17  22 
 171	2  16  22 
 173	2  15   7 
 173	2  10   9 
 175	6  31  10 
 181	2  31  24 
 183	2  17  10 
 181	2  21   0 
 183	2   1   0 
 185	2   1   0 
 183	2  21  28 
 185	2  21  28 
 185	2  17  10 
 187	2  31  24 
 187	2   2   0 
 189	2   2   0 
 187	2  16  22 
 189	2  31  22 
 191	2  14   0 
 191	2  16  10 
 193	6  28  21 
 193	2  15   7 
 193	2  17  30 
 195	2  16  10 
 197	2  17  30 
 199	2  31  22 
 199	2  17  18 
 201	2  16  30 
 203	2  16  30 
 205	2  17  18 
 207	2  16  18 
 195	6   7   1 
 209	2  16  18 
 201	2   7  21 
 203	2   7  21 
 211	2  14   0 
 211	2  31  10 
 213	6  21   7 
 213	2  17  25 
 215	2  31  10 
 217	2  31  30 
 217	2  17  25 
 219	2   2   7 
 221	2  15   0 
 223	2   2   7 
 219	2  31  30 
 223	2  17  19 
 221	6  30  28 
 225	2  17  19 
 227	2  31  18 
 227	2  15   0 
 229	6  30  17 
 229	2  14   7 
 231	2   1   0 
 233	2   1   0 
 235	6  16  11 
 235	2  14   7 
 235	2  30  38 
 237	2  30  38 
 241	2  31  18 
 243	2  30  32 
 241	2  15   7 
 243	2  15   7 
 245	6   8   2 
 251	2   1   7 
 253	2   1   7 
 245	2  30  32 
 255	2   0   7 
 245	2  17  16 
 247	2  30  29 
 247	2  17  16 
 251	2  21  16 
 257	2   0   7 
 253	2  21  16 
 255	2  30  29 
 249	2  11  25 
 251	2  11  25 
 253	2  11  19 
 255	2  17   9 
 257	2  17   9 
 257	2  30  23 
 253	6  38  32 
 259	2  31  25 
 259	2   8  16 
 261	2  11  19 
 261	2  30  23 
 263	6  26  11 
 269	2  31  25 
 269	2  21   9 
 271	2  21   9 
 271	2  31  19 
 273	6  11   3 
 273	2   8  16 
 275	2  14  16 
 277	2  14  16 
 273	2  26  32 
 279	2  15  16 
 273	2  30  37 
 275	2  30  37 
 279	2  31  19 
 281	6  39  26 
 281	2   8   9 
 283	2   8   9 
 281	2  17  24 
 285	2  14   9 
 281	6  37  29 
 287	6  30  25 
 287	2  15  16 
 289	2  14   9 
 293	2  17  24 
 291	2  15   9 
 295	2  21  24 
 293	6   4   2 
 297	2  39  32 
 297	2  17  22 
 299	2  21  24 
 301	6  24   8 
 301	6  36  29 
 301	6  19  11 
 307	6  33  19 
 307	2   1  16 
 309	2   1  16 
 311	2   0  16 
 307	6  29  28 
 313	6  16   2 
 313	2  25  33 
 313	2  39  38 
 315	2  31  32 
 317	2  31  32 
 313	6  12   4 
 313	6  35  28 
 319	6  44  28 
 319	2  25  33 
 319	2  15   9 
 321	2  24   8 
 323	2  24   8 
 325	2   0   2 
 325	2  17  22 
 325	2  39  38 
 319	6  19  12 
 325	6  26  19 
 327	2  21  22 
 327	2  31  38 
 329	2  21  22 
 331	2  14   8 
 333	2  14   8 
 327	2  17  10 
 329	2  17  10 
 331	2  17  29 
 333	2  17  29 
 329	6  45  44 
 335	2  39  37 
 335	2   7   2 
 337	2   7   2 
 335	2  24  22 
 337	2  24  22 
 339	2  14  22 
 341	2  15   8 
 343	2   1   9 
 337	2  39  37 
 339	2  31  38 
 345	2   1   9 
 343	2  14  22 
 339	2  17  18 
 341	2  25  26 
 343	2  17  18 
 345	2  25  26 
 341	2  31  37 
 343	2  31  37 
 345	6  37  23 
 345	6  21  14 
 351	2  17  30 
 351	2  15   8 
 353	6  22  14 
 353	2  39  37 
 355	2  39  37 
 357	2  31  37 
 359	2  39  36 
 361	2  39  36 
 353	2   1   8 
 355	2   0   9 
 357	2   0   9 
 359	2  15  14 
 361	2   1   8 
 363	6  32  16 
 369	2  15  14 
 369	2  25  32 
 371	6  39  25 
 371	2   7   9 
 377	2  39  32 
 373	2   7   9 
 377	2  22  10 
 363	6  43  42 
 369	6  44  43 
 379	6  45  39 
 385	2  45  39 
 387	2  45  39 
 379	2  22  10 
 389	2  25  33 
 381	2   2   9 
 383	2   0   8 
 381	2  22  29 
 383	2  22  29 
 385	2   1  14 
 387	2   0   8 
 389	2  45  44 
 389	2   1  14 
 385	6  35  28 
 391	2   7   8 
 391	2  31  37 
 389	6  16  10 
 393	2   0  14 
 393	2  31  36 
 395	2  45  44 
 395	2   7   8 
 395	2  25  33 
 397	6  45  43 
 397	2   0  14 
 403	2  43  35 
 399	2   7  14 
 397	2  24  16 
 399	2  24  16 
 401	2  21  16 
 401	2  25  26 
 403	2  25  26 
 403	2  21  16 
 397	6  48  40 
 403	6  46  40 
 405	2  31  36 
 407	2  25  32 
 405	2   7  14 
 409	2  25  32 
 405	2   2   9 
 407	2  15  16 
 409	2  15  16 
 407	2  43  35 
 409	2  43  45 
 407	6   7   1 
 411	2  24  29 
 413	2  31  33 
 413	2   2   8 
 411	6  45  44 
 415	2  17  30 
 417	2  24  29 
 417	2  43  44 
 415	2   2   8 
 417	2   9   8 
 415	6  47  41 
 419	2  21  29 
 419	2   7  16 
 421	2   2  14 
 421	2  17  11 
 423	2   9   8 
 423	2  17  11 
 425	2  25  39 
 427	2  31  33 
 419	2  43  42 
 423	2  21  29 
 421	2  43  42 
 425	2   7  16 
 427	2  17  10 
 425	6  29  21 
 429	2  31  26 
 429	2  17  10 
 431	2  15  21 
 431	2  31  26 
 433	2  15  21 
 433	2  31  32 
 423	6  44  43 
 429	2  44  46 
 435	2  31  32 
 431	2  44  46 
 433	2  44  47 
 435	2  44  47 
 437	2  17  38 
 439	2   0  16 
 439	6  47  44 
 441	2   7  21 
 443	2   0  16 
 439	6  32  25 
 439	6  27  19 
 445	6  21   7 
 451	2  21   7 
 445	2  32  39 
 445	2  47  41 
 447	2  17  38 
 449	2  17  23 
 451	2  17  23 
 453	2   1  16 
 449	2  32  45 
 449	2  47  41 
 451	2  32  45 
 455	2   0   7 
 453	2  31  39 
 455	2  31  39 
 451	6  41  27 
 449	6  36  35 
 455	6  22  17 
 457	2   0   7 
 457	2  47  41 
 459	2  47  41 
 455	6  37  36 
 457	6  26  19 
 463	2  17  18 
 461	2  47  40 
 461	2  31  45 
 463	2  31  45 
 463	2  47  40 
 461	2  22  36 
 463	2   2  14 
 465	6  45  32 
 465	2   1  16 
 467	2  17  18 
 469	2   2  16 
 471	2   2  16 
 471	2  45  37 
 473	2  17  30 
 475	2  22  36 
 477	2   9  14 
 479	2  22  35 
 465	2  47  48 
 467	2  47  48 
 479	2   1   7 
 481	2   9  14 
 483	2   9  16 
 477	2  45  37 
 475	2  24  18 
 483	2   1   7 
 477	2  24  18 
 481	2  45  43 
 483	2  47  34 
 483	2  31  37 
 479	6  25  18 
 485	6  40  27 
 485	2  45  43 
 491	2  47  34 
 485	2  17  30 
 487	2   2   7 
 487	2  31  37 
 489	2   2   7 
 487	2  17  11 
 489	2  24  30 
 491	2   8  14 
 491	2  24  30 
 493	6  31  28 
 499	2  47  26 
 493	2   9  16 
 495	2   9   7 
 499	2  22  35 
 497	2   9   7 
 501	6  25  22 
 507	6  16   0 
 507	2  47  26 
 513	2   8  14 
 509	2  25  33 
 513	2  17  11 
 515	2  25  33 
 507	2  28  43 
 513	2  29  22 
 517	2  24  11 
 509	2  45  42 
 515	2   8   0 
 519	2  24  11 
 511	2  45  42 
 513	2  45  46 
 521	2  17  10 
 515	2  29  22 
 521	2  29  30 
 523	2  15  22 
 515	2  45  46 
 517	2  45  44 
 519	2  45  44 
 525	2  15  22 
 523	2  17  10 
 521	2  45  40 
 521	2  25  19 
 523	2  25  19 
 523	2  45  40 
 525	2  24  10 
 523	6  36  28 
 527	2   8   0 
 527	2  24  10 
 525	6  45  40 
 529	2  29  30 
 529	2  25  18 
 529	2  14   0 
 529	6   9   2 
 531	2  21  22 
 531	2  25  18 
 533	2  25  39 
 535	2  25  39 
 535	2  15  30 
 537	6  29  17 
 543	2  25  32 
 545	2  29  38 
 537	2  40  41 
 547	2  15  30 
 539	2  40  41 
 543	2  17  11 
 547	2  25  32 
 545	2  17  11 
 547	2  17  10 
 549	6  33  31 
 549	2  21  22 
 551	2  16  22 
 553	2  14   0 
 549	2  36  43 
 551	2  36  42 
 553	2  36  42 
 553	2  17  10 
 547	6  46  45 
 555	2   8   7 
 555	2  29  38 
 555	6  11  10 
 557	2   8   7 
 559	2  14   7 
 557	2  29  23 
 557	2  40  27 
 559	2  24  38 
 559	6  43  36 
 561	2  40  27 
 561	2  15  10 
 563	2  14   7 
 563	2  24  38 
 563	2  40  48 
 565	6  22  10 
 571	2  29  23 
 573	2  16  10 
 565	2  40  48 
 567	2  40  34 
 575	2   1  10 
 575	2  15  22 
 569	2  40  34 
 577	2   1  10 
 579	2   0   7 
 577	2  24  23 
 581	2   0   7 
 565	2  43  45 
 567	2  43  45 
 579	2   9  10 
 581	2   9  10 
 569	2  43  44 
 571	2  43  44 
 573	2  43  46 
 575	2  40  26 
 577	2  40  26 
 579	2  40  33 
 577	2  29  28 
 579	2  21  30 
 581	2  40  33 
 581	2  21  30 
 579	6  19  18 
 583	2  16  30 
 575	6  45  43 
 581	2  45  46 
 585	6  11   9 
 585	2  21  22 
 587	2  21  22 
 589	2  24  23 
 591	2   2  10 
 589	2  29  28 
 591	2  29  35 
 583	6  47  45 
 593	2  16  30 
 595	2  15   9 
 595	2  29  35 
 589	2  47  41 
 591	2  47  41 
 591	6  32  25 
 593	6  47  41 
 597	2  29  31 
 597	2  15   9 
 593	6   4   3 
 599	6  14   1 
 599	2  41  27 
 601	2  41  27 
 603	2  41  48 
 605	2  41  48 
 599	2  17  38 
 607	2  41  34 
 601	2  17  38 
 605	2  16  22 
 607	2  21   9 
 609	2  16  22 
 609	2  41  34 
 603	2  32  37 
 605	2  32  37 
 607	6  45  32 
 611	2  21   9 
 613	6  38  29 
 613	2  41  26 
 613	2  16   9 
 615	2  41  26 
 617	2  41  33 
 615	2   2  10 
 617	2  16   9 
 599	6   5   4 
 617	6  25  18 
 619	2  41  33 
 619	2  14  30 
 621	2  38  31 
 621	2  15  29 
 623	6  38  25 
 629	2  14  30 
 631	2  14  22 
 631	2  25  38 
 619	6  10   2 
 625	6  11  10 
 605	6  13   5 
 617	6  20  13 
 623	6  34  27 
 629	6  40  34 
 633	2  45  36 
 633	2  14  22 
 635	6  39  27 
 635	2  17  23 
 635	2   8   2 
 637	2  14   9 
 641	2  41  20 
 639	2  15  29 
 641	2  45  36 
 641	2   8   2 
 641	2  17  23 
 643	6  30  16 
 649	2  10  16 
 643	2   1   2 
 645	2   1   2 
 651	2  15  23 
 651	2   0   2 
 653	2  15  23 
 653	2   0   2 
 643	2  41  20 
 649	2  25  38 
 651	2  45  42 
 653	2  45  42 
 655	2  45  43 
 651	2  25  19 
 657	2  45  43 
 659	2  45  44 
 653	2  25  19 
 655	2  10  16 
 657	2  11  16 
 659	2  11  16 
 655	2  21  29 
 661	2  45  44 
 663	2  45  46 
 657	2  21  29 
 659	2  30  29 
 661	2  10  22 
 665	2  45  46 
 667	2  45  47 
 663	2  10  22 
 665	2  25  27 
 669	2  45  47 
 671	2  45  40 
 665	2  30  29 
 665	2  14   9 
 667	2  10   9 
 667	2  21  23 
 669	2  10   9 
 669	2  21  23 
 671	2  30  23 
 673	2  30  23 
 671	2   7   2 
 673	2   7   2 
 675	2   8  16 
 671	2  25  27 
 677	2   8  16 
 673	2  25  18 
 675	2  25  18 
 673	2  45  40 
 675	2  45  48 
 677	2  25  37 
 671	6  28  21 
 679	6  45  40 
 685	2  40  48 
 679	2  24  21 
 681	2  24  21 
 683	2  14  29 
 685	2  14  29 
 683	6  11   9 
 687	2  40  39 
 679	6  27  20 
 683	6  31  25 
 679	6  43  42 
 685	6  44  42 
 689	2  40  39 
 689	2   9  22 
 685	6  20  13 
 691	6  22  14 
 691	2  31  37 
 693	2  31  36 
 695	2  31  36 
 697	2  31  43 
 699	2   1  16 
 699	2  40  26 
 701	6  40  26 
 701	2   1  16 
 707	2  26  40 
 703	2   0  16 
 705	2   9  14 
 707	2   8  14 
 709	2   9  11 
 709	2  26  33 
 707	2  22  23 
 709	2  22  23 
 699	6  42  37 
 705	6  36  35 
 705	6  38  31 
 711	6  11   3 
 711	2  24  36 
 713	2  24  36 
 711	2   8  14 
 713	2   1  14 
 715	2   1  14 
 715	2  24  25 
 715	2  38  43 
 717	6  29  17 
 723	2   0  16 
 725	2   0  14 
 725	2   9   3 
 727	2   7  16 
 717	2  26  33 
 719	2  26  27 
 721	2  26  27 
 729	2  24  25 
 731	2   7  16 
 733	2   2  16 
 735	2   8   3 
 717	2  38  44 
 737	2   8   3 
 731	2  26  20 
 733	2  26  20 
 719	2  38  44 
 723	2  38  37 
 727	2  29  21 
 725	2  38  37 
 727	2  38  46 
 729	2  38  46 
 729	2  29  21 
 739	2  15  21 
 731	2  38  47 
 731	2  29  36 
 733	2  29  36 
 733	2  38  47 
 735	2  24  31 
 737	2  38  45 
 739	2  24  31 
 741	2   2  16 
 741	2  38  45 
 735	6  26  13 
 735	6  48  40 
 735	6  43  42 
 741	6  30  29 
 743	2   0  14 
 747	2  24  19 
 749	2  10  17 
 745	2   7  14 
 751	2  10  17 
 749	2  38  40 
 747	2  15  21 
 749	2  28  21 
 751	2  38  40 
 751	2  28  21 
 745	6   2   1 
 749	6  23  15 
 753	2   2   3 
 753	2  38  39 
 755	6  40  38 
 761	2  40  39 
 763	2  40  48 
 755	2  29  21 
 755	2   9  17 
 757	2   9  17 
 757	2  29  21 
 759	2  10  15 
 761	2  23  36 
 763	2  30  25 
 761	2   7  14 
 761	2   2   3 
 763	2   0   3 
 763	6  45  43 
 765	2   0   3 
 765	2  30  25 
 765	2  40  48 
 767	2   8  17 
 767	2  30  31 
 767	2  40  33 
 767	2  22  21 
 769	6   3   0 
 769	2  23  36 
 771	2  24  19 
 775	2   1  14 
 777	2   7   0 
 779	2   1  14 
 769	2  40  33 
 773	2  23  25 
 771	2  28  36 
 773	2  28  36 
 775	2  23  25 
 777	2  40  27 
 777	2  30  31 
 779	2  40  27 
 779	2  29  36 
 779	2  23  31 
 777	6  17  10 
 781	2  22  21 
 781	2   7   0 
 783	6  30  25 
 789	2  28  30 
 783	2   1   0 
 791	2  28  30 
 785	2   8  10 
 789	2  17  15 
 791	2   9  15 
 787	2   1   0 
 791	2  25  19 
 781	6  45  39 
 787	6  40  34 
 793	6  32  19 
 793	2  16  14 
 795	2   2  10 
 799	2  34  20 
 793	2  29  36 
 795	2  22  36 
 797	2   9  15 
 799	2   2  10 
 801	2   3  10 
 799	2   8  15 
 803	2   3  10 
 801	2  24  26 
 801	2   8  15 
 803	2  34  20 
 803	2  23  31 
 797	6  44  28 
 803	6  46  44 
 805	2   2  15 
 807	2   2  15 
 805	2  29  30 
 805	2  25  32 
 807	2  24  26 
 807	6  35  28 
 809	2  46  31 
 809	2   3  15 
 811	2  46  31 
 811	2   3  15 
 809	6  34  19 
 813	2  22  36 
 813	6  10   9 
 815	2  19  12 
 815	2  23  32 
 817	2  19  12 
 817	2  23  32 
 819	6  46  40 
 819	2  16  14 
 821	2  16   0 
 823	2   7   9 
 825	2   7   9 
 819	2  25  26 
 823	2  29  30 
 821	2  25  26 
 823	2  24  18 
 825	2  22  30 
 825	2  40  32 
 827	2   1   9 
 827	2  24  18 
 827	6  38  29 
 829	2  25  18 
 829	2   1   9 
 831	2   7  15 
 831	2  25  18 
 827	6  40  33 
 833	6  29  28 
 833	2   7  15 
 833	2  24  39 
 835	2  16   0 
 837	2  14   0 
 837	2  24  39 
 833	6  44  42 
 839	2  23  26 
 841	6  36  24 
 847	2  38  31 
 849	2  33  32 
 851	2  25  39 
 847	2  36  29 
 841	2  14   0 
 847	2  16   9 
 849	2  16   9 
 853	2  38  31 
 851	2  14   9 
 849	2  36  29 
 853	2  14   9 
 855	2   1  15 
 855	2  38  32 
 857	6  21   8 
 857	2  25  39 
 863	2   0   9 
 865	2   0   9 
 857	2  36  44 
 859	2  38  32 
 861	2  36  44 
 863	2  36  35 
 863	2  22  30 
 865	2  36  35 
 861	6  32  18 
 867	2  22  31 
 859	6  47  46 
 867	6  46  44 
 869	2  17   8 
 871	2  17   8 
 873	2  36  37 
 873	2  10   8 
 875	2  10   8 
 875	2  36  37 
 873	6  25  23 
 877	2  36  42 
 873	6  48  47 
 879	2  36  42 
 879	2   1  15 
 879	2  17  24 
 879	6  47  40 
 881	2  36  44 
 881	2  22  31 
 883	2  36  44 
 883	2  21   8 
 883	2  25  26 
 885	6  40  38 
 885	2  17  24 
 891	2  33  26 
 885	2  21   8 
 887	2   2   8 
 889	2   2   8 
 893	2  25  32 
 885	2  36  43 
 887	2  23  29 
 889	2  23  29 
 891	2   3   8 
 891	2  36  43 
 893	2   3   8 
 893	2  36  28 
 891	6  30  23 
 895	2   7   8 
 895	2  33  26 
 895	2  36  28 
 895	6  18  10 
 897	2  30  46 
 899	2  30  46 
 901	2  36  45 
 903	2  36  45 
 897	2   7   8 
 901	2  25  32 
 903	2  40  26 
 901	2  17  23 
 905	2  36  38 
 903	2  16  15 
 905	2  16  15 
 907	2  14  15 
 907	2  17  23 
 907	2  40  26 
 901	6   3   2 
 907	6  45  36 
 909	2  14  15 
 911	2   0  15 
 909	2  33  32 
 909	2  18  24 
 911	2  33  32 
 911	2  18  24 
 913	6  41  27 
 913	2  22  10 
 913	2  45  38 
 915	2  17  31 
 917	2  17  31 
 919	2  22  10 
 921	2   1   8 
 923	2   1   8 
 921	2  21  24 
 919	2  45  47 
 921	2  45  47 
 923	2  21  24 
 923	6  46  45 
 925	2   3  24 
 927	2  17  10 
 927	2  40  32 
 927	2  30  35 
 919	6  27  20 
 925	6  34  27 
 929	2  18  23 
 929	2  40  32 
 931	6  20  12 
 931	2  30  35 
 933	2   0  15 
 935	2  16   8 
 931	2  25  39 
 933	2  25  39 
 935	2  33  39 
 933	2  30  37 
 935	2  30  37 
 937	6  25  22 
 937	2  46  41 
 939	2  46  41 
 941	6  46  41 
 943	2   3  24 
 945	2  25  26 
 945	2  30  42 
 945	2   9  15 
 945	6  13  11 
 947	2  22  29 
 947	2  16   8 
 949	2  22  29 
 947	2  41  34 
 949	2  14   8 
 951	2   9  15 
 953	2  17  10 
 949	2  33  39 
 951	2  25  26 
 951	2  30  42 
 953	2  30  44 
 953	2  14   8 
 951	2  40  39 
 953	2  25  32 
 953	2  41  34 
 955	6  24   3 
 955	2  40  39 
 961	6  26  17 
 961	2   0   8 
 963	2   0   8 
 961	2   2   3 
 961	2  30  44 
 967	2  18  23 
 969	2  26  17 
 963	2   2   3 
 971	2  26  17 
 957	6  47  46 
 963	6  45  37 
 963	6  47  40 
 965	6   7   1 
 969	6  45  29 
 973	2   9   8 
 975	2   1   3 
 975	2  30  43 
 973	2  41  20 
 973	2  25  32 
 975	2  26  32 
 975	6  41  34 
 977	2  18  31 
 979	2  26  32 
 981	2  34  20 
 981	2  25  39 
 977	2   1   3 
 979	2   9   8 
 981	2  15   8 
 979	2  30  43 
 981	2  30  28 
 981	6  43  42 
 983	2  21  23 
 985	2  21  23 
 983	2  34  13 
 985	2  34  13 
 983	6   3   1 
 987	2  18  31 
 987	6  36  22 
 993	2  30  28 
 995	2  24  23 
 989	2   7   1 
 989	2  18  10 
 995	2  36  37 
 993	2  15   8 
 995	2   7   1 
 991	2  18  10 
 983	6  46  45 
 997	2  24  23 
 999	2   2  23 
1001	2   2  23 
1003	2  18  17 
1005	2  16   1 
1003	2  36  37 
 989	2  33  46 
1007	2  16   1 
1009	2  14   1 
1011	2  14   1 
1005	2  36  35 
 991	2  33  46 
 993	2  47  46 
1005	2  25  39 
1007	2  26  39 
1009	2  47  46 
1007	2  36  35 
1009	2  36  29 
1013	2   0   1 
1015	2   0   1 
1017	2   9   1 
1011	2  25  46 
1019	2   9   1 
1011	2  36  29 
1013	2  30  22 
1013	2  36  43 
1015	2  30  22 
1013	2  26  39 
1015	2  18  17 
1017	2  18  32 
1019	2  18  32 
1015	2  36  43 
1017	2  36  44 
1019	2  36  44 
1017	6  23  21 
1021	2  36  42 
1023	6  21   7 
1023	2  18  39 
1023	2  36  42 
1025	2  18  39 
1027	2  23  31 
1021	6   3   2 
1027	6  46  33 
1029	2   2   7 
1031	2   2   7 
1029	2  23  31 
1033	2  23  10 
1035	2  23  10 
1037	2  24  31 
1037	2  15   1 
1039	2  23  17 
1029	2  36  28 
1041	2  15   1 
1031	2  36  28 
1039	2  46  37 
1041	2  24  31 
1033	6  42  35 
1033	6  33  26 
1041	6  46  43 
1047	2  43  37 
1043	2   8   1 
1049	2  43  42 
1045	2   8   1 
1047	2  21   7 
1049	2  21   7 
1043	2  24  10 
1045	2  24  10 
1047	2  23  17 
1047	2  25  26 
1049	2  24  17 
1049	2  33  26 
1051	2  23  32 
1051	2  43  42 
1047	6  12   3 
1049	6  45  37 
1053	2  33  26 
1053	2  24  17 
1053	6  12  11 
1055	2  43  29 
1055	2  16   7 
1057	2  43  29 
1057	2  16   7 
1055	6  31  25 
1059	2  36  22 
1059	2  47  45 
1053	6   3   2 
1059	6  12   3 
1061	2  47  45 
1065	2  11  25 
1063	2  30  38 
1061	2  14   7 
1065	2  43  46 
1063	2  14   7 
1065	2   0   7 
1065	6  21  16 
1067	2  31  45 
1067	2  18  26 
1067	2   0   7 
1069	2  43  46 
1069	2  11  25 
1071	6  47  46 
1071	2  18  26 
1071	2  43  44 
1073	2  43  44 
1075	2  43  35 
1077	2  43  35 
1073	2  23  32 
1075	2  24  32 
1075	2   9   7 
1077	2   9   7 
1077	2  30  38 
1077	2  12  25 
1079	2  31  45 
1079	2  11  10 
1081	2  24  32 
1079	2  36  22 
1081	2  15   7 
1081	2  11  10 
1081	2  43  28 
1081	6  46  45 
1083	2  15   7 
1083	2  12  25 
1085	2  16  25 
1083	2  43  28 
1085	2  30  37 
1087	6  25  23 
1087	2   8   7 
1089	2   8   7 
1087	2  45  42 
1089	2  45  42 
1091	2   1   7 
1091	2  36  38 
1087	2  12  10 
1089	2  12  10 
1093	6  23  15 
1093	2  36  38 
1095	2  25  39 
1099	2  43  22 
1101	2   1   7 
1097	2  25  39 
1099	2  33  46 
1101	2  11  17 
1101	2  25  26 
1101	2  45  29 
1103	6  19  12 
1103	2  30  37 
1103	2  33  46 
1105	2  36  37 
1103	2  16  15 
1105	2  24  39 
1107	2  24  39 
1109	2  16  10 
1111	2  11  17 
1109	2  25  26 
1113	2  19  17 
1115	2  16  10 
1107	2  36  37 
1109	2  45  29 
1111	2  45  47 
1113	2  45  47 
1115	2  45  44 
1111	6  21   7 
1111	6  42  35 
1111	6  31  30 
1117	6  34  31 
1117	2   7  15 
1119	2   7  15 
1123	2  24  26 
1121	2  14  15 
1123	2  14  15 
1123	2  45  44 
1117	6  35  28 
1117	6  10   2 
1125	6  45  36 
1125	2  34  40 
1127	2  34  40 
1131	2  36  42 
1125	2   7   2 
1127	2   7   2 
1133	2  36  42 
1131	2  45  40 
1133	2  34  41 
1135	2  45  40 
1135	2  30  28 
1137	2  34  41 
1125	2  19  17 
1127	2  16  17 
1129	2  16  17 
1131	2   0  15 
1133	2   0  15 
1135	2   9  15 
1137	2   9  15 
1137	2  30  28 
1131	6  25  11 
1139	2  43  22 
1141	2  24  26 
1141	2  36  35 
1143	2  43  38 
1143	2  23  15 
1145	2  23  15 
1145	2  36  35 
1143	2  34  20 
1145	2  34  20 
1145	2  25  32 
1145	6  47  45 
1147	2  36  22 
1149	2  14   2 
1147	2  25  32 
1149	2  19  32 
1151	2  36  22 
1151	2  25  39 
1151	6  34  20 
1153	2  30  29 
1155	2  43  38 
1153	2  14   2 
1155	2   8  15 
1157	6  33  19 
1157	2  36  38 
1157	2   0   2 
1159	2  36  38 
1159	2   0   2 
1161	2  30  29 
1161	2   9   2 
1157	6  21  14 
1161	6  45  43 
1163	2  20  13 
1163	2   9   2 
1163	2  47  41 
1165	2  23   2 
1167	2  30  43 
1167	2   8  15 
1169	2  45  37 
1165	2  47  41 
1167	2  47  34 
1165	2  20  13 
1169	2  47  34 
1171	2  30  43 
1169	2   1  15 
1171	2   1  15 
1171	2  33  32 
1167	6  17  10 
1171	6  47  41 
1173	2  16  32 
1175	2  16  32 
1177	2   7  10 
1179	2   7  10 
1173	2  45  37 
1177	2  30  44 
1179	2  30  44 
1167	6  20  13 
1177	6  46  40 
1181	2  14  15 
1181	2  30  42 
1181	6  19  18 
1183	2  30  42 
1183	2  14  15 
1185	2  30  35 
1183	2  45  46 
1185	2  45  46 
1181	6  10   9 
1183	6  40  34 
1187	2  23   2 
1185	6  14   7 
1189	2  19  34 
1189	2  45  47 
1191	2  19  34 
1191	2  45  47 
1189	2  30  35 
1191	2  21   9 
1191	6  32  24 
1193	2  21   9 
1193	2  36  37 
1195	2  36  37 
1195	2   0   9 
1193	6  34  20 
1197	2   0   9 
1199	2   8   2 
1201	2  10   9 
1199	2  45  40 
1197	2  30  22 
1199	2  30  22 
1201	2  45  40 
1197	6  43  36 
1201	6  24  22 
1203	2  11  20 
1203	2   8   2 
1205	2  11  20 
1207	2  14  22 
1205	2   1   2 
1207	2  10   9 
1209	2  14  22 
1203	2  41  34 
1207	2  32  20 
1209	2   1   2 
1211	2  23   9 
1209	2  43  46 
1209	2  41  34 
1211	2  43  46 
1211	6  14   0 
1213	2  32  20 
1215	2  23   9 
1213	6  44  43 
1217	2  25  39 
1217	2   8   9 
1217	2  21  22 
1215	6  48  34 
1219	2  21  22 
1219	2  30  38 
1219	2   8   9 
1221	6  31  18 
1221	2  14  22 
1221	2   1   9 
1223	2  14  22 
1223	2   1   9 
1225	2   7   2 
1219	6  42  35 
1221	6  46  44 
1225	6  22  16 
1227	2  46  47 
1229	2  46  47 
1227	2   7   2 
1227	2  25  26 
1229	2  25  26 
1231	6  31  28 
1237	2  30  38 
1237	2  25  20 
1237	2  15   2 
1239	6  25  19 
1245	2  19  20 
1239	2  45  48 
1241	2  30  37 
1239	2  10  16 
1241	2  10  16 
1243	2  15   2 
1245	2  23  16 
1247	2   7   9 
1247	2  30  37 
1241	2  46  40 
1243	2  46  40 
1245	2  33  39 
1247	2  33  39 
1249	2   7   9 
1249	2  28  31 
1247	6  18  11 
1251	2  30  44 
1253	2  28  31 
1255	6  44  30 
1255	2  15   9 
1261	2  44  30 
1263	2  28  29 
1257	2  15   9 
1263	2  23  16 
1265	2  28  29 
1265	2   2   9 
1255	2  33  26 
1257	2  33  26 
1259	2  33  20 
1261	2  33  20 
1263	2  25  31 
1265	2  25  31 
1263	6  45  40 
1267	2  28  36 
1267	2   2   9 
1267	6  31  25 
1273	2  18  25 
1275	2  18  25 
1269	2  40  48 
1271	2  46  48 
1269	2  28  36 
1269	2   8  16 
1271	2   8  16 
1273	2   1  16 
1275	2   1  16 
1277	2   7  16 
1277	2  32  25 
1279	2   7  16 
1281	2  15  16 
1283	2  15  16 
1271	2  28  43 
1273	2  28  43 
1275	2  44  47 
1285	2   2  16 
1275	2  28  35 
1277	2  28  35 
1277	2  44  47 
1279	2  31  29 
1281	2  32  25 
1283	2  31  29 
1285	2  19  25 
1279	2  44  45 
1281	2  44  45 
1285	2  28  42 
1283	2  46  48 
1287	6  39  36 
1287	2   2  16 
1293	2  22  36 
1293	2  31  39 
1295	6  29  24 
1287	6  26  19 
1301	2   9  16 
1301	2  18  24 
1301	2  28  42 
1293	6  48  47 
1281	6   7   0 
1295	6  14   7 
1303	6  19   3 
1303	2  44  47 
1305	2  22  36 
1307	2  28  29 
1309	2  28  29 
1309	2   9  16 
1305	2  31  39 
1309	2  18  24 
1307	2  44  47 
1309	6  43  38 
1311	2  26  25 
1313	2  33  25 
1309	6  48  47 
1311	6  15   3 
1315	2  31  38 
1317	2  22  15 
1317	2  18  39 
1315	6  36  28 
1319	2  22  15 
1319	2  32  24 
1321	6  37  35 
1321	2  32  24 
1323	2  26  24 
1325	2  33  25 
1319	6  10   9 
1325	6  22   9 
1327	2  31  38 
1329	2  31  37 
1331	6  37  31 
1337	2  37  31 
1331	2  14  28 
1333	2  14  28 
1335	2  21  28 
1337	2  21  28 
1325	6  20   5 
1319	6  47  46 
1327	6  25  18 
1329	6  46  45 
1331	6  10   9 
1339	2  26  24 
1339	2  36  43 
1339	2  14  15 
1341	2   7  28 
1341	2  25  39 
1341	2  10   5 
1343	6  38  25 
1343	2  36  43 
1345	2   7  28 
1347	2  22  28 
1349	2  37  42 
1349	2  32  39 
1349	2  10   5 
1349	2  14  15 
1351	2  22  28 
1351	2  38  25 
1351	6   5   2 
1353	2  37  42 
1355	2  36  35 
1353	2  32  39 
1355	2  33  24 
1357	6  39  27 
1357	2  14   2 
1357	2  36  35 
1359	2  21  15 
1359	2  10  18 
1359	2  36  30 
1361	2  21  15 
1363	2   7  15 
1365	2   7  15 
1367	2  22  15 
1361	2  10  18 
1369	2  22  15 
1361	2  36  30 
1363	2  38  25 
1365	2  38  31 
1365	2  26  27 
1367	2  32  25 
1369	2  33  24 
1367	2  36  45 
1369	2  36  45 
1359	6   2   1 
1367	6   7   1 
1371	2  26  27 
1371	2  38  31 
1371	6  18  10 
1373	2  14   7 
1373	2  33  27 
1373	2  37  29 
1375	2  21   7 
1375	2  33  27 
1375	6  38  36 
1381	2  37  29 
1383	2  23  28 
1381	2  32  25 
1383	2  37  43 
1383	2  26  25 
1377	6  14   8 
1385	2  26  25 
1385	2  21   7 
1385	2  37  43 
1383	6  48  39 
1387	2   8  10 
1387	2  36  42 
1387	6  23  21 
1389	2  38  46 
1389	2  33  25 
1389	2   8  10 
1391	2   1   7 
1393	2  32  31 
1395	2  32  31 
1393	2   1   7 
1389	2  36  42 
1393	2  36  29 
1395	2  22   7 
1391	6  27  11 
1395	6  44  42 
1397	2  21  28 
1401	2  36  29 
1399	2  21  15 
1401	2  38  46 
1397	2  18  24 
1401	2  21  15 
1399	2  18  24 
1401	2  33  25 
1397	6  10   9 
1403	2  14  28 
1403	2  38  39 
1403	2  23   9 
1405	2  22   7 
1403	2  18  11 
1405	2  32  44 
1407	2  36  43 
1407	2   8  24 
1409	6  46  44 
1409	2  14  28 
1409	2  26  31 
1411	2  18  11 
1411	2  23   9 
1413	2   8  24 
1415	6  46  40 
1415	2   8  11 
1417	2  14  15 
1419	2  14  15 
1417	2   1   9 
1415	2  37  35 
1417	2  37  35 
1419	2  36  43 
1415	2  23  24 
1419	2   1   9 
1421	2  36  35 
1423	2  36  35 
1417	2  18  25 
1419	2  26  31 
1421	2  23  24 
1421	2   8  11 
1423	2  23  11 
1425	2  23  11 
1421	2  32  40 
1427	2  26  40 
1427	2  21   7 
1427	2  37  30 
1427	6  16   2 
1429	2  33  31 
1429	2  21   7 
1431	2  14   7 
1431	2  37  30 
1431	2  18  25 
1433	6  32  31 
1439	2  26  40 
1441	2  33  32 
1443	2  18  32 
1433	2  37  45 
1445	2  33  40 
1447	2  33  40 
1435	2  37  45 
1433	2  22   9 
1435	2  22   9 
1439	2  36  30 
1441	2  37  44 
1445	2  31  29 
1437	2  14   7 
1447	2  31  29 
1437	6   2   1 
1443	6  14   0 
1443	6   3   2 
1449	6  40  26 
1449	2  16  28 
1449	2  37  44 
1451	2  16  28 
1453	2  14  28 
1451	6  37  31 
1455	2  14  28 
1453	6  11  10 
1457	2  16  15 
1457	2  37  43 
1459	6  24   8 
1459	2  37  43 
1455	6  46  40 
1465	2  37  35 
1467	2  36  30 
1465	2   3   8 
1467	2   3   8 
1469	2  21   9 
1471	2  18  32 
1471	2  36  45 
1471	2  16  15 
1471	6   2   0 
1473	2  18  26 
1473	2  14  15 
1477	2   3  10 
1475	2  14  15 
1473	2  37  35 
1479	2   3  10 
1475	2  24  25 
1477	2  24  25 
1479	2  23  25 
1475	2  36  45 
1477	2  36  44 
1479	2  36  44 
1477	2  38  39 
1477	6  14   0 
1481	2  23  25 
1483	6  19   3 
1483	2  37  30 
1485	2  37  30 
1483	2  24  32 
1485	2  24  32 
1483	2  14  28 
1489	2  18  26 
1487	2  31  39 
1485	2  14  28 
1489	2  31  39 
1489	2  21   9 
1491	6  32  17 
1491	2  37  45 
1493	2  37  45 
1491	2  22   8 
1493	2  14  15 
1495	2  22   8 
1495	2  37  44 
1489	6  12   5 
1497	2  21   8 
1497	2  23  17 
1497	2  37  44 
1499	6  44  29 
1499	2   2   9 
1501	2   2   9 
1499	2  14  15 
1499	2  19  25 
1501	2  19  25 
1503	2  24  26 
1505	6  33  31 
1505	2  46  44 
1505	2  16   7 
1507	2  16   7 
1507	2  46  44 
1509	2  21   8 
1503	6  12  11 
1505	6  42  35 
1509	6  46  44 
1511	2  22  10 
1511	2   0   7 
1513	2  24  26 
1513	2   0   7 
1513	6  21  15 
1515	2  44  43 
1519	2  14   7 
1519	2  16   9 
1515	2  31  46 
1517	2  31  46 
1517	2  44  43 
1519	2  31  43 
1515	6  26  18 
1519	6  46  40 
1521	2  22  10 
1523	2   2   8 
1521	2  44  42 
1523	2  31  43 
1525	6  25  23 
1525	2  44  42 
1525	2   2   8 
1527	2  14   7 
1531	2  25  17 
1531	2  22  23 
1533	6  36  31 
1533	2  26  40 
1533	2  16   9 
1535	2  15  10 
1535	2  26  40 
1537	2  15  10 
1529	6   1   0 
1537	6  40  26 
1539	2   1   9 
1539	2  22  23 
1543	2  25  18 
1545	2  19  17 
1547	2   1   9 
1541	2  44  30 
1547	2  25  18 
1549	2  14   9 
1543	2  31  39 
1543	2  36  42 
1545	2  44  30 
1547	2  36  42 
1551	2  19  17 
1549	2  36  30 
1551	2  31  39 
1553	2   2  10 
1547	2  44  45 
1555	2   2  10 
1549	2  44  45 
1551	2  44  29 
1553	2  24  26 
1555	2  24  26 
1553	2  37  39 
1555	2  44  29 
1551	6  14   7 
1555	6  46  40 
1557	2  15  23 
1559	2   7   9 
1561	2  16   8 
1557	2  19  18 
1559	2  25  26 
1561	2  19  18 
1559	2  36  30 
1561	2  46  43 
1557	6  28  21 
1561	6  31  24 
1563	2  36  45 
1563	2  16   8 
1565	2  36  45 
1565	2   1   8 
1565	2  16  10 
1567	2  25  26 
1567	2  36  29 
1567	2  15  23 
1567	6  46  45 
1569	2   1   8 
1571	2   7   8 
1569	2  22  17 
1569	2  19  26 
1571	2  22  17 
1571	2  19  26 
1569	6  37  31 
1575	2  45  43 
1575	2   2  23 
1577	6  11   2 
1577	2  37  43 
1579	2  37  43 
1581	2  45  42 
1577	6  24  22 
1583	6  15  10 
1589	2   7   8 
1589	2  10  17 
1583	2  45  42 
1585	2  37  42 
1587	2  37  42 
1589	2  45  30 
1583	6  32  25 
1589	6  26  25 
1591	2  45  30 
1591	2  16  15 
1593	2  36  29 
1593	2   1  15 
1593	2  10  17 
1593	2  31  39 
1595	6  44  32 
1595	2   1  15 
1597	2   7  15 
1601	2  44  43 
1599	2   7  15 
1603	2  45  46 
1601	2  11  23 
1603	2  11  17 
1603	2  37  30 
1597	6   2   1 
1603	6  14   1 
1609	2  14  21 
1605	2  11  17 
1611	2  14  21 
1607	2  24  18 
1605	2  45  46 
1605	2  37  30 
1607	2  32  39 
1607	2  44  43 
1609	2  44  42 
1609	2  32  39 
1609	2  24  18 
1611	2  44  42 
1611	2  16  23 
1611	2  10  18 
1613	6  12  10 
1613	2  37  46 
1615	2  45  29 
1613	2  24  25 
1615	2  24  25 
1617	2  45  29 
1613	6   8   7 
1619	2  14  28 
1619	2  16  23 
1619	2  37  46 
1619	2  12  18 
1621	6  32  19 
1621	2  16  17 
1621	2  37  29 
1623	2  16  17 
1623	2  37  29 
1625	2  14  28 
1625	6  16  10 
1627	2  12  25 
1627	2  14   1 
1629	2  14   1 
1631	2  16  21 
1633	2  14   9 
1635	2  14   9 
1633	2  36  39 
1635	2  44  30 
1635	2  12  25 
1637	6  37  32 
1637	2  16  21 
1639	2   0  21 
1641	2   0  21 
1637	2  11  18 
1643	2  16  28 
1645	2  16  28 
1647	2  44  30 
1647	2  11  18 
1649	2  37  43 
1649	2  16   1 
1649	2  11  25 
1647	6  28  21 
1651	2  16   1 
1651	2  37  43 
1651	2  11  25 
1653	6  25   4 
1653	2   0  21 
1653	2  37  42 
1655	2  37  42 
1657	2  37  30 
1653	2  16   9 
1655	2   0  21 
1657	2   0   1 
1657	2  28  21 
1655	2  16   9 
1659	2  14   7 
1659	2   2  23 
1661	2  28  21 
1661	2   0   1 
1661	2  10  18 
1659	2  44  46 
1661	2  44  46 
1663	6  38  24 
1663	2  14   7 
1665	2   0   9 
1667	2  14  15 
1663	6  12  11 
1669	6  38  35 
1669	2  16   7 
1675	2  35  43 
1671	2   0   9 
1673	2  16   7 
1675	2   2  23 
1669	6  18  11 
1675	6  46  45 
1677	2   0   7 
1677	2   2  17 
1679	2  10  11 
1677	2  35  43 
1679	2  35  42 
1677	2  37  30 
1679	2   8  23 
1681	2  36  39 
1681	2   2  17 
1683	2  10   4 
1683	2  35  42 
1681	2  14  15 
1685	2  10   4 
1683	2  16  15 
1687	2   2  11 
1683	2   0   7 
1685	2  16  15 
1689	2   2  11 
1685	2  35  30 
1687	2  44  29 
1689	2  44  29 
1683	2  46  39 
1685	2  46  39 
1687	2  32  39 
1689	2  32  39 
1687	6  15  14 
1693	2   0  14 
1691	2  37  45 
1693	2  44  39 
1691	6  10   4 
1695	2   8  23 
1695	2  37  45 
1691	6  25  18 
1695	6  28  21 
1697	2  44  39 
1697	2   8  17 
1699	2  15  23 
1699	2   2  10 
1701	6  21   0 
1701	6  11   3 
1699	6  45  43 
1705	6  39  38 
1707	2   0   1 
1707	2  15  23 
1709	2  16  23 
1709	2  21  14 
1709	2   2  10 
1699	6  33  25 
1705	6  43  42 
1707	6  25  12 
1711	2  37  29 
1711	2   0   1 
1711	2  16  23 
1713	6  28  22 
1713	2   8  17 
1715	2   0   9 
1713	2  33  45 
1715	2  33  45 
1717	2   0   9 
1717	6  45  33 
1719	2  21  23 
1721	2  22   1 
1723	6  32  25 
1729	2  32  33 
1731	2  32  33 
1723	2   8   3 
1723	2  35  30 
1725	2  22   1 
1725	2  45  43 
1727	2  22   9 
1727	2  45  43 
1729	2  45  30 
1731	2  22   9 
1727	2   0   7 
1729	2   0   7 
1733	2  37  29 
1733	2   1   9 
1735	2  15  17 
1735	2  45  30 
1737	2  37  38 
1729	2  35  42 
1731	2  35  42 
1737	2  35  29 
1737	2  15  17 
1733	6  33  26 
1739	6  26  12 
1739	2   8   3 
1739	2  45  42 
1739	2  21  23 
1741	2   0  14 
1741	2  45  42 
1743	2  37  38 
1741	2  16  17 
1743	2  22   7 
1741	6   3   2 
1745	2  22   7 
1745	6  44  32 
1747	2  15   2 
1749	2   1   9 
1751	2   1   7 
1747	2  35  29 
1751	2  16  17 
1753	2  15   2 
1747	2   4  12 
1749	2   4  12 
1751	2  35  38 
1753	2  44  43 
1755	6   9   8 
1755	2  45  29 
1761	2  16   2 
1757	2  35  38 
1763	2  16   2 
1759	2  44  43 
1751	6  12  11 
1757	6  12   4 
1761	6  43  29 
1765	2   0  14 
1765	2   9  10 
1767	6  17  15 
1767	2  45  43 
1769	2  45  38 
1771	2  45  38 
1773	2  44  30 
1773	2   3  11 
1773	2   1   7 
1775	6  33  12 
1775	2  22  14 
1777	2  44  30 
1779	2  22  14 
1779	2  44  42 
1781	6  29  24 
1781	2   8   7 
1781	2   3  11 
1781	2  44  42 
1783	2  44  43 
1783	2   9  10 
1785	2  44  43 
1785	2   9  11 
1781	6  39  33 
1783	6  14   0 
1787	2  39  24 
1787	2   9  11 
1787	6  43  42 
1789	2  39  24 
1789	2   1   0 
1791	2   1   0 
1791	2  14  23 
1793	6  19   3 
1793	2  44  38 
1793	2  21  15 
1795	2   8   7 
1795	2  44  38 
1797	2  14  23 
1797	2  44  45 
1799	6  33  30 
1799	2  17  10 
1799	2   8   0 
1801	2   8   0 
1805	2  21  15 
1807	2  22  23 
1803	2   7   0 
1809	2  22  23 
1811	2  14  15 
1813	2  14  15 
1801	2  17  10 
1805	2  17  11 
1805	2  39  33 
1807	2  17  11 
1811	2  19  24 
1813	2  19  24 
1805	2  45  44 
1807	2  39  33 
1807	2  44  45 
1805	6   2   1 
1809	6  46  43 
1811	6  10   9 
1815	2  22  15 
1815	2   7   0 
1815	2  19  33 
1815	6  45  42 
1817	2  16   9 
1817	2  19  33 
1819	2  10  24 
1819	2  22  15 
1821	2  10  24 
1821	2  39  46 
1823	6  35  30 
1823	2  39  46 
1825	2  39  45 
1823	2  16   9 
1827	2  39  45 
1817	6   1   0 
1823	6  14   0 
1823	6  25  11 
1829	6  40  19 
1829	2  21  14 
1831	2  21  14 
1833	2   0  14 
1829	6  23  16 
1835	2  40  46 
1835	2  23  25 
1835	2   0  14 
1835	6  12  10 
1837	2  39  38 
1837	2  23  25 
1839	2  22  14 
1839	2  40  46 
1841	6  27  12 
1841	2  21   9 
1843	2   2  16 
1841	2  39  38 
1845	2  17  24 
1845	2  22  14 
1843	6  46  40 
1847	2   2  16 
1847	6  31  25 
1849	2  21   9 
1849	2  46  45 
1851	2   8  16 
1851	2  46  45 
1847	6  34  27 
1851	6  29  21 
1853	2   8  16 
1855	2  17  24 
1857	2   0   9 
1857	2  39  30 
1859	6  45  39 
1859	2   2  15 
1861	2   0   9 
1863	2   2  15 
1859	2  34  33 
1861	2  34  33 
1863	6  25  17 
1869	2  22   9 
1865	2  34  40 
1867	2  46  38 
1869	2  46  38 
1871	2   7  16 
1869	2  25  33 
1873	2   8  15 
1873	2  30  45 
1875	2  45  30 
1875	2   8  15 
1871	2  34  40 
1873	2  25  33 
1875	6  33  25 
1877	2  46  37 
1879	2  37  46 
1877	2   7  16 
1879	2   1  16 
1881	6  41  38 
1887	2  33  40 
1881	2  22   9 
1889	2  46  37 
1891	2  33  40 
1893	2  34  39 
1883	2   7  15 
1885	2   2  14 
1887	2   1  16 
1889	2   2  14 
1891	2   8  14 
1893	2   7  15 
1895	2   8  14 
1889	2  23  24 
1891	2  23  24 
1895	2  23  25 
1895	6  40  39 
1897	2  23  25 
1899	2   1  15 
1901	6  25  23 
1901	2  34  40 
1903	2  34  41 
1901	2   7  14 
1907	2  29  31 
1901	2   2   9 
1907	2  33  40 
1903	2   2   9 
1903	2   7  14 
1905	2   8   9 
1907	2   8   9 
1907	6  19  11 
1909	2  29  31 
1909	2   7   9 
1911	2  29  24 
1909	2  34  41 
1911	2  33  40 
1911	2   7   9 
1891	6  44  43 
1913	2  29  24 
1913	2  33  41 
1897	6  45  44 
1903	6  46  45 
1913	6   8   0 
1915	2  29  23 
1915	2  25  39 
1917	2  25  39 
1917	2  29  23 
1919	6  31  10 
1919	6   7   0 
1925	6  10   8 
1925	2  25  40 
1927	2  34  32 
1929	2  25  40 
1925	6  44  29 
1931	2  44  39 
1931	2   1  15 
1933	6  45  44 
1933	2  33  41 
1935	2  33  19 
1933	2  10   8 
1935	2   1  14 
1937	2   1  14 
1939	2   1   9 
1937	2  25  41 
1939	2  32  34 
1941	2  34  32 
1941	2  10   8 
1939	6  47  45 
1943	2  22   8 
1945	2  16  15 
1947	2  22   8 
1945	2  47  39 
1947	2  47  40 
1943	6  18  10 
1945	6  37  36 
1949	2   2   8 
1951	2   2   8 
1949	2  18  24 
1951	2  19  33 
1951	6  30  22 
1953	2   1   9 
1955	2   7   8 
1957	2   7   8 
1959	2   0   8 
1957	2  18  24 
1959	2  30  24 
1959	2  33  19 
1961	2  18  23 
1961	2   0   8 
1961	2  47  40 
1955	6   3   2 
1961	6  38  37 
1963	2  16  15 
1965	2  16  14 
1963	6  40  25 
1967	2  16  14 
1963	6  11   3 
1969	2   1   8 
1969	2  18  23 
1969	2  40  41 
1971	6  39  32 
1971	2  30  24 
1971	2  47  41 
1971	2  15  14 
1973	2   1   8 
1973	2  30  23 
1975	2  30  23 
1977	2  11  24 
1979	2  16   9 
1979	2  18  32 
1973	2  47  41 
1975	6  41  27 
1975	6  21   7 
1981	2  15  14 
1981	2  18  32 
1983	6  39  30 
1983	2  18  25 
1985	2  18  25 
1989	2  40  46 
1983	2  16   9 
1985	2  16   8 
1987	2  16   8 
1989	2  15   9 
1987	2  18  27 
1991	2  46  40 
1989	2  11  24 
1991	2  18  27 
1993	2  47  38 
1991	2  15   9 
1993	2  14   9 
1989	6  29  28 
1993	6  18  11 
1995	2  14   9 
1997	2  15   8 
1995	2  39  32 
1997	2  39  32 
1999	2  39  25 
1999	2  15   8 
1995	6  30  29 
2001	2  40  46 
2001	2  14   8 
2001	2  18  23 
2003	2  21  24 
2005	6  39  33 
2005	2  11   2 
2007	2   2  11 
2009	2  11   2 
2005	6  29  21 
2005	6  24  16 
2011	2  18  23 
2011	2  14   8 
2013	6   2   0 
2013	2  18  32 
2015	2  18  32 
2017	2  33  25 
2017	2  38  47 
2019	2  29  16 
2021	2   2  16 
2023	2   9   8 
2023	2  29  23 
2025	2   9   8 
2021	2  47  38 
2019	2  18  25 
2021	2  18  25 
2025	2  29  23 
2019	2  33  27 
2027	2  29  32 
2029	6  31  29 
2029	2   2  16 
2031	2   1  16 
2033	2   1  16 
2035	2   2  23 
2029	2  33  27 
2037	6  23   7 
2043	6  33  31 
2043	2   2   7 
2045	2   1   7 
2049	2  18  27 
2047	2   1   7 
2051	2  33  32 
2053	2  18  27 
2049	6   3   2 
2049	6  22   7 
2055	2  24  16 
2057	2  24  16 
2055	6  12   3 
2061	2  31  17 
2061	6  20  12 
2063	2  24  22 
2065	2  24  22 
2061	6   2   1 
2067	6  32  19 
2067	2  15  16 
2073	2  20  19 
2069	2  15  16 
2071	2  15  22 
2073	2  17  31 
2073	2  15  22 
2067	6   4   2 
2075	6  11   4 
2075	2  33  25 
2077	2  33  25 
2075	2  20  19 
2075	2  14  16 
2077	2  14  16 
2079	2  14  22 
2079	2  20  25 
2081	2  14  22 
2079	2   9  16 
2081	2   9  16 
2081	2  33  27 
2055	6  44  35 
2083	2   8  16 
2085	2   8  16 
2083	2  11  19 
2085	2  11  19 
2061	6  44  36 
2087	6  19  11 
2093	2  24  11 
2093	2  33  27 
2075	6  45  36 
2081	6  45  38 
2087	6  15   9 
2093	2  15  22 
2095	2  20  25 
2095	2  15  22 
2095	6  10   9 
2097	2  19  25 
2099	2  19  25 
2097	6  23  14 
2101	2  20  27 
2095	6  40  38 
2101	6  11  10 
2107	2  24  10 
2103	2  20  27 
2109	2   8  22 
2105	2  33  26 
2107	2  26  33 
2109	2  33  26 
2111	2  19  27 
2113	2  19  27 
2109	2  31  17 
2111	2  24  25 
2115	2  18  30 
2111	6  15   9 
2117	6  27  19 
2117	2   8  22 
2117	2  24  25 
2119	2  16  22 
2117	2  11  10 
2121	2  16  22 
2119	2  11  10 
2123	6  14   2 
2123	2  24  19 
2125	2  24  19 
2127	2  24  36 
2129	2  23  10 
2127	2  27  40 
2129	2  40  27 
2131	2  11  25 
2133	2  23  10 
2133	2  27  40 
2135	2  11  25 
2137	6   5   2 
2143	2   9  10 
2137	2  23  25 
2139	2  23  25 
2143	2  20   5 
2145	2   9  10 
2145	2   5  20 
2141	6  25  23 
2147	2   8  10 
2149	2   8  10 
2151	2   9  23 
2147	2  20   5 
2151	2  11  19 
2153	2   9  23 
2155	2   8  23 
2157	2  36  24 
2153	2  11  19 
2159	2  24  36 
2155	6  11   3 
2161	2  25  19 
2161	2  16  10 
2163	2  25  19 
2163	2  16  10 
2165	6  19  11 
2165	2   8  23 
2167	2  16  23 
2169	2  16  23 
2171	6  11   9 
2171	6  29  24 
2165	6  41  33 
2177	6  33  30 
2177	2  11   9 
2179	2  11   9 
2181	2  11  13 
2181	2   8   9 
2183	6  48  45 
2183	2   3   1 
2185	2  22  10 
2187	2  22  10 
2189	6  19  11 
2189	2  22  23 
2195	2  25  37 
2189	2   8   9 
2197	2  13  19 
2191	2  16   9 
2193	2  16   9 
2197	2  22  23 
2195	2   1   3 
2197	2   3   1 
2197	6  45  32 
2199	2  16   2 
2201	2  22   9 
2203	2  10  23 
2205	2  10  23 
2207	2  22   9 
2199	2  19  13 
2209	2  10   9 
2211	2  10   9 
2209	2  22  14 
2213	2   2  16 
2203	6  32  25 
2215	2  14  22 
2209	2  37  32 
2215	2  10  24 
2217	2  23   9 
2219	2  23   9 
2217	2  33  18 
2221	2  23  30 
2219	2  18  33 
2221	2   8  11 
2223	2  24  10 
2225	2   9  25 
2223	2  22  14 
2227	2  10  24 
2229	2  16   2 
2229	2  32  37 
2231	2  11   8 
2233	2   8  11 
2231	2  30  23 
2233	2  23  30 
2235	2  25   9 
2237	2   9  25 
