   1	2   5   6 
   3	2   5   6 
   5	2   5   1 
   7	2   5   1 
   9	2   6   1 
  11	2   6   1 
  13	2   5  11 
  15	2   5  11 
  17	2   6  11 
  19	2   6  11 
  13	6   8   2 
  21	2   1  11 
  23	2   1  11 
  25	2   5   7 
  27	2   5   7 
  29	2   6   7 
  31	2   6   7 
  33	2   5   0 
  35	2   5   0 
  37	2   1   7 
  37	2   5  10 
  39	2   1   7 
  39	2   5  10 
  41	2  11   7 
  43	2  11   7 
  45	6  11   5 
  45	6   7   2 
  51	2   6   0 
  53	2   6   0 
  51	6  13   8 
  55	2   1   0 
  57	2   1   0 
  59	2   5   0 
  55	2  11  15 
  57	2  11  15 
  59	2  11   7 
  61	2   6  10 
  63	2   6  10 
  65	6  13  11 
  71	2   5   0 
  73	2   2   0 
  75	2   2   0 
  71	6  18  16 
  77	2  13   7 
  79	2  13  12 
  81	2  13  12 
  77	6  10   0 
  83	2   1   0 
  85	2   1   0 
  83	2  13  11 
  85	2  13  11 
  87	2   5   0 
  89	2   5   0 
  87	2  13   3 
  89	2  13   3 
  91	2   2   0 
  93	2   2   0 
  87	6  15  11 
  95	2  13   8 
  95	2  10   0 
  97	2   6  11 
  97	2  13   8 
  99	2  13  18 
  99	2   6  11 
  93	6  21  20 
 101	6  18  13 
 101	2   6   7 
 103	2  10   0 
 105	2   1  11 
 107	2   1  11 
 109	2   5  11 
 111	2   5  11 
 107	2  18  13 
 113	6  12   2 
 109	6  23  21 
 119	2  12  11 
 121	2  12  11 
 123	2  10  11 
 119	2  18  23 
 121	2  18  23 
 119	6   2   1 
 125	2   6   7 
 127	2  10  11 
 127	2   2   7 
 129	2   2   7 
 129	6  15  10 
 131	2   6   1 
 133	2   6   1 
 135	2   6  10 
 137	2   6  10 
 139	6  11   7 
 145	6   7   6 
 151	6   8   7 
 151	2   5  11 
 153	2   5  11 
 157	2  12  11 
 157	2   8   3 
 159	2  12  11 
 159	2   8   3 
 123	6  23  19 
 161	6  11  10 
 161	2   2   1 
 163	2   2   1 
 165	2   8   7 
 129	6  19  14 
 135	6  22  18 
 141	2  22  21 
 143	2  22  21 
 145	6  23  21 
 167	2   8   7 
 169	2   0   6 
 171	2   0   6 
 167	2  15  10 
 169	2  15  10 
 173	2   5   1 
 175	2   5   1 
 169	2   8  13 
 171	2   8  13 
 177	2   0  10 
 179	2   0  10 
 173	2   8  14 
 175	2   8  14 
 181	6  11   1 
 177	6  13   8 
 183	6  14   4 
 187	2   6  10 
 189	6  23  18 
 189	2  12  11 
 191	2   6  10 
 193	2  12  11 
 195	2  15  11 
 197	2  15  11 
 193	2   2   1 
 195	2  13  18 
 197	2  13  18 
 195	2   2   1 
 197	2   2   3 
 199	6  18  13 
 199	2   5   1 
 201	2   5   1 
 203	2   2   3 
 199	2  22  16 
 205	2   2   7 
 201	2  22  16 
 203	2  22  21 
 205	2  22  21 
 203	6  11   5 
 207	2   2   7 
 209	6  12  11 
 209	2   0   5 
 211	2   0   5 
 215	2   6   5 
 217	2   6   5 
 219	2  11   1 
 221	2  11   1 
 209	6   8   3 
 207	6  22  18 
 215	6  13   8 
 223	2  12  13 
 223	2  10   5 
 225	2  12  13 
 227	2  11  13 
 229	2  10   5 
 229	2  12   7 
 231	2  11  13 
 231	2   2   3 
 233	6  15   5 
 233	2  12   7 
 239	2   5   1 
 241	2   2   3 
 243	2   5   1 
 245	2   2   4 
 247	2   2   4 
 239	2  22  16 
 241	2  22  16 
 243	2  22  21 
 245	2  22  21 
 235	6  13  12 
 243	6  12  11 
 249	6  12   2 
 255	6  11  10 
 255	2   0   1 
 257	2   0   1 
 259	2   2   7 
 249	6   9   4 
 261	2   5  10 
 261	2   2   7 
 263	2  12   8 
 263	2   6   1 
 265	2   6   1 
 265	2  12   8 
 247	6  22  21 
 267	2   5  10 
 267	2  12  16 
 269	2  12  16 
 269	6   5   1 
 275	2   1   7 
 277	2   1   7 
 279	6   7   1 
 271	6  18  16 
 277	6  22  17 
 285	2  11   5 
 287	2  11   5 
 285	2  13   3 
 289	2   0  10 
 287	2  13   3 
 291	2   0  10 
 293	2   6  10 
 289	2  13   9 
 289	2   2   3 
 291	2   2   3 
 295	2   0   1 
 291	2  13   9 
 293	2  13   8 
 295	2   7   3 
 297	2  13   8 
 297	2   6  10 
 299	2  11  10 
 301	2  11  10 
 299	2   0   1 
 299	2  13  18 
 303	2  12  17 
 303	2   6   1 
 305	6   3   2 
 305	2  15   5 
 307	2  15   5 
 311	2   6   1 
 311	2   3   9 
 313	2   7   2 
 305	2  13  18 
 315	2  12  17 
 309	2  15  10 
 311	2  15  10 
 315	2   0   2 
 317	6  18  13 
 317	2   0   2 
 319	2   3   9 
 319	2  11   1 
 321	2  11   1 
 323	6   2   0 
 323	2  18  17 
 325	2  18  17 
 329	6  11   1 
 329	2   3   8 
 331	2   3   8 
 335	2   5  10 
 335	2   7   9 
 337	6   9   3 
 337	2   5  10 
 339	2   6   0 
 341	2   6   0 
 337	6  19  17 
 343	6  19  14 
 343	2  15  11 
 345	2  15  11 
 347	2   5  11 
 349	2   9  13 
 349	2   5  11 
 343	6   3   2 
 349	2   7   2 
 351	6  15  11 
 351	2   3   2 
 357	2  10  15 
 353	2   3   2 
 355	2   1   0 
 357	2   1   0 
 355	2   7   8 
 357	2   7   8 
 359	6  12   7 
 359	2  10  15 
 365	2   9  13 
 367	2   3   8 
 361	6  10   0 
 367	2  11  10 
 369	6   2   1 
 369	2  12  13 
 375	2   6   1 
 377	2   6   1 
 371	2  12  13 
 379	2  11  10 
 381	2   5  10 
 373	2   9  14 
 375	2   3   8 
 377	2   3  13 
 379	2   3  13 
 383	2   5  10 
 381	2   9  14 
 381	2   2   1 
 383	2   2   1 
 383	2  12  14 
 385	2   6   8 
 387	2   6   8 
 389	2  11   1 
 391	2   2   8 
 391	2   0  10 
 393	6  11   6 
 393	2   2   8 
 399	2   0  10 
 395	6   8   2 
 401	2  15  10 
 401	2  12  14 
 403	2  15  10 
 403	2   6   1 
 405	2  11  13 
 407	2   5   1 
 409	2   5   1 
 401	6   4   3 
 407	2   4  14 
 409	2   4  14 
 407	6  12  11 
 411	2   0   1 
 413	2   6   2 
 415	2   0   1 
 417	2   6   2 
 413	2  12  13 
 415	2   8  13 
 417	2   8  13 
 419	6  13  12 
 419	6   5   1 
 425	6  15  11 
 431	2  11   5 
 433	2  11   5 
 425	2  13  14 
 427	2  13  14 
 425	2   1   2 
 429	2   8  14 
 431	2   8  14 
 427	2   1   2 
 429	6   2   1 
 435	2   0   1 
 437	2   0   1 
 433	6  14   8 
 439	2   6  12 
 441	2   6  12 
 443	6  10   0 
 443	6   7   2 
 449	2   7  12 
 451	2   7  12 
 449	2   0   5 
 453	2   6   8 
 455	6  12  10 
 461	2   6   8 
 463	2   0   5 
 463	2   7   8 
 465	2  11   1 
 465	6   9   4 
 467	2  12  10 
 469	2  12  10 
 471	2   7   8 
 471	6  18  14 
 473	2  11   1 
 475	2   0   1 
 475	2  11  10 
 475	6   8   7 
 477	2   0   1 
 477	2  11  10 
 479	2   5   1 
 477	6  18  17 
 483	2  12   7 
 481	2   5   1 
 483	2   0  10 
 485	2   0  10 
 485	2  12   7 
 487	2  11   7 
 489	2   8  13 
 491	2  11   7 
 493	6   2   0 
 499	2   2   7 
 501	2   2   7 
 493	2  11  15 
 495	2  15  11 
 499	2   5  10 
 501	2   5  10 
 491	6  18  14 
 497	6  18  17 
 503	6  17  16 
 503	2   5   7 
 505	2   5   7 
 507	2   2   4 
 509	6  18  12 
 509	2   4   2 
 511	2   2   4 
 507	6  10   5 
 513	2   1   5 
 515	2   6  12 
 517	2   1   5 
 517	2  13   8 
 509	6  21  20 
 519	6  14   9 
 519	2  12   6 
 521	2  11  15 
 523	2   1   7 
 523	2  10  16 
 525	2   6  12 
 527	6  20  10 
 527	2   1   7 
 529	2   8  13 
 531	2  18  14 
 529	2   1   0 
 533	2  14  18 
 531	2   0   1 
 533	2  16  20 
 533	2   1   0 
 535	2  18  14 
 535	2   5   7 
 537	2   5   7 
 539	2   5  10 
 535	2  20  16 
 539	2   7  17 
 541	2  10   5 
 543	2   5  10 
 541	2  17   7 
 543	2   7  17 
