   1	2   7   8 
   3	2   7   8 
   5	2   7   1 
   1	6  46  31 
   7	2   7   1 
   9	2   8   1 
  11	2   8   1 
  13	2   7  15 
  15	2   7  15 
  17	2   7   9 
  19	2   7   9 
   7	6  31  29 
  13	6  29  28 
  21	2   7   0 
  23	2   7   0 
  13	6  33  24 
  19	6  24  22 
  25	2   8  15 
  27	2   8  15 
  29	2   1  15 
  31	2   1  15 
  21	6  10   3 
  33	2   8   9 
  35	2   8   9 
  37	2   8   0 
  39	2   8   0 
  33	6  23  17 
  41	2   1   9 
  41	2   7  14 
  43	6  22   8 
  49	2   7  14 
  51	2   7  21 
  53	2   7  21 
  49	6  16   2 
  55	2  22  14 
  57	2   7  28 
  59	2   1   9 
  59	2  22  14 
  61	2   7  28 
  63	2  15   9 
  65	2  15   9 
  63	2   1   0 
  65	2   1   0 
  67	2  15   0 
  69	2  15   0 
  71	2   1  14 
  63	6  29  28 
  73	2   9   0 
  75	2   9   0 
  73	2  22  21 
  75	2  22  21 
  77	2   1  14 
  79	2  22  29 
  81	2  22  29 
  79	2   7   8 
  83	2  15  14 
  69	6  42  35 
  85	6  21   0 
  91	6  15   7 
  97	2   1   0 
  99	2  15   8 
  91	6  29  24 
 101	2   7  14 
  97	6  24  10 
 103	2   9  14 
 105	2   1   0 
 107	2   1  10 
 109	2   1  10 
 105	6  23  15 
 111	2   9  14 
 113	2  22   8 
 115	2  22   8 
 103	6  33  32 
 109	6  32  31 
 115	6  46  38 
 117	2  21  14 
 117	2  23  16 
 117	2   1   8 
 119	2   7   0 
 121	2   7   0 
 119	2  23  16 
 121	2  22  16 
 123	2   7  10 
 125	2   7  10 
 127	2  22  16 
 129	2  21  14 
 127	2   1   8 
 129	2   1  16 
 131	2   1  16 
 115	6  32  25 
 133	2   7   8 
 133	2  23  24 
 121	6  39  32 
  97	6  42  36 
 135	2   9   0 
 135	2  23  24 
 103	6  43  42 
 137	2   7   8 
 139	2   7  16 
 141	6  21   7 
 147	2  22  24 
 147	2   9   0 
 149	6  14   1 
 149	6  30  24 
 155	6  10   2 
 155	2  22  30 
 157	2  23  15 
 155	2   7   0 
 157	2   7   0 
 161	2   1   0 
 159	2  23  15 
 163	2   9   2 
 165	2   1   0 
 167	2   9   2 
 161	2  22  15 
 163	2  22  15 
 169	2   9   8 
 171	2   9   8 
 173	2   7   2 
 175	2   7   2 
 177	2   1   2 
 179	2   1   2 
 165	2  23  28 
 167	2  23  28 
 169	2  22  28 
 171	2  22  28 
 177	2  21  16 
 181	2   9  16 
 183	2   9  16 
 185	6  16   9 
 179	6  30  22 
 191	2   0   2 
 193	2   0   2 
 185	2  14  22 
 187	2  14  22 
 189	2  21  22 
 191	2  21  22 
 193	2  14  15 
 195	2   7   8 
 195	2  16  22 
 197	2  14  15 
 199	2   7   8 
 199	2  23  35 
 201	2   1   8 
 201	2  23  35 
 203	2  21  15 
 203	2  30  35 
 197	6  18  10 
 205	2   7   9 
 205	2  30  35 
 207	2  14  28 
 209	2  14  28 
 207	2  23  37 
 209	2  23  37 
 207	6   9   1 
 211	2  30  37 
 211	6  28  14 
 217	2   7   1 
 217	2  28  35 
 219	2  28  35 
 213	2  30  37 
 215	2  23  31 
 217	2  16  22 
 219	2  23  31 
 221	2  30  31 
 219	2   9   8 
 221	2   0   8 
 223	2   7  22 
 225	2   7  22 
 227	6  37  28 
 227	2   9   1 
 229	2   0   8 
 231	2   9   1 
 233	2   9  22 
 235	2   0   1 
 237	2   0   1 
 235	2  21  15 
 237	2  16  15 
 239	2   2   8 
 241	2   2   8 
 243	2   2   1 
 245	2   2   1 
 235	2  30  31 
 237	2  37  28 
 239	2  21  14 
 241	2  21  14 
 239	2  23  38 
 241	2  23  38 
 243	2  16  15 
 245	2   7  15 
 243	2  37  28 
 245	2  37  31 
 245	6  28  21 
 247	2   7  15 
 249	2  23  25 
 249	2   8   1 
 247	6  38  37 
 251	2   9  22 
 253	2  16  14 
 255	2  16  14 
 253	2  38  31 
 255	2  30  37 
 257	2   7  14 
 253	2  28  35 
 257	2  23  25 
 259	2   9  15 
 261	2   9  15 
 263	2   8   1 
 259	2  30  37 
 263	2  23  32 
 265	2  23  32 
 265	2   7  14 
 255	2  28  35 
 267	6  22   9 
 273	2   0   9 
 273	2  22  14 
 267	2  38  37 
 275	2   0   9 
 269	2  38  37 
 275	2  22  14 
 271	6  38  25 
 277	2  30  38 
 277	2   2   9 
 279	2   2   9 
 281	2   8   9 
 283	2   8   9 
 277	2  28  21 
 279	2  28  21 
 281	2  28  31 
 283	2  23  18 
 285	6  44  28 
 285	2   1   9 
 287	2   1   9 
 291	2  30  38 
 291	2   0  15 
 293	2   0  15 
 295	2  23  18 
 297	2  23  17 
 295	2   0  14 
 297	2   0  14 
 293	6  43  37 
 299	2   2  15 
 301	2   2  15 
 303	2   8  15 
 305	2   2  14 
 307	2   8  15 
 309	2   2  14 
 299	2  44  31 
 311	2   1  15 
 313	2   8  14 
 301	2  25  38 
 303	2  30  32 
 313	2  23  17 
 315	2  23  28 
 303	2  44  43 
 305	2  44  43 
 315	2   8  14 
 307	6  44  39 
 317	2   1  15 
 319	2   1  14 
 317	2  30  32 
 321	2   1  14 
 323	2  23  28 
 313	6  45  44 
 319	6  46  33 
 325	2   9  15 
 327	2  23  36 
 329	2   9  15 
 329	2  30  18 
 331	6  28  22 
 331	2  25  38 
 333	2  39  38 
 335	2  39  38 
 337	2  23  36 
 339	2   9  14 
 337	2  25  32 
 339	2  25  32 
 339	2  23  29 
 341	2  30  18 
 343	6  31  17 
 343	6  33  26 
 343	6  35  28 
 341	6  15   7 
 347	6  14   0 
 349	2  39  32 
 349	2  23  29 
 351	2  25  18 
 351	2  30  31 
 353	6  38  22 
 359	2  30  31 
 359	2   9   0 
 353	2  25  18 
 355	6  26  18 
 359	6  47  45 
 361	2   7   0 
 361	2  25  31 
 363	2   7   0 
 361	2  16  28 
 363	2  16  28 
 363	2  25  31 
 365	2  15  28 
 365	2  39  32 
 367	6  32  25 
 367	2  30  38 
 369	2  30  38 
 367	2  15  28 
 373	2  23  24 
 369	2  35  28 
 375	2  23  24 
 373	2  39  26 
 375	2  39  26 
 371	2  35  28 
 373	2  14  28 
 375	2  14  28 
 369	6   9   2 
 377	6  45  32 
 377	2  16  21 
 379	2  16  21 
 381	2  15  21 
 383	2  45  38 
 383	2  15  21 
 377	2  30  36 
 385	2  45  38 
 387	2  23  37 
 385	6  28  14 
 389	2  23  37 
 391	2  39  31 
 391	2   9  14 
 393	6  39  38 
 393	2   9  14 
 395	2  16  17 
 397	2  16  17 
 393	2  30  36 
 395	2  35  21 
 397	2  35  21 
 399	2  28  21 
 401	2  45  36 
 403	2  28  21 
 403	2  38  31 
 399	6  16  15 
 399	6  25  18 
 405	2  45  36 
 405	2   8  14 
 405	2  16  17 
 407	6  21  15 
 413	2  16  17 
 407	2  30  29 
 409	2  30  29 
 413	2   8  14 
 415	2   9  15 
 407	2  38  39 
 409	2  38  39 
 415	2  30  24 
 417	2   9  15 
 417	2  30  24 
 411	6  46  39 
 405	6  27  26 
 407	6  43  35 
 413	6  43  28 
 419	2  21  35 
 421	2  21  35 
 419	2  30  37 
 421	2  30  37 
 423	2  21  22 
 425	2  21  22 
 423	2  38  36 
 425	2  38  36 
 419	6  18   9 
 427	2   8  15 
 417	6  40  33 
 429	2   8  15 
 431	2   1  14 
 427	6  31  23 
 427	6  36  35 
 425	6  27  18 
 431	6  19  12 
 433	2  21   9 
 435	2  21   9 
 433	2  31  44 
 435	2  31  44 
 437	6  23  17 
 443	2  31  25 
 437	2   1  14 
 439	2   2  14 
 441	2   2  14 
 443	2   1  15 
 437	6  12  11 
 437	6  36  29 
 443	2  45  36 
 445	2   7  14 
 445	2  28  23 
 445	6  18  10 
 447	2  28  23 
 447	2   7  14 
 449	2   1  15 
 449	2  45  36 
 449	6  32  31 
 455	2  45  24 
 457	2  16  29 
 459	2  30  44 
 457	2  32  25 
 459	2   2  15 
 461	2  30  44 
 461	2   2  15 
 459	6  39  25 
 465	2  45  24 
 467	2  45  37 
 463	2   0  14 
 467	2  32  31 
 465	2   0  14 
 467	2   7  15 
 469	2   7  15 
 469	2  38  36 
 471	2   0  15 
 471	2  38  36 
 473	2  32  31 
 473	2  16  29 
 475	6  32  26 
 475	2  28  29 
 477	2  16  22 
 479	2   0  15 
 481	2  14  15 
 483	2  14  15 
 481	2  26  25 
 479	2  28  29 
 481	2  30  39 
 483	2  38  24 
 485	2  38  24 
 485	6  21   8 
 487	2  45  37 
 487	2  26  25 
 489	2  38  37 
 489	2  26  32 
 489	6  43  35 
 491	2  16  22 
 493	2  16   9 
 491	2  26  32 
 491	2  38  37 
 493	2  30  39 
 493	6  27  18 
 499	2   8  10 
 499	2  26  33 
 501	2  26  33 
 501	2  16   9 
 495	2  28  22 
 503	2  26  34 
 497	2  28  22 
 495	2  45  44 
 497	2  45  44 
 499	2  45  39 
 501	2  45  39 
 495	2  30  31 
 497	2  30  31 
 503	2  35  23 
 505	2  26  34 
 503	2  38  44 
 505	2  38  44 
 507	2  38  39 
 505	2  35  23 
 507	2  18  23 
 509	6  30  18 
 509	6  46  40 
 515	2   8  10 
 517	2  18  25 
 515	2  35  29 
 519	2   8  17 
 519	2  26  19 
 521	2  18  25 
 521	2  30  23 
 515	2  38  39 
 517	6  45  39 
 521	6  14   9 
 523	2  26  19 
 525	2  26  27 
 523	2  39  31 
 523	2  35  29 
 525	2  39  31 
 527	2  21  23 
 527	2  26  27 
 527	6  10   8 
 529	2  30  29 
 529	2  39  25 
 531	2  21  23 
 533	6  23   9 
 539	2  16   8 
 541	2  35  22 
 543	2  30  29 
 533	2  18  32 
 535	2  18  32 
 537	2  18  33 
 539	2  18  33 
 541	2  18  34 
 545	2  28  14 
 543	2  18  34 
 545	2  38  31 
 547	2  35  22 
 547	2  38  31 
 541	2   1   9 
 545	2  10  17 
 547	2   1   9 
 547	2  18  19 
 545	6  40  34 
 549	2  18  19 
 549	2  21  29 
 551	2  21  29 
 553	2  28  14 
 551	2  39  25 
 555	2  35  14 
 557	2  35  14 
 549	2   2   9 
 551	2   2   9 
 553	2  18  27 
 555	2  38  25 
 557	2  38  25 
 559	6  26  19 
 559	2  16   8 
 561	2   7   9 
 565	2  19  11 
 563	2  16  17 
 567	2  19  11 
 561	2  30  22 
 563	2  30  22 
 565	2  21  22 
 567	2  30  14 
 569	6  29   8 
 575	2   7   9 
 569	2  18  27 
 577	2   1   8 
 569	2  39  32 
 575	2  21  22 
 577	2  28  29 
 571	2  39  32 
 579	2  28  29 
 577	2  16  17 
 581	2  30  14 
 573	2  39  33 
 583	2   1   8 
 579	2  18  11 
 583	2  21  14 
 585	2  21  14 
 585	2   2   8 
 583	2  35  29 
 585	2  35  29 
 575	2  39  33 
 581	2  18  11 
 577	2  39  40 
 583	2  38  32 
 585	2  39  40 
 577	6  34  27 
 583	6  27  11 
 587	2   2   8 
 587	2  38  32 
 589	2   0   9 
 591	2   0   9 
 587	2  30  29 
 589	2  30  29 
 591	2  21  29 
 593	2   1  22 
 595	2   1  22 
 597	2  21  29 
 593	2  10  11 
 591	2  38  33 
 595	2  10  11 
 597	2  16  11 
 599	2  16  11 
 601	2   1  14 
 603	2  23   9 
 593	2  38  33 
 595	2  38  40 
 597	2  38  40 
 601	2  39  26 
 603	2  39  26 
 599	6  43  37 
 605	6  23  17 
 605	2  39  34 
 605	2   7   8 
 607	2   7   8 
 607	2  39  34 
 609	2   0   8 
 611	2   1  14 
 609	2  38  26 
 611	2  38  26 
 611	6  17  10 
 613	2   0   8 
 613	2  39  27 
 615	2  39  27 
 611	6  29  23 
 617	6  22   1 
 617	6  38  33 
 623	6  38  17 
 623	2  28  29 
 625	2  28  29 
 629	2  10   9 
 629	2  22  23 
 623	2  33  34 
 625	2  33  34 
 631	2  35  29 
 629	2  38  37 
 629	2  33  27 
 633	2  22  23 
 631	2  38  37 
 633	2  38  36 
 631	2  33  27 
 631	2  10   8 
 633	2   2   1 
 633	6  34  33 
 635	2  16  37 
 637	2  35  29 
 637	2   2   1 
 639	2  38  36 
 639	2   7   1 
 637	6  23  16 
 641	2   7   1 
 639	6  27  18 
 643	2  23  37 
 643	2   0   1 
 641	6  28  21 
 645	2  38  24 
 647	2  30  29 
 645	2  15   9 
 645	2   0   1 
 647	2   2  14 
 649	2   2  14 
 649	2  30  29 
 651	6  10   2 
 651	2  28  29 
 651	2   7  14 
 653	2   7  14 
 653	2  23  36 
 655	2   0  14 
 655	2  23  36 
 657	2  15   9 
 659	2   2   8 
 657	2  28  29 
 661	2  15   8 
 657	2  38  24 
 659	2  23  24 
 661	2  23  24 
 659	2  38  43 
 663	2  15   8 
 665	2   2   1 
 667	2   9   8 
 669	2   9   8 
 661	2  38  43 
 663	2  38  44 
 665	2  22  29 
 667	2  22  29 
 665	2  38  44 
 667	2  38  45 
 669	2  38  45 
 663	6  24  11 
 669	6  29  24 
 671	2   0  14 
 673	2   2   1 
 675	2  10  16 
 677	2  10  16 
 679	2  15   1 
 675	2  38  31 
 677	2  38  31 
 681	2   2  14 
 679	2  38  25 
 681	2  38  25 
 683	6  11   3 
 683	2  21  29 
 683	2   7  16 
 685	2  21  29 
 687	2  15   1 
 687	2  35  29 
 683	2  38  32 
 685	2  38  32 
 683	6  44  43 
 689	2  21  37 
 689	2   9   1 
 685	6  24  17 
 691	2  10  17 
 693	2  38  24 
 693	2   9   1 
 695	2  38  24 
 695	2   2  14 
 691	2  35  29 
 693	6  43  35 
 697	2  15  14 
 697	2  30  29 
 697	2  10  17 
 697	6  38  32 
 703	2  32  40 
 699	2   7  16 
 699	2  30  29 
 701	2   0  16 
 701	2  28  29 
 703	2   8   1 
 703	2  21  37 
 703	6  17   3 
 705	2  43  37 
 705	2  32  40 
 707	2  32  26 
 707	2  43  37 
 709	2  30  37 
 711	2  30  37 
 713	2  28  29 
 709	2  32  26 
 705	2   8   1 
 711	2  32  33 
 713	2  32  33 
 707	2  15  14 
 709	2   9  14 
 711	2   9  14 
 713	2   0  16 
 715	6  37  23 
 721	2   2  16 
 723	2   2  16 
 721	2  21  36 
 725	2  28  23 
 723	2  37  44 
 727	2  15  16 
 725	2  37  44 
 727	2  37  35 
 729	2  37  35 
 725	2  32  18 
 731	2  21  36 
 733	2  37  45 
 733	2  15  16 
 727	2  32  18 
 735	6  23  21 
 735	2  43  36 
 737	2  43  36 
 739	2  37  45 
 725	6   7   1 
 731	2   1   3 
 733	2   1   3 
 741	2  28  21 
 741	2  23  17 
 729	6  32  26 
 743	6  45  24 
 743	2   8  14 
 745	2   8  14 
 749	2  37  31 
 751	2  37  31 
 749	2   0   3 
 753	2  37  25 
 751	2   7  14 
 751	2   9  16 
 753	2   0   3 
 755	2  23  17 
 755	2   7  14 
 755	2   2   3 
 755	6  39  37 
 757	2   9  16 
 759	2   2   3 
 759	2   8  16 
 761	6  31  17 
 767	2  23  44 
 769	2  23  44 
 771	2  23  35 
 773	2  23  35 
 761	6   7   1 
 767	6   3   1 
 775	2   8  16 
 775	2  22  29 
 777	2  15   1 
 779	2  15   1 
 781	2   3  16 
 777	2  30  36 
 783	2   9   1 
 779	2  30  36 
 783	2  43  31 
 785	6  10   7 
 791	2   9   1 
 793	2   8   1 
 785	2  22  29 
 787	2  28  36 
 789	2  28  36 
 791	2  43  31 
 791	2  22  21 
 793	2  22  21 
 793	2  43  44 
 793	2  30  31 
 795	2   3  16 
 795	2  30  31 
 795	2  43  44 
 795	6  21   7 
 801	2   8   1 
 801	2  28  31 
 803	6  29  15 
 809	2  14  16 
 811	2  14  16 
 809	2   3   1 
 809	2  43  35 
 811	2   3   1 
 803	2  39  25 
 813	2  28  31 
 815	6  37  22 
 821	2  37  36 
 821	2  23  24 
 823	2  23  24 
 821	2  21  15 
 823	2  37  36 
 825	2  37  31 
 823	2  14   1 
 827	2  30  44 
 825	2  21  15 
 829	2  30  44 
 827	2  10  15 
 831	2  39  38 
 831	2  43  35 
 829	2  21   7 
 831	2  21   7 
 831	2  23  17 
 833	6  29  21 
 833	2  39  38 
 835	2  39  45 
 837	2  39  45 
 833	6  24  23 
 839	6  38  23 
 839	6  36  28 
 845	2  39  40 
 845	2  24  17 
 845	2  36  44 
 845	2  14   1 
 847	2  16   1 
 849	2  10  15 
 851	2  10   7 
 847	2  36  44 
 849	2  37  31 
 851	2  30  35 
 853	2  10   7 
 847	2  39  40 
 851	2  39  32 
 855	2   0  15 
 853	2  39  32 
 857	2   0  15 
 859	2   0   7 
 861	2   2  15 
 855	2  39  33 
 863	2   2  15 
 857	2  43  38 
 865	2  21  15 
 867	2  21  15 
 855	2  24  25 
 857	2  24  25 
 859	2  43  38 
 865	2   0   7 
 861	2  39  33 
 865	2  30  35 
 867	2  36  35 
 867	2  30  38 
 863	6  25  17 
 869	2   9  15 
 869	2  24  23 
 871	2   2   7 
 873	2   9  15 
 875	2   2   7 
 869	2  29  28 
 871	2  29  28 
 869	2  37  44 
 871	2  24  23 
 871	2  37  44 
 873	2  29  31 
 875	2  29  31 
 873	6  44  43 
 877	2  39  18 
 877	2  21   7 
 877	6   3   2 
 879	2  24  45 
 879	2  21   7 
 881	2   8  15 
 879	2  36  35 
 881	2  24  45 
 883	6  39  25 
 883	2  29  43 
 883	2  16   1 
 885	2  29  43 
 885	2   8  15 
 887	2   9   7 
 889	6  39  36 
 895	2  25  18 
 895	2  37  35 
 897	2  37  35 
 889	2   9   7 
 891	2   2  15 
 893	2   8   7 
 895	2   2  15 
 899	2  30  38 
 897	2   8   7 
 899	2  14  15 
 897	6  25  17 
 901	2   2   7 
 901	2  39  38 
 903	2  14  15 
 901	2  44  36 
 903	2  44  36 
 903	2  39  38 
 903	6  25  24 
 905	2  37  38 
 905	2   2   7 
 907	2  16  15 
 907	2  30  36 
 905	6  28  21 
 909	2  16  15 
 911	2   1  15 
 913	2   1  15 
 915	2  14   7 
 909	2  30  36 
 911	2  29  35 
 909	2  25  40 
 911	2  37  38 
 911	2  25  40 
 913	2  39  36 
 915	2  25  32 
 915	2  29  35 
 915	6  44  38 
 917	2  14   7 
 917	2  25  32 
 919	2  16   7 
 919	2  25  33 
 921	2  38  24 
 921	6  21   8 
 923	2  38  24 
 925	2  30  24 
 921	6  43  35 
 925	6  46  40 
 927	2  10   8 
 929	2  10   8 
 927	2  30  24 
 929	2  29  44 
 931	2  10  31 
 931	6  28  21 
 933	2  25  33 
 933	2  38  23 
 933	2   0   8 
 935	2   0   8 
 935	2  38  23 
 937	2  38  45 
 935	2  25  18 
 937	2  25  18 
 937	2  16   7 
 939	6  16   0 
 939	2  39  36 
 941	2  37  36 
 943	2  37  36 
 945	2  29  44 
 945	2   3   8 
 941	6  31  25 
 947	6  25  11 
 947	2   1   7 
 949	2   1   7 
 947	2  38  45 
 947	2  29  36 
 949	2  38  46 
 953	2   3   8 
 955	2  10  11 
 955	2  15   7 
 957	2  21   8 
 949	2  30  23 
 959	2  15   7 
 951	2  30  23 
 951	2  38  46 
 953	2  39  24 
 955	2  39  24 
 957	2  37  24 
 959	2  30  45 
 957	6  11   3 
 961	2  37  24 
 961	2  21   8 
 963	6  21  14 
 963	2  16   3 
 965	2  16   3 
 967	2  11   3 
 963	2  38  32 
 967	2  30  45 
 969	2  11   3 
 967	2   9   8 
 969	2   9   8 
 969	2  30  46 
 971	6  14   2 
 971	2  38  32 
 973	2  38  33 
 975	2  38  33 
 971	2  29  36 
 971	6  18  17 
 977	2   2   3 
 979	2   2   3 
 977	2  39  23 
 979	2  39  23 
 973	6  36  35 
 981	6  36  24 
 981	2   9   3 
 987	2  10  24 
 981	2  39  45 
 987	2  29  36 
 983	2  39  45 
 983	6  14   8 
 989	2  38  17 
 991	2  10  24 
 989	2  28  14 
 991	2  28  14 
 991	6  45  43 
 997	2  29  36 
 993	2   8  14 
 995	2  16  24 
 997	2   8  14 
 993	6   3   2 
 999	6  28  22 
 999	2   9   2 
 997	6  45  33 
 997	6  24  17 
1003	2  38  24 
1003	6  33  19 
1005	2  21  14 
1005	2  16  17 
1007	2  21  14 
1007	2  37  23 
1001	6   8   2 
1009	2  22   8 
1011	2  22   8 
1013	2   0  14 
1013	2  10  19 
1015	2   0  14 
1015	2  11  17 
1017	2  37  23 
1017	2   1  14 
1017	6  19   4 
1019	2   2   8 
1019	2  37  43 
1021	2  30  46 
1021	2   2   8 
1023	2   1  14 
1023	2  10   4 
1023	2  29  23 
1025	2  16   4 
1027	2  21   8 
1029	2  21   8 
1027	2  11  17 
1025	2  37  43 
1029	2   3  17 
1023	2  39  46 
1025	2  39  46 
1027	2  30  32 
1029	2  37  46 
1031	6  46  44 
1037	2  37  44 
1031	2  16   4 
1033	2  15  14 
1033	2  29  23 
1035	2  15  14 
1039	2  29  43 
1033	2  11   4 
1035	2   3  17 
1037	2   9  17 
1037	2  11   4 
1037	2   7  14 
1039	2   7  14 
1039	2   9  17 
1039	2   3   4 
1037	6  46  33 
1041	2   0   8 
1041	2  22  17 
1043	2  22  17 
1045	2  30  32 
1045	2   2  17 
1047	6  25  22 
1053	2  29  43 
1053	2  39  32 
1053	2   2  17 
1055	6  33  12 
1055	2   0   8 
1061	2   3   4 
1063	2  10  12 
1065	2   9   4 
1055	2  29  44 
1057	2  30  45 
1059	2  30  45 
1061	2  30  24 
1061	2  39  32 
1063	2  37  32 
1065	2  29  44 
1067	6  22  21 
1067	2   9   4 
1069	2   1   8 
1067	2  37  32 
1071	2   1   8 
1069	2  39  45 
1073	2  15   8 
1069	2  30  24 
1071	2  25   4 
1073	2  25   4 
1075	6   4   1 
1075	2  39  45 
1077	2  29  32 
1079	2  37  45 
1075	6  17  16 
1079	6  35  21 
1081	2  10  12 
1085	2  15   8 
1083	2  39  24 
1085	2  39  24 
1087	6  22  10 
1093	2   7   8 
1095	2   7   8 
1087	2  37  45 
1093	2  37  24 
1093	2  22  21 
1095	2  22  21 
1095	2  10  16 
1095	6  44  31 
1097	2   2   1 
1097	2  10  16 
1101	2  37  24 
1099	2  14   8 
1101	2  14   8 
1099	6  12  11 
1103	2   0  16 
1105	2  17  11 
1107	2  17  11 
1105	2   2   1 
1105	2  22  36 
1107	2  22  36 
1109	2   0  16 
1109	2  12  11 
1111	2   4  16 
1113	2   4  16 
1115	2  22  23 
1115	2  12  11 
1109	6  37  32 
1117	6  30  17 
1123	2  22  23 
1123	2  10   1 
1115	6  45  44 
1123	6  44  35 
1125	2   3  11 
1125	2  15  16 
1127	2  15  16 
1129	2   7  16 
1127	2   3  11 
1129	2  29  37 
1131	2   7  16 
1133	2  14  16 
1131	2  29  35 
1133	2  29  35 
1129	6  18  12 
1135	2  10   1 
1135	2  22  43 
1137	2  30  21 
1137	2   9  11 
1139	2  22  43 
1141	2  30  21 
1139	2   0   1 
1143	2  14  16 
1141	2   0   1 
1145	2   4   1 
1145	2  22  31 
1147	6   3   0 
1153	2   8  16 
1155	2   8  16 
1147	2  30  36 
1149	2  30  36 
1147	6  25  18 
1151	6  36  21 
1157	2  30  23 
1157	2   4   1 
1153	6  39  25 
1159	6  39  36 
1165	2  30  23 
1167	2  15   1 
1169	2   9  11 
1167	2  36  39 
1169	2  36  39 
1169	6  14   0 
1171	2  18  11 
1171	2  30  43 
1173	2  18  11 
1173	2  30  43 
1171	6  39  32 
1175	2   2  11 
1177	2   2  11 
1175	2  36  21 
1179	2  10  11 
1177	2  36  21 
1179	2  36  23 
1177	6  32  25 
1181	2  36  23 
1183	2  22  31 
1185	2  15   1 
1181	2  10  11 
1183	2   3  11 
1185	2  30  31 
1183	2  36  43 
1185	2   3  11 
1185	2  36  43 
1187	6  25  17 
1187	2  30  31 
1187	2   7   1 
1189	2   7   1 
1189	2  22  37 
1193	2  29  24 
1191	2   0   1 
1193	2   0   1 
1187	2   4  11 
1195	2  14  17 
1197	2  14  17 
1191	6  43  42 
1199	2   9  17 
1199	2  14  21 
1201	2  14  21 
1199	2   4  11 
1201	2   9  17 
1199	2  36  31 
1203	2  14  23 
1203	6  11   2 
1205	2  14  23 
1207	2  22  37 
1209	6  42  28 
1209	2  15   2 
1211	2  15   2 
1213	2   8   1 
1215	2  14  28 
1217	2   8   1 
1217	2  29  24 
1219	6  16   9 
1219	2  30  37 
1221	2  30  37 
1223	2  36  31 
1219	6  21  14 
1225	2  22  35 
1225	2  18  17 
1225	2   9   1 
1227	2  36  37 
1227	2  16  14 
1229	6  31  29 
1229	2  16  14 
1231	2  18  17 
1235	2  22  35 
1237	2  21  28 
1233	2  11  17 
1239	2  30  35 
1241	2  30  35 
1235	2   9   1 
1237	2   7   2 
1237	2  11  17 
1239	2   7   2 
1241	2   0   2 
1243	6  30  16 
1243	6  14   7 
1249	6  18   3 
1249	2  30  23 
1255	2   0   2 
1251	2  30  23 
1257	2  10  17 
1253	2  36  37 
1255	2  36  35 
1259	2  10  17 
1257	2  21  29 
1257	2   8   2 
1259	2   8   2 
1261	2  22  24 
1263	2  21  29 
1261	2   9   2 
1263	2   9   2 
1265	2  30  28 
1263	2  18  17 
1265	2   1   2 
1265	2  18  17 
1267	6   8   0 
1267	2  21  37 
1273	2   1   2 
1269	2  36  35 
1269	2  22  24 
1271	2  21  37 
1273	2  21  35 
1273	2  16  24 
1275	2   4  17 
1275	2  30  28 
1277	2  30  29 
1279	2  30  29 
1277	2   4  17 
1281	2  21  35 
1279	2  16  24 
1281	2  30  37 
1275	6   7   1 
1281	2   3   1 
1283	2  30  37 
1283	2  15  17 
1285	6  23  16 
1285	2   3   1 
1285	6  29  28 
1291	2  36  24 
1287	6   3   1 
1293	6  29  21 
1293	2   1  16 
1295	2   1  16 
1293	2  11   3 
1299	2  36  24 
1295	2  11   3 
1301	6  17   9 
1307	2  10   3 
1301	2  30  35 
1303	2  30  35 
1307	2  29  24 
1297	6   1   0 
1303	6  14   0 
1309	6  37  29 
1309	2  15   9 
1311	2   0   9 
1311	2  14  21 
1313	2   0   9 
1315	2  11  16 
1317	2  11  16 
1313	2  14  21 
1319	6  25  11 
1319	2  14  28 
1321	2   8   9 
1323	2   8   9 
1321	6  22  14 
1325	2  10   3 
1325	2  37  24 
1327	2  10  16 
1329	2  10  16 
1327	6  37  25 
1331	2  22  28 
1331	2   1   9 
1333	2  22  29 
1335	2  22  29 
1333	2   1   9 
1337	2  22  35 
1339	2  22  35 
1335	2  17   9 
1337	2  17   9 
1341	2  37  21 
1339	2  18   3 
1341	2  18   3 
1343	6  22  10 
1349	2  37  21 
1351	2  22  21 
1349	2   4   3 
1353	2  37  28 
1355	2  37  28 
1357	2  37  29 
1359	2  37  29 
1353	2  18  16 
1351	2   4   3 
1361	2  37  35 
1363	2  37  35 
1355	2  18  16 
1357	2   4  16 
1359	2   7   9 
1361	2  15   3 
1363	2  15   3 
1365	2   4  16 
1365	6  29  21 
1367	2   0   3 
1367	2  15  16 
1369	2   0   3 
1369	2  15  16 
1367	6  25  18 
1371	2  22  29 
1371	2   8   3 
1373	2   8   3 
1375	2   0  16 
1377	2   7   9 
1377	2  22  28 
1379	2   1   3 
1381	2   2   9 
1379	2  22  28 
1381	2  22  21 
1383	2   0  16 
1373	6  31  25 
1379	6  37  31 
1385	2  37  29 
1385	2   8  16 
1381	6  19   4 
1387	2  22  21 
1387	2   1   3 
1387	2  30  24 
1389	2  22  35 
1389	2  17   3 
1391	2  30  24 
1393	2  10  24 
1395	2  17   3 
1393	2  37  29 
1395	2  37  28 
1389	6   7   1 
1397	2   8  16 
1399	2   1   3 
1397	2  37  28 
1399	2  37  21 
1387	6  26  19 
1395	6  32  26 
1401	2   2   9 
1403	2   1   3 
1401	2  32  29 
1403	2  32  29 
1405	6  29  15 
1405	2   2   3 
1411	2   7  16 
1413	2  22  35 
1407	2   2   3 
1413	2   9   3 
1405	6  38  32 
1415	2  10  24 
1415	2  29  15 
1417	2   9   3 
1419	2   7  16 
1411	6  44  38 
1417	2  44  28 
1419	2  44  28 
1421	2  29  15 
1421	2  31  24 
1423	6  42  21 
1423	2  17  16 
1425	2  17  16 
1429	2  29  28 
1429	2   0  15 
1431	2   1  16 
1433	2   1  16 
1435	2   0  15 
1431	2  29  28 
1433	2  37  42 
1435	2  44  42 
1435	2  31  24 
1437	2   8  15 
1437	2  37  35 
1439	6  14   0 
1439	2  44  42 
1441	2  29  42 
1445	2  22  24 
1447	2  22  24 
1443	2  37  35 
1445	2  44  35 
1449	2   2  16 
1451	2   2  16 
1447	2  44  35 
1453	2  14  28 
1455	2   8  15 
1455	2  29  42 
1453	6  38  24 
1457	2  29  35 
1457	2   7  15 
1459	6  24  18 
1459	2  29  35 
1459	2  37  38 
1459	2   7  15 
1461	2   9  16 
1461	2  37  38 
1463	2   9  16 
1463	2  37  30 
1461	2  14  28 
1463	6  28  14 
1469	2  17  15 
1471	2  17  15 
1465	2  44  38 
1473	2   1  15 
1475	2   1  15 
1469	2  28  42 
1471	2  28  42 
1467	2  30  37 
1469	2  44  38 
1473	2  28  35 
1475	2  28  35 
1471	2  37  30 
1477	6  42  21 
1483	6  17  15 
1483	6  38  30 
1489	6  21   8 
1489	6  37  24 
1495	2  29  30 
1495	2   3  16 
1497	2  29  30 
1497	2   2  17 
1499	2  29  36 
1499	2   2  17 
1501	2   9  17 
1503	2   9  17 
1495	2  21  14 
1501	2  36  29 
1497	2  21  14 
1503	2  44  37 
1499	2   7  14 
1501	2   7  14 
1505	2  37  44 
1507	2  44  37 
1503	2  15  14 
1505	2  21   8 
1507	2  21   8 
1509	2  28  30 
1509	2  15  14 
1511	2   7   8 
1513	2   7   8 
1511	2  21  35 
1513	2  21  35 
1511	6  24   3 
1515	2  15   8 
1517	2  15   8 
1515	2  29  36 
1517	2  28  30 
1519	6  35  29 
1525	2  28  23 
1527	2  23  28 
1519	6  14   7 
1529	2  22  10 
1525	2   1   7 
1531	2  10  22 
1527	2   1   7 
1529	6   7   1 
1533	2  21  30 
1535	6  39  37 
1535	2  24  16 
1537	2  24  17 
1535	2   7   8 
1539	2  24  17 
1537	2   7   8 
1539	2   2   1 
1539	6  22  15 
1541	2   2   1 
1545	2  14  29 
1543	2   9   1 
1545	2   9   1 
1547	2  14  29 
1547	2  16  17 
1541	6  31  25 
1547	6   3   1 
1549	2  21  30 
1549	2  16  17 
1551	2  22  29 
1553	2  22  29 
1553	2   2   8 
1555	6  29  14 
1561	6  21   7 
1567	2  21  14 
1569	2  21  14 
1571	2   7   0 
1561	2  24   3 
1573	2   0   7 
1563	2  24   3 
1567	2  29  30 
1575	2   7   0 
1565	2  16   3 
1567	2  16   3 
1569	2  17   3 
1569	2  29  30 
1571	2  22  30 
1573	2  29  31 
1575	2  22  30 
1577	2  21  30 
1575	2  17   3 
1577	2   2   8 
1579	6  24  21 
1579	2   9   8 
1581	2   9   8 
1585	6  30  23 
1591	2  24  23 
1585	2  21   8 
1587	2   2  14 
1589	2  21   8 
1591	2   2  14 
1585	6  18  12 
1593	2  22  37 
1593	6  32  24 
1595	2   9  14 
1597	2  15  10 
1599	2   2  23 
1601	2   9  14 
1601	2  32  26 
1595	6  45  43 
1603	2   2  23 
1601	6  43  35 
1605	2  16   8 
1605	2  26  32 
1605	2  21  14 
1607	2  21  14 
1607	2  16   8 
1609	2  31  29 
1609	2  16  14 
1605	6   3   2 
1607	6  34  13 
1611	2   9  23 
1613	2  16  14 
1613	2  29  31 
1615	2  37  22 
1613	2   3  11 
1615	2  32  26 
1617	2  28  30 
1617	2  17   8 
1619	2   9  23 
1619	6  39  27 
1621	2  17   8 
1623	2  17  14 
1619	6  42  36 
1625	6  13   4 
1625	2  21  23 
1627	2  21  23 
1629	2  16  23 
1625	2   2   8 
1627	2   2   8 
1629	2  21  35 
1625	6  46  45 
1631	6  39  38 
1631	2  35  21 
1631	2  11   3 
1631	2  16  23 
1633	2  17  14 
1635	2   2  14 
1637	2   3  11 
1637	2  22  37 
1639	6  45  37 
1639	2   2  14 
1641	2   8  14 
1639	2  17  23 
1643	2   8  14 
1641	2  17  23 
1643	2  17  19 
1645	2   2  23 
1647	2   2  23 
1649	2   8  23 
1651	2   8  23 
1649	6  36  28 
1653	2  14  23 
1653	2   2   4 
1655	6  28  14 
1661	2  21  35 
1655	2  19  17 
1657	2   9  24 
1659	2   4   2 
1659	2  17  19 
1661	2  16  18 
1663	2  28  23 
1663	2   2   4 
1665	2  24   9 
1667	2   9  24 
1669	2  18  16 
1655	6  44  38 
1671	2  16  18 
1665	2  28  44 
1667	2  44  28 
1669	2  28  44 
1673	2  23  37 
1673	2   8  14 
1675	2  14   8 
1677	2   8  14 
1675	2  37  23 
1677	2  23  37 
