   1	6   6   4 
   1	2   7   8 
   3	2   7   8 
   5	2   7   1 
   7	2   7   1 
   9	2   8   1 
  11	2   8   1 
  13	2   7  15 
  15	2   7  15 
  17	2   8  15 
  19	2   8  15 
  21	2   1  15 
  23	2   1  15 
  25	2   7   9 
  27	2   7   9 
  29	2   8   9 
  31	2   8   9 
  33	2   7   0 
  35	2   7   0 
  37	2   8   0 
  39	2   1   9 
  41	2   1   9 
  39	2   7  14 
  41	2   7  14 
  43	6  23   7 
  49	2  23  21 
  51	2  23  21 
  53	2  15   9 
  55	2   8   0 
  57	6   7   1 
  55	6  23  11 
  61	2  11   4 
   1	6  43  42 
   7	6  43  36 
  63	2   8  14 
  63	2  11   4 
  61	6  36  24 
  65	2  15   9 
  65	2   7   0 
  65	2  11   5 
  67	6  42  30 
  67	2  11   5 
  69	2  11  20 
  71	2  11  20 
  73	2  11  10 
  67	2   7   0 
  69	2   8  14 
  71	2   7  14 
  73	2  15   0 
  73	6  32  30 
  75	2   7  14 
  77	2   8  21 
  75	2  11  10 
  77	2  11  17 
   1	6  48  41 
   7	6  41  34 
  73	6  34  27 
  13	6  48  47 
  79	6  47  33 
  79	2  15   0 
  81	2   9   0 
  83	2  11  17 
  83	2   8  21 
  85	6   8   2 
  91	2   9   0 
  79	6  20  19 
  85	6  19  11 
  91	2  19  25 
  93	6   4   2 
  93	2  15  14 
  95	2  15  14 
  93	2  19  25 
  97	2   7  21 
  95	2  19  24 
  97	2  19  24 
  99	6  27  19 
 105	2  27  32 
 107	2  27  32 
  99	2   4   2 
 101	2   9  14 
 103	2   7  21 
 105	2  15  21 
 107	2  15  21 
 103	2   4   2 
 109	2   9  14 
 111	2   7   2 
 113	2   7   2 
 115	2  15   2 
 117	2  15   2 
 109	2  27  26 
 111	2  27  26 
 105	2   4   5 
 107	2   4   5 
 109	2   4  11 
 111	2   4  11 
 113	2  27  19 
 115	2  27  19 
 117	2  27  33 
 113	6  11   4 
  85	6  48  47 
  91	6  47  46 
 119	2   0  14 
 119	2  11  10 
 119	2  27  33 
 121	6   5   4 
 121	2   9  21 
 123	2   9  21 
 127	2  11  10 
 129	2   9   2 
 125	2   0  14 
 131	2   9   2 
 121	2  27  48 
 129	2  11  17 
 131	2  11  17 
 123	2  27  48 
 125	6  40  27 
 131	2  40  47 
 127	6  15   7 
 133	6   7   2 
 133	2  11  25 
 135	2  11  25 
 133	2  40  47 
 135	2  40  39 
 137	2  40  39 
  97	6  45  44 
 127	6  30  28 
 137	6  25  11 
 139	2   0  21 
 141	2   0  21 
 143	6   4   1 
 143	2  14  21 
 149	2  15   1 
 151	2  14  21 
 153	2  15   1 
 155	2   2   1 
 157	2   0   7 
 143	2  25  24 
 145	2  25  24 
 147	2  25  32 
 149	2  25  32 
 151	2  25  26 
 153	2  25  26 
 155	2  25  19 
 157	2  25  19 
 139	6  46  40 
 145	6  48  41 
 149	6   5   4 
 143	6  36  29 
 145	6  46  38 
 151	2  38  31 
 153	2  38  31 
 155	2  38  45 
 157	2  38  45 
 151	6  47  40 
 155	6  10   4 
 159	2   0   7 
 159	2  25  33 
 159	2  38  37 
 155	6  16  15 
 161	6  32  25 
 161	2  38  37 
 161	2  14   7 
 163	2  14   7 
 161	2   2   1 
 163	2   9   1 
 165	2  21   7 
 167	2   9   1 
 169	2  21   7 
 171	2   0   1 
 169	2  16  10 
 171	2  16  10 
 173	2   2  10 
 175	2   2  10 
 167	2  32  33 
 177	2   0   1 
 177	2   9  10 
 169	2  32  41 
 171	2  32  41 
 173	2  32  40 
 175	2  32  40 
 177	2  32  39 
 173	6  21  15 
 173	6  24  23 
 173	6  26  19 
 163	6  44  36 
 179	2  32  39 
 181	2  32  31 
 179	2  16   4 
 181	2  16   4 
 183	2   2   4 
 185	2   2   4 
 183	2  16  17 
 185	2  16  17 
 187	2  16  11 
 183	2  32  31 
 189	2  16  11 
 185	2  32  45 
 187	2  32  45 
 189	2  38  30 
 191	6  10   2 
 191	2  16  23 
 197	2  10  17 
 191	2  32  37 
 197	2  14   1 
 199	2  10  17 
 201	2  16  23 
 203	2  16  25 
 203	2  38  30 
 201	6   4   3 
 205	2  32  37 
 205	2  14   1 
 207	2  15   1 
 209	2   9   2 
 207	2  38  44 
 209	2  38  44 
 211	6  18  16 
 177	6  41  34 
 211	6  40  31 
 217	6  38  22 
 217	2  18  25 
 217	2   0   2 
 219	2   9   3 
 221	2   0   2 
 219	2  18  19 
 221	2  18  19 
 221	6   5   4 
 223	2  15   1 
 225	2   7   1 
 223	2  18  26 
 225	2  18  26 
 223	6  32  31 
 227	2   9   3 
 227	6  26  18 
 233	2  10  11 
 235	2  10  11 
 229	2   7   1 
 237	2  10  23 
 239	2  10  23 
 233	2  26  33 
 235	2  26  33 
 237	2  26  34 
 239	2  26  34 
 231	6  14   8 
 241	6  29  14 
 241	2   9  17 
 243	2   9  17 
 245	2  10  25 
 247	6  39  26 
 247	2   9  11 
 249	2   8   2 
 251	2   8   2 
 247	2  22  29 
 249	2  22  29 
 251	2  22  21 
 249	6  17  10 
 253	2  22  21 
 253	2  39  32 
 253	6  34  26 
 255	2   0   3 
 255	2  39  32 
 257	2   0   3 
 257	2  31  30 
 259	6   3   0 
 265	2  17  25 
 265	2  15   2 
 267	2   9  11 
 259	2  39  34 
 269	2   3  10 
 269	2   8   0 
 261	2  31  30 
 263	2  39  34 
 271	2  15   2 
 265	2  39  40 
 267	2  39  40 
 269	2  39  45 
 271	2  39  45 
 265	6  34  27 
 265	6  31  30 
 271	6  25  17 
 273	2  30  44 
 275	2  30  44 
 273	2   7   2 
 275	2   8   0 
 277	6  45  38 
 277	2   3  10 
 277	2  15   0 
 279	2  15   0 
 277	2  25  19 
 279	2   3  11 
 281	2   8  10 
 281	2  25  19 
 277	2  30  29 
 279	2  30  29 
 281	6  30  29 
 283	2   3  11 
 285	2   8  10 
 287	6  29  21 
 287	2  25  18 
 287	2   7   2 
 289	2   1   2 
 291	2   7   0 
 289	2  25  18 
 291	2  25  33 
 283	6  39  38 
 293	2   7   0 
 293	2  25  33 
 289	2  38  37 
 291	2  38  37 
 293	2  38  31 
 293	2  21  29 
 291	6  16   4 
 297	2  15  10 
 299	2   9  23 
 301	2   9  23 
 295	2  25  26 
 297	2  25  26 
 299	2  25  32 
 301	2  25  32 
 303	6  11   9 
 309	2  25  27 
 311	2  25  27 
 309	2  15  10 
 311	2   1   2 
 311	2  22  16 
 295	6  45  43 
 301	6  45  36 
 307	6  46  44 
 313	6  33  20 
 313	2   8   9 
 313	2  21  29 
 313	2  38  31 
 315	2  38  46 
 317	2  38  46 
 319	2  38  30 
 315	2   8   9 
 321	2  38  30 
 317	2   1   0 
 319	2   1   0 
 313	2  11  17 
 315	2  11  17 
 319	2  11  19 
 317	2  15   9 
 319	2  15   9 
 321	2   7  10 
 315	6  43  28 
 319	6  40  33 
 323	2  38  29 
 323	2   7  10 
 321	6  43  42 
 325	2  11  19 
 325	2   2   0 
 325	2  38  29 
 327	6  19  11 
 327	2  22  16 
 327	2   2   0 
 329	2   7   9 
 329	2  22  28 
 331	2  21  16 
 327	6  32  25 
 327	6  38  37 
 333	2  22  28 
 333	2  19  18 
 335	2  22  35 
 337	2  22  35 
 333	2   7   9 
 335	2  19  18 
 339	2  21  16 
 341	2   1  10 
 341	2  22  36 
 343	2   1  10 
 337	2  19  20 
 339	2  19  20 
 343	2  22  36 
 345	2   2  10 
 347	2   2  10 
 333	2  32  33 
 335	2  32  33 
 345	2  21  28 
 341	2  19  26 
 343	2  19  26 
 337	2  32  39 
 339	2  32  39 
 341	2  32  38 
 343	2  32  38 
 345	2  19  25 
 347	2  19  25 
 347	2  21  28 
 345	6  23  16 
 349	2  21  35 
 349	2  19  27 
 349	2  32  31 
 351	2  37  23 
 351	2  19  27 
 351	2   1   9 
 353	6  38  32 
 353	2   3  16 
 355	2   3  16 
 357	2   3  17 
 353	2  21  35 
 357	2  21  36 
 353	6  26  19 
 359	6  11   3 
 359	2   8  16 
 361	2   8  16 
 359	2  26  33 
 361	2  26  33 
 359	2  38  31 
 359	2  21  36 
 363	2  15  16 
 361	2  38  46 
 363	2  26  39 
 365	2  26  39 
 365	2  11  17 
 361	6  43  28 
 365	6   8   2 
 367	2  37  23 
 367	2  26  32 
 369	2  38  46 
 371	2  38  30 
 371	2   2  17 
 369	6  33  26 
 373	2  37  43 
 373	2  11   3 
 373	2  22  28 
 367	6  20  13 
 375	6  38  36 
 375	2  15  16 
 381	2  36  30 
 375	2  11   3 
 377	2   2  17 
 379	2  15  17 
 381	2  15  17 
 379	2   2   3 
 381	2   2   3 
 383	2   1   9 
 383	2  11  18 
 385	2  11  18 
 381	2  33  32 
 383	2  33  31 
 383	2  22  28 
 385	2  36  29 
 385	2   7  16 
 385	2  33  31 
 377	6  13   5 
 385	6   3   2 
 387	2  36  29 
 387	2   7  16 
 389	2  36  23 
 387	2  11   5 
 391	2   1  16 
 389	2  11   5 
 391	2  21  28 
 391	2  37  43 
 391	2  11  19 
 393	2   8   9 
 387	2  33  46 
 393	2  11  19 
 389	2  33  46 
 393	2  36  23 
 391	6  39  33 
 395	2  36  43 
 395	2  15   2 
 397	6  26  11 
 403	2  26  25 
 397	2  36  43 
 397	2   8   9 
 397	2  21  28 
 403	2   1  16 
 399	2  37  35 
 401	2  37  35 
 403	2  36  35 
 397	6  46  40 
 403	6  39  31 
 405	2   8  16 
 405	2   3  18 
 407	2   8  16 
 405	2  36  35 
 407	2  26  25 
 407	6   5   4 
 409	2  15   2 
 409	2  26  27 
 411	2  26  27 
 409	2  31  30 
 411	2  31  30 
 407	6  44  35 
 411	6  17  15 
 413	2  37  38 
 415	2  37  38 
 411	6   2   0 
 417	2  31  29 
 417	2   7  15 
 419	2  31  29 
 417	2   2  10 
 421	2  31  23 
 423	2   7  15 
 423	2  36  38 
 425	2  31  23 
 419	2  26  11 
 427	2   1  15 
 421	2  26  11 
 423	2  26  33 
 425	2  26  33 
 427	2  26  32 
 427	2  37  28 
 423	6  11   3 
 429	2   7   0 
 429	2   2  10 
 429	2  31  43 
 431	6  33  26 
 431	2  37  28 
 431	2   1  15 
 433	2  36  38 
 431	2  11  18 
 435	2  36  28 
 433	2   7   0 
 433	2   2   9 
 435	2   1   0 
 433	2  17  18 
 435	2  17  18 
 433	6  23  22 
 437	2  11   4 
 437	2  36  28 
 437	2   2   9 
 437	2  33  32 
 439	6  18   3 
 439	2  33  39 
 445	2  11   4 
 441	2  33  39 
 443	2  33  40 
 445	2  33  40 
 439	2   8  15 
 447	2  31  43 
 441	2   8  15 
 447	2  10   9 
 449	2  11  19 
 443	2   1   0 
 449	2  31  44 
 449	2   2  16 
 451	2  17   4 
 451	2   8   0 
 451	6  39  33 
 453	2   8   0 
 453	2  17   4 
 455	2  10   9 
 457	6  19  11 
 457	2  31  44 
 459	2  31  38 
 457	2   2  16 
 463	2  19  11 
 459	2   2  15 
 465	2  17  11 
 461	2  31  38 
 467	2  17  11 
 469	2  31  28 
 461	6   7   2 
 467	2   2   3 
 469	2   2   3 
 471	6   3   1 
 477	2   3   1 
 471	2  31  28 
 479	2   2   4 
 481	2   2   4 
 483	2  10  16 
 473	2  19  25 
 475	2  19  25 
 477	2  19  27 
 479	2  19  27 
 481	2  19  18 
 473	2  39  30 
 483	2  19  18 
 475	2  39  30 
 477	6  39  30 
 485	2  10  16 
 485	2  19  26 
 487	2   7  15 
 483	2  30  29 
 487	2  17  25 
 489	2  17  25 
 489	2   7   0 
 485	2  30  29 
 489	2  30  22 
 487	6   4   2 
 491	2  30  22 
 493	2  30  43 
 495	2  30  43 
 497	2  30  44 
 493	2   3   1 
 499	2  30  44 
 495	2   4  11 
 497	2   3   2 
 491	2  19  26 
 499	2  10  15 
 493	6  27  19 
 499	6  40  27 
 501	2   7   0 
 501	2  30  38 
 503	2  30  38 
 501	2   9  16 
 503	2   8   1 
 501	2   4  11 
 503	6  25  17 
 505	2   8   1 
 509	2  40  32 
 507	2   3   2 
 509	2   4  17 
 509	2   7   1 
 511	2   3  11 
 505	2  30  28 
 511	2   9  16 
 511	2  40  32 
 511	2   7   1 
 507	2  30  28 
 509	6  45  29 
 513	2  40  33 
 513	2  25  19 
 513	2   8   2 
 515	6   1   0 
 515	2  10  15 
 517	2   9  15 
 519	2   3  11 
 521	2  10   1 
 515	2  40  33 
 523	2   9  15 
 517	2  40  27 
 519	2  40  27 
 521	2  25  19 
 523	2  25  18 
 521	2  40  39 
 523	2  40  39 
 523	6  12   4 
 525	2  16  15 
 527	2  16  15 
 525	2  25  18 
 527	2  25  26 
 525	2  40  45 
 527	2  40  45 
 525	6   2   0 
 531	2   8   0 
 533	2   7   0 
 529	2  12  17 
 531	2  25  26 
 533	2   3  17 
 533	2  12  19 
 529	6  30  22 
 529	6  45  40 
 535	2  45  30 
 537	2  45  30 
 535	2  10   1 
 537	2   9   1 
 535	2  12  19 
 535	2  25  32 
 537	2  12  18 
 515	6  35  28 
 521	6  42  35 
 539	2  10   2 
 539	2  45  43 
 539	2   7   0 
 539	2  25  32 
 541	2  45  43 
 541	2  25  33 
 541	2   9   1 
 539	6  19  12 
 543	2  10   2 
 543	2  25  33 
 543	2  45  44 
 543	6  15   0 
 545	2  25  27 
 547	2  25  27 
 549	2  25  39 
 549	2  16   1 
 545	6  43  37 
 551	6  31  25 
 551	2  45  44 
 551	2   9   2 
 553	2  10  15 
 555	2  16   1 
 555	6  11   3 
 557	2  31  39 
 559	2  31  40 
 561	2  31  40 
 563	2  31  30 
 565	2  31  30 
 561	2   8   3 
 561	2  19  18 
 563	2  10  15 
 567	2  31  37 
 565	2   9   2 
 565	2  11  17 
 563	2  19  26 
 569	2  31  37 
 565	2  19  26 
 567	2   8   3 
 569	2   8  17 
 553	6  43  42 
 563	6  40  39 
 567	6  26  19 
 571	2  45  38 
 573	2  26  32 
 573	2  45  38 
 571	2   8  17 
 573	2   9  15 
 575	2  26  32 
 577	2  31  44 
 575	2   9  15 
 579	2  45  43 
 581	2  31  44 
 573	2  11  12 
 577	2  26  33 
 573	2   0   1 
 575	2   0   1 
 577	2  16   2 
 579	2  16   2 
 583	2  31  38 
 581	2   0   2 
 581	2  16  15 
 585	2  31  38 
 583	2  16  15 
 583	2   0   2 
 585	2   1   2 
 587	2   1   2 
 575	2  11  12 
 577	2  11  18 
 579	2  26  33 
 587	2  45  43 
 579	2  11  18 
 581	2  11  19 
 583	2  11  19 
 585	2  26  27 
 587	2  26  27 
 585	6  18  11 
 589	2   0  15 
 589	2  31  43 
 591	6  23  17 
 591	2  26  40 
 593	2  26  40 
 595	2  26  39 
 591	6   8   3 
 597	6  32  26 
 597	2   3  12 
 597	2   0  15 
 599	2  17   4 
 599	2   7   8 
 601	2   7   8 
 603	2  31  43 
 601	2   3  12 
 603	2  10   8 
 599	6  28  22 
 605	6  35  28 
 605	2  32  39 
 605	2  17   4 
 607	2   3  11 
 607	2  32  30 
 609	2  18  26 
 607	2   1  15 
 609	2   7  23 
 609	6   4   3 
 611	2  18  26 
 611	2   1  15 
 613	2   7  23 
 615	6  34  18 
 615	2   2  15 
 617	2   2  15 
 611	6  45  43 
 615	6  31  30 
 619	6   7   2 
 621	2   4  11 
 621	2  32  31 
 623	2  32  37 
 623	6  11   4 
 625	2  34  33 
 627	2  32  37 
 621	6  23  17 
 617	6  47  46 
 625	6  21  14 
 629	2  23  29 
 629	2  34  33 
 629	2  11  19 
 631	6  12  11 
 631	2  34  27 
 633	2  34  27 
 635	2  32  44 
 631	2  23  29 
 633	2  23  22 
 635	2  23  22 
 629	6   3   2 
 635	6   2   0 
 637	2  23  21 
 639	2  23  21 
 637	2  12  19 
 639	2  12  26 
 637	6  42  35 
 641	2  10   8 
 641	2  34  40 
 637	6  45  37 
 641	6  19  12 
 643	2   9   8 
 643	2  34  40 
 643	2  23  28 
 645	2  10  17 
 645	2  34  39 
 645	2  14   0 
 645	6  30  23 
 647	2   9   8 
 647	2   3  11 
 649	2  10  17 
 647	2  19  26 
 649	2  19  33 
 649	2  14   0 
 651	6  40  34 
 651	2  16   8 
 651	2   3  11 
 653	2   9  17 
 653	2   3   4 
 655	2  10  11 
 651	2  30  28 
 653	2  14  29 
 655	2  16   8 
 647	6  46  45 
 655	2  30  45 
 651	6  26  19 
 655	6  21  14 
 657	2   2   8 
 657	2  30  45 
 657	2  26  33 
 659	2  40  39 
 659	2  26  27 
 661	2  40  31 
 659	2   2   8 
 663	2  40  31 
 665	2  40  46 
 657	2  10  11 
 661	2  26  27 
 667	2  26  34 
 669	2  40  46 
 661	2   9  17 
 663	2   9  11 
 665	2   1   8 
 667	2   1   8 
 665	2  16  17 
 667	2  16  17 
 665	2   3   4 
 671	2  32  44 
 661	2  21  29 
 669	2   9  11 
 673	2  26  34 
 675	2  26  39 
 671	2  10   4 
 677	2  32  38 
 671	2   7   8 
 673	2  10   4 
 679	2  26  39 
 681	2  26  31 
 663	2  21  22 
 673	2   7   8 
 675	2   9   4 
 677	2   9   4 
 683	2  26  31 
 665	2  21  22 
 675	2  21  14 
 677	2  21  14 
 679	2  15   8 
 681	2  15   8 
 679	2  21  28 
 681	2  21  28 
 679	6   4   3 
 685	6  20   4 
 685	2  32  38 
 687	2  32  37 
 689	2  32  37 
 681	6  47  46 
 683	6   8   7 
 691	6  46  40 
 691	2  16  11 
 693	2  20  12 
 695	2  16  11 
 697	6  33  26 
 697	2  16   3 
 697	2  20  12 
 699	2  10  12 
 697	2  46  44 
 701	2   2  17 
 703	2   2  17 
 699	2  46  44 
 703	2  33  47 
 705	2  16   3 
 703	2  20  19 
 705	2  46  38 
 705	2  20  19 
 683	6  35  28 
 689	6  28  21 
 689	6   7   0 
 695	2  21   7 
 697	2  21   7 
 699	2  21  29 
 701	2  21  29 
 707	6  23   7 
 707	2  46  38 
 707	2  20  26 
 709	2  33  47 
 711	2  20  26 
 707	6  11  10 
 701	6  43  42 
 707	6  36  28 
 713	6  24  18 
 713	2  46  37 
 713	2  20  27 
 713	2  21  22 
 715	2  20  27 
 715	2  36  45 
 717	2  36  45 
 715	2  21  22 
 717	2  20  34 
 717	2  21  14 
 713	6   9   4 
 719	6  33  32 
 719	2   2  10 
 719	2  21  14 
 719	2  30  24 
 721	2  11  12 
 723	2   4  12 
 721	2  28  23 
 723	2  21  35 
 723	2   1  17 
 719	6  45  44 
 719	6  27  20 
 715	6  48  47 
 725	6  47  45 
 725	2  27  34 
 725	2  11  19 
 725	2  28  23 
 727	2  25  23 
 729	2  28  29 
 727	2   2  10 
 731	2  28  29 
 729	2   1  17 
 731	2  32  47 
 729	2   4  12 
 731	2   2   3 
 731	2  11  19 
 727	6  34  27 
 731	6  17  16 
 733	2   4  19 
 735	2  34  39 
 737	2  34  39 
 733	2  28  22 
 735	2  21  35 
 735	2   2   3 
 737	2   8  16 
 735	6  19  11 
 739	2  32  47 
 739	2   8  16 
 737	6  35  21 
 741	2  34  31 
 743	2  19  26 
 745	2  25  23 
 741	2   1  10 
 747	2  34  31 
 743	2   4  11 
 745	2   1  10 
 747	2   1   3 
 747	2  15  16 
 743	6  43  35 
 749	6   3   2 
 749	2  34  48 
 755	2   1   2 
 751	2  34  48 
 749	2  28  22 
 749	2  32  38 
 749	2  17  12 
 751	2  28  14 
 749	2  43  44 
 751	2  17  12 
 753	2  17  11 
 753	2  19  26 
 755	2  19  20 
 757	2  19  20 
 751	2  32  38 
 753	2  28  14 
 755	2  28  21 
 757	2  28  21 
 755	2  15  16 
 757	2   8  10 
 751	2  43  44 
 753	2  46  37 
 755	2  34  47 
 757	2  34  47 
 755	2  30  24 
 755	6  44  42 
 759	2   3  12 
 759	6  29  24 
 761	2   3  12 
 765	2   0  16 
 767	2   8  10 
 769	2   8   2 
 765	2  36  29 
 767	2  25  24 
 763	2  19  27 
 765	2  19  27 
 769	2  17  11 
 767	2  36  29 
 769	2  28  42 
 769	2  32  37 
 759	6  47  41 
 765	6  47  46 
 771	2  15  10 
 771	2  25  24 
 771	2  36  45 
 767	6  41  34 
 773	6  26  19 
 773	2  35  23 
 775	2  15  10 
 775	2  41  38 
 777	2   0  16 
 775	2  28  42 
 777	2   3  11 
 777	2  36  45 
 777	6  48  40 
 779	2   8   2 
 779	2  35  23 
 779	2   4  19 
 781	2   4  19 
 781	2  44  23 
 781	6   2   1 
 783	2  17  19 
 785	2  17  19 
 783	2  43  29 
 785	2  43  29 
 783	6  41  39 
 787	2  15   1 
 787	2   4  20 
 789	2   4  20 
 789	2  15   1 
 789	2  43  45 
 787	2  28  29 
 789	2  28  29 
 787	6  25  17 
 791	2  39  38 
 791	6  12   3 
 793	2  44  23 
 795	2  43  45 
 795	2   7  23 
 793	6  33  26 
 797	2   7  23 
 797	2  43  46 
 797	2  12  11 
 799	2  12  19 
 799	2  32  37 
 797	2   2   3 
 799	2   2   3 
 799	6  17  15 
 805	2   2  11 
 801	2  33  41 
 803	2  33  41 
 805	2  33  31 
 805	2  15  22 
 801	6  45  44 
 799	6  35  28 
 805	6  42  36 
 807	2   8   3 
 809	2   8   3 
 807	2  33  31 
 807	2  12  19 
 809	2  25  20 
 811	6  13   4 
 811	2  33  40 
 813	2  33  40 
 815	2  43  46 
 815	2  33  34 
 811	2  15  22 
 813	2  15  14 
 815	2  15  14 
 811	6   1   0 
 813	6  24  23 
 817	2  35  44 
 819	2  35  44 
 821	2  28  23 
 817	2  13  27 
 819	2   2  11 
 819	2  33  34 
 821	2  13  27 
 821	6  10   8 
 823	2  25  20 
 825	2  25  27 
 827	6  47  33 
 827	2  28  23 
 827	2  12  20 
 829	2  28  22 
 829	2  12  20 
 827	2   1   8 
 829	2   1   8 
 829	2  17   3 
 831	2  10  11 
 831	2  16   8 
 821	6  45  37 
 829	6  37  30 
 833	2  39  45 
 833	2  17   3 
 833	2  28  22 
 833	2   1   0 
 831	6  20  13 
 835	2  39  45 
 835	2  30  23 
 835	2  28  14 
 835	2   1   0 
 835	2  10  11 
 833	6  41  34 
 837	2  16   8 
 835	6  26  25 
 839	2  30  23 
 839	2  15  21 
 839	2   1   3 
 841	6  31  25 
 841	2   1   3 
 841	2  28  14 
 843	2  16   0 
 845	2  16   0 
 841	2  20  34 
 843	2  20  34 
 837	6  46  44 
 843	2  35  44 
 845	2  35  44 
 845	6  34  20 
 847	2  17  11 
 847	2  30  22 
 849	2   7  23 
 851	2   7  23 
 853	2   8   0 
 853	2  30  22 
 853	2  34  25 
 847	6  39  38 
 853	2  47  39 
 847	6   3   2 
 851	6  13   5 
 855	2  26  27 
 855	2  30  14 
 857	2  26  20 
 855	2  47  39 
 857	2  30  14 
 859	2  34  25 
 859	2  15  21 
 859	2  47  45 
 861	2  26  20 
 861	2  28  21 
 861	2   8   0 
 861	2  47  45 
 861	2  31  24 
 853	6  11  10 
 859	6   5   3 
 863	2  34  40 
 863	2  31  24 
 863	2   7  22 
 865	6  40  34 
 865	2  17  10 
 865	2   5  19 
 867	2   5  19 
 865	2  31  23 
 867	2  16   2 
 869	2  11  19 
 865	2  28  21 
 869	2  15  36 
 869	6  31  24 
 871	2  40  34 
 871	2   5   3 
 873	2  40  41 
 871	2   7  22 
 873	2  15  36 
 873	2  12  27 
 863	6  46  45 
 875	2  33  31 
 877	2  40  41 
 879	2  40  39 
 881	2  40  39 
 883	2  40  46 
 875	2   7  14 
 875	2  16   2 
 877	2   8   2 
 877	2  24  23 
 875	2  28  36 
 875	2  11  19 
 879	2   8   2 
 877	2  28  36 
 879	2  30  21 
 877	2  12  27 
 879	2  17  19 
 881	2  26  25 
 881	2  15  29 
 881	2   5   3 
 883	2  26  25 
 883	2   1  10 
 883	2  30  21 
 883	2  12  20 
 885	6  44  35 
 885	2  33  31 
 887	2  32  31 
 885	2  11   3 
 887	2   0   2 
 889	2  32  31 
 887	2  17  19 
 889	2   7  14 
 889	2  11   3 
 887	2  40  46 
 889	2  26  34 
 885	6   6   5 
 891	6  21  15 
 891	2  38  31 
 891	2   6  27 
 893	2  12  20 
 895	2   6  27 
 891	2   1  10 
 893	2  30  36 
 893	2  17   3 
 897	2   7  15 
 899	2  16  10 
 901	2  16  10 
 895	2  38  31 
 897	2  12  25 
 899	2  12  25 
 903	2   8  10 
 897	2  30  36 
 899	2  21  29 
 901	2   6  20 
 903	2   6  20 
 901	2  28  29 
 903	2  28  29 
 897	6  45  44 
 901	6  33  31 
 907	2  31  23 
 907	2  11  27 
 909	6  20  13 
 909	2  17   3 
 911	2   0   2 
 911	2  24  22 
 913	2  24  22 
 915	2   8  10 
 909	2  47  33 
 915	2  31  23 
 911	2  26  34 
 913	2  47  33 
 915	2  26  41 
 903	6  44  42 
 915	6  36  21 
 917	2  11  27 
 919	2  11  13 
 919	2  26  41 
 915	6  46  45 
 917	6  24  23 
 921	2  11  13 
 921	2  26  39 
 921	2  36  42 
 921	2   7  15 
 923	6  39  24 
 923	2  36  42 
 929	2  32  39 
 929	2  30  29 
 923	6   2   0 
 929	2   2  10 
 923	6  34  20 
 929	2  12  20 
 929	6  41  34 
 931	2   2  10 
 931	2  23  14 
 931	2  32  39 
 933	2  30  29 
 935	2  23  14 
 931	2  12  20 
 933	2  38  39 
 935	2  36  35 
 935	2  46  41 
 933	6  19   3 
 937	2  28  42 
 939	2   1   3 
 937	2  38  39 
 939	2  26  24 
 939	2  36  35 
 939	2  47  39 
 939	6  13   6 
 941	2   1   3 
 941	2  40  33 
 943	2  16   3 
 943	2  40  33 
 945	2  31  22 
 941	6  44  36 
 941	6  19  18 
 945	6   3   1 
 947	2  28  42 
 947	2  13  25 
 949	2  28  35 
 949	2  13  25 
 947	2  46  41 
 949	6  46  41 
 951	2  28  35 
 951	2  13  20 
 951	2  23  15 
 953	2  13  20 
 951	2   3  18 
 953	2  11  25 
 953	2  16   1 
 953	6  43  28 
 955	2  47  39 
 955	2   8   1 
 955	2   3  18 
 957	2  16  18 
 959	2   8   1 
 957	2  40  39 
 959	2  44  46 
 959	2  11  25 
 961	6  34  26 
 961	2  40  39 
 961	2   7  21 
 963	2  44  46 
 963	2   2   1 
 965	2   2   1 
 963	2  31  22 
 965	2  23  15 
 965	2  43  46 
 955	6  20  13 
 961	2  11  13 
 967	2   7  21 
 969	2  30  42 
 963	2  11  13 
 967	2  12  26 
 971	2  30  42 
 969	2  12  26 
 973	2  23  21 
 971	2  20  26 
 973	2  20  26 
 973	2  43  46 
 967	6  10   2 
 973	2   0   2 
 975	6  18   9 
 981	2  16   9 
 981	2  11  26 
 975	2  30  35 
 977	2  30  35 
 975	6  47  45 
 975	6  14   7 
 981	2  14  29 
 981	6  48  45 
 983	2   0   2 
 985	2   0   1 
 987	2   0   1 
 987	2  44  45 
 983	2  23  21 
 983	2  11  26 
 987	2  12  24 
 987	2  34  47 
 983	6  42  35 
 985	6  21  14 
 989	2  12  24 
 989	2  44  45 
 989	2   2   1 
 989	2  34  47 
 991	6  31  22 
 991	2  34  33 
 997	2  21  29 
 999	2  23  29 
 997	2  32  31 
1001	2  22   7 
 997	2  43  45 
1003	2   8   9 
 999	2  32  31 
1001	2  38  31 
1005	2   8   9 
1001	2  34  33 
1003	2  30  46 
1005	2  21  35 
1005	2  38  31 
 991	6  20  18 
 997	6  18  17 
1003	2  18  27 
1005	2  18  27 
1007	6  46  31 
1007	2  10   9 
1013	2  17  24 
1007	2  21  35 
1009	2  21  42 
1013	2  48  46 
1015	2  48  46 
1015	2  17  24 
1009	2   2   1 
1011	2  21  42 
1013	2  22   7 
1015	2  22  15 
1007	6  27  12 
1017	2  23  29 
1019	2  23  35 
1013	2   3  12 
1017	2  34  39 
1021	2  23  35 
1019	2  40  46 
1015	2   3  12 
1021	2  34  39 
1017	6  12   3 
1023	6  42  36 
1023	2  18   6 
1025	2  18   6 
1023	2  40  46 
1027	2  34  46 
1027	2  12   6 
1029	2  12   6 
1027	2  18  25 
1029	2  18  25 
1029	2  34  46 
1027	2  10   9 
1023	2  22  15 
1025	2  22  14 
1027	2  22  14 
1029	2  16   3 
1031	2  16   3 
1033	2  23  36 
1035	2  23  36 
1031	6   6   5 
1031	6  41  27 
1029	6  14   7 
1031	6  38  32 
1037	6  28  14 
1037	2  41  47 
1039	2  41  47 
1037	2  43  45 
1037	2  12  25 
1039	2  18  13 
1039	2  30  31 
1041	2  12  25 
1039	6  45  43 
1043	2  22  29 
1043	2   8   3 
1043	2  41  33 
1043	6  24  17 
1045	2   8   3 
1045	2  22  29 
1047	2  22  35 
1045	2  41  33 
1047	2  41  39 
1047	6  26  19 
1049	2  41  39 
1049	2  30  43 
1049	2   0   9 
1051	2  41  46 
1051	2  10   3 
1051	2  22  35 
1051	6  32  24 
1053	2  41  46 
1053	2   0   9 
1057	2  18  13 
1053	2  22  36 
1055	2  22  36 
1055	2   2   9 
1057	2   2   9 
1057	2  30  43 
1059	6  31  28 
1059	2   1   9 
1065	2  32  47 
1059	2  18  19 
1061	2  10   3 
1065	2  21  28 
1067	2  21  28 
1063	2   0   3 
1065	2   0   3 
1067	2   1   9 
1069	2   2   3 
1061	2  18  19 
1071	2   2   3 
1063	2  12  13 
1065	2  12  13 
1067	2  38  31 
1067	2  12  19 
1069	2  11  17 
1071	2  12  19 
1069	2  38  31 
1071	2  24  31 
1069	6  43  29 
1073	2   1   3 
1073	2  24  31 
1067	6  47  34 
1073	6  48  40 
1075	2  11  17 
1077	2   1   3 
1077	2  18  17 
1075	2  21  29 
1077	2  21  29 
1075	6  45  31 
1081	2  31  26 
1079	2   9   3 
1083	2  40  45 
1081	2   9   3 
1083	2  23  28 
1079	6  12  11 
1085	6   5   2 
1085	2  32  34 
1085	2  23  28 
1087	2  22  28 
1087	2  40  45 
1087	2  18  17 
1089	2  48  45 
1089	2  32  33 
1089	2  22  28 
1091	6  20  12 
1091	2  16   2 
1091	2  48  45 
1093	2  16   2 
1095	2  23  29 
1095	2   8   2 
1097	2   8   2 
1097	2  11  17 
1097	2  31  26 
1099	6  25  16 
1099	2  47  45 
1105	2  25  16 
1099	2  20  34 
1101	2  20  34 
1101	2  47  45 
1107	2  25  16 
1103	6  38  36 
1103	6  34  20 
1099	6   5   4 
1099	6  21   7 
1109	6  47  41 
1109	2  25  13 
1111	2  25  13 
1113	2  32  33 
1115	2  32  39 
1117	2  32  39 
1109	2  36  15 
1113	2  18  20 
1111	2  36  15 
1113	2   8  16 
1115	2  18  20 
1113	2  36  21 
1115	2   8  16 
1115	2  36  21 
1117	2  36  43 
1117	2  10   2 
1117	6  30  24 
1119	2  10   2 
1121	2   0   2 
1119	2  47  45 
1119	2  36  43 
1123	2  25  19 
1125	2  25  19 
1123	2   0   2 
1125	2   4   2 
1121	2  36  35 
1123	2  23  29 
1127	2   4   2 
1129	2   1   2 
1131	2   1   2 
1125	2  30  15 
1127	2  30  15 
1129	2  30  21 
1121	2  47  45 
1119	2  34  33 
1129	2  10  16 
1131	2  22  29 
1121	2  34  33 
1131	2  24  26 
1123	6  46  40 
1129	6  47  45 
1133	2  10  16 
1133	2  30  21 
1129	6  13  12 
1133	6  25  18 
1135	2   9   2 
1135	2  30  43 
1137	2   9   2 
1137	2  30  43 
1135	6  47  34 
1139	2   3   2 
1139	2  36  35 
1139	2  11  17 
1135	6  14   7 
1141	6  12  11 
1141	2  47  39 
1141	2  22  29 
1141	2   3   2 
1141	2  24  26 
1143	2  25  33 
1147	2  12  20 
1143	2  36  38 
1145	2  47  39 
1147	2  32  40 
1145	2  30  35 
1147	2  30  35 
1147	2  18  17 
1141	6   7   0 
1147	6   8   3 
1153	2   7  16 
1149	2  32  40 
1151	2  36  38 
1155	2  18  17 
1151	2  47  40 
1149	2  12  20 
1153	2  32  34 
1155	2  47  40 
1153	2  36  28 
1155	2  30  38 
1151	6  20  12 
1155	6  14   2 
1157	2  30  38 
1161	2   7  16 
1161	2  36  28 
1161	2   3  11 
1157	2  25  33 
1159	2  32  34 
1161	2  20  33 
1159	6  46  45 
1163	2  20  33 
1165	2  25  39 
1163	2   3  11 
1163	2  30  28 
1165	2  36  29 
1165	2  10  11 
1165	6  27  20 
1167	2  25  39 
1167	2  10  11 
1167	2  30  28 
1169	2   4  16 
1169	2  36  29 
1163	6   7   1 
1169	6  33  25 
1171	2   4  16 
1173	2   7  16 
1173	2  30  29 
1175	6  26  24 
1175	6  45  36 
1169	6  48  47 
1173	6  11   3 
1181	2  48  34 
1179	2   1   3 
1181	2  18  12 
1183	2  48  34 
1183	2  11  19 
1181	2  30  29 
1181	2   7  16 
1183	2  36  15 
1185	6   2   1 
1185	2  26   5 
1187	2  26   5 
1189	2  11  19 
1189	2  33  40 
1185	6  30  15 
1191	6  15   1 
1191	2  10  19 
1193	2  11  17 
1191	2  33  40 
1193	2  27  39 
1191	2  36  30 
1195	2  10  19 
1195	2  33  34 
1195	6  45  30 
1197	2   2   3 
1197	2  33  34 
1197	2  11  17 
1199	2   9  16 
1199	2   4   3 
1199	2  18  12 
1199	6   7   1 
1201	2  47  45 
1201	2  36  21 
1201	2   9  16 
1201	2  18  25 
1201	2   4   3 
1203	2  11  12 
1205	2  11  12 
1203	2  47  45 
1205	2  15  24 
1205	6  47  45 
1207	2  10  17 
1207	2  36  21 
1209	2  15  24 
1209	2  36  43 
1199	6  34  27 
1209	6   3   2 
1211	2  41  47 
1213	2  41  47 
1211	2  36  43 
1213	2  36  35 
1211	2  23  24 
1213	2  23  24 
1207	6  19   5 
1211	6  39  32 
1215	2   8  16 
1215	2  36  35 
1215	2   3   5 
1213	6  26  18 
1217	2   8  16 
1217	2  46  47 
1219	2  14  16 
1219	2   1   2 
1221	2  10  17 
1221	2   1   2 
1219	2  46  47 
1219	2  26  25 
1221	2  39  47 
1221	6  42  21 
1223	2   3   5 
1223	2  34  32 
1225	2  39  47 
1225	2   4   5 
1225	2   9   2 
1223	6  19  18 
1227	2   9   2 
1227	2   4   5 
1227	2  45  42 
1227	6  40  33 
1233	2  34  33 
1229	2  36  38 
1229	2   3  17 
1231	2  22  24 
1235	2  34  33 
1233	2   3  17 
1235	2  15  18 
1237	2  15  18 
1239	2   8   2 
1241	2   8   2 
1237	2  34  27 
1239	2  34  27 
1241	2  26  32 
1233	2  48  47 
1235	2  48  47 
1237	2  40  47 
1239	2  40  47 
1239	2   4  17 
1241	2   4  17 
1231	6  44  35 
1229	6  13   6 
1237	6  42  37 
1241	6  41  40 
1243	2  45  37 
1243	2  23  18 
1245	2  22  24 
1245	2  45  43 
1247	2  14  16 
1247	2  40  37 
1243	6   5   3 
1247	6  25  18 
1249	2   1   3 
1251	2   1   3 
1253	2   9   3 
1253	2  11  18 
1249	2  40  37 
1253	2  26  32 
1251	2  45  43 
1253	2  46  37 
1249	6  13   5 
1251	6  48  41 
1255	2  10  12 
1255	2  23  25 
1255	2  45  44 
1253	6  14   7 
1257	2   9   3 
1257	2  11  18 
1257	2  26  33 
1257	2  46  37 
1253	6  42  28 
1257	6  24  23 
1259	2  10  12 
1259	2  26  33 
1259	2  36  38 
1261	2  26  27 
1263	2  30  23 
1261	2  10  18 
1261	2  13  12 
1261	2  45  44 
1263	2  45  38 
1263	2  13  12 
1261	2  36  42 
1263	2  10  18 
1263	2  26  27 
1263	2  36  42 
1259	6  47  41 
1259	6   7   0 
1265	2  36  29 
1265	2   0   2 
1265	2   4  12 
1267	2  30  23 
1267	2   0   2 
1267	2  13  18 
1265	2  45  38 
1269	2   1  17 
1267	2  45  42 
1265	2  34  41 
1267	2  34  41 
1269	2   4  12 
1269	2  39  37 
1271	2  22  25 
1271	6   3   1 
1273	2  13  18 
1273	2  39  37 
1275	2  22  25 
1275	6  45  43 
1277	2  14  23 
1279	2   8   1 
1277	2   4  18 
1279	2  30  25 
1275	6  47  40 
1281	6  17   9 
1281	2  40  37 
1283	2  43  42 
1283	2  47  45 
1285	2  47  45 
1285	2  36  29 
1279	6  21  14 
1279	6  12   4 
1283	6  33  26 
1289	2  47  44 
1291	2  47  44 
1287	2  12  18 
1287	2   3   9 
1289	2   8   1 
1289	2   3   4 
1287	2  21  23 
1291	2   0   1 
1291	2   3   4 
1291	2  17   9 
1289	6  22  21 
1293	2  46  45 
1293	2   0   1 
1293	2  17   9 
1293	2  33  41 
1293	6  36  31 
1295	2   8   9 
1297	2  16   2 
1295	2  33  41 
1295	2  46  45 
1293	6  19   5 
1299	6  47  44 
1305	2  39  45 
1299	2   8   9 
1301	2   0   9 
1307	2  39  45 
1303	2  17   4 
1305	2   0   9 
1309	2  46  47 
1305	2  30  25 
1307	2   3  18 
1309	2  16   2 
1311	2  16   1 
1311	2  46  47 
1307	2  43  29 
1309	2  44  38 
1311	2  44  38 
1305	6  41  34 
1309	6  19  11 
1313	2  16   1 
1313	2  40  37 
1315	6  30  23 
1315	2   2   1 
1317	2   2   1 
1315	2  44  42 
1315	2  19  32 
1317	2  44  42 
1317	2  19  32 
1319	2  40  45 
1319	2  19  26 
1315	6  10   4 
1321	6  48  45 
1321	2  17  10 
1323	2   8  10 
1325	2   8  10 
1327	2  16   9 
1327	2  43  29 
1327	2  40  48 
1321	2  19  26 
1323	2  19  27 
1325	2  19  27 
1323	6  25  24 
1327	6  20   4 
1333	2  19  34 
1329	2  22  24 
1331	2  16   9 
1333	2   2   9 
1329	2  45  37 
1331	2  39  47 
1331	2  31  30 
1333	2  46  38 
1333	2  22  24 
1327	6   7   0 
1331	6  42  36 
1335	2  20  32 
1337	2  46  38 
1335	2   2   9 
1337	2   3  18 
1335	6  23  15 
1339	2  45  37 
1339	2  20  32 
1341	6  44  36 
1341	2  23  11 
1341	2  20  26 
1341	2  39  47 
1343	2  40  47 
1343	2  23  11 
1345	2   1   9 
1345	2  39  38 
1347	2  45  48 
1349	2  46  44 
1343	2  20  26 
1345	2  20  27 
1347	2   1   9 
1347	2  20  27 
1345	2  25  11 
1347	2  25  11 
1351	2  46  44 
1349	2  31  30 
1349	2  17  18 
1351	2  17  18 
1353	6  46  37 
1359	2  43  30 
1361	2  43  30 
1363	2  45  48 
1353	2   7  10 
1363	2  36  29 
1355	2   7  10 
1357	2  16  10 
1359	2  16  10 
1361	2   2  10 
1363	2   2  10 
1349	6  27  13 
1357	6  21  14 
1353	6  32  25 
1359	2  27  25 
1365	2  40  47 
1365	2  36  29 
1367	2  39  38 
1361	2  27  25 
1369	2  41  46 
1363	2  12  25 
1369	2  37  29 
1365	2  12  25 
1367	2   1  10 
1369	2   1  10 
1371	2   9  10 
1373	2   9  10 
1371	2  37  29 
1367	2  27  26 
1373	2  45  47 
1375	2  45  47 
1369	2  27  26 
1371	2  12  26 
1377	2  41  46 
1369	2  31  24 
1379	2  33  46 
1371	2  31  24 
1373	2  36  30 
1375	2  36  30 
1377	2  37  30 
1379	2  37  30 
1375	6  11   8 
1381	6  30  24 
1381	2  19  34 
1383	2  39  44 
1383	2  12  26 
1385	2  11  18 
1387	2  11  18 
1387	2  43  30 
1383	2  41  48 
1385	2  41  48 
1387	2  20  34 
1381	2  14   8 
1383	2  14   8 
1385	2  15   8 
1387	2  15   8 
1385	6  46  39 
1389	2  27  13 
1389	2  22   8 
1389	6  18   3 
1391	2  22   8 
1395	2  18  25 
1391	2  46  44 
1391	2  27  13 
1393	2  43  30 
1397	2  18  25 
1395	2  12  13 
1397	2  12  13 
1393	2  33  39 
1395	2  40  38 
1397	2  40  38 
1393	6  16   8 
1395	6  43  29 
1399	2  20  34 
1399	2  17  25 
1401	2  18  26 
1403	2  18  26 
1401	2  41  47 
1399	2  45  38 
1401	2  31  16 
1403	2  31  16 
1403	2  41  47 
1405	6  39  33 
1405	2  36  30 
1411	2  45  38 
1413	2  39  48 
1415	2  46  43 
1405	2  18  13 
1411	2  27  34 
1413	2  27  34 
1417	2  39  48 
1407	2  18  13 
1417	2  29  16 
1409	6  13   5 
1395	6   3   2 
1409	6  25  18 
1415	6  26  12 
1419	2  46  43 
1419	2   7   2 
1419	6  22  16 
1421	2   7   2 
1421	2  19  33 
1423	2  19  33 
1419	6  31  24 
1421	6  46  44 
1425	2  20  33 
1427	2  41  38 
1429	2  40  46 
1425	2   8   2 
1427	2   8   2 
1431	2  39  47 
1429	2   3   2 
1431	2   3   2 
1425	2  29  22 
1433	2   1   2 
1429	2  36  30 
1425	2  17  18 
1427	2  11  18 
1431	2  36  22 
1435	2   1   2 
1429	2  17  12 
1433	2  40  46 
1435	2  26  34 
1431	2  17  12 
1433	2  11  18 
1433	2  44  31 
1435	2  11  12 
1437	2   9   2 
1437	2  11  12 
1437	2  26  34 
1435	2  39  47 
1437	2  45  46 
1435	2  37  30 
1437	2  37  30 
1433	6  15   7 
1439	6  18  17 
1439	2   9   2 
1439	2  36  22 
1439	2  20  33 
1441	2  44  31 
1445	2  10   2 
1441	2  27  33 
1443	2  41  38 
1445	2  45  46 
1445	2  27  33 
1441	6  29  22 
1445	6  48  41 
1447	2  44  30 
1447	2  26  33 
1451	2  25  34 
1453	2  26  33 
1449	2  44  30 
1455	2  25  34 
1451	2  37  29 
1447	2  10   2 
1453	2  39  38 
1455	2  39  38 
1447	6  16  15 
1453	6  44  43 
1457	2  25  33 
1457	2  16  17 
1457	2  48  46 
1449	6  12  11 
1455	6   4   1 
1459	2  16  17 
1461	2  16  11 
1463	2  16  11 
1459	2  37  29 
1459	2  25  33 
1465	2  18   5 
1461	2  43  29 
1467	2   8  17 
1469	2   8  17 
1471	2   3  17 
1463	2  43  29 
1473	2   8  11 
1475	2   3  17 
1477	2  18   5 
1459	2  48  46 
1461	2  39  46 
1463	2  39  46 
1461	6  41  27 
1467	6  40  38 
1479	2   4  17 
1481	2   4  17 
1483	2   9  17 
1479	2  19  27 
1481	2  19  27 
1483	2  12   5 
1473	2  38  44 
1475	2  38  44 
1483	2  20  27 
1477	2  45  44 
1479	2  45  44 
1481	2  38  31 
1483	2  38  31 
1473	6  47  40 
1485	6  34  19 
1485	2   9  17 
1487	2  10  17 
1489	2  10  17 
1491	2  20  27 
1491	2   2  17 
1491	2  12   5 
1485	2  38  30 
1487	2  38  30 
1489	2  38  29 
1491	2  38  29 
1493	6  33  20 
1493	2   2  17 
1493	6  48  46 
1493	6  37  29 
1495	6   5   3 
1499	2  18  19 
1499	2  34  40 
1499	2  45  31 
1501	6  47  34 
1501	2  16   3 
1503	2   8  11 
1505	2  16   3 
1505	2  18  19 
1501	6  44  38 
1507	2   5  11 
1509	2   8   3 
1509	2  12  19 
1511	2   5  11 
1507	2  45  31 
1513	2   4  11 
1507	2  47  40 
1509	2  33  40 
1511	2  41  27 
1513	2  41  27 
1509	2  45  30 
1511	2  46  38 
1513	2  46  38 
1511	6  24  16 
1515	2  47  34 
1515	2   4  11 
1517	2  26  27 
1517	2  46  31 
1519	2  46  31 
1517	2   9  11 
1519	2  26  27 
1519	2   9  11 
1521	2  18  20 
1523	2  10  11 
1521	2  33  40 
1525	2  10  11 
1527	2   8   3 
1523	2  25  27 
1527	2  12  19 
1521	2  45  30 
1529	2   5   3 
1523	2  41  40 
1525	2  47  34 
1529	2  25  27 
1531	2  24  19 
1533	2  24  19 
1531	2  33  34 
1533	2  33  34 
1527	2  47  48 
1529	2  47  48 
1523	2  45  37 
1525	2  45  37 
1527	2  39  38 
1529	2  39  38 
1531	6  47  45 
1535	2   5   3 
1535	2  18  20 
1537	6  20  18 
1537	2   4   3 
1543	2   2  11 
1537	2  45  38 
1545	2   4   3 
1545	2  12  18 
1539	2  46  30 
1541	2  39  31 
1543	2  20  27 
1547	2   2  11 
1549	2   9   3 
1551	2   9   3 
1553	2  10   3 
1543	2  45  38 
1555	2  10   3 
1557	2   2   3 
1545	2  46  30 
1545	2  20  27 
1549	2  12  18 
1551	2  12  27 
1547	2  46  37 
1553	2  12  27 
1557	2  17  11 
1559	2   2   3 
1549	2  39  31 
1551	2  45  31 
1551	2  41  40 
1553	2  45  31 
1555	2  26  40 
1559	2  24  18 
1557	2  46  37 
1557	2  41  34 
1559	2  33  48 
1553	6  15   8 
1559	6  16  15 
1561	2  26  40 
1563	2  41  34 
1563	2  39  30 
1563	6  19   3 
1569	2  25  40 
1565	6  45  37 
1571	6  47  41 
1571	2  24  18 
1573	2  17  11 
1575	2  16   3 
1571	6  27  26 
1571	6  39  38 
1577	2  17  19 
1579	2  16   3 
1581	2   5   3 
1579	2  27  34 
1577	2  38  30 
1583	2   5   3 
1585	2   4   3 
1581	2  16  18 
1583	2  16  18 
1579	2  37  30 
1581	2  33  48 
1583	2  27  34 
1587	2   4   3 
1585	2  24  26 
1583	2  47  48 
1585	2  47  48 
1587	2  17  19 
1581	2  38  45 
1587	2  37  30 
1587	2  33  39 
1587	6  48  41 
1589	2  33  39 
1593	2  27  41 
1595	2  47  39 
1589	2   5  18 
1597	2  38  45 
1595	2  24  26 
1597	2  11  19 
1599	6  40  25 
1605	2  27  41 
1599	2   9   3 
1601	2   9   3 
1603	2  10   3 
1599	2  37  45 
1601	2  37  45 
1605	2   5  18 
1607	2  10   3 
1607	2  40  25 
1603	6  38  30 
1609	2   2   3 
1609	2  20  25 
1611	2   4  18 
1609	2  40  34 
1611	2  33  31 
1613	6  33  31 
1613	2   4  18 
1615	2   9  18 
1617	2   9  18 
1619	6  26  12 
1619	2  47  39 
1619	2   2   3 
1621	2  17   3 
1625	2  27  39 
1623	2  17   3 
1625	2  10  18 
1627	2  11  19 
1627	2  40  34 
1629	2  20  25 
1631	2  27  39 
1629	2  11   3 
1631	2  11   3 
1633	6  12   3 
1633	2  31  33 
1635	2  26  25 
1637	2  26  25 
1639	2  10  18 
1641	2   2  18 
1643	2  24  25 
1635	2  40  41 
1643	2  19  12 
1645	2  31  38 
1637	2  40  41 
1645	2   2  18 
1639	6  34  27 
1645	6  41  33 
1651	2  40  39 
1647	2  19  12 
1647	2  16   3 
1649	2  17  18 
1651	2  17  18 
1653	2  11  18 
1655	2  11  18 
1657	2  16   3 
1649	2  20  27 
1651	2  20  27 
1653	2  26  27 
1655	2  20  33 
1657	2  20  33 
1653	2  31  38 
1655	6  46  38 
1659	2  19  18 
1659	2   5   3 
1659	6  48  34 
1661	2  19  18 
1663	2  24  25 
1661	2   5   3 
1665	2  12  18 
1665	2  31  45 
1665	2  26  27 
1663	2   4   3 
1667	2  26  33 
1665	2   4   3 
1665	2  47  41 
1669	2  16  25 
1669	2  40  39 
1671	2  16  25 
1671	2  47  41 
1667	6  13   5 
1673	2  24  27 
1675	2   9   3 
1677	2   9   3 
1679	2  10   3 
1675	2  12  18 
1673	2  47  46 
1675	2  31  45 
1675	2  26  33 
1677	2  13  25 
1679	2  13  25 
1675	2  48  41 
1677	2  48  41 
1681	2   4  25 
1679	2  47  46 
1681	2  48  46 
1683	6  25  16 
1683	2  47  45 
1685	2  40  41 
1687	2  48  46 
1689	6  33  26 
1689	2  47  45 
1689	2   4  16 
1691	2  10   3 
1695	2  40  41 
1697	2  24  27 
1699	2  40  46 
1699	2   9  16 
1699	2  25  27 
1693	6   6   4 
1699	6  12   4 
1701	2  48  45 
1701	2  25  27 
1701	2   9  16 
1703	2  24  26 
1703	2  48  45 
1705	6  12   6 
1705	2  10  16 
1707	2  24  26 
1709	2  25  26 
1707	2   2   3 
1709	2   2   3 
1711	2  10  16 
1711	2  25  26 
1713	2  17   3 
1705	2  40  46 
1709	2  40  45 
1711	2  40  45 
1713	2  48  47 
1715	2  40  31 
1717	2  31  40 
1715	2   2  16 
1719	2  40  31 
1717	2   2  16 
1713	2  13  27 
1715	2  13  27 
1717	6  26  20 
1721	2  47  48 
1723	2  26  39 
1725	2  26  39 
1721	2  17   3 
1723	2  11   3 
1727	2  33  39 
1727	2  13  20 
1725	2  11   3 
1723	2  17  16 
1727	2  48  47 
1725	2  17  16 
1729	2  12  27 
1731	6  39  26 
1731	6  11   9 
1737	6  19  10 
1743	2  10   3 
1745	2  10   3 
1743	2  13  20 
1737	2  39  41 
1747	2   4   3 
1749	2   4   3 
1739	2  39  41 
1743	2  33  26 
1745	2  24  26 
1741	2  39  46 
1751	2  18   3 
1753	2  18   3 
1747	2  33  41 
1749	2  33  41 
1743	2  39  46 
1751	2  39  45 
1753	2  39  45 
1751	6  27  13 
1755	2  39  37 
1755	2   9  16 
1757	6  32  24 
1757	2   9  16 
1757	2  12  13 
1759	2  11  13 
1761	2  12  20 
1761	6   3   2 
1763	2  32  26 
1765	2  12  20 
1765	2  37  39 
1765	2  25  26 
1757	6  41  34 
1767	2  32  34 
1769	2  32  34 
1767	2  11  13 
1769	2  10  16 
1771	2  10  16 
1769	2  19  13 
1771	2  39  37 
1771	2  25  26 
1771	6  20  12 
1773	2  33  46 
1775	2  25  34 
1775	6  46  39 
1777	2   4  16 
1779	2  11  12 
1781	2   4  16 
1777	2  27  26 
1779	2  27  26 
1781	2  33  39 
1783	2  32  39 
1781	2  19  13 
1783	2  11  12 
1783	2  20  26 
1785	6  13  11 
1785	2  32  39 
1791	2  18  16 
1787	6  39  33 
1793	6  45  39 
1793	2  20  26 
1799	2  45  39 
1795	2  25  34 
1801	2  45  39 
1797	2  27  34 
1803	2  45  30 
1793	2   3  11 
1805	2  30  45 
1799	2  27  34 
1807	2  45  30 
1795	2   3  11 
1797	2  19  12 
1799	2  19  12 
1801	2  13  26 
1801	2  17  11 
1803	2  13  26 
1809	2  32  39 
1805	2  19  26 
1807	2   3  12 
1809	2  18  16 
1807	6  41  27 
1811	2  32  39 
1811	2  17  11 
1813	6  46  44 
1813	2  20  34 
1815	2  25  33 
1817	2  25  33 
1819	2  32  38 
1821	2  41  33 
1813	2   9  11 
1823	2  38  32 
1815	2   3  12 
1819	2  17  12 
1821	2  17  12 
1823	2  20  34 
1823	2   9  11 
1825	6  34  20 
1825	2  10  11 
1825	2  25  39 
1827	2   2  16 
1829	2  10  11 
1831	2   9  12 
1831	2  41  33 
1825	6  43  37 
1831	6  37  31 
1833	2   2  16 
1833	2   4  11 
1835	2   4  11 
1837	2   9  12 
1833	2  34  33 
1839	2  18  11 
1841	2  18  11 
1843	2  10  12 
1837	2  32  38 
1845	2  19  26 
1845	6  11   3 
1847	2  34  33 
1849	2  25  39 
1851	2  10  12 
1851	2  25  27 
1853	6  26  24 
1859	2  27  25 
1861	2  41  39 
1853	2   4  12 
1855	2   4  12 
1861	2  11  24 
1863	2  11  24 
1865	2  17  24 
1867	2  17  24 
1861	2  13  20 
1865	2   2   3 
1867	2   2   3 
1863	2  41  39 
1865	2  34  39 
1863	2  13  20 
1865	2  19  20 
1867	2  19  20 
1869	2  11  20 
1867	2  41  46 
1869	2  46  41 
1869	6  16   9 
1871	2  18  12 
1873	2  18  12 
1871	2  34  39 
1875	2  16  24 
1875	2  11  20 
1877	2  17  20 
1879	2  16  24 
1873	2  41  46 
1879	6  20  11 
1885	6  25  13 
1891	2  17  11 
1891	2  13  27 
1885	6   3   2 
1891	2   9   2 
1839	6  37  29 
1893	2  16  11 
1895	2  16  11 
1897	2   3  12 
1899	2  10  24 
1901	6  12   3 
1907	2  12   3 
1901	2  34  31 
1903	2  25  33 
1905	2  25  33 
1907	2  25  39 
1903	6  30  16 
1909	6  24  17 
1909	2   9   2 
1911	2   9   3 
1913	2   9   3 
1915	2  10  17 
1917	2   2   3 
1909	2  19  33 
1911	2  19  33 
1913	2  20  33 
1915	2  20  33 
1917	2  25  39 
1919	6  39  27 
1919	2  10  11 
1921	2   4  17 
1923	2   4  17 
1909	6  36  29 
1925	6  32  30 
1925	2   2   3 
1927	2  10  11 
1925	2  19  27 
1927	2  19  27 
1929	2  18  17 
1929	2  20  27 
1931	6  22   8 
1931	2  20  27 
1931	2  18  17 
1933	2  12  17 
1935	2  12  17 
1937	6  33  31 
1943	2  25  37 
1937	6  12   4 
1937	6  16   8 
1945	6  29  15 
1945	2  12  11 
1947	2  12  11 
1949	2  18  11 
1951	2  18  11 
1945	2  24  31 
1947	2  24  31 
1945	2  33  34 
1947	2  34  33 
1949	2  32  31 
1951	2  32  31 
1949	6  27  26 
1953	2  10  31 
1955	2   4  11 
1957	2   4  11 
1955	2  24  26 
1957	2  24  26 
1959	2  32  26 
1961	2  32  26 
1959	2   9  17 
1961	2   9  17 
1963	6  26  12 
1963	2   2  17 
1965	2   2  17 
1967	2   3  17 
1959	6  30  22 
1969	6  31  25 
1969	2   9  11 
1971	2   9  11 
1973	2   2  11 
1975	6  23  15 
1975	2  10  25 
1977	2  26  25 
1981	2  37  31 
1983	2  31  37 
1979	2  26  25 
1981	2  18  25 
1983	2   3  17 
1981	6  14   8 
1985	2  10  12 
1985	2  32  30 
1987	6  15   8 
1987	2  10  12 
1993	2   2  11 
1987	2  30  32 
1989	2  32  30 
1995	6  26  19 
1995	2  24  29 
1995	2   3  11 
1997	2   3  11 
1997	2  29  24 
1999	2  17  11 
1995	6   8   1 
2001	6  10   2 
2001	2  19  12 
2001	2  24  29 
2003	2  19  12 
2005	2  18  25 
2007	2  17  11 
2009	2   4  25 
2003	6  42  21 
2009	6  22  21 
2011	2  18  12 
2011	2   2   7 
2013	2  18  12 
2015	2  18  27 
2017	2  26  23 
2013	2   7   2 
2015	2   2   7 
2019	6  31  15 
2019	6  12   3 
2015	6  35  28 
2025	6  15   0 
2025	2   4  25 
2027	2  27  18 
2027	2   4   3 
2029	2  18  27 
2029	2   4   3 
2021	6  36  28 
2031	2   4   1 
2027	6  39  36 
2033	2  23  26 
2035	2   9  25 
2037	2   9  25 
2039	2  19  31 
2039	2   9   3 
2041	2   9   3 
2041	2  31  19 
2043	6   9   4 
2043	6  39  27 
2049	2  26  23 
2049	2   4   5 
2051	2  10  25 
2053	2  10  25 
2055	2  12  25 
2055	2  10   3 
2051	6  15   8 
2057	2  12  25 
2057	2   1   9 
2059	2  10   3 
2059	2  19  31 
2061	2  12   3 
2063	2  12   3 
2061	2  17  25 
2063	2  17  25 
2065	6  20  19 
2065	2  17   3 
2067	2  17   3 
2069	2  17  15 
2071	2   9   1 
2071	2  11  25 
2073	2  11  25 
2075	2   5   4 
2077	2  11   3 
2079	2  11   3 
2075	6  25  16 
2051	6  42  36 
2061	6  35  29 
2067	6  36  30 
2073	6  29  21 
2079	6  21   7 
2081	2  16   3 
2083	2  16   3 
2085	2  16  30 
2081	2  19  25 
2085	2  12  27 
2087	2  27  12 
2087	2  30  16 
2089	2  16  30 
2089	2  12  27 
2085	6   3   1 
2091	2  25  19 
2091	2  10  22 
2091	2   1   7 
2093	2  19  25 
2093	2  22  10 
2093	2   7   1 
2095	2   1   7 
2095	2  10  22 
2097	2  11   8 
2099	2   4   5 
2099	2  15  17 
2101	2   8  11 
2103	2  11   8 
2105	2  17  15 
