   1	2   5   6 
   3	2   5   6 
   5	2   5   1 
   7	2   5   1 
   9	2   6   1 
  11	2   6   1 
  13	2   5  11 
  15	2   5  11 
  17	2   6  11 
  19	2   6  11 
  21	2   1  11 
  23	2   1  11 
   1	6  22  20 
  25	2   5   7 
  25	6  20  16 
  27	2   5   7 
  29	2   6   7 
  31	2   6   7 
  33	2   5   0 
  35	2   1   7 
  37	2   5   0 
  39	2   1   7 
  39	2   5  10 
  41	2   6   0 
  43	6  15   5 
  49	2  11   7 
  49	6   1   0 
  51	2  11   7 
  53	2  15  10 
  55	2  15   5 
  57	2  15   5 
  59	6  17  15 
  65	2  17  16 
  59	2   6   1 
  61	2   0   1 
  63	2   0   1 
  65	2   6  10 
  67	2   6  10 
  67	2  17  16 
  69	2  11   1 
  71	2  17  12 
  73	2  11   1 
  75	2   0  10 
  77	2   6   5 
  75	2  17  12 
  77	2  17  15 
  79	2   7   1 
  81	2   6   5 
  79	2  17  15 
  83	2   0  10 
  85	2  11  10 
  87	2   0   5 
  81	6   8   2 
  81	6  18  17 
  87	2  18   8 
  89	2   7   1 
  89	2  11  10 
  81	6  21  20 
  89	6  21  17 
  95	2   6  16 
  97	2   6  16 
  99	2   0   5 
 101	2   6  12 
  99	6  16  15 
 103	2   6  12 
 105	2  11   5 
 105	2  18   8 
 107	6  10   0 
 107	2  18  13 
 109	2  18  13 
 111	2  18  17 
 107	6   7   2 
 113	2  18  17 
 115	2  18  22 
 113	2   2   0 
 115	2   2   0 
 113	2  10  15 
 115	2  10  15 
 117	6   8   7 
 117	2  18  22 
 117	2  11   5 
 119	2   1   0 
 121	2   1   0 
 119	2  11  15 
 121	2  11  15 
 119	2  18  23 
 123	2  10  12 
 125	6  12   6 
 131	2  12  16 
 125	2  18  23 
 133	2  12  16 
 135	2  12   7 
 131	6   5   1 
 137	2  10   6 
 139	6   2   0 
 139	2  10  16 
 141	2  10  16 
 145	2  11   6 
 147	2   0   1 
 147	2  12   7 
 127	6  23  18 
 143	2  23  21 
 145	2  23  21 
 147	2  23  19 
 147	6  15  10 
 149	2  12  13 
 149	2  23  19 
 151	2  12  13 
 153	2  12  17 
 155	2  11   6 
 157	6  17  12 
 157	2   0   1 
 159	2   0  10 
 161	2   0  10 
 153	6  24  14 
 159	2  23  24 
 161	2  23  24 
 159	6   8   3 
 163	2   5   1 
 163	2  11  16 
 163	6  23  19 
 165	2  11  16 
 165	2   5   1 
 167	2   0   6 
 169	2   0   6 
 167	2  17  12 
 169	2  17  22 
 165	6   9   8 
 171	2   2   1 
 171	2   5  10 
 173	2   5  10 
 175	2   5   6 
 177	2   2   1 
 171	2  17  22 
 171	2  19   9 
 173	2  17  18 
 175	2  17  18 
 177	2  17  21 
 177	2  19   9 
 177	6  11  10 
 179	2  17  21 
 181	2  17  23 
 183	6  18  17 
 183	2   5   6 
 189	2  18  23 
 191	2  18  24 
 193	2  18  24 
 185	6   5   0 
 179	6   9   3 
 195	2  19   9 
 197	2  19   9 
 185	6  11   7 
 191	2   2   7 
 191	2  15  11 
 193	2  15  11 
 195	2  10  11 
 197	2  10  11 
 193	2   2   7 
 199	2   2   6 
 201	2   1   7 
 203	2   1   7 
 205	6   8   3 
 199	6  17  15 
 205	6  16  10 
 205	6  18  14 
 211	2  17  13 
 211	2   2   6 
 211	6  24  19 
 213	2  17  13 
 217	2  14   8 
 213	2   5  10 
 215	2  17  12 
 215	2   5  10 
 217	2   5  11 
 219	6  10   5 
 219	2  14   8 
 225	2   1   6 
 227	2   0   5 
 229	2   0   5 
 219	2  17  12 
 231	2   1   6 
 233	2   7   6 
 221	2  17  22 
 223	2  17  22 
 225	2  17  15 
 227	2  17  15 
 235	2  10  11 
 237	2   7   6 
 229	2  17  21 
 231	2  17  21 
 233	2  17  23 
 235	2  17  23 
 237	2  17  19 
 239	6  18  16 
 239	6   6   5 
 245	6  11   1 
 251	2   0   1 
 253	2   0   1 
 245	2  14   9 
 247	2  18  13 
 249	2  14   9 
 255	2   2   6 
 251	2  17  19 
 253	2  18  13 
 253	6  16  15 
 257	2  18  12 
 259	2   2   6 
 259	6  17  13 
 261	2  11   6 
 263	2   2   1 
 265	2   2   1 
 265	2  18  12 
 263	6  15  10 
 269	2  11   6 
 267	2  18  22 
 269	2  18  22 
 271	2   7   6 
 273	2   7   6 
 271	2  15  17 
 273	2  15  17 
 275	6  17  12 
 275	2   5   6 
 277	2   5   6 
 281	2  15  17 
 283	2  11   1 
 283	2  13   8 
 285	2  15  17 
 285	6   6   0 
 287	2  18  16 
 289	2  18  16 
 291	6  12   6 
 297	2  12   6 
 299	2  12   6 
 291	6  23  18 
 297	2  23  21 
 299	2  23  21 
 301	6  14   8 
 301	2  12  17 
 303	2  12  17 
 305	2  11   1 
 305	2  23  18 
 307	2   2   6 
 307	2  23  18 
 309	2   7   1 
 311	2   2   6 
 309	2  23  19 
 311	2  23  19 
 311	6  17  12 
 307	6  21  15 
 313	6  23  19 
 317	2  11   6 
 313	6   8   2 
 319	2   7   1 
 321	2   5   1 
 319	2  21  22 
 321	2  21  22 
 323	2  21  16 
 325	2  21  16 
 319	2  13  14 
 321	2   8  12 
 323	2   5   1 
 321	2  19  14 
 323	2  19  14 
 323	2   8  12 
 325	2  13   9 
 327	2  11   6 
 327	2  13   9 
 327	2  17  22 
 329	6  22  18 
 329	2   0   1 
 335	2  17  18 
 331	2   7   6 
 335	2  21  15 
 337	2  21  15 
 333	2   7   6 
 335	2   5   6 
 337	2  11  12 
 337	2   0   1 
 339	2   5   6 
 339	2  17  16 
 337	2  19   9 
 339	2  19   9 
 341	2   0   6 
 341	2  21  22 
 341	6  18  14 
 343	2  11  12 
 345	2   7  12 
 343	2  21  22 
 347	2   7  12 
 347	2  21  23 
 349	6  12  11 
 349	2   8  14 
 349	2  21  23 
 351	2   8  14 
 355	6   8   7 
 355	2  17  16 
 357	2  17  15 
 359	2  17  15 
 361	2  12  14 
 363	2  12  14 
 361	6  23  21 
 365	2   5  11 
 367	2   0   6 
 369	2   5  11 
 367	2  17  22 
 369	2  17  22 
 365	2   8  14 
 371	2  17  21 
 373	2  17  21 
 367	2   8  14 
 371	2   1   6 
 373	2   1   6 
 369	6  14   9 
 375	2  23  18 
 377	2  23  18 
 375	6   9   3 
 379	2  17  18 
 381	2  17  18 
 375	6  11   5 
 381	2   0   5 
 381	6  11   7 
 387	2  11  16 
 387	2   7   3 
 389	2   7   3 
 383	2   0   5 
 391	2   1   5 
 393	2   1   5 
 389	2  11  16 
 391	2  12  16 
 393	2  12  16 
 395	2  11  15 
 397	6  21  11 
 403	6  18  16 
 403	2   6   5 
 405	2   6   5 
 409	2  21  15 
 411	2  21  22 
 409	6  18  14 
 413	2  21  22 
 395	6   3   2 
 407	2   0   2 
 409	2   0   2 
 411	2   1   2 
 413	2   1   2 
 411	6  15  11 
 415	2   8  14 
 417	2   6   2 
 415	2  23  18 
 417	2  21  15 
 417	2  23  18 
 419	6   2   0 
 419	2  12  11 
 419	2  21  15 
 421	2  12  11 
 423	2  17  18 
 425	2  12  22 
 417	6  14   9 
 427	2   8   9 
 427	2   6   0 
 427	2  17  18 
 429	2  12  22 
 429	2   5   0 
 429	6   9   3 
 431	2   5   0 
 435	2   7   3 
 437	2   7   3 
 439	2   2   3 
 431	2  21  16 
 433	2  21  16 
 435	6  16  15 
 435	6  22  18 
 441	6  12  11 
 441	2  21  22 
 441	2   2   3 
 443	2   1   3 
 445	2   1   3 
 443	2  21  22 
 447	6  21  11 
 447	6  18   8 
 453	6  11   1 
 459	6   3   1 
 459	2  18  12 
 461	2  18  12 
 465	2   7  12 
 467	2  18   8 
 467	2   6   1 
 459	2  21  16 
 469	2   7  12 
 461	2  21  16 
 471	2   6   1 
 473	2   2  12 
 475	2   2  12 
 463	2  21  15 
 465	2  21  15 
 469	2  21  22 
 471	2  21  22 
 473	6  21  15 
 477	2  11  12 
 477	2   5   1 
 479	6  12  10 
 485	2  18   8 
 485	2   5   1 
 487	6  18  16 
 487	2   0   1 
 489	2   0   1 
 493	2  16  18 
 487	2   7   8 
 489	2   7   8 
 495	2  11  10 
 491	2   2   8 
 497	2  16  18 
 493	2   2   8 
 499	6  10   0 
 499	6  17   7 
 505	2   6   0 
 507	2   6   0 
 505	2  17  18 
 507	2  17  18 
 509	6   8   6 
 509	2  16  21 
 511	2  16  21 
 513	2  17  21 
 515	2  11   6 
 517	2   5   0 
 515	2  17  21 
 519	2  11   6 
 517	6  18  13 
 523	2   8   6 
 525	2   5   0 
 521	2  16  22 
 523	2  16  22 
 527	2  10   0 
 525	2  17  22 
 529	2  10   0 
 527	2  17  22 
 525	6   8   2 
 529	6  21  17 
 531	2   8  13 
 531	2   1   0 
 533	2   2   6 
 533	2   8  13 
 535	6  17  13 
 535	2   5   6 
 537	2   1   0 
 539	2   5   6 
 541	6  17  11 
 547	2  17  11 
 541	2   8  13 
 549	2  17  11 
 543	2   8  13 
 545	6   7   2 
 551	2   7  11 
 553	2   7  11 
 555	6  11   5 
 551	6  22  18 
 561	2  10   6 
 557	2   8  18 
 559	2   8  18 
 563	2  10   6 
 561	2  17  13 
 563	2  17  13 
 565	6   8   7 
 565	2  17  18 
 567	2  17  18 
 565	2  11   5 
 567	2  11   5 
 569	2  10   5 
 569	2  17  21 
 571	6  16  12 
 571	2  10   5 
 573	2   1   6 
 575	2   1   6 
 577	2   0   6 
 579	2   0   6 
 577	2   8  13 
 577	2  21  17 
 579	2   8  13 
 579	2  17  21 
 581	6  13  11 
 587	2   1   5 
 589	2   1   5 
 591	2   0   5 
 587	2   8  18 
 593	2   0   5 
 589	2   8  18 
 591	2   8  12 
 593	2  12   8 
 587	6  16  15 
 595	2  13  11 
 597	6  10   6 
 597	6  17  16 
 603	2  10   5 
 603	2   8  12 
 605	2  13  11 
 607	2  10   5 
 607	2  13  18 
 609	6  18   8 
 609	2   6  11 
 611	2   6  11 
 613	2   1  11 
 615	2   1  11 
 615	2  13   8 
 617	6   8   6 
 623	6  11   5 
 615	6  23  19 
 623	6   9   3 
 629	2   8   6 
 621	6  23  22 
 631	2   8   6 
 627	6  23  18 
 633	6  24  23 
 633	2   8   9 
 633	2   0   5 
 635	2   0   5 
 637	2   1   6 
 635	2  13  17 
 639	2   1   6 
 637	2   9   8 
 639	2   8   9 
 641	6  19   9 
 641	2   1   2 
 643	2   0   6 
 645	2  10   5 
 645	2   2   1 
 647	6  18  17 
 647	2  10   5 
 649	2  11   5 
 651	2   0   6 
 653	2  11   5 
 653	2   1   2 
 655	2  10   6 
 657	2  10   6 
 653	2  18  13 
 655	2  13  18 
 653	6  22  21 
 659	6  23  18 
 659	2  11   6 
 661	2  11   6 
 663	2   5   6 
 655	6   3   2 
 665	6  18  12 
 665	2   5   6 
 661	6   9   3 
 667	6   2   0 
 673	2   6  12 
 675	2  12   6 
 673	2   2   3 
 677	2   6  12 
 675	2   3   2 
 677	2   2   3 
 659	6  21  15 
 667	2  10  15 
 669	2  15  10 
 671	2  10  15 
 679	2  11  17 
 681	2  17  11 
 679	2   5   0 
 683	2  11  17 
 681	2   0   5 
 683	2   5   0 
