   1	6  34  16 
   1	2   6   7 
   3	2   6   7 
   5	2   6   1 
   7	2   6   1 
   9	2   7   1 
  11	2   7   1 
   7	6  20  16 
  13	2   6  13 
  15	2   6  13 
  17	2   7  13 
  19	2   6   8 
  21	2   7  13 
  13	6  22  17 
  23	2   1  13 
  25	2   1  13 
  21	6  22   9 
  27	2   6   8 
  29	2   7   8 
  31	2   6   0 
  33	2   7   8 
  35	2   6   0 
  37	2   7   0 
  39	2   7   0 
  41	2   1   8 
  41	2   6  12 
  27	6  11   4 
  43	2   1   8 
  43	2   6  12 
  45	2  13   8 
  47	2  13   8 
  45	2   1   0 
  47	2   1   0 
  49	6  20   6 
  55	2   7  12 
  33	6  17   4 
  57	2   7  12 
  59	2   1  12 
  55	6  17  15 
  61	2  13   0 
  63	2  20  18 
  65	2  20  18 
  67	2  13   0 
  69	2   1  12 
  71	2   8   0 
  73	2  20   6 
  75	2  20   6 
  77	2  13  12 
  79	2   7  18 
  81	2   7  18 
  83	2   7   6 
  85	2  13  12 
  73	6  10   3 
  87	2   8   0 
  77	6  21  20 
  79	6  11   4 
  85	6  16  11 
  91	2  21   9 
  89	2   7   6 
  93	6   7   3 
  83	6  32  24 
  89	6  24  19 
  93	6  33  22 
  99	2  21   9 
 101	2   3   9 
 103	2   3   9 
 105	2  21  15 
 107	2  21  15 
 109	2  21  10 
 111	2  21  10 
  99	6  12   1 
 105	2   8   1 
 107	2   8   1 
 109	2   0   1 
 111	2   0   1 
 113	2   3  15 
 115	2   3  15 
 117	2   3  10 
 119	2  21  16 
 105	2  12  18 
 107	2  12  18 
 109	2  13  18 
 111	2  13  18 
 113	2  12   6 
 115	2  12   6 
 117	2  13   6 
 119	2   8  18 
 121	6  12   8 
 127	2   3  10 
 127	2  13   6 
 129	6  11   3 
 129	2  12  18 
 131	2   0  18 
 133	2   0  18 
  99	6  34  32 
 105	6  34  29 
 111	6  29  23 
 135	6   9   8 
 135	2  21  16 
 137	2  21  22 
 135	2  12   6 
 137	2  12   6 
 139	2   0   6 
 139	2  21  22 
 137	6  17  11 
 141	2   0   6 
 141	2   9   8 
 137	6  26  19 
 143	6  18   6 
 143	2   9   8 
 145	2   9  15 
 147	2  21  23 
 149	6  13   8 
 149	2  21  23 
 155	2   8  13 
 157	2   1   6 
 151	2  17  16 
 157	2   9  15 
 159	6  18   0 
 165	2   1   6 
 159	2  17  16 
 161	2   9  10 
 163	2   9  10 
 165	2   9  16 
 167	6  29  17 
 167	2   8  13 
 169	2   8  15 
 167	2   1   0 
 169	2  12  13 
 169	2   1   0 
 171	2  12  13 
 173	2  18  13 
 173	2  29  22 
 173	2   6   0 
 151	6  27  26 
 173	6  10   2 
 175	2   6   0 
 175	2  18  13 
 179	2   8  15 
 177	6  19  18 
 181	2   8   2 
 181	2  29  22 
 183	6  15   7 
 189	2   1  13 
 191	2   1  13 
 193	2   6  13 
 189	2   9  16 
 183	2  29  23 
 185	2  29  23 
 189	2  21  27 
 191	2   9  22 
 193	2   8   2 
 193	2  21  27 
 183	6  31  24 
 189	6  30  24 
 193	6  23  10 
 195	2   6  13 
 197	2  12   7 
 195	6  33  25 
 199	2  12   7 
 199	6  16   3 
 201	2  19   7 
 201	2  29  27 
 203	2  19   7 
 205	2   1   7 
 207	2   0  13 
 209	2   8   3 
 203	2  29  27 
 211	2   8   3 
 205	2  21  23 
 207	2  21  23 
 209	2  29  23 
 211	2  29  23 
 209	2  21  33 
 211	2  21  33 
 209	6  12   0 
 213	2   9  22 
 205	6  25  24 
 215	2   8  22 
 211	6  30  24 
 217	2   0   2 
 217	2  12  13 
 219	2   0   2 
 217	2  21  16 
 219	2  21  16 
 217	2  29  33 
 221	2   0   3 
 219	2  29  33 
 221	6  21  19 
 223	2   9  10 
 223	2   1   7 
 225	2   0   3 
 227	6  22   8 
 233	2   6   7 
 233	2  19  14 
 235	2  22   8 
 237	2  29  16 
 237	2   6   7 
 237	2  19  14 
 239	6  32  28 
 239	2  12   7 
 239	2   9  10 
 241	2   0   8 
 239	2  19  20 
 243	2   0   8 
 241	2  19  20 
 245	6  21   9 
 245	2  12   7 
 247	2  13   7 
 249	2  13   7 
 251	6   6   0 
 251	2  19  31 
 253	2  19  31 
 255	2  19  25 
 251	2  21  27 
 253	2  21  27 
 255	2  21  23 
 251	2   9   2 
 253	2   9   2 
 255	2   9   3 
 257	6  29  11 
 257	2  19  25 
 257	2   1   2 
 263	2  22  10 
 265	2  21  23 
 267	2  21  33 
 259	2  19  24 
 261	2  19  24 
 259	2   1   2 
 263	2  19  18 
 269	2  21  33 
 261	2   0   2 
 263	2   0   2 
 265	2   9   3 
 267	2   1   3 
 265	2  19  18 
 269	2   9   8 
 269	6  13   6 
 271	2  22  10 
 273	2   9   8 
 275	2   1   3 
 273	2  22  27 
 275	2  22  27 
 275	6  15  14 
 277	2  19  26 
 279	2  19  26 
 277	2  22  23 
 279	2  22  23 
 277	6   3   1 
 281	2  22  33 
 283	6  29  28 
 283	2  12   2 
 285	2   0   1 
 287	2   0   1 
 285	2  19  32 
 287	2  19  32 
 285	2   3   8 
 287	2   3   8 
 289	2  12   2 
 291	2   6   2 
 283	2  11  16 
 293	2   0   8 
 285	2  21  16 
 287	2  21  16 
 289	2  22  33 
 291	2  22  16 
 293	2  22  16 
 291	6  26  19 
 297	2  12   1 
 295	2  11  15 
 297	2  26  28 
 297	2  11  15 
 299	6  23  11 
 299	2  21  15 
 299	2  12   1 
 301	2   0   8 
 303	2   6   2 
 303	2  21  15 
 299	6  33  31 
 305	2  22  15 
 305	2   7   2 
 307	6  10   9 
 307	2   6   1 
 309	2   6   1 
 307	2  23  20 
 309	2  26  28 
 311	2  23  20 
 313	6  11   4 
 313	2   7   2 
 315	2   7   1 
 317	2   7   1 
 313	2  22  15 
 315	2  21  20 
 317	2  21  20 
 313	6  32  25 
 315	6  34  23 
 319	2  13   9 
 319	6  26  21 
 321	2  13   9 
 325	2  22  20 
 323	2   2   1 
 325	2   2   1 
 321	2  34  33 
 323	2  34  33 
 327	2  13  27 
 323	2  10   9 
 329	2  34  32 
 331	2  26  33 
 329	2  12   8 
 331	2  12   8 
 325	6  11   5 
 319	6  30  24 
 333	2  10   9 
 333	2  26  33 
 329	6  22  21 
 331	6  31  30 
 335	2  13  27 
 337	2  21  20 
 337	2  34  32 
 335	2   3   9 
 337	2   6   8 
 339	6  25  18 
 339	2   6   8 
 341	2   7   8 
 339	2  21  33 
 341	2  21  33 
 343	2   7   8 
 345	2   3   9 
 345	2  34  31 
 347	6   9   6 
 347	2  34  31 
 353	2   0   6 
 353	2   2   8 
 355	2   2   8 
 355	2   0   6 
 349	2  26  32 
 357	2   1   8 
 357	2  12   6 
 353	2  22  17 
 351	2  26  32 
 355	2  22  17 
 357	2  22  23 
 353	2  26  31 
 355	2  26  31 
 353	6  34  33 
 357	6   4   3 
 359	2  21  32 
 359	2  12   6 
 361	2  21  32 
 359	2   1   8 
 363	6  33  31 
 363	2  22  23 
 363	2  13   3 
 365	2   9   6 
 367	2  13   3 
 365	6  23  22 
 369	2   9   6 
 371	2   7   6 
 373	2   7   6 
 375	2   2   6 
 371	2  21  33 
 369	2  31  25 
 371	2  31  25 
 373	2  31  19 
 375	2  31  19 
 377	2  31  18 
 373	2  23  11 
 375	2  23  11 
 379	2  31  18 
 377	2  23  29 
 379	2  23  29 
 373	6  27  15 
 379	2  10  15 
 377	6   2   0 
 381	2  21  33 
 383	6  33  31 
 383	2   0   6 
 383	2  10  15 
 385	2   1   6 
 387	2   1   6 
 385	2   4  15 
 387	2   4  15 
 389	6  12   1 
 395	2   8   6 
 397	2   2  15 
 389	2  26  25 
 389	2  33  28 
 391	2  26  25 
 399	2   8   6 
 391	2  33  28 
 395	2  26  19 
 397	2  26  19 
 399	2  21  25 
 381	6  23  17 
 399	2  17   5 
 393	6  34  33 
 401	2  10   3 
 403	2  10   3 
 405	2   4   3 
 401	2  21  25 
 403	2  21  19 
 405	2  26  18 
 407	2  26  18 
 407	2   4   3 
 399	6  34  29 
 405	2  29  23 
 407	2  29  23 
 401	6   6   0 
 405	6  15   8 
 409	2  17   5 
 409	2  26  28 
 409	6  30  24 
 411	2   2   8 
 413	2   1   8 
 415	2   2   3 
 411	2  26  28 
 415	2  13  24 
 413	2  29  22 
 415	2  29  22 
 413	6  33  26 
 417	2   2   3 
 417	2  13  24 
 411	6  17  11 
 419	2  13  16 
 421	2  13  16 
 419	6  35  33 
 423	2   1   8 
 425	2  13  27 
 427	6  26  13 
 433	2   9   8 
 427	2  29  17 
 429	2  29  17 
 431	2  35  23 
 433	2  21  19 
 433	2  29  34 
 435	2   1   3 
 435	2  26  27 
 435	2  35  23 
 431	6  11   5 
 437	2   9   8 
 437	2  35  22 
 439	2   7   8 
 437	2  26  20 
 439	2  21  18 
 437	6   5   4 
 441	2  26  20 
 441	2  35  22 
 443	2  21  18 
 441	2   7   8 
 445	2  35  17 
 443	2   1   3 
 445	2   9   3 
 445	2  26  13 
 447	6  24  13 
 447	2  21  28 
 447	2   9   3 
 449	2  35  17 
 451	2  21  28 
 449	6   3   2 
 453	2  26  24 
 453	2  29  34 
 453	6  15  13 
 455	2  26  32 
 457	2  26  32 
 455	2  35  34 
 457	2  35  34 
 459	6  16   4 
 465	2  29  11 
 459	2   6   8 
 467	2  29  11 
 459	2  26  31 
 461	2  26  31 
 461	2   6   8 
 463	2   7   2 
 465	2   7   2 
 467	2  12   8 
 463	2  26  25 
 465	2  26  25 
 469	6  27  23 
 469	2   6   2 
 471	2   6   2 
 469	2  10  15 
 471	2  10  15 
 473	2  12   8 
 473	2  10   4 
 467	6  30  25 
 475	6  20  16 
 475	6  35  29 
 475	6  24  18 
 481	2  13   8 
 483	2  13   8 
 481	2  10   4 
 481	2  21  27 
 483	2  10  23 
 483	2  21  27 
 485	2  10  23 
 485	2  20  25 
 487	2  26  19 
 487	2   5  15 
 485	6   7   2 
 489	2   5  15 
 489	2  26  19 
 491	6  23  11 
 491	2   3  15 
 493	2   3  15 
 497	2   1  15 
 497	2  29  23 
 497	2   5   4 
 491	6  19  18 
 499	2  29  23 
 499	2   5   4 
 499	2   1  15 
 501	6  29  17 
 501	2  12   7 
 501	2  26  24 
 503	2  12   7 
 505	2  13   7 
 503	2  20  25 
 505	2  26  24 
 507	2  26  28 
 509	2  26  28 
 511	2  26  27 
 507	2  13   7 
 501	2   9  15 
 503	2   3   4 
 505	2   3   4 
 507	2  10  16 
 509	2   0   8 
 509	2  10  16 
 511	2   5  11 
 511	2   9  15 
 511	6  13   6 
 513	2   2  15 
 513	2   5  11 
 515	2  21  22 
 515	2   3  11 
 513	6  35  32 
 517	2   1   4 
 519	2   2  15 
 521	2  21  22 
 523	2   5  16 
 523	2  26  27 
 525	6  19  15 
 525	6  28  23 
 531	6  35  23 
 531	2  32  25 
 533	2  13  19 
 531	2  10  15 
 533	2  10  15 
 535	2  20  14 
 535	2   1   4 
 535	2  32  25 
 537	6   8   1 
 537	2  13  19 
 539	2  12  19 
 541	2  12  19 
 537	2   5  16 
 539	2  10  23 
 541	2  10  23 
 537	6  33  31 
 543	6  19  12 
 543	2   0   1 
 543	2   9   4 
 545	2   3  11 
 543	2  21  29 
 545	2  21  29 
 547	2   3  16 
 547	6  33  27 
 549	2   8  11 
 551	2   0   7 
 551	2   9   4 
 551	2  20  14 
 551	6  23  17 
 553	2   6  12 
 555	2   6  12 
 553	2   2   4 
 553	2  21  34 
 557	2   3  16 
 559	2   2   4 
 559	2  21  34 
 561	6  16   2 
 553	6  32  25 
 561	6  35  32 
 567	2   8  11 
 569	2   5  15 
 569	2   0   7 
 567	6  33  26 
 571	2   5  15 
 571	2   1   7 
 573	6  27  21 
 573	2   8   2 
 575	2   1   7 
 579	2  33  22 
 581	2  27  28 
 577	2   0  12 
 579	2   0  12 
 575	2   9  11 
 577	2   9  11 
 579	2   8   2 
 581	2   3  15 
 567	6  30  24 
 581	6  24  19 
 583	2   9   2 
 583	2   5  17 
 585	2  10  21 
 587	2   1  12 
 587	2  10  21 
 589	2   3  15 
 589	2  23  35 
 591	2  25  14 
 591	2  23  35 
 591	6   4   3 
 593	2  25  14 
 593	2  16  11 
 597	2  13   3 
 595	2  33  22 
 597	2  16  11 
 597	2  27  28 
 599	6  22  10 
 599	2   1  12 
 601	2   7  12 
 603	2   7  12 
 605	6  26  22 
 605	2   9   2 
 611	6  23  20 
 607	6   3   2 
 613	6   6   2 
 617	2   5  17 
 617	2  26  19 
 619	6  21   3 
 619	6  17  11 
 625	2  16  21 
 625	2  13   6 
 627	2  26  19 
 629	2  26  18 
 631	2  33  29 
 625	2   5   3 
 633	2  27  35 
 627	2   8  15 
 629	2   8  15 
 635	2  33  29 
 627	2   4  11 
 635	2  20  14 
 629	2   4  11 
 637	2  33  34 
 631	2  24   6 
 633	2  24   6 
 631	2   5   3 
 633	2   4   3 
 635	2   4   3 
 637	2   9  15 
 639	2   9  15 
 639	2  26  18 
 637	6  23   5 
 641	2  26  30 
 643	2  26  30 
 641	2   2   6 
 645	2  27  35 
 643	2   8  11 
 647	2  26  32 
 649	2  26  32 
 645	2   8  11 
 647	2  16  21 
 649	2  16  15 
 651	2  16  15 
 653	2  26  22 
 655	2  26  22 
 657	2  33  34 
 659	2  33  28 
 647	2   8   3 
 661	2  33  28 
 649	2   2   6 
 651	2   8   3 
 653	2   9  11 
 651	2   0   6 
 653	2   0   6 
 655	2   1   6 
 657	2   1   6 
 655	2   9  11 
 659	2   7   6 
 661	2   7   6 
 657	2  16  11 
 663	2  12   6 
 663	2  33  35 
 665	2  12   6 
 665	2  33  35 
 659	2  16  11 
 657	2   9   3 
 659	2   9   3 
 661	2  16   3 
 657	2  20  14 
 667	2  27  14 
 669	6  13   8 
 663	6  16  10 
 669	2  26  16 
 671	2  26  16 
 673	6  23  21 
 675	2  10   3 
 679	6  33  26 
 677	6   8   4 
 683	2   4  17 
 673	6  31  30 
 679	6  24  12 
 685	6  20  14 
 685	2  33  29 
 687	2   4  17 
 691	2  27  20 
 685	6  31  25 
 689	6  17   3 
 695	2  21  19 
 695	6  17   4 
 697	2  21  19 
 699	2  26  20 
 695	6   8   7 
 701	6  15  10 
 701	2  17  23 
 703	2  17  23 
 707	2  17  10 
 701	2  26  20 
 703	2   7  19 
 705	2   7  19 
 707	2  13  19 
 709	2  21  18 
 707	6   3   2 
 711	2  21  18 
 713	6  17  10 
 713	2   7  18 
 715	2  12   2 
 717	2  21  25 
 717	6  12   7 
 719	2  10  17 
 723	2  13  19 
 725	2   9  19 
 719	2  33  29 
 721	2  33  34 
 723	2  33  34 
 727	2   9  19 
 725	2  33  28 
 727	2  33  28 
 721	6  23  17 
 729	2  33  35 
 729	2   7   2 
 731	2   3   2 
 733	2   3   2 
 729	2  15  19 
 731	2  21  25 
 733	2  15  19 
 733	2  33  35 
 735	6  24  13 
 735	2   0   2 
 737	2   0   2 
 739	2   1   2 
 735	2  10  11 
 737	2  10  11 
 739	2  10   4 
 735	6  32  26 
 741	6   9   7 
 741	2  21  26 
 743	2  33  20 
 745	2  21  26 
 741	6  17   5 
 747	6  13   7 
 753	2  33  20 
 753	2  12  18 
 753	2   1   2 
 747	2  10   4 
 747	6  23  17 
 749	6  10   9 
 755	6   5   3 
 761	2   8   2 
 755	2  21  22 
 755	2  12  25 
 757	2  21  22 
 757	2  12  25 
 759	2  21  16 
 763	2   8   2 
 761	2  12  26 
 763	2  21  16 
 765	2  10   3 
 767	2   9  19 
 769	6  15  12 
 763	6  34  33 
 769	6  35  34 
 775	2  24  18 
 775	2  10   3 
 777	2   9  19 
 775	6  34  23 
 779	2   5   3 
 779	2  24  18 
 781	6   2   0 
 781	2  15  26 
 787	2   5   3 
 787	2   7   0 
 783	2  24  25 
 789	2   2   3 
 785	2  24  25 
 789	2  13  18 
 791	2  13  18 
 793	2   7   0 
 793	2  12  18 
 795	2   6   0 
 783	2  21  29 
 785	2  15  22 
 787	2  21  29 
 789	2  21  33 
 791	2  21  33 
 789	2  10  17 
 791	2   2   3 
 791	2  10  17 
 793	2  21  28 
 793	2   5  17 
 795	2  24  26 
 795	2  15  22 
 795	2  10  11 
 793	6   3   2 
 799	2   1   2 
 797	2  13  25 
 801	2   6   0 
 797	2  21  28 
 797	2   5  17 
 799	2  15  16 
 799	2  24  26 
 801	2   3  17 
 801	6  26  24 
 803	2   1   2 
 807	2  12  18 
 803	2  15  16 
 807	2  15  29 
 809	6  19   9 
 809	6  27  22 
 815	6  27  26 
 815	2   3  17 
 821	2  13  25 
 823	2  19  18 
 823	2   8   2 
 825	2   8   2 
 825	2  19  18 
 817	2  10  11 
 819	2   5  11 
 821	2   5  11 
 823	2  10   4 
 825	2  10   4 
 821	2  21  23 
 827	2   3  11 
 823	2  27  26 
 825	2  27  26 
 827	2  12  25 
 823	6  29  22 
 829	6  22  20 
 829	2   7   2 
 831	2   7   2 
 829	2  10   9 
 831	2  10   9 
 833	2   3  11 
 829	6  18  12 
 835	2  13  24 
 835	2  27  16 
 835	2   5   4 
 835	6   2   1 
 837	2  21  23 
 837	2   5   4 
 839	2  15  20 
 841	6   5   2 
 847	2   3   4 
 849	2   2   9 
 841	2  18  25 
 843	2  19  25 
 841	2  21  22 
 845	2  19  25 
 847	2  13  24 
 849	2  18  24 
 843	2  21  22 
 849	2   5  17 
 845	6  33  21 
 851	2   6   1 
 851	2  27  16 
 853	2  27  20 
 855	2  15  21 
 853	2   5  17 
 853	2   6   1 
 855	2   0   1 
 855	2   3   4 
 857	2   5  11 
 857	2  15  21 
 859	2   2   9 
 859	2   5  11 
 861	2   3   9 
 851	2  18  24 
 855	2  19  24 
 861	2   0   1 
 863	2   5   4 
 857	2  19  24 
 859	2  27  20 
 861	2  27  21 
 865	2   5   4 
 863	2  13  26 
 865	2  15  28 
 867	6  10   7 
 867	2  27  21 
 865	6  24  18 
 873	2   7  12 
 873	2   3   9 
 873	6  25  19 
 875	2   5   9 
 877	2   5   9 
 875	2   7  12 
 869	6  28  27 
 877	6  12   7 
 883	2   2   7 
 879	2  15  27 
 885	2  13  26 
 879	6   5   4 
 881	6  16  15 
 887	6   8   4 
 887	2  12  19 
 889	2  12  19 
 887	2  28  27 
 887	2  16  23 
 893	2  13  15 
 889	2  28  27 
 891	2  24  26 
 893	2  24  26 
 895	6  15  14 
 895	2  12  18 
 895	2   2   7 
 895	2   4  17 
 897	2   4  17 
 895	2  25  26 
 899	2  10  17 
 897	2  12  18 
 897	2  25  26 
 897	6   7   2 
 901	2  10  17 
 903	6  14  13 
 903	2   4  11 
 905	2   3   2 
 907	2   4  11 
 899	6  26  24 
 909	6  19   6 
 909	2  10  11 
 911	2  16  23 
 913	2  16  22 
 909	2   3   2 
 911	2   4   5 
 913	2   4   5 
 911	2   8   2 
 913	2   8   2 
 915	6   6   1 
 915	2  14  13 
 915	2  28  23 
 915	2  10  11 
 921	2   7   1 
 917	2  10   5 
 919	2   4   9 
 917	2  14  20 
 919	2  14  20 
 917	2  28  23 
 919	2  16  22 
 921	2  10   5 
 921	2  14  21 
 923	6  15  14 
 923	2   7   1 
 925	2  12  24 
 925	2   3   1 
 923	2  28  22 
 925	2  28  22 
 929	2  26  13 
 931	2  15  21 
 931	2   7  18 
 933	2   7  18 
 933	2  15  27 
 935	6  28  23 
 935	2   4   9 
 937	2  10   9 
 939	2   4   2 
 941	2   4   2 
 935	2  26  13 
 937	2  25  13 
 939	2  26  20 
 939	2  12  24 
 941	2  25  13 
 941	6  17  16 
 943	2   3   1 
 945	2   8   1 
 943	2  26  20 
 945	2  25  20 
 943	2  12  13 
 945	2  12  13 
 947	6  19   7 
 953	2  19  24 
 947	2  10   9 
 949	2  15  27 
 953	2   8   1 
 951	6  16  15 
 955	2  25  20 
 957	6  25  20 
 957	2  10   2 
 959	2  10   2 
 961	2   4   1 
 963	6  26  21 
 963	2   4   1 
 955	6  18  12 
 969	2  21  26 
 963	6  24  18 
 969	2  19  18 
 965	6   7   3 
 971	2   3  15 
 971	2   7  12 
 973	2   3  15 
 973	2  19  13 
 975	6  12   7 
 975	2  21  26 
 977	2  24  25 
 977	2  21  27 
 975	2   3  11 
 977	2   3  11 
 979	2   3   5 
 979	2  16  28 
 979	2  20  26 
 979	6  31  24 
 981	2  21  27 
 981	2  12   7 
 983	2  19  13 
 981	2   3   5 
 985	2  20  26 
 987	2  31  25 
 983	2   3   9 
 985	2   8   7 
 987	2  20  27 
 985	2  12  18 
 987	2  12  18 
 989	2  12  13 
 989	2  31  26 
 987	2   3   9 
 991	2  19  25 
 989	2   3   2 
 989	2  16  28 
 991	2   8   7 
 993	2   8  18 
 991	2  21  28 
 993	2  21  28 
 995	6   9   1 
 995	2  12  13 
 995	2  31  26 
 997	2  19  25 
 999	2  20  27 
1001	6  15   7 
1001	2  19  26 
1007	2   3   2 
1009	2   4  15 
1011	2  10   9 
1013	2   4  15 
1007	2   0   7 
1009	2   0   7 
1003	2  19  26 
1011	2   6   7 
1013	2   6   7 
1005	6  34  31 
1011	2  34  27 
1015	2  10   9 
1015	2  20  28 
1015	6   7   0 
1017	2   3   9 
1017	2  16  22 
1019	2   3   9 
1017	2  34  27 
1019	2  16  22 
1015	6  18  12 
1019	6  27  20 
1025	2  18  25 
1027	2  19  20 
1025	2  10  15 
1027	2  10  15 
1025	2  27  28 
1027	2  34  28 
1029	2  19  20 
1029	2  34  28 
1021	6   8   7 
1027	2   7  12 
1029	6   8   4 
1031	2  18  25 
1031	2  21  22 
1033	2  21  22 
1033	6  26  19 
1039	2  18  19 
1035	2   4  11 
1037	2   4  11 
1039	2   4   5 
1039	2  27  22 
1035	6   8   6 
1041	6  12   7 
1041	2  27  22 
1047	2   6   7 
1041	2   4   5 
1043	2   3  15 
1043	2  26  28 
1049	2   4   1 
1045	2  26  28 
1047	2  18  19 
1049	2  18  20 
1047	6  33  28 
1051	2   8  11 
1051	6  25  18 
1053	2   8  11 
1055	2  34  22 
1055	2   4   1 
1057	6  27  25 
1057	2   4   2 
1057	2  12  13 
1063	2  27  20 
1059	2   4   2 
1065	2   3  15 
1067	2  34  22 
1059	2  12  13 
1069	2  27  33 
1067	2   4   9 
1061	2   6   7 
1063	2  12  18 
1065	2   6  13 
1071	2  27  33 
1067	2   6  13 
1069	2   4   9 
1069	2  12  18 
1071	2  12  19 
1073	2  12  19 
1071	2   4  15 
1073	2   4  15 
1069	6   1   0 
1075	6   9   5 
1075	2   6  18 
1077	2   6  18 
1079	2   6  19 
1073	6  33  32 
1079	6  32  30 
1081	2   8   9 
1083	2   8   9 
1081	2   6  19 
1083	6  19  12 
1085	2   8   0 
1087	2   8   0 
1085	6  30  24 
1089	2  19  20 
1089	2   8   2 
1081	6  16  11 
1087	6  16   4 
1091	2  19  20 
1091	2   8   2 
1093	6  16   8 
1099	2  16   5 
1101	2  16   5 
1093	2  19  24 
1103	2  16  15 
1095	2  19  24 
1089	6  12   6 
1099	6   7   2 
1105	2  12  20 
1105	2  10   2 
1107	6  27  22 
1113	2  26  27 
1107	2   1   4 
1109	2   1   4 
1111	2   1   9 
1113	2  10   2 
1107	6  18  12 
1115	6  21  10 
1115	6  25  18 
1121	6  21  19 
1127	2  26  27 
1127	2  19  13 
1129	2  22  27 
1131	2  22  27 
1133	2  16  15 
1121	2   3   2 
1129	2  19  13 
1123	2   3   2 
1125	2   8   2 
1133	2  25  20 
1127	2   8   2 
1129	6   3   2 
1135	6  13   2 
1135	2  21  27 
1135	2  25  24 
1137	2  21  27 
1137	2  25  24 
1141	2  19  12 
1141	2   1   9 
1143	6  24  18 
1143	2  16   3 
1145	2   4   9 
1143	2   1   0 
1147	2   4   9 
1145	2   1   0 
1147	2   1   7 
1149	2  13   2 
1139	6  27  26 
1149	2  25  26 
1151	6   4   3 
1151	2  19  12 
1151	2   1   7 
1153	2  19   6 
1155	2  19   6 
1157	2  13   2 
1157	2  25  26 
1157	6  10   5 
1159	2  13  12 
1161	2  13  12 
1163	2  19  20 
1165	2  19  20 
1159	2   8   2 
1163	2   3   0 
1167	2  13   6 
1165	2   8   2 
1169	2  13   6 
1165	2  16   4 
1171	2  13  20 
1173	2  19  18 
1175	2  13  20 
1167	2  16   2 
1169	2  16   2 
1171	6   9   1 
1177	2   8  12 
1179	2   9  10 
1181	2   9  10 
1179	2  19  18 
1181	2  13  18 
1183	2   8  12 
1183	6  21  16 
1185	2   8   6 
1187	2   8   6 
1189	2  19  26 
1189	2   9  15 
1191	2   8  20 
1193	2   9  15 
1195	2   8  20 
1191	6  18  12 
1197	6  21  19 
1197	2   3   0 
1203	2  13  12 
1203	2  21  26 
1205	2  19  18 
1199	2   1   0 
1199	2   9   4 
1201	2   9   4 
1203	2   9   2 
1205	2   3   7 
1207	2   8  12 
1209	2   8  12 
1211	2  19  18 
1211	2   9   2 
1213	2   1   0 
1213	2  13  26 
1215	2  19   6 
1217	2  19   6 
1213	6  15   9 
1219	2   3   7 
1219	2  19  20 
1221	2  13  26 
1223	2   8  26 
1225	2   8  26 
1227	2  19  20 
1227	2   1   7 
1229	2  19  12 
1227	2   3  10 
1229	2   8  16 
1231	6  15  14 
1231	2   1   7 
1233	2   0   7 
1237	2  13  25 
1231	2   3  10 
1237	2   3   9 
1239	2   3   9 
1239	2   0   7 
1241	2  14  18 
1243	2  14  18 
1245	2  14   6 
1241	2   3   4 
1243	2   3   4 
1245	2   3   2 
1247	2   3   2 
1247	2  14   6 
1249	2  14  20 
1251	2  14  20 
1253	2  19  12 
1255	2  14  12 
1249	6   3   1 
1255	2   3  10 
1255	6   1   0 
1257	2   3  10 
1259	2   3   9 
1261	2   3   9 
1257	2  25  13 
1263	2   3   4 
1265	2   3   4 
1259	2  19  26 
1261	2   0  18 
1263	2  19  26 
1265	2   0  18 
1267	6  20   7 
1273	6  18  13 
1273	2   3   2 
1275	2   3   2 
1279	2  14  12 
1277	6   3   1 
1283	2   3  10 
1281	2  14  26 
1283	2  14  26 
1283	2   0   6 
1285	2   3  10 
1285	2   1  13 
1287	2  20  10 
1287	2   0   6 
1289	6  20  14 
1289	2   3   9 
1291	2   3   9 
1293	2   3   4 
1289	2   0   7 
1291	2   0   7 
1295	2   1  13 
1297	2   0  12 
1299	2  18  25 
1299	2   1   6 
1299	2  14  10 
1301	6  15  13 
1301	2   3   4 
1303	2   3   2 
1305	2   3   2 
1307	2   3  15 
1307	2   1   6 
1307	6  26  18 
1309	2  14   9 
1311	2  14   9 
1309	2   1   7 
1311	2   1   7 
1227	6  34  28 
1313	2  20  27 
1315	2  14   4 
1313	6   6   1 
1319	2   0  12 
1317	2  27  20 
1317	2  10   9 
1319	2  20  27 
1319	2  10   9 
1321	2  14   4 
1321	6  28  27 
1323	2  10   4 
1325	2  10   4 
1323	2   6  12 
1325	2   6  12 
1323	2  14   2 
1325	2  14   2 
1327	2  10   2 
1329	2   9   4 
1329	2   0  18 
1327	6  27  26 
1331	2  10   2 
1331	6  13  12 
1333	2   3  15 
1337	2  14  15 
1335	2   3   1 
1339	2  19  22 
1337	2   3   1 
1341	2  22  19 
1339	6   3   1 
1343	2  14  15 
1343	6  18  12 
1345	2  14   3 
1347	2  14   3 
1349	2  10  15 
1351	2   9   4 
1349	2   1   7 
1351	2   1   7 
1349	6  26  18 
1353	2   9   2 
1355	2   9   2 
1355	2   0  12 
1351	6  17  11 
1357	2   6  12 
1357	2   4   2 
1359	2   6  12 
1359	2  10  15 
1361	2  19  22 
1361	2   4   2 
1363	2   0  18 
1365	2   6  24 
1363	2  10   3 
1365	2  10   3 
1367	2   1  13 
1367	2   9  15 
1369	2   9  15 
1369	2  18   0 
1371	6  15  10 
1371	2   1  13 
1377	2   4  10 
1373	2   1  12 
1375	2   1  12 
1379	2  16   8 
1377	6  19  12 
1381	2   4  10 
1383	2   9   3 
1383	2   0  18 
1385	2  14   7 
1385	2   9   3 
1387	2  14   7 
1389	2   2  10 
1391	2   8  16 
1393	2   2  10 
1395	2   4   3 
1397	2   4   3 
1399	2   2   3 
1401	2   2   3 
1395	2  24   6 
1403	2  10   3 
1397	2  14  13 
1405	2  10   3 
1399	2  14  13 
1401	2  14  19 
1403	2  14  19 
1407	2  14  17 
1409	2  17  14 
1407	6   4   3 
1411	2  15   7 
1413	6  13   3 
1411	6  34  27 
1419	6   4   1 
1425	2   4   5 
1425	2  15   7 
1427	2   9   7 
1429	2   9   7 
1431	2  15   3 
1433	2  14  17 
1435	2  13   7 
1437	2  13   7 
1435	2  15   3 
1437	2   9   3 
1439	2  15  19 
1439	2   2   7 
1441	2   9   3 
1441	2   6  24 
1443	2   2   7 
1443	2  15  19 
1445	2   9  19 
1447	2  13   3 
1449	2   9  19 
1451	6  19  14 
1451	2   5   4 
1453	2   4   5 
1435	6  35  28 
1445	6  28  22 
1451	6  29  16 
1457	6  33  28 
1457	2  10   7 
1459	2  13   3 
1461	2   2   3 
1461	2  13  14 
1463	2  10   7 
1465	2  15  23 
1465	2   2   3 
1451	6  30  24 
1461	6  31  25 
1467	6  27  24 
1467	2   9  11 
1469	2  11   9 
1467	2   1   7 
1471	2  13  14 
1473	2  13  24 
1473	2   9  11 
1473	6  27  21 
1475	2  24  13 
1477	2   1   7 
1475	2  10   3 
1477	2  10   3 
1479	2   2  14 
1481	2   2  14 
1479	6  22  10 
1485	2   2  10 
1487	2  23  15 
1489	2  10   2 
1483	6  26  19 
1491	2  22  14 
1491	2   1   3 
1493	2  15  23 
1495	2  22  14 
1495	2   1   3 
1497	2   7   3 
1499	2   7   3 
1501	2   1  14 
1497	2  22  28 
1499	2  28  22 
1503	2   1  14 
1501	2  22  28 
1505	2   2  10 
1507	6  16   3 
1507	2   7  14 
1509	2   7  14 
1511	2   7  19 
1513	2   1   3 
1513	2  16  14 
1515	2  16  14 
1517	2  14  25 
1519	2  16  21 
1519	2  13  24 
1521	2   3   1 
1523	2   1   3 
1521	2  25  14 
1523	2  14  25 
1525	2  19   7 
1527	2   7  19 
1525	2  21  16 
1527	2  16  21 
