   1	2   5   6 
   3	2   5   6 
   5	2   5   1 
   7	2   5   1 
   9	2   6   1 
  11	2   6   1 
  13	2   5  11 
  15	2   5  11 
  17	2   6  11 
  19	2   6  11 
  21	2   1  11 
  23	2   1  11 
  25	2   5   7 
  27	2   5   7 
   1	6  24  18 
  29	2   5   0 
  31	2   5   0 
  33	2   5  10 
  35	2   5  10 
  37	6  15   5 
  43	2  15   5 
  45	2  15   5 
  29	6  18  12 
  35	6  17  12 
  29	6   9   8 
  41	6  12   8 
  47	2   6   7 
  49	2   6   7 
  51	2   1   7 
  47	2  15  17 
  53	2   1   7 
  55	2   6   0 
  57	2   6   0 
  49	2  15  17 
  51	6  17  15 
  57	2  17  12 
  59	6  10   6 
  59	2  17  12 
  47	6  14   4 
  65	2  10   6 
  61	6  18  17 
  67	2  18  14 
  69	2  18  14 
  71	2  18  22 
  67	2  10   6 
  73	2  18  22 
  69	2  10   5 
  71	2   1   0 
  73	2   1   0 
  75	2  10   5 
  75	2  18  13 
  77	2  11   7 
  77	2  18  13 
  75	6  22  21 
  79	2   1   6 
  79	2  10  15 
  81	6  11   1 
  87	2   1   7 
  89	2   1   0 
  91	2   1   0 
  87	2  10  15 
  89	2  10  12 
  91	2  18  17 
  93	2  18  17 
  93	2  11   6 
  95	2  18  22 
  95	2  11   5 
  93	6   8   2 
  97	2  11   5 
  97	2  18  22 
  99	6  14   8 
  99	2   1   6 
 101	2  11  15 
 105	2  10  12 
 107	2   1   6 
 109	2   1   5 
 107	2  18  23 
 109	2  18  23 
 105	6   9   4 
 111	2   1   5 
 111	2  18  14 
 113	6   7   1 
 113	2  18  14 
 115	2  18  19 
 117	2  18  19 
 113	6  15  10 
 119	2   1   0 
 119	2  11  10 
 121	2   1   0 
 123	2   1   6 
 125	2   1   6 
 119	6  18   8 
 127	2   0   6 
 129	2  11  12 
 131	2   0   6 
 133	2  11  12 
 125	2   8   9 
 133	2   1   5 
 127	2   8   9 
 135	2   1   5 
 137	2   0   5 
 139	2   0   5 
 141	2   6   5 
 143	2   6   5 
 129	2   8   3 
 131	2   8   3 
 133	2   8   4 
 135	2   8   4 
 121	6  21  15 
 127	6  22  18 
 133	2  21  22 
 135	2  21  22 
 137	2  21  15 
 139	2  21  15 
 137	6  12   8 
 143	2  12  16 
 145	2  12  16 
 145	6  10   5 
 147	6  23  21 
 151	2   7   5 
 153	2  23  13 
 155	2  23  13 
 153	6  16  11 
 159	2   7   5 
 159	2  16  22 
 157	6  24  14 
 161	2   1   5 
 161	2  16  22 
 163	6  22  18 
 163	2   1   5 
 165	2   0   5 
 167	2   0   5 
 163	2   7   8 
 163	2  16  15 
 169	2  12  14 
 171	2   7   8 
 173	2   6   5 
 171	2  16  15 
 175	2   6   5 
 173	2  23  17 
 175	2  23  17 
 173	6   8   2 
 177	2  10   5 
 177	2  23  22 
 179	6   2   1 
 179	2  10   5 
 185	2   2   1 
 187	2   2   1 
 179	2  23  22 
 181	2  23  21 
 179	2  12  14 
 183	2  23  21 
 185	2  23  24 
 187	2  23  24 
 181	2  12   8 
 183	2  12   8 
 181	6  10   5 
 189	2   0   1 
 191	2   0   1 
 193	2   6   1 
 189	2  23  19 
 191	2  23  19 
 185	6   9   8 
 195	2   6   1 
 197	2   5   1 
 193	6  18   8 
 199	6  12  11 
 199	2   5   1 
 199	2  23  18 
 201	2  23  18 
 201	6   8   2 
 207	2   7   2 
 209	2   7   2 
 205	6  15  11 
 203	6  23  19 
 209	6  18  13 
 211	2  15  20 
 211	2   7  11 
 213	2   7  11 
 213	2  15  20 
 215	6  12   7 
 215	6  22  16 
 215	6  19   9 
 215	6   5   1 
 221	6   8   7 
 221	2  10   5 
 223	2  10   5 
 227	2   7   2 
 229	2   7   2 
 231	2   0   2 
 221	2  22  18 
 233	2   9   3 
 223	2  22  18 
 225	2  22  17 
 231	2  12  18 
 233	2  12  18 
 235	6   2   1 
 241	2   0   1 
 243	2   6   1 
 241	2   9   3 
 243	2   9   4 
 245	2   9   4 
 235	2  22  17 
 237	2  12  17 
 239	2  12  17 
 241	2  22  16 
 245	2   7  11 
 247	2   7  11 
 241	6  18  13 
 249	2   7  13 
 249	2  22  16 
 245	6   5   0 
 251	2   9   8 
 251	2  22  21 
 251	2   5  11 
 253	2   6   1 
 253	2   9   8 
 255	2   7  13 
 257	2   2   1 
 253	2  22  21 
 259	2   2   1 
 257	2   9  14 
 257	2   5  11 
 255	2  22  24 
 257	2  22  24 
 259	2  12  16 
 259	2  22  23 
 259	2   9  14 
 259	6  10   5 
 261	2   7  17 
 263	2  22  23 
 265	2   5   1 
 267	2   7  17 
 261	6  14   9 
 269	2   6  11 
 269	2  22  18 
 271	6  17  12 
 277	2   6  11 
 271	2  14  19 
 277	2  22  18 
 279	6  13   3 
 279	2   5   1 
 281	2   0   1 
 283	2   0   1 
 279	6  24  22 
 285	6   3   1 
 285	2  17  16 
 287	2  17  21 
 289	2  17  21 
 291	2  17  22 
 285	2  14  19 
 293	2  17  22 
 287	6  24  14 
 293	2  14  13 
 291	6  11   7 
 295	2  14  13 
 291	6   1   0 
 295	6  22  20 
 297	2  14   4 
 297	2   2   7 
 301	2  17  23 
 301	2  10   0 
 299	2  14   4 
 303	2  17  23 
 301	2  14   8 
 303	2   2   7 
 303	2  10   0 
 305	6  21  15 
 305	2  14   8 
 305	2   6   0 
 307	2   6   0 
 309	2   5   7 
 305	2  17  18 
 307	2  17  18 
 307	2  14   9 
 309	2  14   9 
 309	6  18  17 
 311	2   5   7 
 313	2   1   7 
 315	6  18  14 
 315	2  11  16 
 321	2  14  13 
 315	2   1   7 
 317	2   3   7 
 319	2   2   0 
 321	2   2   0 
 323	2   5   0 
 317	2  11  16 
 321	2  24  22 
 319	2  11  15 
 321	2  11  15 
 323	2   3   7 
 325	2   5   0 
 323	2  14  13 
 325	2  14   4 
 327	2  14   4 
 327	2   1   0 
 323	6  23  22 
 323	6  16  11 
 329	6   7   5 
 329	2  16  20 
 331	2  16  20 
 329	2  18  19 
 333	2  16  22 
 335	2  10  12 
 335	2   1   0 
 335	2  24  23 
 337	6   3   1 
 337	2  16  22 
 343	2   1   0 
 337	2  18  19 
 339	2  10  12 
 343	2  14   8 
 341	2  10  11 
 343	2  10  11 
 345	2  10  15 
 345	2   1   0 
 347	2   5   0 
 347	2  16  17 
 349	2  10  15 
 351	2  10  20 
 353	2  10  20 
 345	2  14   8 
 347	2  14   9 
 349	2  14   9 
 349	2  18  23 
 351	2  14  19 
 353	2  18  23 
 349	6  12   7 
 355	6  18  16 
 355	2   5   0 
 357	2   6   7 
 359	2   6   7 
 353	6   9   4 
 361	6  16   6 
 367	2   2   7 
 367	2  18  17 
 369	6  22  21 
 369	2   2   7 
 371	2  12   7 
 373	2  12   7 
 375	2   3   7 
 377	2   3   7 
 379	2   1   7 
 381	2   1   7 
 375	2  16  11 
 377	2  16  11 
 379	2  16  15 
 375	2  18  13 
 377	2  14  19 
 381	2  16  15 
 383	2  16  20 
 379	2  18  13 
 383	2   5   7 
 385	6  20  10 
 385	6   7   1 
 391	2   5   1 
 391	2  20  21 
 381	6  18  14 
 393	2   0   1 
 395	2   0   1 
 393	2  16  10 
 387	2  18  23 
 389	2  18  23 
 387	2  14   9 
 395	2  20  21 
 397	2  16  21 
 389	2  14   9 
 399	2  16  21 
 391	2  14   8 
 393	2  14   8 
 395	2  14   4 
 397	2  14   4 
 399	2  14  19 
 401	6  23  13 
 401	6  21  20 
 407	6  23  21 
 397	6   6   2 
 403	2   6  11 
 405	2   6  11 
 407	2  12  11 
 409	2  12  11 
 413	2  23  17 
 415	2  23  17 
 417	2  23  21 
 403	6   3   2 
 409	6   9   8 
 411	6  11   6 
 419	2  14  19 
 421	2  14  13 
 417	2   2   6 
 423	2  14  13 
 419	2   2   6 
 421	2  11  15 
 423	2  11  15 
 425	6  14   8 
 425	2  23  21 
 425	2  11  10 
 427	2  11  10 
 431	2   7   6 
 429	2  16  17 
 431	2  16  17 
 427	6  24  23 
 431	6  13   9 
 433	2  16  21 
 433	2   7   6 
 435	2   5   6 
 435	2  16  21 
 433	6  24  19 
 437	2   5   6 
 437	6  16  12 
 439	2  19  14 
 441	2  19  14 
 439	6   2   0 
 443	2  16  15 
 443	2  19  13 
 445	2  16  15 
 445	2   2   6 
 447	2   2   6 
 445	2  19  13 
 447	6  15  10 
 449	2  12  14 
 451	2  12  14 
 453	6   9   4 
 453	2   1   6 
 455	2   1   6 
 453	2  12  13 
 455	2  12  13 
 453	2  16  15 
 455	2  16  15 
 459	2  19   9 
 457	2   0  10 
 461	2  19   9 
 459	2   0  10 
 461	6  10   0 
 467	2  10  15 
 469	2  10  15 
 463	2  19  24 
 465	2  19  24 
 471	6  15  11 
 467	6  18  14 
 473	6  22  18 
 477	2  15  20 
 479	2  15  20 
 473	6   9   4 
 479	2  19   9 
 457	6   7   2 
 467	2   2   0 
 469	2   2   0 
 471	2   5   0 
 473	2   5   0 
 479	6  12   2 
 485	2  12  11 
 485	2   2   4 
 481	6  21  15 
 481	6  24  23 
 487	6  23  13 
 487	2   2   4 
 487	2  16  20 
 493	2  19   9 
 489	2  16  20 
 491	2  10  20 
 493	2  10  20 
 495	6   9   4 
 495	2  21  17 
 497	2  21  17 
 499	2  16  17 
 495	6   7   5 
 501	2  21  15 
 501	2   5   0 
 501	2  12  11 
 503	2   7  11 
 503	2   5   0 
 503	6  22  20 
 505	2   1   0 
 505	2   7  11 
 507	2   5  11 
 501	6  19   9 
 507	6   8   2 
 509	2  16  17 
 511	2  21  15 
 507	6  24  19 
 511	6  17  12 
 513	2   1   0 
 517	2   8  13 
 513	2  21  20 
 519	2   8  13 
 515	2  21  20 
 515	2   6   0 
 517	2   5  11 
 517	2  21  23 
 519	2  16  15 
 521	2  10  12 
 523	2  10  12 
 521	2  21  23 
 523	6  23  21 
 525	2   6   0 
 525	2   8   4 
 529	2  17  22 
 531	2  17  22 
 527	2   8   4 
 527	6  11   5 
 533	6  23  19 
 533	2   1   5 
 535	2   1   5 
 539	2  19  24 
 533	2  16  15 
 535	2  16  20 
 537	2  16  20 
 539	2  17  12 
 539	2  10  15 
 529	6   8   4 
 535	6   9   8 
 541	2  10  15 
 543	2  10  20 
 545	2  16  21 
 547	2  10  20 
 549	2   6   5 
 551	2   6   5 
 553	2   0   5 
 555	2   0   5 
 541	2  19  24 
 543	2  19  13 
 547	2  17  12 
 549	2  16  21 
 551	2  17  15 
 553	2  19  13 
 555	2  19   9 
 553	6  22  16 
 557	2  19   9 
 559	6  16  10 
 565	6  20  16 
 559	6  23  22 
 571	2  17  15 
 557	6   7   6 
 565	6   5   1 
 559	6  14   9 
 565	6  19  14 
 573	6  22  20 
 579	2  22  21 
 581	2  22  21 
 573	2   6  10 
 575	2   6  10 
 577	2  11  10 
 579	2   6  12 
 581	2   6  12 
 583	2  23  24 
 583	2  17  16 
 585	6  12   6 
 591	2  11  10 
 593	2   5  10 
 595	2   5  10 
 585	2  23  24 
 587	2  22  24 
 589	2  22  24 
 591	2  23  13 
 593	2  23  13 
 595	2  17  16 
 597	2  17  21 
 599	2  17  21 
 597	2  11   6 
 599	2  11   6 
 595	6  24  19 
 601	2   5   6 
 603	2   5   6 
 601	2  17  19 
 603	2  23  24 
 605	6  22  12 
 611	2  12  13 
 611	2  23  24 
 601	6  20  15 
 613	2  22  20 
 615	2  17  19 
 617	2  12  13 
 617	2  22  20 
 617	6  24  19 
 619	2  17  13 
 621	2  17  13 
 623	2  22  16 
 625	2  22  16 
 623	6  19  13 
 627	2  22  21 
 607	6  10   5 
 627	6  15  11 
 633	2   7   5 
 629	2  22  21 
 633	2  15  20 
 635	2  15  20 
 631	2  22  24 
 635	2   7   5 
 633	2  22  24 
 637	6  20  10 
 643	2   0   5 
 645	2  20  10 
 647	2   7   6 
 647	2  15  16 
 649	6  16  15 
 649	2   0   5 
 651	2   1   5 
 649	2  12  13 
 653	2   1   5 
 655	2   7   6 
 655	2  16  15 
 651	6  22  18 
 657	2  16  21 
 657	2  12  13 
 657	2   0   6 
 657	6  24  23 
 659	2  20  10 
 661	2  16  21 
 661	2   0   6 
 663	6  22  16 
 663	2   1   6 
 665	2   1   6 
 667	2   5   6 
 669	2   5   6 
 669	2  17  13 
 669	2  20  15 
 671	6  24  22 
 671	2  20  15 
 677	2  18  19 
 677	2  20  21 
 679	2  24  23 
 679	2  20  21 
 681	2  24  23 
 683	2  18  19 
 685	2  24  19 
 685	2  17  13 
 681	6  21  20 
 687	2  21  23 
 689	6  24  14 
 695	2  14  19 
 689	6  21  17 
 695	2  17  23 
 671	6   7   6 
 697	2  17  19 
 699	2  17  19 
 677	2   6  10 
 679	2   6  10 
 681	2   0  10 
 683	2   0  10 
 701	2  18  13 
 703	2  18  13 
 705	2  14  13 
 707	2  14  13 
 709	2  17  13 
 685	6  10   6 
 711	2  17  13 
 691	2   1   6 
 693	2   1   6 
 691	2  10  15 
 693	2  10  15 
 695	2   5   6 
 697	2  10  20 
 699	2  10  20 
 713	2  17  18 
 715	2  18  17 
 717	2  17  18 
 701	2   5   6 
 703	2   7   6 
 705	2   7   6 
 703	6  15  10 
 709	2   0  10 
 711	2   0  10 
 713	6  10   0 
 719	2   1   0 
 721	2   1   0 
 723	2   5   0 
 719	6  17  15 
 725	6  16  10 
 725	6  23  22 
 725	6   7   1 
 731	6  20  10 
 731	2  17  22 
 733	2  17  22 
 735	2  17  19 
 737	2  16  10 
 739	2  16  10 
 737	6  19  18 
 741	2  16  22 
 741	2   5   0 
 737	6  12   7 
 743	2  12  10 
 743	2   1   0 
 745	2   1   0 
 745	2  12  10 
 747	2  16  22 
 747	2   5  10 
 749	6  15   5 
 749	2  12  22 
 751	2  12  22 
 755	2   6   0 
 757	2   6   0 
 753	2  17  18 
 755	2  16  18 
 757	2  17  13 
 757	2  15  10 
 759	6   6   1 
 759	2  16  18 
 761	2  12  18 
 763	2  17  13 
 761	6  20  15 
 765	2  12  18 
 765	6   5   1 
 767	2  17  21 
 769	2  20  22 
 771	6  22  20 
 777	2  22  20 
 771	2   6  10 
 779	2  22  18 
 773	2   6  10 
 775	2   5  10 
 781	2  22  18 
 783	2  21  17 
 785	2  17  21 
 777	2   5  10 
 779	2   0  10 
 781	2   0  10 
 787	6  18  16 
 793	6  20  10 
 799	2   6  10 
 801	2   6  10 
 803	2   6  16 
 793	2  18  13 
 795	2  18  13 
 805	6  17   7 
 805	2   5  10 
 811	2  12  13 
 807	2   5  10 
 809	2   0  10 
 811	2   0  10 
 811	6  23  22 
 813	2  20  10 
 815	2  20  10 
 817	2  18  17 
 819	6  16  10 
 825	2   6  10 
 827	2   5  10 
 819	2  12  13 
 829	2   5  10 
 821	2  23  13 
 823	2  23  13 
 825	2  23  24 
 827	2  12  22 
 829	2  17  18 
 831	6  13  11 
 837	2   0  10 
 837	2  18  17 
 839	2   0  10 
 841	2  20  10 
 839	2  24  23 
 843	2  20  10 
 845	2  16  10 
 841	2  23  24 
 841	6   1   0 
 847	2   6  11 
 849	2   6  11 
 811	6   4   3 
 851	2   5  11 
 847	6  21  20 
 837	6   8   4 
 843	6  19   9 
 849	6  23  19 
 853	2  16  10 
 849	6  13   8 
 855	6   8   6 
 861	2   5  11 
 861	2   8   3 
 863	2   3   8 
 863	2   1  11 
 865	2   8   3 
 865	2   1  11 
 867	2   1   2 
 867	2  22  12 
 869	2  21  11 
 869	2   2   1 
 871	2   1   2 
 871	2  21  11 
 873	6   5   1 
 873	2  16  11 
 875	2  12  22 
 877	2  16  11 
 879	2  21  23 
 879	2  10  11 
 881	6  16  12 
 879	6   2   1 
 887	2  10  11 
 887	2  23  21 
 885	2   2   4 
 889	2  11  15 
 887	2   4   2 
 889	2   2   4 
 891	2  12  13 
 891	2  10   6 
 891	2  21  23 
 893	2  13  12 
 895	2  12  13 
 893	2   6  10 
 895	2  10   6 
 897	2  15  11 
 899	2  11  15 
