   1	2   9  10 
   1	2   0   4 
   3	2   6   9 
   5	2  10   6 
   7	2  10   9 
   9	2   6   9 
  11	2  10   6 
  13	2   5   8 
  13	2  13  14 
  15	2   9  10 
  17	2   9   5 
  19	2   8   9 
  21	2   8   5 
  23	2   9   5 
  25	2   8   9 
  27	2   5   8 
  29	2   5   0 
  31	2   4   5 
  33	2   4   0 
  35	2   5   0 
  37	2   4   5 
  39	2   5   8 
  41	2   9   5 
  43	2   8   9 
  45	2   8   5 
  47	2   9   5 
  49	2   8   9 
  51	2   9  10 
  51	2   0   4 
  53	2   6   9 
  53	2   0   4 
  55	2  10   6 
  57	2  10   9 
  59	2   6   9 
  61	2  10   6 
  63	2   5   8 
  65	2   5   8 
  67	2   9  10 
  69	2   9   5 
  71	2   8   9 
  73	2   8   5 
  75	2   9   5 
  77	2   8   9 
  79	2   5   8 
  81	2   5   0 
  83	2   4   5 
  85	2   4   0 
  87	2   5   0 
  89	2   4   5 
  91	2   5   8 
  93	2   9   5 
  95	2   8   9 
  97	2   8   5 
  99	2   9   5 
 101	2   8   9 
 103	2   5   8 
 105	2   5   6 
 105	2   8  12 
 107	2   2   5 
 107	6  14  12 
 109	2   6   2 
 109	2   0   4 
 111	2   6   5 
 113	2   2   5 
 115	2   6   2 
 115	6  13   8 
 117	2   5   6 
 119	2   0   1 
 121	2  10   9 
 121	6   4   0 
 127	2   5  10 
 129	2   9   5 
 131	2   9  10 
 133	2   5  10 
 135	2   9   5 
 137	2  10   9 
 139	2  10  13 
 139	6   8   4 
 141	2  14  10 
 143	2  14  13 
 143	6   6   1 
 149	2  10  13 
 151	2  14  10 
 153	2  13  14 
 155	2  13   8 
 155	6  10   6 
 161	2  10  13 
 163	2  10   8 
 165	2  13   8 
 165	6   6   5 
 171	2  10  13 
 173	2   8  10 
 175	2   8   4 
 177	2  12   8 
 179	2  12   4 
 181	2   8   4 
 183	2  12   8 
 185	2   8  10 
 187	2  13   8 
 189	2  10  13 
 191	2  10   8 
 193	2  13   8 
 195	2  10  13 
 197	2  13  14 
 199	2   5  13 
 201	2   8  10 
 203	2   8  10 
 205	2   4  12 
 205	6  14  10 
 207	2   4  12 
 209	6  12   8 
 211	2  10   5 
 215	2  10  13 
 217	2   5  13 
 219	2  10   5 
 221	2   5   9 
 223	2   6   5 
 225	2   9   6 
 227	2   9   5 
 229	2   6   5 
 231	2   9   6 
 233	2   6   1 
 235	2   2   6 
 237	2   1   2 
 237	2  13  10 
 239	2   1   6 
 241	2   2   6 
 243	2   1   2 
 243	2  13  10 
 245	2   5   9 
 247	2   5   9 
 249	2   6   1 
 251	2   6   5 
 253	2   9   6 
 255	2   9   5 
 257	2   6   5 
 259	2   9   6 
 261	2   5   9 
 263	2   5  13 
 265	2  10   5 
 267	2  10  13 
 269	2   5  13 
 271	2  10   5 
 273	2  13  10 
 275	2  13  12 
 277	2  14  13 
 279	2  14  12 
 281	2  13  12 
 283	2  14  13 
 285	2  12  14 
 287	2  12   4 
 289	2   8  12 
 291	2   8   4 
 293	2  12   4 
 295	2   8  12 
 297	2  12  14 
 299	2  13  12 
 301	2  14  13 
 301	2   4   8 
 303	2  14  12 
 305	2  13  12 
 307	2  14  13 
 307	2   4   8 
 309	2  13  10 
 309	6   4   0 
 311	2  12  14 
 313	6   9   6 
 319	2   5  13 
 321	2  10   5 
 323	2  10  13 
 325	2   5  13 
 327	2  10   5 
 329	2   5   6 
 331	2   9   5 
 333	2   6   9 
 335	2   6   5 
 337	2   9   5 
 339	2   6   9 
 341	2   5   6 
 343	2   6   5 
 345	2   1   6 
 347	2   5   1 
 347	2  13  10 
 349	2   5   6 
 351	2   1   6 
 351	2   9  13 
 353	2   5   1 
 353	6  13  10 
 359	2   6   5 
 361	2   6   9 
 363	2  10   6 
 363	2  12   4 
 365	2  10   9 
 367	2   6   9 
 369	2  10   6 
 371	2   9  10 
 373	2   9  12 
 375	2   4   9 
 377	2   4  12 
 379	2   9  12 
 381	2   4   9 
 383	2   9  10 
 385	2   6   9 
 387	2  10   6 
 387	2  12   4 
 389	2  10   9 
 391	2   6   9 
 393	2  10   6 
 393	2  12   4 
 395	2   6   5 
 397	2   1   6 
 399	2   5   1 
 401	2   5   6 
 403	2   1   6 
 405	2   5   1 
 407	2   9  10 
 409	2   9  10 
 411	2   6   5 
 413	2   6   9 
 415	2  10   6 
 417	2  10   9 
 419	2   6   9 
 421	2  10   6 
 423	2   9  10 
 425	2   9  12 
 427	2   4   9 
 429	2   4  12 
 431	2   9  12 
 433	2   4   9 
 435	2   9  10 
 437	2   6   9 
 439	2  10   6 
 439	2  12   4 
 441	2  10   9 
 443	2   6   9 
 445	2  10   6 
 447	2   9  10 
 449	2   9   1 
 451	2   5   6 
 451	2  12  14 
 453	2  10  13 
 455	6   5   2 
 461	2   5   9 
 463	2   1   5 
 465	2   1   9 
 467	2   5   9 
 469	2   1   5 
 471	2   9   1 
 473	6   5   2 
 473	6  14  12 
 479	2   9   5 
 481	2   6   9 
 483	2   6   5 
 483	6  12   8 
 489	2   9   5 
 491	2   6   9 
 493	2   5   6 
 495	2   5  10 
 497	2  13   5 
 499	2  13  10 
 501	2   5  10 
 503	2  13   5 
 505	2  10  13 
 507	2  10  14 
 509	2   8  10 
 511	6  10   8 
 517	2  10  14 
 519	6  10   8 
 525	2  10  14 
 527	2   8  10 
 529	6  10   8 
 505	6   1   0 
 511	6   2   1 
 535	2  14  10 
 535	6   5   2 
 537	6  14  10 
 535	6  12   8 
 543	2  10   5 
 543	6  13  12 
 545	6   6   2 
 551	2   8  10 
 553	2   8   5 
 555	2  10   5 
 557	2   8  10 
 559	2  10  14 
 559	2   5   8 
 561	2  13  10 
 563	2  14  13 
 563	2   5   8 
 565	2  14  10 
 567	2  13  10 
 569	2  14  13 
 571	2  13  12 
 573	2  10  14 
 575	2  10  14 
 577	6   9   6 
 583	2   9  13 
 583	6   6   2 
 585	2  12   9 
 587	2  12  13 
 589	2   9  13 
 591	2  12   9 
 593	2   9   6 
 595	2  13  12 
 595	6   5   2 
 597	2  13  12 
 601	2   5   9 
 603	2   6   5 
 605	2   6   9 
 607	2   5   9 
 609	2   6   5 
 611	2   5   0 
 613	2   1   5 
 615	2   0   1 
 615	2   9   6 
 617	2   0   5 
 619	2   1   5 
 621	2   0   1 
 621	2   9   6 
 623	2   5   0 
 625	2   5   9 
 627	2   6   5 
 629	2   6   9 
 631	2   5   9 
 633	2   6   5 
 635	2   9   6 
 637	2   9  13 
 637	6   6   2 
 639	2  12   9 
 641	2  12  13 
 643	2   9  13 
 645	2  12   9 
 647	2  13  12 
 649	2  13  10 
 651	2  14  13 
 651	6   8   5 
 653	2  14  10 
 657	2  13  10 
 657	6   2   1 
 659	2  14  13 
 661	2  10  14 
 663	2  10   6 
 663	6   4   1 
 669	2   5  10 
 671	2   5   6 
 673	2  10   6 
 675	2   5  10 
 677	2  10  14 
 677	6   2   1 
 679	2  13  10 
 681	2  14  13 
 683	2  14  10 
 685	2  13  10 
 687	2  14  13 
 687	2   6   5 
 689	2  13  12 
 689	2   6   5 
 691	2   9  13 
 693	2  12   9 
 695	2  12  13 
 695	6   5   0 
 697	2  10  14 
 701	2   9  13 
 703	2  12   9 
 705	2   9   4 
 707	2   8   9 
 709	2   4   8 
 709	2  10   2 
 711	2   4   9 
 713	2   8   9 
 715	2   4   8 
 717	2   9   4 
 719	2   4   9 
 721	2   5   4 
 721	2  13  12 
 723	2   9   5 
 725	2   9   4 
 727	2   5   4 
 727	6  13  12 
 729	6   2   0 
 733	2   8  12 
 735	2   9   5 
 737	2   4   9 
 739	2   4   8 
 741	2  12   4 
 743	2  12   8 
 743	6   5   0 
 749	2   4   8 
 751	2  12   4 
 753	2   8  12 
 755	2   8  10 
 757	2   5   8 
 759	2   5  10 
 761	2   8  10 
 763	2   5   8 
 765	2   8  12 
 765	2  10   5 
 767	2   4   8 
 769	2  12   4 
 771	2  12   8 
 771	2  10   5 
 773	2   4   8 
 775	2  12   4 
 777	2   4   9 
 779	2   0   4 
 781	2   8  12 
 781	6   5   0 
 783	2   8  12 
 787	2   9   5 
 789	2   9   4 
 791	2   5   4 
 793	2   9   5 
 795	2   4   9 
 797	2   4   8 
 799	2  12   4 
 801	2  12   8 
 801	6   5   0 
 807	2   4   8 
 809	2  12   4 
 811	2   8  12 
 813	2   8  10 
 815	2   5   8 
 817	2   5  10 
 819	2   8  10 
 821	2   5   8 
 823	2   8  12 
 823	2  10   5 
 825	2   4   8 
 827	2  12   4 
 829	2  12   8 
 829	2  10   5 
 831	2   4   8 
 833	2  12   4 
 835	2   8  12 
 835	6   5   0 
 841	2   8   5 
 843	2  13   8 
 843	6   1   0 
 845	2   9  14 
 849	2   5  13 
 851	2   5   8 
 853	2  13   8 
 855	2   5  13 
 857	2   0   4 
 859	2   8   5 
 861	2   8   0 
 863	2   4   8 
 865	2   4   0 
 867	2   8   0 
 869	2   4   8 
 871	2   0   4 
 873	6   5   0 
 857	6  14  10 
 879	2   5   9 
 881	2  10   5 
 883	2  10   9 
 883	6   2   1 
 885	6  13  12 
 891	2   5   9 
 893	2  10   5 
 895	2   9  10 
 897	2   9   6 
 899	2   1   9 
 901	2   1   6 
 903	2   9   6 
 905	2   1   9 
 907	2   9  10 
 909	2   5   9 
 911	2  10   5 
 913	2  10   9 
 915	2   5   9 
 917	2  10   5 
 919	2   5   4 
 921	2   8   5 
 923	2   4   8 
 923	2   6   1 
 925	2   4   5 
 927	2   8   5 
 929	2   4   8 
 929	2   6   1 
 931	2   8   0 
 933	2  12   8 
 933	6   5   0 
 935	6  12   8 
 941	2   5   8 
 943	2   0   4 
 943	2   9  10 
 945	2   0   4 
 945	2   9  10 
 947	6   8   5 
 953	2   8  12 
 955	6   8   5 
 961	2   8  12 
 963	2   5   8 
 965	6   8   5 
 971	2  12   8 
 971	6   5   0 
 973	6  12   8 
 979	2   8   5 
 981	2   4   8 
 983	2   4   5 
 985	2   8   5 
 987	2   4   8 
 989	2   5   4 
 991	2   5   9 
 993	2  10   5 
 995	2  10   9 
 997	2   5   9 
 999	2  10   5 
1001	2   9  10 
1003	2   9   6 
1005	2   1   9 
1007	2   1   6 
1009	2   9   6 
1011	2   1   9 
1013	2   9  10 
1015	2   5   9 
1017	2  10   5 
1019	2  10   9 
1021	2   5   9 
1023	2  10   5 
1025	2   5   4 
1027	2   8   5 
1029	2   4   8 
1029	2   6   1 
1031	2   4   5 
1033	2   8   5 
1035	2   4   8 
1035	2   6   1 
1037	2   9  10 
1039	2   5   4 
1041	2   4   9 
1043	2  12   4 
1045	2   9  12 
1047	2   9   4 
1049	2  12   4 
1051	2   9  12 
1053	2   8  13 
1055	2   4   9 
1057	2   4   8 
1059	6   9   4 
1065	2  13   9 
1067	2  13   8 
1069	2   9   8 
1071	2  13   9 
1073	2   8  13 
1075	6  10   8 
1081	2  10  14 
1081	6   5   2 
1087	2   5  10 
1089	6  10   5 
1095	2  10  14 
1097	6  10   5 
1103	2  10  14 
1105	2   5  10 
1107	2  10  13 
1109	2   9  10 
1111	2  13   9 
1113	2  13  10 
1115	2   9  10 
1117	2  13   9 
1119	2   9   4 
1121	2  12   9 
1123	2   4  12 
1125	2   4   9 
1127	2  12   9 
1129	2   4  12 
1131	2  10  13 
1133	2  10  13 
1135	2   9   4 
1137	2   9  10 
1139	2  13   9 
1141	2  13  10 
1141	2   4   8 
1143	2   9  10 
1145	2  13   9 
1147	2  10  13 
1149	6  10   5 
1155	2  14  10 
1157	2  14  10 
1159	6  10   5 
1165	2  10  14 
1167	2   5  10 
1169	6  10   5 
1175	2  10  14 
1177	6  10   5 
1149	6  12   8 
1183	2  10  14 
1183	6   2   0 
1189	2   5  10 
1191	2  10  13 
1191	6   4   0 
1193	2   9  10 
1195	2  13   9 
1195	6   6   2 
1201	2  13  10 
1203	2   9  10 
1205	2  13   9 
1207	2  10  13 
1209	2  10   8 
1211	2   6  10 
1213	2   4   9 
1215	6   6   4 
1215	6  14  13 
1221	2   8   4 
1223	2   8  10 
1225	2  13   5 
1227	2  13   5 
1229	6   6   4 
1235	2   6  10 
1237	6   6   4 
1243	2   8   4 
1245	2  10   8 
1245	6   1   0 
1247	2  10   6 
1249	2   9  10 
1251	2   9   6 
1253	2  10   6 
1253	6  12   4 
1259	2   9  10 
1261	2   6   9 
1263	2   6   1 
1263	6  14  12 
1269	2   4   6 
1271	2   4   1 
1273	2   6   1 
1273	6  13   8 
1279	2   4   6 
1281	2   1   4 
1283	2   1   2 
1285	2   0   1 
1287	2   0   2 
1289	2   1   2 
1291	2   0   1 
1293	2   1   4 
1295	2   6   1 
1297	2   4   6 
1299	2   4   1 
1301	2   6   1 
1303	2   4   6 
1305	2   6   9 
1307	2  10   6 
1307	2   1   4 
1309	2   9  10 
1309	2   1   4 
1311	2   9   6 
1313	2  10   6 
1315	2   9  10 
1315	2   2   0 
1317	2  10  13 
1317	2   2   0 
1319	2  14  10 
1321	2  13  14 
1323	2  13  10 
1325	2  14  10 
1327	2  13  14 
1329	2   6   9 
1331	2   6   9 
1333	2  10  13 
1335	2  10   6 
1337	2   9  10 
1339	2   9   6 
1341	2  10   6 
1343	2   9  10 
1345	2   6   9 
1347	2   6   1 
1349	2   4   6 
1351	2   4   1 
1351	6  14  11 
1357	2   6   1 
1359	2   4   6 
1361	2   1   4 
1361	6  11   3 
1367	2   1   2 
1369	2   0   1 
1371	2   0   2 
1373	2   1   2 
1375	2   0   1 
1377	2   1   4 
1379	2   6   1 
1381	2   4   6 
1383	2   4   1 
1385	2   6   1 
1387	2   4   6 
1389	2   6   9 
1391	2  10   6 
1391	2   1   4 
1393	2   9  10 
1393	2   2   0 
1395	2   9   6 
1395	2   0   1 
1397	2  10   6 
1399	2   9  10 
1399	2   3   2 
1401	2   6   9 
1403	2   9  12 
1405	2  13   9 
1407	2  12  13 
1407	6   6   4 
1413	2  12   9 
1415	2  13   9 
1417	2  12  13 
1419	2   9  12 
1421	2   9   8 
1423	2   5   9 
1425	2   5   8 
1427	2   9   8 
1429	2   5   9 
1431	2   9  12 
1433	2  13   9 
1435	2  12  13 
1437	2  12   9 
1439	2  13   9 
1441	2   8   5 
1443	2  12  13 
1445	2   8   5 
1445	6  14  13 
1451	2  10  14 
1453	2   9  12 
1455	2   6  10 
1457	2   9   8 
1459	2  14   6 
1461	2   5   9 
1463	2  14  10 
1463	2   5   8 
1465	2   6  10 
1467	2   9   8 
1469	2  14   6 
1471	2   5   9 
1473	2   4   9 
1475	2  10  14 
1475	2   8   5 
1477	2   8   5 
1479	6   6   4 
1485	2  10   6 
1485	6   1   0 
1487	2   9  10 
1489	2   9   6 
1491	2  10   6 
1493	2   9  10 
1493	6   3   1 
1499	2   6   9 
1501	2   6   1 
1503	2   2   6 
1505	2   2   1 
1507	2   6   1 
1509	2   2   6 
1511	2   1   2 
1513	2   1   3 
1515	2   0   1 
1515	6   6   3 
1517	6   1   0 
1523	2   1   6 
1525	6   2   0 
1531	2   2   6 
1533	2   1   2 
1535	2   2   0 
1537	2   3   2 
1537	6   5   0 
1539	6   3   2 
1545	2   5   2 
1547	2   6   1 
1549	2   6   1 
1551	6   3   1 
1551	6  10   9 
1557	2   5   1 
1559	2   2   1 
1561	2   5   2 
1563	2   2  10 
1565	2   1   5 
1567	2   1   5 
1569	6   5   2 
1565	6  14  12 
1571	6  12   8 
1577	2   9   5 
1579	2  10   9 
1581	2  10   5 
1583	2   9   5 
1585	2  10   9 
1587	2   9   8 
1589	2   4   9 
1591	2   8   4 
1593	2   8   9 
1595	2   4   9 
1597	2   8   4 
1599	2   5  10 
1601	2   5  10 
1603	2   9   8 
1605	2   9   5 
1607	2  10   9 
1609	2  10   5 
1611	2   9   5 
1613	2  10   9 
1615	2   5  10 
1617	2   5   1 
1617	6  13   8 
1623	2   2   5 
1623	6  12   8 
1625	2   2   1 
1627	2   5   1 
1629	2   2   5 
1631	2   1   2 
1633	2   1   6 
1635	2   3   1 
1637	2   3   6 
1637	6   4   0 
1643	2   1   6 
1645	2   3   1 
1647	2   1   2 
1649	2   5   1 
1651	2   2   5 
1653	2   2   1 
1655	2   5   1 
1657	2   2   5 
1659	2   5  10 
1661	2   9   5 
1663	2  10   9 
1663	2   1   2 
1665	2  10   5 
1667	2   9   5 
1669	2  10   9 
1669	2   1   2 
1671	2   5  10 
1673	2  10  14 
1673	6   5   4 
1675	2  13  10 
1677	2  14  13 
1679	2  14  10 
1679	6   1   0 
1681	2  13  10 
1683	2  14  13 
1683	2   6   3 
1685	2  10  14 
1685	6   4   1 
1691	2  10   8 
1691	6   2   1 
1697	2   5  10 
1699	2   5   8 
1701	2  10   8 
1703	2   5  10 
1705	2  10  14 
1705	2   8   5 
1707	2  13  10 
1709	2  14  13 
1709	2   8   5 
1711	2  14  10 
1711	6  12   4 
1713	2   6   3 
1715	6   6   2 
1717	6   4   0 
1721	2  13  10 
1723	2  14  13 
1723	6   2   0 
1725	2   9  13 
1727	2  10  14 
1729	2  12   9 
1729	6   3   2 
1731	2  10   8 
1733	2  13  12 
1733	2   5  10 
1735	2  13   9 
1737	2   5   8 
1739	2  12   9 
1741	2  10   8 
1743	2  13  12 
1743	2   5  10 
1745	2   6  10 
1747	2   9  13 
1749	2   9   6 
1751	2  10   9 
1753	2  10   6 
1755	2   9   6 
1757	2  10   9 
1759	2   6  10 
1761	2   6   4 
1763	2   1   6 
1765	2   1   4 
1767	2   6   4 
1769	2   1   6 
1771	2   4   1 
1773	2   4   0 
1775	2   8   5 
1777	2   8   5 
1779	6   2   0 
1785	2   0   4 
1787	2   0   2 
1789	6   2   0 
1795	2   4   0 
1797	6   2   0 
1803	2   0   4 
1805	2   4   1 
1807	2   6   4 
1809	2   1   6 
1811	2   1   4 
1813	2   6   4 
1815	2   1   6 
1817	2   6  10 
1817	2   4   1 
1819	2   9   6 
1821	2  10   9 
1821	2   4   1 
1823	2  10   6 
1825	2   9   6 
1827	2  10   9 
1827	2   2   0 
1829	2   9  13 
1829	2   2   0 
1831	2  12   9 
1831	6   2   0 
1833	2  13  12 
1835	2  13   9 
1837	2  12   9 
1839	2  13  12 
1839	2   6  10 
1841	2   6  10 
1843	2   9  13 
1845	2   9   6 
1847	2  10   9 
1849	2  10   6 
1851	2   9   6 
1853	2  10   9 
1855	2   6  10 
1857	2   6   4 
1859	2   1   6 
1859	2  12  14 
1861	2   1   4 
1863	2   6   4 
1865	2   1   6 
1867	2   4   1 
1869	2   4   0 
1871	6   2   0 
1877	2   0   4 
1879	2   0   2 
1881	6   2   0 
1887	2   4   0 
1889	6   2   0 
1895	2   0   4 
1897	2   4   1 
1899	2   6   4 
1901	2   1   6 
1903	2   1   4 
1905	2   6   4 
1907	2   1   6 
1909	2   6  10 
1909	2   4   1 
1911	2   9   6 
1913	2  10   9 
1913	2   2   0 
1915	2  10   6 
1915	2   4   0 
1917	2   9   6 
1919	2  10   9 
1921	2   6  10 
1923	2   9  10 
1925	2   1   9 
1927	2   6   2 
1929	6   6   1 
1935	2  10   6 
1937	2  10   9 
1939	2   6   9 
1941	2  10   6 
1943	2   9  10 
1945	2   9   1 
1947	6   5   2 
1947	6  14  10 
1953	2   5   9 
1955	2   5   1 
1957	2   9   1 
1959	2   5   9 
1961	2   1   5 
1963	2   1   4 
1963	6  10   9 
1965	2   0   1 
1967	2   0   4 
1969	2   1   4 
1971	2   0   1 
1971	6  12   8 
1973	6   5   2 
1979	2   4   0 
1981	2   4   8 
1983	2   9   4 
1985	2   9   8 
1987	2   4   8 
1989	2   9   4 
1991	2   8   9 
1993	2   8  12 
1995	2   5   8 
1997	6   8   5 
2003	2   8  12 
2005	6   8   5 
2011	2   8  12 
2011	6  10   6 
2013	6  13  12 
2019	2   5   8 
2019	6  14  11 
2021	2   8   9 
2023	2   4   8 
2025	2   9   4 
2027	2   9   8 
2029	2   4   8 
2031	2   9   4 
2033	2   4   0 
2035	2   1   4 
2037	2   0   1 
2037	2   8   9 
2039	2   0   4 
2041	2   1   4 
2043	2   0   1 
2043	2   8   9 
2045	2   1   2 
2047	2   6   1 
2049	2   2   6 
2049	2   4   0 
2051	2   2   1 
2053	2   6   1 
2055	2   2   6 
2055	2   4   0 
2057	2   6  11 
2059	2  10   6 
2061	2  11  10 
2061	2   1   2 
2063	2  11   6 
2065	2  10   6 
2067	2  11  10 
2067	2   1   2 
2069	2   6  11 
2071	2   6   1 
2073	2   2   6 
2075	2   2   1 
2075	6  11   7 
2077	2  13   5 
2079	2  13   5 
2081	2   6   1 
2083	2   2   6 
2085	2   1   2 
2087	2   1   4 
2089	2   0   1 
2091	2   0   4 
2093	2   1   4 
2095	2   0   1 
2097	2   4   0 
2099	2   4   8 
2101	2   9   4 
2103	2   9   8 
2105	2   4   8 
2107	2   9   4 
2109	2   8   9 
2111	2   8  13 
2113	2   5   8 
2115	2   5  13 
2117	2   8  13 
2119	2   5   8 
2121	2   8   9 
2123	2   4   8 
2125	2   9   4 
2127	2   9   8 
2129	2   4   8 
2131	2   9   4 
2133	2   4   0 
2135	2   1   4 
2137	2   0   1 
2137	2   8   9 
2139	2   0   4 
2141	2   1   4 
2143	2   0   1 
2145	2   1   2 
2147	2   6   1 
2149	2   2   6 
2149	2   4   0 
2151	2   2   1 
2151	2   4   9 
2153	2   6   1 
2155	2   2   6 
2157	2   1   2 
2159	2   6   7 
2159	2   1   0 
2161	2   2   6 
2161	6   4   0 
2163	2   7   2 
2165	2   7   6 
2167	2   2   6 
2169	2   7   2 
2169	6   9   5 
2175	2   6   7 
2175	2  13   9 
2177	2   6   1 
2177	2  13   9 
2179	2   4   6 
2181	2   4   1 
2181	6  13   9 
2183	2   6   1 
2187	2   4   6 
2189	2   1   4 
2191	2   1   0 
2191	6   9   8 
2197	2   5   1 
2197	6  13  10 
2203	2   5   0 
2205	2   1   0 
2205	6  10   6 
2207	6   4   0 
2211	6   9   6 
2217	2   5   1 
2219	2   4   5 
2221	2   4   8 
2221	6  10   2 
2227	2   9   4 
2227	6   7   6 
2229	2   9   8 
2231	2   4   8 
2233	2   9   4 
2235	2   4   5 
2237	2   1   4 
2239	2   5   1 
2241	2   5   4 
2243	2   1   4 
2245	2   5   1 
2247	2   1   0 
2247	2   8   9 
2249	2   2   1 
2249	2   8   9 
2251	2   0   2 
2253	2   0   1 
2255	2   2   1 
2257	2   0   2 
2259	2   2   6 
2261	2  10   2 
2263	2   6  10 
2263	2   1   0 
2265	2   6   2 
2267	2  10   2 
2269	2   6  10 
2269	2   1   0 
2271	2   2   6 
2273	2   2   1 
2273	2  13  10 
2275	2   0   2 
2277	2   0   1 
2279	2   2   1 
2281	2   0   2 
2283	2   4   5 
2285	2   4   5 
2287	2   1   0 
2289	2   1   4 
2291	2   5   1 
2293	2   5   4 
2295	2   1   4 
2297	2   5   1 
2299	2   4   5 
2301	2   4   8 
2303	2   9   4 
2305	2   9   8 
2307	2   4   8 
2309	2   9   4 
2311	2   4   5 
2313	2   1   4 
2315	2   5   1 
2317	2   5   4 
2319	2   1   4 
2321	2   5   1 
2323	2   1   0 
2323	2   8   9 
2325	2   2   1 
2325	2   8   9 
2327	2   0   2 
2329	2   0   1 
2331	2   2   1 
2333	2   0   2 
2335	2   1   0 
2337	2   2   6 
2339	2   0   2 
2341	2   4   5 
2343	2   1   5 
2345	6   2   0 
2351	2   6   2 
2353	6   2   0 
2359	2   6   2 
2361	2   0   2 
2363	6   2   0 
2369	2   6   2 
2371	6   2   0 
2345	6   9   8 
2377	2   2   6 
2377	6   8   0 
2383	2   2   1 
2383	6   9   4 
2389	2   5   2 
2391	2   5   1 
2393	2   2   1 
2393	6  10   8 
2399	2   5   2 
2401	2   1   5 
2403	2   1   4 
2405	2   0   1 
2407	2   0   4 
2409	2   1   4 
2411	2   0   1 
2413	2   1   5 
2415	2   2   1 
2417	2   5   2 
2419	2   5   1 
2421	2   2   1 
2423	2   5   2 
2425	2   2   6 
2425	2   4   0 
2427	2  10   2 
2427	2   4   0 
2429	2   6  10 
2431	2   6   2 
2433	2  10   2 
2435	2   1   5 
2437	2   6  10 
2439	2   1   5 
2441	2   2   6 
2443	2   2   1 
2445	2   5   2 
2447	2   5   1 
2449	2   2   1 
2451	2   5   2 
2453	2   1   5 
2455	2   1   4 
2457	2   0   1 
2459	2   0   4 
2461	2   1   4 
2463	2   0   1 
2465	2   1   5 
2467	2   2   1 
2469	2   5   2 
2471	2   5   1 
2473	2   2   1 
2475	2   5   2 
2477	2   1   5 
2479	2   2   6 
2479	2   4   0 
2481	2   5   2 
2483	2   6   5 
2485	2   6   2 
2485	2   4   0 
2487	2   5   2 
2489	2   6   5 
2491	2   2   6 
2493	6   2   0 
2499	2   0   4 
2501	2   2   0 
2503	6   2   0 
2509	2   0   4 
2511	6   2   0 
2517	2   0   4 
2519	2   2   0 
2521	6   2   0 
2527	2   2   6 
2527	2   4   0 
2529	2   5   2 
2531	2   6   5 
2533	2   6   2 
2533	2   4   0 
2535	2   5   2 
2537	2   6   5 
2539	2   2   6 
2541	2   1   5 
2543	6   2   0 
2549	2   0   4 
2551	2   2   0 
2553	6   2   0 
2559	2   0   4 
2561	6   2   0 
2543	6  10   9 
2561	6   9   8 
2567	2   0   4 
2569	2   2   0 
2571	2   0   8 
2573	6   2   0 
2579	2   4   0 
2581	6   2   0 
2587	2   6   2 
2589	2   4   6 
2591	6   2   0 
2597	2   0   4 
2599	6   2   0 
2605	2   2   6 
2607	2   4   6 
2609	6   2   0 
2609	6   9   8 
2615	2   6   2 
2615	2   0   4 
2617	2   9   6 
2619	6   8   0 
2619	6   6   2 
2625	2   9   6 
2627	2   2   6 
2627	2   8  12 
2629	6   5   2 
2635	2   9   5 
2637	2   6   9 
2639	2   6   1 
2641	2   2   6 
2641	6   9   4 
2643	2   2   1 
2647	2   6   1 
2649	2   2   6 
2651	2  10   9 
2651	2   1   2 
2653	6   6   1 
2653	6  14  12 
2659	2   6  10 
2659	6  13   8 
2661	6  15   7 
2667	2   9   6 
2669	2   9  10 
2671	2   6  10 
2673	2   9   6 
2675	2  10   9 
2677	2  10  13 
2679	2  14  10 
2681	2  14  13 
2683	2  10  13 
2685	2  14  10 
2687	2  10   9 
2689	2   6  10 
2691	2   9   6 
2693	2   9  10 
2695	2   6  10 
2697	2   9   6 
2699	2   6   2 
2699	2  13  14 
2701	2   1   6 
2701	2  13  14 
2703	2   2   1 
2703	2  10   9 
2705	2   2   6 
2707	2   1   6 
2709	2   2   1 
2709	2  10   9 
2711	2   1   4 
2713	2   5   1 
2715	2   4   5 
2717	2   4   1 
2719	2   5   1 
2721	2   4   5 
2723	2   6   2 
2725	2   6   2 
2727	2   1   4 
2729	2   1   6 
2731	2   2   1 
2733	2   2   6 
2735	2   1   6 
2737	2   2   1 
2739	2   6   2 
2741	2   6  10 
2743	2   9   6 
2745	2   9  10 
2747	2   6  10 
2749	2   9   6 
2751	2  10   9 
2753	2  10  13 
2753	2   4   5 
2755	2  14  10 
2757	2  14  13 
2759	2  10  13 
2761	2  14  10 
2763	2  10   9 
2765	2   6  10 
2767	2   9   6 
2769	2   9  10 
2771	2   6  10 
2773	2   9   6 
2775	2   6   2 
2775	2  13  14 
2777	2   1   6 
2777	2  13  15 
2779	2   2   1 
2779	2  10   9 
2781	2   2   6 
2783	2   1   6 
2785	2   2   1 
2785	2   9  10 
2787	2   6   2 
2789	2   6   4 
2791	2   5   6 
2793	2   5   4 
2795	2   6   4 
2797	2   5   6 
2799	2   2   1 
2801	2   4   5 
2803	6   2   0 
2803	6   9   8 
2809	2   4   0 
2809	6  10   2 
2815	2   1   4 
2817	2   1   0 
2819	2   4   0 
2821	2   1   4 
2823	2   0   1 
2825	2   0   8 
2827	2   2   0 
2827	6   9   8 
2829	6   6   2 
2833	6   8   0 
2835	6  10   6 
2841	2  10   9 
2843	2   8   9 
2843	6  15  14 
2845	6   5   0 
2851	2  10   8 
2853	2   9  10 
2855	2   9  13 
2857	2  14   9 
2859	2  14  13 
2861	2   9  13 
2863	2  14   9 
2865	2  13  14 
2867	2  13   5 
2869	6   9   6 
2875	2   9  13 
2877	2   9   5 
2879	2  13   5 
2881	2   9  13 
2883	2  13  14 
2885	2   5   9 
2887	2   5   9 
2889	6   9   6 
2889	6   1   0 
2895	2   9  13 
2895	6   6   2 
2897	2  14   9 
2899	2  14  13 
2901	2   9  13 
2901	6   7   2 
2903	2  14   9 
2905	2   9  10 
2907	2   8   9 
2907	6  15   7 
2913	2  10   8 
2915	2  10   9 
2917	2   8   9 
2919	2  10   8 
2921	2   8   0 
2923	2   4   8 
2923	2  13  14 
2925	2   0   4 
2925	2   9  10 
2927	2   0   8 
2929	2   4   8 
2929	2  13  14 
2931	2   0   4 
2931	2   9  10 
2933	2   4   1 
2935	2   6   4 
2937	2   1   6 
2939	2   1   4 
2941	2   6   4 
2943	2   8   0 
2945	2   1   6 
2947	2   8   0 
2949	2   4   1 
2951	2   4   8 
2953	2   0   4 
2955	2   0   8 
2957	2   4   8 
2959	2   0   4 
2961	2   8   0 
2963	2   8   9 
2965	2  10   8 
2967	2  10   9 
2969	2   8   9 
2971	2  10   8 
2973	2   9  10 
2975	2   9  13 
2977	2  14   9 
2979	2  14  13 
2981	2   9  13 
2983	2  14   9 
2985	2  13  14 
2987	2  13   5 
2989	2  15  13 
2989	6   6   5 
2991	6  15  11 
2995	6  13   5 
2997	6  11   7 
3001	6  14   9 
3003	2   7   6 
3007	2   5   6 
3007	6  14  13 
3009	2   7   5 
3011	2   6   7 
3013	2   5   9 
3015	2  13   5 
3017	2   9  13 
3017	2   6   7 
3019	2   9   5 
3019	6  11   7 
3021	2  13   5 
3023	2   9  13 
3025	2  13  10 
3027	2   8  13 
3029	2  10   8 
3031	2  10  13 
3033	2   8  13 
3035	2  10   8 
3037	2   8   0 
3039	2   4   8 
3039	2  13  10 
3041	2   0   4 
3041	2  10  13 
3043	2   0   8 
3045	2   4   8 
3045	6  14  13 
3047	2   0   4 
3051	2   8   0 
3053	2   0   4 
3055	2   1   0 
3055	2  13   8 
3057	2   4   1 
3057	6  13  10 
3059	2   4   0 
3061	2   1   0 
3063	2   4   1 
3063	6  10   6 
3065	2   0   4 
3067	6   1   0 
3073	2   1   6 
3073	6   8   4 
3069	6  14  13 
3075	6  13  10 
3079	2   4   1 
3081	2   4   6 
3083	2   1   6 
3085	2   4   1 
3087	2   6   4 
3089	2   6  14 
3091	2  10   6 
3093	2  10  14 
3095	2   6  14 
3097	2   5   9 
3099	2  10   6 
3101	2   5   7 
3103	2  14  10 
3105	6  10   5 
3111	2  14  10 
3113	6  10   7 
3119	2  10  14 
3121	2  10   7 
3123	6  10   7 
3129	2  14  10 
3131	6  10   7 
3137	2  10  14 
3139	2   7  10 
3141	2   7  10 
3143	6  10   5 
3149	2  14  10 
3149	6   8   0 
3151	2   6  14 
3153	2  10   6 
3155	2  10  14 
3155	6   8   5 
3157	6  14  11 
3161	6   9   8 
3163	2   6  11 
3167	2  10   6 
3169	2   6   4 
3171	2   1   6 
3173	2   4   1 
3173	2  11  10 
3175	2   4   6 
3177	2   1   6 
3179	2   4   1 
3179	2  11  10 
3181	2   1   0 
3181	6  10   7 
3183	2   5   1 
3187	2   0   5 
3189	2   0   1 
3191	2   5   1 
3193	2   0   5 
3195	2   6   4 
3197	2   6   4 
3199	2   1   0 
3201	2   1   6 
3203	2   4   1 
3205	2   4   6 
3207	2   1   6 
3209	2   4   1 
3211	2   6   4 
3213	2   6  11 
3215	2   7   6 
3217	2   7  11 
3217	2   0   5 
3219	2   6  11 
3221	2   7   6 
3223	2  11   7 
3223	6   5   0 
3225	2  11  10 
3229	2   9  11 
3229	6   2   0 
3231	2   9  10 
3233	2  11  10 
3235	2   9  11 
3237	2  11   7 
3239	2   6  11 
3241	2   7   6 
3243	2   7  11 
3245	2   6  11 
3247	2   7   6 
3249	2   6   4 
3251	2   1   6 
3253	2   4   1 
3253	2  11   7 
3255	2   4   6 
3257	2   1   6 
3259	2   4   1 
3259	2   7  11 
3261	2   6   4 
3263	2   6   5 
3265	2   2   6 
3267	2   2   5 
3269	2   6   5 
3271	2   2   6 
3273	2   4   1 
3273	2  10   9 
3275	2   5   2 
3277	2   5   4 
3277	6   7   2 
3283	2   1   5 
3285	2   1   4 
3287	2   5   4 
3289	2   1   5 
3291	2   4   1 
3293	2  10   8 
3293	6   2   1 
3295	6  11   9 
3301	2   4   1 
3301	6  10   6 
3303	6   8   0 
3309	2   9   4 
3307	6   6   2 
3313	2   9   1 
3315	2   4   1 
3315	6  13  10 
3321	2   9   4 
3323	2   1   9 
3325	2   1   2 
3325	6  14   9 
3327	2   0   1 
3329	2   0   2 
3331	2   1   2 
3333	2   0   1 
3333	6   9   6 
3339	2   2   0 
3339	6  14   9 
3345	2   2  10 
3347	2   6   2 
3347	6  14  12 
3353	2   6  10 
3353	6  12   8 
3355	2   2  10 
3357	2   6   2 
3359	2   2   0 
3361	2   1   2 
3361	6  10   7 
3363	2   0   1 
3367	2   0   2 
3369	2   1   2 
3371	2   0   1 
3371	2   7   6 
3373	2   1   9 
3375	2   4   1 
3375	2   7   6 
3377	2   9   4 
3377	6  11   3 
3383	2   9   1 
3385	2   4   1 
3387	2   9   4 
3389	2   4   8 
3391	2   5   4 
3393	2   8   5 
3395	2   8   4 
3397	2   5   4 
3399	2   8   5 
3401	2   5  10 
3403	2  13   5 
3405	2  10  13 
3405	2   4   8 
3407	2  10   5 
3409	2  13   5 
3411	2  10  13 
3411	2   4   8 
3413	2   5  10 
3415	2   5   4 
3417	2   8   5 
3419	2   8   4 
3421	2   5   4 
3423	2   1   9 
3425	2   8   5 
3427	2   1   9 
3429	2   4   8 
3431	2   4   1 
3433	2   9   4 
3435	2   9   1 
3437	2   4   1 
3439	2   2   0 
3441	2   9   4 
3443	2   2   0 
3445	2   1   9 
3447	2   1   2 
3449	2   0   1 
3451	2   0   2 
3453	2   1   2 
3455	2   0   1 
3457	2   2   0 
3459	2   2   7 
3461	2   6   2 
3463	2   6   7 
3465	2   2   7 
3467	2   6   2 
3469	2   2   0 
3471	2   1   2 
3473	2   0   1 
3473	2   7   6 
3475	2   0   2 
3477	2   1   2 
3479	2   0   1 
3481	2   1   9 
3483	2   4   1 
3485	2   9   4 
3487	2   9   1 
3489	2   4   1 
3491	2   9   4 
3493	2   4   8 
3495	2   5   4 
3497	2   8   5 
3499	2   8   4 
3501	2   5   4 
3503	2   8   5 
3505	2   4   8 
3507	2   1   9 
3509	2   2   0 
3509	6  10   9 
3511	2   2   3 
3513	6   1   0 
3519	2   9   4 
3521	2  13   9 
3523	2   8   0 
3525	2   6   5 
3525	6  13   8 
3527	6   1   0 
3531	6  13  10 
3533	2   4   8 
3535	6   5   1 
3527	6   7   3 
3541	2   4   9 
3543	2   8   9 
3545	2   4   8 
3547	2   9   4 
3549	2   9  10 
3551	2   5   9 
3553	2   5  10 
3555	2   9  10 
3557	2   5   9 
3559	2  10   5 
3561	2  10   2 
3563	2   7  10 
3565	2   7   2 
3567	2  10   2 
3569	2   7  10 
3571	2  10   5 
3573	2   9  10 
3573	2   2   7 
3575	2   5   9 
3575	2   2   7 
3577	2   5  10 
3579	2   9  10 
3581	2   5   9 
3583	2   9   4 
3585	2   8   9 
3587	2   4   8 
3589	2   4   9 
3591	2   8   9 
3593	2   4   8 
3595	2  10   5 
3597	2  10   5 
3599	2   9   4 
3601	2   9  10 
3603	2   5   9 
3605	2   5  10 
3607	2   9  10 
3609	2   5   9 
3611	2  10   5 
3613	2  10   2 
3615	2   7  10 
3617	2   7   2 
3619	2  10   2 
3621	2   7  10 
3623	2  10   5 
3625	2   9  10 
3625	2   2   7 
3627	2   5   9 
3627	2   2   3 
3629	2   5  10 
3631	2   9  10 
3633	2   5   9 
3635	2   9   8 
3637	2  13   9 
3639	2   8  13 
3639	6  10   6 
3645	2   8   9 
3645	6   3   1 
3647	2  13   9 
3649	2   8  13 
3651	2   6   5 
3653	2   4   6 
3655	2   9   8 
3657	2   9   4 
3659	2   6   9 
3661	2   6   4 
3663	2   9   4 
3665	2   6   9 
3667	2   5   0 
3669	2   4   6 
3671	2   4   5 
3671	6  10   7 
3673	2   0   4 
3677	2   0   5 
3679	2   4   5 
3681	2   0   4 
3683	2   5   0 
3685	2   5   2 
3687	2   1   5 
3689	2   1   2 
3691	2   5   2 
3693	2   1   5 
3695	2   2   1 
3697	2   2   7 
3699	2   3   2 
3701	2   3   7 
3703	2   2   7 
3705	2   3   2 
3707	2   2   1 
3709	2   5   2 
3711	2   1   5 
3711	2   7   3 
3713	2   1   2 
3715	2   5   2 
3717	2   1   5 
3717	2   7   3 
3719	2   5   0 
3721	2   4   5 
3723	2   0   4 
3725	2   0   5 
3727	2   4   5 
3729	2   0   4 
3731	2   4   6 
3733	2   9   4 
3733	2   2   1 
3735	2   6   9 
3737	2   6   4 
3739	2   9   4 
3739	2   2   1 
3741	2   6   9 
3743	2   9   8 
3745	2  13   9 
3747	2   8  13 
3749	2   8   9 
3751	2  13   9 
3753	2   4   6 
3755	2   8  13 
3757	2   4   6 
3759	2   9   8 
3761	2   9   4 
3763	2   6   9 
3765	2   6   4 
3767	2   9   4 
3769	2   5   0 
3771	2   6   9 
3773	2   5   0 
3775	2   4   6 
3777	2   4   5 
3779	2   0   4 
3781	2   0   5 
3783	2   4   5 
3785	2   0   4 
3787	2   5   0 
3789	2   5   2 
3791	2   1   5 
3793	2   1   2 
3795	2   5   2 
3797	2   1   5 
3799	2   2   1 
3801	2   2   7 
3803	2   3   2 
3805	2   3   7 
3807	2   2   7 
3809	2   3   2 
3811	2   2   1 
3813	2   5   2 
3815	2   1   5 
3815	2   7   3 
3817	2   1   2 
3819	2   5   2 
3821	2   1   5 
3821	2   7   3 
3823	2   5   0 
3825	2   4   5 
3827	2   0   4 
3829	2   0   5 
3831	2   4   5 
3833	2   0   4 
3835	2   4   6 
3837	2   9   4 
3837	2   2   1 
3839	2   6   9 
3841	2   6   4 
3843	2   9   4 
3845	2   6   9 
3847	2   4   6 
3849	2   9   4 
3851	2   8   9 
3853	2   4   8 
3853	2   2  10 
3855	2   4   9 
3857	2   8   9 
3859	2   5   0 
3861	2   4   8 
3863	2   6   5 
3865	2   9   4 
3867	2   9   6 
3869	2   5   9 
3871	2   5   6 
3873	2   9   6 
3875	2   5   9 
3877	2   6   5 
3879	2   6   2 
3881	2  10   6 
3883	2  10   2 
3885	2   6   2 
3887	2  10   6 
3889	2   6   5 
3891	2   9   6 
3893	2   5   9 
3895	2   5   6 
3897	2   9   6 
3899	2   5   9 
3901	2   9   4 
3903	2   8   9 
3905	2   4   8 
3905	2   2  10 
3907	2   4   9 
3909	2   8   9 
3911	2   4   8 
3911	2   2  10 
3913	2   6   5 
3913	6  13   8 
3915	2   6   5 
3919	2   9   4 
3921	2   9   6 
3923	2   5   9 
3925	2   5   6 
3927	2   9   6 
3929	2   5   9 
3931	2   6   5 
3933	2   6   2 
3935	2  10   6 
3937	2  10   2 
3939	2   6   2 
3941	2  10   6 
3943	2   6   5 
3945	2   9   6 
3947	2   5   9 
3949	2   5   6 
3951	2   9   6 
3953	2   5   9 
3955	2   9  13 
3957	2   8   9 
3959	2  13   8 
3959	2   6   5 
3961	2  13   9 
3963	2   8   9 
3965	2  13   8 
3967	2   4   6 
3969	2   9  13 
3971	2   9   4 
3973	2   6   9 
3975	2   6   4 
3977	2   9   4 
3979	2   6   9 
3981	2   5   0 
3983	2   4   6 
3985	2   4   5 
3987	2   0   4 
3987	2   2  10 
3989	2   0   5 
3991	2   4   5 
3993	2   0   4 
3995	2   2   1 
3997	2   5   0 
3999	2   5   2 
4001	2   1   5 
4003	2   1   2 
4005	2   5   2 
4007	2   1   5 
4009	2   2   1 
4011	2   2   7 
4013	2   3   2 
4015	2   3   7 
4017	2   2   7 
4019	2   3   2 
4021	2   2   1 
4023	2   5   2 
4025	2   1   5 
4025	2   7   3 
4027	2   1   2 
4029	2   5   2 
4031	2   1   5 
4031	2   7   3 
4033	2   5   0 
4035	2   4   5 
4037	2   0   4 
4039	2   0   5 
4041	2   4   5 
4043	2   0   4 
4045	2   4   6 
4047	2   9   4 
4047	2   2   1 
4049	2   6   9 
4051	2   6   4 
4053	2   9   4 
4053	2   2   1 
4055	2   6   9 
4057	2   9  13 
4059	2   8   9 
4061	2  13   8 
4063	2  13   9 
4065	2   8   9 
4067	2   4   6 
4069	2  13   8 
4071	2   4   6 
4073	2   9  13 
4075	2   9   4 
4077	2   6   9 
4079	2   6   4 
4079	6  14  13 
4081	2   5   0 
4083	2   5   0 
4085	2   9   4 
4087	2   6   9 
4089	2   4   6 
4091	2   4   5 
4093	2   0   4 
4095	2   0   5 
4097	2   4   5 
4099	2   0   4 
4101	2   5   0 
4103	2   5   2 
4105	2   1   5 
4107	2   1   2 
4109	2   5   2 
4111	2   1   5 
4113	2   2   1 
4115	2   2   7 
4117	2   3   2 
4119	2   3   7 
4121	2   2   7 
4123	2   3   2 
4125	2   2   1 
4127	2   5   2 
4129	2   1   5 
4129	2   7   3 
4131	2   1   2 
4133	2   5   2 
4135	2   1   5 
4135	2   7   3 
4137	2   5   0 
4139	2   4   5 
4141	2   0   4 
4143	2   0   5 
4145	2   4   5 
4147	2   0   4 
4149	2   4   6 
4151	2   9   4 
4151	2   2   1 
4153	2   6   9 
4153	6   1   0 
4159	2   6   4 
4161	2   9   4 
4163	2   6   9 
4165	2   4   6 
4167	2   9   4 
4169	2   8   9 
4171	2   4   8 
4171	2   2  10 
4173	2   4   9 
4175	2   8   9 
4177	2   5   1 
4179	2   4   8 
4181	2   6   5 
4183	2   9   4 
4185	2   9   6 
4187	2   5   9 
4189	2   5   6 
4191	2   9   6 
4193	2   5   9 
4195	2   6   5 
4197	2   6   2 
4199	2  10   6 
4201	2  10   2 
4203	2   6   2 
4205	2  10   6 
4207	2   6   5 
4209	2   9   6 
4211	2   5   9 
4213	2   5   6 
4215	2   9   6 
4217	2   5   9 
4219	2   9   4 
4221	2   8   9 
4223	2   4   8 
4223	2   2  10 
4225	2   4   9 
4227	2   8   9 
4229	2   4   8 
4229	2   2  10 
4231	2   6   5 
4233	2   6   5 
4235	2   9   4 
4237	2   9   6 
4237	2   4   0 
4239	2   5   9 
4241	2   5   6 
4243	2   9   6 
4245	2   5   9 
4247	2   6   5 
4249	2   6   2 
4251	2  10   6 
4251	6   4   1 
4257	2  10   2 
4259	2   6   2 
4261	2  10   6 
4263	2   6   5 
4265	2   9   6 
4267	2   5   9 
4269	2   5   6 
4271	2   9   6 
4273	2   5   9 
4275	2   9   8 
4277	2   4   9 
4279	2   8   4 
4279	2   2  10 
4281	2   8   9 
4283	2   4   9 
4285	2   8   4 
4285	2   2  10 
4287	2   6   5 
4289	2  14   6 
4291	2   9   8 
4293	2   9  14 
4291	6   2   1 
4295	6  14  10 
4297	6   5   0 
4303	2   6   9 
4303	6   1   0 
4305	2   6  10 
4307	2   9  10 
4309	2   6   9 
4311	2  10   6 
4313	2  10   2 
4315	2   5  10 
4317	2   5   2 
4319	2  10   2 
4321	2   5  10 
4323	2   2   5 
4325	2   2   7 
4327	2   3   2 
4329	2   3   7 
4331	2   2   7 
4333	2   3   2 
4335	2   2   5 
4337	2  10   2 
4339	2   5  10 
4339	2   7   3 
4341	2   5   2 
4343	2  10   2 
4345	2   5  10 
4345	2   7   3 
4347	2  10   6 
4349	2   9  10 
4351	2   6   9 
4353	2   6  10 
4355	2   9  10 
4357	2   6   9 
4359	2   9   8 
4361	2   4   9 
4363	2   8   4 
4363	2  10   6 
4365	2   8   9 
4367	2   4   9 
4369	2   8   4 
4369	2  10   6 
4371	2   9   8 
4373	2   9  10 
4375	2   6   9 
4377	2   6  10 
4379	2   9  10 
4381	2   2   5 
4383	2   6   9 
4385	2   2   5 
4387	2  10   6 
4389	2  10   2 
4391	2   5  10 
4393	2   5   2 
4395	2  10   2 
4397	2   5  10 
4399	2   2   5 
4401	2   2   7 
4403	2   3   2 
4405	2   3   7 
4407	2   2   7 
4409	2   3   2 
4411	2   2   5 
4413	2  10   2 
4415	2   5  10 
4415	2   7   3 
4417	2   5   2 
4419	2  10   2 
4421	2   5  10 
4421	2   7   3 
4423	2  10   6 
4425	2   9  10 
4425	6   2   1 
4431	2   6   9 
4433	2   6  10 
4433	6   4   1 
4435	2   9  10 
4439	2   4   5 
4441	2   6   9 
4443	2   9   4 
4445	2   8   9 
4447	2   4   8 
4447	2  10   6 
4449	2   4   9 
4449	2   6   2 
4451	2   8   9 
4453	2   4   8 
4453	6  10   2 
4459	2   9   4 
4461	2   9   6 
4461	6   1   0 
4463	2  10   9 
4465	2  10   6 
4467	2   9   6 
4469	2  10   9 
4471	2   6  10 
4473	2   6   1 
4475	2  14   6 
4477	6   9   1 
4483	2  14   9 
4483	6   2   1 
4489	2   6   9 
4491	2  14   6 
4489	6   4   0 
4493	2   6  10 
4495	2   2   6 
4495	2   9  14 
4497	2  10   2 
4497	6   8   4 
4499	2  10   6 
4501	2   2   6 
4503	2  10   2 
4505	2   2   0 
4505	2   9  14 
4507	2   6  10 
4507	6   4   1 
4509	2   6  10 
4513	2   1   2 
4515	2   0   1 
4517	2   0   2 
4519	2   1   2 
4521	2   0   1 
4523	2   2   0 
4525	2   2   6 
4525	6   8   0 
4531	2  10   2 
4533	2  10   6 
4535	2   2   6 
4537	2  10   2 
4539	2   6  10 
4541	2   6   9 
4543	2  14   6 
4545	2  14   9 
4547	2   6   9 
4549	2  14   6 
4551	2   6  10 
4553	2   2   6 
4553	2   9  14 
4555	2  10   2 
4557	2  10   6 
4559	2   2   6 
4559	2   9  14 
4561	2  10   2 
4563	2   2   1 
4565	2   0   2 
4567	2   1   0 
4567	2   6  10 
4569	2   1   2 
4571	2   0   2 
4573	2   1   0 
4575	2   4   6 
4577	2   2   1 
4579	2   8   5 
4581	6   2   0 
4587	2   0   4 
4589	6   2   0 
4595	2   6   2 
4597	2   6   4 
4599	6   2   0 
4605	2   0   4 
4607	6   2   0 
4613	2   6   2 
4615	2   4   6 
4617	2   4   8 
4617	6  10   7 
4619	2   5   4 
4623	2   5   8 
4623	6   3   2 
4625	2   4   8 
4627	2   5   4 
4629	2   8   5 
4631	2   8  10 
4631	6   2   1 
4633	6   8   4 
4637	6  10   2 
4639	6   4   0 
4643	6   9   6 
4645	2   1   0 
4649	2   1   2 
4651	2   0   2 
4653	2   1   0 
4653	6   6   3 
4659	2   0   5 
4661	2   8   0 
4661	6  10   6 
4667	2   5   8 
4669	2   5   0 
4671	2   8   0 
4673	2   5   8 
4675	2   8   9 
4675	2   2   1 
4677	2  10   8 
4677	2   2   1 
4679	2   9  10 
4681	2   9   8 
4683	2  10   8 
4685	2   9  10 
4687	2  10   6 
4689	2   8   9 
4691	2   8   9 
4693	2   0   5 
4695	2   0   5 
4697	6   6   4 
4703	2   6  10 
4705	2   4   6 
4707	6   6   4 
4713	2   6  10 
4715	6   6   4 
4721	2   6  10 
4723	2   4   6 
4725	6   6   4 
4731	2  10   6 
4733	2  10   8 
4735	2   9  10 
4737	2   9   8 
4739	2  10   8 
4741	2   9  10 
4743	2   8   9 
4745	2   8   0 
4747	2   5   8 
4749	2   5   0 
4751	2   8   0 
4753	2   5   8 
4755	2   0   5 
4757	2   0   2 
4759	2   1   0 
4761	2   1   2 
4763	2   0   2 
4765	2   1   0 
4767	2   0   5 
4769	2   8   0 
4771	2   5   8 
4773	2   5   0 
4775	2   8   0 
4777	2   5   8 
4779	2   8   9 
4779	2   2   1 
4781	2  10   8 
4783	2   9  10 
4785	2   9   8 
4785	2   6   2 
4787	2  10   8 
4789	2   9  10 
4791	2  10   7 
4791	6   5   4 
4793	6  11   3 
4797	2   0   4 
4799	2   5  10 
4801	2   7   5 
4803	2   7  10 
4803	2   1   0 
4805	2   5  10 
4807	2   7   5 
4809	2  10   7 
4811	2  10  11 
4813	2  14  10 
4815	2  14  11 
4815	2   8   9 
4817	2  10  11 
4819	2  14  10 
4821	2  10   7 
4823	2   5  10 
4825	2   7   5 
4827	2   7  10 
4829	2   5  10 
4831	2  11  14 
4831	2   8   9 
4833	2   7   5 
4835	2  11  14 
4837	2  10   7 
4839	2  10  11 
4835	6   8   4 
4841	2  14  10 
4843	2  14  11 
4845	2  10  11 
4847	2  14  10 
4849	2  10   5 
4851	2   8  10 
4853	2   5   8 
4853	2  11  14 
4855	2   5  10 
4857	2   8  10 
4859	2   5   8 
4859	2  11  14 
4861	2  10   5 
4863	6   6   4 
4869	2  10   6 
4869	6   4   1 
4871	2   9  10 
4875	2   9   6 
4877	2  10   6 
4879	2   9  10 
4881	2   6   9 
4883	2   6   1 
4885	2   2   6 
4887	2   2   1 
4889	2   6   1 
4891	2   2   6 
4893	2   1   2 
4895	2   1   4 
4897	2   0   1 
4899	2   0   4 
4901	2   1   4 
4903	2   0   1 
4905	2   1   2 
4907	2   6   1 
4909	2   2   6 
4909	2   4   0 
4911	2   2   1 
4913	2   6   1 
4915	2   2   6 
4915	2   4   0 
4917	2   6   9 
4919	2  10   6 
4921	2   9  10 
4921	2   1   2 
4923	2   9   6 
4925	2  10   6 
4927	2   9  10 
4927	2   1   2 
4929	2  10   5 
4931	2   8  10 
4933	2   5   8 
4935	2   5  10 
4937	2   8  10 
4939	2   5   8 
4941	2   6   9 
4943	2   6   9 
4945	2  10   5 
4947	2  10   6 
4949	2   9  10 
4951	2   9   6 
4953	2  10   6 
4955	2   9  10 
4957	2   6   9 
4959	2   6   1 
4961	2   2   6 
4963	2   2   1 
4965	2   6   1 
4967	2   2   6 
4969	2   1   2 
4971	2   1   4 
4973	2   0   1 
4975	2   0   4 
4977	2   1   4 
4979	2   0   1 
4981	2   1   2 
4983	2   6   1 
4985	2   2   6 
4985	2   4   0 
4987	2   2   1 
4989	2   6   1 
4991	2   2   6 
4991	2   4   0 
4993	2   6   9 
4995	2  10   6 
4997	2   9  10 
4997	2   1   2 
4999	2   9   6 
5001	2  10   6 
5003	2   9  10 
5003	2   1   2 
5005	2  10   7 
5007	2   5  10 
5009	2   7   5 
5011	2   7  10 
5013	2   5  10 
5015	2   7   5 
5017	2  10   7 
5019	2  10  11 
5021	2  14  10 
5023	2  14  11 
5025	2  10  11 
5027	2  14  10 
5029	2  10   7 
5031	2   5  10 
5033	2   7   5 
5035	2   7  10 
5037	2   5  10 
5039	2  11  14 
5041	2   7   5 
5043	2  11  14 
5045	2  10   7 
5047	2  10  11 
5049	2  14  10 
5051	2  14  11 
5053	2  10  11 
5055	2  14  10 
5057	2  10   5 
5059	2   8  10 
5061	2   5   8 
5061	2  11  14 
5063	2   5  10 
5065	2   8  10 
5067	2   5   8 
5067	2  11  14 
5069	2   6   9 
5071	2   6   9 
5073	2  10   5 
5075	2  10   6 
5077	2   9  10 
5079	2   9   6 
5081	2  10   6 
5083	2   9  10 
5085	2   6   9 
5087	2   6   1 
5089	2   2   6 
5091	2   2   1 
5093	2   6   1 
5095	2   2   6 
5097	2   1   2 
5099	2   1   4 
5101	2   0   1 
5103	2   0   4 
5105	2   1   4 
5107	2   0   1 
5109	2   1   2 
5111	2   6   1 
5113	2   2   6 
5113	2   4   0 
5115	2   2   1 
5117	2   6   1 
5119	2   2   6 
5119	2   4   0 
5121	2   6   9 
5123	2  10   6 
5125	2   9  10 
5125	2   1   2 
5127	2   9   6 
5129	2  10   6 
5131	2   9  10 
5131	2   1   2 
5133	2  10   5 
5135	2   8  10 
5137	2   5   8 
5139	2   5  10 
5141	2   8  10 
5143	2   5   8 
5145	2   6   9 
5147	2   6   9 
5149	2  10   5 
5151	2  10   6 
5153	2   9  10 
5155	2   9   6 
5157	2  10   6 
5159	2   9  10 
5161	2   6   9 
5163	2   6   1 
5165	2   2   6 
5167	2   2   1 
5169	2   6   1 
5171	2   2   6 
5173	2   1   2 
5175	2   1   4 
5177	2   0   1 
5179	2   0   4 
5181	2   1   4 
5183	2   0   1 
5185	2   1   2 
5187	2   6   1 
5189	2   2   6 
5189	2   4   0 
5191	2   2   1 
5193	2   6   1 
5195	2   2   6 
5197	2   6   9 
5199	2  10   6 
5201	2   9  10 
5201	2   1   2 
5203	2   9   6 
5203	2   1   0 
5205	2  10   6 
5207	2   9  10 
5209	2   6   9 
5211	2  10   9 
5213	2   2  10 
5215	2   6   4 
5217	2   5   7 
5219	6   5   2 
5225	2   9   5 
5227	2   9  10 
5229	2   5  10 
5231	2   9   5 
5233	2  10   9 
5235	2  10   6 
5237	6   6   4 
5243	2   6  10 
5245	2   6   4 
5247	6   6   4 
5253	2  10   6 
5255	6   6   4 
5261	2   6  10 
5263	2   4   6 
5265	2   4   1 
5265	6   7   6 
5267	2   0   4 
5269	2   0   1 
5271	2   4   1 
5271	6  11   3 
5273	2   0   4 
5275	2   1   0 
5277	2   1   2 
5277	6  14  10 
5283	2   6   1 
5285	2   6   2 
5287	2   1   2 
5287	6  10   7 
5293	2   6   1 
5295	2   2   6 
5297	2   2   3 
5297	6  10   5 
5303	2   7   2 
5303	6  14   9 
5305	2   7   3 
5307	2   2   3 
5309	2   7   2 
5311	2   2   6 
5313	2   1   2 
5315	2   6   1 
5317	2   6   2 
5319	2   1   2 
5321	2   6   1 
5323	2   1   0 
5323	2   3   7 
5325	2   4   1 
5325	2   3   7 
5327	2   0   4 
5327	2   2   6 
5329	2   0   1 
5331	2   4   1 
5333	2   0   4 
5333	2   2   6 
5335	2   4   5 
5337	2   9   4 
5339	2   5   9 
5341	2   5   4 
5343	2   9   4 
5345	2   5   9 
5347	2   9  14 
5347	2   1   0 
5349	2  10   9 
5349	2   1   0 
5351	2  14  10 
5351	2   4   5 
5353	2  14   9 
5355	2  10   9 
5357	2  14  10 
5357	2   4   5 
5359	2   9  14 
5361	2   9   4 
5363	2   5   9 
5365	2   5   4 
5365	6  14  10 
5371	2   9   4 
5373	2   5   9 
5375	2   4   5 
5377	2   4   1 
5379	2   0   4 
5381	2   0   1 
5383	2   4   1 
5385	2   0   4 
5387	2   1   0 
5389	2   1   2 
5391	2   6   1 
5393	2   6   2 
5395	2   1   2 
5397	2   6   1 
5399	2   2   6 
5401	2   2   3 
5403	2   7   2 
5405	2   7   3 
5407	2   2   3 
5409	2   7   2 
5411	2   2   6 
5413	2   1   2 
5415	2   6   1 
5417	2   6   2 
5419	2   1   2 
5421	2   6   1 
5423	2   1   0 
5423	2   3   7 
5425	2   4   1 
5425	2   3   7 
5427	2   0   4 
5427	2   2   6 
5429	2   0   1 
5431	2   4   1 
5433	2   0   4 
5435	2   4   5 
5437	2   9   4 
5439	2   5   9 
5441	2   5   4 
5443	2   9   4 
5445	2   5   9 
5447	2   4   5 
5449	2   9  10 
5449	2   1   0 
5451	2   5   9 
5453	2  10   5 
5455	2  10   9 
5455	2   4   0 
5457	2   5   9 
5459	2  10   5 
5461	2   9  10 
5463	2   9   4 
5465	2   1   6 
5467	6   5   0 
5473	2   5   9 
5473	6   7   2 
5475	2   5   4 
5477	2   9   4 
5479	2   5   9 
5481	2   4   5 
5483	2   4   1 
5485	2   6   4 
5487	2   6   1 
5489	2   4   1 
5491	2   6   4 
5493	2   1   6 
5495	2   1   3 
5497	2   2   1 
5499	2   2   3 
5499	6   8   0 
5505	2   1   3 
5507	2   2   1 
5509	2   1   6 
5511	2   4   1 
5513	2   6   4 
5515	2   6   1 
5517	2   4   1 
5519	2   6   4 
5521	2   4   5 
5521	2   3   2 
5523	2   9   4 
5523	2   3   2 
5525	2   5   9 
5527	2   5   4 
5529	2   9   4 
5531	2   5   9 
5533	2   9  10 
5535	2   8   9 
5535	2   1   6 
5537	2  10   8 
5539	2  10   9 
5541	2   8   9 
5541	2   1   6 
5543	2   4   5 
5545	2  10   8 
5547	2   4   5 
5549	2   9  10 
5551	2   9   4 
5553	2   5   9 
5555	2   5   4 
5557	2   9   4 
5559	2   5   9 
5561	2   4   5 
5563	2   4   1 
5565	2   6   4 
5567	2   6   1 
5569	2   4   1 
5571	2   6   4 
5573	2   1   6 
5575	2   1   3 
5577	2   2   1 
5579	2   2   3 
5581	2   1   3 
5583	2   2   1 
5585	2   1   6 
5587	2   4   1 
5589	2   6   4 
5591	2   6   1 
5593	2   4   1 
5595	2   6   4 
5597	2   4   5 
5597	2   3   2 
5599	2   9   4 
5599	2   3   2 
5601	2   5   9 
5601	6   3   2 
5603	2   5   4 
5605	2   9   4 
5607	2   5   9 
5609	2   4   5 
5611	2   9  10 
5611	6   2   0 
5617	2   5   9 
5617	6   3   2 
5619	2  10   5 
5621	2  10   9 
5623	2   5   9 
5625	2   1   6 
5627	2  10   5 
5629	2   4   6 
5631	2   9  10 
5631	6   2   1 
5633	2   9   4 
5637	2   6   9 
5639	2   6   4 
5641	2   9   4 
5643	2   6   9 
5645	2   4   6 
5647	2   4   0 
5649	2   1   4 
5651	2   1   0 
5653	2   4   0 
5655	2   1   4 
5657	2   4   6 
5659	2   9   4 
5661	2   6   9 
5661	2   0   1 
5663	2   6   4 
5665	2   9   4 
5667	2   6   9 
5667	2   0   1 
5669	2   9  10 
5671	2   5   9 
5673	2  10   5 
5675	2  10   9 
5677	2   5   9 
5679	2   4   6 
5681	2  10   5 
5683	2   4   6 
5685	2   9  10 
5687	2   9   4 
5689	2   6   9 
5691	2   6   4 
5693	2   9   4 
5695	2   6   9 
5697	2   4   6 
5699	2   4   0 
5701	2   1   4 
5703	2   1   0 
5705	2   4   0 
5707	2   1   4 
5709	2   4   6 
5711	2   9   4 
5713	2   6   9 
5713	2   0   1 
5715	2   6   4 
5717	2   9   4 
5719	2   6   9 
5719	2   0   1 
5721	2   4   6 
5723	2   9  10 
5723	6   4   0 
5725	2   6   9 
5727	2  10   6 
5729	2  10   9 
5731	2   6   9 
5733	2  10   6 
5735	2   9  10 
5737	2   9   4 
5739	2   1   9 
5741	2   1   4 
5743	2   9   4 
5745	2   1   9 
5747	2   9  10 
5747	2   4   1 
5749	2   6   9 
5751	2  10   6 
5751	2   4   1 
5753	2  10   9 
5755	2   6   9 
5757	2  10   6 
5759	2   9  10 
5761	2   9   4 
5763	2   1   9 
5765	2   1   4 
5765	6  10   6 
5771	2   9   4 
5773	2   1   9 
5775	2   4   1 
5777	2   6   1 
5779	2   4   6 
5781	2   1   4 
5783	2   1   6 
5785	2   4   6 
5787	2   1   4 
