   1	2   4   0 
   3	2   1   4 
   5	2   0   1 
   7	2   0   4 
   9	2   1   4 
  11	2   0   1 
  13	2   4   0 
  15	2   5   9 
  17	2   4   5 
  19	2   9   4 
  21	2   9   5 
  23	2   4   5 
  25	2   9   4 
  27	2   4   0 
  29	2   1   4 
  31	2   0   1 
  33	2   0   4 
  35	2   1   4 
  37	2   0   1 
  39	2   5   9 
  41	2   4   0 
  43	2   5   9 
  45	2   4   5 
  47	2   9   4 
  49	2   9   5 
  51	2   4   5 
  53	2   9   4 
  55	2   5   9 
  57	2   9   6 
  59	2  10   9 
  61	2   6  10 
  61	6   8   0 
  67	2   6   9 
  69	2  10   9 
  71	2   6  10 
  73	2   4   5 
  75	2   9   6 
  77	2   9   4 
  79	2   5   9 
  81	2   5   4 
  83	2   9   4 
  85	2   5   9 
  87	2   9   6 
  89	2  10   9 
  91	2   6  10 
  93	2   6   9 
  95	2  10   9 
  97	2   6  10 
  99	2   4   5 
 101	2   4   5 
 103	2   9   6 
 105	2   9   4 
 107	2   5   9 
 109	2   5   4 
 111	2   9   4 
 113	2   5   9 
 115	2   4   5 
 117	2   6   5 
 119	2   2   6 
 119	2   0   4 
 121	2   5   2 
 123	2   5   6 
 125	2   2   6 
 127	2   5   2 
 129	2   6   5 
 131	2   6   5 
 133	2   1   6 
 135	2   5   1 
 137	2   5   6 
 139	2   1   6 
 141	2   5   1 
 143	2   1   0 
 143	6  10   8 
 145	6   3   2 
 151	2   4   1 
 153	2   4   0 
 155	2   1   0 
 157	2   4   1 
 159	2   0   4 
 161	2   0   4 
 163	2   8   0 
 165	2   4   8 
 165	6   2   1 
 171	2   4   0 
 173	2   8   0 
 175	2   4   8 
 177	2   0   4 
 179	2   1   4 
 181	2   6   5 
 183	6   5   0 
 183	6  11   7 
 189	2   9   5 
 191	2  11   9 
 193	6   7   5 
 199	2   7  11 
 201	6   7   5 
 207	2   5   9 
 209	2  11   9 
 211	6   7   5 
 217	2   7  11 
 219	6   7   5 
 225	2   9   5 
 227	2   9   1 
 229	2   4   9 
 231	2   4   1 
 231	6  11  10 
 233	6  13   8 
 239	2   9   1 
 241	2   4   9 
 243	2   9   5 
 245	2  10   9 
 245	2   1   4 
 247	2   5  10 
 249	2   5   9 
 251	2  10   9 
 251	2   1   4 
 253	2   5  10 
 255	2   9   5 
 257	2   9   1 
 259	2   4   9 
 261	2   4   1 
 263	2   9   1 
 265	2   4   9 
 267	2   1   4 
 269	2   5   4 
 271	6   4   1 
 267	6  13  12 
 273	6  10   9 
 277	6   2   1 
 279	2   8   4 
 281	2  12   8 
 283	2   4  12 
 285	2   4   8 
 287	2  12   8 
 289	2   4  12 
 291	2   8   4 
 293	2   8   4 
 295	2   9   8 
 297	2   4   9 
 299	2   4   8 
 301	2   9   8 
 303	2   4   9 
 305	2   8   4 
 307	2  10   8 
 309	2   9  10 
 311	2   8   9 
 313	2   8  10 
 315	2   9  10 
 317	2   8   9 
 319	2  10   8 
 321	2  10   5 
 323	2   2  10 
 325	2   2   5 
 327	2  10   5 
 329	2   2  10 
 331	2  10   8 
 333	2   9  10 
 335	2   8   9 
 337	2   8  10 
 339	2   9  10 
 341	2   8   9 
 343	2   5   2 
 345	2   5   2 
 347	2  10   8 
 349	2  10   5 
 351	2   2  10 
 353	2   2   5 
 355	2  10   5 
 357	2   2  10 
 359	2  10   8 
 361	2   9  10 
 363	2   8   9 
 365	2   8  10 
 367	2   9  10 
 369	2   8   9 
 371	2   4   6 
 373	2  10   8 
 375	2   5   2 
 377	2   2   0 
 377	6  10   9 
 379	6   2   0 
 385	2   9   4 
 385	6   2   1 
 391	2   6   9 
 393	2   6   4 
 395	2   9   4 
 397	2   6   9 
 399	2   4   6 
 401	2   4   0 
 403	2   1   4 
 405	2   1   0 
 407	2   4   0 
 409	2   1   4 
 411	2   4   6 
 413	2   9   4 
 415	2   6   9 
 415	2   0   1 
 417	2   6   4 
 419	2   9   4 
 421	2   6   9 
 421	2   0   1 
 423	2   9   8 
 425	2  10   9 
 427	2   8  10 
 429	2   8   9 
 431	2  10   9 
 433	2   8  10 
 435	2   4   6 
 437	2   4   6 
 439	2   9   8 
 441	2   9   4 
 443	2   6   9 
 445	2   6   4 
 447	2   9   4 
 449	2   6   9 
 451	2   4   6 
 453	2   4   0 
 455	2   1   4 
 457	2   1   0 
 459	2   4   0 
 461	2   1   4 
 463	2   4   6 
 465	2   9   4 
 467	2   6   9 
 467	2   0   1 
 469	2   6   4 
 471	2   9   4 
 473	2   6   9 
 475	2   9   8 
 477	2  10   9 
 479	2   8  10 
 481	2   8   9 
 483	2  10   9 
 485	2   8  10 
 487	2   0   5 
 489	2   9   8 
 491	2   4   6 
 493	2   6   1 
 495	6   5   0 
 501	2   9   5 
 503	6   5   0 
 509	2   5   9 
 511	2   5   0 
 513	6   5   0 
 519	2   9   5 
 521	6   5   0 
 527	2   5   9 
 529	2   0   5 
 531	6   2   0 
 531	6  10   9 
 537	2   2   6 
 537	6   4   0 
 539	6  11   3 
 545	2   1   2 
 547	2   1   6 
 549	2   2   6 
 551	2   1   2 
 553	2   2   5 
 555	2  10   2 
 557	2   5  10 
 559	2   5   2 
 561	2  10   2 
 563	2   5  10 
 565	2  10   8 
 567	2   9  10 
 569	2   8   9 
 569	2   6   1 
 571	2   8  10 
 573	2   9  10 
 575	2   8   9 
 575	2   6   1 
 577	2   2   5 
 579	2   2   5 
 581	2  10   8 
 583	2  10   2 
 585	2   5  10 
 587	2   5   2 
 589	2  10   2 
 591	2   5  10 
 593	2   2   5 
 595	2   2   6 
 597	2   1   2 
 599	2   1   6 
 601	2   2   6 
 603	2   1   2 
 605	2   2   5 
 607	2  10   2 
 609	2   5  10 
 611	2   5   2 
 613	2  10   2 
 615	2   5  10 
 617	2   2   5 
 619	2  10   5 
 621	2   9  10 
 623	2   5   9 
 625	2   5  10 
 627	2   9  10 
 629	2   5   9 
 631	2   6   1 
 633	2   2   6 
 635	2  10   5 
 637	2  10   2 
 639	2   6  10 
 639	2   0   1 
 641	2   6   2 
 643	2  10   2 
 645	2   6  10 
 647	2   2   6 
 649	2   2   0 
 651	2   1   2 
 653	2   1   0 
 655	2   2   0 
 657	2   1   2 
 659	2   2   6 
 661	2  10   2 
 663	2   6  10 
 663	2   0   1 
 665	2   6   2 
 667	2  10   2 
 669	2   6  10 
 669	2   0   1 
 671	2  10   5 
 673	2   9  10 
 675	2   5   9 
 677	2   5  10 
 679	2   9  10 
 681	2   5   9 
 683	2   2   6 
 685	2   2   6 
 687	2  10   5 
 689	2  10   2 
 691	2   6  10 
 693	2   6   2 
 695	2  10   2 
 697	2   6  10 
 699	2   2   6 
 701	2   2   0 
 703	2   1   2 
 705	2   1   0 
 707	2   2   0 
 709	2   1   2 
 711	2   2   6 
 713	2  10   2 
 715	2   6  10 
 715	2   0   1 
 717	2   6   2 
 719	2  10   2 
 721	2   6  10 
 723	2   2   6 
 725	2  10   6 
 727	2   9  10 
 727	2   2   1 
 729	2   6   9 
 729	6   1   0 
 731	2   6  10 
 733	2   9  10 
 735	2   6   9 
 737	2   3   1 
 739	2  10   6 
 741	6   6   3 
 747	2  10   6 
 749	6   6   1 
 755	2   6  10 
 757	2   6   1 
 759	6   6   1 
 765	2  10   6 
 767	6   6   1 
 773	2   6  10 
 775	2   1   6 
 777	2   1   2 
 777	6  10   9 
 779	2   0   1 
 781	2   0   2 
 783	2   1   2 
 785	2   0   1 
 785	6  11   3 
 787	6   8   4 
 791	2   1   6 
 793	2   9   1 
 795	2   6   9 
 797	2   6   1 
 797	6  12   8 
 799	2   2   0 
 801	2   2   0 
 803	2   9   1 
 805	2   6   9 
 807	2   9  11 
 809	2  10   9 
 811	2  11  10 
 813	2  11   9 
 815	2  10   9 
 817	2  11  10 
 819	2   1   6 
 821	2   1   6 
 823	2   9  11 
 825	2   9   1 
 827	2   6   9 
 829	2   6   1 
 831	2   9   1 
 833	2   6   9 
 835	2   1   6 
 837	2   1   2 
 839	2   0   1 
 841	2   0   2 
 843	2   1   2 
 845	2   0   1 
 847	2   1   6 
 849	2   9   1 
 851	2   6   9 
 853	2   6   1 
 855	2   9   1 
 857	2   6   9 
 859	2   1   6 
 861	2   4   6 
 863	2   8   4 
 865	2   2   0 
 865	6   9   8 
 871	2   6   9 
 873	2   6   4 
 875	2   9   4 
 877	2   6   9 
 879	2   2   5 
 881	2   4   6 
 883	2   6   1 
 885	2   0   8 
 885	6   6   2 
 887	6   8   4 
 893	2   9   6 
 895	2   5   9 
 897	2   5   6 
 899	2   9   6 
 901	2   5   9 
 903	2   6   5 
 905	2   6   2 
 907	2   1   6 
 909	2   1   2 
 911	2   6   2 
 913	2   1   6 
 915	2   2   1 
 917	2   2   0 
 919	6   2   0 
 925	2   4   0 
 927	6   2   0 
 933	2   4   0 
 935	2   2   0 
 937	6   2   0 
 943	2   4   0 
 945	2   0   1 
 947	6   2   0 
 953	2   6   2 
 953	2   0   4 
 955	2   1   6 
 957	2   1   2 
 959	2   6   2 
 959	2   0   4 
 961	2   1   6 
 963	2   6   5 
 965	2   9   6 
 967	2   5   9 
 969	2   5   6 
 971	2   9   6 
 973	2   5   9 
 975	2   2   1 
 977	2   2   1 
 979	2   6   5 
 981	2   6   2 
 983	2   1   6 
 985	2   1   2 
 987	2   6   2 
 989	2   1   6 
 991	2   2   1 
 993	2   2   0 
 995	6   2   0 
1001	2   4   0 
1003	6   2   0 
1009	2   4   0 
1011	2   2   0 
1013	6   2   0 
1019	2   4   0 
1021	2   0   1 
1023	6   2   0 
 991	6  11  10 
1029	2   0   4 
1029	2   6   2 
1031	2   4   5 
1033	2   9   4 
1035	2   5   9 
1037	2   5   4 
1039	2   9   4 
1041	2   5   9 
1043	2   4   5 
1045	2   1   6 
1045	6   8   4 
1047	2   1   2 
1049	2   6   2 
1051	2   1   6 
1053	2   2   1 
1053	6  10   8 
1055	6   2   1 
1059	6  10   9 
1061	2   4   1 
1063	6   4   0 
1065	6   6   2 
1069	2   8   4 
1071	2   9   8 
1071	6   2   0 
1077	2   4   9 
1079	2   4   8 
1081	2   9   8 
1083	2   4   9 
1085	2   9   5 
1087	2  10   9 
1089	2   5  10 
1091	2   5   9 
1093	2  10   9 
1095	2   5  10 
1097	2   8   4 
1097	6  10   6 
1099	2   8   4 
1103	2   9   5 
1105	2   9   8 
1107	2   4   9 
1109	2   4   8 
1111	2   9   8 
1113	2   4   9 
1115	2   8   4 
1117	2   4   5 
1119	2   6   4 
1121	2   5   6 
1123	2   5   4 
1125	2   6   4 
1127	2   5   6 
1129	2   0   8 
1131	2   4   5 
1133	2   4   0 
1133	2  10   9 
1135	2   8   4 
1135	6  10   2 
1141	2   8   0 
1143	2   4   0 
1145	2   8   4 
1147	2   0   8 
1149	2   0   2 
1151	6   5   0 
1157	2   9   5 
1159	6   5   2 
1165	2   9   5 
1167	2   2   5 
1169	6   5   2 
1175	2   9   5 
1177	2   5   8 
1179	2   4   5 
1181	2   8   4 
1181	6   6   1 
1187	2   8   5 
1189	2   4   5 
1191	2   8   4 
1191	6  10   2 
1193	2   4   0 
1197	2   1   4 
1197	2  10   9 
1199	2   0   1 
1199	2  10   9 
1201	2   0   4 
1201	6  11   6 
1207	2   1   4 
1209	2   0   1 
1211	2   5   8 
1213	2   5   8 
1215	2   4   0 
1217	2   4   5 
1219	2   8   4 
1219	6   6   1 
1225	2   8   5 
1227	2   4   5 
1229	2   8   4 
1229	6   6   2 
1235	2   5   8 
1237	2   5  10 
1239	2   9   5 
1241	2   9  10 
1243	2   5  10 
1245	2   9   5 
1247	2   5   8 
1249	2   4   5 
1251	2   8   4 
1253	2   8   5 
1255	2   4   5 
1257	2   8   4 
1259	2   5   8 
1261	2   5   0 
1263	2   1   5 
1265	2   0   1 
1265	2  10   9 
1267	2   0   5 
1269	2   1   5 
1271	2   0   1 
1271	2   8  10 
1273	2   5   0 
1275	2   5   8 
1277	2  10   5 
1279	2  10   8 
1281	2   5   8 
1283	2  10   5 
1285	2   8  10 
1287	2   4   9 
1289	6   6   4 
1295	2   8   4 
1295	6  11  10 
1297	6   5   4 
1301	6  14  11 
1307	2  10   8 
1309	2  10   5 
1311	2   8   5 
1311	6  14  13 
1317	2  10   8 
1319	2   5  10 
1319	6  13  12 
1321	2   5   6 
1325	2   9   5 
1327	2   9   6 
1329	2   5   6 
1331	2   9   5 
1333	2   5  10 
1335	2   8   5 
1337	2  10   8 
1339	2  10   5 
1341	2   8   5 
1343	2  10   8 
1345	2   8  12 
1345	2   5  10 
1347	2   4   8 
1349	2  12   4 
1351	2  12   8 
1351	2   5  10 
1353	2   4   8 
1355	2  12   4 
1357	2   4   0 
1357	2   6   9 
1359	2   1   4 
1361	2   0   1 
1361	2   8  12 
1363	2   0   4 
1363	2   6   9 
1365	2   1   4 
1367	2   0   1 
1367	2   8  12 
1369	2   4   0 
1371	2   4   8 
1373	2  12   4 
1375	2  12   8 
1375	6   2   0 
1381	2   4   8 
1383	2  12   4 
1385	2   8  12 
1387	2   8   5 
1389	2  10   8 
1391	2  10   5 
1393	2   8   5 
1395	2  10   8 
1397	2   5  10 
1399	2   5   6 
1401	2   9   5 
1403	2   9   6 
1405	2   5   6 
1407	2   9   5 
1409	2   5  10 
1411	2   8   5 
1413	2  10   8 
1415	2  10   5 
1417	2   8   5 
1419	2  10   8 
1421	2   8  12 
1421	2   5  10 
1423	2   6   9 
1425	2   4   8 
1425	2   6   2 
1427	2   1   6 
1429	2  12   4 
1431	2   2   1 
1431	2  12   8 
1433	2   2   6 
1433	2   4   8 
1435	2   1   6 
1437	2  12   4 
1439	2   2   1 
1439	2   8  12 
1441	2   4   8 
1441	2   6   2 
1443	2   6   4 
1443	6  13  12 
1445	6   6   4 
1451	2   8   4 
1453	2   5  13 
1455	2  10   9 
1457	6   6   4 
1463	2   8   4 
1465	2   6   4 
1467	6   6   4 
1473	2   8   4 
1475	6   6   4 
1475	6  13  12 
1481	2   4   8 
1483	2   4   5 
1485	2  12   4 
1487	6   8   5 
1493	2  12   8 
1495	2   4   8 
1497	2  12   4 
1499	2   8  12 
1501	2   8  10 
1503	2   9   8 
1505	2   9  10 
1507	2   8  10 
1509	2   9   8 
1511	2   8  12 
1513	2   4   8 
1515	2  12   4 
1517	2  12   8 
1519	2   4   8 
1521	2  12   4 
1523	2   4   5 
1525	2   6   4 
1527	2   5   6 
1527	2   8  12 
1529	2   5   4 
1531	2   6   4 
1533	2   5   6 
1533	2   8  12 
1535	2   6   2 
1537	2   1   6 
1539	2   2   1 
1539	2  10   9 
1541	2   2   6 
1543	2   1   6 
1545	2   2   1 
1545	2  10   9 
1547	2   4   5 
1549	2   4   5 
1551	2   6   2 
1553	2   6   4 
1555	2   5   6 
1557	2   5   4 
1559	2   6   4 
1561	2   5   6 
1563	2   4   5 
1565	2   4   8 
1567	2  12   4 
1569	2  12   8 
1569	6   2   0 
1575	2   4   8 
1577	2  12   4 
1579	2   8  12 
1581	2   8  10 
1583	2   9   8 
1585	2   9  10 
1587	2   8  10 
1589	2   9   8 
1591	2   8  12 
1593	2   4   8 
1595	2  12   4 
1597	2  12   8 
1599	2   4   8 
1601	2  12   4 
1603	2   4   5 
1605	2   6   4 
1607	2   5   6 
1607	2   8  12 
1609	2   5   4 
1611	2   6   4 
1613	2   5   6 
1615	2   4   5 
1617	2   6   5 
1619	2   1   6 
1621	2   5   1 
1623	2   5   6 
1625	2   1   6 
1627	2   5   1 
1629	2   6   5 
1631	2  10   9 
1633	2   8  10 
1635	2   4   9 
1637	6   8   0 
1637	6  10   6 
1643	2   8  12 
1645	2  10   8 
1647	6  10   8 
1653	2  12   8 
1655	6  10   8 
1661	2  12   8 
1663	2  10   8 
1665	6  10   8 
1671	2  12   8 
1673	6  10   8 
1679	2   8  12 
1679	6   6   5 
1685	2   8   0 
1687	2   5   8 
1689	2   5   0 
1691	2   8   0 
1693	2   5   8 
1695	2   0   5 
1697	2   0   4 
1699	6   5   0 
1705	2   9   5 
1707	2   9   4 
1709	2   5   4 
1709	6  13  10 
1715	2   9   5 
1717	2   5   0 
1719	2   8   5 
1721	2   0   8 
1721	6  14   6 
1727	2   0   5 
1729	2   8   5 
1731	2   0   8 
1733	2   8  12 
1733	2   5   0 
1735	2  13   8 
1735	6   5   1 
1737	2  12  13 
1739	2  12   8 
1741	2  13   8 
1741	2   1   0 
1743	2  12  13 
1743	6  10   5 
1745	2   8  12 
1747	2   8  12 
1749	2  13  14 
1749	6   5   1 
1751	2  10  13 
1753	2  14  10 
1755	2  14  13 
1757	2  10  13 
1759	2  14  10 
1761	2  13  14 
1763	2  13   8 
1765	2  12  13 
1767	2  12   8 
1769	2  13   8 
1771	2  12  13 
1773	2   8  12 
1775	2   8   5 
1777	2   0   8 
1779	2   0   5 
1781	2   8   5 
1783	2   0   8 
1785	2   4   9 
1787	2   5   0 
1789	2   4   9 
1791	2   5   4 
1793	2   9   5 
1795	2   9   4 
1797	2   5   4 
1799	2   9   5 
1801	2   5   0 
1803	2   8   5 
1805	2   0   8 
1807	2   0   5 
1809	2   8   5 
1811	2   0   8 
1813	2   8  12 
1813	2   5   0 
1815	2  13   8 
1817	2  12  13 
1819	2  12   8 
1821	2  13   8 
1823	2  12  13 
1825	2   8  12 
1827	2  14  12 
1829	2  10  14 
1829	2   8   0 
1831	2   4   9 
1833	2   5   4 
1833	6  13  10 
1839	2  12  13 
1841	2  12  14 
1843	2  13  14 
1845	2  12  13 
1847	2  14  12 
1849	2  10   9 
1851	6  10   8 
1835	6   1   0 
1841	6   2   1 
1857	2  14  10 
1857	6   5   2 
1859	6  14  10 
1865	2   5  10 
1867	6  10   5 
1873	2  10  14 
1875	6  10   5 
1881	2  10  14 
1883	2   5  10 
1885	6  10   5 
1891	2  14  10 
1891	6   5   2 
1893	6  14  10 
1899	2  10   5 
1901	6   6   4 
1907	2   6  10 
1909	2   6   5 
1909	6  14  11 
1915	2  10   5 
1917	2   6  10 
1919	2   5   6 
1921	2   5   8 
1923	2   9   5 
1923	6   7   2 
1925	2   9   8 
1927	6  14  12 
1933	2   5   8 
1933	6  15   7 
1935	2   9   5 
1937	2   8   9 
1937	6   1   0 
1939	2   8   9 
1943	2   5   6 
1945	2  10   5 
1947	2   6  10 
1949	2   6   5 
1951	2  10   5 
1953	2   6  10 
1955	2  10  11 
1955	6   2   1 
1957	2  15  10 
1959	2  11  15 
1961	2  11  10 
1963	2  15  10 
1965	2  11  15 
1965	2   5   6 
1967	2  15  14 
1967	2   5   6 
1969	2  13  15 
1971	2  14  13 
1973	2  14  15 
1975	2  13  15 
1977	2  10  11 
1979	2  14  13 
1981	2  10  11 
1983	2  15  14 
1985	2  15  10 
1987	2  11  15 
1989	2  11  10 
1991	2  15  10 
1993	2  11  15 
1995	2  10  11 
1997	2  10   5 
1999	2   6  10 
2001	2   6   5 
2003	2  10   5 
2005	2   6  10 
2007	2   5   6 
2009	2   5   8 
2011	2   9   5 
2013	2   9   8 
2015	2   5   8 
2017	2   9   5 
2019	2   5   6 
2019	6  13   8 
2021	6   7   2 
2025	2  13   9 
2027	2  10   5 
2029	2   6  10 
2031	2   6   5 
2031	6  14  13 
2037	2  10   5 
2039	2   6  10 
2041	2  10  11 
2043	2  15  10 
2045	2  11  15 
2045	2   5   6 
2047	2  11  10 
2049	2  15  10 
2051	2  11  15 
2051	2  13   9 
2053	2  10  11 
2055	2  10   6 
2057	2   7  10 
2059	2   6   7 
2059	2  14  15 
2061	2   6  10 
2063	2   7  10 
2065	2   6   7 
2067	2  10   6 
2069	6  10   7 
2047	6   4   0 
2053	6  12   4 
2075	2  10  14 
2077	2  15  10 
2079	2  15  14 
2081	2  10  14 
2083	2  15  10 
2085	2  14  15 
2087	2  14  13 
2089	2   9  14 
2091	2   9  13 
2093	2  14  13 
2095	2   9  14 
2097	2  14  15 
2099	2  10  14 
2101	2  15  10 
2103	2  15  14 
2105	2  10  14 
2107	2  15  10 
2109	2  13   9 
2111	2  13   9 
2113	2  14  15 
2115	2  14  13 
2117	2   9  14 
2119	2   9  13 
2121	2  14  13 
2123	2   9  14 
2125	2  14  15 
2127	2  12  14 
2129	2  13   9 
2131	2   6   9 
2131	6  15  14 
2133	6  12   9 
2139	2  14   9 
2141	2  14  15 
2143	6  11   9 
2149	2  11  15 
2149	2   9  13 
2151	2  14  11 
2153	2  15  14 
2155	6  11   9 
2161	2  15  11 
2163	2  13  15 
2165	6  11   9 
2171	2  13   9 
2173	6  11   9 
2179	2  15  11 
2181	2  13  15 
2183	6  11   9 
2189	2   9  13 
2191	2   9   6 
2193	2  12   9 
2195	6   9   6 
2201	2  12   9 
2203	2   6   9 
2205	6   9   6 
2189	6  15  11 
2211	2  12   9 
2213	2   9  13 
2215	2  11   9 
2217	6   9   6 
2217	6  15  11 
2223	2  13  15 
2225	2   9  12 
2227	2   9  12 
2229	6   9   6 
2225	6  15  14 
2235	2  13   9 
2237	2  14   9 
2239	2  13  14 
2239	6   6   4 
2241	2  14  15 
2245	2  11  14 
2245	6   6   5 
2247	2  15  11 
2249	2  15  14 
2251	2  11  14 
2253	2  15  11 
2253	2   9  13 
2255	2   9  13 
2255	6   7   2 
2257	2  14  15 
2259	2  14   9 
2261	2  13  14 
2261	6   2   0 
2263	2  13   9 
2265	2  14   9 
2267	2  13  14 
2269	2   9  13 
2269	6  15  11 
2271	2   9   4 
2273	2  12   9 
2275	2  12   4 
2277	2   9   4 
2279	2  12   9 
2281	2   9  13 
2283	2  14   9 
2285	2  13  14 
2287	2  13   9 
2289	2  14   9 
2291	2  13  14 
2293	2  14   6 
2295	2   4  12 
2297	2   4   0 
2297	2   9  13 
2299	2   9  11 
2301	2  13  12 
2303	6  10   8 
2309	2  10  14 
2309	6  12   4 
2311	2   6  10 
2315	2   6  14 
2315	6   8   0 
2317	2  10  14 
2319	2   6  10 
2321	2  14   6 
2323	2  14  12 
2325	6  10   8 
2331	2  10  14 
2333	6  10   8 
2339	2   8  12 
2341	2  14  12 
2343	6  10   8 
2349	2  10  14 
2351	6  10   8 
2357	2  12   8 
2357	6  14  11 
2359	6   8   4 
2363	6  11  10 
2369	2  12   9 
2371	2  14  12 
2373	2  14   9 
2375	2  12   9 
2377	2  14  12 
2379	2   9  14 
2381	2   9  13 
2383	2   8   9 
2385	2   8  13 
2387	2   9  13 
2389	2   8   9 
2391	2   9  14 
2393	2  12   9 
2395	2  14  12 
2397	2  14   9 
2399	2  12   9 
2401	2  14  12 
2403	2  12   4 
2405	2   9  14 
2407	2   9  14 
2409	2  13   8 
2411	2  13   8 
2413	6  10   8 
2419	2   8  12 
2419	6   6   5 
2419	6  14  11 
2425	2   4   8 
2425	6  14  13 
2425	6  11   6 
2431	2   4  12 
2431	6  10   6 
2433	2   8  12 
2435	2   4   8 
2437	2   8   5 
2437	6  14  10 
2439	2  12   4 
2441	2  12   4 
2443	2  13   8 
2445	2   5  13 
2447	2   5   8 
2449	2  13   8 
2451	2   5  13 
2453	2   8   5 
2455	2   8  12 
2457	2   4   8 
2459	2   4  12 
2461	2   8  12 
2463	2   4   8 
2465	2  12   4 
2467	2  12   9 
2469	2  14  12 
2471	2  14   9 
2473	2  12   9 
2475	2  14  12 
2477	2   9  14 
2479	2   9  10 
2481	2   6   9 
2483	2   6  10 
2485	2   9  10 
2487	2   6   9 
2489	2   9  14 
2491	2  12   9 
2493	2  14  12 
2495	2  14   9 
2497	2  12   9 
2499	2  14  12 
2501	2  12   4 
2501	2  10   6 
2503	2   8  12 
2503	6  10   6 
2505	2   4   8 
2507	2   4  12 
2509	2   8  12 
2509	6  14  10 
2511	2   4   8 
2513	2   8   5 
2515	2  13   8 
2517	2   5  13 
2519	2   5   8 
2521	2  13   8 
2523	2   5  13 
2525	2   9  10 
2527	2   9  10 
2529	2   8   5 
2529	6  14  13 
2535	2   8   9 
2537	2  10   8 
2539	2  10   9 
2541	2   8   9 
2543	2  10   8 
2545	2  12   4 
2547	2   4   6 
2547	2  12  13 
2549	2   9  10 
2551	2   9   4 
2553	2   6   9 
2555	2   6   4 
2557	2   9   4 
2559	2   6   9 
2561	2   4   6 
2563	2   4  12 
2565	6   9   4 
2571	2  13   9 
2573	2  13  12 
2573	6   6   4 
2579	2   9  12 
2581	2  13   9 
2583	2   9   4 
2585	2   6   9 
2587	2   4   6 
2587	2  12  13 
2589	2   4   9 
2591	2   6   9 
2593	2   4   6 
2593	2  12  13 
2595	2   6  10 
2597	2   9   4 
2599	2   9   4 
2601	6   6   4 
2607	2   8   4 
2609	2  10   8 
2611	6   6   4 
2617	2  10   6 
2619	6   6   4 
2619	6  14  13 
2625	2   8   4 
2627	2  10   8 
2629	2   8   5 
2631	2  13   8 
2633	2   5  13 
2635	2   5   8 
2637	2  13   8 
2639	2   5  13 
2641	2   8   5 
2643	6   6   4 
2649	2   6  10 
2651	2   6  10 
2653	6   6   4 
2659	2   8   4 
2661	2  10   8 
2663	6   6   4 
2669	2  10   6 
2671	6   6   4 
2677	2   8   4 
2679	2  10   8 
2681	6   6   4 
2687	2   6  10 
2689	2   6   9 
2691	2   4   6 
2693	2   4   9 
2695	2   6   9 
2697	2   4   6 
2699	2   9   4 
2701	2   9  12 
2703	2  14   9 
2705	2  14  12 
2707	2   9  12 
2709	2  14   9 
2711	2   9   4 
2713	2   6   9 
2715	2   4   6 
2717	2   4   9 
2719	2   6   9 
2721	2   4   6 
2723	2   6  10 
2725	2   9   4 
2727	2  12  14 
2727	6   6   5 
2729	6  15  13 
2733	6   6   3 
2735	6   9   8 
2741	2   9   5 
2743	2  10   9 
2745	2  10   5 
2745	6  12   8 
2751	2   9   5 
2753	2  10   9 
2755	2   5  10 
2757	2  10   9 
2759	2   6  10 
2759	6  13   8 
2765	2   5   4 
2767	2   8   5 
2769	2   9   6 
2771	2   4   8 
2773	2   9  10 
2775	2   6  10 
2777	2   4   5 
2779	2   8   5 
2781	2   9   6 
2783	2  10   9 
2785	2   4   8 
2785	2  10  13 
2787	2   5   4 
2789	2   5  10 
2791	2  13   5 
2793	2  13  10 
2795	2   5  10 
2797	2  13   5 
2799	2  10  13 
2801	2   9  14 
2803	2  10   9 
2805	2  14  10 
2807	2  14   9 
2809	2  10   9 
2811	2  14  10 
2813	2  10  13 
2815	2   5  10 
2817	2  13   5 
2819	2  13  10 
2821	2   5  10 
2823	2  13   5 
2825	2   5   4 
2825	2  10  13 
2827	2   8   5 
2829	2   4   8 
2829	2  10  13 
2831	2   4   5 
2833	2   8   5 
2835	2   4   8 
2837	2   5   4 
2839	2   5  10 
2839	6  12   8 
2845	2  13   5 
2847	2  13  10 
2847	6   8   4 
2783	6   7   3 
2849	6  15   7 
2855	2   5  10 
2857	2  13   5 
2857	6  11   7 
2859	2   9  14 
2861	2   9  14 
2863	2  10  13 
2865	2  10   9 
2867	2  14  10 
2869	2  14   9 
2871	2  10   9 
2873	2  14  10 
2875	2  10  13 
2877	2   5  10 
2879	2  13   5 
2881	2  13  10 
2883	2   5  10 
2885	2  13   5 
2887	2  10  13 
2887	2   5   4 
2889	2  13   8 
2891	2  12  13 
2893	2   8  12 
2895	2   8  13 
2897	2  12  13 
2899	2   8  12 
2901	2   9  14 
2903	2  13   8 
2905	2   9  14 
2907	2  13   9 
2909	2  14  13 
2911	2  14   9 
2913	2  13   9 
2915	2  14  13 
2917	2  13   8 
2919	2  12  13 
2921	2   8  12 
2923	2   8  13 
2925	2  12  13 
2927	2   8  12 
2929	2   9  14 
2931	2  13   8 
2933	2   9  14 
2935	2  13   9 
2937	2  14  13 
2939	2  14   9 
2941	2  13   9 
2943	2  14  13 
2945	2  13  15 
2947	2  10   8 
2949	2   9  14 
2951	2   9  14 
2953	6  11   9 
2959	2   9  13 
2961	6  11   9 
2967	2  15  11 
2969	2  15  13 
2971	6  11   9 
2977	2   9  13 
2979	6  11   9 
2985	2  15  11 
2985	6   9   4 
2991	2  13  15 
2991	6   6   4 
2997	2  13   5 
2999	2   9  13 
3001	2   9   5 
3001	6  14  11 
3007	2  13   5 
3009	2   9  13 
3011	2   5   9 
3013	2   5  10 
3015	2   8   5 
3017	2   8  10 
3019	2   5  10 
3021	2   8   5 
3023	2  10   8 
3025	2  10   6 
3027	2  11  10 
3029	2  11   6 
3031	2  10   6 
3033	2  11  10 
3035	2  10   8 
3037	2   5  10 
3039	2   8   5 
3041	2   8  10 
3043	2   5  10 
3045	2   8   5 
3047	2   5   9 
3049	2  13   5 
3051	2   9  13 
3051	2   6  11 
3053	2   9   5 
3055	2  13   5 
3057	2   9  13 
3057	2   6  11 
3059	2  13  15 
3061	2  14  13 
3063	2  15  14 
3063	2   5   9 
3065	2  15  13 
3067	2  14  13 
3069	2  15  14 
3069	2   5   9 
3071	2  13  15 
3073	2  13   5 
3075	2   9  13 
3075	6  15   7 
3077	2   9   5 
3081	2  13   5 
3083	2   9  13 
3085	2  10   8 
3087	2  10   8 
3089	2   5   9 
3091	2   5  10 
3093	2   8   5 
3095	2   8  10 
3097	2   5  10 
3099	2   8   5 
3101	2  10   8 
3103	2  10   6 
3105	2  11  10 
3107	2  11   6 
3109	2  10   6 
3111	2  11  10 
3113	2  10   8 
3115	2   5  10 
3117	2   8   5 
3119	2   8  10 
3121	2   5  10 
3123	2   8   5 
3125	2   5   9 
3127	2  13   5 
3129	2   9  13 
3129	2   6  11 
3131	2   9   5 
3133	2  13   5 
3135	2   9  13 
3135	2   6  11 
3137	2   5   9 
3139	2   5   7 
3141	2  10   8 
3143	2  10   8 
3145	2   9  13 
3147	6  10   5 
3153	2  14  10 
3155	6  10   7 
3161	2  10  14 
3163	2  10   7 
3165	6  10   7 
3171	2  14  10 
3173	6  10   7 
3153	6   8   4 
3159	6   4   1 
3165	6   2   1 
3179	2  10  14 
3181	2   7  10 
3183	2   7   5 
3183	6  15  14 
3185	2   2   7 
3187	2   2   5 
3189	2   7   5 
3191	2   2   7 
3193	2   5   2 
3193	6  11  10 
3195	6   8   0 
3201	2   5   9 
3203	2  13   5 
3205	2  13   9 
3207	2   5   9 
3209	2  13   5 
3211	2   9  13 
3213	2   9   6 
3215	2  10   9 
3217	2  10   6 
3219	2   9   6 
3221	2  10   9 
3223	2   9  13 
3225	2   5   9 
3227	2  13   5 
3229	2  13   9 
3231	2   5   9 
3233	2  13   5 
3235	2   5   2 
3237	2   7   5 
3239	2   2   7 
3239	2   9  13 
3241	2   2   5 
3243	2   7   5 
3245	2   2   7 
3245	2   9  13 
3247	2   7  11 
3247	2   5   2 
3249	2  15   7 
3251	2  11  15 
3251	2   5   2 
3253	2  11   7 
3255	2  15   7 
3257	2  11  15 
3259	2   7  11 
3261	2   7   5 
3263	2   2   7 
3265	2   2   5 
3267	2   7   5 
3269	2   2   7 
3271	2   5   2 
3273	2   5   9 
3275	2  13   5 
3277	2  13   9 
3279	2   5   9 
3281	2  13   5 
3283	2   6  10 
3285	2   9  13 
3287	2   6  10 
3289	2   9   6 
3291	2  10   9 
3293	2  10   6 
3295	2   9   6 
3297	2  10   9 
3299	2   9  13 
3301	2   5   9 
3303	2  13   5 
3305	2  13   9 
3307	2   5   9 
3309	2  13   5 
3311	2   5   2 
3313	2   7   5 
3315	2   2   7 
3315	2   9  13 
3317	2   2   5 
3319	2   7   5 
3321	2   2   7 
3323	2   5   2 
3325	2   2   1 
3327	2   6  10 
3327	6   1   0 
3329	6  10   6 
3333	6   8   0 
3335	2   2   6 
3339	2   1   2 
3341	2   6   1 
3343	2   6   2 
3345	2   1   2 
3347	2   6   1 
3349	2   2   6 
3351	2   2   6 
3353	2   0   2 
3355	6   2   0 
3361	2   6   2 
3363	6   2   0 
3369	2   6   2 
3371	2   0   2 
3373	6   2   0 
3379	2   6   2 
3381	6   2   0 
3339	6  12   8 
3345	6   9   8 
3381	6  10   9 
3387	2   2   6 
3387	6  12   9 
3389	2   2   6 
3387	6   4   0 
3393	2  10   2 
3395	2   6  10 
3397	2   6   2 
3399	2  10   2 
3401	2   6  10 
3403	2   2   6 
3405	2   6   9 
3407	2   6   1 
3409	2   6   4 
3411	2   6  10 
