   1	2   2   5 
   3	2   3   1 
   5	2   4   3 
   7	2   1   4 
   9	2   1   3 
  11	2   4   3 
  13	2   1   4 
  15	2   3   1 
  17	2   1   0 
  19	2   3   4 
  21	2   6   3 
  23	2   4   6 
  25	2   4   3 
  27	2   6   3 
  29	2   4   6 
  31	2   3   4 
  33	2   3   1 
  35	2   0   3 
  37	2   0   1 
  39	2   3   1 
  41	2   0   3 
  43	2   1   0 
  45	2   1   2 
  47	2   5   1 
  49	2   5   2 
  51	2   1   2 
  53	2   5   1 
  55	2   1   0 
  57	2   3   1 
  59	2   2   5 
  59	2   0   3 
  61	2   0   1 
  63	2   3   1 
  65	2   2   5 
  65	2   0   3 
  67	2   1   0 
  69	2   1   0 
  71	2   3   4 
  73	2   6   3 
  75	2   4   6 
  77	2   4   3 
  79	2   6   3 
  81	2   4   6 
  83	2   3   4 
  85	2   3   1 
  87	2   0   3 
  89	2   0   1 
  91	2   3   1 
  93	2   0   3 
  95	2   1   0 
  97	2   1   2 
  99	2   5   1 
 101	2   5   2 
 103	2   1   2 
 105	2   5   1 
 107	2   1   0 
 109	2   3   1 
 111	2   2   5 
 111	2   0   3 
 113	2   0   1 
 115	2   3   1 
 117	2   2   5 
 117	2   0   3 
 119	2   1   0 
 121	2   3   1 
 123	2   4   3 
 125	2   1   4 
 127	2   1   3 
 129	2   4   3 
 131	2   1   4 
 133	2   3   1 
 135	2   1   0 
 137	2   3   4 
 139	2   6   3 
 141	2   4   6 
 143	2   4   3 
 145	2   6   3 
 147	2   4   6 
 149	2   3   4 
 151	2   3   1 
 153	2   0   3 
 155	2   0   1 
 157	2   3   1 
 159	2   0   3 
 161	2   1   0 
 163	2   1   2 
 165	2   5   1 
 167	2   5   2 
 169	2   1   2 
 171	2   5   1 
 173	2   1   0 
 175	2   3   1 
 177	2   2   5 
 177	2   0   3 
 179	2   0   1 
 181	2   3   1 
 183	2   2   5 
 183	2   0   3 
 185	2   1   0 
 187	2   1   0 
 189	2   3   4 
 191	2   6   3 
 193	2   4   6 
 195	2   4   3 
 197	2   6   3 
 199	2   4   6 
 201	2   3   4 
 203	2   3   1 
 205	2   0   3 
 207	2   0   1 
 209	2   3   1 
 211	2   0   3 
 213	2   1   0 
 215	2   1   2 
 217	2   5   1 
 219	2   5   2 
 221	2   1   2 
 223	2   5   1 
 225	2   1   0 
 227	2   3   1 
 229	2   0   3 
 229	2   2   5 
 231	2   0   1 
 233	2   3   1 
 235	2   2   5 
 235	2   0   3 
 237	2   1   0 
 239	2   3   4 
 241	2   1   3 
 243	2   4   1 
 245	2   4   3 
 247	2   1   3 
 249	2   4   1 
 251	2   3   4 
 253	2   4   0 
 255	2   3   1 
 257	2   6   3 
 259	6   4   1 
 265	2   4   6 
 267	2   4   3 
 269	2   6   3 
 271	2   4   6 
 273	2   3   4 
 275	2   3   1 
 277	2   0   3 
 279	2   0   1 
 281	2   3   1 
 283	2   0   3 
 285	2   1   0 
 287	2   1   2 
 289	2   5   1 
 291	2   5   2 
 293	2   1   2 
 295	2   5   1 
 297	2   1   0 
 299	2   3   1 
 301	2   2   5 
 301	2   0   3 
 303	2   0   1 
 305	2   3   1 
 307	2   2   5 
 307	2   0   3 
 309	2   1   0 
 311	2   1   0 
 313	2   3   4 
 315	2   6   3 
 317	2   4   6 
 319	2   4   3 
 321	2   6   3 
 323	2   4   6 
 325	2   3   4 
 327	2   3   1 
 329	2   0   3 
 331	2   0   1 
 333	2   3   1 
 335	2   0   3 
 337	2   1   0 
 339	2   1   2 
 341	2   5   1 
 343	2   5   2 
 345	2   1   2 
 347	2   5   1 
 349	2   1   0 
 351	2   3   1 
 353	2   2   5 
 353	2   0   3 
 355	2   0   1 
 357	2   3   1 
 359	2   2   5 
 359	2   0   3 
 361	2   1   0 
 363	2   3   1 
 365	2   4   3 
 367	2   1   4 
 369	2   1   3 
 371	2   4   3 
 373	2   1   4 
 375	2   3   1 
 377	2   1   0 
 379	2   3   4 
 381	2   6   3 
 383	2   4   6 
 385	2   4   3 
 387	2   6   3 
 389	2   4   6 
 391	2   3   4 
 393	2   3   1 
 395	2   0   3 
 397	2   0   1 
 399	2   3   1 
 401	2   0   3 
 403	2   1   0 
 405	2   1   2 
 407	2   5   1 
 409	2   5   2 
 411	2   1   2 
 413	2   5   1 
 415	2   1   0 
 417	2   3   1 
 419	2   2   5 
 419	2   0   3 
 421	2   0   1 
 423	2   3   1 
 425	2   2   5 
 425	2   0   3 
 427	2   1   0 
 429	2   1   0 
 431	2   3   4 
 433	2   6   3 
 435	2   4   6 
 437	2   4   3 
 439	2   6   3 
 441	2   4   6 
 443	2   3   4 
 445	2   3   1 
 447	2   0   3 
 449	2   0   1 
 451	2   3   1 
 453	2   0   3 
 455	2   1   0 
 457	2   1   2 
 459	2   5   1 
 461	2   5   2 
 463	2   1   2 
 465	2   5   1 
 467	2   1   0 
 469	2   3   1 
 471	2   2   5 
 471	2   0   3 
 473	2   0   1 
 475	2   3   1 
 477	2   0   3 
 479	2   5   3 
 481	2   1   0 
 483	2   1   2 
 485	2   4   0 
 487	2   6   4 
 489	2   0   6 
 491	2   0   4 
 493	2   6   4 
 495	2   0   6 
 497	2   4   0 
 499	2   4   1 
 501	2   2   4 
 503	2   2   1 
 505	2   4   1 
 507	2   2   4 
 509	2   1   2 
 511	2   1   5 
 513	2   3   1 
 515	2   3   5 
 517	2   1   5 
 519	2   3   1 
 521	2   5   3 
 523	2   5   3 
 525	2   1   2 
 527	2   4   1 
 529	2   2   4 
 531	2   2   1 
 533	2   4   1 
 535	2   2   4 
 537	2   1   2 
 539	2   1   2 
 541	2   4   0 
 543	2   6   4 
 545	2   0   6 
 547	2   0   4 
 549	2   6   4 
 551	2   0   6 
 553	2   4   0 
 555	2   4   1 
 557	2   2   4 
 559	2   2   1 
 561	2   4   1 
 563	2   2   4 
 565	2   1   2 
 567	2   1   5 
 569	2   3   1 
 571	2   3   5 
 573	2   1   5 
 575	2   3   1 
 577	2   5   3 
 579	2   1   2 
 581	2   4   1 
 583	2   2   4 
 585	2   2   1 
 587	2   4   1 
 589	2   2   4 
 591	2   1   2 
 593	2   2   5 
 595	2   4   1 
 597	2   3   4 
 599	2   1   3 
 601	2   1   4 
 603	2   3   4 
 605	2   1   3 
 607	2   4   1 
 609	2   1   0 
 611	2   4   3 
 613	2   6   4 
 615	2   3   6 
 617	2   3   4 
 619	2   6   4 
 621	2   3   6 
 623	2   4   3 
 625	2   4   1 
 627	2   0   4 
 629	2   0   1 
 631	2   4   1 
 633	2   0   4 
 635	2   1   0 
 637	2   1   2 
 639	2   5   1 
 641	2   5   2 
 643	2   1   2 
 645	2   5   1 
 647	2   1   0 
 649	2   4   1 
 651	2   0   4 
 653	2   0   1 
 655	2   4   1 
 657	2   0   4 
 659	2   1   0 
 661	2   1   0 
 663	2   4   3 
 665	2   6   4 
 667	2   3   6 
 667	2   2   5 
 669	2   3   4 
 671	2   6   4 
 673	2   3   6 
 673	2   2   5 
 675	2   4   3 
 677	2   4   1 
 679	2   0   4 
 681	2   0   1 
 683	2   4   1 
 685	2   0   4 
 687	2   1   0 
 689	2   1   2 
 691	2   5   1 
 693	2   5   2 
 695	2   1   2 
 697	2   5   1 
 699	2   1   0 
 701	2   4   1 
 703	2   0   4 
 705	2   0   1 
 707	2   4   1 
 709	2   0   4 
 711	2   1   0 
 713	2   4   1 
 715	2   3   4 
 717	2   1   3 
 719	2   1   4 
 721	2   3   4 
 723	2   1   3 
 725	2   4   1 
 727	2   1   0 
 729	2   4   3 
 731	2   6   4 
 733	2   3   6 
 733	2   2   5 
 735	2   3   4 
 737	2   6   4 
 739	2   2   5 
 739	2   3   6 
 741	2   4   3 
 743	2   4   1 
 745	2   0   4 
 747	2   0   1 
 749	2   4   1 
 751	2   0   4 
 753	2   1   0 
 755	2   1   2 
 757	2   5   1 
 759	2   5   2 
 761	2   1   2 
 763	2   5   1 
 765	2   1   0 
 767	2   4   1 
 769	2   0   4 
 771	2   0   1 
 773	2   4   1 
 775	2   0   4 
 777	2   1   0 
 779	2   1   0 
 781	2   4   3 
 783	2   6   4 
 785	2   3   6 
 785	2   2   5 
 787	2   3   4 
 789	2   6   4 
 791	2   2   5 
 791	2   3   6 
 793	2   4   3 
 795	2   4   1 
 797	2   0   4 
 799	2   0   1 
 801	2   4   1 
 803	2   0   4 
 805	2   1   0 
 807	2   1   2 
 809	2   5   1 
 811	2   5   2 
 813	2   1   2 
 815	2   5   1 
 817	2   2   5 
 819	2   1   0 
 821	2   4   1 
 823	2   0   4 
 825	2   0   1 
 827	2   4   1 
 829	2   0   4 
 831	2   5   4 
 833	2   1   0 
 835	2   3   0 
 837	2   1   2 
 837	2   6   3 
 839	2   0   6 
 839	6   5   2 
 841	2   0   3 
 843	2   6   3 
 845	2   0   6 
 847	2   3   0 
 849	2   3   1 
 851	2   5   3 
 853	2   5   1 
 855	2   3   1 
 857	2   5   3 
 859	2   1   5 
 861	2   1   2 
 863	2   4   1 
 865	2   4   2 
 867	2   1   2 
 869	2   4   1 
 871	2   2   4 
 873	2   1   5 
 875	2   3   1 
 877	2   2   4 
 879	2   5   3 
 881	2   5   1 
 883	2   3   1 
 885	2   5   3 
 887	2   3   0 
 889	2   6   3 
 889	2   1   5 
 891	2   0   6 
 893	2   0   3 
 895	2   1   5 
 895	2   6   3 
 897	2   0   6 
 899	2   3   0 
 901	2   3   1 
 903	2   5   3 
 905	2   5   1 
 907	2   3   1 
 909	2   5   3 
 911	2   1   5 
 913	2   1   2 
 915	2   4   1 
 917	2   4   2 
 919	2   1   2 
 921	2   4   1 
 923	2   2   4 
 925	2   1   5 
 927	2   3   1 
 929	2   5   3 
 931	2   5   1 
 933	2   3   1 
 935	2   5   3 
 937	2   3   0 
 939	2   1   5 
 939	2   6   3 
 941	2   4   5 
 943	2   0   6 
 945	2   0   3 
 947	2   2   1 
 947	2   6   3 
 949	2   0   6 
 951	2   3   0 
 953	2   3   4 
 955	2   5   3 
 957	2   5   4 
 959	2   3   4 
 961	2   5   3 
 963	2   4   5 
 965	2   4   2 
 967	2   1   4 
 969	2   1   2 
 971	2   4   2 
 973	2   1   4 
 975	2   4   5 
 977	2   3   4 
 979	2   5   3 
 981	2   2   1 
 983	2   2   1 
 985	2   5   4 
 987	2   3   4 
 989	2   5   3 
 991	2   3   0 
 993	2   4   5 
 995	2   4   5 
 997	2   6   3 
 999	2   0   6 
1001	2   0   3 
1003	2   6   3 
1005	2   0   6 
1007	2   3   0 
1009	2   3   4 
1011	2   5   3 
1013	2   5   4 
1015	2   3   4 
1017	2   5   3 
1019	2   4   5 
1021	2   4   2 
1023	2   1   4 
1025	2   1   2 
1025	6   8   6 
1031	2   4   2 
1033	2   1   4 
1035	2   2   1 
1037	2   4   5 
1039	2   3   4 
1041	2   5   3 
1043	2   5   4 
1045	2   3   4 
1047	2   5   3 
1049	2   4   5 
1051	2   5   3 
1053	2   4   1 
1055	2   2   4 
1057	2   1   2 
1059	2   1   4 
1061	2   2   4 
1063	2   1   2 
1065	2   4   1 
1067	2   1   0 
1069	2   4   2 
1071	2   8   4 
1073	2   2   8 
1075	2   2   4 
1077	2   8   4 
1079	2   2   8 
1081	2   4   2 
1083	2   4   1 
1085	2   0   4 
1087	2   0   1 
1089	2   4   1 
1091	2   0   4 
1093	2   1   0 
1095	2   1   5 
1097	2   3   1 
1099	2   3   5 
1101	2   1   5 
1103	2   3   1 
1105	2   5   3 
1107	2   5   3 
1109	2   1   0 
1111	2   4   1 
1113	2   0   4 
1115	2   0   1 
1117	2   4   1 
1119	2   0   4 
1121	2   1   0 
1123	2   1   0 
1125	2   4   2 
1127	2   8   4 
1129	2   2   8 
1131	2   2   4 
1133	2   8   4 
1135	2   2   8 
1137	2   4   2 
1139	2   4   1 
1141	2   0   4 
1143	2   0   1 
1145	2   4   1 
1147	2   0   4 
1149	2   1   0 
1151	2   1   5 
1153	2   3   1 
1155	2   3   5 
1157	2   1   5 
1159	2   3   1 
1161	2   5   3 
1163	2   5   3 
1165	2   1   0 
1167	2   4   1 
1169	2   0   4 
1171	2   0   1 
1173	2   4   1 
1175	2   0   4 
1177	2   1   0 
1179	2   4   1 
1181	2   2   4 
1183	2   1   2 
1185	2   1   4 
1187	2   2   4 
1189	2   1   2 
1191	2   4   1 
1193	2   1   0 
1195	2   4   2 
1197	2   8   4 
1199	2   2   8 
1201	2   2   4 
1203	2   8   4 
1205	2   2   8 
1207	2   4   2 
1209	2   4   1 
1211	2   0   4 
1213	2   0   1 
1215	2   4   1 
1217	2   0   4 
1219	2   1   0 
1221	2   1   5 
1223	2   3   1 
1225	2   3   5 
1227	2   1   5 
1229	2   3   1 
1231	2   1   0 
1233	2   5   3 
1235	2   5   3 
1237	2   4   1 
1239	2   0   4 
1241	2   0   1 
1243	2   4   1 
1245	2   0   4 
1247	2   1   0 
1249	2   1   0 
1251	2   4   2 
1253	2   8   4 
1255	2   2   8 
1257	2   2   4 
1259	2   8   4 
1261	2   2   8 
1263	2   4   2 
1265	2   4   1 
1267	2   0   4 
1269	2   0   1 
1271	6   4   0 
1277	2   0   1 
1279	2   4   0 
1281	2   1   4 
1283	2   1   5 
1285	2   3   1 
1287	2   3   5 
1289	2   1   5 
1291	2   3   1 
1293	2   5   3 
1295	2   1   4 
1297	2   0   1 
1299	2   4   0 
1301	2   4   1 
1303	2   0   1 
1305	2   4   0 
1307	2   1   4 
1309	2   1   5 
1311	2   2   4 
1313	2   3   0 
1313	2   8   2 
1315	2   4   8 
1317	2   4   2 
1319	2   8   2 
1321	2   4   8 
1323	2   2   4 
1325	2   2   1 
1327	2   5   2 
1329	2   5   1 
1331	2   2   1 
1333	2   5   2 
1335	2   1   5 
1337	2   1   3 
1339	2   0   1 
1341	2   0   3 
1343	2   1   3 
1345	2   0   1 
1347	2   1   5 
1349	2   2   1 
1351	2   5   2 
1351	2   3   0 
1353	2   5   1 
1355	2   2   1 
1357	2   3   0 
1357	2   5   2 
1359	2   1   5 
1361	2   1   5 
1363	2   2   4 
1365	2   8   2 
1367	2   4   8 
1369	2   4   2 
1371	2   8   2 
1373	2   4   8 
1375	2   2   4 
1377	2   2   1 
1379	2   5   2 
1381	2   5   1 
1383	2   2   1 
1385	2   5   2 
1387	2   1   5 
1389	2   1   3 
1391	2   0   1 
1393	2   0   3 
1395	2   1   3 
1397	2   0   1 
1399	2   3   0 
1401	2   1   5 
1403	2   2   1 
1405	2   5   2 
1407	2   5   1 
1409	2   2   1 
1411	2   5   2 
1413	2   1   5 
1415	6   1   0 
1421	2   1   5 
1423	2   2   4 
1425	2   3   0 
1425	2   8   2 
1427	2   4   8 
1429	2   4   2 
1431	2   8   2 
1433	2   4   8 
1435	2   2   4 
1437	2   2   1 
1439	2   5   2 
1441	2   5   1 
1443	2   2   1 
1445	2   5   2 
1447	2   1   5 
1449	2   1   3 
1451	2   0   1 
1453	2   0   3 
1455	2   1   3 
1457	2   0   1 
1459	2   1   5 
1461	2   2   1 
1463	2   3   0 
1463	2   5   2 
1465	2   5   1 
1467	2   2   1 
1469	2   3   0 
1469	2   5   2 
1471	2   1   5 
1473	2   1   5 
1475	2   2   4 
1477	2   8   2 
1479	2   4   8 
1481	2   4   2 
1483	2   8   2 
1485	2   4   8 
1487	2   2   4 
1489	2   2   1 
1491	2   5   2 
1493	2   5   1 
1495	2   2   1 
1497	2   5   2 
1499	2   1   5 
1501	2   1   3 
1503	2   0   1 
1505	2   0   3 
1507	2   1   3 
1509	2   0   1 
1511	2   3   0 
1513	2   1   5 
1515	2   2   1 
1517	2   5   2 
1519	2   5   1 
1521	2   2   1 
1523	2   5   2 
1525	2   2   4 
1527	2   8   2 
1529	2   4   8 
1531	2   1   5 
1533	2   3   5 
1535	6   3   1 
1541	2   4   2 
1543	2   3   0 
1543	2   8   2 
1545	2   4   8 
1547	2   2   4 
1549	2   2   1 
1551	2   5   2 
1553	2   5   1 
1555	2   2   1 
1557	2   5   2 
1559	2   1   5 
1561	2   1   3 
1563	2   0   1 
1565	2   0   3 
1567	2   1   3 
1569	2   0   1 
1571	2   1   5 
1573	2   2   1 
1575	2   5   2 
1575	2   3   0 
1577	2   5   1 
1579	2   2   1 
1581	2   3   0 
1581	2   5   2 
1583	2   1   5 
1585	2   1   5 
1587	2   2   4 
1589	2   8   2 
1591	2   4   8 
1593	2   4   2 
1595	2   8   2 
1597	2   4   8 
1599	2   2   4 
1601	2   2   1 
1603	2   5   2 
1605	2   5   1 
1607	2   2   1 
1609	2   5   2 
1611	2   1   5 
1613	2   1   3 
1615	2   0   1 
1617	2   0   3 
1619	2   1   3 
1621	2   0   1 
1623	2   3   0 
1625	2   1   5 
1627	2   2   1 
1629	2   3   0 
1629	2   5   2 
1631	2   5   1 
1633	2   2   1 
1635	2   5   2 
1637	2   1   5 
1639	2   2   1 
1641	2   4   5 
1643	2   8   4 
1645	2   5   8 
1647	2   5   4 
1649	2   8   4 
1651	2   5   8 
1653	2   4   5 
1655	6   1   0 
1655	6   8   7 
1661	2   5   3 
1663	2   1   5 
1665	2   1   3 
1667	2   5   3 
1669	2   1   5 
1671	2   3   1 
1673	2   3   5 
1675	2   1   4 
1677	2   7   3 
1679	2   5   7 
1681	2   5   3 
1683	2   7   3 
1685	2   5   7 
1687	2   3   5 
1689	2   3   1 
1691	2   4   3 
1693	2   4   1 
1695	2   3   1 
1697	2   4   3 
1699	2   1   4 
1701	2   1   2 
1703	2   0   1 
1705	2   0   2 
1707	2   1   2 
1709	2   0   1 
1711	2   2   0 
1713	2   2   0 
1715	2   1   4 
1717	2   3   1 
1719	2   4   3 
1721	2   4   1 
1723	2   3   1 
1725	2   4   3 
1727	2   1   4 
1729	2   3   5 
1731	2   1   4 
1733	2   7   3 
1735	2   5   7 
1737	2   5   3 
1739	2   7   3 
1741	2   5   7 
1743	2   3   5 
1745	2   3   1 
1747	2   4   3 
1749	2   4   1 
1751	2   3   1 
1753	2   4   3 
1755	2   1   4 
1757	2   1   2 
1759	2   0   1 
1761	2   0   2 
1763	2   1   2 
1765	2   0   1 
1767	2   2   0 
1769	2   2   0 
1771	2   1   4 
1773	2   3   1 
1775	2   4   3 
1777	2   4   1 
1779	2   3   1 
1781	2   4   3 
1783	2   1   4 
1785	2   3   1 
1787	2   5   3 
1789	2   1   5 
1791	2   1   3 
1793	2   5   3 
1795	2   1   5 
1797	2   3   1 
1799	2   1   4 
1801	2   3   5 
1803	2   7   3 
1805	2   5   7 
1807	2   5   3 
1809	2   7   3 
1811	2   5   7 
1813	2   3   5 
1815	2   3   1 
1817	2   4   3 
1819	2   4   1 
1821	2   3   1 
1823	2   4   3 
1825	2   1   4 
1827	2   1   2 
1829	2   0   1 
1831	2   0   2 
1833	2   1   2 
1835	2   0   1 
1837	2   2   0 
1839	2   2   0 
1841	2   1   4 
1843	2   3   1 
1845	2   4   3 
1847	2   4   1 
1849	2   3   1 
1851	2   4   3 
1853	2   1   4 
1855	2   1   4 
1857	2   3   5 
1859	2   7   3 
1861	2   5   7 
1863	2   5   3 
1865	2   7   3 
1867	2   5   7 
1869	2   3   5 
1871	2   3   1 
1873	2   4   3 
1875	2   4   1 
1877	2   3   1 
1879	2   4   3 
1881	2   1   4 
1883	2   1   2 
1885	2   0   1 
1887	2   0   2 
1889	2   1   2 
1891	2   0   1 
1893	2   2   0 
1895	2   1   4 
1897	2   3   1 
1899	2   4   3 
1901	2   4   1 
1903	2   3   1 
1905	2   4   3 
1907	2   1   4 
1909	2   1   2 
1911	2   5   4 
1913	2   0   3 
1913	2   7   5 
1915	2   4   7 
1917	2   4   5 
1919	2   7   5 
1921	2   4   7 
1923	2   5   4 
1925	2   5   1 
1927	2   2   5 
1929	2   2   1 
1931	2   5   1 
1933	2   2   5 
1935	2   1   2 
1937	2   1   0 
1939	2   3   1 
1941	2   3   0 
1943	2   1   0 
1945	2   3   1 
1947	2   1   2 
1949	2   5   1 
1951	2   0   3 
1951	2   2   5 
1953	2   2   1 
1955	2   5   1 
1957	2   0   3 
1957	2   2   5 
1959	2   1   2 
1961	2   1   2 
1963	2   5   4 
1965	2   7   5 
1967	2   4   7 
1969	2   4   5 
1971	2   7   5 
1973	2   4   7 
1975	2   5   4 
1977	2   5   1 
1979	2   2   5 
1981	2   2   1 
1983	2   5   1 
1985	2   2   5 
1987	2   1   2 
1989	2   1   0 
1991	2   3   1 
1993	2   3   0 
1995	2   1   0 
1997	2   3   1 
1999	2   0   3 
2001	2   1   2 
2003	2   5   1 
2005	2   2   5 
2007	2   2   1 
2009	2   5   1 
2011	2   2   5 
2013	2   5   4 
2015	2   1   2 
2017	6   3   1 
2023	2   1   2 
2025	2   0   3 
2025	2   7   5 
2027	2   4   7 
2029	2   4   5 
2031	2   7   5 
2033	2   4   7 
2035	2   5   4 
2037	2   5   1 
2039	2   2   5 
2041	2   2   1 
2043	2   5   1 
2045	2   2   5 
2047	2   1   2 
2049	2   1   0 
2051	2   3   1 
2053	2   3   0 
2055	2   1   0 
2057	2   3   1 
2059	2   1   2 
2061	2   5   1 
2063	2   0   3 
2063	2   2   5 
2065	2   2   1 
2067	2   5   1 
2069	2   0   3 
2069	2   2   5 
2071	2   1   2 
2073	2   1   2 
2075	2   5   4 
2077	2   7   5 
2079	2   4   7 
2081	2   4   5 
2083	2   7   5 
2085	2   4   7 
2087	2   5   4 
2089	2   5   1 
2091	2   2   5 
2093	2   2   1 
2095	2   5   1 
2097	2   2   5 
2099	2   1   2 
2101	2   1   0 
2103	2   3   1 
2105	2   3   0 
2107	2   1   0 
2109	2   3   1 
2111	2   1   2 
2113	2   5   1 
2115	2   0   3 
2115	2   2   5 
2117	2   2   1 
2119	2   5   1 
2121	2   2   5 
2123	2   1   2 
2125	2   0   2 
2127	2   5   4 
2129	6   1   0 
2129	2   7   5 
2135	2   4   7 
2137	2   4   5 
2139	2   0   3 
2139	2   7   5 
2141	2   4   7 
2143	2   5   4 
2145	2   5   1 
2147	2   2   5 
2149	2   2   1 
2151	2   5   1 
2153	2   2   5 
2155	2   1   2 
2157	2   1   0 
2159	2   3   1 
2161	2   3   0 
2163	2   1   0 
2165	2   3   1 
2167	2   1   2 
2169	2   5   1 
2171	2   0   3 
2171	2   2   5 
2173	2   2   1 
2175	2   5   1 
2177	2   0   3 
2177	2   2   5 
2179	2   1   2 
2181	2   1   2 
2183	2   5   4 
2185	2   7   5 
2187	2   4   7 
2189	2   4   5 
2191	2   7   5 
2193	2   4   7 
2195	2   5   4 
2197	2   5   1 
2199	2   2   5 
2201	2   2   1 
2203	2   5   1 
2205	2   2   5 
2207	2   1   2 
2209	2   1   0 
2211	2   3   1 
2213	2   3   0 
2215	2   1   0 
2217	2   3   1 
2219	2   1   2 
2221	2   5   1 
2223	2   2   5 
2223	2   0   3 
2225	2   2   1 
2227	2   5   1 
2229	2   0   3 
2229	2   2   5 
2231	6   2   1 
2237	2   2   1 
2239	2   4   1 
2241	2   7   4 
2243	2   1   7 
2245	2   1   4 
2247	2   7   4 
2249	2   1   7 
2251	2   4   1 
2253	2   1   2 
2255	2   5   4 
2257	2   7   5 
2259	2   4   7 
2261	2   4   5 
2263	2   7   5 
2265	2   4   7 
2267	2   5   4 
2269	2   5   1 
2271	2   2   5 
2273	2   2   1 
2275	2   5   1 
2277	2   2   5 
2279	2   1   2 
2281	2   1   0 
2283	2   3   1 
2285	2   3   0 
2287	2   1   0 
2289	2   3   1 
2291	2   1   2 
2293	2   5   1 
2295	2   0   3 
2295	2   2   5 
2297	2   2   1 
2299	2   5   1 
2301	2   0   3 
2301	2   2   5 
2303	2   1   2 
2305	2   1   2 
2307	2   5   4 
2309	2   7   5 
2311	2   4   7 
2313	2   4   5 
2315	2   7   5 
2317	2   4   7 
2319	2   5   4 
2321	2   5   1 
2323	2   2   5 
2325	2   2   1 
2327	2   5   1 
2329	2   2   5 
2331	2   1   2 
2333	2   1   0 
2335	2   3   1 
2337	2   3   0 
2339	2   1   0 
2341	2   3   1 
2343	2   1   2 
2345	2   5   1 
2347	2   0   3 
2347	2   2   5 
2349	2   2   1 
2351	2   5   1 
2353	2   2   5 
2355	6   2   1 
2361	2   2   1 
2353	6   7   3 
2363	2   4   1 
2365	2   3   4 
2367	2   1   3 
2369	2   1   4 
2371	2   3   4 
2373	2   1   3 
2375	2   4   1 
2377	2   4   0 
2379	2   3   4 
2381	2   0   3 
2383	2   0   4 
2385	2   3   4 
2387	2   2   1 
2389	2   0   3 
2391	6   6   0 
2389	6   8   5 
2397	2   4   6 
2399	2   4   7 
2401	2   3   4 
2403	2   7   3 
2403	6   5   2 
2409	2   7   4 
2411	2   3   4 
2413	2   7   3 
2415	2   4   7 
2417	2   6   7 
2419	2   4   6 
2421	2   7   4 
2423	2   7   6 
2425	2   4   6 
2427	2   7   4 
2429	2   6   7 
2431	2   7   8 
2433	2   6   4 
2435	2   3   6 
2437	2   4   3 
2439	2   4   6 
2441	2   3   6 
2443	2   4   3 
2445	2   6   4 
2447	2   6   7 
2449	2   8   6 
2451	2   8   7 
2453	2   6   7 
2455	2   8   6 
2457	2   7   8 
2459	2   7   5 
2461	2   1   7 
2463	2   1   5 
2465	2   7   5 
2467	2   1   7 
2469	2   7   8 
2471	2   5   1 
2471	2   6   7 
2473	2   8   6 
2475	2   8   7 
2477	2   5   1 
2477	2   6   7 
2479	2   8   6 
2481	2   7   8 
2483	2   7   8 
2485	2   6   4 
2487	2   3   6 
2489	2   4   3 
2491	2   4   6 
2493	2   3   6 
2495	2   4   3 
2497	2   6   4 
2499	2   6   7 
2501	2   8   6 
2503	2   8   7 
2505	2   6   7 
2507	2   8   6 
2509	2   7   8 
2511	2   7   5 
2513	2   1   7 
2515	2   1   5 
2517	2   7   5 
2519	2   1   7 
2521	2   7   8 
2523	2   5   1 
2523	2   6   7 
2525	2   8   6 
2527	2   8   7 
2529	2   5   1 
2529	2   6   7 
2531	2   8   6 
2533	2   7   8 
2535	2   6   7 
2537	2   4   6 
2539	2   7   4 
2541	2   7   6 
2543	2   4   6 
2545	2   7   4 
2547	2   6   7 
2549	2   7   8 
2551	2   6   4 
2553	2   3   6 
2555	2   4   3 
2557	2   4   6 
2559	2   3   6 
2561	2   4   3 
2563	2   6   4 
2565	2   6   7 
2567	2   8   6 
2569	2   8   7 
2571	2   6   7 
2573	2   8   6 
2575	2   7   8 
2577	2   7   5 
2579	2   1   7 
2581	2   1   5 
2583	2   7   5 
2585	2   1   7 
2587	2   7   8 
2589	2   5   1 
2589	2   6   7 
2591	2   8   6 
2593	2   8   7 
2595	2   6   7 
2597	2   8   6 
2599	2   7   8 
2601	2   7   8 
2603	2   6   4 
2605	2   5   1 
2605	2   3   6 
2607	2   4   3 
2609	2   4   6 
2611	2   3   6 
2613	2   4   3 
2615	2   6   4 
2617	2   6   7 
2619	2   8   6 
2621	2   8   7 
2623	2   6   7 
2625	6   5   3 
2631	2   8   6 
2633	2   7   8 
2635	2   7   3 
2637	2   1   7 
2639	2   1   3 
2641	2   7   3 
2643	2   1   7 
2645	2   3   1 
2645	2   7   8 
2647	2   6   7 
2649	2   8   6 
2651	2   8   7 
2653	2   6   7 
2647	6   1   0 
2655	2   8   6 
2657	2   7   8 
2659	2   4   8 
2661	2   7   3 
2663	2   5   4 
2665	2   8   5 
2665	2   0   6 
2667	2   8   4 
2669	2   5   4 
2671	2   8   5 
2673	6   7   3 
2679	2   4   8 
2681	2   4   3 
2683	2   7   4 
2685	2   7   3 
2687	2   4   3 
2689	2   7   4 
2691	2   3   7 
2693	2   3   0 
2695	2   6   3 
2697	2   6   0 
2699	2   3   0 
2701	2   6   3 
2703	2   3   7 
2705	2   4   3 
2707	2   7   4 
2709	2   7   3 
2711	2   4   3 
2713	2   7   4 
2715	2   3   7 
2717	2   4   8 
2719	2   3   7 
2721	2   5   4 
2723	2   0   6 
2723	2   8   5 
2725	2   8   4 
2727	2   5   4 
2729	2   0   6 
2729	2   8   5 
2731	2   4   8 
2733	2   4   3 
2735	2   7   4 
2737	2   7   3 
2739	2   4   3 
2741	2   7   4 
2743	2   3   7 
2745	2   3   0 
2747	2   6   3 
2749	2   6   0 
2751	2   3   0 
2753	2   6   3 
2755	2   3   7 
2757	2   4   3 
2759	2   7   4 
2761	2   7   3 
2763	2   4   3 
2765	2   7   4 
2767	2   3   7 
2769	2   4   8 
2771	2   5   4 
2773	2   8   5 
2773	2   0   6 
2775	2   6   7 
2777	2   8   4 
2779	2   5   4 
2781	2   0   3 
2781	2   8   5 
2783	2   4   8 
2785	2   4   6 
2787	2   7   4 
2789	2   7   6 
2791	2   4   6 
2793	2   7   4 
2795	2   6   7 
2797	2   6   0 
2799	2   3   6 
2801	2   3   0 
2803	2   6   0 
2805	2   3   6 
2807	2   6   7 
2809	2   4   6 
2811	2   7   4 
2813	2   7   6 
2815	2   4   6 
2817	2   7   4 
2819	2   6   7 
2821	2   6   7 
2823	2   4   8 
2825	2   5   4 
2827	2   8   5 
2827	2   0   3 
2829	2   8   4 
2831	2   5   4 
2833	2   0   3 
2833	2   8   5 
2835	2   4   8 
2837	2   4   6 
2839	2   7   4 
2841	2   7   6 
2843	2   4   6 
2845	2   7   4 
2847	2   6   7 
2849	2   6   0 
2851	2   3   6 
2853	2   3   0 
2855	2   6   0 
2857	2   3   6 
2859	2   6   7 
2861	2   4   6 
2863	2   7   4 
2865	2   7   6 
2867	2   4   6 
2869	2   7   4 
2871	2   6   7 
2873	2   4   8 
2875	2   5   4 
2877	2   0   3 
2877	2   8   5 
2879	6   6   0 
2885	2   6   7 
2887	2   8   4 
2889	2   5   4 
2891	2   0   3 
2891	2   8   5 
2893	2   4   8 
2895	2   4   6 
2897	2   7   4 
2899	2   7   6 
2901	2   4   6 
2903	2   7   4 
2905	2   6   7 
2907	2   6   0 
2909	2   3   6 
2911	2   3   0 
2913	2   6   0 
2915	2   3   6 
2917	2   6   7 
2919	2   4   6 
2921	2   7   4 
2923	2   7   6 
2925	2   4   6 
2927	2   7   4 
2929	2   6   7 
2931	2   6   7 
2933	2   4   8 
2935	2   5   4 
2937	2   8   5 
2937	2   0   3 
2939	2   8   4 
2941	2   5   4 
2943	2   0   3 
2943	2   8   5 
2945	2   4   8 
2947	2   4   6 
2949	2   7   4 
2951	2   7   6 
2953	2   4   6 
2955	2   7   4 
2957	2   6   7 
2959	2   6   0 
2961	2   3   6 
2963	2   3   0 
2965	2   6   0 
2967	2   3   6 
2969	2   6   7 
2971	2   4   6 
2973	2   7   4 
2975	2   7   6 
2977	2   4   6 
2979	2   7   4 
2981	2   6   7 
2983	6   3   0 
2989	2   3   0 
2983	2   8   7 
2991	2   3   0 
2985	2   5   8 
2987	2   7   5 
2989	2   7   8 
2991	2   5   8 
2993	2   7   5 
2995	2   8   7 
2997	2   7   6 
2993	6   1   0 
2999	2   4   8 
3001	2   5   4 
3003	2   8   5 
3005	2   8   4 
3007	2   5   4 
3009	2   8   5 
3011	2   4   8 
3013	2   4   7 
3015	2   6   4 
3017	2   6   7 
3019	2   4   7 
3021	2   6   4 
3023	2   7   6 
3025	2   7   3 
3027	2   1   7 
3029	2   1   3 
3031	2   7   3 
3033	2   1   7 
3035	2   7   6 
3037	2   4   7 
3039	2   6   4 
3041	2   6   7 
3043	2   4   7 
3045	2   6   4 
3047	2   7   6 
3049	2   7   6 
3051	2   4   8 
3053	2   5   4 
3055	2   3   1 
3055	2   8   5 
3057	2   8   4 
3059	2   5   4 
3061	2   3   1 
3061	2   8   5 
3063	2   4   8 
3065	2   4   7 
3067	2   6   4 
3069	6   6   4 
3075	2   4   7 
3077	2   6   7 
3079	2   4   6 
3081	2   7   4 
3083	2   7   3 
3085	2   1   7 
3087	2   1   3 
3089	2   7   3 
3091	2   1   7 
3093	2   7   4 
3095	2   6   7 
3097	2   4   6 
3099	2   4   7 
3101	2   6   7 
3103	2   4   6 
3105	6   8   4 
3111	2   7   8 
3111	2   3   1 
3113	2   4   8 
3115	2   5   4 
3117	2   8   5 
3119	2   8   4 
3121	2   5   4 
3123	6   7   6 
3129	2   7   6 
3131	2   8   5 
3133	6   8   6 
3139	2   4   6 
3141	2   4   3 
3143	2   5   4 
3145	2   3   5 
3147	2   3   4 
3149	2   5   4 
3151	2   3   5 
3153	2   4   3 
3155	2   4   1 
3157	2   5   4 
3159	2   1   5 
3161	2   1   4 
3163	2   5   4 
3165	2   1   5 
3167	2   4   1 
3169	2   4   6 
3171	2   5   7 
3173	2   3   1 
3173	2   8   5 
3175	2   8   7 
3177	2   5   7 
3179	2   8   5 
3181	2   7   8 
3183	2   7   4 
3185	2   6   7 
3187	2   6   4 
3189	2   7   4 
3191	2   6   7 
3193	2   4   6 
3195	2   4   3 
3197	2   1   4 
3199	2   1   3 
3201	2   4   3 
3203	2   1   4 
3205	2   4   6 
3207	2   7   4 
3209	2   6   7 
3211	2   6   4 
3213	2   7   4 
3215	2   6   7 
3217	2   3   1 
3217	2   7   8 
3219	2   4   6 
3221	2   4   6 
3223	2   5   7 
3225	2   3   1 
3225	2   8   5 
3227	2   8   7 
3229	2   5   7 
3231	2   8   5 
3233	2   7   8 
3235	2   7   4 
3237	2   6   7 
3239	2   6   4 
3241	2   7   4 
3243	2   6   7 
3245	2   4   6 
3247	2   4   3 
3249	2   1   4 
3251	2   1   3 
3253	2   4   3 
3255	2   1   4 
3257	2   4   6 
3259	2   7   4 
3261	2   6   7 
3263	2   6   4 
3265	2   7   4 
3267	6   6   4 
3273	2   4   7 
3275	2   6   4 
3277	6   8   4 
3283	2   4   8 
3285	2   5   4 
3287	2   3   1 
3287	2   8   5 
3289	6   7   3 
3295	2   8   4 
3297	2   5   4 
3299	2   8   5 
3301	2   4   8 
3303	2   4   7 
3305	2   5   4 
3307	2   7   5 
3309	2   7   4 
3311	2   5   4 
3313	2   7   5 
3315	2   4   7 
3317	2   8   7 
3319	2   4   1 
3321	2   5   4 
3323	2   1   5 
3325	2   1   4 
3327	2   5   4 
3329	6   4   1 
3335	2   4   5 
3337	2   1   4 
3339	2   5   8 
3341	2   7   5 
3343	2   7   8 
3345	2   5   8 
3347	2   7   5 
3349	2   8   7 
3351	2   8   4 
3353	2   5   8 
3355	2   4   5 
3357	2   4   8 
3359	2   5   8 
3361	2   4   5 
3363	2   8   4 
3365	2   7   4 
3367	2   5   7 
3369	2   4   5 
3371	2   4   7 
3373	2   5   7 
3375	2   4   5 
3377	2   7   4 
