   1	2   3   0 
   1	2   5   7 
   3	2   8   5 
   5	2   7   8 
   7	2   7   5 
   9	2   8   5 
  11	2   7   8 
  13	2   5   7 
  15	2   6   7 
  17	2   4   6 
  19	2   7   4 
  21	2   7   6 
  23	2   4   6 
  25	2   7   4 
  27	2   4   5 
  29	2   1   4 
  31	2   5   1 
  31	2   6   7 
  33	2   5   4 
  35	2   1   4 
  37	2   6   7 
  37	2   5   1 
  39	2   4   5 
  41	2   4   3 
  43	2   0   4 
  45	2   0   3 
  47	2   4   3 
  49	2   0   4 
  51	2   3   0 
  53	2   3   6 
  51	6   8   2 
  57	2   7   3 
  59	2   7   6 
  61	2   3   6 
  63	2   7   3 
  65	2   3   0 
  67	2   4   3 
  69	2   0   4 
  71	2   0   3 
  73	2   4   3 
  75	2   0   4 
  77	2   3   0 
  79	2   3   0 
  81	2   4   5 
  83	2   1   4 
  85	2   5   1 
  85	2   6   7 
  87	2   5   4 
  89	2   1   4 
  91	2   6   7 
  91	2   5   1 
  93	2   4   5 
  95	2   4   3 
  97	2   0   4 
  99	2   0   3 
 101	2   4   3 
 103	2   0   4 
 105	2   3   0 
 107	2   1   5 
 107	2   3   6 
 109	2   7   3 
 111	2   7   6 
 113	2   3   6 
 115	2   7   3 
 117	2   3   0 
 119	2   4   3 
 121	2   0   4 
 123	2   0   3 
 125	2   4   3 
 127	2   0   4 
 129	2   3   0 
 131	2   3   0 
 133	2   4   1 
 135	2   5   4 
 137	2   6   7 
 137	2   5   1 
 139	2   4   1 
 141	2   5   4 
 143	2   6   7 
 143	2   1   5 
 145	2   1   3 
 147	2   0   1 
 149	2   0   3 
 151	2   1   3 
 153	2   0   1 
 155	2   3   0 
 157	2   3   6 
 159	2   7   3 
 161	2   7   6 
 163	2   3   6 
 165	2   7   3 
 167	2   3   0 
 169	2   1   3 
 171	2   0   1 
 171	2   6   7 
 173	2   0   3 
 175	2   1   3 
 177	2   6   7 
 177	2   0   1 
 179	2   3   0 
 181	2   3   0 
 183	2   1   5 
 185	2   4   1 
 187	2   5   4 
 189	2   5   1 
 191	2   4   1 
 193	2   5   4 
 195	2   1   5 
 197	2   1   3 
 199	2   0   1 
 201	2   0   3 
 203	2   1   3 
 205	2   0   1 
 207	2   3   0 
 209	2   3   6 
 211	2   7   3 
 213	2   7   6 
 215	2   3   6 
 217	2   7   3 
 219	2   3   0 
 221	2   1   3 
 223	2   6   7 
 223	2   0   1 
 225	2   0   3 
 227	2   1   3 
 229	2   6   7 
 229	2   0   1 
 231	2   1   5 
 233	2   2   1 
 235	2   5   2 
 237	2   5   1 
 239	2   2   1 
 241	2   3   0 
 241	2   5   2 
 243	2   4   0 
 245	2   1   5 
 247	2   1   4 
 249	2   0   1 
 251	2   0   4 
 253	2   1   4 
 255	2   0   1 
 257	2   4   0 
 259	2   4   6 
 261	2   7   4 
 263	2   7   6 
 265	2   4   6 
 267	2   7   4 
 269	2   4   0 
 271	2   1   4 
 273	2   0   1 
 275	2   0   4 
 277	2   1   4 
 279	2   0   1 
 281	2   4   0 
 283	2   4   0 
 285	2   1   5 
 287	2   2   1 
 289	2   5   2 
 291	2   5   1 
 293	2   2   1 
 295	2   5   2 
 285	2   6   7 
 287	2   6   7 
 293	6   7   3 
 299	2   1   5 
 301	2   1   4 
 303	2   0   1 
 305	2   0   4 
 307	2   1   4 
 309	2   0   1 
 311	2   4   0 
 313	2   4   6 
 315	2   3   4 
 317	2   3   6 
 319	2   4   6 
 321	2   3   4 
 323	2   4   0 
 325	2   1   4 
 327	2   0   1 
 329	2   0   4 
 331	2   1   4 
 333	2   6   3 
 335	2   0   1 
 337	2   4   0 
 339	2   0   3 
 341	2   1   0 
 343	2   3   1 
 345	2   3   0 
 347	2   1   0 
 349	2   3   1 
 351	2   1   5 
 353	2   4   1 
 355	2   5   4 
 357	2   5   1 
 359	2   4   1 
 361	2   5   4 
 363	2   1   5 
 365	2   0   3 
 367	6   7   3 
 373	2   3   0 
 375	2   1   3 
 377	2   6   7 
 377	2   0   1 
 379	2   0   3 
 381	2   1   3 
 383	2   0   1 
 385	2   3   0 
 387	2   3   6 
 389	2   7   3 
 391	2   7   6 
 393	2   3   6 
 395	2   7   3 
 397	2   3   0 
 399	2   1   3 
 401	2   0   1 
 401	2   6   7 
 403	2   0   3 
 405	2   1   3 
 407	2   6   7 
 407	2   0   1 
 409	2   3   0 
 411	2   3   0 
 413	2   1   5 
 415	2   4   1 
 417	2   5   4 
 419	2   5   1 
 421	2   4   1 
 423	2   5   4 
 425	2   1   5 
 427	2   1   3 
 429	2   0   1 
 431	2   0   3 
 433	2   1   3 
 435	2   0   1 
 437	2   3   0 
 439	2   3   6 
 441	2   7   3 
 443	2   7   6 
 445	2   3   6 
 447	2   7   3 
 449	2   3   0 
 451	2   1   3 
 453	2   0   1 
 453	2   6   7 
 455	2   0   3 
 457	2   1   3 
 459	2   6   7 
 459	2   0   1 
 461	2   3   0 
 463	2   4   0 
 465	2   1   5 
 467	2   3   1 
 469	2   5   3 
 471	2   5   1 
 473	2   3   1 
 475	2   5   3 
 477	2   1   5 
 479	2   1   4 
 481	2   0   1 
 483	2   0   4 
 485	2   1   4 
 487	2   0   1 
 489	2   4   0 
 491	2   4   6 
 493	2   7   4 
 495	2   7   6 
 497	2   4   6 
 499	2   7   4 
 501	2   4   0 
 503	2   1   4 
 505	2   0   1 
 505	2   6   7 
 507	2   0   4 
 509	2   1   4 
 511	2   6   7 
 511	2   0   1 
 513	2   4   0 
 515	2   4   0 
 517	2   1   5 
 519	2   3   1 
 521	2   5   3 
 523	2   5   1 
 525	2   3   1 
 527	2   5   3 
 529	2   1   5 
 531	2   1   4 
 533	2   0   1 
 535	2   0   4 
 537	2   1   4 
 539	2   0   1 
 541	2   4   0 
 543	2   4   6 
 545	2   7   4 
 547	2   7   6 
 549	2   4   6 
 551	2   7   4 
 553	2   4   0 
 555	2   1   4 
 557	2   0   1 
 559	2   0   4 
 561	2   1   4 
 563	2   0   1 
 565	2   4   0 
 567	2   3   0 
 569	2   4   5 
 571	2   1   4 
 573	2   5   1 
 575	2   5   4 
 577	2   1   4 
 579	2   5   1 
 579	2   6   7 
 581	2   4   5 
 583	2   4   3 
 585	2   0   4 
 587	2   0   3 
 589	2   4   3 
 591	2   0   4 
 593	2   3   0 
 595	2   6   7 
 597	2   3   6 
 599	2   7   3 
 601	2   7   6 
 603	2   3   6 
 601	6   5   1 
 607	2   7   3 
 609	2   3   0 
 611	2   4   3 
 613	2   0   4 
 615	2   0   3 
 617	2   4   3 
 619	2   0   4 
 621	2   4   1 
 623	2   5   4 
 625	2   1   5 
 627	2   1   4 
 629	2   5   4 
 631	2   3   0 
 633	2   3   0 
 631	6   5   2 
 637	2   1   2 
 635	2   6   7 
 637	2   6   7 
 639	2   4   1 
 641	2   4   3 
 643	2   0   4 
 645	2   0   3 
 647	2   4   3 
 649	2   0   4 
 651	2   3   0 
 653	6   4   0 
 659	2   3   6 
 661	2   7   3 
 663	2   7   6 
 665	2   3   6 
 667	2   7   3 
 669	2   3   4 
 671	2   0   3 
 673	2   4   0 
 675	2   4   3 
 677	2   0   3 
 679	2   4   0 
 681	6   5   3 
 687	2   5   4 
 689	2   4   1 
 691	2   2   4 
 693	2   1   2 
 693	2   6   7 
 695	2   1   4 
 697	2   2   4 
 699	2   1   2 
 699	2   6   7 
 701	2   4   1 
 703	2   4   6 
 705	2   7   4 
 707	2   7   6 
 709	2   4   6 
 711	2   7   4 
 713	2   4   1 
 715	2   2   4 
 717	2   1   2 
 717	2   6   7 
 719	2   1   4 
 721	2   2   4 
 723	2   6   7 
 723	2   1   2 
 725	2   4   1 
 727	2   4   6 
 729	2   7   4 
 731	2   7   6 
 733	2   4   6 
 735	2   7   4 
 737	2   4   1 
 739	2   5   4 
 741	2   6   7 
 741	2   1   5 
 743	2   1   4 
 745	2   5   4 
 747	2   6   7 
 747	2   1   5 
 749	2   4   1 
 751	2   4   6 
 753	2   7   4 
 755	2   7   6 
 757	2   4   6 
 759	2   7   4 
 761	2   4   1 
 763	2   5   4 
 765	2   6   7 
 765	2   1   5 
 767	2   1   4 
 769	2   5   4 
 771	2   1   5 
 773	2   4   1 
 775	2   2   1 
 777	2   5   2 
 779	2   1   5 
 781	2   1   2 
 783	2   5   2 
 775	2   6   7 
 785	2   1   5 
 787	2   4   6 
 789	2   7   4 
 791	2   2   1 
 791	2   7   6 
 793	2   4   6 
 795	2   7   4 
 797	2   0   4 
 799	2   2   0 
 799	2   6   7 
 801	2   4   2 
 803	2   4   0 
 805	2   2   0 
 805	2   6   7 
 807	2   4   2 
 809	2   0   4 
 811	2   0   6 
 813	6   4   0 
 819	2   7   4 
 821	2   7   6 
 823	2   4   6 
 825	2   7   4 
 827	2   4   0 
 829	2   2   4 
 831	2   0   2 
 833	2   0   4 
 835	2   2   4 
 837	2   6   7 
 839	2   6   7 
 837	2   0   2 
 839	2   2   1 
 841	2   5   2 
 843	2   4   0 
 845	2   4   0 
 847	2   1   5 
 849	2   1   2 
 851	2   5   2 
 853	2   1   5 
 855	6   5   3 
 861	2   2   1 
 863	2   2   4 
 865	2   0   2 
 867	2   0   4 
 869	2   2   4 
 871	2   0   2 
 873	2   4   0 
 875	2   4   6 
 877	2   7   4 
 879	2   7   6 
 881	2   4   6 
 883	2   7   4 
 885	2   4   0 
 887	2   2   4 
 889	2   0   2 
 889	2   6   7 
 891	2   0   4 
 893	2   2   4 
 895	2   6   7 
 895	2   0   2 
 897	2   4   0 
 899	2   4   0 
 901	2   2   1 
 903	2   5   2 
 905	2   1   5 
 907	2   1   2 
 909	2   5   2 
 911	2   1   5 
 913	2   2   1 
 915	2   2   4 
 917	2   0   2 
 919	2   0   4 
 921	2   2   4 
 923	2   0   2 
 925	2   4   0 
 927	2   4   6 
 929	2   7   4 
 931	2   7   6 
 933	2   4   6 
 935	2   7   4 
 937	2   4   0 
 939	2   2   4 
 941	2   0   2 
 941	2   6   7 
 943	2   0   4 
 945	2   2   4 
 947	2   6   7 
 947	2   0   2 
 949	2   4   0 
 951	2   4   0 
 953	2   2   1 
 955	2   5   2 
 957	2   1   5 
 959	2   1   2 
 961	2   5   2 
 963	2   1   5 
 965	2   2   1 
 967	2   2   4 
 969	2   0   2 
 971	2   0   4 
 973	2   2   4 
 975	2   0   2 
 977	2   4   0 
 979	2   4   6 
 981	2   7   4 
 983	2   7   6 
 985	2   4   6 
 987	2   7   4 
 989	2   4   0 
 991	2   2   4 
 993	2   0   2 
 995	2   0   4 
 997	2   2   4 
 999	2   0   2 
 999	2   6   7 
1001	2   4   0 
