   1	2   3   7 
   1	2   5   4 
   3	2   0   5 
   5	2   2   6 
   5	2   4   0 
   7	2   4   5 
   9	2   0   5 
  11	2   4   0 
  13	2   5   4 
  15	2   5   2 
  17	2   6   5 
  19	2   6   2 
  21	2   5   2 
  23	2   6   5 
  25	2   2   6 
  27	2   2   3 
  29	2   7   2 
  31	2   7   3 
  33	2   2   3 
  35	2   7   2 
  37	2   2   6 
  39	2   5   2 
  41	2   6   5 
  43	2   6   2 
  45	2   5   2 
  47	2   6   5 
  49	2   5   4 
  51	2   0   5 
  53	2   2   6 
  55	2   3   7 
  57	2   3   7 
  53	2   4   0 
  55	2   4   5 
  57	2   0   5 
  59	2   2   6 
  59	2   4   0 
  61	2   5   4 
  63	2   5   2 
  65	2   6   5 
  67	2   6   2 
  69	2   5   2 
  71	2   6   5 
  73	2   2   6 
  75	2   2   3 
  77	2   7   2 
  79	2   7   3 
  81	2   2   3 
  83	2   7   2 
  85	2   2   6 
  87	2   5   2 
  89	2   6   5 
  91	2   6   2 
  93	2   5   2 
  95	2   6   5 
  97	2   5   4 
  99	2   8   5 
 101	2   2   6 
 103	2   3   7 
 105	2   3   7 
 101	2   4   8 
 103	2   4   5 
 105	2   8   5 
 107	2   2   6 
 107	2   4   8 
 109	2   5   4 
 111	2   5   2 
 113	2   6   5 
 115	2   6   2 
 117	2   5   2 
 119	2   6   5 
 121	2   2   6 
 123	2   2   3 
 125	2   7   2 
 127	2   7   3 
 129	2   2   3 
 131	2   7   2 
 133	2   2   6 
 135	2   5   2 
 137	2   6   5 
 139	2   6   2 
 141	2   5   2 
 143	2   6   5 
 145	2   5   4 
 147	2   8   5 
 145	2   3   7 
 149	2   4   8 
 149	2   2   6 
 151	2   4   5 
 151	2   3   7 
 153	2   8   5 
 155	2   2   6 
 155	2   4   8 
 157	2   5   4 
 159	2   5   2 
 161	2   6   5 
 163	2   6   2 
 165	2   5   2 
 167	2   6   5 
 169	2   2   6 
 171	2   2   3 
 173	2   7   2 
 175	2   7   3 
 177	2   2   3 
 179	2   7   2 
 181	2   2   6 
 183	2   5   2 
 185	2   6   5 
 187	2   6   2 
 189	2   5   2 
 191	2   6   5 
 193	2   2   6 
 195	2   2   6 
 197	2   5   4 
 199	2   1   5 
 201	2   4   1 
 203	2   4   5 
 197	2   3   7 
 199	2   3   7 
 205	2   1   5 
 207	2   4   1 
 209	2   5   4 
 211	2   5   2 
 213	2   6   5 
 215	2   6   2 
 217	2   5   2 
 219	2   6   5 
 221	2   2   6 
 223	2   2   3 
 225	2   7   2 
 227	2   7   3 
 229	2   2   3 
 229	6  10   8 
 235	2   7   2 
 237	2   2   6 
 239	2   5   2 
 241	2   6   5 
 243	2   6   2 
 245	2   5   2 
 247	2   6   5 
 249	2   2   6 
 251	2   2   6 
 253	2   5   4 
 255	2   1   5 
 257	2   4   1 
 259	2   4   5 
 261	2   1   5 
 263	2   4   1 
 265	2   5   4 
 253	2   3   7 
 255	2   3   7 
 267	2   5   2 
 269	2   6   5 
 271	2   6   2 
 273	2   5   2 
 275	2   6   5 
 277	2   2   6 
 279	2   2   3 
 281	2   7   2 
 283	2   7   3 
 285	2   2   3 
 287	2   7   2 
 289	2   2   6 
 291	2   5   2 
 293	2   6   5 
 295	2   6   2 
 297	2   5   2 
 299	2   6   5 
 301	2   5   4 
 301	2   3   7 
 235	6  13  12 
 303	2   9   5 
 303	2   3   7 
 305	2   2   6 
 305	2   4   9 
 307	2   4   5 
 309	2   9   5 
 311	2   2   6 
 311	2   4   9 
 313	2   5   4 
 315	2   5   2 
 317	2   6   5 
 319	2   6   2 
 321	2   5   2 
 323	2   6   5 
 325	2   2   6 
 327	2   2   3 
 329	2   7   2 
 331	2   7   3 
 333	2   2   3 
 335	2   7   2 
 337	2   2   6 
 339	2   5   2 
 341	2   6   5 
 343	2   6   2 
 345	2   5   2 
 347	2   6   5 
 349	2   5   4 
 351	2   9   5 
 349	2   3   7 
 353	2   4   9 
 353	2   2   6 
 355	2   4   5 
 355	2   3   7 
 357	2   9   5 
 359	2   2   6 
 359	2   4   9 
 361	2   5   4 
 363	2   5   2 
 365	2   6   5 
 367	2   6   2 
 369	2   5   2 
 371	2   6   5 
 373	2   2   6 
 375	2   2   3 
 377	2   7   2 
 379	2   7   3 
 381	2   2   3 
 383	2   7   2 
 385	2   2   6 
 373	6  12   9 
 387	2   5   2 
 389	2   6   5 
 391	2   6   2 
 393	2   5   2 
 395	2   6   5 
 397	2   5   4 
 399	2   8   5 
 401	2   2   6 
 403	2   3   7 
 405	2   3   7 
 401	2   4   8 
 403	2   4   5 
 405	2   8   5 
 407	2   2   6 
 407	2   4   8 
 409	2   5   4 
 411	2   5   2 
 413	2   6   5 
 415	2   6   2 
 417	2   5   2 
 419	2   6   5 
 421	2   2   6 
 423	2   2   3 
 425	2   7   2 
 427	2   7   3 
 429	2   2   3 
 431	2   7   2 
 433	2   2   6 
 435	2   5   2 
 437	2   6   5 
 439	2   6   2 
 441	2   5   2 
 443	2   6   5 
 445	2   5   4 
 447	2   8   5 
 449	2   2   6 
 451	2   3   7 
 453	2   3   7 
 449	2   4   8 
 451	2   4   5 
 453	2   8   5 
 455	2   2   6 
 455	2   4   8 
 457	2   5   4 
 459	2   5   2 
 461	2   6   5 
 463	2   6   2 
 465	2   5   2 
 467	2   6   5 
 469	2   2   6 
 471	2   2   3 
 473	2   7   2 
 475	2   7   3 
 477	2   2   3 
 479	2   7   2 
 481	2   2   6 
 483	2   5   2 
 485	2   6   5 
 487	2   6   2 
 489	2   5   2 
 491	2   6   5 
 493	2   2   6 
 495	2   3   7 
 497	2   4   6 
 499	2   9   4 
 499	2   3   7 
 501	2   6   9 
 503	2   6   4 
 505	2   9   4 
 507	6   6   4 
 513	2   4   9 
 515	2   6   4 
 517	2   6   3 
 519	2   7   6 
 521	2   7   3 
 523	2   6   3 
 525	2   7   6 
 517	6  12   8 
 527	2   6   4 
 529	2   9   6 
 531	2   4   9 
 531	2   3   7 
 533	2   4   6 
 535	2   9   6 
 537	2   4   9 
 537	2   3   7 
 539	2   6   4 
 541	2   6   3 
 543	2   7   6 
 545	2   7   3 
 547	2   6   3 
 549	2   7   6 
 541	6   9   8 
 551	2   6   4 
 553	2   1   6 
 555	2   4   1 
 555	2   3   7 
 557	2   4   6 
 559	2   1   6 
 561	2   4   1 
 561	2   3   7 
 563	2   6   4 
 565	2   6   3 
 567	2   7   6 
 569	2   7   3 
 571	2   6   3 
 573	2   7   6 
 575	2   6   4 
 577	2   1   6 
 579	2   4   1 
 579	2   3   7 
 581	2   4   6 
 583	2   1   6 
 585	2   4   1 
 585	2   3   7 
 587	2   6   4 
 589	6   1   0 
 589	2   6   3 
 591	2   7   6 
 593	2   7   3 
 595	2   6   3 
 597	2   7   6 
 599	2   6   4 
 601	2   9   6 
 603	2   4   9 
 603	2   3   7 
 605	2   4   6 
 607	2   9   6 
 609	2   4   9 
 609	2   3   7 
 611	2   6   4 
 613	2   6   3 
 615	2   7   6 
 617	2   7   3 
 619	6   2   0 
 625	2   6   3 
 627	2   7   6 
 629	2   6   4 
 631	2   9   6 
 633	2   4   9 
 633	2   3   7 
 635	2   4   6 
 637	2   3   7 
 639	2   9   6 
 641	2   4   9 
 643	2   6   4 
 645	2   0   4 
 645	2   6   3 
 647	2   7   6 
 649	2   7   3 
 651	2   6   3 
 653	2   7   6 
 655	2   5   6 
 657	2   1   5 
 657	2   3   7 
 659	2   6   1 
 661	2   6   5 
 663	2   3   7 
 663	2   1   5 
 665	2   6   1 
 667	2   5   6 
 669	6   3   1 
 675	2   5   0 
 677	2   4   5 
 679	2   4   0 
 681	2   5   0 
 683	2   4   5 
 685	2   0   4 
 675	6   7   3 
 681	6   3   2 
 687	2   0   1 
 681	6  15  11 
 689	2   2   0 
 687	6  11  10 
 691	2   2   1 
 693	2   0   1 
 695	2   2   0 
 697	2   1   2 
 699	2   1   2 
 701	2   0   4 
 703	2   5   0 
 705	2   4   5 
 707	2   4   0 
 709	2   5   0 
 711	2   4   5 
 713	2   5   6 
 715	2   7   5 
 717	2   0   4 
 717	2   6   7 
 719	2   6   5 
 721	2   7   5 
 723	2   6   7 
 723	2   0   4 
 725	2   5   6 
 727	2   5   0 
 729	2   4   5 
 731	2   4   0 
 733	2   5   0 
 735	2   4   5 
 737	2   0   4 
 727	6   7   3 
 643	6  13  12 
 739	2   0   1 
 741	2   2   0 
 743	2   2   1 
 745	2   0   1 
 747	2   2   0 
 749	2   0   4 
 751	2   5   0 
 753	2   4   5 
 755	2   4   0 
 757	2   5   0 
 759	2   4   5 
 761	2   5   6 
 763	2   1   2 
 765	2   1   2 
 767	2  10   5 
 769	2   0   4 
 769	2   6  10 
 771	2   6   5 
 773	2  10   5 
 775	2   0   4 
 775	2   6  10 
 777	2   5   6 
 779	2   5   0 
 781	2   4   5 
 783	2   4   0 
 785	2   5   0 
 787	2   4   5 
 789	2   0   4 
 791	2   0   1 
 793	2   2   0 
 795	2   2   1 
 797	2   0   1 
 799	2   2   0 
 801	2   0   4 
 803	2   1   2 
 805	2   5   0 
 807	2   4   5 
 809	2   4   0 
 811	2   5   0 
 813	2   4   5 
 815	2   5   6 
 817	2  10   5 
 819	2   0   4 
 819	2   6  10 
 821	2   6   5 
 823	2  10   5 
 825	2   0   4 
 825	2   6  10 
 827	2   5   6 
 829	2   5   0 
 831	6  13  10 
 831	2   4   5 
 833	2   4   0 
 835	2   1   2 
 837	2   5   0 
 839	2   4   5 
 841	2   0   4 
 843	2   0   1 
 845	2   2   0 
 837	6  15  11 
 847	2   2   1 
 849	2   0   1 
 851	2   2   0 
 853	2   0   4 
 855	2   1   2 
 857	2   1   2 
 859	2   5   0 
 861	2   4   5 
 863	2   4   0 
 865	2   5   0 
 867	2   4   5 
 869	2   5   6 
 871	2   7   5 
 873	2   0   4 
 873	2   6   7 
 875	2   6   5 
 877	2   7   5 
 879	2   0   4 
 879	2   6   7 
 881	2   5   6 
 883	2   5   0 
 885	2   4   5 
 887	2   4   0 
 889	2   5   0 
 891	2   4   5 
 893	2   0   4 
 895	2   0   1 
 897	2   2   0 
 899	2   2   1 
 901	2   0   1 
 903	2   2   0 
 905	2   0   4 
 907	2   5   0 
 909	2   4   5 
 911	2   1   2 
 913	2   1   2 
 915	2   4   0 
 917	2   5   0 
 919	2   4   5 
 921	2   5   6 
 923	2   7   5 
 925	2   0   4 
 925	2   6   7 
 927	2   6   5 
 929	2   7   5 
 931	2   0   4 
 931	2   6   7 
 933	2   5   6 
 935	2   5   0 
 935	6  11   7 
 937	2   4   5 
 939	2   4   0 
 941	2   5   0 
 943	2   4   5 
 945	2   0   4 
 947	2   0   1 
 949	2   2   0 
 951	2   2   1 
 953	2   0   1 
 955	2   2   0 
 957	2   0   4 
 959	2   5   0 
 961	2   1   2 
 963	2   1   2 
 965	2   4   5 
 967	2   4   0 
 969	2   5   0 
 971	2   4   5 
 973	2   5   6 
 975	2   9   5 
 977	2   6   9 
 977	2   0   4 
 979	2   6   5 
 981	2   9   5 
 983	2   0   4 
 983	2   6   9 
 985	2   5   6 
 987	2   5   0 
 989	2   4   5 
 991	2   4   0 
 993	2   5   0 
 995	2   4   5 
 997	2   0   4 
 999	2   0   1 
1001	2   2   0 
1003	2   2   1 
1005	2   0   1 
1007	2   2   0 
1009	2   0   4 
1011	2   5   0 
1013	2   4   5 
1015	2   4   0 
1017	2   5   0 
1019	2   4   5 
1021	2   5   6 
1023	2   9   5 
1025	2   0   4 
1025	2   6   9 
1027	2   6   5 
1029	2   9   5 
1031	2   0   4 
1031	2   6   9 
1033	2   5   6 
1035	2   5   0 
1037	2   4   5 
1039	2   4   0 
1039	6  12   9 
1041	2   1   2 
1043	2   1   2 
1045	2   5   0 
1047	2   4   5 
1049	2   0   4 
1051	2   0   1 
1053	2   2   0 
1055	2   2   1 
1057	2   0   1 
1059	2   2   0 
1061	2   1   2 
1063	2   1   2 
1065	2   0   4 
1067	2   5   0 
1069	2   4   5 
1071	2   4   0 
1073	2   5   0 
1075	2   4   5 
1077	2   5   6 
1079	2  10   5 
1081	2   0   4 
1081	2   6  10 
1083	2   6   5 
1085	2  10   5 
1087	2   0   4 
1087	2   6  10 
1089	2   5   6 
1091	2   5   0 
1093	2   4   5 
1095	2   4   0 
1097	2   5   0 
1099	2   4   5 
1101	2   0   4 
1103	2   0   1 
1105	2   2   0 
1107	2   2   1 
1109	2   0   1 
1111	2   2   0 
1113	2   0   4 
1115	2   5   0 
1117	2   4   5 
1119	2   4   0 
1121	2   1   2 
1123	2   5   0 
1125	2   4   5 
1127	2   5   6 
1129	2  10   5 
1131	2   0   4 
1131	2   6  10 
1133	2   6   5 
1135	2  10   5 
1137	2   6  10 
1137	2   0   4 
1139	2   5   6 
1141	2   1   2 
1143	2   5   0 
1145	2   4   5 
1147	2   7   6 
1147	2   4   0 
1149	2   5   0 
1151	2   4   5 
1153	2   0   4 
1155	2   0   1 
1151	6  10   7 
1157	2   2   0 
1159	2   2   1 
1161	2   0   1 
1163	2   2   0 
1165	2   0   4 
1167	2   5   0 
1169	2   4   5 
1171	2   4   0 
1173	2   5   0 
1175	2   4   5 
1177	2   1   2 
1179	2   0   4 
1181	2   5   0 
1183	2   8   5 
1185	6   8   4 
1191	2   9   8 
1185	2   1   2 
1193	2   0   4 
1195	2   0   5 
1197	2   4   5 
1199	2   0   4 
1201	2   5   0 
1203	2   5  10 
1205	2   6   5 
1207	2   6  10 
1209	2   5  10 
1211	2   6   5 
1213	2  10   6 
1215	2  10   9 
1217	2   8  10 
1219	2   8   9 
1219	6   6   2 
1225	2  10   9 
1227	2   8  10 
1229	6  15   7 
1229	2   9   8 
1231	2   9   1 
1235	2   6   9 
1237	2   6   1 
1239	2   9   1 
1241	2   6   9 
1243	2   9   8 
1243	2   1   6 
1245	2  10   9 
1247	2   8  10 
1249	2   8   9 
1249	2   1   6 
1251	2  10   9 
1253	2   8  10 
1255	2   9   8 
1257	2   9   8 
1259	2  10   2 
1261	2   5  10 
1263	2   2   5 
1265	2   2  10 
1267	2   5  10 
1269	2   2   5 
1271	2   5   0 
1273	2   4   5 
1275	2   0   4 
1277	2   0   5 
1279	2   4   5 
1281	2  10   2 
1283	2  10   2 
1281	2   0   4 
1285	2   5   0 
1287	2   5  10 
1289	2   2   5 
1291	2   2  10 
1293	2   5  10 
1295	2   2   5 
1297	6   4   0 
1297	2  10   2 
1299	2  10   9 
1303	2   8  10 
1305	2   8   9 
1307	2  10   9 
1309	2   8  10 
1311	6   6   4 
1317	2   9   8 
1319	2   9   1 
1321	2   4   9 
1323	2   4   1 
1325	2   9   1 
1327	2   4   9 
1329	2   9   8 
1331	2   1   4 
1331	2  10   9 
1333	2   8  10 
1335	2   8   9 
1337	2  10   9 
1337	2   1   4 
1339	2   8  10 
1341	2  10   2 
1343	2   5  10 
1345	2   2   5 
1347	2   2  10 
1349	2   5  10 
1351	2   2   5 
1353	2   5   6 
1355	2   7   5 
1357	2   9   8 
1359	2   9   8 
1357	2   6   7 
1361	2  10   2 
1363	2   6   5 
1365	2  10   2 
1367	2   7   5 
1369	2   6   7 
1371	2   5   6 
1373	2   5  10 
1375	2   2   5 
1377	2   2  10 
1379	2   5  10 
1381	2   2   5 
1383	2  10   2 
1385	2  10   9 
1387	2   8  10 
1389	2   8   9 
1391	2  10   9 
1393	2   8  10 
1395	2   9   8 
1397	2   9   1 
1399	2   4   9 
1401	2   4   1 
1403	2   9   1 
1405	2   4   9 
1407	2   9   8 
1409	2  10   9 
1409	2   1   4 
1411	2   8  10 
1413	2   8   9 
1415	2   1   4 
1415	2  10   9 
1417	2   8  10 
1419	2  10   2 
1421	2   5  10 
1423	2   2   5 
1425	2   2  10 
1427	2   5  10 
1429	2   2   5 
1431	2  10   2 
1433	2   5   6 
1435	2  10   2 
1437	2   7   5 
1439	2   9   8 
1439	2   6   7 
1441	2   6   5 
1443	2   7   5 
1445	2   9   8 
1445	2   6   7 
1447	2   5   6 
1449	2   5  10 
1451	2   2   5 
1453	2   2  10 
1455	2   5  10 
1457	2   2   5 
1459	2  10   2 
1461	2  10   9 
1463	2   8  10 
1465	2   8   9 
1467	2  10   9 
1469	2   8  10 
1471	2   9   8 
1473	2   9   1 
1475	2   4   9 
1477	2   4   1 
1479	2   9   1 
1481	2   4   9 
1483	2   9   8 
1485	2   1   4 
1485	2  10   9 
1487	2   8  10 
1489	2   8   9 
1491	2   1   4 
1491	2  10   9 
1493	2   8  10 
1495	2   9   8 
1497	2   9   8 
1499	6   9   6 
1505	2  10   2 
1507	2   5  10 
1509	2   2   5 
1511	2   2  10 
1513	2   5  10 
1515	2   2   5 
1517	2   5   9 
1519	2  10   2 
1521	2  13   5 
1523	2   9  13 
1525	2  10   2 
1527	2   9   5 
1529	2  13   5 
1531	2   9  13 
1533	2   5   9 
1535	6   9   8 
1541	2   5  10 
1543	2   2   5 
1545	2   2  10 
1547	2   5  10 
1549	2   2   5 
1551	2  10   2 
1553	2  10   6 
1555	2   9  10 
1557	2   9   6 
1559	2  10   6 
1561	2   9  10 
1563	2   6   9 
1565	2   6   1 
1567	2   4   6 
1569	2   4   1 
1571	2   6   1 
1573	2   4   6 
1575	2   6   9 
1577	2   1   4 
1579	2   1   4 
1577	2  10   6 
1579	2   9  10 
1581	2   9   6 
1583	2  10   6 
1585	2   9  10 
1587	2  10   2 
1589	2   6   9 
1591	2   5  10 
1593	2   2   5 
1595	2   2  10 
1597	2   6   9 
1599	2   5  10 
1601	2   2   5 
1603	2  10   2 
1605	2   5   8 
1607	2  13   5 
1609	2   8  13 
1611	2   8   5 
1613	2  13   5 
1615	6  13  12 
1605	6  15  11 
1611	6  11   7 
1621	2  10   2 
1621	2   8  12 
1623	2   5   8 
1625	2   5  10 
1627	2   2   5 
1629	2   2  10 
1631	2   5  10 
1633	2   2   5 
1635	2  10   2 
1637	2  10   6 
1639	2   9  10 
1641	2   9   6 
1643	2  10   6 
1645	2   9  10 
1647	2   6   9 
1649	2   6   1 
1651	2   4   6 
1653	2   4   1 
1655	2   6   1 
1657	2   4   6 
1659	2   6   9 
1661	2  10   6 
1663	2   9  10 
1665	2   9   6 
1667	2   1   4 
1667	2  10   6 
1669	2   1   4 
1669	2   9  10 
1671	2   6   9 
1673	2   6   9 
1675	2  10   2 
1677	2   5  10 
1679	2   2   5 
1681	2   2  10 
1683	2   5  10 
1685	2   2   5 
1687	2  10   2 
1689	2   5   8 
1691	2  13   5 
1693	2  10   2 
1695	2   8  13 
1697	2   8   5 
1699	2  13   5 
1701	2   8  13 
1703	2   5   8 
1705	2   5  10 
1707	2   2   5 
1709	2   2  10 
1711	2   5  10 
1713	2   2   5 
1715	2  10   2 
1717	2  10   6 
1719	2   9  10 
1721	2   9   6 
1723	2  10   6 
1725	2   9  10 
1727	2   6   9 
1729	2   6   1 
1731	2   4   6 
1733	2   4   1 
1735	2   6   1 
1737	2   4   6 
1739	2   6   9 
1741	2  10   6 
1741	2   1   4 
1743	2   9  10 
1743	2   1   4 
1745	2   9   6 
1747	2  10   6 
1749	2   9  10 
1751	2   6   9 
1753	2   6   9 
1755	2  10   2 
1757	2   5  10 
1759	2   2   5 
1761	2   2  10 
1763	2   5  10 
1765	2   2   5 
1767	2  10   2 
1769	2   5   8 
1771	2  10   2 
1773	2  13   5 
1775	2   8  13 
1777	2   8   5 
1779	2  13   5 
1781	2   8  13 
1783	2   5   8 
1785	2   5  10 
1787	2   2   5 
1789	2   2  10 
1791	2   5  10 
1793	2   2   5 
1795	2  10   2 
1797	2  10   6 
1799	2   9  10 
1801	2   9   6 
1803	2  10   6 
1805	2   9  10 
1807	2   6   9 
1809	2   6   1 
1811	2   4   6 
1813	2   4   1 
1815	2   6   1 
1817	2   4   6 
1819	2   6   9 
1821	2  10   6 
1823	2   9  10 
1821	2   1   4 
1825	2   9   6 
1827	2  10   6 
1829	2   9  10 
1831	2  10   2 
1833	2   5  10 
1835	2   2   5 
1837	2   6   9 
1839	2   6   9 
1841	2   2  10 
1843	2   1   4 
1843	6   7   6 
1849	6   6   4 
1855	2   5  10 
1857	6  11   7 
1857	2   2   5 
1859	2   5   8 
1861	2   4   5 
1863	2  10   2 
1863	2   8   4 
1865	2   8   5 
1867	2   4   5 
1869	2  10   2 
1869	2   8   4 
1871	2   5   8 
1873	2   5  10 
1875	2   2   5 
1877	2   2  10 
1879	2   5  10 
1881	2   2   5 
1883	2  10   2 
1885	6   3   1 
1885	2  10  11 
1887	2   9  10 
1891	2   9  11 
1893	2  10  11 
1895	2   9  10 
1897	2  11   9 
1899	2  11   3 
1901	2   6  11 
1903	2   6   3 
1905	2  11   3 
1907	2   6  11 
1909	2  11   9 
1911	2  10  11 
1913	2   3   6 
1915	2   3   6 
1917	2   9  10 
1919	2   9  11 
1921	2  10  11 
1923	2   9  10 
1925	2  10   2 
1927	2   5  10 
1929	2  11   9 
1931	2  11   9 
1933	2   2   5 
1935	2   2  10 
1937	2   5  10 
1939	2   2   5 
1941	2   5   8 
1943	2   4   5 
1945	2  10   2 
1945	2   8   4 
1947	2   8   5 
1949	2   4   5 
1951	2  10   2 
1951	2   8   4 
1953	2   5   8 
1955	2   5  10 
1957	2   2   5 
1959	2   2  10 
1961	2   5  10 
1963	2   2   5 
1965	2  10   2 
1967	2  10  11 
1969	2   9  10 
1971	2   9  11 
1973	2  10  11 
1975	2   9  10 
1977	2  11   9 
1979	2  11   3 
1981	2   6  11 
1983	2   6   3 
1985	2  11   3 
1987	2   6  11 
1989	2  11   9 
1991	2  10  11 
1993	6   6   2 
1999	2   3   2 
1999	2   9  10 
1991	6   4   0 
2001	2   3   2 
2001	2   9  11 
2003	2  10  11 
2003	6   3   2 
2005	2   9  10 
2007	2  11   9 
2009	6   9   1 
2015	2  10   6 
2017	2   5  10 
2019	2   6   5 
2021	2   6  10 
2023	2   5  10 
2025	2   6   5 
2027	2  10   6 
2029	2   1   6 
2031	2   4   1 
2033	2   6   4 
2035	2   6   1 
2037	2   4   1 
2039	2   6   4 
2041	2   1   6 
2043	2   1   2 
2045	2   3   1 
2047	2   3   2 
2047	2   8   5 
2049	6   7   5 
2055	2   1   2 
2049	6  13  12 
2057	2   3   1 
2059	2   1   6 
2055	6  13   9 
2061	2   4   1 
2063	2   6   4 
2065	2   6   1 
2067	2   4   1 
2069	2   6   4 
2061	6  13  12 
2071	2   1   6 
2073	2   2   3 
2073	6  13  10 
2075	2   2   3 
2077	2   1   2 
2079	2   3   1 
2081	2   3   2 
2083	2   1   2 
2085	2   3   1 
2087	2   2   3 
2089	2   1   6 
2091	2   5   1 
2093	2   2   3 
2095	2   6   5 
2097	2   6   1 
2099	2   5   1 
2101	2   6   5 
2103	2   1   6 
2105	2   1   2 
2107	2   3   1 
2109	2   3   2 
2111	2   1   2 
2113	2   3   1 
2115	2   1   6 
2117	2   5   1 
2119	2   6   5 
2121	2   6   1 
2123	2   5   1 
2125	2   6   5 
2127	2   1   6 
2129	2   2   3 
2131	2   2   3 
2133	2   1   2 
2135	2   3   1 
2137	2   3   2 
2139	2   1   2 
2141	2   3   1 
2143	2   2   3 
2143	6  10   5 
2145	2   2   3 
2149	2   1   6 
2151	6   6   4 
2157	2   9   1 
2159	2   4   9 
2161	2   4   1 
2163	2   9   1 
2165	2   4   9 
2167	2   1   4 
2169	2   1   2 
2171	2   3   1 
2173	2   3   2 
2175	2   1   2 
2177	2   3   1 
2179	2   1   4 
2181	2   9   1 
2183	2   4   9 
2183	2   2   3 
2185	2   4   1 
2187	2   9   1 
2189	2   2   3 
2189	2   4   9 
2191	2   1   4 
2193	2   1   2 
2195	2   3   1 
2197	2   3   2 
2199	2   1   2 
2201	2   3   1 
2203	2   1   4 
2205	2   5   1 
2207	2   2   3 
2207	2   4   5 
2209	2   4   1 
2211	2   5   1 
2213	2   2   3 
2213	2   4   5 
2215	2   1   4 
2217	2   1   2 
2219	2   3   1 
2221	2   3   2 
2223	2   1   2 
2225	2   3   1 
2227	2   1   4 
2229	2   5   1 
2231	2   2   3 
2231	2   4   5 
2233	2   4   1 
2235	2   5   1 
2237	2   4   5 
2237	2   2   3 
2239	2   1   4 
2241	2   1   2 
2243	2   3   1 
2245	2   3   2 
2247	2   1   2 
2249	2   3   1 
2251	2   1   4 
2253	2   2   3 
2255	2   0   1 
2257	2   2   3 
2257	2   4   0 
2259	2   4   1 
2261	2   0   1 
2263	2   4   0 
2265	2   1   4 
2267	2   1   2 
2269	2   3   1 
2271	2   3   2 
2273	2   1   2 
2275	2   3   1 
2277	2   1   4 
2279	2   0   1 
2281	2   4   0 
2281	2   2   3 
2283	2   4   1 
2285	2   0   1 
2287	2   2   3 
2287	2   4   0 
2289	2   1   4 
2291	2   1   2 
2293	2   3   1 
2295	2   3   2 
2297	2   1   2 
2299	2   3   1 
2301	2   2   3 
2303	6   2   1 
2239	6  10   9 
2309	2   1   4 
2311	2   9   1 
2313	2   4   9 
2315	2   4   1 
2245	6  15  11 
2303	6  11   7 
2317	2   9   1 
2319	2   2   3 
2319	2   4   9 
2321	2   1   4 
2323	2   1   2 
2325	2   3   1 
2327	2   3   2 
2329	2   1   2 
2331	2   3   1 
2333	2   1   4 
2335	2   9   1 
2337	2   2   3 
2337	2   4   9 
2339	2   4   1 
2341	2   9   1 
2343	2   2   3 
2343	2   4   9 
2345	2   1   4 
2347	2   1   2 
2349	2   3   1 
2351	2   3   2 
2353	2   1   2 
2355	2   3   1 
2357	6   5   1 
2363	6   5   0 
2363	2   2   3 
2365	2   2   3 
2369	2   6   2 
2371	2   3   6 
2373	2   3   2 
2375	2   6   2 
2377	2   3   6 
2379	6   6   5 
2385	2   2   3 
2385	6   9   4 
2387	2   2   3 
2389	2   7   2 
2391	6  10   9 
2391	2   3   7 
2393	2   3   2 
2395	2   7   2 
2397	2   3   7 
2399	2   2   3 
2399	6  11  10 
2401	2   2   3 
2403	2   1   2 
2405	2   3   1 
2407	2   3   2 
2409	6   7   5 
2415	2   1   2 
2417	2   3   1 
2419	6   5   0 
2419	2   2   3 
2421	2   2   3 
2425	2   6   2 
2427	2   3   6 
2429	2   3   2 
2431	2   6   2 
2433	2   3   6 
2435	2   2   3 
2437	2   2   5 
2439	2   3  11 
2441	2   7   3 
2439	6   5   1 
2443	2  11   7 
2445	6   5   4 
2445	2  11   3 
2447	2   7   3 
2449	2  11   7 
2451	2   3  11 
2453	2   3   2 
2455	2   1   3 
2457	6   6   5 
2463	2   1   2 
2465	2   3   2 
2463	6   9   8 
2467	2   1   3 
2469	2   3  11 
2471	2   2   1 
2473	2   7   3 
2475	2   2   1 
2475	2  11   7 
2477	6   5   0 
2477	2  11   3 
2479	2   7   3 
2481	2  11   7 
2483	2   3  11 
2485	2   3   2 
2487	2   1   3 
2489	2   1   2 
2491	2   3   2 
2493	2   1   3 
2495	2   2   1 
2497	2   2   1 
2499	2   3  11 
2501	2   6   3 
2503	2  11   6 
2505	2  11   3 
2507	2   6   3 
2509	2  11   6 
2511	2   3  11 
2513	2   3   2 
2515	2   1   3 
2517	2   1   2 
2519	2   3   2 
2521	2   1   3 
2523	2   3  11 
2525	2   2   1 
2527	6   7   5 
2533	2   6   3 
2535	2  11   6 
2533	6   4   0 
2537	2  11   3 
2539	2   6   3 
2541	2  11   6 
2543	2   6   9 
2545	2   2   1 
2547	2  10   6 
2549	2   3  11 
2549	6   5   0 
2551	2   3   2 
2555	2   1   3 
2557	2   1   2 
2559	2   3   2 
2561	2   1   3 
2555	2  10   9 
2563	2   3  11 
2565	2   6   9 
2567	2   7   3 
2569	2  11   7 
2569	2   2   1 
2571	2  10   6 
2573	2  11   3 
2575	2   7   3 
2577	2  11   7 
2579	2   3  11 
2581	2   9  10 
2581	2   2   1 
2583	2   3   2 
2585	6   6   5 
2591	2   1   3 
2593	2   1   2 
2595	2   3   2 
2597	2   1   3 
2599	2   2   1 
2601	6   5   4 
2601	2   3  11 
2603	2   7   3 
2605	2  11   7 
2607	2  11   3 
2609	2   7   3 
2611	2   2   1 
2611	2  11   7 
2613	2   3  11 
2615	2   3   2 
2617	2   1   3 
2619	2   1   2 
2621	2   3   2 
2623	2   1   3 
2625	2   2   1 
2627	2   2   1 
2629	2   3  11 
2631	2   6   3 
2633	2  11   6 
2635	2  11   3 
2637	2   6   3 
2639	2  11   6 
2641	2   3  11 
2643	2   3   2 
2645	2   1   3 
2647	2   1   2 
2649	2   3   2 
2651	2   1   3 
2653	2   3  11 
2655	6   7   5 
2661	2   2   1 
2663	2   2   1 
2665	2   6   3 
2667	2  11   6 
2669	2  11   3 
2671	2   6   3 
2673	2  11   6 
2675	2   3  11 
2677	2   3   2 
2679	2   1   3 
2681	2   1   2 
2683	2   3   2 
2685	2   1   3 
2687	2   3  11 
2689	2   7   3 
2691	2   2   1 
2691	2  11   7 
2693	2  11   3 
2695	2   7   3 
2697	2  11   7 
2697	2   2   1 
2699	6  11   6 
2687	6   8   4 
2695	6  14  13 
2705	2   3   6 
2705	6  15  11 
2707	2   3   2 
2709	2   1   3 
2711	2   1   2 
2713	2   3   2 
2715	2   1   3 
2717	2   2   1 
2719	2   2   1 
2711	6  11  10 
2721	2   3   6 
2723	2   7   3 
2725	2   6   7 
2727	2   6   3 
2729	2   7   3 
2731	2   6   7 
2733	2   3   6 
2735	2   3   2 
2737	2   1   3 
2739	2   1   2 
2741	2   3   2 
2743	2   1   3 
2745	2   2   1 
2747	2   1   6 
2749	2   2   3 
2751	2   4   1 
2753	2   6   4 
2755	2   6   1 
2757	2   4   1 
2759	2   6   4 
2761	2   1   6 
2763	2   1   2 
2765	2   3   1 
2767	2   3   2 
2769	2   1   2 
2771	2   3   1 
2773	2   2   3 
2775	2   2   3 
2777	2   1   6 
2779	2   4   1 
2781	2   6   4 
2783	2   6   1 
2785	2   4   1 
2787	2   6   4 
2789	2   1   6 
2791	2  14   6 
2793	2   1   2 
2795	2   3   1 
2797	2   3   2 
2799	2   1   2 
2801	2   3   1 
2793	2   9  14 
2803	6  14   6 
2809	2   2   3 
2809	2  14   9 
2811	2   1   3 
2813	2  14   6 
2815	6   5   1 
2815	6   7   3 
2815	6  13   8 
2821	2  10   2 
2823	2   9   6 
2825	2  14   9 
2827	2   6  14 
2829	2   6  10 
2831	2   2   6 
2833	2   2  10 
2835	2   6  10 
2837	2   2   6 
2839	2  10   2 
2841	2  10   5 
2843	2   7  10 
2845	2   7   5 
2847	2  10   5 
2849	2   7  10 
2851	2  10   2 
2853	2   5   7 
2855	2   6  10 
2857	2   2   6 
2859	2   2  10 
2861	2   6  10 
2863	2   2   6 
2865	2  10   2 
2867	2  10   2 
2869	2   6  14 
2871	2   9   6 
2873	2  14   9 
2875	6  11  10 
2881	2  14   6 
2883	2   9   6 
2885	6   7   2 
2885	2  14   9 
2887	2   9  10 
2889	2  13   9 
2891	2   6  14 
2893	2   6  14 
2895	2   5   2 
2897	2  10  13 
2899	2  10   9 
2901	2  13   9 
2903	2  10  13 
2905	2   9  10 
2907	2   9   6 
2909	2  14   9 
2911	2  14   6 
2913	2   9   6 
2915	2  14   9 
2917	2   6  14 
2919	2   6  11 
2921	2   7   6 
2923	2   7  11 
2925	2   6  11 
2927	2   7   6 
2929	6  11   6 
2935	2   6   7 
2917	6   8   4 
2937	2   6   5 
2939	2   2   6 
2941	2   2   5 
2943	2   6   5 
2945	2   2   6 
2947	2   6   7 
2949	2  11   6 
2951	2   7  11 
2953	2   7   6 
2955	2  11   6 
2957	2   5   2 
2959	2   5   2 
2957	2   7  11 
2959	2  11  14 
2961	2   9  11 
2963	2  14   9 
2965	2  14  11 
2967	2   9  11 
2969	6   3   1 
2969	2  14   9 
2971	2   9  10 
2973	2   8   9 
2973	2  11  14 
2975	2  10   8 
2977	2  10   9 
2979	2   8   9 
2979	2  11  14 
2981	2  10   8 
2983	2   9  10 
2985	2   9  11 
2987	2  14   9 
2987	2   6   7 
2989	2  14  11 
2991	2   9  11 
2993	2   6   7 
2993	2  14   9 
2995	2  11  14 
2997	2  11   6 
2999	2   7  11 
3001	2   7   6 
3003	2  11   6 
3005	2   7  11 
3007	2   6   7 
3009	2   6   5 
3011	2   2   6 
3013	2   2   5 
3015	2   6   5 
3017	2   2   6 
3019	2   6   7 
3021	2  11   6 
3023	2   5   2 
3023	2   7  11 
3025	2   7   6 
3027	2  11   6 
3029	2   7  11 
3031	2  11  14 
3029	2   5   2 
3033	2   9  11 
3035	2  14   9 
3035	2   6   7 
3037	2  14  11 
3039	2   9  11 
3041	2   6   7 
3041	2  14   9 
3043	2   9  10 
3045	2   8   9 
3045	2  11  14 
3047	2  10   8 
3049	2  10   9 
3051	2  11  14 
3051	2   8   9 
3053	2  10   8 
3055	2   9  10 
3057	2   9  11 
3059	2  14   9 
3061	2  14  11 
3063	2   9  11 
3065	2  14   9 
3067	2  11  14 
3069	2  11   6 
3071	2   7  11 
3073	2   7   6 
3075	2  11   6 
3077	2   7  11 
3079	2   6   7 
3081	2   6   5 
3083	2   2   6 
3085	2   2   5 
3087	2   6   5 
3089	2   2   6 
3091	2   6   7 
3093	2  11   6 
3095	6   5   1 
3095	2   7  11 
3101	2   7   6 
3103	2  11   6 
3101	6   8   0 
3107	2   1   2 
3105	2   7  11 
3107	2  11  14 
3109	2   1   2 
3109	2   9  11 
3111	2  14   9 
3111	2   6   7 
3113	2  14  11 
3115	2   9  11 
3117	2  14   9 
3117	2   6   7 
3119	2   9  10 
3121	2  11  14 
3121	2   5   9 
3123	2  10   5 
3125	2  10   9 
3127	2   5   9 
3127	2  11  14 
3129	2  10   5 
3131	2   9  10 
3133	2   9  11 
3135	2  14   9 
3137	2  14  11 
3139	2   9  11 
3141	2  14   9 
3143	2  11  14 
3145	2  11   6 
3147	2   7  11 
3145	6  13   8 
3149	2   7   6 
3151	2  11   6 
3153	2   7  11 
3155	2   6   7 
3155	6  15  13 
3157	2   6   1 
3159	2   2   6 
3161	2   2   1 
3163	2   6   1 
3165	2   2   6 
3167	2   6   7 
3169	2  11   6 
3171	2   7  11 
3171	2   1   2 
3173	2   7   6 
3175	2  11   6 
3177	2   1   2 
3177	2   7  11 
3179	2  11  14 
3181	2   9  11 
3183	2  14   9 
3183	2   6   7 
3185	2  14  11 
3187	2   9  11 
3189	2   6   7 
3189	2  14   9 
3191	2   9  10 
3193	2  11  14 
3193	2   5   9 
3195	2  10   5 
3197	2  10   9 
3199	2  11  14 
3199	2   5   9 
3201	2  10   5 
3203	2   9  10 
3205	2   9  11 
3207	2  14   9 
3209	2  14  11 
3211	2   9  11 
3213	2  14   9 
3215	2  11  14 
3217	2  11   6 
3219	2   7  11 
3221	2   7   6 
3223	2  11   6 
3225	2   7  11 
3227	2   6   7 
3229	2   6   1 
3231	2   2   6 
3233	2   2   1 
3235	2   6   1 
3237	2   2   6 
3239	2   6   7 
3241	2  11   6 
3243	2   7  11 
3243	2   1   2 
3245	2   7   6 
3247	2  11   6 
3249	2   1   2 
3249	2   7  11 
3251	2  11  14 
3253	2   9  11 
3255	2  14   9 
3255	2   6   7 
3257	2  14  11 
3259	2   9  11 
3261	2   6   7 
3261	2  14   9 
3263	2  11  14 
3265	2   9  14 
3267	6   7   5 
3273	2  10  11 
3275	2  15  10 
3277	6  13   8 
3277	2  11  15 
3279	2  11  10 
3283	2  15  10 
3285	2  11  15 
3287	2  10  11 
3289	2  10   9 
3291	2  14  10 
3293	2  14   9 
3295	2  10   9 
3297	2  14  10 
3299	2   9  14 
3301	2   9   6 
3303	2   5   9 
3305	2   5   6 
3307	2   9   6 
3309	2   5   9 
3311	2   6   5 
3313	2   6   1 
3315	2   2   6 
3317	2   2   1 
3319	2   6   1 
3321	2   2   6 
3323	2   6   5 
3325	2   9   6 
3327	2   5   9 
3329	2   5   6 
3331	2   9   6 
3333	2   5   9 
3335	2   1   2 
3335	2   9  14 
3337	2   1   2 
3337	2  10   9 
3339	2  14  10 
3341	2  14   9 
3343	2  10   9 
3345	2  14  10 
3347	2   9  14 
3349	2   9  14 
3351	2  10  11 
3353	2  15  10 
3355	2   6   5 
3355	2  11  15 
3357	2  11  10 
3359	2  15  10 
3361	2   6   5 
3361	2  11  15 
3363	2  10  11 
3365	2  10   9 
3367	2  14  10 
3369	2  14   9 
3371	2  10   9 
3373	2  14  10 
3375	2   9  14 
3377	2   9   6 
3379	2   5   9 
3381	2   5   6 
3383	2   9   6 
3385	2   5   9 
3387	2   6   5 
3389	2   6   1 
3391	2   2   6 
3393	2   2   1 
3387	6  15  13 
3395	2   6   1 
3397	2   2   6 
3399	2   6   5 
3393	6  13   8 
3401	2   9   6 
3403	2   5   9 
3405	2   5   6 
3407	2   9   6 
3409	2   5   9 
3411	2   1   2 
3413	2   1   2 
3411	2   9  14 
3413	2  10   9 
3415	2  14  10 
3417	2  14   9 
3419	2  10   9 
3421	2  14  10 
3423	2   9  14 
3425	2   9  14 
3427	2  10  11 
3429	2  15  10 
3431	2   6   5 
3433	2   6   5 
3431	2  11  15 
3435	2  11  10 
3437	2  15  10 
3439	2  11  15 
3441	2  10  11 
3443	2  10   9 
3445	2  14  10 
3447	2  14   9 
3449	2  10   9 
3451	2  14  10 
3453	2   9  14 
3455	2   9   6 
3457	2   5   9 
3459	2   5   6 
3461	2   9   6 
3463	2   5   9 
3465	2   6   5 
3467	2   6   1 
3469	2   2   6 
3471	2   2   1 
3473	2   6   1 
3475	2   2   6 
3477	2   6   5 
3479	2   9   6 
3481	2   5   9 
3483	2   5   6 
3485	2   9   6 
3487	2   5   9 
3489	2   1   2 
3491	2   1   2 
3489	2   9  14 
3491	2  10   9 
3493	2  14  10 
3495	2  14   9 
3497	2  10   9 
3499	2  14  10 
3501	2  10  11 
3503	2   9  14 
3505	2  15  10 
3507	2   9  14 
3509	2  11  15 
3509	2   6   5 
3511	2  11  10 
3513	2  15  10 
3515	2   6   5 
3515	2  11  15 
3517	2  10  11 
3519	2  10   9 
3521	2  14  10 
3523	2  14   9 
3525	2  10   9 
3527	2  14  10 
3529	2   9  14 
3531	2   9   6 
3533	2   5   9 
3535	6  15  13 
3535	2   5   6 
3537	6   4   0 
3541	2   9   6 
3543	2   5   9 
3545	2   6   5 
3547	6   8   4 
3547	2   6   1 
3549	2   2   6 
3551	2   2   1 
3553	2   6   1 
3555	2   2   6 
3553	6  13   8 
3557	2   6   5 
3559	2   9   6 
3561	2   5   9 
3563	2   5   6 
3565	2   9   6 
3567	2   5   9 
3569	2   9  14 
3571	2  10   9 
3573	2  14  10 
3575	2  14   9 
3577	2  10   9 
3579	2  14  10 
3581	2   9  14 
3583	2   9  14 
3585	2  10  11 
3569	2   1   2 
3571	2   1   2 
3587	2  15  10 
3589	2   6   5 
3591	2   6   5 
3589	2  11  15 
3593	2  11  10 
3595	2  15  10 
3597	2  11  15 
3599	2  10  11 
3601	2  10   9 
3603	2  14  10 
3605	2  14   9 
3607	2  10   9 
3609	2  14  10 
3611	2   9  14 
3613	2   9   6 
3615	2   5   9 
3617	2   5   6 
3619	2   9   6 
3621	2   5   9 
3623	2   6   5 
3625	2   6   1 
3627	2   2   6 
3629	2   2   1 
3631	2   6   1 
3633	2   2   6 
3635	2   6   5 
3637	2   9   6 
3639	2   5   9 
3641	2   5   6 
3643	2   9   6 
3645	2   5   9 
3647	2   1   2 
3647	2   9  14 
3649	2  10   9 
3651	2  14  10 
3649	2   1   2 
3653	2  14   9 
3655	2  10   9 
3657	2  14  10 
3659	2   9  14 
3661	2   9  14 
3663	2  10  11 
3665	2  15  10 
3667	2   6   5 
3669	2   6   5 
3667	2  11  15 
3671	2  11  10 
3673	2  15  10 
3675	2  11  15 
3677	2  10  11 
3679	2  10   9 
3681	2  14  10 
3683	2  14   9 
3685	2  10   9 
3687	2  14  10 
3689	2   9  14 
3691	2   9   6 
3693	2   5   9 
3695	2   5   6 
3697	2   9   6 
3699	2   5   9 
3701	2   6   5 
3703	2   6   1 
3705	2   2   6 
3707	2   2   1 
3709	2   6   1 
3711	2   2   6 
3713	2   6   5 
3715	2   9   6 
3717	2   1   2 
3719	2   1   2 
3721	2   5   9 
3723	2   5   6 
3725	2   9   6 
3727	2   5   9 
3729	2   6   5 
3731	2   9  14 
3733	2  10   9 
3735	2  14  10 
3737	2  14   9 
3739	2  10   9 
3741	2  14  10 
3743	6  10   6 
3749	2   9  14 
3751	2  14  10 
3753	2  13  14 
3753	2   6   5 
3755	2  10  13 
3757	2  10  14 
3759	2  13  14 
3761	6   9   5 
3759	6  11   7 
3767	2  10  13 
3769	2  14  10 
3771	2  14   6 
3773	2   9  14 
3775	2   9   6 
3777	2  14   6 
3779	2   9  14 
3781	2   6   9 
3783	2   6   1 
3785	2   2   6 
3787	2   2   1 
3789	2   6   1 
3791	2   2   6 
3793	2   6   9 
3795	2  14   6 
3797	2   1   2 
3797	2   9  14 
3799	2   9   6 
3801	2  14   6 
3803	2   1   2 
3803	2   9  14 
3805	2  14  10 
3807	2   6   9 
3809	2  13  14 
3811	2  10  13 
3813	2  10  14 
3815	2   6   9 
3817	2  13  14 
3819	2  10  13 
3821	2  14  10 
3823	2   5  10 
3825	2  13   5 
3827	2  14   6 
3829	2   9  14 
3831	2  10  13 
3833	2  10   5 
3835	2  13   5 
3837	2   9   6 
3839	2  14   6 
3841	2  10  13 
3843	6   7   5 
3849	2   9  14 
3851	2   6   9 
3853	2   7  10 
3853	6  13  12 
3855	2   6   1 
3857	2   2   6 
3859	6  10   5 
3865	6   8   4 
3865	2   2   1 
3867	2   6   1 
3869	2   2   6 
3871	2   6   9 
3873	2  14   6 
3875	2   9  14 
3877	2   9   6 
3879	2  14   6 
3881	2   9  14 
3883	2   6   9 
3885	2  10   6 
3887	2   7  10 
3889	2   8   9 
3887	2   1   2 
3891	2  13  14 
3889	2   6   7 
3891	2   1   2 
3893	6   4   1 
3893	2   6  10 
3895	2   7  10 
3897	2   6   7 
3899	2  10   6 
3901	6   2   1 
3901	2  10  13 
3903	2  14  10 
3905	2  14  13 
3907	2  10  13 
3909	2  14  10 
3907	6   5   1 
3911	2  13  14 
3913	2  13   8 
3915	2   9  13 
3913	6   3   1 
3917	2   9   8 
3919	2  13   8 
3921	2   9  13 
3923	2   8   9 
3925	6  12   9 
3931	2   8   4 
3933	2   5   8 
3935	2   5   4 
3937	2   8   4 
3939	2   5   8 
3941	2   4   5 
3943	2   4   5 
3945	2   8  12 
3947	2  13   8 
3949	2  12  13 
3951	2  12   8 
3953	2  13   8 
3955	6  11   9 
3961	2  12  13 
3963	2  13  14 
3965	2  10  13 
3967	2   8  12 
3967	2  14  10 
3969	2  14  13 
3971	2  10  13 
3973	2   8  12 
3973	2  14  10 
3975	2  10   6 
3977	2   7  10 
3979	2  13  14 
3979	2   6   7 
3981	2   6  10 
3983	2   7  10 
3985	2  13  14 
3985	2   6   7 
3987	2  10   6 
3989	2   7   3 
3991	2  10   6 
3993	2  11   7 
3995	2   3  11 
3997	2   3   7 
3999	2  11   7 
4001	2   3  11 
4003	2   7   3 
4005	2   7  10 
4007	2   6   7 
4009	2   6  10 
4011	2   7  10 
4013	2   6   7 
4015	2  10   6 
4017	2  10  13 
4019	2  14  10 
4021	2  14  13 
4023	2  10  13 
4025	2  14  10 
4027	2  13  14 
4029	2  13   8 
4031	2  12  13 
4033	2  12   8 
4035	2  13   8 
4037	2  12  13 
4039	2   8  12 
4041	2   8   4 
4043	2   5   8 
4045	2   5   4 
4047	2   8   4 
4049	2   5   8 
4051	2   8  12 
4053	2  13   8 
4055	2  12  13 
4055	2   4   5 
4057	2  12   8 
4059	2  13   8 
4061	2  12  13 
4063	2  13  14 
4065	2  10  13 
4067	2   8  12 
4067	2  14  10 
4069	2  14  13 
4071	2  10  13 
4073	2  14  10 
4075	2  10   6 
4077	2   7  10 
4079	2  13  14 
4079	2   6   7 
4081	2   6  10 
4083	2   7  10 
4085	2   6   7 
4087	2  10   6 
