   1	6  22  19 
   7	2  22  29 
   7	6  33  19 
  13	2  34  29 
  13	6  31  21 
  13	6  18  13 
  19	2  33  29 
  19	6  15  13 
  25	2  21  29 
  27	2  11  29 
  29	2  15  29 
  31	6  28  14 
  25	6  25  18 
  31	6  32  25 
  37	2  28  29 
  37	6  33  32 
  37	6  16   8 
  37	6  25  24 
  39	6  29  28 
  43	6  15  12 
  49	2  33  28 
  49	6  20  13 
  51	2  16  28 
  43	6  31  30 
  51	6  32  31 
  53	6  16   4 
  55	6  19  18 
  61	2  25  28 
  63	2  27  28 
  65	2  15  28 
  67	2  26  28 
  69	2  20  28 
  71	2  32  28 
  71	6  20  19 
  67	6  10   3 
  73	6   9   2 
  79	2  14  28 
  81	2  16  28 
  83	2  35  28 
  83	6  16   9 
  85	2  20  28 
  87	6  20   7 
  89	6  28  16 
  93	6   3   1 
  99	2  10  16 
  99	6   8   0 
 101	2  28  16 
 103	2  17  16 
 105	2  20  16 
 107	2   3  16 
 109	2   8  16 
