   1	2  28   7 
   3	6  28   7 
   1	6  32  27 
   7	6  32  31 
   9	2  35  28 
   7	6  19  17 
  11	6  28  22 
   1	6   4   3 
   7	6   3   2 
  13	6   8   2 
  17	2  31  22 
   1	6  46  45 
   7	6  45  44 
  13	6  44  43 
  19	2  17  22 
  19	6  38  33 
  21	2  29  22 
  23	2   8  22 
  25	2  43  22 
  25	6  40  25 
  25	6   7   0 
  31	2  38  22 
  33	2  25  22 
  35	2  15  22 
  35	6  33  24 
  41	2   7  22 
  41	6  34  25 
  33	6  45  38 
  35	6  12  11 
  41	6  11  10 
  41	6  13   5 
  47	2  24  22 
  47	6   5   2 
  53	2  25  22 
  53	6   9   2 
  55	2  38  22 
  57	6  32  23 
  63	2  10  22 
  65	2  21  22 
  65	6  24  18 
  67	2   9  22 
  71	2  23  22 
  71	6  19  10 
  63	6  41  39 
  69	6  39  37 
  75	6  46  30 
  81	2  24  22 
  81	6  40  39 
  83	2  10  22 
  85	2  14  22 
  87	2  37  22 
  89	2  30  22 
  89	6  39  38 
  91	6  24  22 
  95	6  47  33 
  97	2  38  24 
  77	6  20  19 
 101	2  33  24 
 103	2  19  24 
 103	6  41  33 
  99	6  44  38 
  85	6  10   4 
 105	6  18  13 
 109	6  48  39 
  85	6   8   1 
 115	2  33  24 
 115	6  47  46 
 121	2  38  24 
 123	2  16  24 
 123	6  46  38 
 117	6  11   2 
 129	2  36  24 
 131	2  10  24 
 133	2  18  24 
 135	2  39  24 
 137	2  32  24 
 139	2   8  24 
 141	2  38  24 
 143	2   3  24 
 145	2  11  24 
