   1	6  25   9 
   1	6  12   5 
   7	2  25  32 
   7	6  19  12 
   9	2  24  32 
   7	6  10   3 
  13	2  26  32 
  13	6  17  10 
  15	2  19  32 
  17	2  30  32 
  17	6  12   4 
  19	2  17  32 
  21	6  32  26 
   7	6  15  14 
  21	6  17  15 
  27	2  12  26 
  29	2   5  26 
  31	2  13  26 
  27	6  16   9 
  33	2  41  26 
  33	6  24  16 
   1	6  45  43 
   7	6  46  45 
  27	6  46  39 
  19	6  44  37 
  25	6  37  30 
  39	2  38  26 
  41	2  17  26 
  41	6  31  30 
  43	2  11  26 
  45	6  18   9 
  41	6  46  44 
  47	6  46  34 
  47	6  43  30 
  53	2  23  26 
  55	2  10  26 
  57	2  24  26 
  59	2  39  26 
  59	6  30  24 
  61	6  44  39 
  57	6   4   1 
  63	6  19   4 
  63	6   9   8 
  69	2  31  26 
  69	6  11   9 
  67	6  36  22 
  73	6  31  22 
  75	2  18  26 
  73	6  44  42 
  79	2  47  26 
  79	6  44  30 
  81	2  34  26 
  85	2  24  26 
  87	2  39  26 
  87	6  30  24 
  89	2  19  26 
  91	2  11  26 
  69	6   7   0 
  75	6   8   7 
  81	6   9   8 
  87	6  16   9 
  93	2  20  26 
  93	6  16  11 
  95	6  26  25 
  99	6  23  14 
  93	6  38  36 
 105	2  31  25 
 105	6  21  16 
  99	6  45  43 
 105	6  45  40 
  93	6   2   1 
  99	6   3   2 
 105	6   4   3 
 111	2  24  25 
 111	6  37  28 
 113	2  11  25 
 117	2  23  25 
 117	6  36  35 
 119	2  33  25 
 121	2  38  25 
 123	2  16  25 
 123	6  36  30 
 125	2  40  25 
 129	2   4  25 
 131	2  37  25 
 133	2  30  25 
