   1	6  20   9 
   7	2  20  26 
   7	6  15  10 
   9	2  32  26 
   7	6  12   2 
  13	2  16  26 
  15	2  15  26 
  15	6  11   5 
  17	2  30  26 
  19	2  33  26 
  21	2  13  26 
  21	6  16  11 
  23	2  12  26 
  25	2  27  26 
  27	2  31  26 
  27	6  14   9 
  29	2  28  26 
  33	2  16  26 
  35	2  24  26 
  35	6  15   4 
  25	6   7   1 
  33	6  13   7 
  35	6  35  28 
  41	2  14  26 
  43	2  15  26 
  45	2  34  26 
  45	6  14   9 
  39	6   6   1 
  45	6  12   6 
  35	6  23  17 
  47	6  27  23 
  53	2  13  26 
  55	2  29  26 
  57	2  22  26 
  59	2  25  26 
  61	2   8  26 
  63	2  21  26 
  65	2  28  26 
  67	2  14  26 
  69	2  18  26 
  71	2  12  26 
  73	2  27  26 
