   1	6  23   7 
   7	2  28  23 
   9	2  35  23 
  11	6  24  23 
   1	6  11   4 
  11	6  46  37 
  17	2  27  24 
  19	2  19  24 
  21	2  29  24 
  23	2  11  24 
  25	2  37  24 
   7	6   1   0 
  13	6   2   1 
  19	6   8   2 
  21	6  34  26 
  27	2  33  24 
  29	2  40  24 
  31	2  15  24 
  33	2   8  24 
  27	6  44  37 
  25	6  13   4 
  35	2  38  24 
  37	2  26  24 
  39	2  37  24 
  41	2  12  24 
  43	6  10   4 
  43	6  23  14 
  31	6  41  40 
  37	6  47  39 
  43	6  20  19 
  43	6  47  34 
  49	6  34  33 
  49	2  21  24 
  51	2  10  24 
  53	2  31  24 
  55	2  18  24 
  57	2  17  24 
  59	2  23  24 
  41	6  44  43 
  47	6  44  37 
  49	6  12   5 
  49	6  48  46 
  55	6  46  38 
  61	2  40  24 
  63	2  45  24 
  65	2  25  24 
  67	2  39  24 
  69	2  19  24 
  71	2  33  24 
  73	2  37  24 
  51	6  21   7 
  57	6   8   0 
  63	6  15  14 
  63	6   2   1 
  69	6  10   2 
  75	2  16  24 
  77	2  36  24 
  79	2   3  24 
  81	2  12  24 
  83	2  38  24 
  85	2  21  24 
  87	2   8  24 
  89	2  15  24 
  91	2  10  24 
  93	2   9  24 
