   1	6  17   8 
   1	6  12   6 
   1	6  41  40 
   7	2  12  17 
   7	6  40  33 
   9	2  25  17 
  11	2   5  17 
  13	2  33  17 
  15	2   3  17 
   1	6  45  37 
  17	2  16  17 
   7	6  37  29 
  15	6  27  26 
  19	2  30  17 
  21	2  31  17 
  23	2  29  17 
   7	6   7   1 
  21	6  40  33 
  27	2  26  17 
  29	2  11  17 
  31	2   1  17 
  33	2   8  17 
  35	2  18  17 
  37	2  15  17 
  39	2  14  17 
  41	2   4  17 
  43	2  10  17 
  45	2   2  17 
  41	6  41  20 
  47	6  32  17 
  53	2  38  32 
  55	2  33  32 
  47	6   8   7 
  53	6  11   8 
  59	2  20  32 
  61	2  41  32 
  59	6   9   0 
  65	2  11  32 
  67	2  46  32 
  69	2  27  32 
  71	2  45  32 
  67	6  17   9 
  73	2  19  32 
  75	2  17  32 
  41	6  42  29 
  47	6  43  36 
  67	6  36  30 
  77	2  29  32 
  79	2  39  32 
  81	2  34  32 
  83	2  30  32 
  73	6   2   0 
  79	6  17   2 
  85	2  17  32 
  87	2  47  32 
  89	2  44  32 
  75	6  12   6 
  81	6  19  12 
  91	2  19  32 
  85	6  29  28 
  91	6  44  35 
  97	2  37  32 
  87	6  10   9 
  93	6  17  10 
  91	6  23  22 
  99	2  29  32 
 101	2  44  32 
 103	2  17  32 
 105	2  24  32 
 107	2  23  32 
