   1	6  26  21 
   1	6  30  18 
   1	6   8   2 
   7	2   9  21 
   9	2  32  21 
  11	2  16  21 
   1	6  11   5 
  13	2  10  21 
  15	2  18  21 
  17	6  25  24 
  17	2  33  21 
  19	2  13  21 
  21	2   8  21 
  23	2  27  21 
  25	2  31  21 
  27	2  28  21 
  15	6  10   4 
  29	2  11  21 
  31	2  25  21 
  33	2  20  21 
  35	2  10  21 
  37	2  34  21 
  23	6   8   1 
  39	2   8  21 
  41	2  29  21 
  43	2  22  21 
  35	6  24  19 
  45	2  19  21 
  41	6   8   2 
  47	2   8  21 
  49	2  26  21 
  51	2  35  21 
  53	2  14  21 
  47	6  30  18 
  55	2  18  21 
  57	2   7  21 
  59	2  17  21 
