   1	6  16   3 
   7	6  21  16 
   1	6  24  19 
   7	6   8   2 
  13	2  14  21 
  15	2  33  21 
   7	6  30  25 
  17	2  18  21 
  19	2  19  21 
  21	2   8  21 
  23	2  25  21 
  13	6  10   4 
  25	2   9  21 
  27	2  16  21 
  19	6  11   5 
  29	2  10  21 
  31	2  28  21 
  33	2  11  21 
  35	2  29  21 
  37	2  15  21 
  39	2  23  21 
  23	6  12   7 
  41	2   3  21 
  29	6  13  12 
  25	6  25  24 
  35	6  18  12 
  43	2   7  21 
  45	2  13  21 
  47	2  20  21 
  49	2  26  21 
  51	2  25  21 
  53	2  34  21 
  55	2  22  21 
  45	6   9   4 
  45	6   2   1 
  51	6   8   2 
  51	6  12   0 
  57	2  18  21 
  59	2   9  21 
  61	2   8  21 
  59	6  19  12 
  65	2  19  21 
  61	6  10   5 
  59	6  32  30 
  67	2  31  21 
  69	2  10  21 
  71	2  32  21 
  73	2  35  21 
  75	2  27  21 
