   1	2   5   1 
   1	6  23  13 
   7	6  13   7 
  13	2   7   1 
   3	6  15  10 
  15	2   3   1 
  17	6  11   1 
  23	2  10  11 
  17	6   8   4 
  25	6  12  11 
  31	2   8  12 
   7	6  23  22 
  33	6  15  11 
  39	2  17  12 
  33	6   8   4 
  41	2  14  12 
  43	2  22  12 
  45	2  11  12 
  47	2   8  12 
  23	6   1   0 
  29	6   2   1 
  49	2   2  12 
  51	2   6  12 
  53	2  18  12 
  49	6  14   9 
  55	2  14  12 
  57	6  12  11 
  63	2  15  11 
  57	6  24  18 
  63	6  18  17 
  53	6   5   0 
  69	2  13  11 
  71	2   1  11 
  73	2  16  11 
  69	6  23  22 
  75	2  17  11 
  77	2   5  11 
  77	6  22  17 
  83	2  17  11 
  71	6  19  14 
  77	6  14  13 
  75	6  20  15 
  85	2  13  11 
  87	2  21  11 
  89	2  15  11 
