   1	6  32  24 
   1	6  19   5 
   7	2   9  24 
   9	6  17   4 
  15	2  32  24 
   7	6  27  13 
  17	2  26  24 
  19	2  19  24 
  21	2  30  24 
  13	6  46  41 
  23	2   3  24 
  25	2  17  24 
  27	2  12  24 
  29	2  27  24 
  19	6  46  39 
  31	2  39  24 
  25	6  14   8 
  33	6  17   4 
   1	6  43  28 
  23	6  29  28 
  29	6  44  36 
  33	6  47  39 
  39	2  38  24 
  41	2   8  24 
  43	2  11  24 
  45	2  23  24 
  47	2  17  24 
  49	2  25  24 
  51	2  29  24 
  43	6  46  38 
  53	2  36  24 
  43	6   2   1 
  49	6   9   2 
  43	6  15  14 
  55	2  16  24 
  57	2  39  24 
  59	2  37  24 
  61	2  45  24 
  63	2  38  24 
  65	2   9  24 
  67	2  15  24 
  45	6  20  12 
  69	2  12  24 
  65	6  44  37 
  55	6  42  28 
  61	6  29  28 
  71	2  37  24 
  73	2  29  24 
  67	6   1   0 
  73	6   9   1 
  69	6  15  14 
  79	2   9  24 
  81	2  15  24 
  83	2  33  24 
  85	2  22  24 
  81	6   5   3 
  75	6  43  36 
  81	6  37  35 
  87	2  21  24 
  89	2  31  24 
  91	2   3  24 
  93	2  36  24 
  95	2  37  24 
