   1	6  18   0 
   1	6  33  21 
   7	2  18  30 
   7	6  29  15 
   9	2  18  30 
  11	2  18  32 
  13	2  18  32 
  13	6  15  14 
  15	2  30  32 
  17	2  30  32 
  15	6  19  18 
  19	6  32  30 
  21	2  19  21 
  23	2  19  21 
  25	2  32  21 
  25	6  13   7 
  27	2  32  21 
  29	6  31  21 
  31	6  18  13 
  35	2  30  31 
  35	6  27  15 
  37	2  30  31 
  39	6  30  12 
  41	6  21  16 
  31	6   2   1 
  41	6  34  33 
  45	6  25  13 
  47	6  17   9 
  51	2  19  20 
  51	6   7   0 
  53	2  19  20 
  55	2  32  20 
  57	2  19  18 
  57	6  15   1 
  59	2  19  18 
  63	2  32  20 
  63	6   6   2 
  65	2  19  14 
  67	2  19  14 
  63	6  16  11 
  69	2  12  20 
  71	2  32  18 
  71	6  16   8 
  73	2  32  18 
  77	2  12  20 
  77	6   4   2 
  79	2  31  20 
  79	2  12  18 
  81	2  19  27 
  83	2  32  14 
  85	2  31  20 
  85	2  12  18 
  87	2  32  14 
  89	2  19  27 
  91	2  31  18 
  93	2  12  14 
  93	2  32  27 
  89	6   2   1 
  77	6  29  23 
  89	6  23  16 
  95	2  19  24 
  95	2  32  27 
  97	2  31  18 
  97	6  27  15 
  99	2  19  24 
 103	2  12  14 
 103	6  31  27 
 105	6  18  13 
 109	6  22  16 
 111	2  20  13 
 111	2  32  24 
 113	2  19  26 
  95	6   4   3 
 101	6   3   2 
 115	2  27  14 
 117	2  12  15 
 119	2  20  13 
 119	2  32  24 
 121	2  27  14 
 123	2  12  15 
 125	2  19  26 
 127	2  20  14 
 127	2  12  24 
 129	2  27  15 
 129	2  19  25 
 131	2  32  26 
 131	2  12  24 
 133	2  20  14 
 133	6  18  12 
 135	2  27  15 
 137	2  32  26 
 139	2  19  25 
 141	2  13  14 
 141	2  27  24 
 143	2  20  15 
 143	6  12   2 
 145	2  32  25 
 147	2  20  15 
 143	6  29  28 
 149	2  18  26 
 151	2  19  21 
 153	2  13  14 
 153	2  27  24 
 155	2  18  26 
 157	2  32  25 
 157	2  13  15 
 159	2  19  21 
 161	2  20  24 
 163	2  27  26 
 163	2  13  15 
 165	2  18  25 
 165	2  14  15 
 167	2  32  21 
 167	6  24  12 
 169	2  27  26 
 169	2  14  15 
 171	2  32  21 
 173	2  19  31 
 175	2  20  12 
 177	2  18  25 
 179	2  19  31 
 181	2  13  12 
 181	2  20  26 
 183	2  27  25 
 183	2  13  12 
 185	2  18  21 
 185	2  32  31 
 187	2  19  30 
 189	2  20  26 
 191	2  27  25 
 191	2  14  12 
 193	2  18  21 
 193	2  32  31 
 195	2  19  30 
 195	2  27  21 
 197	2  13  26 
 199	2  20  25 
 201	2  18  31 
 201	2  27  21 
 203	2  32  30 
 203	2  14  12 
 205	2  19  33 
 207	2  13  26 
 209	2  20  25 
 211	2  18  31 
 211	2  20  21 
 213	2  32  30 
 213	2  15  12 
 215	2  19  33 
 217	2  14  26 
 217	2  18  30 
 219	2  13  25 
 221	2  27  31 
 223	2  32  33 
 223	2  19   9 
 225	2  15  12 
 225	2  32  33 
 227	2  14  26 
 227	2  18  30 
 229	2  13  25 
 229	6  33  27 
 231	2  19   9 
 233	2  14  25 
 235	2  20  21 
 235	2  33  31 
 235	6  16   9 
 237	2  20  31 
 239	2  33  30 
 241	2  15  26 
 243	2  13  21 
 243	6  34  32 
 245	2  19   7 
 247	2  13  21 
 249	2  34  16 
 249	2  19   7 
 251	2  15  26 
 251	6  18  13 
 253	2  34  16 
 255	6  34  32 
 257	2  19   6 
 259	2  19   6 
 255	6  21  15 
 261	2  13  27 
 263	2  14  25 
 265	2  20  31 
 265	6   8   7 
 267	2  33  30 
 269	2  21  25 
 271	2  13  27 
 273	2  12  26 
 275	2  14  15 
 275	2  18  31 
 275	2  33  27 
 277	2  20  30 
 277	6  33  28 
 279	2  14  15 
 279	2  18  31 
 281	2  20  30 
 281	6   6   2 
 283	2  21  25 
 285	2  28  27 
 287	2  13  16 
 289	2  12  26 
 289	6  34  29 
 291	2  12  25 
 291	2  21  15 
 293	2  18  30 
 293	2  21  15 
 295	2  13  16 
 295	6  34  32 
 297	2  19   7 
 299	2  19   7 
 297	6   9   3 
 301	2  20  27 
 301	2  18  30 
 303	2  28  16 
 303	2  12  25 
 305	2  20  27 
 305	6  31  18 
 307	2  28  16 
 307	6  20  14 
 309	6  34  23 
 313	2  20  18 
 311	6  32  31 
 315	2  20  18 
 313	6   9   8 
 317	2  26  25 
 315	6  23   5 
 319	2  19   1 
 321	2   5   9 
 321	2  32  27 
 323	2   5   9 
 323	2  26  25 
 325	2  13   9 
 325	2  32  27 
 327	2   5   2 
 327	6  32  21 
 329	2   5   2 
 331	6   7   3 
 333	6  21  16 
 337	2  32  18 
 337	2   5   3 
 339	2  13   9 
 341	2  12  15 
 341	6   5   4 
 343	2  20  30 
 345	2  14  21 
 345	2  32  18 
 347	2  13   2 
 347	6  28  16 
 349	2  13   2 
 351	2   4   3 
 351	6  13   8 
 353	6  16  10 
 357	2  20  30 
 359	2  10   9 
 359	2  14  21 
 359	2  32  30 
 361	2  12  15 
 361	2  32  30 
 363	2  10   9 
 363	2  19   1 
 365	2  26  15 
 365	2  12  18 
 367	2  20  27 
 367	2  10   2 
 367	2  12  18 
 369	2  28  21 
 369	2   8   3 
 369	6  24  12 
 371	2  14   9 
 373	2  20  27 
 373	2  10   2 
 375	2   4   1 
 375	2  28  21 
 375	2  24  30 
 377	2  19  22 
 379	2  26  15 
 379	2  24  30 
 381	2  14   9 
 381	2  26  18 
 379	6  28  23 
 383	2   8   3 
 383	2  20  21 
 383	6  31  24 
 385	2   4   1 
 385	2  20  21 
 387	2  23   9 
 389	2  19  22 
 391	2  25  15 
 391	6  34  28 
 393	2  14   2 
 395	2  10   3 
 395	2  19  12 
 393	6  23  17 
 397	2  32  27 
 397	2   8   1 
 397	2  19  12 
 397	6  10   4 
 399	2  26  18 
 399	2   8   1 
 401	2  32  27 
 401	2  14   2 
 403	2  10  22 
 403	2  26  30 
 403	6  12   7 
 405	2  25  15 
 407	2  17   9 
 407	2  31  27 
 409	2   4   3 
 409	2  25  18 
 409	6  33  21 
 411	2   4   1 
 411	2  25  18 
 413	2   4   1 
 415	2  10  22 
 415	2  32  33 
 415	6  18  13 
 417	2  26  30 
 419	2  31  27 
 417	6   3   2 
 421	2  19  21 
 421	2  32  33 
 417	6  17   5 
 423	2  20   9 
 423	2  31  33 
 425	2   5   3 
 425	2  19  21 
 425	6  32  30 
 427	2  14   2 
 429	2   8  22 
 431	2  10   7 
 431	2  25  32 
 433	2  20   9 
 433	2  31  33 
 435	2   5   3 
 435	2  26  27 
 435	6  30  12 
 437	2  26  27 
 437	6  16   3 
 441	2  19   6 
 443	2  14   2 
 443	2  25  32 
 443	6  12   6 
 445	2  20  16 
 447	2   5   2 
 447	2  25  27 
 449	2   8  22 
 449	2  19  12 
 449	6  32  26 
 451	2  10   7 
 453	2  15  13 
 455	2   6   9 
 455	2  32  33 
 457	2  14   1 
 457	2  25  27 
 459	2   4  22 
 459	2   8   7 
 459	2  19  24 
 459	2  32  33 
 461	2  10  21 
 461	2   8   7 
 461	2  19  24 
 461	6  32  31 
 463	2  15  13 
 465	2   6   9 
 467	2  20  16 
 467	6   3   1 
 469	2  25  33 
 471	2  19  18 
 469	6  22  16 
 473	2   5   2 
 473	2  25  33 
 473	6  12   6 
 475	2  14   3 
 477	2   4  16 
 475	6  32  25 
 479	2  10  21 
 479	6   7   2 
 481	2  15  26 
 483	2  15  26 
 485	2  20   7 
 485	2   5   3 
 485	6  33  28 
 487	2  14  16 
 487	2   5   3 
 489	2   4   2 
 489	2  19  18 
 489	6  21  15 
 491	2   4   2 
 491	6  25  13 
 495	2  21  27 
 493	6  10   3 
 497	2  20   7 
 497	6  33  31 
 499	2  13   9 
 501	2   8  15 
 501	6  18  12 
 503	2  14  16 
 503	2  25  26 
 505	2   8  15 
 505	2  25  26 
 503	6  34  33 
 507	2  13   9 
 505	6  17  11 
 509	2  14   2 
 509	6  34  29 
 511	2  20  10 
 513	2   5  16 
 513	2  19  31 
 511	6   6   1 
 515	2   4  15 
 515	2  19  31 
 515	6  29  23 
 517	2   3   1 
 517	2  21  27 
 517	2  19  30 
 519	2   3   1 
 519	2  25  27 
 521	2  23   9 
 521	2  19  30 
 523	2   8   1 
 523	2   5  16 
 523	2  25  27 
 525	2  23   9 
 525	2  26  27 
 525	6  24  12 
 527	2   4  15 
 527	2  26  27 
 529	2   8   1 
 529	2  21  28 
 527	6  23  17 
 531	2  14   2 
 531	6  12   6 
 533	2  20  10 
 535	2  20  16 
 535	6   8   3 
 537	2  21  28 
 539	2  20  16 
 537	6  24  12 
 541	2   5   2 
 541	6  32  21 
 543	2   8   6 
 545	2   8   6 
 543	6  10   5 
 547	2  14  15 
 547	2  25  28 
 547	6   7   6 
 549	2  21   9 
 551	2  21   9 
 549	6  31  18 
 553	2   4   1 
 553	2  14  15 
 553	6  27  22 
 555	2   3   7 
 557	2   8  12 
 555	6  30  24 
 559	2  10   2 
 559	6  12   6 
 561	2  31  27 
 561	2  10  15 
 563	2  31  27 
 563	2  10  15 
 565	2  13  27 
 565	6  23  16 
 567	2  13  27 
 569	2   3   7 
 565	6  31  24 
 565	6  11   5 
 571	2  24  12 
 571	2  17  27 
 571	6   3   1 
 573	2  24  12 
 573	2  17  27 
 575	2  13  12 
 575	2  21  27 
 575	6  23  11 
 577	2  13  12 
 577	2  21  27 
 579	2   8   6 
 575	6  31  24 
 581	2   4   3 
 581	2   1   6 
 581	2  25  28 
 581	6  14   8 
 583	2   1   6 
 583	2  26  28 
 585	2  26  28 
 583	6  10   4 
 587	2  14  18 
 587	2  22  28 
 585	6   6   1 
 589	2  14  18 
 589	2  22  28 
 587	6  31  26 
 591	2   8   3 
 591	2   6  18 
 591	6  28  23 
 593	2   8   3 
 593	2   6  18 
 595	2   4   3 
 595	2  14  24 
 597	2  26  28 
 597	2  10   7 
 599	2  26  28 
 599	2  10   7 
 601	2  20   2 
 601	6  23  11 
 603	2  20   2 
 605	2  20  15 
 605	2   8   7 
 605	6  33  27 
 607	2  20  15 
 607	2   4   3 
 607	2   8   7 
 609	2  14  24 
 607	6  23  22 
 611	2   6  24 
 609	6  10   3 
 613	2  26  22 
 613	6  18   6 
 615	2  26  22 
 615	6   4   2 
 619	2  19  27 
 617	6  16  15 
 621	2   3   1 
 621	2  19  27 
 617	6  31  30 
 617	6  35  29 
 623	2   3   1 
 623	2  14  27 
 623	2  18  24 
 623	6  17  16 
 625	2   2   7 
 627	2   8   1 
 625	6  32  18 
 629	2   2   7 
 625	6  28  21 
 629	6  17   4 
 631	2   8   1 
 633	2  14  27 
 633	2   2   1 
 631	6  31  25 
 635	2  13  21 
 635	2   2   1 
 635	6  29  17 
 637	2  13  21 
 639	2  32  27 
 637	6   3   2 
 641	2  26  29 
 639	6  12   7 
 643	2  26  29 
 643	6  11   4 
 645	2   2   6 
 645	2  32  27 
 647	2  19  15 
 647	6   7   2 
 649	2  20  10 
 651	2  20  10 
 647	6  28  23 
 653	2  16   2 
 653	6  20  13 
 655	2  16   2 
 653	6  34  29 
 653	6  24  18 
 657	6  10   2 
 659	2  13  12 
 661	2  13  12 
 659	6  27  20 
 663	2  23  10 
 663	2   7   6 
 665	2  16  21 
 665	2   8   6 
 667	2  27  22 
 667	2   7  18 
 667	6  11  10 
 669	2  27  22 
 669	2   8   6 
 671	2  27  34 
 671	2   7  18 
 673	2  23  11 
 673	2  27  34 
 673	2  19  15 
 673	6   6   1 
 675	2  16  21 
 675	2  19  25 
 677	2  23  21 
 677	2  19  25 
 679	2  16  22 
 679	2  13   6 
 675	6  33  32 
 679	6   3   2 
 681	2  23  21 
 681	2  13   6 
 683	2  16  22 
 683	6  24   6 
 685	2  23  22 
 685	2  14  15 
 687	2  16  34 
 689	2   6   9 
 689	2  23  22 
 689	6  32  24 
 691	2   6   9 
 693	2  14  15 
 693	2   2   1 
 693	6  22  17 
 695	2   6  24 
 697	2   6  24 
 693	6   5   4 
 699	2  16  34 
 699	2   2   1 
 699	6  13   6 
 701	2  23  34 
 703	2  23  34 
 699	6  31  24 
 701	6   4   3 
 705	2   7  20 
 705	6  16  11 
 707	2   8  18 
 709	2  14  25 
 709	2   6   1 
 711	2  13  16 
 713	2  13  16 
 711	6  27  26 
 715	2   8  18 
 715	6  17  16 
 717	2   7  20 
 719	2  14  25 
 719	2   6   1 
 717	6  34  28 
 721	2   8  20 
 721	6  24  12 
 723	2  33  15 
 725	2  33  15 
 723	6   2   1 
 727	2  13  21 
 729	2  13  21 
 729	6   3   2 
 731	2  13  16 
 733	2  19  22 
 735	2  13  16 
 737	2  19  22 
 739	2   7  15 
 739	2  33  25 
 741	2  14  22 
 741	6  18   6 
 743	2  14  22 
 745	6  28  10 
 747	2   1   6 
 749	2   1   6 
 745	6  20  14 
 751	2  27  28 
 751	2   8  14 
 751	2  18   6 
 751	6  16   4 
 753	2  27  28 
 753	2  18   6 
 755	2  33  25 
 755	6  14   7 
 757	2  26  28 
 759	2  27  16 
 759	6  19  18 
 761	2  27  16 
 761	2   1   7 
 763	2  14  15 
 763	2   1   7 
 763	6  29  11 
 765	2  14  25 
 767	2  14  25 
 765	6   2   1 
 769	2  26  28 
 765	6  12   6 
 769	6  14   9 
 771	2  29  28 
 773	2  29  28 
 771	6  18   6 
 775	2  23  28 
 775	2   8  15 
 771	6  31  30 
 777	2  18  14 
 777	2   6   1 
 777	2  23  28 
 777	6  10   3 
 779	2  18  14 
 779	2   6   1 
 781	2  18  30 
 781	2  33  22 
 781	6  20  14 
 783	2  18  30 
 783	2  33  22 
 781	6   6   1 
 783	6   5   4 
 787	2  31  20 
 785	6  22  17 
 789	2  31  20 
 785	6  34  33 
 787	6  12   6 
 791	2  33  20 
 791	2  31  30 
 789	6   9   4 
 793	2  33  20 
 793	2  31  30 
 795	2   9  20 
 795	6  31  24 
 797	2   9  20 
 799	2  13   3 
 795	6  28  22 
 801	2  33  30 
 801	2  13   3 
 803	2  26  16 
 805	2  27  31 
 805	2  14  12 
 805	2   4  17 
 807	2  33  30 
 807	2   8  15 
 807	2   4  17 
 809	2  26  16 
 809	6  13   8 
 811	2  27  31 
 813	2  29  16 
 813	2  26  31 
 815	2  27  32 
 815	2  29  16 
 815	2  19   7 
 817	2  26  31 
 817	2   8  22 
 819	2  27  32 
 819	2  23  16 
 819	2  14  12 
 819	6  30  24 
 821	2  26  32 
 821	2   8  22 
 823	2  23  16 
 823	2  26  32 
 823	6  14   2 
 825	6  34  31 
 829	2   8  16 
 825	6  18  12 
 831	2  29  34 
 831	2  14  15 
 831	2  31  18 
 831	6   4   1 
 833	2  29  34 
 833	2  14  15 
 833	2  31  18 
 835	2  23  34 
 835	6  24  20 
 837	2  23  34 
 837	6   6   1 
 841	2   9  20 
 839	6  34  29 
 843	2   9  20 
 845	2  24  20 
 845	6  29  22 
 847	2  24  20 
 849	2  13  25 
 845	6  10   9 
 845	6   2   1 
 851	2  27   9 
 851	2   6  18 
 853	2  27   9 
 853	2   6  18 
 855	2  34  32 
 855	2   8  16 
 855	6  24  12 
 857	2  34  32 
 857	6  16   2 
 859	6  27  20 
 861	6  31  24 
 865	2  20  16 
 865	6  33  28 
 867	2  20  16 
 869	2  19   7 
 863	6   5   3 
 869	6  17  10 
 871	2  31  33 
 871	2  20   7 
 873	2  31  33 
 873	2  20   7 
 875	2  30  33 
 875	6  10   7 
 877	2  30  33 
 879	2  28  33 
 879	6  30  24 
 881	2  28  33 
 883	2   8  22 
 885	2  31  21 
 885	6   3   1 
 887	2  31  21 
 889	6  33  23 
 889	6  14  12 
 895	2  17  23 
 895	2  13  25 
 897	2  17  23 
 897	2  33  32 
 897	2  19  15 
 897	6   6   1 
 899	2  33  32 
 899	2  19  15 
 901	2  20  15 
 901	6  31  24 
 903	2  13   7 
 903	2  20  15 
 905	2   8  22 
 891	6   5   4 
 907	2  31  21 
 907	2  13   7 
 907	6   4   3 
 909	2  24   6 
 911	2  31  21 
 911	2  13  18 
 913	2  24   6 
 913	2  28  21 
 913	6   3   2 
 915	2  28  21 
 915	2  12  25 
 917	2  17  21 
 917	2  13  18 
 919	2  17  21 
 919	6  24   6 
 921	6  29  15 
 925	2  31  24 
 927	2   6   2 
 927	2  31  24 
 927	6  15  14 
 929	2   6   2 
 931	2  12  25 
 927	6  33  28 
 931	6   3   1 
 933	2  19  25 
 935	2  19  25 
 933	6  22  15 
 937	2  12   7 
 933	6  33  32 
 939	2  22  23 
 939	2  32  24 
 939	2   6  14 
 941	2  22  23 
 941	2  32  24 
 941	2   6  14 
 943	2  27  23 
 943	2   6   1 
 943	6  14   9 
 945	2  22  21 
 945	2   6   1 
 947	2  27  23 
 943	6  31  24 
 949	2  26  14 
 949	6  35  17 
 951	2  26  14 
 953	2  12   7 
 953	2  20  25 
 955	2  26  16 
 955	2  12  18 
 957	2  22  21 
 957	2  19   7 
 955	6  35  34 
 959	2  26  16 
 959	2  12  18 
 961	2  34  31 
 961	6  12   2 
 963	2  34  31 
 965	2  27  21 
 961	6  16  10 
 965	6  32  31 
 967	2  27  21 
 967	2  19   7 
 969	2  23  21 
 969	2  19  18 
 965	6  35  34 
 969	6   6   2 
 971	2  22  32 
 971	2  19  18 
 973	2  26  16 
 975	2  24  12 
 975	2   2  15 
 975	6  34  32 
 977	2  24  12 
 977	2   2  15 
 979	2  23  21 
 979	6  24  12 
 981	2  22  34 
 983	2  27  34 
 979	6   9   8 
 985	2  31  24 
 985	2  12   8 
 985	2  27  34 
 987	2  32  14 
 989	2  31  24 
 989	2  12   8 
 989	2  23  34 
 991	2  32  14 
 993	2  12   1 
 993	2  26  16 
 995	2  28  14 
 995	6  31  24 
 997	2  12   1 
 997	2  23  34 
 999	2  28  14 
1001	2  12  15 
1001	6  33  31 
1003	2  12  15 
1005	6  12   8 
1007	2  35  33 
1007	2  20  25 
1009	2  35  33 
1005	6  16  10 
1011	2  24  12 
1011	2  22  33 
1011	6  14   9 
1013	2  24  12 
1013	2  22  33 
1015	2  27  33 
1011	6   1   0 
1015	6  24  12 
1017	2  27  33 
1019	2  21  34 
1021	2  12   0 
1021	2  26  29 
1023	2  12   0 
1023	2  26  29 
1025	2  12  15 
1025	2  26  25 
1027	2  20   7 
1027	6  31  24 
1029	2  20   7 
1031	2  21  34 
1031	6   6   2 
1033	2  26  25 
1035	2  23  33 
1035	6  24  19 
1037	2  23  33 
1039	2  21  33 
1041	2  14  19 
1041	6  32  22 
1043	2  14  19 
1045	2  14   9 
1037	6   7   6 
1047	2  22  16 
1047	2   7  19 
1047	6  32  31 
1049	2  22  16 
1049	2   7  19 
1051	2  28  16 
1051	2   8  19 
1053	2  35  32 
1053	2  14   9 
1055	2  22  10 
1055	6  19   6 
1057	2  28  16 
1059	2  22  10 
1061	2  35  32 
1061	2   7   9 
1063	2  31  32 
1063	2  14  16 
1065	2  28  10 
1065	2  31  32 
1063	6   1   0 
1067	2  22  29 
1067	2  26  19 
1067	6  15  14 
1069	2  22  29 
1069	2  26  19 
1071	2  27  32 
1069	6   4   1 
1073	2  20  18 
1071	6  35  23 
1075	2  12  14 
1075	2  27  32 
1075	6  11   4 
1077	2   8   6 
1077	2  35  32 
1079	2  15  16 
1079	2  12   6 
1079	2  35  32 
1081	2  23  11 
1081	2  12   6 
1081	6  31  27 
1083	2  23  11 
1085	2   7   9 
1085	6  17  11 
1087	2   8   9 
1087	2  20  18 
1089	2   8   9 
1089	2  26  18 
1091	2  28  10 
1091	6  12   1 
1093	2  27  17 
1095	2  15  10 
1095	2  28  29 
1095	6  31  26 
1097	2  15  10 
1097	2  28  29 
1099	2   1   9 
1101	2  27  17 
1101	6   7   3 
1103	2  21  33 
1105	2  34  33 
1103	6  23  17 
1107	2   1   9 
1107	2  31  18 
1107	2  34  33 
1109	2  17  14 
1109	6   4   3 
1111	2  17  14 
1113	2  27  14 
1113	6  29  23 
1115	2  27  14 
1117	2  21  32 
1115	6   3   1 
1119	2  26  29 
1121	2   4  16 
1121	6  27  25 
1123	2   4  16 
1125	2   8  16 
1127	2  22  27 
1127	2   4  10 
1127	6   6   2 
1129	2  22  27 
1129	2   4  10 
1131	2  28  27 
1127	6  20  19 
1131	6  11   4 
1133	2  15  23 
1135	2  22  20 
1137	2  26  29 
1135	6   9   8 
1139	2  28  27 
1139	6  17  11 
1141	2  35  29 
1141	2  26  14 
1143	2  21  32 
1143	2  35  29 
1141	6   4   3 
1145	2  15  23 
1145	2  34  32 
1143	6  19  18 
1147	2   9  16 
1147	2  34  32 
1149	2  22  20 
1149	2   9  10 
1149	2  33  32 
1151	2   4  16 
1151	2  33  32 
1153	2  17  23 
1153	2  15  27 
1153	6   3   2 
1155	2  28  20 
1157	2  22  19 
1159	2  11   3 
1159	2  26  14 
1159	6  34  29 
1161	2  11   3 
1163	2  11   8 
1165	2  11   8 
1161	6  26  25 
1167	2   4  16 
1167	6  26  19 
1169	2   9  10 
1169	2  17  23 
1171	2  11  16 
1171	6   7   3 
1173	2  22  26 
1175	2  21  34 
1175	6  23  17 
1177	2  19   7 
1177	2  15  27 
1179	2  19   7 
1179	2   4  10 
1179	6  35  33 
1181	2  19   8 
1181	2  11  16 
1183	2   9  17 
1183	6  25  13 
1185	2  21  34 
1185	2   4  10 
1187	2   9  17 
1187	2  29  34 
1187	6  27  21 
1189	2  13   7 
1189	2  11  10 
1189	2  29  34 
1191	2  13   7 
1191	2   4  17 
1191	2  35  34 
1193	2  28  20 
1193	2  11  10 
1195	2  23  21 
1195	2  35  34 
1195	6  10   4 
1197	2  15  20 
1197	2  32  34 
1199	2  28  26 
1201	2  19   8 
1201	2  10  17 
1201	2  32  34 
1203	2  23  21 
1203	2  13   8 
1205	2  15  20 
1205	2  11  17 
1205	6  33  27 
1207	2  13   8 
1207	2  11  17 
1209	6  16  13 
1211	6  27  26 
1215	2  19  13 
1215	6   4   2 
1217	2  28  27 
1217	2  19  13 
1219	2  23  20 
1221	2  26  14 
1221	6  22  10 
1223	2  26  14 
1225	6  26  14 
1221	6  35  34 
1221	6   2   1 
1227	6  35  28 
1231	2  14   7 
1227	6  11  10 
1233	2  33  26 
1233	2  14   7 
1233	6  16   3 
1235	2  33  26 
1235	6  14   7 
1237	6  33  26 
1241	2   7   8 
1239	6  17  16 
1243	2  29  33 
1243	2   3  13 
1245	2   9  21 
1247	2  15  27 
1249	2   9  21 
1251	2  23  20 
1253	2  15  27 
1255	2  26  14 
1257	2  19   1 
1257	2  29  33 
1257	6  16  15 
1259	2   7   8 
1259	2  34  33 
1261	2  19   1 
1261	2  34  33 
1259	6  29  23 
1263	2   9  20 
1263	2  32  33 
1265	2  22  21 
1265	2   3  13 
1265	2  32  33 
1267	2  29  27 
1267	2   7  13 
1267	6  16  10 
1269	2  26  14 
1271	2  29  27 
1271	2   7  13 
1273	2  22  21 
1273	2   3   1 
1273	6  26  19 
1275	2   3   1 
1277	2   7   1 
1275	6  23  17 
1279	2   9  20 
1279	2   7   1 
1279	2  28  33 
1281	2  17  14 
1281	6  34  28 
1283	2  19   8 
1283	2  16  21 
1285	2  26  15 
1287	2  22  20 
1287	2  34  33 
1287	6  10   3 
1289	2  22  20 
1289	6  34  33 
1293	2  17  14 
1295	2   9  27 
1297	2  19   8 
1297	2  16  21 
1299	2  26  15 
1301	2   9  27 
1301	2  19  13 
1303	2  28  14 
1305	2  10  15 
1305	2  19  13 
1307	2  26  21 
1307	6  17   9 
1309	2  26  21 
1311	6  33  25 
1313	2   9   8 
1315	2   9   8 
1317	2  16  20 
1317	6  34  33 
1319	2  10  15 
1321	2  16  20 
1323	2  22  27 
1323	2   9  13 
1325	2  28  14 
1327	2  22  27 
1327	2   9  13 
1329	2  32  14 
1329	6  28  22 
1331	2  19   1 
1333	2  26  20 
1333	6  15   8 
1335	2  26  20 
1335	6  33  28 
1339	2   7   8 
1341	2  22  15 
1341	2   7   8 
1343	2  10  21 
1345	2  16  27 
1347	2  32  14 
1349	2  22  15 
1351	2  19   1 
1351	6  22  10 
1353	2  25  14 
1355	2  25  14 
1357	2  22  21 
1357	2   9   1 
1357	6  32  25 
1359	2   7  21 
1361	2   9   1 
1363	2  16  27 
1363	6  13   2 
1365	2  26  27 
1367	2  26  27 
1365	6  10   4 
1369	2  19   8 
1371	2  25  15 
1373	2   4   2 
1373	2  22  20 
1375	2  25  15 
1377	2   4   2 
1377	2  22  20 
1379	2  19   8 
1379	2  22  27 
1381	2   7  21 
1381	6   4   3 
1383	2  28  14 
1385	2  19  21 
1387	2   3   1 
1387	2  19  21 
1389	2   9   8 
1389	2  22  27 
1389	6  25  12 
1391	2   3   1 
1391	2  22  16 
1393	2   9   8 
1393	2  16  22 
1395	2  12   2 
1395	2  22  16 
1395	6  32  26 
1397	2  12   2 
1399	2  12   1 
1399	6  21  14 
1401	2  12   1 
1403	6   6   2 
1405	2  28  21 
1407	6  26  19 
1409	2   3   8 
1411	2   3   8 
1407	6  28  16 
1413	2  19  15 
1415	2   7  20 
1415	6  10   3 
1417	2   7  20 
1419	2  26  20 
1419	6  13   6 
1421	2  26  20 
1423	6  27  25 
1425	2   9  14 
1427	2   9  14 
1413	6  23  17 
1419	6  29  23 
1429	2  19  15 
1429	6  33  27 
1431	2  16  15 
1431	2  19  13 
1433	2  16  15 
1433	2  19  13 
1435	2   7  25 
1435	2  21  15 
1437	2   7  25 
1437	2  21  15 
1439	2  16  13 
1441	2  19   1 
1443	2  12   8 
1443	2  26  25 
1445	2  10  14 
1445	2  26  25 
1447	2   9  20 
1449	2  16  13 
1449	6  27  26 
1451	2  12   8 
1453	2  10  14 
1455	2  19   1 
1457	2   9  20 
1459	2  21  13 
1461	2  19   8 
1461	2  27  29 
1463	2  12  14 
1463	2  29  27 
1463	6   3   1 
1465	2  12  14 
1465	2  27  29 
1467	6  27  25 
1469	2  16   3 
1471	2  16   3 
1469	6  12   7 
1473	2  10  20 
1475	2   9  27 
1477	2  21  13 
1479	2  19   8 
1479	6  27  22 
1481	2  19  14 
1483	2  19  14 
1485	2  10  20 
1487	2   9  22 
1489	2  15  13 
1491	2  21   3 
1493	2  16   8 
1495	2   7  20 
1497	2  10  22 
1497	6  25   7 
1499	2  10  22 
1501	2  10   4 
1503	2  15  13 
1503	6  26  25 
1505	2  16   8 
1507	2  16  14 
1477	6  35  34 
1509	2  21   3 
1509	6  25  24 
1511	2  15   3 
1513	2  21   8 
1513	2   4  10 
1515	2  26  20 
1515	2   9  23 
1515	2  12  24 
1517	2  19  20 
1517	2  23   9 
1517	6  33  31 
1519	2  15   3 
1521	2  16  14 
1523	2  26  22 
1523	2  10   4 
1525	2  21   8 
1525	2  24  12 
1525	6  11  10 
1527	2  19  20 
1527	2  15   8 
1529	2  26  22 
1531	2  13   3 
1531	6  33  28 
1533	2  16  20 
1533	2  12  24 
1535	2  13   3 
1537	2  21  14 
1537	6  10   9 
1539	2  21  14 
1541	2  26  34 
1543	2  19  22 
1545	2  15   8 
1545	2  34  26 
1547	2  16  20 
1549	2  19  22 
1547	6   3   2 
1551	2  15  14 
1551	2  26  34 
1553	2  13   8 
1553	2  21  20 
1553	2  10  23 
1555	2  16  22 
1555	2  13   8 
1557	2  15  14 
1559	2  21  20 
1559	2   2   8 
1561	2  16  22 
1561	2  13  14 
1563	2  15  20 
1563	2   2   8 
1565	2  21  22 
1565	2  13  14 
1567	2  15  20 
1569	2  21  22 
1571	2   2  14 
1571	6  22  16 
1573	2  13  20 
1575	2   2  14 
1551	6  30  24 
1553	6  35  34 
1559	6  34  29 
1577	2  15  16 
1577	2  13  20 
1577	6  29  23 
1579	2  15  16 
1581	2   8  14 
1583	2   2  20 
1583	6  23  11 
1585	2   8  14 
1587	2   2  20 
1589	2  13  16 
1589	6   3   2 
1591	2  13  16 
1593	2  21  18 
1595	2   8  20 
1595	2  22  28 
1595	6  17  10 
1597	2   8  20 
1597	2  28  22 
1599	2  14  20 
1599	2  22  28 
1601	2   3  16 
1601	2  14  20 
1603	2   3  16 
1605	2   8  16 
1607	2   8  16 
1609	2  14  16 
1611	2  14  16 
1613	2  20  16 
1615	2  20  16 
1617	2  16   5 
1617	2  13   2 
1619	2  20  31 
1619	2   3  11 
1621	2  14  24 
1623	2   8  10 
1625	2  15  25 
1627	2  19   9 
1629	2   9  19 
1631	2  18  21 
1631	2  11   3 
1633	2  25  15 
1635	2   2  13 
1635	2   5  16 
1637	2  10   8 
1639	2  24  14 
1641	2  31  20 
1641	2   3  11 
1643	2  16   5 
1643	2  13   2 
1645	2  20  31 
1647	2  14  24 
1649	2   8  10 
1651	2  15  25 
1653	2  21  18 
1655	2  19   9 
