   1	2   4  17 
   1	6  32  14 
   3	2   4  17 
   5	6  10   4 
   7	6  30  20 
  11	6  17   3 
  13	6  30  19 
  17	2  10   8 
  19	2  10   8 
  19	6  21  19 
  21	2   3   8 
  23	2   3   8 
  17	6  29  23 
  25	2  10  14 
  27	2  10  14 
  29	2   3  14 
  31	2  10  20 
  33	2   3  14 
  35	2  10  20 
  37	2   8  14 
  37	2  10   5 
  39	2   8  14 
  39	2  10   5 
  41	2  10   9 
  41	6  19  14 
  43	2  10   9 
  37	6  31  27 
  45	6  27  16 
  23	6  35  29 
  45	6   3   2 
  51	2   2  20 
  51	6  29  17 
  53	2   2  20 
  55	2   8  20 
  55	6   5   4 
  57	2   8  20 
  59	2  19  20 
  59	6   9   2 
  61	2  19  20 
  63	6  24  20 
  65	2   9   4 
  67	2   9   4 
  65	6  12   7 
  69	2  10  21 
  71	2   8   4 
  73	2   9   2 
  73	6  13  12 
  75	2   9   2 
  77	2  10  21 
  79	2   8   4 
  81	2   8   2 
  81	2  10  11 
  83	2   9  21 
  81	6  19  13 
  85	2   8   2 
  85	2  10  11 
  87	2   9  21 
  89	2   8  21 
  91	2   9  11 
  91	6  27  19 
  93	2   9  11 
  95	6   4   1 
  97	6  24  19 
 101	2  10  22 
 101	6   7   2 
 103	2  10  22 
 105	2  10  23 
 105	6  21  20 
 107	2  10  23 
 107	6   6   1 
 111	2   9  22 
 113	2  13   6 
 113	2   9  22 
 115	2  13   6 
 115	2   9  23 
 117	2  19   6 
 117	2   9  23 
 119	2  13   7 
 119	6  23  15 
 121	2  13   7 
 119	6  11   4 
 125	2  19   6 
 125	6   4   2 
 125	6  22  21 
 131	2   8  20 
 131	6  28  23 
 133	2  19   7 
 135	2  13  20 
 135	2   8   2 
 137	2  19   7 
 137	6  23  11 
 139	2  13  20 
 139	2   8   2 
 141	2   6   7 
 141	2  19  20 
 143	2  13   2 
 143	6  27  23 
 145	2   6   7 
 147	2  13   2 
 149	2   8  21 
 149	6  35  29 
 151	2  10  14 
 153	2  19  20 
 153	6  15   8 
 155	6  19   6 
 159	2  15  21 
 155	6  29  28 
 161	2  10  14 
 161	6  35  29 
 163	2  19  20 
 163	2   6   2 
 163	2  10  11 
 165	2  13  21 
 165	2  10  11 
 167	2  15   8 
 167	2  19  20 
 169	2   9  14 
 171	2   6   2 
 171	2  10  16 
 173	2  13  21 
 175	2  15   8 
 175	6  19   6 
 177	2  10  16 
 179	2  10  17 
 181	2   9  14 
 183	2   7  20 
 183	2  10  17 
 185	2   6   2 
 185	2  19  21 
 187	2  13   8 
 187	2  10  22 
 189	2  15  14 
 189	2   6   2 
 191	2   9  11 
 191	6  18   6 
 193	2  15  14 
 195	2   9  11 
 197	2   7  20 
 197	2   9  16 
 199	2  19  21 
 199	2   7   2 
 201	2  13   8 
 201	2  10  22 
 203	2  18  21 
 203	2  10   4 
 205	2  19   8 
 205	2  10   4 
 207	2  13  14 
 207	2   9  16 
 209	2  15  11 
 209	2   7   2 
 211	2  18  21 
 213	2  19   8 
 215	2  13  14 
 215	2  10  23 
 217	2  15  11 
 219	2  20   2 
 221	2   7  21 
 223	2  18   8 
 225	2  19  14 
 225	2  10  23 
 227	2  15  16 
 227	6  13   2 
 229	2  15  16 
 227	6  11   5 
 233	2   2   5 
 233	6  21  19 
 235	2   2   5 
 237	2  10   3 
 239	2   9  17 
 239	2  20  13 
 241	2   7  19 
 241	2  10   3 
 243	2  18   8 
 243	6  11   5 
 245	2  21  14 
 247	2  20  19 
 247	2   7   8 
 249	2   9  17 
 249	2  20  19 
 251	2  18  14 
 251	6  17  10 
 253	2   7   8 
 255	2  18  14 
 257	2  21  11 
 257	6  18   6 
 259	2  15  10 
 261	2   9  22 
 263	2   2  16 
 263	2  13  19 
 265	2  21  11 
 265	6   6   1 
 267	2  15  10 
 267	2  13  19 
 269	2   9  22 
 269	6  26  25 
 271	2   2  16 
 273	2   7  14 
 273	2  17  28 
 275	2  20   8 
 275	2  17  28 
 277	2  21  16 
 277	6   4   2 
 279	2  15  22 
 281	2  21  16 
 283	2   4  10 
 283	2  20   8 
 283	6  23  17 
 285	2   9   2 
 287	2   7  14 
 287	2   4  10 
 285	6  27  26 
 289	2  15  22 
 289	6   7   1 
 291	2  20  14 
 291	2  23  29 
 293	2  21  10 
 293	2  23  29 
 295	2   9   2 
 295	2  20  14 
 295	6  33  23 
 297	2  13   8 
 299	2  13   8 
 291	6  25  24 
 301	2   4  22 
 301	2  13  14 
 301	6  32  24 
 303	2  15   2 
 305	2   9  17 
 307	2  21  10 
 307	6  31  18 
 309	2   4  22 
 311	2  15   2 
 311	2  33  27 
 313	2   9  17 
 313	2  33  27 
 315	2  19   8 
 315	2  21  22 
 315	6  11  10 
 317	2  19   8 
 317	2  21  22 
 319	2  13  14 
 319	2  33  26 
 319	6  28  22 
 321	2   4   2 
 321	2  19  14 
 323	2   9   3 
 323	2  19  14 
 325	2   7  10 
 325	2  33  26 
 325	6  29  23 
 327	2   7  10 
 327	2  33  25 
 329	2   4   2 
 329	2  33  25 
 331	2  15  17 
 331	2  33  35 
 331	6   2   1 
 333	2  15  17 
 333	2  33  35 
 335	2   4  17 
 335	2  33  30 
 337	2   2  10 
 337	2  33  30 
 339	2   2  10 
 339	2  33  34 
 339	6  21  19 
 341	2   9   3 
 341	2  33  34 
 343	2   4  17 
 343	2  33  32 
 345	2  20  10 
 343	6   7   2 
 347	2  20  10 
 349	2   2  16 
 349	2  33  32 
 351	2   2  16 
 351	2  33  31 
 353	2  19   1 
 353	6  23  10 
 355	2  19   1 
 357	2   8  14 
 357	2  33  31 
 359	2  15   3 
 359	6  26  19 
 361	2   9  22 
 363	2  15   3 
 359	6  11   5 
 363	6  28  23 
 365	2   2   5 
 367	2   2   5 
 365	6  25  20 
 369	2   9  22 
 369	6  35  33 
 371	2   4   3 
 371	2  15  22 
 373	2   9  10 
 371	6  25  13 
 375	2   4   3 
 375	2  15  22 
 377	2  25  28 
 377	2   8  14 
 377	6  11   4 
 379	2  25  28 
 381	2  21  28 
 379	6  14   8 
 383	2  21  28 
 383	6  23  17 
 385	2   9  10 
 387	2  15  10 
 385	6  33  26 
 389	2  11  22 
 385	6  13   7 
 387	6   3   2 
 391	2  13  16 
 393	2  13  16 
 395	2   3  17 
 395	6  28  21 
 397	2   3  17 
 399	2   3   1 
 401	2  33  23 
 401	2   3   1 
 403	2  33  23 
 403	2  15  10 
 403	6  13   2 
 405	2  11  22 
 407	2  11  10 
 405	6  33  31 
 409	2   2   5 
 409	6  22  20 
 411	2   2   5 
 413	2  11  10 
 415	2  14  21 
 415	6  17   3 
 417	2  14  21 
 415	6  31  25 
 419	6  14   7 
 421	2   2   3 
 421	2  17  23 
 423	2   2   3 
 423	2  17  23 
 421	6  34  31 
 425	2  14  16 
 425	2   2   1 
 425	6   5   4 
 427	2  14  16 
 427	2   2   1 
 429	2  25  13 
 427	6  34  29 
 431	2  14   4 
 433	2  29  16 
 433	2  25  13 
 433	6   3   2 
 435	2  29  16 
 435	2  25  20 
 437	2  28  16 
 437	2  25  20 
 439	2  14   4 
 441	2  14   2 
 441	6  29  11 
 443	2  14   2 
 445	2  14   1 
 441	6  26  25 
 447	2  11   4 
 447	2   8  21 
 447	6  34  29 
 449	2  11   4 
 449	2   8  21 
 451	2  14   1 
 451	6  17   4 
 453	6  34  20 
 457	6  11   3 
 459	6  25  21 
 463	2   3   2 
 459	6  13   7 
 465	2   9  27 
 465	6  30  18 
 467	2  28  16 
 467	2   3   2 
 469	2   9  27 
 471	2  13  16 
 473	2  28  17 
 473	2   3   1 
 473	6  25  14 
 475	2  11  23 
 475	2   3   1 
 477	2  28  17 
 479	2  15  27 
 479	2  11  23 
 479	6   7   2 
 481	2  15  27 
 483	2  20  27 
 479	6  18  12 
 483	6  17  10 
 485	2  20  27 
 485	6   3   2 
 489	2  13  16 
 487	6  27  26 
 491	2   4   3 
 491	6  34  29 
 493	2   9  19 
 495	2   4   3 
 495	6  25   7 
 497	6  29  17 
 497	6   5   4 
 501	6  12   1 
 503	2   5  17 
 505	2  27  29 
 501	6  14   9 
 501	6  31  24 
 507	2  14  19 
 507	2  11   3 
 507	2  27  29 
 507	6   7   1 
 509	2  28  25 
 509	2  11   3 
 511	2  15  19 
 513	2   8  16 
 513	2  27  26 
 513	6  24  12 
 515	2   8  16 
 515	2  27  26 
 517	2   5  17 
 517	6  32  28 
 519	2   9  16 
 521	2  11  17 
 517	6   2   1 
 523	2  14  22 
 523	2  32  25 
 523	6   3   2 
 525	2  15  19 
 525	2  11  17 
 527	2  14  22 
 527	2  32  24 
 527	6  11   5 
 529	2  20  19 
 529	2  15  22 
 531	2  14  21 
 531	2  32  24 
 533	2  11  29 
 533	2  20  19 
 533	6   8   7 
 535	2  11  29 
 537	2  15  22 
 533	6  33  32 
 537	6  17  11 
 539	2  14  21 
 541	2  27  19 
 537	6   4   3 
 543	2   9  16 
 543	2  27  19 
 543	6  11   5 
 545	2  20  22 
 547	2  15  21 
 547	6  13   2 
 549	2  11  29 
 549	2  15  21 
 551	2  11  29 
 547	6  32  26 
 553	2   2  10 
 553	6  25  13 
 555	2   2  10 
 553	6  27  22 
 557	6  11   4 
 559	2   2  13 
 561	2   2  13 
 559	6  35  32 
 563	2   7  10 
 563	6  24  18 
 565	2  11  23 
 565	2  14   8 
 567	2  11  23 
 567	2  20  27 
 567	6   6   2 
 569	2  17  35 
 569	2  20  21 
 571	2  17  35 
 571	2  20  21 
 573	2   7  10 
 573	6  35  29 
 575	2   9  10 
 575	2   7  13 
 575	2  22  27 
 577	2   6  18 
 577	2   9  10 
 577	2  22  27 
 579	2   7  13 
 579	2  16  10 
 579	6  27  25 
 581	2  14   8 
 581	2  16  10 
 583	2  15   8 
 579	6  29  23 
 583	6  11   4 
 585	2   6  18 
 585	2  15   8 
 587	2   7  18 
 587	2  22  21 
 589	2   9  13 
 589	2  22  21 
 591	2  11  23 
 591	2  14  12 
 591	6   3   1 
 593	2  11  23 
 593	2  14  12 
 595	6  22  19 
 597	6   4   3 
 601	2  17  22 
 601	2   7  18 
 603	2   9  13 
 603	2  17  22 
 605	2  16  13 
 607	2  11  22 
 607	6  18   8 
 609	2  11  22 
 611	6  27  17 
 613	2   9   8 
 615	2   9   8 
 613	6  19  18 
 617	2   3  17 
 617	6  28  21 
 619	2   3  17 
 621	2   3   5 
 623	2   3   5 
 623	2  27  25 
 623	6  35  23 
 625	2  20  19 
 627	2  14  21 
 625	6  10   3 
 629	2  27  25 
 631	2  10  23 
 631	2  20  19 
 633	2  10  23 
 633	2  14  21 
 633	2  18  19 
 635	2  15  12 
 635	6  29  23 
 637	2  15  12 
 639	2  20  12 
 635	6   5   4 
 631	6  34  33 
 641	2   5  23 
 641	2  14  26 
 643	2   5  23 
 643	2  18  19 
 643	6   6   2 
 645	2  34  23 
 645	2  15  21 
 647	2   5  17 
 647	2  27  28 
 645	6  25  19 
 649	2  34  23 
 649	2  15  21 
 649	6  11  10 
 651	2  27  28 
 653	2  20  12 
 649	6   3   2 
 653	6  34  28 
 655	2   5  17 
 655	2  14  26 
 655	2  18  12 
 657	2   5   4 
 657	2  20  21 
 657	2  18  12 
 657	6  23  17 
 659	2   5   4 
 659	2  27  25 
 661	2  15  26 
 657	6   7   2 
 663	2   3  17 
 663	2  27  25 
 665	2  28  23 
 665	2  20  21 
 665	6  10   2 
 667	2  28  23 
 665	6  24  12 
 669	6  28  22 
 671	6  19   1 
 671	6  17  10 
 675	6  34  28 
 677	2   3  10 
 679	2  17  10 
 679	2   2   1 
 681	2  22   4 
 683	2  16  13 
 685	2  17  10 
 685	2   7  13 
 685	2  27  24 
 687	2  22   4 
 687	2   7  13 
 689	2  16   8 
 691	2   9  10 
 691	2   2   1 
 691	2  27  24 
 691	6  14  13 
 693	2   9  10 
 691	6  23  17 
 695	6   9   4 
 697	6  35  22 
 701	6  14   2 
 703	2  11  22 
 705	2  11  22 
 707	2   3  17 
 703	6  35  34 
 709	2   3  17 
 711	2  23  17 
 711	2   3   9 
 713	2  16   8 
 715	2  23  17 
 715	2   3   9 
 717	2   7   8 
 717	2  16  10 
 719	2   4  17 
 719	2   7   8 
 721	2  23   9 
 723	2  14  28 
 725	2  16  10 
 725	2   2   8 
 727	2   4  17 
 727	2   2   8 
 729	2  23   9 
 731	2  14  28 
 733	2  15  26 
 733	6  23  11 
 735	2  14  25 
 737	2  20  26 
 735	6   3   1 
 739	2  23  35 
 739	2  14  25 
 739	6  11   5 
 741	2  23  35 
 741	2  20  26 
 743	2  18  21 
 745	2  11  29 
 745	2  14  24 
 747	2  11  29 
 747	2  14  24 
 749	2  34  29 
 749	2   7  10 
 751	2  11  22 
 751	6  19   1 
 753	2  34  29 
 753	2  16  17 
 755	2  11  22 
 757	2  34  22 
 757	2   4   9 
 757	6  20  19 
 759	2  34  22 
 759	2   4   9 
 761	2  16  17 
 761	6  29  28 
 763	2   7  10 
 765	2   2  10 
 767	2  20  28 
 767	2  16   9 
 769	2  20  28 
 769	2   2  10 
 771	2  20  22 
 771	6  10   3 
 773	2  20  22 
 775	6  35  22 
 777	2   8   3 
 779	2   8   3 
 775	6  32  25 
 781	2  11  22 
 781	6   8   7 
 783	2  23  10 
 785	2  11  22 
 781	6  33  32 
 781	6  24  19 
 787	2  23  10 
 787	6  32  19 
 789	2  11  10 
 789	2  23  29 
 791	2  11  10 
 791	2  23  29 
 789	6  15   8 
 793	2  23  33 
 793	6   5   4 
 795	2  34  22 
 797	2  34  22 
 795	6   8   2 
 799	2  18  21 
 801	2  15  17 
 801	2  18  26 
 803	2  20  22 
 805	2  11  29 
 805	2  18  26 
 807	2  27  21 
 807	2  16   9 
 807	6  29  23 
 809	2  27  21 
 811	2  14  21 
 809	6  16  10 
 813	2  29  33 
 813	2  14  21 
 815	2  34  16 
 817	2  15  17 
 817	2  27  26 
 817	6  34  29 
 819	2  15   9 
 819	2  27  26 
 821	2  15   9 
 819	6  17  11 
 823	2  34  32 
 815	6   7   2 
 823	6   9   2 
 825	2  20  22 
 827	2  17  23 
 827	2  34  32 
 829	2  29  16 
 829	6  33  27 
 831	2   8  11 
 833	2  29  23 
 833	6  15   4 
 835	2  29  23 
 835	6  33  32 
 839	2  20  16 
 841	2  15  28 
 839	6   5   4 
 843	2  15  28 
 845	2  17  27 
 847	2   8  11 
 847	6  33  29 
 849	2   9  11 
 851	2   8   2 
 851	6  11   4 
 853	2  34  21 
 853	2   8   2 
 855	2  14  26 
 855	6  35  22 
 857	2   9   4 
 859	2  14  26 
 859	2   3   4 
 861	2  15  22 
 861	2   3   4 
 861	6  34  26 
 863	2  15  22 
 865	2   9   2 
 865	6  22  17 
 867	2   9   2 
 869	2   3   2 
 871	2  20  16 
 871	2   3   2 
 871	6  29  28 
 873	2  26  21 
 873	2   4   2 
 875	2   4   2 
 875	6  16  15 
 877	2  26  34 
 879	2  26  34 
 881	2  11  29 
 883	2  11  29 
 885	2  11  17 
 885	2  22  27 
 887	2  11  17 
 887	2  33  27 
 889	2  20  23 
 891	2  22  28 
 891	6  17  10 
 893	2  33  27 
 895	2  22  28 
 897	2  17  29 
 899	2  17  29 
 901	2  17  10 
 901	2  33  28 
 903	2  17  10 
 903	2  22  21 
 905	2  20  23 
 907	2  20  27 
 907	6  29  16 
 909	2  20  27 
 913	2  29  35 
 913	2   5  16 
 915	2  29  35 
 915	2   5  16 
 917	2  29  15 
 919	2  29  15 
 921	2   8  16 
 921	2  33  28 
 923	2   5  10 
 923	2  29  23 
 925	2   8  16 
 927	2   5  10 
 927	2  29  23 
 929	2  22  21 
 929	2   8  10 
 931	2   9  16 
 931	2  29  27 
 933	2  20  28 
 933	2   9  16 
 935	2  33  21 
 935	2   8  10 
 937	2  22  34 
 937	2   9  10 
 939	2  29  27 
 939	2   3  16 
 941	2  20  28 
 941	2   9  10 
 943	2  33  21 
 943	6  17  11 
 945	2  29  28 
 945	2  20  21 
 947	2  29  28 
 947	2  20  21 
 949	2  17  35 
 951	2  17  35 
 953	2  17  15 
 955	2  17  15 
 957	2  17  23 
 959	2  17  23 
 961	2  22  34 
 963	2  17  27 
 965	2  33  34 
 965	2   3  16 
 967	2  17  27 
 969	2  33  34 
 969	2   4  16 
 971	2   3  10 
 971	2  29  21 
 973	2  17  28 
 975	2  20  34 
 975	2   3  10 
 975	6  23  17 
 977	2  20  34 
 981	2   4  16 
 983	2  23  28 
 983	2   4  10 
 985	2  29  21 
 985	2   4  10 
 987	2   2  16 
 987	2  29  34 
 989	2  23  21 
 991	2   2  16 
 991	2  29  34 
 993	2  23  21 
 993	2   2  10 
 995	2  23  34 
 997	2   2  10 
 997	6  35  23 
 997	6  27  21 
 999	6   9   8 
1003	2  11  23 
1003	2  35  34 
1005	2  11  23 
1005	6  20   8 
1007	2   5  23 
1009	2   5  23 
1011	2  11  15 
1013	2  11  15 
1011	6  29  28 
1015	2   5  15 
1017	2   9  23 
1019	2  11  17 
1019	6  21   3 
1021	2  11  17 
1025	2   9  23 
1027	2   5  15 
1029	2  20  23 
1031	2   9  15 
1031	2   5  17 
1031	6  28  27 
1033	2  11   3 
1035	2   9  15 
1035	2   5  17 
1037	2  20  23 
1039	2  11   3 
1039	2  20  15 
1039	6  28  22 
1041	2   5   3 
1041	2  20  15 
1043	2   5   3 
1043	6  20  15 
1045	6  34  28 
1049	2   9  17 
1051	2  21  23 
1053	2  11  29 
1055	2  21  23 
1057	2   9  17 
1057	2  21  20 
1059	2  11  29 
1059	2  21  20 
1061	2  15  17 
1063	2   9   3 
1063	2  11  22 
1065	2  15  17 
1067	2   9   3 
1067	2  11  22 
1069	2  16  10 
1071	2  21  17 
1073	2  15   3 
1073	6  23  11 
1075	2  15   3 
1077	6  20   8 
1079	2   4  11 
1079	2  23  28 
1081	2   4  11 
1081	2  23  28 
1083	2   4   8 
1083	6  29  23 
1085	2  16  10 
1087	2   4   8 
1089	2   5  23 
1091	2   5  23 
1093	2   9  23 
1095	2  21  17 
1097	2   9  23 
1099	2   4  17 
1101	2  21   3 
1103	2  15  23 
1103	6  11   5 
1105	2  15  23 
1107	6  28  15 
1109	6  17  11 
1113	2  21   3 
1115	2   2   5 
1115	2  21  23 
1117	2  17  22 
1117	6   5   3 
1119	2  17  22 
1121	2  21  23 
1123	2   2   3 
1123	2  17  15 
1125	2  16   3 
1127	2   2   8 
1127	2   4  11 
1127	6  29  26 
1129	2   2   8 
1129	2   4   5 
1131	2   4   5 
1133	2   9  22 
1133	6  26  20 
1135	2  16   3 
1137	2   9  22 
1139	2  17  15 
1141	2  10   3 
1141	2  28  22 
1143	2  16   8 
1145	2   9  15 
1145	2  28  22 
1145	6  11   4 
1147	2   9  15 
1149	2  21  22 
1149	6   9   8 
1151	2  11  23 
1153	2  11  23 
1155	2   2   4 
1155	2  28  15 
1157	2  10   3 
1157	2  21  22 
1159	2  16   9 
1161	2   2   4 
1161	2  28  15 
1163	2  10   9 
1163	2  28  35 
1163	6  23  17 
1165	2  10   9 
1165	2  35  28 
1167	2   3   9 
1167	2  28  35 
1169	2  16   4 
1169	2   8  20 
1171	2   2   5 
1171	2  21  15 
1173	2  16   4 
1173	2  20   8 
1175	2   2   5 
1175	2  21  15 
1177	2  10   4 
1177	2  21  27 
1179	2  16   5 
1179	2   8  20 
1181	2  11  22 
1181	2   3   9 
1183	2  10   4 
1183	2  27  21 
1183	6   8   2 
1185	2  16   5 
1187	2  11  22 
1185	6  26  20 
1189	2   3   4 
1189	6  17  16 
1191	2   3   4 
1191	2  21  27 
1193	2   9   4 
1169	6  35  34 
1193	6  33  19 
1195	2  10   5 
1197	2  10   5 
1195	6  29  23 
1199	2  11  15 
1201	2   8  16 
1203	2   8  16 
1205	2  17  16 
1205	2   3   5 
1205	6  21  20 
1207	2  17  16 
1207	2   9   4 
1209	2  10  16 
1211	2   8  22 
1213	2   8  22 
1215	2  11  15 
1217	2  17  22 
1217	2   3   5 
1219	2   8  15 
1221	2  10  16 
1223	2  17  22 
1223	2   9   5 
1225	2   8  15 
1227	2   3  16 
1229	2  10  22 
1231	2  17  15 
1233	2   9   5 
1235	2   3  16 
1237	2  10  22 
1239	2  17  15 
1239	2   4   5 
1241	2   9  16 
1241	2   4   5 
1243	2  10  15 
1245	2   9  16 
1247	2  10  15 
1249	2   4  16 
1249	2   8  19 
1251	2   4  16 
1251	2  19   8 
1253	2   5  16 
1255	2   5  16 
1257	2  10  23 
1259	2  17  35 
1259	2   8  19 
1261	2  11  21 
1263	2  21  11 
1265	2  35  17 
1261	6   8   3 
1261	6  18   6 
1265	6  32  26 
1267	2   8  22 
1269	2   8  22 
1271	2   9  22 
1271	6   6   1 
1273	2   9  22 
1275	2   4  22 
1277	2   8  15 
1277	6  26  20 
1279	2   8  15 
1281	2   9  15 
1281	6  23   5 
1283	2   9  15 
1285	2   8  14 
1271	6  31  24 
1283	6  33  31 
1287	2   9  20 
1289	2   4  22 
1289	2  14   8 
1291	2  23  22 
1291	2   5  10 
1291	2   8  14 
1293	2   4  15 
1295	2  23  22 
1295	2  20   9 
1297	2   4  15 
1299	2  16  22 
1299	6  14   7 
1301	2  16  22 
1303	2  10   5 
1303	6  22  21 
1305	2   4   1 
1307	2   1   4 
1309	2  23  15 
1311	2  23  15 
1313	2  16  15 
1315	2  16  15 
1317	2  21  15 
1317	2   4   1 
1319	2  21  15 
1321	2  15  25 
1323	2  21  13 
1325	2  16  14 
1327	2  23  33 
1329	2  33  23 
1331	2  14  16 
1333	2  13  21 
1335	2  25  15 
1337	2  15  25 
1339	2  21  13 
1341	2  16  14 
1343	2  23  33 
1345	2   9  20 
1347	2  17  35 
1349	2  11  22 
