   1	2   5  11 
   1	6  13   9 
   3	2   5  11 
   1	6  22  21 
   7	2   5   9 
   7	6  22  17 
   9	2   5   9 
  11	2   5   4 
   7	6   6   1 
  13	2  11   9 
  15	2  11   9 
  17	2   5   4 
  17	6  15   1 
  19	2  11   4 
  21	2  11   4 
   1	6  26  25 
  23	2   5  17 
  23	6  26   8 
  25	2   5  17 
  27	2  11  17 
  29	2   9   4 
  29	2  11  17 
  31	2   5  15 
  33	2   9   4 
  35	2   5  15 
  37	2   9  17 
  39	2  11  15 
  41	2   9  17 
  43	2  11  15 
  45	2   4  17 
  47	2   9  15 
  49	2   4  17 
  51	2   9  15 
  53	2   4  15 
  55	2   4  15 
  57	2  17  15 
  57	6   5   4 
  59	2  17  15 
  61	6  23  16 
  63	2   4   8 
  65	2   4   8 
  13	6  18  12 
  29	6  12   0 
  67	2  11   8 
  69	2   4  16 
  69	6   1   0 
  71	2   4  16 
  69	6  20  14 
  73	6   5   3 
  73	6  22  17 
  75	6   7   0 
  79	6  11  10 
  81	6   7   2 
  79	6  28  21 
  85	6  21  11 
  91	2  10   8 
  93	2   9   8 
  93	6  21  17 
  95	2   9   8 
  97	2   3   8 
  99	2  10  16 
  99	2   3   8 
  99	6  33  20 
 101	2   4   1 
 103	2  10  16 
 105	2   4   1 
 105	6  21  20 
 107	2   9  16 
 109	2   9  16 
 111	2   4  14 
 113	2   4  14 
 115	2  22   8 
 117	2   3  16 
 119	2   4   2 
 121	2  22   8 
 123	2   3  16 
 125	2   4   2 
 125	2  22  16 
 127	2  15   8 
 127	2   4  11 
 129	2  15   8 
 129	2   4  11 
 131	2  22  16 
 131	6   3   1 
 133	2  15  16 
 135	2  15  16 
 137	2  10   3 
 137	6  21  15 
 139	2  10   3 
 141	2   4  17 
 137	6  13   7 
 143	2   9   3 
 145	2  10  14 
 147	2   9   3 
 149	2  10  14 
 151	2   1   3 
 153	2   9  14 
 155	2  10   2 
 151	6  22  21 
 157	2   1   3 
 159	2   9  14 
 161	2  10   2 
 163	2  21   3 
 165	2   1  14 
 165	2  10  11 
 167	2   9   2 
 167	6  21  13 
 169	2   9   2 
 171	2  10  11 
 171	6   2   1 
 173	2   4  17 
 175	2  10  17 
 177	2  13   3 
 179	2   2  14 
 179	2  10  17 
 181	2   8  16 
 183	2  13  14 
 183	2   2   1 
 183	6  22  10 
 185	2  13  14 
 185	2   2   1 
 187	2  13   1 
 189	2  10   3 
 189	2  13   1 
 191	2   9  11 
 191	6   7   1 
 193	2   4  15 
 195	2  10   3 
  29	6  30  24 
 179	6  25  24 
 185	6  26  25 
 191	6  28  26 
 197	2   8  16 
 199	2   9  11 
 199	6  22  20 
 201	2   8   3 
 203	2   8   3 
 201	6  11   5 
 205	6  13   8 
 205	6  28  22 
 207	6  17  11 
 211	6  21  18 
 217	2   4  15 
 219	2  10  14 
 221	2   2   5 
 223	2   9  11 
 225	2  20  15 
 227	2   4   1 
 229	2  10  14 
 231	2   2   5 
 233	2   9  11 
 235	2  20  15 
 237	2   4   1 
 239	2  16   3 
 239	2  13  14 
 241	2  10   7 
 243	2   9  15 
 243	6  19   1 
 245	2   9  15 
 243	6  11   4 
 249	2   2   4 
 249	2  20  19 
 251	2  11  22 
 251	2  13  14 
 251	6   6   1 
 253	2  16   3 
 253	2  20  19 
 255	2  11  22 
 257	2  10   7 
 259	2   2   4 
 259	2  20  22 
 261	2  16  14 
 261	6   3   1 
 263	2  16  14 
 265	2  20  22 
 267	2  13   7 
 267	2  11  21 
 267	6  35  29 
 269	2   2  15 
 271	2   9  19 
 269	6  32  27 
 273	2  13   7 
 273	6  16   3 
 275	6  27  20 
 279	2   3   7 
 279	6  23  11 
 281	2   2  15 
 283	2   1  14 
 285	2   9  19 
 287	2  23  21 
 287	2   3   7 
 289	2   9  22 
 289	6  19   6 
 291	2  27  21 
 291	2  23  16 
 293	2   9  22 
 287	6  11   5 
 295	2   8  11 
 295	2  27  21 
 297	2   8  11 
 297	6  28  26 
 299	2  10  11 
 299	2   2   6 
 301	2   8   4 
 303	2  10  11 
 303	2   1  14 
 303	6  34  31 
 305	2   8   4 
 307	2  10   4 
 307	2   8  15 
 309	2  10   4 
 309	2   8  15 
 309	6  26  12 
 311	2  23  16 
 313	2  10  15 
 313	2  23  29 
 315	2   2   6 
 315	2  27  16 
 317	2   1   7 
 317	2   9  21 
 317	2  23  29 
 319	2   8   6 
 319	2  27  16 
 321	2   1   7 
 321	2  10  15 
 321	2  27  29 
 323	2   8   6 
 323	2  27  29 
 325	2   9  21 
 325	6  29  17 
 327	2  14   7 
 329	2  14   7 
 327	6   3   2 
 331	2  23  20 
 331	6   7   6 
 333	2   9  16 
 335	2   9  16 
 337	2  10   7 
 333	6  33  26 
 339	2  10   7 
 341	2  23  20 
 341	6   2   0 
 343	2  27  20 
 345	2  23  28 
 343	6  11  10 
 347	2  27  20 
 349	2   9  17 
 351	2   9  17 
 347	6  13   7 
 353	2   7  10 
 355	2   7  10 
 357	2  23  28 
 357	2   9  20 
 357	6   1   0 
 359	2  27  28 
 361	2  23  34 
 361	2   9  20 
 363	2  27  28 
 363	6   4   1 
 365	2  23  34 
 367	2  27  34 
 369	2   4  10 
 369	2   7   1 
 369	2  23  35 
 371	2   4  10 
 371	2   7   1 
 371	2  27  34 
 373	2   4   1 
 373	2  23  35 
 375	2   7  15 
 375	6   4   3 
 377	2   7  15 
 379	2   7  13 
 379	2  27  35 
 381	2   4  22 
 381	2   7  13 
 383	2   4  22 
 383	6  19   7 
 385	2  23  33 
 387	2  27  35 
 385	6  10   9 
 389	2  23  33 
 389	6   7   0 
 391	2  10  28 
 393	2  10  28 
 395	2   7   9 
 395	2  27  33 
 397	2   8  22 
 399	2   7   9 
 399	2  27  33 
 401	2   3   1 
 399	6  23  17 
 403	2  14   9 
 403	2   7   1 
 401	6  34  28 
 405	2   3  15 
 405	2   7   1 
 405	6  17  11 
 407	2  14   9 
 409	2   3  15 
 407	6  35  29 
 411	2   6   9 
 413	2   8  22 
 413	6  11   4 
 415	2  14   1 
 417	2   7  15 
 415	6  27  26 
 419	2  17  22 
 419	2   3  13 
 415	6  35  34 
 421	2  11  21 
 421	6  34  29 
 423	2  11  21 
 425	2   8  21 
 427	2  11  16 
 427	2  14   1 
 427	6  34  27 
 429	2  11  16 
 429	2   3  13 
 431	2  11  23 
 431	2   7  15 
 433	2  17  22 
 433	2  14  15 
 433	2   4   2 
 433	6  26  19 
 435	2  11  23 
 435	2  14  15 
 437	2   4   2 
 439	2   8  21 
 439	2   4   5 
 441	2  26  22 
 441	2   7  13 
 441	2   4   5 
 441	6   9   2 
 443	2  17  21 
 443	2   7  13 
 445	2  26  22 
 445	2  14  13 
 443	6   5   4 
 447	2   8  16 
 449	2   6   2 
 449	2  17  21 
 451	2   8  16 
 453	2   6   1 
 453	2  26  21 
 453	2  17  16 
 453	2  14  13 
 453	6   4   3 
 455	2   6   1 
 455	2  26  21 
 455	2  17  16 
 455	6  19  13 
 459	2   4  22 
 461	2   4  22 
 461	6  19   6 
 463	2  10  28 
 465	2  10  28 
 467	2   2   1 
 467	2  19  15 
 467	6  23  11 
 469	2   2   1 
 469	2  19  15 
 471	2   2  15 
 473	2   8  11 
 475	2  23  20 
 477	2   8  11 
 479	2  23  20 
 481	2  26  16 
 481	6  13   7 
 483	2  17  11 
 485	2  23  35 
 487	2   8  20 
 487	2  17  11 
 489	2  26  16 
 491	2   8  20 
 491	2  23  35 
 493	2  19   6 
 493	2  23  28 
 493	6  15   8 
 495	2  19   6 
 495	2  23  28 
 491	6  11   5 
 497	6  35  23 
 499	2   2   8 
 501	2   1   8 
 497	6  25  19 
 497	6   5   4 
 499	6  21  15 
 503	2   2   6 
 503	2  11  29 
 503	6  26  19 
 505	2   5  15 
 507	2   5  15 
 509	2   5  16 
 509	2   1   8 
 509	6  19  13 
 511	2  21  23 
 513	2   5  16 
 513	6  28  27 
 515	2   7   9 
 517	2   2   6 
 515	6  32  25 
 519	2  21  23 
 519	2   1   6 
 521	2  19  22 
 521	6   4   2 
 523	2  19  22 
 525	2  19  15 
 525	6  29  23 
 527	2  13   2 
 527	2  21  27 
 529	2  19  15 
 529	2   1   6 
 531	2  14  22 
 531	6   3   1 
 533	2  14  22 
 535	2  32  22 
 537	2  10  28 
 539	2  13   2 
 539	2  32  22 
 541	2  10  28 
 543	2  14  15 
 543	2  35  28 
 543	6  17  10 
 545	2  14  15 
 545	2  35  28 
 547	2  21  27 
 547	2   8   6 
 543	6  32  25 
 549	2  10  20 
 549	6  34  33 
 551	2  10  20 
 553	2   5   2 
 555	2  13  20 
 555	2  11  23 
 557	2   5   2 
 557	2  21  28 
 559	2  13  20 
 559	6  23  10 
 559	6  35  34 
 561	6  26  13 
 565	2  23  29 
 565	6  11   3 
 567	2  23  29 
 569	2  26  29 
 571	2  17  35 
 571	2   8   6 
 573	2  17  35 
 573	6  14   6 
 575	2  34  35 
 577	2  34  35 
 575	6  17   5 
 579	2   7   9 
 579	2  21  28 
 581	2   4  22 
 581	2   7   1 
 583	2  25  15 
 583	2   7   1 
 585	2  23  27 
 585	2   5   9 
 587	2   4  22 
 589	2  25  15 
 589	6   2   1 
 591	2  26  29 
 593	2  23  27 
 595	2   5   9 
 595	2  26  27 
 595	6  13   1 
 597	2  11  22 
 599	2  23  28 
 599	6   9   5 
 601	2  26  27 
 603	2  23  28 
 605	2   4  15 
 605	2  26  28 
 607	2  21  35 
 607	2   3   1 
 609	2   9   2 
 609	2  11  22 
 609	6  33  26 
 611	2   7  10 
 613	2   4  15 
 615	2  21  35 
 615	2   3   1 
 617	2   9   2 
 617	2  23  35 
 617	6  26  13 
 619	2  23  35 
 619	6   3   2 
 623	2  11  15 
 623	2  33  28 
 623	6  31  18 
 625	2   8  22 
 627	2   8  22 
 629	2   7  10 
 629	2  33  35 
 629	6  21  20 
 631	2   9  10 
 631	2   7   1 
 631	2  33  35 
 633	2   9  10 
 633	2   7   1 
 633	6  34  23 
 635	2   2  13 
 637	2   2  13 
 635	6  10   5 
 639	2  14  22 
 639	6  18   6 
 641	2  17  21 
 643	2  17  21 
 629	6  31  30 
 641	6   9   8 
 645	2  17  29 
 645	6  21  19 
 647	2  17  29 
 647	2   8   1 
 649	2   8   1 
 635	6  32  31 
 647	6   4   3 
 651	2  21  16 
 651	2   7  13 
 649	6  34  29 
 653	2  21  16 
 653	2   2  12 
 651	6  32  25 
 655	2  23  10 
 655	2   7  13 
 657	2  21  26 
 657	2  23  10 
 657	2   8  13 
 659	2  21  26 
 659	2   2  12 
 659	6  23  11 
 661	2   7  12 
 663	2   2   6 
 661	6  26  25 
 665	2  11   4 
 665	2  23  15 
 665	2   7  12 
 667	2  21  19 
 667	2  11   4 
 667	2   2   6 
 667	6  29  23 
 669	2  21  19 
 669	2  11   5 
 669	2   7   6 
 671	2  20  10 
 671	2   7   6 
 657	6  34  33 
 673	2  21  33 
 673	2  11   5 
 673	2   8  13 
 675	2  17  27 
 675	2   8  12 
 677	2  21  33 
 677	2   8  12 
 677	6  11   4 
 679	2   9  15 
 681	2  14  22 
 679	6  25  18 
 683	2   9  15 
 683	6  34  29 
 685	2  20  10 
 687	2  14  15 
 687	2   4   1 
 687	6  26  19 
 689	2  23  10 
 691	2  23  10 
 689	6   7   2 
 693	2  17  27 
 693	6  24  18 
 695	2  21  27 
 695	2   4   1 
 697	2  17  28 
 697	2  14  15 
 697	6   6   2 
 699	2  21  27 
 701	2  17  28 
 699	6  30  24 
 703	2  21  28 
 703	2   8   2 
 705	2  17  35 
 705	2   7  19 
 707	2  21  28 
 707	2   7  19 
 705	6   4   3 
 709	2  17  35 
 709	2   6  19 
 711	2  22  15 
 711	2   7  18 
 711	6  11  10 
 713	2  21  35 
 713	2   8   2 
 715	2  22  15 
 715	2   6  19 
 715	6   3   2 
 717	2  29  11 
 719	2  29  11 
 717	6  25  14 
 721	2  17  11 
 721	6  29  22 
 723	2   2  13 
 723	2  17  11 
 725	2   2  13 
 723	6  30  25 
 727	2  14  16 
 721	6  33  27 
 725	6   5   4 
 729	2  14  16 
 727	6  33  32 
 731	2   2  12 
 727	6  35  29 
 731	6  20  15 
 733	2   2  12 
 735	2   7  18 
 733	6  23  11 
 737	2  14  25 
 737	2   2   3 
 733	6  34  33 
 739	2  34  16 
 739	2   6  18 
 739	2   2   3 
 741	2  34  16 
 741	2   7   0 
 743	2  14  25 
 743	6  11   4 
 745	2  14  26 
 745	2   6  18 
 747	2  14  26 
 747	6   2   1 
 749	2   5  16 
 751	2   5  16 
 749	6  34  26 
 753	2  15  10 
 753	2   7   0 
 755	2  26  25 
 755	2  15  10 
 755	2   6   0 
 757	2  26  25 
 757	2   4  10 
 757	2   6   0 
 757	6  13   8 
 759	2  26  34 
 759	2   4  10 
 761	2  26  34 
 761	6  22  16 
 763	2  13  19 
 765	2  13  19 
 763	6   6   1 
 767	2  33  22 
 763	6  31  30 
 769	2  14  27 
 769	2  16  10 
 771	2  33  22 
 771	2   6  19 
 773	2  14  27 
 773	2  16  10 
 775	2   9  22 
 775	2  13  18 
 775	6  33  31 
 777	2  15  11 
 777	2  13  18 
 779	2   9  22 
 779	6  12   7 
 781	2  26  27 
 781	2  15  11 
 783	2  26  27 
 783	2   4  11 
 785	2  14  32 
 785	2   4  11 
 787	2  14  32 
 787	6  17   5 
 789	2  26  32 
 789	2  12  24 
 791	2  26  32 
 791	2  12  24 
 789	6   9   2 
 793	2  33  22 
 793	2   6  19 
 795	2  14  28 
 795	2   5  10 
 797	2  15   9 
 797	2   6  18 
 797	6  29  27 
 799	2  15   9 
 799	2  13   0 
 801	2  16  11 
 801	2   6  18 
 803	2  33  22 
 803	2   4   9 
 803	2  13   0 
 805	2  14  28 
 805	2   5  10 
 805	2   6   0 
 805	6  24  18 
 807	2  21  27 
 807	2  16  11 
 807	2   6   0 
 809	2  35  22 
 809	2   4   9 
 809	6   6   1 
 811	2  26  28 
 811	2   5  11 
 811	2  16   9 
 813	2  14  27 
 813	2   5  11 
 815	2  21  23 
 815	2   6  18 
 815	6   4   2 
 817	2  35  22 
 817	2   6  18 
 819	2  26  28 
 819	2  13  18 
 821	2  15   8 
 821	6  27  25 
 823	2  15   8 
 825	2   2   8 
 821	6   5   4 
 827	2  17  27 
 827	2   2   8 
 827	2  13  18 
 829	2  17  27 
 829	6  12   1 
 831	2  31  27 
 831	2  16   9 
 833	2  31  27 
 833	2   4   9 
 835	2  14  25 
 835	6  28  17 
 837	2  26  25 
 837	2   4   9 
 837	2  12  18 
 839	2  26  25 
 839	2  12  18 
 841	2  28  34 
 841	2  15   7 
 841	6  26  24 
 843	2  28  34 
 843	2  15   7 
 845	2  28  29 
 845	2  16   8 
 845	6   6   0 
 847	2  31  34 
 847	2  15   3 
 849	2  31  34 
 849	2  16   8 
 851	2  28  29 
 851	2   2   7 
 851	6  16   5 
 853	2   2   7 
 855	6  13   6 
 857	2  16  27 
 859	2  16  27 
 861	2  33  27 
 861	2  15   3 
 861	6  19   7 
 863	2  16  34 
 865	2  28  32 
 867	2  33  27 
 867	2   4   8 
 867	6  23  16 
 869	2  35  27 
 869	2   2   3 
 871	2  35  27 
 871	2   4   8 
 867	6  24  12 
 873	2  23  34 
 873	2   2   3 
 873	6  15  14 
 875	2  28  32 
 877	2  33  34 
 873	6  19  12 
 875	6   5   3 
 879	2  21  16 
 879	2  33  34 
 879	6  12   0 
 881	2  20  22 
 881	2  35  34 
 883	2  28  17 
 881	6  32  31 
 885	2  15  16 
 885	2  35  34 
 885	6   2   0 
 887	2  21  10 
 889	2  20  22 
 887	6  33  32 
 891	2  15  16 
 891	2   3   2 
 891	6  12   0 
 893	2  33  29 
 893	2   3   2 
 895	2  33  29 
 895	2   3   5 
 893	6  21  16 
 897	2  23  29 
 897	2  33  31 
 897	2   4   2 
 899	2  23  29 
 899	2  33  31 
 899	2  16  10 
 899	2  14   7 
 901	2  28  17 
 901	2  14   7 
 903	2  20  27 
 903	2  16  11 
 903	2  12   7 
 905	2  28  25 
 905	2   4   2 
 907	2  19  21 
 907	2   3   5 
 909	2  15  10 
 909	2  12   7 
 909	6  33  23 
 911	2  15  10 
 913	2   4   5 
 913	6  19  14 
 915	2  33  31 
 915	2  23  17 
 915	2   4   5 
 917	2  33  31 
 917	2  23  17 
 911	6   7   1 
 917	2   3   1 
 919	2  20  27 
 919	2  16  11 
 919	2   3   1 
 921	2  28  25 
 921	2   4   1 
 923	2  14  21 
 923	6  33  29 
 925	2  14  10 
 927	2  15  11 
 929	2  32  33 
 929	2  29  17 
 929	6  14   3 
 931	2  32  33 
 931	2  29  17 
 933	2  22  27 
 933	2  32  31 
 935	2  20  34 
 935	2  16   9 
 937	2  35  33 
 937	2   3  10 
 937	6  23  17 
 939	2  28  21 
 939	2  32  31 
 939	2   4   1 
 941	2  20  34 
 941	6   4   1 
 943	2  22  27 
 945	2  35  33 
 945	6  25  20 
 947	2  16   9 
 949	2  22  34 
 947	6   7   1 
 951	2  28  21 
 953	2  15  11 
 953	2  25  33 
 955	2  28  10 
 957	2   3  11 
 957	2  19  26 
 957	2  22  34 
 959	2  15   9 
 959	2  25  33 
 961	2  16   8 
 961	2  19  26 
 963	2  28  10 
 963	2  19  13 
 965	2   3  11 
 965	2  27  34 
 965	2  19  13 
 963	6  32  31 
 967	2  15   9 
 967	2  27  34 
 967	2  19  18 
 969	2  35  32 
 969	2  16   8 
 969	2  19  18 
 971	2  35  32 
 971	2   3   9 
 973	2  22  33 
 973	2   3   9 
 973	6  19   7 
 975	2  22  33 
 977	2  27  33 
 979	2  25  32 
 979	2  15   8 
 975	6  11  10 
 979	6  28  23 
 981	2  25  32 
 981	2  15   8 
 983	2   3   8 
 983	6  21  20 
 985	2  23  10 
 987	2  23  10 
 983	6  31  25 
 989	2  17  21 
 989	2   3   8 
 991	2  17  21 
 993	2  25  28 
 993	6  10   8 
 995	2  29  21 
 997	2  25  28 
 999	2  29  21 
 999	6  17  10 
1001	2  35  28 
1003	2  25  21 
1005	2  10  20 
1005	2  35  28 
1007	2  10  20 
1009	2  10  11 
1009	2  12  26 
1011	2  16   2 
1011	2  27  33 
1013	2  25  21 
1013	2  10  11 
1013	2  34  33 
1015	2  16   2 
1015	2  34  33 
1015	6  26  20 
1017	2  10   8 
1019	2  23   9 
1021	2  29  26 
1021	2  10   8 
1023	2  29  26 
1025	2  12  20 
1025	2  29  11 
1027	2  22  32 
1027	2  12  13 
1029	2  35  21 
1029	2  12  13 
1031	2  25  26 
1031	2  15   2 
1031	2  12  18 
1031	6  23  11 
1033	2  14  20 
1033	2  12  18 
1035	2  25  26 
1035	2  15   2 
1037	2  16   5 
1037	2  14  20 
1037	2   3   2 
1037	6  34  31 
1039	2  11   9 
1041	2  16   5 
1041	2  14  13 
1041	2   3   2 
1043	2  34  28 
1043	2  10   9 
1043	2  19  20 
1045	2  22  32 
1045	2  14  13 
1047	2  34  28 
1047	2  11  17 
1047	2  19  20 
1049	2  35  21 
1049	2  11  17 
1051	2  29  23 
1051	2  27  32 
1051	2  10   9 
1051	2  19  13 
1053	2  22  28 
1053	2  10  17 
1053	2  14  18 
1053	6  33  26 
1055	2  15   5 
1057	2  16   4 
1057	2  19  13 
1059	2  34  21 
1059	2  10  17 
1059	6  19  18 
1061	2  35  33 
1061	2  15   5 
1063	2  27  32 
1063	2  16   4 
1065	2  22  28 
1065	2  31  32 
1065	2   3   5 
1065	2  14  19 
1067	2  34  21 
1067	2  31  32 
1067	2   3   5 
1067	2  18  19 
1069	2  35  33 
1069	2  22  21 
1069	2  18  19 
1069	6  11   8 
1071	2  27  28 
1073	2  34  33 
1073	2  22  21 
1073	6  31  26 
1075	2  29  11 
1075	2   8   2 
1077	2  29  11 
1077	2   8   2 
1079	2  15   4 
1079	2  27  28 
1079	2  31  32 
1081	2  16  20 
1081	2  34  33 
1081	6   5   3 
1083	2  16  20 
1083	2  31  32 
1085	2  26  28 
1087	2  15   4 
1087	2  26  28 
1089	2  27  21 
1089	2  10   2 
1089	6  19  14 
1091	2  22  33 
1091	2   5   4 
1093	2  27  21 
1093	2  10   2 
1093	6  29  23 
1095	2   8   3 
1095	2  26  21 
1097	2  15  20 
1097	2   5   4 
1097	6  32  31 
1099	2  23   9 
1101	2  23   9 
1103	2  23  17 
1103	2   8   3 
1103	2  26  21 
1105	2  16  13 
1107	2  22  33 
1107	2  10   3 
1109	2  23  17 
1109	2  15  20 
1109	2  27  33 
1109	6   5   3 
1111	2  32  28 
1113	2  32  28 
1111	6  20  15 
1115	2  27  33 
1115	6  23  11 
1117	2   3  15 
1117	2  26  33 
1119	2   3  15 
1119	2  26  33 
1121	2  16  13 
1121	6  33  31 
1123	2   8   4 
1125	2  20  13 
1125	2  10   5 
1123	6  29  22 
1127	2   8   4 
1127	6  26  25 
1129	2  16  14 
1129	2  33  28 
1131	2  16  14 
1131	2  33  28 
1129	6   3   2 
1133	2  26  22 
1135	2  26  22 
1135	2  10   4 
1137	2  35  22 
1137	2  20  13 
1137	2  10   4 
1139	2  35  22 
1139	2   2  13 
1139	6  33  26 
1141	2  11   3 
1143	2  11   3 
1145	2  33  23 
1145	2   8  15 
1145	6  25  19 
1147	2  33  23 
1147	2   8  15 
1149	2  34  22 
1149	2  11   5 
1151	2  35  23 
1151	2  20  14 
1151	2  11   5 
1153	2  34  22 
1153	2   2  13 
1153	2  11   4 
1155	2  35  23 
1155	2  20  14 
1155	2  11   4 
1157	2  29  22 
1157	2   8  13 
1157	6  33  31 
1159	2  29  22 
1159	2   2  14 
1161	2  10  15 
1161	6  20  19 
1163	2  34  23 
1163	2  10  15 
1165	2  34  23 
1163	6  31  24 
1167	2  27  22 
1167	2   8  13 
1169	2  32  21 
1169	2  29  23 
1169	6  24  19 
1171	2  32  21 
1171	2  29  23 
1173	2  27  22 
1169	6  10   3 
1173	6  35  29 
1175	2  19   9 
1175	2  32  33 
1177	2  19   9 
1177	2  32  33 
1179	2  26  21 
1179	2   3  13 
1179	6  34  23 
1181	2  26  21 
1181	2   3  13 
1183	2   2  14 
1183	6  11  10 
1185	2  20  22 
1187	2  27  34 
1187	2   8  14 
1187	6  29  23 
1189	2  27  34 
1189	2  10  15 
1191	2  26  33 
1191	2  10  15 
1189	6  13   2 
1193	2  28  21 
1193	6  17  16 
1195	2  28  21 
1195	2   8  14 
1197	2  26  33 
1197	2   3  14 
1199	2  23   9 
1201	2  23   9 
1203	2  20  22 
1203	6  11   9 
1205	2  28  33 
1207	2  28  33 
1209	2  29  11 
1205	6  19  13 
1211	2  13  16 
1213	2  13  16 
1215	2  23  16 
1215	2  20  34 
1215	6   5   4 
1217	2  23  16 
1217	2  20  34 
1219	2  32  22 
1219	6  13   8 
1221	2  29  11 
1223	2  29  16 
1225	2   8   9 
1225	2  32  22 
1227	2   8   9 
1227	2  26  22 
1229	2  23   9 
1231	2   8   4 
1231	2  32  34 
1231	6  23  16 
1233	2   8   4 
1233	2  32  34 
1235	2   3  14 
1237	2  29  23 
1237	2  16   9 
1239	2  16   4 
1239	6  29  27 
1241	2  16   4 
1243	2  10   2 
1245	2  27   9 
1247	2  27   9 
1249	2  26  22 
1249	6   8   4 
1251	2  21  33 
1253	2  28  22 
1255	2   4   5 
1255	2  26  34 
1255	6  13   8 
1257	2   4   5 
1257	2  21  33 
1259	2  16   5 
1259	2  26  34 
1261	2  27  13 
1261	6  17   5 
1263	2  27  13 
1261	6   9   2 
1265	6  35  29 
1267	2   4  15 
1269	2  16  17 
1269	6  20   2 
1271	6  35  23 
1275	2   4  15 
1277	2  29  11 
1277	6   3   2 
1279	2  29  11 
1281	2  23  11 
1275	6  32  26 
1281	6  26  20 
1283	2  29  35 
1283	2  10   9 
1285	2  23  11 
1285	6  13   8 
1287	2  29  35 
1287	2  16  15 
1289	2  23  35 
1287	6   4   3 
1291	2  29  26 
1291	2  16  15 
1293	2   4  11 
1293	2  23  35 
1293	6  20   8 
1295	2   4  11 
1295	2  28  22 
1297	2  28  34 
1297	6  11   4 
1299	2  29  26 
1301	2  21  22 
1301	6  32  19 
1303	2   3   9 
1303	2  21  22 
1305	2   3   9 
1305	2  28  34 
1307	2   8   4 
1307	2  33  22 
1309	2  27  17 
1309	6  19  13 
1311	2  27  17 
1313	2  27  15 
1313	6  35  23 
1315	2  10  14 
1317	2   8   4 
1317	6  27  20 
1319	2  11  23 
1321	2  11  23 
1319	6  13   7 
1323	2  29  27 
1323	2  16   9 
1325	2  29  27 
1325	2  10  14 
1327	2  29  17 
1327	2   3  14 
1327	6  27  26 
1329	2  29  17 
1329	2   3  14 
1331	2  16   9 
1333	2  35  27 
1333	2  16  14 
1335	2  35  27 
1335	2  16  14 
1333	6   4   3 
1337	2  20  15 
1337	6  35  33 
1339	2   7   3 
1341	2   7   3 
1337	6  23  17 
1343	2  33  26 
1343	2  29  15 
1345	2  33  26 
1345	2  35  22 
1345	6  10   3 
1347	2  21  34 
1349	2  33  23 
1351	2  28  10 
1353	2  20   9 
1353	6  29  22 
1355	2  20   9 
1357	2  20  14 
1353	6  17  11 
1357	6   7   2 
1359	2  17  27 
1361	2  17  27 
1363	2   8  11 
1363	6  27  26 
1365	2   8  11 
1367	2  22  15 
1367	6  11   3 
1369	2  21  34 
1371	2  35  34 
1371	2  20  14 
1373	2   2   3 
1373	2  17  27 
1375	2   8  26 
1375	2  35  34 
1377	2  28  10 
1379	2   2   3 
1379	2  17  27 
1381	2   8  26 
1381	6  35  29 
1383	2  21  10 
1385	2  21  10 
1383	6   7   2 
1387	2  33  23 
1389	2  17  23 
1389	2  35  34 
1389	6  26   8 
1391	2  17  23 
1391	2  35  34 
1393	6  29  23 
1395	2   7   8 
1395	2  26  27 
1397	2  33  15 
1399	2  22   9 
1401	2   7   8 
1401	2  26  27 
1401	2  23  10 
1403	2  33  15 
1405	2  22   9 
1405	6  13   7 
1407	2  26  29 
1409	2  17  15 
1411	2  13  27 
1411	6  17  10 
1413	2  13  27 
1415	6  27  13 
1417	2  23  17 
1419	6  11   3 
1421	2  26  29 
1423	2  27  29 
1425	2  22  14 
1427	2  10  15 
1427	2  27  29 
1429	2  22  14 
1431	2  35  17 
1433	2  26  15 
1433	6  23  11 
1435	2  26  15 
1437	2  27  15 
1439	2  28  23 
1439	6  20   9 
1441	2  28  23 
1439	6  33  32 
1443	6  29  17 
1445	2  32  20 
1447	2  32  20 
1445	6   9   8 
1449	2  21  23 
1449	6  32  25 
1451	2  21  23 
1453	2  11  23 
1451	6  13   8 
1455	2  35  29 
1453	6  27  21 
1457	2  11  23 
1459	2  10  20 
1459	2  34  29 
1461	2  25  14 
1461	2  35  23 
1463	2  10  20 
1463	2  34  29 
1465	2  25  14 
1465	2  35  23 
1467	2  26  20 
1467	2  34  23 
1467	6   8   4 
1469	2  26  20 
1469	2  34  23 
1471	2  29  23 
1473	2  10  14 
1473	2  29  23 
1475	2  21  15 
1475	2  25  13 
1477	2  10  14 
1477	6  28  22 
1479	2  26  14 
1481	2  26  14 
1479	6  11   4 
1483	2  21  20 
1483	6  35  23 
1485	2  21  20 
1487	2  21  14 
1485	6   4   2 
1489	2  21  14 
1489	6  34  28 
1491	2  10  16 
1491	2  13  25 
1493	2  16  10 
1493	2  25  13 
1495	2  22   9 
1497	2  22   9 
1499	2  27   9 
1501	2  22  11 
1503	2  27   9 
1505	2  22  11 
1505	2   2   9 
1507	2  22  17 
1507	2   2   9 
1509	2  22  17 
1511	2  23   9 
1513	2  22  15 
1515	2  23   9 
1517	2  22  15 
1519	2  22  20 
1519	6  11   9 
1521	2  22  20 
1525	2  27   9 
1527	2  27   9 
1529	2   2   9 
1529	2  27  17 
1531	2   2   9 
1531	2  27  17 
1533	2  23   9 
1535	2  27  15 
1535	6  23  11 
1537	2  27  15 
1539	2  27  20 
1541	2  28  23 
1541	2  11   9 
1543	2  28  23 
1543	2  10  16 
1545	2  29  23 
1545	2  27  20 
1545	6  10   2 
1547	2  29  23 
1549	2  35  23 
1551	2  10  17 
1551	6  20   8 
1553	2  10  17 
1555	2  11  17 
1551	6  33  29 
1557	2  10  15 
1557	2  35  23 
1557	2  26  20 
1559	2  22  14 
1561	2  11  17 
1561	2  21   3 
1563	2  10  15 
1563	2  20  26 
1563	6  29  23 
1565	2  11  15 
1567	2  10   8 
1567	2  26  20 
1569	2  22  14 
1571	2  27  14 
1571	6  16  11 
1573	2  27  14 
1575	2  27  19 
1577	2  16  15 
1577	2  19  27 
1579	2  10   8 
1579	2  27  19 
1581	2  16   8 
1581	6  26  24 
1583	2  16   8 
1585	6  22   9 
1587	6  35  33 
1591	2  10  14 
1593	2  28  22 
1593	2  10  14 
1595	2  28  22 
1595	2   9   4 
1597	2  35  22 
1597	2   4   9 
1599	2  28  17 
1599	2   9   4 
1601	2  35  22 
1601	6   9   8 
1603	2  28  17 
1605	2  33  22 
1607	2  35  17 
1609	2  28  15 
1611	2  33  22 
1613	2  35  17 
1615	2  28  15 
1617	2  29  22 
1617	6  20   9 
1619	2  29  22 
1615	6  11   5 
1617	6  34  33 
1621	6  22  17 
1623	6  35  33 
1627	2  16  14 
1629	2  34  22 
1631	2  33  15 
1633	2  28  20 
1635	2  34  22 
1637	2  33  15 
1639	2  28  20 
1641	2  16  14 
1641	6  34  27 
1643	2  10  23 
1645	2  23  10 
1647	2  29  22 
1647	2  33  20 
1649	2  27  15 
1649	6  23  11 
1651	2  27  15 
1653	2  33  20 
1655	2  28  14 
1655	2  10  11 
1657	2  29  22 
1657	6  33  20 
1659	2  17  22 
1661	2  17  22 
1663	2  28  14 
1665	2  29  15 
1667	2  27  33 
1667	2  20  14 
1669	2  29  15 
1671	2  27  33 
1671	2  20  14 
1673	2  17  15 
1673	6  29  28 
1675	2  17  15 
1677	2  20  18 
1679	2  28  33 
1679	2  18  20 
1681	2  27  14 
1681	2  29  23 
1683	2  28  33 
1683	2  20  18 
1685	2  27  14 
1685	2  23  29 
1687	2  22  15 
1685	6  18  12 
1689	2  22  15 
1687	6  33  27 
1691	2  29  23 
1685	6  31  25 
1687	6   8   7 
1691	6  25  20 
1693	2  33  32 
1695	2  32  33 
1693	6  10   8 
1697	2  33  32 
1693	6  12   0 
1699	2  17  27 
1699	6   8   6 
1701	2  17  27 
1703	2  22  27 
1699	6  19  18 
1705	2  28  14 
1707	2  28  14 
1709	2  17  14 
1711	2  22  27 
1711	6  25  12 
1717	2  17  14 
1719	2  15  27 
1721	2  22  14 
1723	2  15  27 
1725	2  22  14 
1727	2  15  14 
1727	2  17  10 
1727	6  28  26 
1729	2  15  14 
1729	2  10  17 
1731	2  15   8 
1733	2  27  14 
1733	2  17  10 
1735	2  27  14 
1737	2  14   1 
1737	2  27  25 
1739	2  22  20 
1741	2  26  19 
1741	2  16  28 
1743	2   3  21 
1745	2  28  16 
1745	2  19  26 
1747	2  20  22 
1749	2   8  15 
1749	2  25  27 
1751	2   1  14 
1751	2  27  25 
1753	2  14   1 
1755	2  15   8 
1755	2  26  19 
1757	2  22  20 
1759	2  16  28 
1761	2  21   3 
