   1	2   7   9 
   1	6  24  22 
   3	2   7   9 
   5	2   7   2 
   1	6  48  39 
   7	2   7   2 
   7	6  39  24 
   9	2   9   2 
  11	2   9   2 
   9	6  22  15 
  13	6  24  10 
  15	2   7  15 
  17	2   7  15 
  19	2   9  15 
  19	6  11   5 
  21	2   7   1 
  23	2   9  15 
  25	2   7   1 
  25	6  16  11 
  31	2   2  15 
  33	2   9   1 
  35	2   7  23 
  37	2   2  15 
  39	2   9   1 
  41	2   7  23 
  43	2   2   1 
  45	2   9  23 
  47	2   7  10 
  49	2   2   1 
  51	2   9  23 
  53	2   7  10 
  55	2  15   1 
  57	2   2  23 
  59	2   9  10 
  59	6   7   1 
  61	2   9  10 
  59	6  36  22 
  63	6  17  11 
  65	2  15   7 
  65	6  43  29 
  69	2   1  16 
  71	2   2  23 
  73	2   1  16 
  73	6  29  21 
  75	2   2  10 
  77	2   9  16 
  79	2  15  23 
  79	2   1   3 
  81	2  15  23 
  81	2   2  10 
  83	2   9  16 
  83	6  21   0 
   7	6  48  34 
  13	6  34  26 
  31	6  26  19 
  69	6  19  18 
  83	6  18   4 
  75	6  20  13 
  89	2   1   3 
  89	6  18  13 
  91	2   9   3 
  93	2   1  22 
  95	2   7  23 
  95	6  18  11 
  97	2   2  16 
  99	2   7  23 
 101	2  15  10 
 103	2  15  10 
 105	2   2  16 
 107	2   9   3 
 107	6  22   7 
 109	2   2   3 
 111	2   2   3 
 113	2   1   7 
 113	2  22  10 
 115	2  15  16 
 117	2   9   7 
 119	2   1  17 
 121	2  22  10 
 123	2  15  16 
 125	2   9   7 
 127	2   1  17 
 129	2  23  10 
 129	2   1   0 
 131	2  22  16 
 131	2   2   7 
 133	2  15   3 
 135	2   9  17 
 135	2   1   0 
 137	2  23  10 
 139	2  22  16 
 139	2   2   7 
 141	2  15   3 
 143	2   9  17 
 143	6  22   7 
 149	2  23  16 
 149	2   1   4 
 151	2  15  22 
 151	2   2  17 
 153	2   9   0 
 155	2  23  16 
 155	2   1   4 
 157	2  15  22 
 157	2   2  17 
 159	2   9   0 
 161	2  10  16 
 161	6   8   7 
 163	2  10  16 
 165	6  23  10 
 171	2   8   3 
 173	2   8   3 
 175	2  10   3 
 175	2   8  22 
 177	2  15  17 
 177	2   2   0 
 179	2   9   4 
 181	2  10   3 
 181	2   8  22 
 183	2  15  17 
 183	2   2   0 
 185	2   9   4 
 187	2  10  22 
 189	2   8  17 
 191	2  15   0 
 191	6  11   3 
 193	2  15   0 
  13	6  47  39 
  19	6  39  32 
 171	6  32  31 
 189	6  31  30 
 195	6  30  14 
 197	2   2   4 
 199	2   2   4 
 197	6  25  18 
 201	2   1   3 
 203	2   1   3 
 203	6  24  22 
 205	2   9   3 
 207	2   9   3 
 209	2  23  11 
 205	6   7   0 
 211	2   1  14 
 211	2  10  24 
 213	2  23  11 
 215	2   8  17 
 217	2   1  14 
 217	2  23  24 
 217	6  18  11 
 219	2   8   7 
 219	2   2   3 
 219	2  23  24 
 221	2   9  14 
 223	2  16  18 
 223	2   2   3 
 225	2  10  17 
 225	2   8   7 
 227	2  16  18 
 227	6   3   1 
 229	2  16  24 
 231	2  16  24 
 177	6  45  39 
 183	6  39  33 
 189	6  33  27 
 195	6  27  20 
 215	6  20  13 
 221	6  13   5 
 195	6  41  33 
 213	6  33  32 
 233	2   3  11 
 233	6  32  25 
 235	2  10  17 
 237	2   9  14 
 239	2   3  11 
 239	6   8   7 
 241	2  23  17 
 241	2   3   5 
 243	2  23  17 
 243	2   3   5 
 245	2  10   8 
 245	6  25  19 
 247	2   2  14 
 249	2  10   8 
 245	6  31  30 
 251	2   9  11 
 251	6  31  25 
 253	2   2  14 
 255	2   9  11 
 257	2  18  24 
 257	6   9   4 
 259	2  18  24 
 261	6  24  18 
 263	2  15   9 
 263	2   4   5 
 265	2  15   9 
 265	2   4   5 
 267	2   7   9 
 267	6  19   4 
 269	2  15   1 
 271	2   7   9 
 273	2  15   1 
 273	2   3   4 
 275	2  16  17 
 275	2   7   1 
 275	2   3   4 
 277	2  23   8 
 277	2  19   4 
 279	2  10   9 
 279	2  15  14 
 279	6  25  12 
 281	2  10   9 
 281	2   7   1 
 283	2  15  14 
 283	6  10   2 
 285	2   7  14 
 287	2   7  14 
 285	6  32  25 
 289	2  10  11 
 289	2  23   8 
 291	2  16  17 
 291	2   2   1 
 291	2  19   4 
 293	2  10  11 
 293	2  16   8 
 295	2  24  17 
 295	2   3  12 
 297	2  23   9 
 299	2  10   5 
 299	6  23  15 
 301	2   2   1 
 303	2  10   5 
 305	2  23  11 
 305	6   7   1 
 307	2  24  17 
 307	2   3  12 
 309	2  23  11 
 311	2  16   8 
 311	2  19  12 
 311	6   4   3 
 313	2  15   9 
 313	2  18  17 
 315	2  24   8 
 315	2  19  12 
 317	2  16   9 
 317	2   4  25 
 319	2  15   7 
 319	2  10   3 
 319	6  31  19 
 321	2   2  14 
 323	2  16   9 
 325	2  18  17 
 325	2  15   7 
 325	6  33  20 
 327	2   2  14 
 329	2  10   3 
 329	2  15  14 
 327	6  24  23 
 331	2  10  12 
 331	2  15  14 
 333	2  23   8 
 333	6  20   4 
 335	2  16   7 
 337	2  16   7 
 335	6  30  29 
 339	2  20  25 
 339	2  16  14 
 339	6   3   1 
 341	2  31  25 
 341	2  20  19 
 341	2  16  14 
 343	2  31  25 
 343	2  20  19 
 343	6  16  15 
 345	2   3  11 
 347	2   3  11 
 345	6  32  30 
 349	2   2  11 
 351	2  23   9 
 351	6  18   4 
 353	2  23   9 
 355	6  33  31 
 357	2   2  11 
 359	2  10  12 
 361	2  23   7 
 361	2  33  19 
 361	6   4   3 
 363	2  20  18 
 365	2  23   7 
 365	2  33  19 
 367	2   3   8 
 367	2  20  18 
 367	6  31  30 
 369	2   3   8 
 369	2  20  27 
 371	2  17   8 
 371	2  20  27 
 369	6  12   5 
 373	2   3   9 
 373	2  23  14 
 373	6  26  20 
 375	2  16  11 
 377	2  17   8 
 351	6  46  44 
 367	6  46  40 
 373	6  48  39 
 375	6  29  21 
 379	2  24  12 
 379	2   3   9 
 381	2  24  12 
 381	6   3   2 
 383	2  33  18 
 385	2  23  14 
 385	2  26  32 
 387	2   4  12 
 387	2  17   9 
 387	2  26  32 
 387	6  30  29 
 389	2   4  12 
 389	2   2   7 
 391	2   3  12 
 389	6  17  16 
 393	2   3  12 
 389	6  32  26 
 393	6  37  36 
 395	2  10  25 
 397	2  17  11 
 397	2   2   7 
 397	2  32  31 
 399	2  10  25 
 399	6  15   1 
 401	2  10  19 
 401	2  32  31 
 403	2  10  19 
 403	2  32  40 
 399	6  45  43 
 405	2  24  15 
 405	6  11  10 
 407	2  24  15 
 409	2  32  40 
 405	6  36  35 
 411	2   1  10 
 411	2  32  39 
 411	6  19   5 
 413	2  16   9 
 413	2  32  39 
 415	2   1  10 
 415	2  32  38 
 417	2  24  19 
 417	2   8   9 
 417	6   4   3 
 419	2  24  19 
 419	2   8   9 
 421	2  24  25 
 417	6  45  37 
 423	2   3  15 
 423	2  24  25 
 423	6  47  44 
 425	2   3  15 
 427	2  17  12 
 429	2   3  19 
 429	2  32  38 
 431	2  17  12 
 431	2  32  30 
 433	2   3  19 
 433	6  44  29 
 435	2  33  18 
 437	2  11  18 
 437	2  33  27 
 439	2  16   7 
 439	2  11  18 
 439	2  33  27 
 439	6  36  29 
 441	2   2  14 
 441	2  33  26 
 443	2  16   7 
 443	2  33  26 
 441	6  12   5 
 445	2  23  10 
 445	2   8   7 
 445	6  39  33 
 447	2  24  12 
 447	2   2  14 
 449	2  23  10 
 449	2   8   7 
 449	6  36  28 
 451	2  24  12 
 453	2  16  14 
 453	2  39  31 
 453	6   5   3 
 455	2  24  18 
 457	2  16  14 
 457	2  39  31 
 453	6  34  20 
 457	6  25  18 
 459	2   1   3 
 459	2  39  40 
 461	2   1   3 
 461	2  39  40 
 459	6  12   5 
 463	2   2  10 
 463	2  24  25 
 463	2  39  33 
 465	2  12  18 
 465	2   9   7 
 465	2  39  33 
 467	2  12  18 
 467	2   8  14 
 467	2  39  38 
 469	2  12   5 
 469	2   2  10 
 469	2  39  38 
 471	2  11  27 
 471	2   8  14 
 471	6  38  29 
 473	2  12   5 
 473	2  16  10 
 475	2  11  27 
 477	2  12  25 
 477	2   9   7 
 477	6  36  29 
 479	2  24  27 
 481	2  11  26 
 483	2  16  10 
 483	2  12  25 
 485	2  24  27 
 485	6   4   2 
 487	2  32  30 
 489	2  39  30 
 487	6  19  18 
 491	2   2  15 
 491	2  32  45 
 493	2   2  15 
 493	2  12  27 
 493	6  31  25 
 495	2   9  14 
 495	2  12  27 
 497	2   8  10 
 497	6  40  27 
 499	2  17  15 
 501	2  17  15 
 499	6   4   2 
 503	2  39  30 
 505	2   4  18 
 505	2   1  15 
 505	6  30  29 
 507	2   4  18 
 507	2   1  15 
 509	2  17  18 
 509	2  32  45 
 509	6   3   1 
 511	2  17  18 
 511	2  39  45 
 513	2  32  46 
 511	6  23  15 
 515	2   4  19 
 515	2  39  45 
 517	2  15   1 
 517	2   4  19 
 517	2  32  46 
 519	2  15   1 
 519	2   4   5 
 519	2  39  46 
 519	6  18  17 
 521	2   2   1 
 521	2  15  23 
 521	2   4   5 
 521	2  39  46 
 523	2   2   1 
 523	2  15  23 
 523	6  33  20 
 525	2   3  17 
 527	2   3  17 
 511	6  36  29 
 525	6  29  22 
 529	2  18  19 
 529	6  10   2 
 531	2  18  19 
 533	2  32  48 
 531	6  23  15 
 535	2  11  26 
 537	2  16   1 
 537	2  11  25 
 539	2  10  15 
 539	2  32  48 
 539	6  20  12 
 541	2  23  17 
 541	2   8   2 
 541	2  39  48 
 543	2   9  14 
 543	2  32  47 
 545	2   3  19 
 545	2   7  14 
 545	2  39  48 
 547	2  18   5 
 547	2   9   2 
 547	2   7  14 
 549	2  24  26 
 549	2   9   2 
 551	2  16   1 
 551	2  11  25 
 553	2  10  15 
 553	2  32  47 
 555	2  23  17 
 555	2   8   1 
 555	2  39  47 
 555	6  19   4 
 557	2  16  15 
 557	2  39  47 
 559	2   8   1 
 559	6  40  33 
 561	2   3   4 
 561	2  16  15 
 563	2  18   5 
 563	2   7   2 
 563	6  23  22 
 565	2  10  17 
 565	2  32  44 
 567	2   3   5 
 567	2  32  44 
 569	2  19  31 
 569	2   9   1 
 569	6   4   3 
 571	2  19  31 
 571	2   8  15 
 573	2  24  26 
 573	2   9   1 
 573	2  39  44 
 575	2  18  31 
 575	2   4   5 
 575	2   7   2 
 575	6  36  29 
 577	2  19  33 
 577	2  10  17 
 577	2   8  15 
 579	2  20  26 
 579	2  16  17 
 579	2   7   1 
 581	2  24  25 
 581	2  14   2 
 581	2  39  44 
 583	2  11  27 
 583	2   7   1 
 585	2  18  31 
 585	2   9  15 
 587	2  19  33 
 587	2  16  17 
 589	2  20  26 
 589	2   8  17 
 591	2  24  25 
 591	2  14   2 
 593	2  11  27 
 593	2  14   1 
 595	2  18  33 
 595	2   9  15 
 597	2  19  26 
 597	2   8  17 
 599	2  20  25 
 599	2   7  15 
 599	6  10   4 
 601	2  19  26 
 601	2  14   1 
 603	2  20  25 
 603	2   7  15 
 603	2   2   1 
 605	2  10  31 
 605	2  14  15 
 607	2  24  27 
 607	2  11  12 
 607	2   2   1 
 607	2  14  15 
 609	2  10  31 
 611	2  18  33 
 611	2   2  15 
 613	2  24  27 
 613	2  11  12 
 613	6   7   2 
 615	2  18  26 
 617	2  19  25 
 615	6  22  16 
 619	2  20  27 
 619	2  32  37 
 619	6  11  10 
 621	2  19  25 
 621	2   7  15 
 623	2  20  27 
 623	2   1  15 
 623	2  32  37 
 625	2  16   3 
 625	2  18  26 
 625	2  39  37 
 627	2  16   3 
 627	2  18  25 
 627	2  39  37 
 625	6   7   1 
 629	2   4   3 
 629	2  19  27 
 629	6  17  16 
 631	2   4   3 
 631	2  19  27 
 633	2  32  34 
 633	6   3   1 
 635	2  18  25 
 637	2  18  27 
 639	2  17   5 
 639	6  33  26 
 641	2  17   5 
 643	2  22   1 
 643	2   4   5 
 645	2  17  31 
 645	2   4   5 
 645	2   7  15 
 647	2  11  26 
 647	2  22   1 
 649	2  24  12 
 649	2   8   1 
 651	2  10  23 
 651	2   8   1 
 651	2  32  34 
 651	6  19   5 
 653	2  10  23 
 653	2  39  34 
 655	2   9  16 
 655	2  32  41 
 657	2  17  31 
 659	2  11  26 
 659	2   9  16 
 655	6  29  22 
 659	6  45  37 
 661	2  24  12 
 661	2   9   1 
 663	2  17  26 
 665	2  20  12 
 665	2  24  23 
 665	2   9   1 
 665	2  39  34 
 665	6  37  29 
 667	2  17  26 
 669	2  20  12 
 669	2  24  23 
 669	6  33  26 
 671	2  10  22 
 673	2  10  22 
 671	6  37  31 
 675	2  11  26 
 675	2   2  16 
 677	2  31  19 
 677	6   8   3 
 679	2  31  19 
 681	2   5  12 
 681	2  32  41 
 681	6  37  23 
 683	2  11  26 
 685	2   3  19 
 687	2  17  26 
 687	2   5  12 
 687	2  39  41 
 689	2  11  25 
 689	2   2  16 
 689	6  34  20 
 691	2  24  22 
 691	2   2   1 
 693	2  11  25 
 693	2  14  16 
 693	2   2   1 
 689	6  46  37 
 695	2  34  46 
 695	2  24  22 
 695	6   9   4 
 697	2  34  46 
 699	2  32  38 
 697	6  29  22 
 701	2   3  19 
 701	2  39  41 
 703	2   9  23 
 703	2  18  27 
 703	2  32  38 
 703	6  13   5 
 705	2   9  23 
 705	2  39  38 
 707	2  31  23 
 705	6  19  18 
 709	2  31  23 
 705	6  34  33 
 707	6   9   3 
 711	2  19  12 
 711	2  32  30 
 707	6  47  46 
 713	2  10  22 
 713	2  39  38 
 713	6  27  13 
 715	2  10  22 
 717	2   4  18 
 717	2   9  23 
 713	6  47  41 
 719	2  17  26 
 715	6  38  37 
 719	6  13   5 
 721	2  17  25 
 721	2  27  41 
 723	2  24  22 
 723	2  27  41 
 725	2  11   5 
 725	2  14  16 
 725	6  38  29 
 727	2   4  18 
 727	2   8  16 
 729	2  17  25 
 729	2  19  12 
 725	6  34  27 
 729	6   4   3 
 731	2  33  38 
 731	2  14   1 
 733	2  33  38 
 733	2   8  16 
 735	2   9  23 
 735	2  11   5 
 735	6  38  33 
 737	2  17   5 
 737	2  14   1 
 739	2  11  12 
 739	2   7  16 
 741	2  24  22 
 741	2  34  33 
 741	2  11  12 
 741	2   8   1 
 743	2   2  18 
 743	2  38  22 
 743	2  34  33 
 745	2   2  18 
 745	2  38  22 
 745	6  41  33 
 747	2  17   5 
 747	2   8   1 
 749	2  17  12 
 747	6  29  22 
 751	2  19  33 
 749	6  14   8 
 753	2  19  33 
 749	6   3   2 
 751	6  48  46 
 755	2  10  22 
 755	6  27  19 
 757	2  10  22 
 759	2   2  23 
 757	6  46  40 
 761	2   4  19 
 761	2  24  22 
 763	2   4  19 
 763	2  24  22 
 763	6  40  34 
 765	2  31  19 
 767	2  31  19 
 761	6   8   2 
 767	6   9   3 
 769	2  27  41 
 769	2  38  22 
 771	2  27  41 
 771	2  38  22 
 769	6  18  17 
 773	2  32  30 
 773	6  13   4 
 775	2   8  23 
 777	2   9  23 
 773	6  34  27 
 775	6  40  32 
 779	2   3  19 
 779	6  45  29 
 781	2  13  26 
 783	2  13  26 
 779	6  16   8 
 781	6   4   3 
 785	2  31  26 
 785	2   7   8 
 785	6  17  16 
 787	2   4  19 
 787	2   7   1 
 787	2  39  30 
 789	2  31  26 
 789	2   7   1 
 789	6  46  45 
 791	2  13  25 
 791	2  15   8 
 793	2  13  25 
 793	2  15   8 
 795	2   2  16 
 795	2  31  25 
 795	2  13   5 
 797	2  17  19 
 797	2  32  46 
 797	6  37  22 
 799	2  17  19 
 799	2  32  46 
 801	2  13   5 
 801	6  26  10 
 781	6  48  41 
 803	6  44  30 
 807	2  26  27 
 807	2   4  10 
 807	2  15   1 
 807	6  41  40 
 809	2  26  27 
 809	2   2  16 
 809	2  18  12 
 811	2   9  23 
 811	2  13  12 
 809	6  38  32 
 813	2   4  10 
 813	2  13  12 
 813	2  15   1 
 813	6  47  34 
 815	2  31  25 
 815	2  14  16 
 817	2   2  23 
 815	6  12   5 
 819	2  24  27 
 819	2  47  46 
 819	2   8   1 
 821	2  26  40 
 821	2  17  10 
 821	2  38  37 
 821	2   8   1 
 823	2  24  27 
 823	2  47  46 
 825	2  26  40 
 825	2  14  16 
 825	2  38  37 
 823	6  12  11 
 827	2  32  27 
 827	2   7  16 
 827	6  47  45 
 829	2   4  25 
 831	2   2  23 
 829	6  20  13 
 833	2  24  40 
 833	2  45  37 
 835	2  12  33 
 835	2  14  23 
 835	2  45  37 
 837	2  12  33 
 837	2   7  16 
 839	2  18  33 
 839	2  15  16 
 841	2  17  10 
 841	2  32  27 
 841	6  22   1 
 843	2  18  33 
 845	2  20  33 
 845	6  18  11 
 847	2  14  23 
 847	2  20  33 
 849	2   7  23 
 849	2  39  44 
 849	6  48  34 
 851	2  31  18 
 851	2  15  16 
 853	2  31  18 
 853	2   8  16 
 849	6  13   5 
 855	2   4  25 
 855	6  20  13 
 857	2  24  40 
 859	2  17  25 
 859	6  40  38 
 861	2   4  18 
 861	2   8  16 
 863	2  17  25 
 863	6  20  12 
 865	2  32  38 
 865	2   7  23 
 867	2  32  38 
 867	2  15  23 
 867	6  10   9 
 869	2  20  34 
 869	2  15  23 
 871	2  20  34 
 865	6  47  46 
 869	6  32  31 
 873	2  10  19 
 871	6  46  45 
 875	2  10  19 
 875	6  30  24 
 877	2  10   9 
 877	2  40  27 
 879	2  10   9 
 879	2  40  27 
 881	2  26  24 
 881	6   5   2 
 883	2  26  24 
 885	2  30  24 
 871	6  15  14 
 881	6  46  41 
 887	2   5  19 
 887	2  30  24 
 887	6  41  33 
 889	2   5  19 
 889	2  31  24 
 889	2  22  16 
 891	2   4  18 
 891	2   8  23 
 893	2  10  25 
 893	2  40  38 
 893	6  23  15 
 895	2  17  18 
 895	2  33  27 
 897	2  10  25 
 897	2  40  38 
 899	2  17  18 
 899	2  33  27 
 899	2   8  15 
 899	6   5   3 
 901	2  31  24 
 901	2  22  16 
 903	2  33  38 
 903	2  22  15 
 899	6  48  47 
 905	2   3   9 
 905	2  40  24 
 905	6  27  20 
 907	2   3   9 
 907	2  40  24 
 909	2  10  18 
 909	2  22  15 
 905	6  45  37 
 911	2  27  48 
 911	2  16  15 
 911	6  31  29 
 913	2  27  48 
 913	2  16  15 
 915	2  10  18 
 915	6  34  27 
 915	6  46  45 
 917	6  25  11 
 917	6  16   2 
 921	6  40  38 
 923	2  25  27 
 923	2   3  11 
 925	2  25  27 
 925	2   3  11 
 927	2  26  31 
 927	6  17  16 
 929	2  26  31 
 931	2  13  27 
 931	2  30  31 
 923	6   8   1 
 927	6  48  41 
 933	2  25  41 
 929	6   8   2 
 935	2  34  46 
 935	2  30  31 
 935	2   3  18 
 937	2  26  17 
 937	6  47  39 
 939	2  13  27 
 939	2   3  18 
 941	2  26  17 
 941	6   4   2 
 943	2  25  41 
 945	2  34  46 
 945	2  30  17 
 947	2  25  46 
 949	2  34  20 
 949	2  29  31 
 949	6  11   4 
 951	2  26  39 
 953	2  34  20 
 953	2  29  31 
 953	6  45  44 
 955	2  33  40 
 955	2  30  17 
 957	2  34  40 
 957	2  29  17 
 955	6  20  12 
 959	2  33  24 
 959	6  10   2 
 961	2  32  20 
 963	2  32  20 
 965	2  32  48 
 961	6  23  16 
 947	6   8   7 
 965	6  20  11 
 967	2  32  48 
 969	2  38  31 
 969	2  34  40 
 967	6  15   8 
 971	2  10  11 
 971	2  32  27 
 971	6  47  45 
 973	2  16  19 
 975	2  16  19 
 977	2  10  11 
 977	2  32  27 
 979	2  16   9 
 979	2  25  46 
 979	6  41  34 
 981	2  23  11 
 983	2  16   9 
 983	2  25  12 
 985	2  13  34 
 985	2  38  31 
 985	6  15  10 
 987	2  13  34 
 989	2  26  39 
 991	2  10  19 
 991	2  32  34 
 991	6  14   8 
 993	2  10  19 
 993	2  30  39 
 995	2  23  11 
 995	2  26  20 
 995	6  48  45 
 997	2  10   9 
 997	2  25  12 
 999	2  16   4 
 999	2  26  20 
1001	2   2  11 
1001	2  32  34 
1001	6  45  36 
1003	2  10   9 
1003	2  33  24 
1005	2  16   4 
1001	6  20  13 
1007	2  15  36 
1007	2  25  40 
1007	6  27  20 
1009	2  15  36 
1009	2  25  40 
1011	2  23  36 
1011	2   2  11 
1011	6  46  41 
1013	2  23  36 
1013	2  10   4 
1015	2  29  17 
1013	6  32  26 
1017	2   3  11 
1013	6  20  13 
1017	6  36  23 
1019	2  27  41 
1019	2  10   4 
1021	2  27  41 
1021	2   3  11 
1017	6  46  45 
1021	6   9   8 
1023	2  30  39 
1023	2  27  12 
1025	2  26  41 
1025	6  45  29 
1027	2  26  41 
1029	2  27  12 
1027	6   9   3 
1031	2  29  24 
1031	2  45  39 
1031	6  13   5 
1033	2  16  18 
1033	2  33  31 
1035	2   2  23 
1035	2  45  39 
1037	2   3  19 
1037	6  23  15 
1039	2   3  19 
1041	2  32  47 
1041	6  19   5 
1043	2   2  15 
1043	2  32  47 
1045	2  29  24 
1045	2   9  15 
1047	2   3   8 
1047	2  33  31 
1049	2  38  17 
1049	6   2   1 
1051	2  16  18 
1051	2  27  40 
1051	2  29  31 
1053	2  38  17 
1053	6  34  20 
1055	2   3   8 
1055	2  25  24 
1055	2  38  39 
1057	2   3   4 
1057	2   9  15 
1057	2  25  24 
1057	2  38  39 
1059	2   2   5 
1059	2  27  40 
1059	2  29  31 
1061	2   2   5 
1061	2  25  31 
1061	6  46  34 
1063	2   2   8 
1063	2  25  31 
1065	2  10  18 
1065	6  37  30 
1067	2  16  11 
1069	2  26  12 
1069	2   2   8 
1071	2  37  46 
1071	2   3   4 
1071	6  22   8 
1073	2  37  46 
1073	2  10  18 
1075	2  45  46 
1075	2  26  12 
1077	2  33  17 
1077	2  45  46 
1077	6  30  29 
1079	2  16  11 
1079	2  26  40 
1081	2  33  17 
1081	2  38  46 
1081	6  12   5 
1083	2  16  15 
1083	2  33  39 
1085	2  27  24 
1085	6  47  45 
1087	2   2   4 
1087	2  30  17 
1089	2   3  18 
1089	2  16  15 
1089	6  32  31 
1091	2  37  45 
1091	2  10  11 
1093	2  37  45 
1093	2   2   4 
1091	6  23  16 
1095	2  47  45 
1095	2   3  18 
1097	2  16  19 
1097	2  38  46 
1095	6  36  29 
1099	2  16  19 
1099	2  47  45 
1101	2  10  11 
1101	2  26  40 
1101	2  38  45 
1101	6  29  23 
1103	2  33  39 
1103	2   2  18 
1105	2   3  11 
1105	2  33  46 
1105	6   9   8 
1107	2  27  24 
1109	2  26  24 
1109	2   3  11 
1109	2  38  45 
1111	2   9  12 
1111	2  33  46 
1113	2   9  12 
1113	6  45  31 
1115	2   9  22 
1117	2   9  22 
1115	6  20   5 
1119	2  30  17 
1119	6   8   7 
1121	2  27  32 
1123	2  25  17 
1123	2  30  39 
1121	6  12   5 
1125	2  10  15 
1125	2  27  32 
1127	2   9   4 
1127	2  26  24 
1129	2   9   4 
1129	2  30  39 
1131	2   2  18 
1133	2  10  15 
1133	2  26  32 
1135	2  25  17 
1135	2  30  46 
1135	6   8   3 
1137	2  25  39 
1139	2  33  31 
1139	6  18  17 
1141	2   3   5 
1141	2   8  15 
1141	2  26  32 
1143	2   3   5 
1143	2   8  15 
1143	2  30  46 
1145	2   9  17 
1145	2  33  31 
1145	6   5   4 
1147	2  27  18 
1147	2  30  31 
1149	2   9  17 
1149	2  30  31 
1145	6  14   0 
1147	6  46  40 
1151	2   2  11 
1151	6  31  25 
1153	2   2  11 
1155	2   9  11 
1157	2  27  18 
1157	2  31  39 
1157	2   2  15 
1159	2  26  18 
1159	2  31  40 
1159	2   2  15 
1161	2  27  39 
1161	2   9  11 
1161	6  24  23 
1163	2  26  18 
1163	2   9  15 
1165	2  27  39 
1165	2   9  15 
1165	6  18  12 
1167	2  31  40 
1169	2  27  40 
1163	6   4   3 
1167	6   9   1 
1171	2  24  19 
1167	6  22  15 
1171	6  41  33 
1173	2  16  18 
1175	2  24  19 
1175	2   0   3 
1177	2  16  18 
1177	2  27  40 
1179	2  24  18 
1179	6   9   4 
1181	2  24  18 
1183	2  26  39 
1185	2   4  19 
1185	2   9  15 
1185	6  33  32 
1187	2   4  19 
1187	2   9  15 
1189	2   4  18 
1189	6   8   7 
1191	2   4  18 
1193	2  31  25 
1193	6  20   4 
1195	2  31  25 
1185	6  46  44 
1191	6  44  29 
1197	6  33  25 
1199	2   0   3 
1201	2   0  15 
1201	6  12  10 
1203	2   0  15 
1203	2  27  33 
1205	2  27  33 
1203	6  25  24 
1207	2   3  15 
1209	2  16  32 
1209	6  19  11 
1211	2  16  32 
1213	2  25  32 
1197	6  44  37 
1213	6  30  29 
1215	2   8  11 
1217	2   8  11 
1219	2  16   4 
1219	2  25  32 
1219	6  20  19 
1221	2  16   4 
1223	2  16  30 
1225	2  19  32 
1225	2   3  15 
1227	2  25   4 
1227	6  37  22 
1229	2  25   4 
1231	6  11   9 
1233	2  26  39 
1235	2  26  40 
1233	6  37  29 
1237	2  19  32 
1237	6   3   0 
1239	2  26  40 
1241	2  26  33 
1239	6  31  29 
1243	2  11   5 
1243	2  26  33 
1241	6  20  13 
1245	2  22   9 
1245	2  11   5 
1245	6  39  32 
1247	2  22   9 
1249	2  16  30 
1249	2  19   4 
1251	2  12   9 
1251	6  40  37 
1253	2  12   9 
1255	2  19   4 
1255	2   7   9 
1257	2  25  30 
1257	2   3   5 
1257	6  15   8 
1259	2  25  30 
1259	2   3   5 
1261	2  11  17 
1261	6  39  30 
1263	2  11  17 
1265	2   7   9 
1261	6  26  19 
1267	2  15  18 
1269	2  15  18 
1271	2  15  30 
1271	2  11  13 
1273	2  16  23 
1273	2  26  39 
1273	2  11  13 
1273	6   8   0 
1275	2  16  23 
1275	2  26  39 
1277	2  25  23 
1275	6  13  12 
1279	2  15  30 
1281	2  16  24 
1281	6  33  19 
1283	2  16  24 
1285	2   2   9 
1281	6  37  30 
1281	6   5   4 
1287	2  25  23 
1287	2   2   9 
1289	2   3  17 
1291	2  26  23 
1291	6   4   2 
1293	2  25  24 
1295	2  26  23 
1297	2   8   2 
1297	2  25  24 
1297	6   5   4 
1299	2  16  10 
1301	2   8   2 
1301	2  26  24 
1303	2   3  17 
1305	2  16  10 
1305	6  31  19 
1307	2   0   2 
1309	2   1   9 
1311	2   8  17 
1313	2   3  12 
1313	6  23  22 
1315	2  11  19 
1315	2   0   2 
1317	2  25  10 
1317	6  20  13 
1319	2  23  18 
1319	2   1   9 
1321	2  23  18 
1317	6  14   7 
1323	2  20  18 
1323	2  23  37 
1323	6   2   0 
1325	2  20  18 
1325	2  23  37 
1327	2  11  19 
1327	6  40  37 
1329	2   8  17 
1331	2   3  12 
1331	6  15   0 
1333	2  26  24 
1335	2   3  19 
1335	6  40  34 
1337	2  25  10 
1339	2   2  17 
1337	6  22  14 
1341	2  20  34 
1341	2  11   9 
1343	2  20  34 
1343	2   2  17 
1345	2  16  32 
1345	6   1   0 
1347	2  16  32 
1349	2  26  10 
1351	2   1   4 
1351	2  25  32 
1353	2   1   4 
1353	2  25  32 
1349	6  23  22 
1351	6  40  34 
1355	2  23  18 
1355	6   2   0 
1357	2  23  18 
1359	2   5  18 
1357	6  40  38 
1361	2   5  18 
1359	6  22  16 
1363	2   3  19 
1363	6  39  37 
1365	2  16   4 
1367	2  16   4 
1365	6   7   1 
1369	2  23  38 
1369	2  20   4 
1371	2  23  38 
1371	2  20   4 
1373	2   2  18 
1373	2  22  30 
1371	6  14   7 
1375	2  11   9 
1375	2  22  30 
1373	6  39  38 
1377	2   2  18 
1377	6  29  14 
1379	2  26  10 
1381	2   3   9 
1381	2  11  18 
1381	2  26  32 
1377	6  13   5 
1383	2  29  37 
1383	2  15  17 
1383	2  26  32 
1383	6  12   4 
1385	2  29  37 
1385	2  15  17 
1387	2  16  37 
1385	6  27  20 
1389	2  16  37 
1391	2  25  30 
1391	2   3   9 
1391	6  21   7 
1393	2  11  18 
1395	2  25  30 
1391	6  20  13 
1391	6  40  39 
1395	6   4   2 
1397	2  29  21 
1399	2  29  21 
1397	6  40  27 
1401	2   8   2 
1401	2  29  24 
1401	6  12   4 
1403	2  20  27 
1403	2  40  37 
1403	2  16  21 
1405	2   8   2 
1405	2  20  27 
1405	2  40  37 
1405	6  17  10 
1407	2  12  27 
1407	2  22  31 
1409	2  12  27 
1409	2  22  31 
1411	2  16  21 
1411	2  25  31 
1407	6  46  40 
1411	6  27  12 
1413	2  29  24 
1413	2   0   2 
1415	2  16  24 
1415	2   0   2 
1413	6  46  38 
1417	2  29  17 
1419	2  16  24 
1419	2  11  12 
1419	6  37  21 
1421	2   3  18 
1423	2   3  18 
1425	2  38  37 
1425	2  15   2 
1425	2  11  12 
1427	2  38  37 
1427	2  15   2 
1427	6  19  11 
1429	2  38  24 
1431	2  38  24 
1429	6   1   0 
1433	2  29  17 
1435	2   8  11 
1435	6  32  30 
1437	2   8  11 
1439	2   8   9 
1439	6  11   3 
1441	2  16  17 
1441	2  29  30 
1441	2  26  32 
1443	2   8   9 
1443	2  29  30 
1443	2  26  32 
1445	2   1   3 
1445	2  16  17 
1445	2  25  31 
1447	2   1   3 
1447	2  16  30 
1449	2  10   2 
1449	2  29  32 
1451	2  15   3 
1451	2  26  31 
1453	2   1   9 
1453	2  11  12 
1453	2  29  32 
1455	2  38  17 
1457	2  10   2 
1457	2  26  31 
1459	2  15   3 
1461	2   1   9 
1461	2  11  12 
1461	2  29  31 
1463	2  38  17 
1465	2  16  30 
1465	6  11   4 
1467	2  15   9 
1467	2  38  30 
1469	2  16  32 
1471	2  23  11 
1471	6  26  20 
1473	2  23  11 
1475	2  23  21 
1475	2  10   3 
1477	2  26  11 
1477	2  23  21 
1479	2  26  11 
1479	2  23  37 
1481	2  27  11 
1481	2  23  37 
1483	2  27  11 
1483	2  23  24 
1483	6  36  21 
1485	2  19  11 
1485	2  23  24 
1487	2  19  11 
1489	2   4  11 
1489	2  23  17 
1489	6  39  26 
1491	2  10   3 
1493	2  15   9 
1493	2   4  11 
1489	6  44  36 
1495	2  39  44 
1495	2  23  17 
1495	2   2   3 
1495	6  27  26 
1497	2  39  44 
1497	2  10   9 
1499	2  39  37 
1499	2   2   3 
1499	6  18  17 
1501	2  39  37 
1503	2  38  30 
1501	6   8   2 
1505	2  39  24 
1501	6  12   4 
1505	6  44  37 
1507	2   2  17 
1509	2   2  17 
1507	6  40  26 
1511	2   2   4 
1511	2  29  31 
1511	6  45  44 
1513	2   1  17 
1515	2   1  17 
1517	2  40  37 
1517	2   2   4 
1517	2  15  17 
1519	2  40  37 
1519	2   1   4 
1521	2  40  45 
1521	2   2  11 
1521	2  23  30 
1523	2  40  45 
1523	2  10   9 
1523	2  23  30 
1523	6  25  19 
1525	2   8   9 
1527	2   8   9 
1525	6  37  23 
1529	2   1   4 
1525	6  40  33 
1531	2  25  23 
1531	2   3   9 
1531	6  45  40 
1533	2  25  23 
1533	2   3   9 
1535	2  15  17 
1535	6   4   2 
1537	2  39  24 
1539	2  25  40 
1539	6  23  16 
1541	2   4  11 
1541	2  25  40 
1543	6   4   1 
1545	2  23  32 
1547	2  33  24 
1549	2  39  18 
1549	2  15   2 
1551	2  38  32 
1551	2  10  17 
1551	6  12   4 
1553	2  23  31 
1553	2  10  17 
1555	2  33  24 
1557	2   4  16 
1557	2  38  32 
1559	2   4  16 
1559	2  37  32 
1561	2  39  18 
1561	2  15   2 
1563	2  23  31 
1563	2  12  11 
1563	6  40  26 
1565	2   1  16 
1565	2  38  31 
1565	2  12  11 
1567	2   1  16 
1567	2  38  31 
1567	6  12   4 
1569	2  25  24 
1571	2  39  30 
1569	6  15   1 
1573	2  12  26 
1573	2  39  30 
1575	2  33  18 
1575	6  23  15 
1577	2  12  26 
1577	2  10   2 
1579	2  33  18 
1581	2  25  24 
1581	2  10   2 
1581	6  19  12 
1583	2  37  32 
1585	2   8  17 
1585	2  39  32 
1587	2   4  16 
1587	2  37  31 
1589	2  23  26 
1589	6  11   4 
1591	2  33  30 
1593	2  23  26 
1595	2   1   4 
1595	2  33  30 
1597	2  19  24 
1599	2  25  18 
1599	2  37  31 
1601	2   8  17 
1601	2  39  32 
1603	2   1   4 
1603	2  33  32 
1605	2  11  16 
1605	2  39  31 
1607	2  19  24 
1607	2   8   2 
1609	2  25  18 
1609	2  10   4 
1609	2  39  31 
1609	6  15   1 
1611	2  11  26 
1613	2  19  18 
1613	2  10   4 
1613	2  33  32 
1615	2   3  17 
1617	2  15  16 
1617	2  25  30 
1619	2  23  24 
1619	2   8   2 
1619	2  11  26 
1621	2   3  17 
1621	6  32  26 
1623	2  15  16 
1623	2   3   2 
1625	2  23  24 
1625	2   3   2 
1627	2  19  18 
1627	2  10  16 
1627	2  33  31 
1629	2  25  30 
1629	2  10  16 
1631	2   9  17 
1631	2  25  26 
1631	6   4   3 
1633	2  23  18 
1635	2   9  17 
1635	2  25  26 
1635	6  22  15 
1637	2  11  24 
1637	2   9   2 
1639	2  11  24 
1639	2   9   2 
1641	2   8   3 
1641	2  33  31 
1643	2   8   3 
1643	2  25  31 
1645	2  23  18 
1645	2   4   3 
1647	2   8  16 
1647	2  11  18 
1647	6  32  30 
1649	2   4   3 
1649	2   8  16 
1651	2  11  18 
1651	2   9   3 
1653	2  22  30 
1653	2  19  32 
1653	2   9   3 
1655	2  22  30 
1655	2  19  32 
1657	2  22  24 
1657	2  19  26 
1657	6  38  37 
1659	2  22  24 
1659	2  19  26 
1661	2  17   2 
1663	2  23  32 
1665	2  23  32 
1663	6  18  10 
1663	6  14   8 
1667	6  38  33 
1669	2   4  16 
1671	2  22  10 
1673	2  18  30 
1673	6  15  14 
1675	2  18  30 
1677	2  25  31 
1679	2  15  30 
1679	2  25  39 
1681	2  18  24 
1683	2  11  32 
1685	2  23  26 
1687	2  19  31 
1689	2  17   2 
1691	2   4  16 
1693	2  15  30 
1693	2  39  25 
1693	6  12   4 
1695	2   9  16 
1695	2  25  39 
1697	2   9  16 
1697	6  30  25 
1703	2  18  24 
1705	2  22  10 
1707	2  11  32 
1709	2  23  26 
1711	2  19  31 
1713	2  17   3 
1713	6  32  30 
1715	2  18  10 
1717	2  17   3 
1719	2  12  25 
1719	2  22  30 
1719	2   2   3 
1721	2  15  24 
1721	2   2   3 
1721	2  19  33 
1723	2  11  26 
1723	2  23  31 
1725	2  12  25 
1725	2  22  30 
1727	2  15  24 
1727	2  33  19 
1729	2  18  10 
1729	2  23  31 
1731	2  11  26 
1731	2  23  37 
1733	2  17  16 
1733	2  19  33 
1735	2   9  25 
1737	2  12  24 
1739	2  15  10 
1739	6  31  26 
1741	2  17  16 
1743	2  15  10 
1745	2  18  30 
1747	2  22  31 
1747	6  12  11 
1749	2  22  31 
1751	2   2  16 
1753	2  12  26 
1753	2   2  16 
1755	2   9  25 
1757	2  11  24 
1759	2  18  30 
1759	6   3   2 
1761	2  12  26 
1761	2  15  30 
1763	2  17  25 
1763	2  15  30 
1765	2   9  24 
1765	6  12   4 
1767	2  17  25 
1769	2   9  24 
1771	2  11  10 
1771	2  37  23 
1771	6  32  26 
1773	2  11  10 
1773	2  23  37 
1775	2   2  16 
1777	2  18  31 
1779	2  18  31 
1777	6   9   3 
1781	2  17  24 
1777	6  29  22 
1783	2  29  32 
1783	2   3  10 
1785	2  29  32 
1785	2   3  10 
1787	2   9  25 
1787	2  29  22 
1789	2  15  31 
1791	2  18  32 
1791	2  22  29 
1793	2   2  16 
1793	6  25  11 
1795	2  29  22 
1797	6  16   2 
1799	6  32  25 
1803	2   9  11 
1805	2  32  30 
1805	2   4   1 
1807	2  17  24 
1807	2   1   4 
1809	2  32  30 
1809	2  17  10 
1811	2  15  31 
1811	6  11   3 
1813	2  32  31 
1815	2  32  31 
1813	6  23  15 
1817	2  18  25 
1817	6   3   2 
1819	2  23  25 
1821	2  23  25 
1819	6  28  14 
1823	2   9  24 
1823	6  19  12 
1825	2  16   2 
1825	2  32  25 
1827	2  16   2 
1827	2  32  25 
1825	6  37  28 
1829	2  17  10 
1829	6  25  19 
1831	2   3   2 
1833	2   3   2 
1831	6  30  15 
1835	2  18  20 
1837	2   9  24 
1839	2  16  24 
1839	6  11   2 
1841	2  16  24 
1843	2  32  37 
1845	2   2  15 
1845	2  20  18 
1847	2   2  15 
1847	2  37  32 
1849	2   9  10 
1849	2  23  25 
1851	2  17  15 
1851	2  32  37 
1853	2   9  10 
1853	2  25  23 
1855	2  17  15 
1857	2   3  24 
1859	2  16  10 
1859	6  31  19 
1861	2   9  15 
1863	2  16  10 
1865	2   3  24 
1865	6  19  12 
1867	2   9  15 
1869	2   3  10 
1869	2  16  15 
1871	2  11  24 
1871	6  15   9 
1873	2  11  24 
1875	2  18  20 
1877	2   3  10 
1877	2  23  25 
1879	2  16   9 
1877	6  12   5 
1881	2   3   9 
1879	6  31  25 
1883	2   2   5 
1885	2   2   5 
1885	6  25  18 
1887	2   3   9 
1865	6  45  36 
1879	6  36  21 
1885	6  21  14 
1887	6  12   5 
1891	6  16  15 
1893	2  11  10 
1895	2  11  10 
1893	6  19  13 
1897	2  24  10 
1899	2  17  12 
1901	2   2  18 
1903	2  17  12 
1905	2   2  18 
1907	2  17  18 
1907	2   2  14 
1909	2  17  18 
1909	2  14   2 
1911	2  11   9 
1913	2  24  10 
1915	2  11   9 
1917	2  24   9 
1917	6  12  11 
1919	2  24   9 
1921	2   2  14 
1923	2  16  11 
1925	2  16  11 
1927	2  16  18 
1929	2  16  18 
1931	2  10   9 
1933	2  10   9 
1935	2  16   8 
1935	6  11  10 
1937	2   8  16 
1939	2  16   8 
1787	6  41  34 
1885	6  46  38 
1793	6  48  41 
1885	6  41  33 
1891	6  47  39 
1891	6  44  37 
1897	6  37  29 
1903	6  38  37 
1909	6  37  29 
1921	6  45  31 
1927	6  40  32 
1927	6  37  30 
1933	6  34  25 
1939	6  31  26 
1941	2  15  10 
1943	2  15  10 
1945	2   3  10 
1945	6  33  31 
1947	2   3  10 
1949	2  12  10 
1951	2  15  18 
1953	2  15  18 
1955	2   3  18 
1955	2  15  29 
1957	2  12  10 
1957	2  29  15 
1959	2   3  18 
1959	2  15  29 
1961	2  24  10 
1963	2  12  18 
1963	6  16   3 
1965	2  12  18 
1969	2  24  10 
1971	2  11  10 
1973	2  24  18 
1975	2  11  10 
1977	2  24  18 
1977	2   9  10 
1979	2  11  18 
1981	2   9  10 
1981	2  24  39 
1981	2  12  27 
1983	2  11  18 
1985	2   9  18 
1987	2   9  18 
1989	2  10  18 
1991	2  10  18 
1993	2  18  32 
1995	2  10  31 
1997	2   9  30 
1997	2  27  12 
1999	2  11  26 
2001	2  16  25 
2003	2  17  19 
2005	2  19  17 
2007	2  25  16 
2009	2  39  24 
2009	2  12  27 
2011	2  26  11 
2013	2  30   9 
2015	2  31  10 
2017	2  32  18 
2019	2  18  32 
2021	2  10  31 
2023	2   9  30 
2025	2  11  26 
2027	2  24  39 
2027	2   4   1 
2029	2  16  25 
2031	2  17  19 
