   1	2  32  23 
   1	6  20   6 
   3	2  32  23 
   5	2  32  39 
   1	6  18  10 
   1	6  36  28 
   7	2  32  39 
   5	6  24  23 
   7	6  37  36 
  11	2  24  39 
  13	2  32  47 
  13	6  44  42 
  15	2  24  39 
  17	2  32  47 
  19	2  32  20 
  19	6  42  29 
  21	2  32  20 
  23	2  32  17 
  23	6  47  45 
  25	2  32  17 
  27	2  32  18 
  23	6  27  20 
  25	6  22  15 
  29	2  32  18 
  31	2  24  45 
  33	2  24  45 
  35	2  39  45 
  35	6  25  17 
  37	2  39  45 
  35	6  30  22 
   7	6   3   2 
  31	6  12   3 
  37	6  19  12 
  41	2  32  37 
  31	6   8   7 
  37	6   9   8 
  43	2  24  27 
  43	6  47  45 
  45	2  24  27 
  47	2  24  25 
  47	6  33  27 
  49	2  24  25 
  51	2  24  18 
  47	6  16   9 
  53	2  39  33 
  53	2  24  18 
  49	6  45  44 
  49	6  48  41 
  55	2  39  33 
  55	6  17  12 
  57	2  47  33 
  59	2  47  33 
  41	6  42  28 
  47	6  28  22 
  61	2  39  25 
  61	6  41  34 
  63	2  39  25 
  65	2  32  37 
  67	2  39  18 
  69	2  24  37 
  69	6  47  33 
  71	2  24  37 
  75	2  33  25 
  77	2  32  40 
  79	2  33  25 
  81	2  39  18 
  83	2  32  40 
  85	2  33  18 
  87	2  39  37 
  89	2  24  40 
  91	2  32  45 
  91	6  47  41 
  93	2  32  45 
  91	6  19  18 
  97	2  41  25 
  99	2  41  25 
 101	2  33  19 
 103	2  39  37 
 103	6  27  19 
 105	2  24  40 
 107	2  39  40 
 105	6  37  29 
 109	2  41  27 
 111	2  24  45 
 111	2  41  27 
 113	2  32  37 
 115	2  39  40 
 115	2  25  27 
 115	6  44  29 
 117	2  25  27 
 119	6  34  25 
 121	6  29  22 
 113	6  11   3 
 125	6  45  33 
 127	6  22  21 
 131	2  45  44 
 131	2  24  33 
 133	2  45  44 
 133	2  39  33 
 135	2  32  37 
 135	6  47  41 
 137	2  24  37 
 139	2  32  25 
 141	2  47  44 
 141	2  32  25 
 143	2  45  40 
 143	6  31  25 
 145	2  45  40 
 147	6  46  34 
 153	2  47  44 
 155	2  39  33 
 155	2  24  37 
 157	2  46  44 
 157	2  24  31 
 157	6  41  27 
 159	2  46  44 
 159	2  24  31 
 161	6  45  31 
 163	2  47  40 
 165	2  47  40 
 167	2  31  33 
 169	2  39  37 
 171	2  32  26 
 171	6  46  41 
 173	2  32  26 
 175	2  24  26 
 177	2  31  33 
 177	2  46  44 
 179	2  39  37 
 179	2  24  26 
 181	2  41  40 
 181	2  31  37 
 183	2  47  33 
 183	2  31  37 
 185	2  39  45 
 187	2  32  38 
 187	2  41  40 
 189	2  46  44 
 191	2  47  33 
 193	2  39  45 
 195	2  32  38 
 195	6  47  46 
 197	2  41  33 
 199	2  32  30 
 201	2  47  40 
 201	2  31  45 
 203	2  46  37 
 203	2  41  33 
 205	2  39  26 
 207	2  24  38 
 207	2  47  40 
 209	2  46  37 
 209	6  41  33 
 211	2  31  45 
 213	2  24  38 
 215	2  39  26 
 217	2  32  30 
 217	2  47  41 
 219	2  46  45 
 219	2  31  26 
 221	2  39  38 
 221	2  24  30 
 221	2  47  41 
 221	6  33  26 
 223	2  46  45 
 223	2  24  30 
 225	2  39  38 
 225	6  24  18 
 227	6  45  40 
 231	6  20  19 
 233	2  44  45 
 233	2  32  24 
 235	2  44  45 
 235	2  31  33 
 237	2  32  24 
 237	6  47  41 
 239	2  31  38 
 241	2  18  24 
 241	6  37  22 
 243	2  32  34 
 245	2  18  24 
 247	2  44  47 
 247	6  22  10 
 249	2  46  33 
 251	2  44  47 
 253	2  26  10 
 253	2  31  38 
 255	2  26  10 
 255	2  45  47 
 257	2  26  40 
 259	2  39  30 
 259	6  13  10 
 261	2  46  33 
 263	2  39  30 
 265	2  26  40 
 265	2  31  30 
 267	2  32  34 
 267	2  45  47 
 267	6  20  13 
 269	2  26  33 
 269	2  46  38 
 271	2  39  24 
 273	2  41  20 
 273	2  32  25 
 273	6  45  44 
 275	2  41  20 
 275	2  31  30 
 277	2  41  40 
 277	2  32  25 
 279	2  18  34 
 279	2  46  38 
 281	2  41  40 
 281	6  46  45 
 283	2  26  33 
 285	2  18  34 
 287	2  39  24 
 289	2  41  33 
 289	2  45  30 
 289	2  18  25 
 291	2  26  38 
 293	2  31  24 
 293	2  41  33 
 295	2  39  34 
 295	2  18  25 
 297	2  32  19 
 299	2  26  38 
 301	2  45  30 
 301	6  33  20 
 303	2  31  24 
 305	6  30  24 
 307	2  46  33 
 309	2  46  33 
 311	2  46  40 
 311	2  26  24 
 313	2  46  40 
 313	2  26  24 
 315	2  39  34 
 317	2  32  19 
 319	2  41  38 
 319	2  18  19 
 321	2  45  30 
 321	2  18  19 
 321	6  40  34 
 323	2  45  30 
 323	6  18  17 
 327	2  31  40 
 329	2  39  25 
 329	6  34  20 
 331	2  39  25 
 333	6  39  25 
 335	6  20  12 
 339	2  32  16 
 341	2  46  34 
 341	2  25  19 
 341	6  10   2 
 343	2  46  34 
 343	2  25  19 
 345	2  41  38 
 345	6  26  19 
 347	2  31  40 
 349	2  46  38 
 349	6  41  34 
 351	2  31  39 
 353	2  46  38 
 351	6  19  10 
 355	2  45  40 
 353	6  30  29 
 357	2  45  40 
 357	6  15  10 
 359	2  31  39 
 361	2  45  39 
 357	6  27  19 
 363	2  32  16 
 365	2  15  29 
 365	2  32  18 
 365	6  47  45 
 367	2  17  16 
 369	2  15  29 
 369	2  32  18 
 363	6   4   3 
 365	6  34  27 
 371	2  27  24 
 371	6  46  44 
 373	2  27  24 
 375	2  17  16 
 375	2  31  26 
 377	2  46  33 
 377	2  17  18 
 377	6  29  15 
 379	2  46  33 
 379	2  17  18 
 381	2  45  33 
 377	6  13   4 
 383	2  45  33 
 383	6  15  10 
 385	2  47  39 
 387	2  31  26 
 385	6  44  36 
 389	2  25  16 
 387	6  46  40 
 391	2  36  24 
 383	6  13  12 
 389	6  27  20 
 393	2  32  23 
 393	6  46  45 
 395	2  36  24 
 397	2  25  16 
 395	6  20  12 
 399	2  29  45 
 399	2  25  18 
 395	6  40  34 
 399	6   9   8 
 401	2  34  13 
 401	2  29  45 
 401	2  25  18 
 403	2  34  13 
 403	6  36  24 
 405	2  34  41 
 407	2  34  41 
 403	6  46  39 
 409	2  12  10 
 409	2  32  23 
 409	6  46  45 
 411	2  12  10 
 411	2  32  30 
 413	2  24  10 
 413	6  34  33 
 415	2  29  45 
 417	2  31  16 
 417	6  44  36 
 419	2  47  26 
 421	2  17  23 
 421	6  46  33 
 423	2  24  10 
 425	2  17  23 
 427	2  46  38 
 427	2  25  23 
 427	6  10   9 
 429	2  46  38 
 429	2  25  23 
 431	2  46  44 
 431	6  34  13 
 433	2  46  44 
 433	2  31  16 
 435	2  29  45 
 437	2  39  34 
 437	6  29  16 
 439	2  39  34 
 441	2  13  34 
 441	6  46  38 
 443	2  13  34 
 443	6  22   9 
 447	2  39  41 
 449	2  39  41 
 449	6  18  16 
 451	2  39  46 
 453	2  39  46 
 449	6  43  29 
 451	6  41  27 
 455	2  32  30 
 455	6  45  43 
 457	2  13  27 
 457	2  17  30 
 459	2  12  33 
 459	6  29  22 
 461	2  13  27 
 461	2  39  44 
 463	2  12  33 
 465	2  47  26 
 465	6  43  22 
 467	2  34  27 
 469	2  18  26 
 467	6  47  46 
 471	2  24  33 
 471	6  12   3 
 473	2  38  29 
 473	2  34  27 
 475	2  46  45 
 475	2  24  33 
 477	2  31  16 
 477	2  18  26 
 477	2  46  45 
 477	6   3   1 
 479	2  39  44 
 481	2  38  29 
 479	6  27  13 
 483	2   1  22 
 481	6  47  41 
 485	2   1  22 
 483	6  45  44 
 487	2  27  41 
 487	2  31  16 
 487	6   3   1 
 489	2  27  41 
 489	2  24  22 
 491	2  34  41 
 491	2  31  23 
 489	6  46  45 
 493	2  17  30 
 493	2  34  41 
 493	6   4   3 
 495	2  38  33 
 497	2  25  30 
 497	6  41  34 
 499	2  24  22 
 501	2  31  23 
 497	6  45  44 
 499	6  12   4 
 503	2  38  33 
 503	6  28  16 
 505	2  12  26 
 507	2  12  26 
 505	6  46  41 
 509	2  25  30 
 509	6  16  10 
 511	2  27  41 
 511	2  44  28 
 513	2  27  41 
 513	2  44  28 
 509	6  12   5 
 511	6  25  18 
 515	2  13  34 
 515	2  38  22 
 517	2  32  11 
 517	6  44  29 
 519	2  32  11 
 521	2  17  11 
 521	6  48  27 
 523	2  17  11 
 523	2  31  30 
 525	2  29  23 
 525	2  18  11 
 523	6  45  44 
 527	2  32  19 
 527	2  29  23 
 529	2  39  45 
 529	2  24  26 
 531	2  39  45 
 531	2  24  26 
 533	2  32  19 
 533	6  37  23 
 535	2  46  41 
 535	2  18  11 
 537	2  39  33 
 537	6  19  11 
 539	2  48  45 
 541	2  32  23 
 541	6  44  37 
 543	2  17  11 
 543	2  46  41 
 545	2  13  34 
 529	6  28  21 
 543	6  21  15 
 547	2  25  37 
 547	6  41  34 
 549	2  25  37 
 551	2  38  22 
 551	2  17  11 
 553	2  48  45 
 553	2  18  11 
 553	6  27  13 
 555	2  31  30 
 555	2  46  45 
 555	2  18  11 
 557	2  32  23 
 557	2  46  45 
 559	2  39  33 
 559	2  29  30 
 559	6  10   5 
 561	2  27  34 
 561	2  32  47 
 561	2  29  30 
 563	2  48  33 
 563	6  37  22 
 565	2  27  34 
 567	2  48  33 
 569	2  10  22 
 569	2  32  47 
 571	2  10  22 
 571	2  41  34 
 569	6  45  37 
 573	2  24  22 
 573	2  41  34 
 575	2  39  45 
 575	2  17  23 
 575	6  41  27 
 577	2  39  45 
 577	2  24  22 
 579	2  17  23 
 581	2  38  26 
 581	6  47  41 
 583	2  31  19 
 585	2  38  26 
 581	6  15   9 
 587	2  25   9 
 587	2  48  45 
 587	6  30  29 
 589	2  25   9 
 589	2  48  45 
 591	2  10   9 
 591	2  46  33 
 593	2  10   9 
 593	2  31  19 
 595	2  39  26 
 595	6  23   9 
 597	2  32  40 
 599	2  46  33 
 595	6  44  37 
 597	6  18  11 
 601	2  47  44 
 601	2  24  23 
 603	2  25  37 
 603	6  41  34 
 605	2  25  37 
 607	2  38  22 
 603	6  10   9 
 609	2  31  18 
 609	2  46  45 
 609	6  34  27 
 611	2  11  10 
 611	2  47  44 
 611	2  24  23 
 613	2  38  22 
 613	2  11  10 
 615	2  39  26 
 615	6  30  24 
 617	2  47  33 
 619	2  47  33 
 615	6  21   9 
 621	2  21  37 
 621	2  32  40 
 621	6  17  12 
 623	2  21  37 
 625	2  30  37 
 625	2  46  45 
 621	6  27  26 
 627	2  24  19 
 627	2  47  45 
 627	6  34  33 
 629	2  24  19 
 629	2  47  45 
 631	2  31  18 
 627	6  29  22 
 631	6  45  44 
 633	2  25  22 
 635	2  12  26 
 633	6  47  41 
 637	2  25  22 
 639	2  12  26 
 639	2  38  23 
 641	2  33  45 
 641	2  21  22 
 641	2  24  18 
 641	6  13  12 
 643	2  33  45 
 643	2  21  22 
 643	2  24  18 
 645	2  38  23 
 645	2  33  34 
 647	2  48  27 
 647	2  30  37 
 647	6  21   9 
 649	2  25  19 
 649	2  47  45 
 649	2  33  34 
 651	2  32  20 
 653	2  31  10 
 653	6  41  27 
 655	2  31  10 
 657	2  38  37 
 657	2  24  10 
 659	2  11  26 
 659	2  48  41 
 659	2  30  22 
 659	6  45  39 
 661	2  25  19 
 661	2  30  22 
 663	2  11  26 
 663	6  30  23 
 665	2  46  41 
 665	2  25  18 
 667	2  47  39 
 667	2  25  18 
 665	6   9   4 
 669	2  45  29 
 669	6  40  33 
 671	2  45  29 
 671	2   4  19 
 673	2  45  30 
 673	2   4  19 
 675	2  32  20 
 675	6  43  22 
 677	2  46  41 
 677	2   4  18 
 679	2  47  34 
 679	2   4  18 
 677	6  20  13 
 681	2  32  16 
 681	6  48  47 
 683	2  20  33 
 683	2  45  30 
 685	2  20  33 
 685	2  38  37 
 685	2  24  10 
 687	2  31  26 
 687	6  46  44 
 689	2  20  13 
 689	2  25  10 
 691	2  31  26 
 693	2  20  13 
 693	2  32  16 
 693	2  45  37 
 695	2  40  46 
 695	2  24  26 
 695	6  44  29 
 697	2  27  41 
 697	2  32  17 
 699	2  48  34 
 699	2  25  10 
 699	6  20  12 
 701	2  47  44 
 703	2  47  44 
 701	6  23  17 
 705	2  38  43 
 705	2  27  41 
 705	6  12  11 
 707	2  29  44 
 707	2  40  46 
 707	2  24  26 
 709	2  29  44 
 709	2  40  41 
 709	2  25  26 
 711	2  12  33 
 711	2  45  37 
 713	2  12  33 
 709	6  16   9 
 713	6  44  30 
 715	2  17  19 
 715	2  39  34 
 717	2  12  13 
 717	2   4  10 
 717	2  39  34 
 719	2  47  44 
 719	2  11   9 
 719	2  25  26 
 721	2  31  33 
 721	2  12  13 
 721	2  48  46 
 721	2   4  10 
 723	2  47  44 
 723	2  17  19 
 723	6   6   4 
 725	2  38  43 
 725	2  17  18 
 725	2  40  41 
 727	2  31  33 
 727	2  48  46 
 727	2  17  18 
 729	2  11   9 
 729	2  29  44 
 729	2  39  46 
 729	2  48  41 
 729	6  26  20 
 731	2  45  43 
 731	2  17  10 
 731	2  48  41 
 733	2  29  44 
 733	2  39  46 
 733	2  17  10 
 735	2  32  23 
 735	2  45  43 
 735	2   6  20 
 735	6  10   4 
 737	2  24  33 
 737	2   6  20 
 739	2  32  26 
 737	6  45  37 
 741	2  12   9 
 741	6  32  25 
 743	2  47  45 
 743	2  12   9 
 745	2  47  45 
 745	6  12   9 
 747	2  29  45 
 749	2  29  45 
 751	2  11  23 
 751	2  34  46 
 753	2  24  33 
 753	6  45  43 
 755	2  11  23 
 755	2  32  33 
 757	2  25  26 
 757	2   9  23 
 757	6  12   6 
 759	2  47  45 
 759	2  25  10 
 761	2  47  45 
 761	2  32  33 
 761	2   9  23 
 763	2  11  26 
 763	2  39  41 
 763	6  30  24 
 765	2  11  26 
 765	2  39  41 
 767	2  34  46 
 763	6  16   9 
 767	6  11   3 
 769	2  29  45 
 769	2  34  41 
 771	2  29  45 
 771	2  34  41 
 769	6  32  24 
 773	2  46  41 
 769	6  26  19 
 769	6   8   1 
 773	6  37  30 
 775	2  27  32 
 777	2  27  32 
 775	6   9   8 
 779	2  38  26 
 773	6  28  22 
 779	6  23  22 
 781	2  38  26 
 783	2  40  32 
 781	6   4   1 
 785	2  40  32 
 773	6  43  42 
 783	6  43  37 
 787	2  25  10 
 787	2  46  41 
 787	6  22  14 
 789	2  48  32 
 789	2   3  10 
 791	2  12  33 
 789	6  45  44 
 793	2  17  20 
 793	6  36  29 
 795	2  16  19 
 797	2  25  11 
 795	6  45  40 
 799	2  17  20 
 799	6  42  36 
 801	2  27  40 
 801	2   3  10 
 803	2  27  40 
 801	6  24  18 
 805	2  45  40 
 797	6  14   1 
 803	6  15  14 
 807	2  38  24 
 805	6  20  13 
 809	2  38  24 
 809	6  29  15 
 811	2  48  32 
 813	2  45  40 
 813	2  25  11 
 815	2  38  29 
 815	2  48  40 
 815	2   3  11 
 811	6  20  13 
 817	2  38  29 
 817	2  48  40 
 817	2   3  11 
 819	2  12  33 
 819	6  45  36 
 821	2  16  19 
 823	2  17  33 
 823	6  13  12 
 825	2  39  32 
 825	2  16  10 
 827	2  25   9 
 827	6  48  45 
 829	2  16  10 
 831	2  25   9 
 833	2  27  48 
 833	2  39  32 
 833	2  16  11 
 833	6  45  44 
 835	2  27  48 
 835	2   3   9 
 837	2  17  33 
 839	2  34  32 
 839	2  16  11 
 839	6  44  36 
 841	2  39  40 
 841	2  25  23 
 841	2   3   9 
 843	2  34  32 
 843	2  16   9 
 843	6  18  12 
 845	2  39  40 
 845	2  16   9 
 847	2  46  32 
 845	6  43  29 
 849	2  34  40 
 847	6  16   3 
 851	2  46  32 
 849	6  19   6 
 853	2  34  40 
 843	6   7   1 
 849	6  14   7 
 853	6  30  24 
 855	2  46  40 
 857	2  46  40 
 851	6  43  36 
 853	6   9   3 
 855	6  34  27 
 859	2  31  18 
 855	6  21  14 
 857	6  43  42 
 861	2  31  18 
 859	6  48  46 
 863	2  24  26 
 861	6  29  21 
 865	2  24  26 
 865	2  44  46 
 855	6  13   6 
 863	6  13  11 
 867	2  24  30 
 867	2  44  46 
 867	6  21   8 
 869	2  31  19 
 871	2  31  19 
 869	6  44  43 
 873	2  47  26 
 873	6  10   8 
 875	2  31  29 
 877	2  47  26 
 875	6  43  42 
 879	2  10  18 
 879	2  31  29 
 879	6  33  27 
 881	2  10  18 
 883	2  12  18 
 881	6  47  45 
 885	2  10  19 
 885	2  24  30 
 887	2  12  18 
 887	2  34  47 
 887	6  31  15 
 889	2  34  47 
 889	6  11  10 
 893	2  45  30 
 889	6  13   5 
 893	6  15   1 
 895	2  11  19 
 895	2  45  30 
 897	2   6  18 
 897	2  43  46 
 899	2  24  36 
 899	2  12  19 
 899	6  47  39 
 901	2   1  10 
 901	2  12  19 
 903	2  24  36 
 903	6   5   2 
 905	2  45  36 
 905	2  25  23 
 907	2  43  46 
 903	6  27  20 
 909	2   6  18 
 909	2  45  36 
 909	6  23  15 
 911	2   1  10 
 911	2  47  46 
 913	2  17  18 
 913	2  47  46 
 909	6  34  27 
 911	6  42  36 
 915	2   6  19 
 915	2   1   8 
 915	6  39  38 
 917	2  17  18 
 917	2   1   8 
 919	2   6  19 
 919	2   1   2 
 919	2  16  15 
 917	6  30  29 
 921	2  39  34 
 921	2  17  19 
 921	2   1   2 
 923	2  39  34 
 923	2  17  19 
 923	6  29  28 
 925	2  25   4 
 925	2  16  15 
 927	2  25   4 
 925	6  45  44 
 929	2  41  32 
 929	2   1   3 
 929	6  29  23 
 931	2  33  46 
 931	2   1   3 
 933	2  41  32 
 929	6  20  19 
 933	6  11  10 
 935	2  36  38 
 935	2  41  40 
 937	2  36  38 
 937	2  41  40 
 935	6  25  24 
 939	2  43  38 
 939	2   9  15 
 935	6  27  19 
 941	2  25  34 
 941	2   9  15 
 941	6  37  29 
 943	2  25  34 
 943	2   1  15 
 945	2  16   4 
 945	2  33  46 
 945	6  20  19 
 947	2  43  38 
 947	2  16   4 
 949	2  47  38 
 949	2   9   4 
 951	2  39  27 
 951	2   1  15 
 951	6  30  24 
 953	2  39  27 
 953	2   9   4 
 955	2  48  46 
 955	2   1   4 
 957	2  10  24 
 957	2  48  46 
 957	6  20   6 
 959	2  10  24 
 959	2  41  46 
 961	2  10  11 
 961	2  30  29 
 961	2  32  40 
 963	2  12  24 
 963	2  41  46 
 963	6   9   8 
 965	2  12  24 
 967	2  25  27 
 967	2  47  38 
 969	2  10  11 
 969	2  25  27 
 969	2  30  29 
 969	6  48  45 
 971	2  12  11 
 971	2  16  29 
 973	2  10   9 
 973	6  24  19 
 975	2  10   9 
 977	2  10   2 
 973	6  29  21 
 975	6  48  34 
 979	2  20  19 
 979	2  10   2 
 979	2  30  22 
 973	6   6   5 
 979	6  39  32 
 981	2  34  26 
 981	2  12  11 
 981	2  16  21 
 983	2  34  26 
 983	2  10   3 
 983	2  30  22 
 981	6  48  47 
 985	2   5  26 
 985	2   8  21 
 985	2  30  31 
 987	2   5  26 
 987	2  16  22 
 987	2  30  31 
 989	2  44  47 
 989	2  20  19 
 989	2  10   3 
 989	2   8  21 
 991	2  32  18 
 991	2  16  22 
 991	6   3   2 
 993	2  44  47 
 993	2  17  19 
 995	2  32  18 
 995	2  30  23 
 993	6  21   7 
 997	2  25  18 
 997	2  39  40 
 997	2  30  23 
 995	6  34  27 
 999	2  32  24 
 999	2  10  15 
 999	6  29  28 
1001	2  20  11 
1001	2  32  24 
1003	2  12   9 
1003	2  33  38 
1005	2  25  18 
1005	2  39  46 
1005	2   8  22 
1005	6  20   5 
1007	2  25  24 
1007	2  39  46 
1007	2   8  22 
1009	2  25  24 
1009	2  40  46 
1005	6  37  36 
1009	6  22   8 
1011	2  17  19 
1011	2  40  46 
1013	2   5  11 
1013	2  33  38 
1015	2  12   9 
1015	2  45  38 
1015	6  47  34 
1017	2  17  11 
1017	2  45  38 
1019	2  12   3 
1015	6  30  29 
1019	6  45  44 
1021	2  32  19 
1023	2  32  19 
1021	6   4   2 
1025	2  45  47 
1025	2  25  19 
1021	6  23  15 
1027	2  45  47 
1027	2  17  11 
1027	2   1   2 
1027	6  32  27 
1029	2   1   7 
1031	2   1   7 
1021	6  42  36 
1027	6  36  29 
1029	6   5   3 
1033	2  32  30 
1033	2   1   8 
1033	6  27  20 
1035	2  32  30 
1035	2   3   9 
1035	2  12   5 
1037	2  32  29 
1037	2   3   9 
1039	2  32  29 
1039	2  20  11 
1039	2   1   8 
1041	2  32  34 
1041	2  17   9 
1041	2  12   4 
1041	6  45  37 
1043	2  32  34 
1043	2   3   5 
1045	2  32  47 
1045	2  20  11 
1043	6   7   1 
1047	2  32  47 
1047	2   3   5 
1049	2  25  19 
1049	2  10  23 
1049	6  45  40 
1051	2  17   9 
1051	2  12   4 
1053	2  25  11 
1047	6  43  36 
1053	6  28   7 
1055	2  40  26 
1055	2   3   4 
1057	2  40  26 
1057	2   3   4 
1055	6  24  23 
1059	2  10   2 
1059	6  32  26 
1061	2  17   5 
1063	2  17   5 
1059	6  44  36 
1065	2  44  32 
1065	2  10   2 
1065	6  20   5 
1067	2  44  32 
1069	2  48  32 
1067	6   9   3 
1071	2  48  32 
1069	6  44  36 
1073	2  33  32 
1073	2   5   3 
1071	6  27  19 
1075	2  33  32 
1075	2   5   3 
1075	6  37  23 
1077	2   5  20 
1079	2  10   1 
1079	6  25  19 
1081	2  10   1 
1083	2  10   8 
1077	6  40  33 
1083	6  48  40 
1085	2  25  30 
1085	2  10   8 
1087	2  25  30 
1087	6  12  11 
1089	2  33  30 
1091	2  33  30 
1087	6   8   1 
1093	2  36  30 
1093	2  19  12 
1093	6  33  27 
1095	2  23  18 
1097	2  36  30 
1097	2  17   4 
1099	2  23  18 
1101	2  26  18 
1101	2  23  37 
1103	2  26  18 
1103	2  23  37 
1105	2  41  38 
1105	2  19   3 
1107	2  44  32 
1107	2   5  20 
1107	6  29  23 
1109	2  44  32 
1111	2  19   3 
1107	6  47  41 
1113	2  25  23 
1113	2  47  38 
1113	6   3   1 
1115	2  25  23 
1115	2  39  38 
1117	2  25  34 
1117	2  39  38 
1119	2  25  34 
1119	2  45  38 
1121	2  25  41 
1121	2  45  38 
1123	2  25  41 
1123	2  46  38 
1125	2  25  18 
1125	2  46  38 
1127	2  11  24 
1127	6  45  40 
1129	2  25  18 
1131	2  11  24 
1133	2  45  30 
1133	2  11   2 
1133	6  33  25 
1135	2  45  30 
1135	2  11   2 
1137	2  19  20 
1133	6  48  41 
1137	6  23  10 
1139	2  19  20 
1139	6  41  33 
1143	2  16  31 
1141	6  19  13 
1145	2  16  31 
1147	2  33  30 
1147	6  12  10 
1149	2  33  30 
1151	2  47  32 
1151	6  36  30 
1153	2  27  12 
1153	2  16  15 
1155	2  27  12 
1155	2  16  15 
1153	6  47  45 
1157	2  27  34 
1157	2   9  24 
1159	2  27  34 
1159	2  44  36 
1159	2  22  31 
1159	6  18  12 
1161	2  45  32 
1161	2  16  14 
1163	2  44  36 
1163	2  22  31 
1163	6  47  34 
1165	2  30  18 
1167	2  30  18 
1169	2  34  18 
1169	2  45  36 
1169	2  22  15 
1171	2  27  48 
1171	2  17   4 
1171	2  39  32 
1171	2  22  15 
1171	6  44  36 
1173	2  34  18 
1175	2  27  48 
1175	2   9  24 
1175	2   5   4 
1177	2  33  18 
1177	2   9   2 
1177	2  45  44 
1177	2   5   4 
1177	6  36  30 
1179	2  27  12 
1179	2  17  24 
1179	2  39  32 
1179	2   9   2 
1181	2  33  18 
1181	6   5   4 
1183	2  28  31 
1185	2  17  24 
1185	2  40  32 
1185	6  45  36 
1187	2  27  12 
1187	2  16  14 
1187	2  40  32 
1189	2  11   8 
1191	2  45  47 
1191	2  11   8 
1191	6  36  29 
1193	2  45  47 
1193	2  13   5 
1193	2  17   2 
1195	2  34  47 
1195	2   9   8 
1195	2  11   3 
1195	6  25  24 
1197	2  45  48 
1197	2  22  14 
1197	2  13   5 
1197	2   9   8 
1199	2  34  47 
1199	2  11   3 
1199	2  22  14 
1201	2  36  24 
1201	2   9   3 
1201	6  45  39 
1203	2  36  24 
1203	2   9   3 
1205	2  30  18 
1205	6   9   8 
1207	2  39  48 
1207	2  22  21 
1209	2  33  47 
1209	2  45  44 
1209	2  22  21 
1207	6  24  18 
1211	2  34  48 
1211	2  45  44 
1207	6  13  12 
1211	6  10   9 
1213	2  30  24 
1213	2  33  47 
1215	2  34  48 
1215	2  28  31 
1213	6  20  13 
1217	2  29  24 
1217	6  45  40 
1219	2  23  31 
1221	2  28  15 
1219	6  18  11 
1223	2  33  48 
1223	2  23  31 
1223	2  45  44 
1223	6   9   8 
1225	2   4  25 
1225	2  45  44 
1227	2  29  24 
1227	6  41  20 
1229	2  17   2 
1231	2  28  15 
1231	2  17  10 
1229	6  37  30 
1233	2  39  41 
1233	2  28  14 
1233	2  17  10 
1233	6  25  19 
1235	2  39  41 
1235	2  23  15 
1237	2  34  41 
1237	2  23  15 
1235	6  36  29 
1239	2  33  48 
1239	2  17   3 
1241	2  29   8 
1241	2  34  41 
1241	2   4  19 
1241	2  46  32 
1243	2  29   8 
1243	2  33  41 
1243	2  12  19 
1245	2  40  24 
1245	2   4   2 
1245	2  28  14 
1245	6  45  37 
1247	2  40  24 
1247	2  12  19 
1247	2  28  21 
1249	2  33  41 
1249	2   4   2 
1249	2  23  14 
1251	2  45  47 
1251	2   4  10 
1251	2  23  14 
1253	2  45  47 
1253	2   4  10 
1253	2  28  21 
1253	6  30  25 
1253	6   8   1 
1255	6  47  45 
1259	2  26  25 
1259	2  29   8 
1255	6  12  11 
1261	2  26  25 
1261	2  29   8 
1261	2  47  48 
1263	2  20  25 
1263	2  36  45 
1263	2  47  48 
1263	6  16  14 
1265	2  26  12 
1265	2  36  45 
1265	2  47  41 
1267	2  20  25 
1267	2  47  41 
1267	6  43  36 
1269	2  26  12 
1269	2  17   3 
1271	2  27  25 
1271	2  40  45 
1271	2   4   3 
1269	6  22  21 
1273	2  20  12 
1273	2  46  32 
1273	2   4   3 
1269	6   8   1 
1273	6  18  17 
1275	2  20  12 
1275	2  38  32 
1275	2  23  22 
1277	2  46  44 
1277	2  28   7 
1277	6  13   4 
1279	2  17  31 
1279	2  46  44 
1279	2  28   7 
1281	2  17  31 
1281	6  48  46 
1283	2  27  25 
1283	2  23  22 
1285	2  27  12 
1285	2  37  24 
1281	6  14   7 
1281	6  42  35 
1287	2  39  25 
1287	6  29   8 
1289	2  39  25 
1291	2  27  12 
1287	6  48  41 
1291	6  39  32 
1293	2  11   2 
1293	2  23  14 
1295	2  17  15 
1293	6  41  27 
1297	2  38  39 
1297	2  11   2 
1297	2  23  14 
1293	6  35  28 
1299	2  34  25 
1299	2  43  46 
1299	2  11  10 
1299	2  23  30 
1299	6   8   2 
1301	2  34  25 
1301	2  43  46 
1301	2  11  10 
1301	2  23  30 
1303	2  33  25 
1303	2  38  44 
1299	6  28  21 
1303	6  19  12 
1305	2  37  24 
1307	2  40  45 
1307	2  17  15 
1309	2   2   4 
1309	2  32  19 
1309	2  37  45 
1309	2  17  16 
1309	6  48  47 
1311	2   2   4 
1311	2  32  19 
1311	2  37  45 
1311	2  17  16 
1313	2   2   5 
1313	2  33  25 
1313	2  38  44 
1313	6  23  21 
1315	2   2   5 
1315	2  40  46 
1317	2  34  19 
1315	6  44  37 
1319	2  34  19 
1317	6   4   2 
1321	2  27  24 
1321	6  47  45 
1323	2   4  12 
1323	2  17  22 
1325	2   4  12 
1325	2  17  22 
1323	6  32  26 
1327	2  43  45 
1327	2  11   3 
1323	6   8   1 
1327	6  47  41 
1329	2   4   1 
1329	2  43  45 
1331	2   4   1 
1329	6  25  20 
1333	2  40  46 
1333	2   4  10 
1333	6  22   8 
1335	2  33  19 
1335	2  44  46 
1335	2   4  10 
1337	2  33  19 
1337	2  44  46 
1339	2  32  29 
1339	2  11   3 
1339	6  16   9 
1341	2  32  29 
1341	2   4   3 
1343	2  39  37 
1343	2   4   3 
1341	6  12   6 
1345	2  16  31 
1343	6  48  34 
1347	2  16  31 
1345	6  43  36 
1349	2  34  20 
1349	2  16  15 
1349	6  31  25 
1351	2  34  20 
1351	2  16  15 
1353	2  40  45 
1353	2  16   9 
1353	6  20  19 
1355	2  31  29 
1355	2  16   9 
1357	2  31  29 
1357	2  16   8 
1355	6  47  46 
1359	2  18  25 
1359	2  34  20 
1359	2  16   8 
1359	6  36  29 
1361	2  27  24 
1363	2  18  25 
1363	2  27  41 
1361	6   8   3 
1365	2  38  24 
1365	2  27  41 
1367	2  13  25 
1365	6  43  36 
1369	2  18  15 
1369	2  40  45 
1371	2  46  43 
1371	2  34  20 
1371	2  17  14 
1373	2  46  43 
1373	2  18  15 
1373	6  34  27 
1375	2  39  37 
1375	2  18   9 
1377	2  38  24 
1377	6  14   2 
1379	2  13  25 
1379	2  44  45 
1381	2  39  24 
1381	6  48  34 
1383	2  11  25 
1383	2  44  45 
1385	2  39  24 
1385	6  13   4 
1387	2  38  41 
1389	2  48  47 
1389	2  37  24 
1383	6  15   1 
1389	6  33  26 
1391	2   4   1 
1391	2  48  47 
1391	2  37  24 
1393	2   4   1 
1393	2  48  45 
1393	6  29  24 
1395	2  48  45 
1395	6  10   4 
1399	2  24  19 
1395	6   8   1 
1397	6  46  41 
1401	2  24  19 
1397	6  44  43 
1403	2  40  19 
1403	6  43  29 
1405	2  38  46 
1405	2  11  25 
1407	2  40  19 
1409	2  18   9 
1409	2  39  46 
1409	6  44  37 
1411	2  17   2 
1411	2  39  46 
1413	2  13  25 
1413	2  10   9 
1409	6  29  22 
1409	6  41  34 
1415	2  32  29 
1415	2  10   9 
1417	2  32  29 
1415	6  12   4 
1419	2  31  29 
1419	2  16   2 
1419	2  44  46 
1415	6  27  20 
1421	2  31  29 
1421	2  11   8 
1421	2  44  46 
1423	2  24  27 
1423	6  42  36 
1425	2  24  27 
1427	2  38  47 
1427	2  18   3 
1423	6  15  14 
1429	2  40  27 
1429	2  17  30 
1429	6  13  12 
1431	2  38  47 
1431	2  16   2 
1433	2  40  27 
1433	2  17  30 
1435	2  12  25 
1435	2  39  47 
1435	2  16  30 
1437	2  11   8 
1437	2  38  45 
1437	6  40  34 
1439	2  18   3 
1439	2  38  45 
1441	2  11   9 
1437	6  36  29 
1441	6  32  31 
1443	2  10   3 
1445	2  17  23 
1443	6  20   5 
1447	2  31  15 
1447	2  10   3 
1449	2  31  15 
1449	6  12   3 
1451	2  39  47 
1451	2  16  30 
1453	2  17  23 
1453	2  43  46 
1455	2   3   8 
1455	2  44  47 
1455	6  25  20 
1457	2   3   8 
1457	2  39  45 
1459	2  16  23 
1459	2  43  46 
1455	6   6   5 
1461	2  31  25 
1461	2  11   9 
1461	6  47  46 
1463	2  31  25 
1463	2   3   9 
1463	2  11  12 
1465	2  18   2 
1463	6  22  15 
1467	2  18   2 
1467	2  44  46 
1469	2  10   2 
1469	2  39  45 
1469	2  16  23 
1465	6  13   5 
1471	2  18  30 
1471	2   3   9 
1471	6  39  33 
1473	2  11  12 
1473	2  44  45 
1475	2  10   2 
1475	2  44  45 
1473	6  29  24 
1477	2   3  12 
1477	6  41  33 
1479	2  18  30 
1481	2  11   2 
1481	6  38  36 
1483	2  18  23 
1485	2  16   4 
1481	6  20  13 
1487	2  39  37 
1487	2   3  12 
1489	2  40  38 
1489	2  11   2 
1489	6  26  20 
1491	2  39  37 
1491	2  16   4 
1493	2  40  38 
1493	2   3   2 
1493	6  17  15 
1495	2  39  38 
1495	2   3   2 
1497	2  39  38 
1495	6  48  34 
1499	2  17  19 
1493	6  36  29 
1499	6  39  37 
1501	2  17  19 
1503	2  34  19 
1499	6  15  14 
1503	6  24  10 
1505	2  33  39 
1507	2  33  39 
1505	6  27  20 
1509	2  43  46 
1509	2  18  23 
1509	6   5   3 
1511	2  31  26 
1513	2  31  26 
1511	6  29  22 
1515	2  27  39 
1515	6  17   4 
1517	2  33  38 
1519	2  27  39 
1497	6   1   0 
1505	6   8   1 
1517	6  22  15 
1521	2  33  38 
1521	2  18  17 
1521	6  12   6 
1523	2  32  29 
1525	2  32  29 
1521	6   9   3 
1527	2  32  25 
1527	2   4  20 
1527	6  30  16 
1529	2  32  25 
1529	2   4  20 
1531	2  32  26 
1531	6   5   3 
1533	2  31  22 
1533	2  18  17 
1535	2  32  26 
1535	6  37  29 
1537	2  34  19 
1537	2  24  16 
1539	2  34  20 
1539	2  24  16 
1541	2  40  37 
1541	2  11  16 
1543	2  40  37 
1543	2  11  16 
1545	2  29  37 
1545	2  40  25 
1545	6  15   9 
1547	2  29  37 
1547	2  40  25 
1549	2  40  26 
1549	2  24  23 
1511	6   7   0 
1551	2  31  22 
1551	2  40  26 
1551	6  11   9 
1553	2  34  20 
1553	2  43  46 
1553	2  24  23 
1555	2  47  46 
1553	6  14   7 
1557	2  11  19 
1557	2  43  45 
1557	2   9  23 
1555	6  41  34 
1559	2  31  15 
1559	2  11  19 
1559	2  47  46 
1561	2  31  15 
1561	2  34  19 
1563	2  11  20 
1563	2  43  45 
1563	6  32  30 
1565	2  11  20 
1565	2  47  45 
1567	2  18  10 
1567	2  47  45 
1563	6  21  14 
1567	6  34  27 
1569	2  30  22 
1569	2  24  17 
1569	2  46  45 
1571	2  30  22 
1571	2  24  17 
1571	2  46  45 
1569	6  40  32 
1573	2  30  15 
1573	2  27  19 
1569	6   3   2 
1575	2  30  15 
1575	2  27  20 
1575	2  18  10 
1573	6  45  44 
1577	2  27  20 
1577	2   2  16 
1575	6  39  33 
1579	2   2  16 
1577	6  36  30 
1581	2  12  33 
1577	6  28  21 
1581	6  45  38 
1583	2  12  33 
1583	2   9  23 
1585	2   2  23 
1585	6  26  13 
1587	2  39  37 
1587	2   9  17 
1589	2  39  37 
1589	2   9  17 
1587	6  11   4 
1591	2  30  33 
1591	6  14   1 
1593	2  30  33 
1595	2  48  33 
1595	2  24  10 
1591	6  46  45 
1595	6  20  12 
1597	2  31  28 
1599	2  31  28 
1597	6  47  34 
1601	2  36  28 
1601	2  24  10 
1601	6  15  14 
1603	2  47  46 
1603	2  31  26 
1603	2  36  28 
1603	2   9  10 
1605	2  47  46 
1605	2  31  26 
1605	2   9  10 
1601	6  12   5 
1607	2  48  33 
1607	2   2  23 
1607	6  18  11 
1609	2  31  15 
1611	2  31  15 
1609	6  34  20 
1613	2   2  17 
1609	6  44  36 
1613	6  32  31 
1615	2   2  17 
1617	2   2  10 
1613	6  15  14 
1613	6   5   4 
1615	6  47  44 
1619	2  24   8 
1619	6  20   5 
1621	2  44  37 
1621	2  24   8 
1623	2  31  22 
1623	2   9   8 
1621	6  40  34 
1625	2  44  37 
1625	2   2  10 
1625	6  23  14 
1627	2  40  46 
1629	2  40  46 
1625	6  32  25 
1625	6   6   5 
1631	2  29  32 
1631	2   9   8 
1631	6  13  11 
1633	2  29  32 
1633	2   2   8 
1635	2  39  32 
1635	2   2   8 
1635	6  29  23 
1637	2  39  32 
1639	2  44  32 
1637	6  10   5 
1641	2  31  22 
1643	2  23  11 
1643	6  48  45 
1645	2  23  11 
1647	2  23  22 
1647	2  25  12 
1649	2  30  46 
1649	6  25  18 
1651	2  40  37 
1653	2  30  46 
1643	6  14   8 
1649	6   9   8 
1653	6  34  20 
1655	2  31  15 
1657	2  23  22 
1657	2  45  46 
1657	6  17  11 
1659	2  40  37 
1661	2  44  32 
1657	6  14   8 
1663	2  31  15 
1663	2  18  12 
1665	2  25  33 
1665	2  30  37 
1665	2  45  46 
1665	6   8   2 
1667	2  40  32 
1667	2  30  37 
1669	2  31  28 
1671	2  23  15 
1671	2  47  26 
1671	6  36  29 
1673	2  25  33 
1673	2  23  15 
1675	2  40  32 
1675	2  18  10 
1677	2  31  28 
1677	6  41  40 
1679	2  45  37 
1679	2  23  28 
1679	2  18  10 
1681	2  45  37 
1681	2  23  28 
1683	2  47  26 
1683	6  44  36 
1685	2  40  33 
1685	2  18   3 
1687	2  31  26 
1689	2  25  46 
1691	2  30  32 
1691	6  41  27 
1693	2  30  32 
1695	2  45  32 
1697	2  47  44 
1697	2  18   3 
1699	2  40  33 
1699	2  18  16 
1701	2  25  46 
1703	2  31  26 
1703	2  40  46 
1705	2  47  44 
1705	2  18  16 
1707	2  34  33 
1707	2  31  44 
1707	6  20  12 
1709	2  25  37 
1709	2  40  46 
1711	2  34  33 
1711	2  31  44 
1713	2  23  26 
1713	6  39  38 
1715	2  23  26 
1717	2  41  33 
1717	2  18   9 
1717	6  36  22 
1719	2  45  32 
1721	2  34  46 
1721	2  18   9 
1723	2  38  17 
1723	6  27  20 
1725	2  38  17 
1727	2  22  17 
1727	2  41  33 
1727	6  38  37 
1729	2  22  17 
1731	2  20  17 
1729	6  47  41 
1733	2  37  36 
1733	2  20  17 
1735	2  37  36 
1735	2  41  27 
1735	2  18  11 
1737	2  22  36 
1737	2  41  27 
1737	2  18  11 
1735	6  39  31 
1739	2  22  36 
1739	2  18   5 
1739	6  41  27 
1741	2  30  17 
1743	2  30  17 
1741	6  45  43 
1745	2  18   5 
1741	6  21  15 
1745	6  41  33 
1747	2  37  21 
1747	2  18   2 
1749	2  37  21 
1749	2  18   2 
1751	2  31  19 
1751	2  22  21 
1751	6  10   4 
1753	2  37  28 
1753	2  39  33 
1755	2  31  19 
1755	2  22  21 
1755	6  41  34 
1757	2  25  38 
1759	2  37  28 
1759	2  25  32 
1757	6  13   4 
1761	2  40  38 
1761	2  22  28 
1759	6  17  16 
1763	2  27  13 
1763	2  40  38 
1763	2  22  28 
1763	6  11   3 
1765	2  23  44 
1765	2  27  13 
1767	2  41  46 
1767	2  25  32 
1767	6  43  22 
1769	2  39  33 
1771	2  47  46 
1771	2  27  11 
1773	2  31  10 
1773	2  47  46 
1773	6  27  13 
1775	2  22  16 
1775	2  40  32 
1777	2  31  10 
1779	2  22  16 
1779	2  41  38 
1779	2  13  11 
1781	2  23  44 
1781	6  33  19 
1781	6   6   5 
1783	6  23  10 
1787	2  45  33 
1787	6  13   5 
1789	2  45  33 
1791	2  31  34 
1789	6   9   3 
1793	2  39  27 
1789	6  18  11 
1793	6  36  23 
1795	2  40  32 
1797	2  39  27 
1795	6   5   2 
1799	2  45  36 
1799	6  25  23 
1801	2  45  36 
1799	6  40  34 
1801	6   6   4 
1805	2  23  16 
1805	2  41  38 
1807	2  20  25 
1807	2  23  16 
1807	6  11  10 
1809	2  20  25 
1811	2  30  25 
1809	6  21  15 
1813	2  30  25 
1811	6  20  13 
1815	2  22  25 
1817	2  20  33 
1817	2   2  17 
1817	6  36  30 
1819	2  11  19 
1819	2  41  32 
1821	2  20  33 
1821	2   2  17 
1823	2  31  40 
1823	2  11  19 
1823	2   2   3 
1825	2  22  25 
1825	2   2   3 
1825	6  13  12 
1827	2  48  33 
1827	2   2   9 
1829	2  45  40 
1829	2  23  25 
1829	2   2   9 
1831	2  31  46 
1831	2  11  27 
1833	2  47  38 
1833	2  23  25 
1833	2   2   4 
1833	6  34  20 
1835	2  31  46 
1835	2   2   4 
1837	2  47  38 
1835	6  17  16 
1839	2  48  33 
1839	2  31  38 
1839	6  12   3 
1841	2  45  40 
1843	2  41  32 
1843	2  45  46 
1827	6  28  14 
1833	6  14   7 
1839	6   7   1 
1833	6  36  28 
1839	6  28  21 
1841	6  23  16 
1845	2  11  27 
1845	2  45  46 
1845	6  21   7 
1847	2  20  17 
1849	2  39  18 
1851	2   3  15 
1851	2  47  32 
1851	6  20  12 
1853	2   3  15 
1853	2  31  38 
1855	2   7  15 
1855	2  47  32 
1855	6  44  29 
1857	2   3   1 
1857	2  31  32 
1859	2   7  15 
1859	2  12  17 
1859	2  31  32 
1857	6  41  27 
1861	2   3   1 
1861	2  22  15 
1861	2  45  38 
1861	6  30  24 
1863	2   7   1 
1863	2  22  15 
1863	2  45  38 
1865	2   7   1 
1865	2  16  15 
1863	6  41  20 
1867	2  22   1 
1867	6  44  38 
1869	2  12  25 
1869	2  16  15 
1871	2  12  25 
1871	2  22   1 
1869	6  40  34 
1873	2  16   1 
1873	6  25  11 
1875	2  16   1 
1873	6  37  30 
1875	6  48  34 
1879	2   2   5 
1879	6  44  31 
1881	2   2   5 
1883	6  12   9 
1885	2  38  33 
1887	2  38  33 
1889	2  40  24 
1889	2   9  15 
1889	6  27  19 
1891	2  40  24 
1891	2   9  15 
1893	2  40  48 
1893	2   9   1 
1895	2  39  18 
1897	2  19  17 
1897	2  40  48 
1899	2  25  18 
1899	2  40  46 
1899	2   9   1 
1901	2  39  23 
1899	6  20  12 
1903	2  25  18 
1903	2  40  46 
1903	6  15   3 
1905	2  40  31 
1907	2  45  32 
1905	6  19  18 
1909	2  39  23 
1909	6   2   1 
1911	2  18  17 
1911	2  39  41 
1913	2  18  11 
1913	2  39  41 
1911	6  27  20 
1915	2  25  23 
1915	6  47  38 
1917	2  18  11 
1919	2  25  23 
1919	6  10   4 
1921	2  25  41 
1923	2  39  27 
1921	6  44  36 
1925	2  18   3 
1925	6  34  33 
1927	2  38  17 
1929	2  38  17 
1931	2  33  24 
1931	6  36  29 
1933	2  33  24 
1935	2  33  48 
1931	6  19  11 
1931	6  45  38 
1937	2  33  48 
1937	2  29  17 
1939	2  33  46 
1939	2  29  17 
1941	2  33  46 
1941	6  30  17 
1941	6  44  43 
1943	6  40  39 
1947	2  17  26 
1947	6  36  22 
1949	2  17  26 
1949	2  39  31 
1951	2  38  32 
1951	2  18   3 
1951	6  41  34 
1953	2  17  22 
1953	2  39  32 
1955	2  17  22 
1955	2  39  32 
1953	6  44  37 
1957	2  17  20 
1959	2  17  20 
1957	6  47  46 
1961	2  17  12 
1961	2  38  30 
1961	6  34  26 
1963	2  17  12 
1963	2  38  30 
1965	2  17  11 
1965	2  39  30 
1967	2  17  11 
1967	2  25  26 
1967	2  39  30 
1969	2  17  23 
1969	2  40  27 
1969	6  38  37 
1971	2  17  23 
1973	2  18   2 
1971	6  40  34 
1975	2  18   2 
1973	6  23  15 
1977	2  38  40 
1977	2  25  27 
1977	6  12  10 
1979	2  38  40 
1979	2  25  27 
1981	2  38  22 
1983	2  38  22 
1983	6  27  12 
1985	6  45  24 
1989	2  34  27 
1983	6   9   2 
1989	6  13   5 
1991	2  46  45 
1991	2  33  31 
1993	2  46  45 
1993	2  17  26 
1991	6  29  22 
1995	2  46  48 
1995	2  24  19 
1997	2  46  48 
1997	2  24  19 
1999	2  46  47 
1999	2  24   3 
1999	2  34  27 
2001	2  46  47 
2001	2  33  31 
2001	6  20  18 
2003	2  46  31 
2005	2  33  32 
2001	6  22  16 
2005	6  48  45 
2007	2  16  19 
2009	2  16  19 
2011	2  41  48 
2011	2  24   3 
2013	2  41  48 
2013	2  17  26 
2013	6  37  31 
2015	2  16   3 
2015	2  34  13 
2017	2  17  12 
2017	6  47  41 
2019	2  31  19 
2021	2  24   9 
2021	6  26  19 
2023	2  47  45 
2023	2  16   3 
2025	2  47  45 
2025	2  24   9 
2027	2  48  45 
2027	2  25  27 
2027	2  16   9 
2027	6  11   3 
2029	2  47  41 
2029	2  33  32 
2029	2  16   9 
2031	2  48  45 
2031	2  25  27 
2033	2  47  41 
2033	2  31  26 
2033	6  17  11 
2035	2  46  37 
2035	2  48  41 
2037	2  46  32 
2037	2  48  41 
2039	2  11  12 
2039	2  33  30 
2041	2  34  13 
2041	2  31  17 
2043	2  39  26 
2043	6  24  23 
2045	2  11  27 
2047	2  39  26 
2011	6  14   7 
2017	6  21  14 
2041	6  36  21 
2047	6  44  36 
2049	2  24  40 
2051	2  24  40 
2047	6  15   9 
2053	2  24  29 
2053	6  45  40 
2055	2  24  29 
2057	6  24  21 
2059	2  44  45 
2059	2  40  41 
2061	2  44  45 
2061	2  40  41 
2063	2  24  45 
2065	2  44  29 
2065	2  25  13 
2067	2  24  45 
2069	2  44  29 
2069	2  11  27 
2069	6  39  32 
2069	6  16  15 
2071	6  45  37 
2075	2  25  13 
2071	6  10   2 
2077	2  22  37 
2077	2  46  39 
2077	2  11  13 
2077	6  33  25 
2079	2  22  37 
2079	2  11  13 
2081	2  47  45 
2081	6  23  10 
2083	2  47  45 
2085	2  48  45 
2081	6  20  19 
2087	2  24  29 
2087	2  47  39 
2089	2  24  29 
2089	2  48  45 
2091	2  23  37 
2091	2  47  39 
2093	2  22  29 
2093	2  31  17 
2093	6  47  41 
2095	2  23  37 
2097	2  22  29 
2097	2  32  17 
2099	2  23  29 
2099	2  40  45 
2101	2  23  29 
2101	2  48  39 
2103	2  25  30 
2105	2  46  30 
2105	2  25  26 
2107	2  31  16 
2107	6  41  33 
2109	2  46  30 
2111	2  31  16 
2113	2  25  26 
2113	2  40  45 
2115	2  32  17 
2115	2  47  45 
2117	2  33  30 
2119	2  25  17 
2119	2  48  39 
2121	2  32  16 
2121	6  48  41 
2123	2  25  17 
2125	2  32  16 
2127	2  33  30 
2129	2  40  39 
2129	2  25  16 
2131	2  47  45 
2131	2  25  16 
2133	2  40  39 
2133	6  30  18 
2135	2  47  39 
2137	2  47  39 
2133	6   9   2 
2135	6  41  34 
2139	2  38  30 
2139	6  25   9 
2141	2  38  30 
2139	6  47  46 
2143	6  29  21 
2145	2  38  25 
2147	2  38  25 
2145	6  10   3 
2149	2  29  30 
2149	2  47  26 
2151	2  29  30 
2151	2  47  26 
2151	6  16  10 
2153	2  44  30 
2153	2  33  26 
2155	2  44  30 
2155	2  33  26 
2153	6  47  46 
2157	2  24  30 
2157	6  33  19 
2159	2  24  30 
2161	2  22  30 
2163	2  22  30 
2163	2  34  18 
2163	2  45  39 
2165	2  23  30 
2165	2  34  18 
2165	2  45  39 
2167	2  23  30 
2167	2  34  26 
2169	2  34  26 
2167	6  46  39 
2169	6  29  24 
2173	6  39  33 
2175	2  24  25 
2177	2  24  25 
2157	6   9   3 
2165	6  15   9 
2171	6  11  10 
2173	6  45  44 
2175	6  29  15 
2177	6  19  11 
2181	2  39  37 
2179	6  34  27 
2183	2  39  37 
2179	6  25  24 
2181	6  15   9 
2185	2  29  37 
2185	6  27  18 
2187	2  29  37 
2185	6  40  32 
2189	6  37  21 
2191	2  33  17 
2193	2  33  17 
2195	2  45  24 
2195	6  41  27 
2197	2  45  24 
2199	2   9  24 
2199	6  46  44 
2201	2   9  24 
2201	2  33  19 
2203	2  22  24 
2203	2  33  19 
2205	2  39  37 
2205	2  22  24 
2207	2  39  37 
2207	2  15  21 
2207	2  23  24 
2209	2  29  37 
2209	2  23  24 
2209	6  46  41 
2211	2  15  21 
2211	2  11  17 
2213	2  29  37 
2213	2  11  17 
2215	2  39  30 
2215	2  18  17 
2215	6  21  15 
2217	2  39  30 
2217	2  11  19 
2219	2  29  30 
2219	2  32  46 
2219	2  18  17 
2221	2  31  15 
2221	2  11  19 
2223	2  21  37 
2223	2  18  19 
2223	6  40  33 
2225	2  21  37 
2225	2  18  19 
2227	2  29  30 
2227	6  25  17 
2229	2  21  30 
2231	2  21  30 
2227	6  45  44 
2233	2  39  24 
2233	6  29  15 
2235	2  39  24 
2237	2  32  46 
2239	2  31  29 
2239	2  47  46 
2241	2  31  37 
2241	2  47  46 
2239	6  33  26 
2243	2  15  24 
2243	6  47  39 
2245	2  15  24 
2245	6  26  19 
2249	2  31  37 
2249	2  41  46 
2247	6  23  16 
2251	2  32  33 
2233	6  10   2 
2251	6  47  45 
2253	2  31  30 
2255	2  21  24 
2257	2  38  23 
2257	6  18  10 
2259	2  38  23 
2261	2  31  30 
2261	2  41  46 
2263	2  17  23 
2263	2  32  33 
2263	2  47  46 
2265	2  17  23 
2265	2  39  33 
2267	2  44  23 
2267	6  19  18 
2269	2  44  23 
2271	2   9  23 
2271	2  39  33 
2273	2   9  23 
2273	2  32  25 
2273	2  47  46 
2275	2  22  23 
2275	2  32  25 
2275	6  45  37 
2277	2  22  23 
2277	2  41  33 
2279	2  16  23 
2279	2  32  26 
2279	6  47  40 
2281	2  16  23 
2281	2  32  26 
2283	2  37  23 
2283	6  32  26 
2285	2  37  23 
2287	2  15  23 
2287	6  18  17 
2289	2  15  23 
2289	2  41  33 
2291	2  40  33 
2275	6   3   1 
2287	6  45  37 
2291	6  15   1 
2293	2  39  25 
2295	2  39  25 
2293	6  37  30 
2297	2  41  25 
2299	2  17  29 
2299	2  39  32 
2301	2  17  29 
2301	2  40  33 
2303	2  15  29 
2303	2  41  25 
2305	2  17  30 
2305	2  39  32 
2305	6  26  19 
2307	2  15  29 
2309	2  17  30 
2299	6  45  44 
2307	6  47  45 
2311	2  21  24 
2311	6  34  20 
2313	2  45  29 
2315	2  15  30 
2313	6  11  10 
2317	2  38  26 
2319	2  38  26 
2319	6  16  10 
2321	2  31  24 
2321	2  46  33 
2323	2  45  29 
2325	2  18  26 
2325	2  21  23 
2325	6  40  38 
2327	2  18  26 
2327	2  21  23 
2329	2  16  29 
2329	6  27  12 
2331	2  15  30 
2333	2  31  24 
2331	6  47  41 
2335	2  45  30 
2333	6  10   9 
2337	2  40  34 
2337	2  31  23 
2335	6  20  19 
2339	2  40  34 
2339	2  16  29 
2341	2  41  26 
2341	2  45  30 
2341	6  11  10 
2343	2  40  27 
2343	2  31  23 
2345	2  41  26 
2345	6  37  23 
2347	2  40  27 
2349	2  11  26 
2351	2  18  34 
2351	6  29   8 
2353	2  18  34 
2355	2  41  34 
2351	6  45  39 
2355	6  20  11 
2357	2  41  34 
2357	2  16  30 
2359	2  16  30 
2357	6  45  43 
2361	2  18  27 
2361	6  30  22 
2363	2  40  19 
2365	2  20  26 
2365	2  10   8 
2363	6  43  36 
2367	2  18  27 
2367	6  31  30 
2369	2  40  19 
2371	2  20  34 
2371	2  10   8 
2369	6  36  28 
2373	2  31  26 
2373	6  11   9 
2375	2  41  27 
2377	2  31  26 
2369	6  45  44 
2375	6  28  14 
2379	2  18  19 
2379	2  47  32 
2379	6  37  30 
2381	2  20  34 
2381	2   9   8 
2383	2  41  27 
2383	2   9   8 
2383	6  12  11 
2385	2  31  34 
2385	2  14   8 
2387	2  20  27 
2387	2  17  23 
2387	2  47  32 
2387	2  14   8 
2389	2  18  19 
2389	2  31  34 
2391	2  12  26 
2391	2  17  23 
2389	6  21   8 
2393	2  12  26 
2393	2  17  24 
2391	6  47  45 
2395	2  20  27 
2395	2  15  23 
2395	6   3   1 
2397	2  47  26 
2397	2  15  23 
2399	2  47  26 
2395	6  28  21 
2401	2  17  24 
2401	2  46  33 
2401	6  11   3 
2403	2  39  23 
2405	2  15  24 
2401	6  36  28 
2401	6  20  13 
2405	6  45  44 
2407	2  11  26 
2409	2  11  26 
2405	6  41  40 
2407	6  29  14 
2411	2  41  20 
2413	2  41  20 
2413	2  17  30 
2415	2  40  19 
2415	2  44  36 
2415	6   8   3 
2417	2  18  20 
2417	2  44  36 
2419	2  40  19 
2419	6  44  36 
2421	2  18  20 
2423	2  13  19 
2423	2  39  23 
2421	6   4   3 
2425	2  13  19 
2425	2  15  24 
2423	6  34  27 
2427	2  17  30 
2425	6  45  44 
2429	2  12  27 
2429	2  16  23 
2425	6  48  47 
2431	2  31  34 
2431	6  13   4 
2433	2  31  34 
2435	2  39  24 
2437	2  12  27 
2437	2  15  30 
2437	6  17  10 
2439	2  48  27 
2439	2  15  30 
2441	2  48  27 
2443	2  31  19 
2445	2  31  19 
2447	2  13  26 
2447	2  16  23 
2443	6  41  40 
2449	2  41  20 
2449	2  17  22 
2451	2  41  20 
2451	2  17  22 
2453	2   4  20 
2453	2  39  24 
2455	2   4  20 
2455	2  17  23 
2455	6  39  37 
2457	2  11  27 
2457	2  16  24 
2459	2  13  26 
2459	2   9  22 
2461	2  11  27 
2461	2  37  30 
2461	2  16  24 
2463	2  39  26 
2463	2   9  22 
2465	2  13  27 
2465	2  17  23 
2467	2  39  26 
2467	2  37  30 
2467	2  17  24 
2467	6  15   9 
2469	2  13  27 
2469	2  17  24 
2471	2  39  27 
2471	6  18  12 
2473	2  39  27 
2473	2  29  22 
2475	2  15  23 
2475	6  48  40 
2477	2  38  25 
2477	2  29  22 
2479	2  38  25 
2479	2  15  23 
2475	6  27  20 
2477	6  12  11 
2481	2  38  32 
2481	2  36  22 
2483	2  18  34 
2483	2  29  23 
2483	6  45  39 
2485	2  18  34 
2485	2  36  22 
2487	2  18  19 
2487	2  16  30 
2489	2  40  34 
2489	2  18  19 
2489	2  16  30 
2491	2  40  34 
2491	2  15  24 
2491	6  20  12 
2493	2  38  32 
2493	2  29  23 
2495	2  38  39 
2495	2  15  24 
2497	2  20  34 
2497	2  17  30 
2497	6  47  45 
2499	2  20  34 
2499	2  17  30 
2501	2  10  26 
2501	6  36  22 
2503	2  40  19 
2505	2  40  19 
2507	2  13  34 
2507	2  38  39 
2507	2  22  23 
2507	6  17   9 
2509	2  20  19 
2509	2  38  36 
2509	2  22  23 
2511	2  13  34 
2511	2  38  36 
2513	2  10  26 
2513	6  45  36 
2515	2  20  19 
2517	2  17  26 
2513	6  47  41 
2519	2  10  12 
2519	2  41  34 
2519	2  15  30 
2521	2  13  19 
2521	2  41  34 
2521	2  29  24 
2521	6  11  10 
2523	2  13  19 
2523	2  29  24 
2525	2  15  30 
2523	6  34  27 
2527	2  11  12 
2527	2  38  23 
2529	2  31  34 
2531	2  31  34 
2533	2  18  34 
2533	2  29  30 
2535	2  18  34 
2535	2  29  30 
2537	2  40  34 
2537	2  22  24 
2539	2  40  34 
2539	2  38  23 
2541	2  20  34 
2541	2  22  24 
2543	2  17  26 
2543	2  22  30 
2545	2  20  34 
2545	2  38  24 
2547	2  46  25 
2549	2  17  12 
2549	2  22  30 
2551	2  11  27 
2551	6  38  23 
2553	2  13  34 
2555	2  11  27 
2557	2  46  25 
2559	2  17  12 
2559	2  46  32 
2559	6  41  27 
2561	2  46  32 
2563	2  46  39 
2563	2  23  24 
2561	6  18  11 
2565	2  46  39 
2565	2  23  30 
2567	2  27  19 
2567	2  46  45 
2567	2  23  30 
2567	6  41  40 
2569	2  27  19 
2569	2  46  45 
2571	2  18  19 
2571	2  46  38 
2573	2  13  34 
2573	2  46  38 
2575	2  33  25 
2575	6  46  30 
2577	2  27  34 
2577	2  18  19 
2579	2  33  25 
2581	2  27  34 
2581	2  30  24 
2583	2  33  32 
2583	2  30  24 
2583	2  27  20 
2585	2  18  34 
2585	6  37  31 
2587	2  18  34 
2589	2  20  27 
2589	6  18  16 
2591	2  33  32 
2591	2  27  20 
2593	2  33  39 
2595	2  31  26 
2595	6  11   9 
2597	2  31  26 
2599	2  25  32 
2599	6  41  27 
2601	2  25  32 
2601	6  15  10 
2605	2  33  39 
2599	6  37  29 
2603	6  31  24 
2607	2  18  26 
2607	6  45  40 
2609	2  24  12 
2611	2  18  26 
2613	2  24  12 
2613	2  33  40 
2613	6  45  37 
2615	2  11  26 
2617	2  18  12 
2617	2  33  40 
2619	2  11  26 
2619	2  30  46 
2621	2  18  12 
2621	2  33  38 
2623	2  10  26 
2623	2  30  46 
2625	2  11  12 
2625	2  25  39 
2625	6  37  30 
2627	2  10  26 
2629	2  11  12 
2629	2  25  39 
2629	6  34  27 
2631	2  17  30 
2631	2  32  39 
2633	2  17  30 
2633	2  32  39 
2635	2  24  30 
2635	2  10  12 
2635	6  45  33 
2637	2  24  30 
2637	2  10  12 
2639	6  23  11 
2641	2  33  26 
2641	2  45  38 
2643	2  33  26 
2645	2  17  19 
2645	6  37  22 
2647	2  17  19 
2649	2  25  40 
2651	2  18  30 
2653	2  24  19 
2655	2  18  30 
2657	2  24  19 
2659	2  23  30 
2659	2  18  19 
2661	2  23  30 
2661	2  18  19 
2657	6  10   9 
2663	2  33  12 
2663	6  24  23 
2665	2  33  12 
2667	6  19  10 
2669	2  45  31 
2671	2  45  31 
2673	2   9  30 
2673	2  45  46 
2673	6  27  19 
2675	2  24  10 
2675	2  45  46 
2677	2   9  30 
2679	2  17  19 
2681	2  17  19 
2683	2  25  40 
2683	6  16  10 
2685	2  32  40 
2687	2  25  38 
2683	6  27  20 
2689	2  24  16 
2689	6  19  18 
2691	2   9  16 
2691	2  32  40 
2693	2   9  16 
2693	2  39  40 
2689	6  34  27 
2695	2  23  18 
2695	2  39  40 
2695	6  27  13 
2697	2  23  18 
2699	2  23  29 
2697	6  47  45 
2701	2  19  18 
2701	2  29  23 
2703	2  19  18 
2703	2  23  29 
2705	2  33  30 
2707	2  24  18 
2709	2  25  38 
2709	6  23  16 
2711	2  32  38 
2711	2  19   4 
2713	2  25  31 
2715	2  33  30 
2717	2  24  18 
2717	6  33  26 
2719	2  10  13 
2721	2  13  10 
2717	6  45  37 
2717	6  48  41 
2723	2  45  33 
2723	2  10  13 
2725	2  45  33 
2725	6  17  12 
2727	2  32  38 
2729	2  39  38 
2731	2  26  23 
2731	2  39  38 
2733	2   9  18 
2733	2  40  38 
2735	2  25  31 
2735	2  12  20 
2737	2  26  23 
2739	2   9  18 
2739	2  32  31 
2741	2  25  46 
2741	2   9  15 
2743	2  26  18 
2743	2  32  31 
2743	2  15   9 
2745	2  25  46 
2745	2   9  15 
2747	2  26  18 
2747	2  39  31 
2749	2  32  46 
2749	2  20  12 
2749	6  23  17 
2751	2  40  38 
2751	2   4  19 
2753	2  32  46 
2753	2  19   4 
2755	2  39  31 
2755	2  26  41 
2757	2  40  31 
2757	2  12  20 
2759	2  39  46 
2759	2  24  37 
2759	6  19  11 
2761	2  40  31 
2763	2  39  46 
2763	2  37  24 
2765	2  19  33 
2765	2  38  31 
2765	6  22  16 
2767	2  19  33 
2767	2  38  31 
2769	2  40  46 
2771	2  40  46 
2771	2  24  37 
2773	2  38  46 
2773	2  41  26 
2773	6  24  16 
2775	2  38  46 
2775	2  26  41 
2777	6  45  29 
2777	6  19  11 
2783	2  29  23 
2783	6  47  26 
2785	2  29  23 
2787	2  29  30 
2783	6  11  10 
2789	2  24  33 
2791	2  10  23 
2793	2  24  33 
2795	2  10  23 
2795	2  26  33 
2797	2  29  30 
2797	2  26  33 
2797	6  16  10 
2799	2  25  33 
2801	2  25  33 
2799	6  29  22 
2803	2  32  33 
2803	6  18   9 
2805	2  32  33 
2807	2  39  33 
2805	6  36  21 
2809	2  24  23 
2809	2  39  33 
2811	2  16  30 
2811	2  40  33 
2813	2  22  17 
2813	2  40  33 
2809	6   2   1 
2815	2  24  23 
2815	2  38  33 
2817	2  16  30 
2817	6  26  18 
2819	2  31  46 
2821	2  31  46 
2815	6   4   3 
2823	2  22  17 
2823	2  38  33 
2825	2  18  23 
2825	6  40  38 
2827	2  16  17 
2829	2  22   9 
2831	2  24  30 
2831	6  40  26 
2833	2  24  30 
2835	2  16  17 
2837	2  18  23 
2839	2  22   9 
2839	2  31  33 
2841	2  25  23 
2843	2  18  30 
2845	2  24  17 
2847	2  16   9 
2847	2  31  33 
2849	2  25  23 
2851	2  18  30 
2853	2  24  17 
2853	2  46  33 
2855	2  16   9 
2855	2  25  30 
2857	2  32  23 
2857	6  10   9 
2859	2  32  23 
2861	2  25  30 
2863	2  18  17 
2863	2  32  30 
2865	2  24  10 
2865	2  46  33 
2867	2  18  17 
2867	2  32  30 
2867	6  46  45 
2869	2  24  10 
2871	2  25  17 
2871	6  31  30 
2873	2  18  10 
2875	2  25  17 
2877	2  39  23 
2877	2  18  10 
2879	2  39  23 
2879	6  18  10 
2881	2  38  23 
2883	2  39  31 
2881	6  28  14 
2885	2  32  17 
2885	6  45  37 
2887	2  25  18 
2887	2  10   2 
2889	2  32  17 
2887	6  29  28 
2891	2  39  31 
2891	2  25  18 
2891	2   2  10 
2893	2  38  23 
2893	2  10   2 
2895	2  26  23 
2897	2  38  31 
2897	2  16  21 
2899	2  32  18 
2899	2  22   1 
2901	2  26  23 
2903	2  38  31 
2903	2   1  22 
2903	6  33  18 
2905	2  30  23 
2907	2  30  23 
2909	2  32  33 
2909	2  37  23 
2911	2  26  31 
2913	2  26  31 
2915	2  30  31 
2915	2  21  16 
2915	6  39  33 
2917	2  37  23 
2919	2  30  31 
2919	2  16  21 
2769	6  13   6 
2905	6   5   3 
2911	6  11   3 
2921	2  33  17 
2919	6  45  44 
2923	2  33  17 
2925	2  38  17 
2927	2  33  39 
2927	2  18  23 
2929	2  38  17 
2931	2  33  39 
2931	2  18  23 
2933	2  26  17 
2933	2  38  39 
2935	2  26  17 
2935	2  38  39 
2937	2  37  31 
2937	6  22  17 
2939	2  37  31 
2941	2  38  43 
2943	2  30  22 
2943	2  26  39 
2943	6  14   7 
2945	2  30  22 
2945	2  26  39 
2947	2  18  31 
2949	2  37  22 
2949	2  26  13 
2949	6  11  10 
2951	2  30  39 
2953	2  37  22 
2953	2  13  26 
2955	2  18  31 
2955	6  22  16 
2957	2  33  45 
2959	2  45  33 
2961	2  30  39 
2961	6  15   7 
2963	2  37  39 
2963	2  26  13 
2965	2  37  39 
2961	6  17  10 
2967	2  23  31 
2967	2  10   1 
2967	6  28  14 
2969	2  23  31 
2971	2  25   4 
2973	2  18  16 
2973	2  37  28 
2975	2  18  16 
2975	2  43  38 
2977	2  23  16 
2977	2  28  37 
2977	6  25  18 
2979	2  23  16 
2979	2  37  28 
2981	2  38  43 
2983	2  25  39 
2983	6  30  16 
2985	2  25  39 
2969	6   1   0 
2975	6   7   1 
2981	6  21   7 
2983	6  43  42 
2989	2  31  30 
2989	2  16  17 
2989	6  46  43 
2991	2  31  30 
2991	2   4  18 
2993	2  24   8 
2995	2  23  39 
2997	2  23  39 
2999	2  31  39 
2999	2  17  16 
2999	6  37  36 
3001	2  31  39 
3001	2  16  17 
3003	2   8  24 
3005	2  30  39 
3005	2  18   4 
3007	2  30  39 
3009	2  39  46 
3009	2  30  21 
3011	2  31  15 
3013	2  23  35 
3013	2  46  39 
3015	2  25  37 
3017	2  32  29 
3019	2  29  32 
3021	2  37  25 
3023	2  35  23 
3023	2  39  46 
3025	2  15  31 
3027	2  21  30 
3029	2  30  21 
3031	2  31  15 
3033	2  23  35 
3033	2  33  45 
3035	2  25  37 
3037	2  32  29 
3039	2  24   8 
