   1	2  20  25 
   1	6  33  23 
   3	2  20  25 
   1	6   8   3 
   7	2  20  33 
   7	6   9   4 
   9	2  20  33 
  11	2  25  33 
   7	6  22  17 
  13	2  20   8 
  13	6  17  16 
  15	2  25  33 
  17	2  20   8 
  19	2  20   9 
  21	2  20   9 
  23	2  20   6 
  23	6   9   3 
  25	2  20   6 
   7	6  35  29 
  27	6  25  13 
  17	6  33  28 
  27	6  29  21 
  27	6   1   0 
  33	2  13   8 
  33	6  28  16 
  35	2  13   8 
  37	6  13   1 
  39	6  35  27 
  43	2   1   3 
  43	6  16  14 
  45	2   1   3 
  47	2   1   6 
  45	6  35  29 
  49	2  14   8 
  49	2   1   6 
  51	2  14   8 
  51	6  29  16 
  51	6   6   1 
  57	2  14   3 
  59	2  20  10 
  59	6   7   6 
  61	2  20  10 
  63	2  20  22 
  65	2  14   3 
  67	2   8   3 
  67	2  20  22 
  69	2  14   1 
  69	6  22  16 
  71	2   8   3 
  73	2  14   1 
  75	2   7  10 
  77	2   7  10 
  79	2   8   1 
  79	6  16   4 
  81	2   8   1 
  83	6   7   2 
  85	2  20  34 
  87	2  20  34 
  85	6  17  11 
  89	2   3   1 
  89	2  20  28 
  91	2  14  10 
  93	2   2   4 
  93	2  20  28 
  95	2  14  10 
  95	6  34  28 
  97	2   2   4 
  97	2  20  31 
  99	2   8  10 
 101	2  14   4 
 103	2   3   1 
 103	2  20  31 
 101	6  28  23 
 105	2   8  10 
 107	2  14   4 
 107	6  23  17 
 109	2   3  10 
 109	2  20  33 
 111	2   8   4 
 113	2   3  10 
 113	2  20  33 
 115	2   8   4 
 117	2   3   4 
 117	2  20  28 
 117	6   8   1 
 119	2   3   4 
 119	2  20  28 
 121	2  20  24 
 117	6  17  11 
 123	2   8  10 
 125	2   8  10 
 127	2   8   4 
 129	2   8   4 
 131	2  10   4 
 131	2  20  24 
 133	2  10   4 
 133	2  20  30 
 135	2  20  30 
 135	6  10   2 
 121	6  34  28 
 137	6  31  26 
 141	2  10  11 
 141	6  15  14 
 143	2  10  11 
 141	6   2   1 
 145	6  11   4 
 127	6  28  23 
 143	6  28  26 
 149	6  33  29 
 151	2  15   4 
 153	2  15   4 
 155	2  10  23 
 157	2  10  23 
 159	2   2   4 
 159	2  15  23 
 161	2  10  28 
 163	2   2   4 
 163	2  15  23 
 165	2  10  28 
 167	2   3   4 
 167	2  15  28 
 169	2   3   4 
 169	2  15  28 
 171	2   8   4 
 171	6  29  17 
 173	2   8   4 
 175	2  20   9 
 177	2  10  17 
 177	6  34  28 
 179	2  10  17 
 181	2  15  17 
 149	6  24  12 
 175	6  12   7 
 155	6  31  30 
 177	6  31  25 
 177	6   3   2 
 183	2  10  28 
 183	6  25  13 
 185	2  10  28 
 187	6  17   3 
 187	6  35  34 
 193	2  17  23 
 193	2  15   3 
 195	2  17  23 
 195	2   1   4 
 197	2  17  35 
 197	6  13   8 
 199	2  17  35 
 201	6  23   5 
 203	6  19  14 
 207	2  17   3 
 207	6  35  33 
 209	2   2   5 
 211	2   2   5 
 213	2  15  28 
 213	6   7   2 
 215	2  15  28 
 213	6  11   5 
 217	6  33  31 
 219	2  10   2 
 221	2   1   4 
 223	2  17   3 
 223	6  31  18 
 225	2  10   2 
 227	2   5   4 
 227	2  17  28 
 229	2   7  18 
 229	2   5   4 
 229	2  17  28 
 231	2   7  18 
 231	6  17   4 
 233	6  27  13 
 237	6  17  11 
 239	2   7   3 
 241	2  15   2 
 241	6  32  18 
 243	2  10   8 
 245	2  15   2 
 247	2  27  17 
 247	2   7   3 
 249	2  27  17 
 249	6   3   1 
 251	2  27  32 
 253	2  27  32 
 255	2   3  17 
 255	6  32  18 
 257	2   3  17 
 259	2  10   8 
 261	2  20   9 
 261	2   5  17 
 261	6   6   1 
 263	2  10   9 
 263	2  20  14 
 265	2   5  17 
 265	2  20  14 
 267	2   4   2 
 267	2  20  21 
 267	6  18   6 
 269	2  15   8 
 269	2  11  17 
 271	2   4   2 
 271	2  20  21 
 273	2  15   8 
 273	2  11  17 
 273	2  20  19 
 275	2  10   9 
 275	2  20  19 
 275	6   6   1 
 277	2  15   9 
 279	2  10  14 
 273	6  32  27 
 281	2   3   1 
 281	2  32  18 
 281	6  21  16 
 283	2   3   1 
 283	2  32  18 
 285	2   4   8 
 287	2   4   8 
 285	6  18  12 
 289	2  15   9 
 287	6  32  28 
 291	2  10  14 
 289	6   2   1 
 293	2   4   9 
 293	2  20  18 
 295	2   5   2 
 295	2  20  18 
 297	2   5   2 
 297	2  20  27 
 293	6  32  31 
 299	2  15  14 
 299	6  12   7 
 301	2  10  16 
 301	2  20  27 
 303	2   4   9 
 303	2  20  25 
 305	2   3   7 
 305	2  20  25 
 307	2   3   7 
 307	6  31  24 
 309	2  15  14 
 311	2  10  16 
 311	2  20  13 
 303	6  28  27 
 309	6   3   2 
 313	2  12  24 
 313	2  15  16 
 315	2  12  24 
 315	2  11   3 
 317	2  27  24 
 317	2  11   3 
 319	2  12   1 
 319	2  15  16 
 319	6  25  24 
 321	2  12   1 
 323	2  12   8 
 321	6  16  10 
 325	2  27  25 
 325	2  12   8 
 327	2  17   3 
 327	2  20  13 
 329	2   4  14 
 329	6  25  18 
 331	2  17   3 
 333	2   4  14 
 335	2   4  10 
 335	2  20  22 
 335	6   7   2 
 337	2   4  10 
 337	2  20  22 
 339	2  20  21 
 339	6  10   5 
 341	2   7  18 
 341	2  20  21 
 343	2   7  18 
 343	2  20  26 
 345	2  10   2 
 345	2  20  26 
 345	6  18  13 
 347	2  10   2 
 347	6  27  21 
 349	6  10   2 
 353	2  20  31 
 355	2  11  10 
 355	2   2  13 
 357	2  11  10 
 357	2   2  13 
 355	6  21  15 
 359	2  17  10 
 361	2  15   1 
 363	2  15   1 
 359	6  26  19 
 361	6  11   4 
 365	2   7   1 
 365	2  20  31 
 365	6  22  16 
 367	2   7   1 
 369	2   2   1 
 367	6  14   9 
 371	2  22  26 
 371	2   2   1 
 373	2  15   8 
 373	6  27  25 
 375	2  12  14 
 375	2  17  10 
 377	2  15   8 
 377	6  23  11 
 379	2  12  14 
 381	2   7   8 
 379	6  25  24 
 383	2  15  14 
 383	2   3  10 
 383	6  33  23 
 385	2   7   8 
 385	2   3  10 
 387	2  15  14 
 387	6   4   1 
 389	2  22  26 
 391	2  21  26 
 393	2   1  13 
 393	2  22  27 
 395	2   1  13 
 395	2  21  26 
 395	6  17  16 
 397	2   2   8 
 397	2  33  26 
 399	2   7  14 
 399	2  33  26 
 401	2  22  27 
 401	2   1   4 
 403	2  16  13 
 405	2  21  27 
 405	2   1   4 
 407	2  22  28 
 407	2   2   8 
 407	6  25  20 
 409	2  22  28 
 409	2   1   8 
 411	2   1   8 
 407	6  12   6 
 407	6  11   5 
 413	2   6   9 
 415	2   6   9 
 417	2  15   9 
 417	6  26  18 
 419	2   7  14 
 421	2  15   9 
 413	6  23  17 
 423	2  16  13 
 425	2  21  27 
 425	2   3  13 
 425	6  31  24 
 427	2  16   4 
 427	2  33  27 
 429	2   2  14 
 429	2  33  27 
 431	2   7   9 
 431	2  21  28 
 431	6  32  31 
 433	2  22  20 
 433	2   7   9 
 435	2   3  13 
 435	2  21  28 
 437	2  16   4 
 437	2  33  28 
 437	6   7   6 
 439	2  22  20 
 439	2   3   4 
 441	2  21  20 
 441	2   3   4 
 441	2  33  28 
 437	6  31  24 
 443	2   2  14 
 443	6  31  27 
 445	2   2   9 
 447	2   2   9 
 449	2  16   8 
 451	2   1  14 
 451	6  11   4 
 453	2  22  26 
 455	2   1  14 
 457	2  16   8 
 459	2  21  20 
 459	2   3   8 
 461	2  22  26 
 461	2   3   8 
 463	2  16  14 
 465	2   1   9 
 465	2  21  26 
 467	2  33  20 
 467	2  22  23 
 467	6   4   1 
 469	2  33  20 
 469	2  22  23 
 471	2  21  26 
 443	6  18  12 
 473	2   7   1 
 473	2   4   9 
 473	2  33  26 
 475	2   7   1 
 475	2  21  23 
 475	6  31  18 
 477	2  15   1 
 479	2  15   1 
 481	2   7  12 
 481	2  22  32 
 483	2   7  12 
 483	2  33  26 
 483	6  15  14 
 485	2   6   1 
 487	2   6   1 
 483	6  10   3 
 485	6  28  25 
 489	2   2   1 
 491	2   3  13 
 491	2  22  32 
 493	2  14  12 
 493	2   2   1 
 495	2   7  18 
 495	2  16  15 
 497	2   3  13 
 499	2  14  12 
 499	2   3  11 
 501	2   7  18 
 501	2  10  15 
 503	2   6  12 
 503	2   3  11 
 503	6  26  14 
 505	2   6  12 
 493	6  28  23 
 505	6   2   1 
 509	2  26  18 
 509	2  16   9 
 511	2   7  25 
 511	6  17  11 
 513	2  26  18 
 513	2   3   8 
 515	2   7  25 
 517	2   4   2 
 517	2   6  18 
 517	2  21  28 
 519	2   1  12 
 519	2  26  25 
 519	2  10  15 
 519	2  33  28 
 521	2   7  20 
 521	2  16   9 
 521	2  33  28 
 523	2   3   8 
 523	2   6  18 
 523	2  21  32 
 525	2   4   2 
 525	2  26  25 
 525	6  12   6 
 527	2   3  15 
 529	2  10   9 
 529	2  21  32 
 531	2   1   6 
 531	2   3  15 
 531	2  33  32 
 533	2   7  20 
 533	2  10   9 
 533	2  33  32 
 535	2  16   2 
 535	2  12  25 
 537	2  26  20 
 537	2  16   2 
 539	2   7  14 
 539	2   3   9 
 539	6  17  16 
 541	2  12  25 
 541	2   3   9 
 543	2  26  20 
 541	6   1   0 
 545	2  22  19 
 547	2  13  16 
 549	2  13  16 
 551	2  13   8 
 551	6   6   0 
 553	2  13   8 
 555	2  22  19 
 557	2   6  18 
 557	2  10   2 
 557	2  22  27 
 559	2   6  18 
 559	2  10   2 
 559	2  22  27 
 561	2   7  14 
 561	2   3   2 
 561	6  25  18 
 563	2  16   8 
 565	2  16   8 
 567	2  13  15 
 567	2   3   2 
 569	2   6  18 
 569	2  26  14 
 569	6   4   3 
 571	2  12  20 
 573	2  21  19 
 567	6  17  11 
 571	6   1   0 
 575	2  13  15 
 575	6  11   4 
 577	2   6  18 
 577	2  26  14 
 579	2  12  20 
 577	6  28  22 
 581	2   3   1 
 581	2  12  14 
 581	6  26  25 
 583	2   3   1 
 583	2  16  15 
 585	2   4   1 
 587	2   4   1 
 587	2  21  19 
 589	2  13   9 
 589	2  21  27 
 591	2   6  20 
 591	6  10   3 
 593	2  33  19 
 595	2   6  20 
 597	2   3   1 
 597	2  16  15 
 597	2  33  19 
 599	2  13   9 
 599	2  21  27 
 597	6  11   5 
 601	2   3   1 
 601	2  12  14 
 601	2  33  27 
 603	2   8  15 
 603	2  33  27 
 603	6   5   4 
 605	2  16   9 
 607	2  13   2 
 605	6  28  26 
 609	2   4   1 
 611	2  10  28 
 611	6  18   7 
 613	2  10  28 
 615	2  16   9 
 615	6  11   5 
 617	2   6  14 
 619	2   8  15 
 617	6  28  23 
 621	2  13   2 
 623	2  11  23 
 623	2   6  14 
 623	6  25  18 
 625	2  11  23 
 625	2   8   9 
 627	2   4   1 
 627	6  27  22 
 629	2  13   1 
 631	2   8   9 
 629	6  11   4 
 633	2  25  27 
 633	2  15   9 
 635	2  25  27 
 635	2  10   7 
 637	2  25  32 
 637	2  10   7 
 639	2  25  32 
 639	2  16   2 
 641	2  10  20 
 641	6   7   1 
 643	2  25  19 
 643	2  15   9 
 645	2  10  20 
 647	2   4   1 
 647	2  25  19 
 647	6  22  21 
 649	2   4   1 
 651	2  13   7 
 651	6  11   3 
 653	2  25  21 
 655	2  25  21 
 657	2  11  23 
 657	6  26  18 
 659	2  11  23 
 661	2  16   2 
 663	2  26  27 
 663	2  10  14 
 663	6  18  12 
 665	2  26  27 
 665	2  10  14 
 667	2  26  32 
 667	2   8   2 
 663	6  23  22 
 667	6  11   4 
 669	2  26  32 
 669	2   8   2 
 671	2  26  19 
 671	2  15   2 
 673	2   4   1 
 673	2  26  19 
 675	2   4   1 
 675	2  26  21 
 675	6  19  18 
 677	2  26  21 
 679	2  15   2 
 677	6  23  11 
 681	2  19  27 
 681	2   9   2 
 683	2  19  27 
 683	2   9   2 
 685	2  23  20 
 685	6   9   3 
 687	2  19  32 
 689	2  23  20 
 689	6  12   6 
 691	2   9  22 
 693	2   9  22 
 695	2  19  32 
 695	2   9   1 
 697	2  19  18 
 697	2   9   1 
 697	6  27  26 
 699	2  19  18 
 699	6  15   4 
 695	6  23  17 
 699	6   7   2 
 701	6  18  12 
 705	2  16   2 
 707	2  18  26 
 707	2  16   2 
 709	2  18  26 
 709	2   8   2 
 709	6  22  10 
 711	2  18  32 
 711	2   8   2 
 713	2  18  32 
 715	2  15  20 
 715	2  18  12 
 715	2   4   2 
 715	6  28  17 
 717	2  15  20 
 717	2  18  12 
 717	2   4   2 
 719	2   3   2 
 719	6  20  15 
 721	2   3   2 
 723	2   7   2 
 725	2  28  14 
 727	2  22  26 
 727	2   7   2 
 729	2  28  14 
 731	2  22  26 
 731	6  12   8 
 733	2  28  26 
 735	2  22  32 
 737	2   9  15 
 737	2  28  26 
 739	2  20  14 
 739	6  10   2 
 741	2  19  21 
 743	2  20  14 
 743	6  28  27 
 745	2  13   2 
 747	2  13   2 
 749	2  16   2 
 749	2  20  26 
 751	2  13   1 
 751	2   9  15 
 753	2  16   2 
 753	2  20  26 
 755	2  13   1 
 755	2  22  32 
 757	2  19  21 
 757	6   4   1 
 759	2  27  32 
 761	2  27  32 
 763	2  12   2 
 763	6  27  20 
 765	2  16   4 
 767	2  12   2 
 769	2  13  15 
 769	2   1   2 
 769	2  27  32 
 771	2   9  14 
 771	2   1   2 
 771	2  27  32 
 771	6  12   6 
 773	2  16   4 
 775	2   9  14 
 773	6  27  26 
 777	2  13  15 
 777	2   3   2 
 779	2  22   8 
 779	6  32  25 
 781	2  22   8 
 783	2  16  15 
 783	2   3   2 
 785	2  18  21 
 785	6   4   3 
 787	2  18  21 
 789	2  13  14 
 789	2  22  21 
 789	6   6   1 
 791	2  16  15 
 793	2  13  14 
 793	2  22  21 
 795	2   1   3 
 795	2  16  14 
 797	2   9  27 
 797	6   6   0 
 799	2  20   8 
 801	2   9  27 
 803	2   1   3 
 803	2  16  14 
 805	2  20   8 
 807	2   0   3 
 807	2  20  21 
 809	2   1  15 
 809	6  25  19 
 811	2   0   3 
 813	2   1  15 
 815	2  13  27 
 815	2   4   3 
 817	2   9  19 
 817	6   6   0 
 819	2   9  19 
 821	2  20  21 
 821	2   4   3 
 823	2  26   8 
 825	2  13  27 
 827	2  26   8 
 829	2   7   2 
 829	2  16  27 
 831	2   1  14 
 833	2  13  19 
 833	2   9   8 
 833	2  26  21 
 835	2   7   2 
 835	2  16  27 
 837	2   1  14 
 837	6  27  25 
 839	2   9   8 
 841	2  10   2 
 843	2  13  19 
 843	2  26  21 
 843	2  10   2 
 845	2   7   3 
 845	6  20  19 
 847	2   7   3 
 849	2  10   3 
 849	6   6   1 
 851	2  16  20 
 853	2   9  21 
 853	6  25  18 
 855	2   1  15 
 857	2   1  15 
 859	2   4  15 
 859	2   6  18 
 861	2   1  14 
 861	2  10   3 
 861	6  18  12 
 863	2   4  15 
 865	2   1  14 
 867	2  13   8 
 869	2   6  12 
 869	2  16  20 
 869	2   2   3 
 871	2  13   8 
 873	2   9  21 
 873	2   1  12 
 875	2   7  15 
 877	2   4  14 
 879	2   6  20 
 879	2   2   3 
 881	2  16   8 
 881	6  12   0 
 883	2  16   8 
 885	6   9   4 
 887	2  13  21 
 887	2   1   0 
 889	2   6  20 
 891	2   7  15 
 893	2   9  14 
 893	6  12   1 
 895	2  10  15 
 897	2  10  15 
 899	2  13  21 
 899	6   9   2 
 901	2  12  20 
 903	2  12  20 
 905	2   7  14 
 905	6  10   3 
 907	2   7  14 
 909	6  20   6 
 915	2   2   0 
 915	2  16  21 
 915	6  19  12 
 917	2   2   0 
 917	2  16  21 
 919	2   9  15 
 919	6   1   0 
 921	2   3  14 
 923	2   9  15 
 925	2  20   8 
 925	6  16   4 
 927	2  20   8 
 929	2   7   1 
 931	2   2   6 
 931	2  20  21 
 933	2  19   8 
 935	2   3  14 
 937	2   7   1 
 937	2  20  21 
 939	2   2   6 
 939	2  10  15 
 939	6  20  19 
 941	2   3   1 
 943	2   7   6 
 943	2  10  15 
 945	2  20   8 
 947	2   9  14 
 947	2   7   6 
 949	2   2   8 
 949	2  20  21 
 949	6   6   0 
 951	2   9  14 
 953	2   2   8 
 953	2  20  21 
 955	2   3   1 
 955	2  20  16 
 957	2  10  14 
 959	2   9   1 
 959	2  19  13 
 961	2   3   0 
 961	2  13  19 
 963	2   7   8 
 963	2  16  20 
 965	2  10  14 
 967	2   9   1 
 967	2  19  13 
 969	2   3   0 
 971	2   7   8 
 971	2  20  16 
 973	2  15  14 
 973	6   4   1 
 975	2  15  14 
 979	2  10   4 
 979	6  14   2 
 981	2  10   4 
 979	6   6   0 
 973	6  27  25 
 979	6  22  17 
 985	2  14  21 
 985	6  10   2 
 987	2  14  21 
 989	6  13   6 
 991	2  15   4 
 993	2  15   4 
 995	2   9  13 
 997	2   3   8 
 999	2   7  21 
 999	2  10   4 
1001	2   9  13 
1003	2   3   8 
1005	2   7  21 
1005	2  10   4 
1007	2   2  13 
1009	2   9   8 
1011	2   3  21 
1013	2   2  13 
1015	2   9   8 
1017	2   3  21 
1019	2  15  13 
1021	2   2   8 
1021	6  21  10 
1023	2   2   8 
1025	2   7  12 
1021	6  25  19 
1027	2   9  10 
1027	2  12   7 
1029	2  15  13 
1029	6   4   2 
1031	2  21  13 
1033	2  21  13 
1035	2   9  10 
1035	2   7  12 
1035	6  33  20 
1037	2   4  10 
1039	2   4  10 
1041	2  15   8 
1041	6   4   3 
1043	2  15   8 
1045	2  14  26 
1047	2   2  13 
1047	2  15  10 
1049	2  21   8 
1051	2   2  13 
1051	2  15  10 
1053	2  21   8 
1055	2   2   8 
1055	2  21  10 
1057	2   2   8 
1057	2  21  10 
1059	2  13   8 
1059	2  21  32 
1061	2   2  10 
1061	6  19  14 
1063	2   2  10 
1065	2   4  17 
1067	2  13   8 
1067	2  17   4 
1069	2   2  20 
1071	2  15  28 
1071	2  26  19 
1073	2   3  14 
1075	2   9  27 
1077	2  27   9 
1079	2  14   3 
1081	2  28  15 
1081	2  19  26 
1083	2  32  21 
1083	6  10   8 
1085	2  21  32 
1083	6  19  18 
1089	2  13   8 
1089	2   4  17 
1091	2  13   8 
1091	6  21  11 
1097	2  10   8 
1097	6  21  19 
1099	2  10   8 
1103	2   8  22 
1105	2  10  21 
1105	2  13  19 
1107	2  20   2 
1109	2  19  13 
1109	2  21  10 
1111	2  22   8 
1113	2   8  22 
1115	2  10  21 
1115	2  13  19 
1117	2   2  20 
1119	2  15  28 
1121	2   3  14 
1123	2   9  27 
