   1	2  15   7 
   1	6   9   5 
   3	2  15   7 
   5	2  15  11 
   7	2  15  11 
   9	2   7  11 
   9	6  14   9 
  11	2   7  11 
  13	6  11   7 
  19	2  15  14 
  19	6   6   3 
  21	2  15  14 
  23	6  15  11 
  23	6  13   9 
   7	6   1   0 
  25	6   2   1 
  29	2  15  14 
  31	2  11   6 
  33	2  15  14 
  33	6   7   6 
  35	6  14   9 
  39	2  11   7 
  41	2   6   9 
  43	2  15   7 
  43	6   9   5 
  45	2  11  14 
  47	2  15   7 
  49	2   6   5 
  49	2  11  14 
  51	2   6   7 
  51	2  15  14 
  53	2  11   3 
  55	2   6   7 
  55	2  15  14 
  57	2  11   3 
  59	2   5   7 
  61	2   6  14 
  63	2   5   7 
  65	2   6  14 
  67	6  11   3 
  67	6  13   5 
  73	2  15  11 
  73	2   3   2 
  73	6   5   0 
  75	2  15  11 
  75	2   3   2 
  77	2  13  14 
  77	6   3   2 
  79	2  13  14 
  81	6  12   4 
  83	2   6  11 
  85	2   6  11 
  87	2   2   5 
  87	6  14  11 
  89	2   2   5 
  91	2   2   1 
  93	2   7  11 
  93	2  13  14 
  93	2   2   1 
  95	2   7  11 
  95	2  13  14 
  95	6   4   1 
  97	6  15   7 
  97	6  13   9 
 103	2   7   3 
 103	2  15  14 
 103	6   9   4 
 105	2   7   3 
 105	2  15  14 
 107	2   2   1 
 109	2   6   3 
 111	2   7   5 
 113	2   6   3 
 115	2   7   5 
 117	2   6   5 
 117	2  11  14 
 119	2   6   5 
 119	2  11  14 
 121	2   2   1 
 121	6  10   7 
 123	6   4   1 
 127	2  10   9 
 129	2   1   3 
 129	2  10   9 
 131	2   1   3 
 131	6  10   8 
 137	2   1   5 
 137	6  11   3 
 139	2   8   4 
 141	2   1   5 
 143	2  15  11 
 143	2   6   9 
 145	2   2   0 
 145	2  15  11 
 147	2   6   9 
 147	6  15  14 
 149	2   8   4 
 151	2   2   0 
 153	2   3  11 
 153	2   8   0 
 155	2   1   9 
 157	2   6   4 
 157	6  14  13 
 159	2   6   4 
 161	6   6   4 
 167	2  13   5 
 167	2   3  11 
 169	2  13   5 
 169	2  15  11 
 171	2   1   9 
 171	2  15  11 
 173	2   8   0 
 173	6   3   2 
 175	2  13   9 
 175	2   4   0 
 177	2  13   9 
 177	2   4   0 
 173	6  15  11 
 179	2   2   5 
 179	6  11  10 
 181	2   2   5 
 185	2   1   6 
 185	6  15  13 
 187	2   1   6 
 189	2   1   0 
 191	2  10   5 
 193	2  10   5 
 195	2   1   0 
 195	6   9   6 
 195	6  15  14 
 197	6   4   0 
 201	2   2   6 
 201	2  14   9 
 203	2   2   6 
 203	2  14   9 
 205	2  13   5 
 207	2  10   6 
 207	6  12   4 
 209	2  10   6 
 211	6  10   2 
 217	2  10   9 
 217	6   2   1 
 219	2  14  12 
 221	2  10   9 
 223	2  13   5 
 225	2  14  12 
 227	2   1   9 
 229	2   1   9 
 231	6  13  10 
 231	6   4   1 
 237	2  10   6 
 237	2  13  12 
 239	2  10   6 
 239	2  13  12 
 241	2   5   6 
 241	6  13   8 
 243	2   5   6 
 247	2  10   9 
 249	2   4  12 
 251	2  10   9 
 253	2   4  12 
 253	6  14  10 
 255	2   4   8 
 257	2   8   4 
 259	2   5   9 
 261	2  14  12 
 263	2   5   9 
 265	2  14  12 
 267	2   6   9 
 269	2   6   9 
 271	2  14  10 
 271	2   4   8 
 273	2  10  14 
 273	6   8   5 
 275	2  14  10 
 279	2   8  12 
 279	6  14   6 
 281	2   8  12 
 283	6   8   0 
 285	6   6   3 
 289	2  14  12 
 291	2  14  12 
 291	2   0   2 
 293	2   9  12 
 293	2   2   0 
 295	2   9  12 
 295	2   0   2 
 297	2   9  13 
 299	2  13   9 
 301	2   9  13 
 303	6  14  12 
 309	2  14   6 
 309	2  12   8 
 311	2   8  12 
 311	2   6  14 
 313	2  14   6 
 313	2  12   8 
