   1	2   5  10 
   1	6  29  23 
   3	2   5  10 
   5	6  15   5 
   1	6  19  18 
  11	2  15  23 
  11	6   4   2 
  13	2  15  23 
  15	2  15  22 
  11	6  18  13 
  17	2  10  23 
  17	6  24  20 
  19	2  10  23 
   1	6  34  33 
   1	6   6   0 
  21	6  16   4 
  17	6   8   7 
  23	6  19  14 
  23	6   2   1 
  29	2  15  22 
  29	6   7   6 
  31	2  10  22 
  33	2  15  16 
  29	6  25  19 
  33	6  34  27 
  35	2  15  16 
  37	2  15   8 
  35	6  25  24 
  39	2  10  22 
  41	2  23  22 
  41	2  15   8 
  43	2  10  16 
  43	6  19   7 
  45	2  23  22 
  47	2  10  16 
  49	2  23  16 
  49	6   9   8 
  51	2  23  16 
  53	2  22  16 
  49	6   6   1 
  53	6  34  29 
  55	2  10   9 
  57	2  15  14 
  49	6  24  18 
  59	2  10   9 
  59	6  21  14 
  61	6   4   2 
  65	2  15  21 
  67	2  23   9 
  69	2  10  21 
  69	6  13   8 
  71	2  22  16 
  73	2  10  21 
  75	2  15   4 
  75	6  13  12 
  77	2  23   9 
  79	2  15   4 
  81	2  22   9 
  81	6  18  12 
  83	2  23  21 
  83	2  10   4 
  85	2  15   3 
  41	6  32  31 
  87	2  22   9 
  89	2  23  21 
  89	2  10   4 
  91	2  15   3 
  91	6  23  11 
  93	2  15   7 
  95	2  15   7 
  97	2  16   9 
  99	2  22  21 
  99	2  11   4 
  99	6   7   2 
 101	2  22  21 
 101	2  11   4 
 103	6  11   5 
 105	2  16   9 
 107	2  16  21 
 109	2  10   3 
 111	2  10   3 
 113	2  22   4 
 115	2   5   3 
 115	2  16  21 
 117	2  10   2 
 117	6  21  14 
 119	2   5   3 
 121	2  10   2 
 123	2  15   8 
 125	2  22   4 
 127	2  15   8 
 129	2   9  14 
 129	6  22  11 
 131	2   9  14 
 135	2  16   4 
 137	2  11   3 
 139	2   5   2 
 141	2  10   8 
 143	2  15  17 
 145	2  16   4 
 147	2  11   3 
 149	2   5   2 
 151	2  10   8 
 153	2  15  17 
 153	6   4   2 
 155	2  15  13 
 157	2  15  13 
 159	2   9   2 
 159	6  13   7 
 161	2  16   3 
 163	2  11   4 
 163	2  15  22 
 165	2  10  17 
 167	2   9   2 
 167	6  33  23 
 169	2  14   2 
 171	2  14   2 
 173	2  16   3 
 173	6  33  32 
 175	2  11   4 
 175	2  15  22 
 177	2  10  17 
 179	2   9   3 
 179	6  31  18 
 181	2  16   4 
 183	2   9   3 
 185	2  10   7 
 187	2  16   4 
 189	2  10   7 
 191	2  14   3 
 193	2   9   4 
 193	6  18   7 
 195	2  10  22 
 197	2  15  20 
 199	2  14   3 
 201	2   9   4 
 201	6  19   7 
 203	2  10  22 
 205	6  27  16 
 207	2   2   3 
 209	2   2   3 
 211	2  15  20 
 211	6   5   3 
 207	6  18   6 
 213	6  27  13 
 219	2   3   8 
 219	6  34  22 
 221	2   3   8 
 219	6   6   0 
 225	2  11   8 
 225	6  35  32 
 227	2  11   8 
 229	2  13   8 
 231	2   3  17 
 233	2   3  17 
 235	2  11  17 
 235	2   3   0 
 237	2  13   8 
 237	2  11  17 
 239	2   3   0 
 241	2  14   4 
 243	2   9   8 
 243	6  27  17 
 245	2   9   8 
 241	6   6   0 
 249	2  13  27 
 249	6  11   3 
 251	2  13  27 
 253	6  27  13 
 259	2  10  20 
 259	6  35  34 
 261	2  15  23 
 263	2  14   4 
 259	6   6   0 
 261	6  32  27 
 265	2   3   0 
 261	6  24  18 
 267	2   3   0 
 267	6  32  24 
 269	2  15  23 
 269	2   2   4 
 271	2  14   8 
 269	6   6   0 
 273	2  10  20 
 275	2   9  13 
 277	2  24   6 
 277	2  10  23 
 279	2  15   7 
 279	6  23  11 
 281	2  14   8 
 283	2  24   6 
 285	2  23  35 
 285	2   2   4 
 287	2  23  35 
 287	2   9  13 
 289	2  23  20 
 289	2   5   4 
 291	2  23  20 
 291	2   5   4 
 293	2  10  11 
 293	2   2   8 
 293	6  25  20 
 295	2  23  11 
 295	2   2   8 
 297	2  23  11 
 293	6  35  34 
 297	6   8   3 
 299	6  28  26 
 303	2  15   7 
 305	2  14  13 
 305	2   5   3 
 305	6  34  32 
 307	2   9   6 
 309	2  10   7 
 311	2  15  16 
 311	2   5   3 
 311	6  32  18 
 313	2  15  16 
 313	2   4   3 
 315	2  15  21 
 315	2   4   3 
 311	6  28  23 
 313	6   8   7 
 317	2  15  21 
 317	6   5   4 
 319	2   7  18 
 319	2  15  20 
 321	2   7  18 
 321	2  15  20 
 319	6  32  28 
 323	2  24  18 
 323	2  14  13 
 323	6  11   3 
 325	2  24  18 
 325	6  14  13 
 329	6   3   1 
 325	6  28  26 
 329	6  11   5 
 331	6  32  18 
 335	2  10   8 
 337	2   7  25 
 337	2  10  16 
 339	2   9   6 
 341	2   7  25 
 341	2  10  16 
 343	2   2  14 
 343	2  24  25 
 343	6  29  11 
 345	2  13   6 
 345	2  24  25 
 347	2   7   1 
 347	6  32  25 
 349	2   2  14 
 351	2  13   6 
 351	2  10  21 
 353	2  18   8 
 353	6  21  16 
 355	2   7   1 
 357	2  18   8 
 353	6  33  29 
 359	2   4  14 
 359	6   6   1 
 361	2   4  14 
 363	2  10  16 
 359	6  25  18 
 359	6  33  32 
 365	2   2   1 
 365	2  25  21 
 365	6  13  12 
 367	2   2   1 
 367	2  25  21 
 369	2  15  23 
 369	6  32  25 
 371	2   7   8 
 373	2   7   8 
 371	6  28  16 
 375	2  24   6 
 377	2  24   6 
 377	2  15  23 
 379	2  25  14 
 381	2   4   1 
 381	2  32  28 
 381	6  18  12 
 383	2   4   1 
 383	2  32  28 
 385	2  15   3 
 385	6  28  26 
 387	2  15   3 
 389	2  15  16 
 387	6   6   1 
 391	2  10  20 
 393	2   7  21 
 393	6  25  18 
 395	2   7  21 
 397	2  15  16 
 393	6   5   4 
 399	2  18  14 
 401	2  10  20 
 401	6  12   7 
 403	2  32  20 
 403	2  10  23 
 405	2  32  20 
 405	2  10  23 
 407	2   9   7 
 407	6  33  23 
 409	2   9   7 
 411	2   4  14 
 413	2  25   7 
 415	2   9  23 
 415	2  18   6 
 415	2  32  33 
 417	2  25   7 
 419	2   9  23 
 419	2  12  26 
 421	2   2   7 
 421	2  32  33 
 421	2  15  17 
 423	2   9   1 
 421	6  18  12 
 425	2   2   7 
 425	2  15  17 
 423	6  33  31 
 427	2   9   1 
 429	2   4  14 
 429	6  33  23 
 431	2  12   6 
 431	2  10   3 
 433	2  10   3 
 431	6  25  20 
 435	2  10  16 
 433	6   6   1 
 437	2  20  33 
 437	2  10  16 
 437	6  24  18 
 439	2  20  33 
 439	2   4   1 
 441	2   4   1 
 441	6  33  23 
 443	2  18   8 
 445	2  18   8 
 443	6   5   4 
 447	2  20   6 
 447	6  23  16 
 449	2   9   8 
 449	2  24  26 
 451	2  20   6 
 451	6   4   3 
 453	2  18  21 
 455	2  18  21 
 457	2   3   7 
 457	2  24  25 
 457	6  33  32 
 459	2   2  16 
 459	2  24  25 
 461	2   3   7 
 463	2   2  16 
 463	2  18  26 
 465	2   9   8 
 465	2  18  26 
 465	6   6   1 
 467	2   3  16 
 467	2  18  25 
 469	2   9  21 
 469	2  24  31 
 471	2  12   7 
 471	2   3  16 
 471	2  24  31 
 467	6  34  33 
 473	2   2   1 
 473	2  18  25 
 473	2  10  17 
 473	6  14  13 
 475	2   2   1 
 475	2  10  17 
 477	2   3   1 
 477	6  34  23 
 479	2  20   8 
 481	2  12   7 
 479	6  11   4 
 483	2  20   8 
 475	6  31  24 
 483	2  18  24 
 481	6  32  31 
 485	2   9  21 
 485	2  13   6 
 485	2  18  24 
 485	6  29  17 
 487	2   2   8 
 487	2  20  21 
 487	2  13   6 
 489	2   3   1 
 489	2  20  21 
 487	6  33  32 
 491	2  23  11 
 491	2   2   8 
 489	6  13  12 
 493	2  23  11 
 493	2   3   8 
 493	6  26  20 
 495	2  23  34 
 495	2   3   8 
 497	2  23  34 
 497	6   9   7 
 499	2  23  29 
 501	2  23  29 
 495	6  24  18 
 499	6  34  33 
 503	2   5   9 
 503	6  12   7 
 505	2   5   9 
 507	2  15   4 
 505	6  34  29 
 509	2  12  20 
 501	6  31  24 
 507	6  32  31 
 511	2  13  16 
 513	2  13  16 
 509	6   3   2 
 515	2  12  20 
 515	2  29  11 
 517	2   7   9 
 517	2  26  20 
 519	2   5  16 
 519	2  13   1 
 519	6  35  32 
 521	2   7   9 
 523	2   5  16 
 523	2  13   1 
 525	2   3  21 
 527	2  12  25 
 527	2  29  11 
 527	6   2   1 
 529	2  26  20 
 531	2  12  25 
 531	2  15   4 
 529	6  35  29 
 533	2   3  21 
 533	2  12  18 
 535	2   6   9 
 535	2  26  25 
 537	2   5   2 
 537	2  35  33 
 537	2  12  18 
 539	2  13   8 
 539	2  29  11 
 539	2  26  25 
 541	2  10   4 
 541	2  15  14 
 541	2  35  33 
 541	6  12   1 
 543	2  29  11 
 543	2  15  14 
 545	2  10   4 
 545	2  29  33 
 545	6  21  14 
 547	2  35  34 
 549	2  29  33 
 547	6  11   4 
 551	2  12  14 
 551	2  35  34 
 553	2   6   9 
 553	2  29  34 
 553	6  20  19 
 555	2   5   2 
 555	2  29  34 
 557	2   1   4 
 557	6  35  29 
 559	2  13   8 
 559	2  10  21 
 561	2  12  14 
 557	6  33  32 
 561	6  16  10 
 563	2  13  14 
 565	2  26  18 
 561	6   2   1 
 567	2   7  10 
 567	6  32  25 
 569	2   7  10 
 571	2   7   1 
 571	2  23  11 
 571	6   9   3 
 573	2   7   1 
 573	2  26  18 
 573	2  23  11 
 575	2  13  14 
 575	2  16  21 
 575	6   6   1 
 577	2   9  19 
 579	2   9  19 
 575	6  33  32 
 581	2  12  19 
 581	2  15  17 
 581	2   2   4 
 583	2  12  19 
 583	2  15  17 
 583	6   2   1 
 585	2  13  19 
 585	2  29  11 
 587	2  23  21 
 587	2  13  19 
 587	6  10   4 
 589	2  15  20 
 591	2  23  21 
 589	6   6   1 
 593	2  16  17 
 591	6  25  18 
 595	2   2   4 
 595	2  16  17 
 587	6  34  33 
 593	6  33  32 
 597	2   2   4 
 597	2   6  18 
 597	2  15  20 
 597	2  23  17 
 599	2   3   4 
 599	2   6  18 
 599	2  15  22 
 599	6  34  26 
 601	2   2   1 
 601	2  23  17 
 603	2   3   4 
 603	2  15  22 
 601	6  13   6 
 605	2   2   1 
 605	2  29  11 
 605	6  32  25 
 607	2   3   1 
 607	2  29  21 
 609	2   3   1 
 609	2  29  21 
 611	2  13  25 
 611	2  29  17 
 611	6  21   9 
 613	2  13  25 
 613	2  29  17 
 615	6  25  12 
 615	6  34  29 
 615	6  17  11 
 617	6   8   3 
 621	2  21  26 
 621	6  18   6 
 623	2   5   3 
 623	2  21  26 
 625	2   5   3 
 625	2  21  32 
 627	2   7   3 
 627	2  25  26 
 627	2  35  17 
 629	2   7   3 
 629	2  25  26 
 629	2  35  17 
 631	2  21  32 
 631	2   2   3 
 631	6  17  10 
 633	2  18  26 
 633	2   2   3 
 635	2  25  32 
 631	6   7   6 
 637	2  29  17 
 637	2  18  26 
 637	2   8   3 
 639	2  29  17 
 639	2  25  32 
 639	2   8   3 
 641	2  21  17 
 641	6  13   8 
 643	2  21  17 
 641	6  32  25 
 645	6  35  17 
 647	2  18  25 
 649	2  18  25 
 645	6  21  20 
 647	6  13   7 
 651	2  16  21 
 651	6  35  33 
 653	2  16  21 
 655	2   4   1 
 651	6  25  18 
 657	2  32  33 
 657	2   8  10 
 657	2  23  21 
 659	2  17   9 
 659	2  32  33 
 659	6  20  13 
 661	2  16  22 
 663	2  17   9 
 665	2  15  27 
 665	2  17  11 
 667	2   4   1 
 667	2  23  21 
 669	2   8  10 
 669	2  25  33 
 671	2  16  22 
 671	2   4   3 
 671	2  25  33 
 673	2  15  27 
 673	2   4   3 
 673	2  17  11 
 675	2   8   9 
 675	2  34  21 
 675	6   5   4 
 677	2  23  22 
 677	2   8   9 
 679	2  16  27 
 673	6  19  13 
 679	6  13   2 
 681	2  23  22 
 683	2  16  27 
 685	2   4  14 
 685	6  33  29 
 687	2   4  14 
 689	2   6  14 
 689	6  10   5 
 691	2  33  20 
 693	2   6  14 
 693	6  33  31 
 695	2   4   2 
 695	2  13  14 
 697	2   4   2 
 697	2  13  14 
 699	2  31  20 
 699	2   6   2 
 701	2  19  20 
 701	2   6   2 
 699	6  11   4 
 703	2  19  20 
 701	6  31  24 
 705	2   7  14 
 705	2  23  27 
 707	2  24  12 
 707	2  32  20 
 707	2   1   3 
 709	2  24  12 
 709	2  15  28 
 711	2  13   2 
 711	2  23  27 
 713	2  19  12 
 713	2  34  21 
 713	2   1   3 
 715	2   7  14 
 715	2  34  22 
 715	6  18  12 
 717	2  32  20 
 719	2  15  28 
 721	2  13   2 
 721	2  16  28 
 723	2  19  18 
 723	2   7   2 
 723	2  17  21 
 725	2  10  14 
 727	2  25  20 
 727	2   8   4 
 727	2  34  22 
 729	2  32  18 
 729	2   7   2 
 729	6  15   5 
 731	2  32  18 
 733	6  24  19 
 735	2   8   4 
 735	2  34  27 
 737	2  17  21 
 739	2  19  15 
 739	2  34  27 
 741	2  19  15 
 743	2  19   9 
 743	2  17  22 
 745	2  10  14 
 745	6  24  18 
 747	2  16  28 
 749	2   1  14 
 749	2  23  28 
 749	6  10   4 
 751	2  25  20 
 751	2  17  22 
 753	2  25  24 
 753	2   8  21 
 755	2  19   9 
 755	2  23  28 
 757	2   4   2 
 757	2  25  24 
 757	2  34  28 
 757	6  15  13 
 759	2   4   2 
 759	2  34  28 
 759	6  32  25 
 763	2   1  14 
 761	6  23  11 
 765	2  18  13 
 765	2   1   2 
 765	6  27  15 
 767	2  18  13 
 767	2   1   2 
 769	6  18  13 
 771	2  17  15 
 773	2  17  15 
 771	6  27  26 
 775	2  13   9 
 777	2  23  27 
 777	2  25  18 
 777	6  10   8 
 779	2  23  27 
 779	2  25  18 
 781	2  32  18 
 783	2  19   8 
 783	2  17  28 
 785	2  13   9 
 785	6  33  23 
 787	2  19   8 
 789	2   3  14 
 791	2  10  21 
 791	2  13   8 
 793	2  19  21 
 793	6   8   6 
 795	2  19  21 
 797	2  17  28 
 797	6  25  20 
 799	2  10  22 
 801	2  10  22 
 803	2  20   9 
 803	6  24  12 
 805	2  20   9 
 807	2  10  15 
 807	6  33  26 
 809	2   3  14 
 811	2  13   6 
 811	2   3   2 
 811	2  10  15 
 813	2  26  24 
 813	2   3   2 
 813	6  15  13 
 815	2  26  24 
 817	6  32  25 
 819	2  15  21 
 821	2  15  21 
 823	2  26  29 
 823	6   9   7 
 825	2  26  29 
 827	2  26  32 
 829	2  26  32 
 829	2  14   2 
 831	2  26  12 
 833	2  26  12 
 835	2  25  18 
 835	2  10  28 
 837	2  26  18 
 837	6  14   7 
 839	2  26  18 
 841	6  25  18 
 843	2   7   2 
 845	2  10  28 
 847	2  18  14 
 847	6  32  28 
 849	2  18  14 
 851	6  18   8 
 853	6  32  27 
 853	6  29  23 
 857	6  16   9 
 859	2  18  32 
 861	2  18  32 
 863	2  33  32 
 863	2  18  24 
 863	6  23   9 
 865	2  33  32 
 865	2  18  24 
 867	6  26  12 
 873	2  20   6 
 873	6  31  24 
 875	2  20   6 
 877	2  12  14 
 879	2  33  31 
 879	2   8   6 
 879	2  20  21 
 881	2  33  31 
 881	2  12  14 
 883	2  19  22 
 883	6  33  32 
 885	2  19  22 
 887	2  15  22 
 887	2  19  13 
 889	2   8   6 
 889	2  20  21 
 889	6  33  28 
 891	2  19  13 
 893	2  12   6 
 887	6  10   4 
 891	6   2   1 
 895	2  16  28 
 895	2  12   6 
 893	6  31  25 
 897	2  16  28 
 897	6  14   8 
 897	6  18  12 
 899	6  28  16 
 899	6  26  25 
 903	6  12   8 
 905	2  10  16 
 905	2  28  26 
 907	2  10  16 
 907	2  28  26 
 909	2   8   9 
 909	2  19  27 
 911	2   8   9 
 911	2  19  27 
 913	2   2  16 
 913	6  33  19 
 915	2   2  16 
 917	2   3  16 
 919	2   8  19 
 919	6  16  10 
 921	2   8  19 
 923	2  14  21 
 923	6  32  18 
 925	2   3  10 
 925	2  14  21 
 927	2  15  22 
 927	6   3   1 
 929	2  20  22 
 931	2  20  22 
 929	6  18  12 
 933	2  16  26 
 933	6   7   2 
 935	2  16  26 
 937	2  32  21 
 939	2   2  10 
 939	6  26  12 
 941	2   2  10 
 943	2   3  10 
 945	2   7  12 
 945	2   3  10 
 945	2  32  21 
 947	2   7  12 
 947	6  21   9 
 949	2   1  12 
 951	2   1  12 
 953	2  26  21 
 953	2   2  12 
 955	2  26  21 
 955	2   2  12 
 957	2  28  21 
 957	6  12   8 
 959	2  28  21 
 961	2  16  21 
 957	6  31  24 
 963	2  26  19 
 963	2   3   8 
 965	2  12  25 
 965	2  16  21 
 965	2   3   8 
 967	2  26  19 
 967	2  10   8 
 969	2  12  25 
 969	2  10   8 
 969	6  33  28 
 971	2  26  25 
 971	2  15  13 
 973	2  12  24 
 971	6   2   1 
 975	2  33  19 
 977	2  33  19 
 977	6  16   2 
 979	2  26  25 
 981	2  12  24 
 983	2   7  21 
 983	6  31  24 
 985	2   7  21 
 987	2  15  13 
 987	6   2   1 
 989	2  33  25 
 989	2  16  21 
 991	2  26  31 
 991	2  12  18 
 991	2  14  22 
 993	2   1  19 
 995	2   1  19 
 993	6  33  32 
 997	2  12  18 
 997	2  16  21 
 997	6   8   2 
 999	2  32  25 
 999	2  12   6 
1001	2  26  31 
1001	2  12   6 
 999	6  21  15 
1003	2   7  19 
1003	2  32  31 
1005	2  26  18 
1005	2   8  15 
1007	2  20  13 
1007	2  32  31 
1007	6   9   1 
1009	2  21  27 
1011	2  26  18 
1013	2   7  19 
1013	2  21  27 
1015	2  14  22 
1015	6  26  25 
1017	2  12   1 
1019	2   8  15 
1019	6  12   6 
1021	2  33  22 
1023	2  33  22 
1021	6  19  14 
1025	2   6   1 
1025	6  22  21 
1027	2  32  18 
1029	2  25  12 
1027	6  14   9 
1031	2  32  18 
1033	2  14  26 
1033	6   6   1 
1035	2  14  26 
1037	2  16   9 
1037	6  32  24 
1039	2  20  13 
1039	2  16   9 
1041	2   3  15 
1043	2  19  13 
1043	2   8   9 
1043	6  33  31 
1045	2  19  13 
1045	2   3  15 
1047	2   8   9 
1047	6  18   6 
1049	2  20  27 
1049	2   3   9 
1051	2  20  27 
1051	2   3   9 
1053	2  25  12 
1053	2  10  15 
1055	2  24  12 
1055	2  10  15 
1055	6  26  20 
1057	2  24  12 
1057	2  10   9 
1059	2  10   9 
1053	6  33  28 
1059	6  28  22 
1061	2   7  20 
1063	2   7  20 
1065	2  14  22 
1065	2  25  18 
1061	6  10   3 
1067	2  14  22 
1067	2  25  18 
1069	2  16  20 
1069	2  24  18 
1067	6   3   1 
1071	2  19  27 
1073	2  14   6 
1073	2  24  18 
1073	6  22  10 
1075	2  31  13 
1077	2  14   6 
1077	6  32  24 
1079	2   7  10 
1081	2   7  10 
1083	2   3  21 
1083	2   7   6 
1085	2  16  20 
1085	2   7   6 
1087	2   3  21 
1089	2  31  13 
1089	2  16  10 
1091	2  19  27 
1091	2  16  10 
1091	6   6   1 
1093	2  25  21 
1095	2  31  27 
1095	6  16   4 
1097	2   8  20 
1099	2   8  20 
1101	2  14  12 
1101	2  31  27 
1101	6   3   1 
1103	2  14  12 
1105	2  25  21 
1107	2   1  13 
1107	2   4   3 
1107	2  32  21 
1109	2   1  13 
1109	2   4   3 
1109	2  32  21 
1111	2   2  15 
1111	6  19  13 
1113	2   2  15 
1115	2   2   9 
1111	6  27  26 
1117	2  22  20 
1117	2   7  12 
1119	2   8  10 
1119	2  25  19 
1119	6  12   6 
1121	2  22  20 
1121	2   2   9 
1123	2   8  10 
1123	2  25  19 
1125	2  14  18 
1125	2  22  10 
1125	6   6   1 
1127	2  14  18 
1127	2  22  10 
1129	2  14  21 
1129	6  26  25 
1131	2   7   1 
1131	2  14  21 
1133	2   8   3 
1129	6  16  10 
1133	6  13  12 
1135	2   8   3 
1137	2  15   9 
1135	6  22  17 
1139	2  13  20 
1139	2  15   9 
1135	6  25  24 
1141	2   6  24 
1141	2  17   3 
1141	6  20  14 
1143	2   6  24 
1143	2  17   3 
1145	2   4   1 
1145	6  25  24 
1147	2  13  14 
1149	2   4   1 
1151	2   7  18 
1151	6  17   4 
1153	2  32  19 
1153	2   8   1 
1155	2  26  25 
1155	2   8   1 
1157	2   7  18 
1157	6  27  17 
1159	6   8   1 
1163	2  32  19 
1165	2  26  25 
1165	2   2  14 
1167	2  13  16 
1167	6  27  26 
1169	2   2  14 
1171	2  13  16 
1173	2  26  18 
1173	2  15  14 
1173	6   6   1 
1175	2  20  19 
1177	2  32  25 
1177	2  15  14 
1173	6  10   4 
1179	2   7  21 
1179	2  32  25 
1181	2  26  18 
1181	2   2  16 
1183	2   7  21 
1185	2  20  19 
1185	2  10   8 
1185	6  12   6 
1187	2  26  21 
1187	2  10   8 
1189	2  20  25 
1189	2   2  16 
1191	2  13   3 
1191	2  26  21 
1193	2  12  18 
1193	2  20  25 
1193	2  15  16 
1195	2   7  19 
1195	2  15  16 
1197	2  13   3 
1199	2  12  18 
1199	2   9  14 
1201	2   7  19 
1201	6  22  10 
1203	2  13   8 
1205	2  26  19 
1207	2   2   3 
1207	2  26  19 
1209	2   7  25 
1211	2   9  14 
1211	6  32  18 
1213	2   2   3 
1215	2   9  16 
1217	2  22  32 
1217	2  13   8 
1219	2  22  32 
1219	2   2   8 
1219	6  19  12 
1221	2  15   3 
1223	2   9  16 
1221	6  32  27 
1225	2  15   3 
1227	2  19  21 
1227	2   2   8 
1229	2  19  21 
1229	2   9   3 
1231	2   7  25 
1231	2  22  21 
1233	2  13  27 
1233	2   9   3 
1235	2  19  12 
1235	2  22  21 
1235	6   9   2 
1237	2  26  25 
1239	2  13  27 
1241	2  19  12 
1241	2  15   8 
1243	2  26  25 
1243	2  14  16 
1245	2   9  27 
1247	2  13  21 
1249	2  19  25 
1249	2  15   8 
1251	2  14  16 
1253	2   9  27 
1255	2  13  21 
1257	2  19  25 
1257	2   2   8 
1257	6  22  15 
1259	2   2   8 
1259	2  19  18 
1261	2  26  20 
1261	6  12   7 
1263	2  22  27 
1265	2   9  21 
1267	2  15   7 
1267	2  18  19 
1269	2  15   7 
1269	2  19  18 
1265	6  33  32 
1271	2  14   3 
1271	2  22  27 
1273	2  13   7 
1273	2   9  21 
1275	2  15  25 
1277	2  14   3 
1277	6  27  22 
1279	2  13   7 
1281	2  14   8 
1281	6  25  19 
1283	2  16   3 
1285	2  27  21 
1285	2   9   7 
1287	2  15  19 
1287	6  32  31 
1289	2  13  19 
1289	2  16   3 
1291	2  14   8 
1291	2  27  21 
1293	2   9   7 
1293	2  20  26 
1295	2  13  19 
1295	6  16   2 
1297	2  26  20 
1299	6  27  20 
1301	2  16  22 
1301	2   2   8 
1303	2  16  22 
1303	2   2   8 
1305	2  14  22 
1305	6   3   2 
1307	2  16  21 
1309	2  14  22 
1305	6  32  26 
1311	2  20   7 
1311	6  10   3 
1313	2  20   7 
1315	2  13   1 
1317	2   9  19 
1319	2  16  21 
1319	2   2   8 
1321	2   9  19 
1323	2  10  22 
1323	2  20  19 
1323	2   2   8 
1325	2  14  21 
1325	6   4   2 
1327	2  14  21 
1329	2  20  19 
1331	2  10  22 
1331	2   1  13 
1333	2   4  22 
1333	2  13   1 
1335	2  10  21 
1337	2   4  22 
1339	2  10  21 
1335	6  13   7 
1341	2  16  13 
1343	2  16  13 
1345	2  14  13 
1341	6  27  26 
1345	6  10   2 
1347	2  14  13 
1349	6  19  14 
1347	6  32  28 
1351	6  10   4 
1355	2   2  13 
1355	6  31  26 
1357	2  16  14 
1359	2  16  14 
1361	2   8  22 
1363	2  10  21 
1363	6   7   2 
1365	2  10  21 
1367	2  16  17 
1367	6  26  18 
1369	2  17  16 
1371	2  16  17 
1373	2  19  14 
1373	6  10   2 
1375	2  19  14 
1377	2  19  32 
1379	2   8  22 
1381	2   7  13 
1381	6  22  15 
1383	2   2  13 
1385	2   2  13 
1381	6  34  33 
1387	2   8  21 
1387	6  10   5 
1389	2   7  14 
1389	2  22  34 
1391	2   8  21 
1393	2   7  14 
1393	2  34  22 
1395	2  15  21 
1395	2   8  13 
1395	6  28  23 
1397	2   2  14 
1399	2  15  21 
1399	2   8  13 
1401	2   2  14 
1401	2  22  34 
1403	2  15  13 
1403	2   2   4 
1403	6  28  26 
1405	2   8  14 
1407	2  15  13 
1407	2   4   2 
1409	2   8  14 
1411	2  21  13 
1411	2   2   4 
1413	2  15  14 
1415	2  21  13 
1417	2  15  14 
1419	2  21  14 
1421	2  21  14 
1423	2  13  14 
1425	2  13  14 
1427	2  14  10 
1429	2  13  26 
1431	2  21  11 
1431	2   8   3 
1433	2  15  33 
1435	2   7  18 
1435	2  11  21 
1437	2  20   6 
1439	2   9  27 
1441	2  27   9 
1443	2   6  20 
1445	2  32  19 
1445	2   3   8 
1447	2  18   7 
1447	2  21  11 
1449	2  33  15 
1451	2  26  13 
1453	2  10  14 
1455	2  14  10 
1457	2  13  26 
1459	2  15  33 
1461	2   8   3 
1461	2  19  32 
1463	2   7  18 
1465	2  20   6 
1467	2   9  27 
