   1	6  21   3 
   1	6  12   0 
   1	6  35  34 
   1	6  17  11 
   7	2  21  27 
   7	6  32  25 
   9	2  21  27 
  11	2  21  34 
   7	6  13  12 
   7	6   8   1 
   7	6  23  17 
  13	2  21  34 
  13	6  19  12 
  15	2  27  34 
  17	2  21  32 
  13	6   9   8 
  19	2  27  34 
  19	6  14  12 
  13	6   1   0 
  19	6  16  10 
  19	6   2   1 
  21	6  32  28 
  25	6  15  13 
  25	6   3   2 
  25	6  11   5 
  27	6  33  31 
  31	6   8   4 
  33	2  21  28 
  35	2  27  28 
  37	2  21  23 
  39	2  27  28 
  41	2  21  23 
  43	2  34  28 
  43	6  25   7 
  45	2  34  28 
  49	2  27  23 
  49	6   7   3 
  51	2  21  33 
  53	2  27  23 
  55	2  21  33 
  55	6   3   2 
  57	2  34  23 
  57	2  21  15 
  59	2  27  33 
  61	2  34  23 
  61	2  21  15 
  63	2  27  33 
  65	2  28  23 
  67	2  34  33 
  67	2  21   9 
  69	2  27  15 
  71	2  28  23 
  73	2  34  33 
  73	2  21   9 
  75	2  27  15 
  77	2  28  33 
  79	2  27   9 
  81	2  21  16 
  81	6  34  28 
  83	2  21  16 
  85	6  17   9 
  87	2  34  33 
  91	2  28  15 
  93	2  28  15 
  95	2  27  17 
  97	2  23  33 
  99	2  28  17 
 101	2  27  16 
 103	2  21  19 
 105	2  23  33 
 107	2  28  17 
 109	2  27  16 
 111	2  21  19 
 111	6  17   4 
 113	2  27  19 
 115	2  27  19 
 107	6  31  30 
  91	6   2   1 
 117	2  28  16 
 117	6  32  19 
 119	2  21  22 
 121	2  28  16 
 123	2  21  22 
 125	2  28  32 
 127	2  27  22 
 129	2  21  35 
 131	2  28  32 
 133	2  27  22 
 135	2  21  35 
 137	2  28  22 
 139	2  27  35 
 141	2  21  14 
 141	6  34  23 
 143	2  21  14 
 145	2  21  26 
 117	6   5   4 
 147	2  23  15 
 147	6  34  32 
 149	2  23  15 
 151	6  15  14 
 153	2  23   5 
 155	2  23   5 
 153	6  33  25 
 157	2  23  16 
 157	6   5   4 
 159	2  32  14 
 159	2  28  22 
 161	2  32  14 
 163	2  25  14 
 163	2  23  16 
 165	2  25  14 
 165	2  23  34 
 167	2  23  34 
 167	2  21  26 
 169	2  27  35 
 167	6   4   2 
 171	2  23  22 
 171	6  32  18 
 173	2  28  35 
 175	2  23  22 
 173	6  14   7 
 177	2  28  35 
 177	6  16   4 
 177	6  18  12 
 179	6   7   2 
 183	2  27  15 
 183	2  23  35 
 185	2  12   7 
 185	2  27  15 
 185	2  23  35 
 187	2  12   7 
 187	2  28  15 
 189	2  25   7 
 189	6  22  10 
 191	2  25   7 
 193	2   2   7 
 193	6  25  24 
 195	2   2   7 
 195	2  21  20 
 197	2  28  15 
 197	6   4   2 
 199	2  27  26 
 199	2  23  15 
 201	2  27  26 
 201	2  23  15 
 199	6  24  18 
 203	2  21  20 
 203	6   6   2 
 205	2  28  26 
 207	2  27  20 
 203	6  11  10 
 205	6  30  24 
 209	2  12   6 
 209	2  21  33 
 209	6   4   2 
 211	2  12   6 
 211	2  28  26 
 213	2  18   6 
 213	2  27  20 
 215	2  18   6 
 215	2  21  33 
 215	6  17  10 
 217	2   2   6 
 217	2  28  20 
 219	2   2   6 
 219	2  27  33 
 217	6  24  18 
 221	2   7   6 
 221	2  21  14 
 221	6  34  32 
 223	2   7   6 
 223	2  21  14 
 225	2  21  22 
 223	6  30  24 
 227	2  28  20 
 229	2  27  33 
 229	6  30  12 
 231	2  28  33 
 233	2  28  33 
 221	6  11   3 
 227	6   3   2 
 233	6  15   2 
 235	2  30  32 
 237	2  30  32 
 239	2  27  14 
 241	2  27  14 
 243	2  21  22 
 239	6  30  24 
 245	2  28  14 
 245	6  32  25 
 247	2  21   9 
 249	2  28  14 
 251	2  12  25 
 251	2  27  22 
 251	6  15  14 
 253	2  12  25 
 253	2  27  22 
 255	2  28  22 
 251	6   3   1 
 255	6  25  24 
 257	2  21   9 
 259	2  21  13 
 261	2  25  14 
 261	2  28  22 
 257	6   1   0 
 263	2  25  14 
 263	6  35  33 
 265	2  12  14 
 267	2  12  14 
 263	6  23  22 
 269	2  25  33 
 269	6  14   2 
 271	2  25  33 
 269	6   6   0 
 273	6  33  30 
 279	2   6  24 
 279	6  28  10 
 281	2   6  24 
 283	2  12  30 
 285	2   6   2 
 285	2  22  26 
 287	2  25  14 
 287	6  10   3 
 289	2  12  30 
 291	2  25  14 
 293	2   6   2 
 293	2  22  26 
 295	2  12  14 
 295	2  25  26 
 297	2  22  20 
 299	2  12  14 
 299	2  25  26 
 301	2  22  20 
 301	6  24  12 
 303	2  22  35 
 305	2  22  35 
 303	6  14   8 
 307	2  24  26 
 293	6  11  10 
 307	6  12   6 
 309	2  25  20 
 311	2  24  26 
 311	2  22  15 
 313	2   7   6 
 313	2  25  20 
 315	2   7   6 
 315	2  24  20 
 317	2   0   6 
 317	2  27   9 
 319	2   7   2 
 319	2  24  20 
 321	2  12  30 
 321	2  22  15 
 323	2   0   6 
 323	2  27   9 
 323	6  30  24 
 325	2   7   2 
 325	2  22  23 
 327	2   0   2 
 327	2  21  13 
 329	2  12  24 
 329	2   3   9 
 329	2  21  29 
 331	2  12   8 
 331	2  22  23 
 331	6  32  25 
 333	2   0   2 
 333	2  21  29 
 335	2  12   8 
 337	2   6   2 
 337	2  32  35 
 339	2  12  26 
 339	2   3   9 
 335	6  22  16 
 341	2   6   2 
 341	2  32  35 
 343	2  12  26 
 343	2  16   9 
 345	2  12  20 
 345	2  16   9 
 347	2  27  13 
 347	6   9   3 
 349	2  12  20 
 351	2  27  13 
 353	2   9  13 
 353	2  27  29 
 355	2  21  17 
 355	6  18   7 
 357	2  27  29 
 359	2  21  17 
 361	2  18  24 
 361	2  27  17 
 361	6   6   0 
 363	2  18  24 
 363	2  27  17 
 365	2  21  19 
 365	6  29  17 
 367	2   6  24 
 369	2  18   8 
 371	2   6  24 
 371	6  27  15 
 371	6  29  23 
 373	6  12   0 
 377	2  32  27 
 377	6  35  29 
 379	2  18   8 
 379	2  32  27 
 381	2  12  24 
 381	6  32  27 
 383	2   6   8 
 385	2  12  24 
 385	6  11   3 
 387	2  18  26 
 389	2  18  26 
 387	6  34  29 
 391	2   6   8 
 391	2  21  19 
 391	6  32  30 
 393	2  12   8 
 395	2  12   8 
 393	6  23  11 
 397	2  32  34 
 397	2  15  19 
 397	6   2   0 
 399	2  32  34 
 399	2  21  14 
 401	2  18  20 
 401	6  34  23 
 403	2  18  20 
 405	2   9  13 
 407	2  32  30 
 407	2  16  13 
 407	6   3   2 
 409	2  27  35 
 411	2  32  30 
 411	2  16  13 
 413	2  27  35 
 413	2   9  17 
 413	6  24   6 
 415	2  27  34 
 415	2   9  17 
 417	2  27  34 
 417	2  16  17 
 417	6   5   3 
 419	2   0   6 
 419	2  24  26 
 419	2  16  17 
 421	2   0   6 
 421	2  24  26 
 423	2   5  23 
 423	2   0   8 
 423	6  26  18 
 425	2   5  23 
 425	2   0   8 
 427	2   9  11 
 429	2  12  18 
 429	2  32  35 
 429	2   9  11 
 431	2  24  20 
 431	2  16  11 
 433	2  12  18 
 433	2  32  35 
 433	2  16  11 
 435	2  24  20 
 435	6   5   2 
 437	2  12  20 
 439	2  32  34 
 437	6  30  24 
 441	2   6   8 
 441	2  32  34 
 439	6  20  19 
 443	2   6   8 
 443	6  33  23 
 445	2   0  18 
 447	2   0  18 
 449	2  26  33 
 449	2   6  18 
 451	2  26  33 
 451	2   6  18 
 453	2  30  33 
 453	6  19  13 
 455	2  30  33 
 453	6   2   0 
 457	6  33  31 
 459	2  12  13 
 459	2  15  20 
 461	2  21  14 
 457	6  29  17 
 463	2  27  19 
 465	2  27  19 
 463	6  31  30 
 467	2   2  13 
 467	2  27  29 
 469	2  12  30 
 469	2  21  10 
 469	6  34  29 
 471	2  32  19 
 473	2   9  20 
 473	6  24  12 
 475	2  15  14 
 475	2  27  34 
 477	2   9  20 
 477	6  35  29 
 479	2   0  12 
 479	2  24  30 
 479	2  15  14 
 481	2   0  12 
 481	2  21  10 
 481	6  31  24 
 483	2   2  13 
 483	2  15  10 
 485	2   6  13 
 485	2  21  28 
 487	2  26  12 
 487	2  15  10 
 485	6   2   1 
 489	2  26  12 
 491	2  24  12 
 491	2  16  20 
 491	6   1   0 
 493	2  24  12 
 493	2   9  14 
 495	2  32  19 
 495	2  21  28 
 497	2   8  18 
 497	2  32  34 
 499	2   8  18 
 499	2  32  34 
 501	2   6  13 
 501	2  15  28 
 501	6  31  24 
 503	2  16  20 
 505	2   9  14 
 501	6   2   1 
 505	6  27  17 
 507	2  24  12 
 509	2  24  12 
 507	6   3   2 
 511	2  17  11 
 511	2  21  33 
 511	6  30  12 
 513	2  17  11 
 513	2  15  28 
 515	2   9  10 
 515	2  21  33 
 517	2   0  12 
 517	2   9  10 
 517	2  21  22 
 517	6  30  24 
 519	2   0  12 
 519	2  15  33 
 521	2   8  13 
 521	2  21  22 
 521	6  34  32 
 523	2   6  12 
 523	2  16  14 
 525	2   8  13 
 521	6   4   3 
 525	6  17  11 
 527	2   6  12 
 527	2  21  25 
 529	2  18  13 
 527	6  35  34 
 531	2  16  14 
 529	6   6   0 
 533	2  35  17 
 533	2  18  13 
 535	2   6  24 
 535	2  35  17 
 537	2   6  24 
 537	2  16  10 
 535	6  20  14 
 539	2  16  10 
 539	6  24   6 
 537	6  28  23 
 541	6  11   4 
 545	2   8  12 
 543	6  35  34 
 547	2   4  14 
 547	2   0   6 
 545	6  32  31 
 549	2  11  29 
 549	2   8  12 
 551	2  11  29 
 551	2   0   6 
 553	2  26  29 
 553	2  18  12 
 553	6  10   4 
 555	2  26  29 
 555	2   8   6 
 557	2  18  12 
 557	6  33  29 
 559	2  10  14 
 561	2   8   6 
 559	6  31  24 
 563	2  10  20 
 565	2  32  33 
 565	2   9  23 
 565	2  13  12 
 563	6   1   0 
 567	2  32  33 
 567	2   9  23 
 567	2  13  12 
 569	2  30  33 
 569	2  16  23 
 569	6  13   1 
 571	2  30  33 
 571	2  16  23 
 573	2  31  33 
 573	6  23  11 
 575	2  31  33 
 575	2  18   6 
 577	2  18   6 
 575	6  20  14 
 579	2  23  35 
 579	2   1   6 
 577	6  33  32 
 581	2  23  35 
 581	2  10  14 
 581	2   1   6 
 583	2  34  20 
 583	2  10   4 
 583	2  12   6 
 585	2  34  20 
 585	2  10   4 
 585	2  12   6 
 587	2  15  29 
 587	6  32  18 
 589	2  15  22 
 589	2  10  11 
 591	2  15  22 
 591	2  10  11 
 587	6   1   0 
 593	2  13  18 
 593	6  34  26 
 595	2  13  18 
 593	6  17   9 
 599	2  34  35 
 599	2  26  14 
 599	6  23  10 
 601	2  34  35 
 601	2  26  14 
 603	6  32  30 
 605	2  17  29 
 607	2  17  29 
 603	6  19  14 
 605	6   4   2 
 609	2  33  35 
 609	2  17  22 
 609	6  24  20 
 611	2  33  35 
 611	2  17  22 
 611	6  10   9 
 615	2  32  35 
 617	2   9  14 
 617	2  32  35 
 619	2   9  14 
 619	6  34  31 
 621	6  20  14 
 625	2  34  35 
 625	6  24   6 
 627	2  34  35 
 629	2  16  29 
 631	2  31  20 
 631	6  35  17 
 633	2  31  20 
 635	2   8  18 
 635	6  31  26 
 637	2   9  14 
 639	2   9  14 
 637	6  22  17 
 641	2  33  20 
 641	2   9  10 
 637	6   2   1 
 643	2  26  14 
 643	6   6   1 
 645	2  33  20 
 645	2   9  10 
 647	2  26  14 
 647	6  22  10 
 649	6  26  14 
 649	6   2   1 
 655	2  32  20 
 655	2   9   2 
 657	2  33  26 
 657	2  14  22 
 659	2  32  20 
 659	2   9   2 
 661	2  33  26 
 661	2  14  22 
 663	2  21  25 
 661	6  10   3 
 665	2  34  20 
 667	2  13   3 
 667	2  32  26 
 669	2  33  22 
 669	2  14   2 
 671	2   9  19 
 671	6  35  33 
 673	2   8  18 
 675	2  13   3 
 677	2  15  25 
 679	2  21  27 
 679	2  30  18 
 679	2   8   3 
 681	2  34  20 
 681	6   3   1 
 683	2  32  26 
 683	2  35  22 
 683	2  30  18 
 685	2  16  29 
 685	2  13  20 
 685	6  31  30 
 687	2  14   2 
 687	2  23  29 
 689	2  21  27 
 689	2  16  17 
 689	2   8   1 
 691	2   9  19 
 691	2  23  29 
 693	2  15  25 
 693	6  35  29 
 695	2  14  19 
 695	2  16  17 
 697	2  33  25 
 695	6   4   2 
 699	2  34  26 
 699	2  23  17 
 697	6  14  13 
 701	2  32  22 
 701	6  11   4 
 703	2  15  27 
 703	2  13  19 
 705	2  21   7 
 707	2  29  11 
 707	2  14  20 
 709	2  34  26 
 709	2  23  17 
 709	6  13   1 
 711	2  32  22 
 713	2  29  11 
 715	2  33  25 
 715	6  23  11 
 717	2  15  27 
 717	2   0  18 
 719	2  31  13 
 721	2  21   7 
 721	6  34  29 
 723	2   8  20 
 725	2  14  26 
 727	2  29  22 
 727	2  33  27 
 727	2   0  18 
 729	2  15   7 
 729	2  33  27 
 731	2  21  28 
 731	2  12  18 
 731	6  33  32 
 733	2   8  20 
 733	2  29  22 
 733	2  12  18 
 735	2  15   7 
 735	2  24  18 
 737	2  33  23 
 737	2  24  18 
 737	6   2   0 
 739	2  33  23 
 741	2  21  28 
 739	6  30  19 
 743	2  29  23 
 737	6  10   4 
 743	6  21  16 
 745	2  19   6 
 745	2  29  23 
 747	2  19   6 
 743	6  34  33 
 749	2   9   6 
 749	2  33  30 
 751	2   9   6 
 751	2  33  30 
 753	2   1   6 
 753	2  21  25 
 749	6  23  17 
 753	6  10   9 
 755	2  31  13 
 757	2   1   6 
 757	2  21  25 
 755	6  35  29 
 759	2  19   9 
 761	2  19   9 
 761	6  34  33 
 763	2  10   9 
 763	2  31  20 
 765	2  10   9 
 765	2  31  20 
 761	6  29  23 
 763	6  12   7 
 767	2  33  30 
 767	6  23  15 
 769	2  33  30 
 771	6  33  30 
 773	2   2  13 
 775	2   1   9 
 777	2  19  15 
 777	2  23  28 
 777	6  32  31 
 779	2  19  15 
 779	2  23  28 
 781	2  10  15 
 781	2   2  13 
 781	6  29  28 
 783	2  14  26 
 785	2   1   9 
 785	6  24  12 
 787	2  21  27 
 789	2  10  15 
 789	2  35  33 
 791	2   8  26 
 791	6  23  11 
 793	2  31  24 
 793	2  21  27 
 793	2   7  13 
 795	2   8  26 
 797	2  14  22 
 797	2  31  24 
 797	2  35  33 
 799	2  14  22 
 799	2  32  26 
 801	2   2  20 
 801	6  34  23 
 803	2   7  13 
 803	2  32  26 
 805	2   2  20 
 807	2   8  22 
 807	6  26  19 
 809	2   1  15 
 811	2   8  22 
 813	2  26  28 
 813	2  12  13 
 813	6  17   9 
 815	2  26  28 
 815	2  12  13 
 817	2  18  13 
 817	6  34  26 
 819	2  14   9 
 821	2  14   9 
 819	6   2   1 
 823	2  26  25 
 823	2  18  13 
 819	6  23  11 
 825	2  26  25 
 825	2   2  15 
 825	6  11   4 
 827	2  26  27 
 827	2   8   9 
 829	2  26  27 
 829	2   8   9 
 825	6  34  29 
 827	6   6   1 
 831	2  10  28 
 827	6  30  24 
 833	2   4   1 
 833	2  31  34 
 835	2   4   1 
 835	2  31  34 
 837	2   4  17 
 837	2   7  20 
 837	6  34  29 
 839	2   4  17 
 839	2   6  19 
 841	2   4  15 
 837	6  31  30 
 841	6   1   0 
 843	2  21  31 
 845	2  10  28 
 845	6  24  12 
 847	2   4  15 
 847	6  34  32 
 851	2  12   0 
 849	6  17   9 
 853	2  32  25 
 853	2  12   0 
 853	6  34  29 
 855	2  32  25 
 857	2  21  31 
 855	6  12   2 
 859	2  29  22 
 859	2  26  31 
 861	2   2   9 
 861	2  32  27 
 861	2   6  19 
 861	6  35  23 
 863	2   7  20 
 865	2   2   9 
 865	2  32  27 
 865	6  24  12 
 867	2  21  34 
 869	2  29  22 
 867	6  10   8 
 871	2  26  31 
 871	6  22  21 
 873	2   7  19 
 873	2  32  31 
 875	2   7  19 
 875	2  32  31 
 877	2  22  34 
 877	6  25  14 
 879	2  29  17 
 881	2  29  17 
 877	6   1   0 
 883	2  25  33 
 883	2   8  14 
 883	6  23  10 
 885	2  25  33 
 885	2   8  14 
 887	2  12  20 
 887	6  31  24 
 889	2   2  15 
 891	2  12  20 
 889	6  33  28 
 893	2   2  15 
 893	2  12  19 
 889	6  11   4 
 895	2  31  33 
 895	2  18  20 
 895	6   4   1 
 897	2  31  33 
 897	2  18  20 
 899	2  23  28 
 899	6  31  24 
 901	2  10   4 
 901	2  23  28 
 901	2  13  20 
 903	2  10   4 
 903	2  29  28 
 903	2  13  20 
 905	2  10   9 
 905	2  26  34 
 905	6   7   6 
 907	2  10   9 
 907	2  26  34 
 909	2  10  15 
 909	2  32  34 
 911	2   7  21 
 911	6  17  11 
 913	2  24  14 
 913	2  29  28 
 915	2   7  21 
 911	6   4   3 
 917	2  24  14 
 917	6  33  23 
 919	2  12  19 
 919	2  10  15 
 921	2  18  19 
 919	6   3   2 
 923	2  17  23 
 923	2  32  34 
 923	2  18  19 
 923	6  21  14 
 925	2  17  23 
 925	6  10   3 
 929	2   6  14 
 925	6  25  18 
 927	6  23  17 
 931	2   6  14 
 933	2  10  17 
 933	2  12  14 
 933	6   2   1 
 935	2  23  21 
 935	2  13  19 
 937	2  10  17 
 937	2  12  14 
 939	2  23  21 
 939	2  13  19 
 939	6   6   1 
 941	2  10  21 
 943	2  10  21 
 925	6  33  32 
 931	6  32  30 
 937	6  30  24 
 941	6  29  23 
 945	2  18   6 
 945	6  27  15 
 947	2  18   6 
 949	2  24   6 
 945	6  11   4 
 951	2   8  15 
 951	2  20  19 
 951	6  33  30 
 953	2   8  15 
 953	2  20  19 
 955	2   3  17 
 951	6  12   6 
 957	2  33  15 
 957	2  24  12 
 959	2  33  15 
 959	6  18   6 
 961	2  29  15 
 963	2   3  17 
 961	6  31  26 
 965	2   6   9 
 963	6  34  28 
 967	2   6   9 
 969	2   8  26 
 965	6  23  17 
 971	2   8  26 
 971	6  17  16 
 973	2  33  26 
 975	2  33  26 
 973	6   8   4 
 973	6  24  12 
 977	6  34  22 
 979	2   7   8 
 981	2   7   8 
 979	6  11   4 
 983	2   1   8 
 979	6  31  24 
 983	6  28  23 
 985	2   1   8 
 987	2  25  14 
 983	6  12   6 
 989	2   6   9 
 989	6  31  27 
 991	2  11  23 
 993	2   6   9 
 995	2  16  27 
 995	6  30  12 
 997	2  16  27 
 999	2  11  23 
 999	6  27  26 
1001	2  30  31 
1001	2  16   9 
1003	2  30  31 
1003	2  16   9 
1001	6  18   6 
1005	2  29  15 
1005	6  31  26 
1007	2   6   8 
1009	2  10  15 
1009	6   8   7 
1011	2  18  26 
1011	2  10  15 
1013	2  29  27 
1013	6  31  18 
1015	2   8  22 
1017	2   8  22 
1019	2   8  18 
1019	2  33  23 
1021	2   3  21 
1021	2   6   7 
1023	2  25  14 
1023	6  22  10 
1025	2  31  26 
1025	2  13  14 
1027	2  25   7 
1029	2   8  18 
1029	2  29  27 
1031	2   3  21 
1031	6  31  30 
1033	2   8   9 
1033	2  22  27 
1035	2   3  15 
1035	6  33  28 
1037	2  13  14 
1039	2   8   9 
1041	2  31  33 
1041	2   3  15 
1043	2  31  33 
1043	2  20  14 
1043	6   4   1 
1045	2  28  23 
1045	2  20  14 
1047	2  30  33 
1047	2  29  23 
1049	2   4  10 
1049	2  31  21 
1049	6   6   2 
1051	2   4  10 
1051	2  30  33 
1051	2  29  23 
1053	2  16  26 
1055	2   2  10 
1055	2  22  27 
1055	2  19  14 
1055	6  30  24 
1057	2   2  10 
1057	2  22  23 
1057	2  19  14 
1059	2  22  23 
1059	6   4   1 
1061	2  31  21 
1061	6  18  12 
1065	2  16  26 
1067	2   1  12 
1067	6  31  21 
1069	2   1  12 
1071	2   2  12 
1073	2  25   7 
1073	2  21  15 
1075	2  13   7 
1075	2  24  31 
1075	2  21  15 
1075	6  33  28 
1077	2   1   9 
1077	2  24  31 
1079	2  13   7 
1079	6  20  15 
1081	2   2  12 
1081	6  33  31 
1085	2   1   9 
1087	2   8  26 
1087	6  22  16 
1089	2   8  26 
1091	2   2   9 
1091	2  24  20 
1093	2  22  28 
1093	2   2   9 
1093	2  24  20 
1095	2  22  28 
1095	6  19   1 
1097	2  22  33 
1099	2  22  33 
1095	6  10   9 
1101	2  15   7 
1101	2  19  26 
1103	2  15   7 
1103	2  19  26 
1105	2   1   7 
1105	2  22  20 
1105	6  10   3 
1107	2   1   7 
1107	2  22  20 
1109	2  14   7 
1109	6  27  22 
1111	2  14   7 
1105	6  31  24 
1111	6  25  19 
1115	2  10  22 
1113	6   6   2 
1117	2  10  22 
1117	6  33  31 
1119	2  21  22 
1121	2  10  23 
1119	6  18   6 
1123	2  21  22 
1123	6   8   3 
1125	2  18  26 
1127	2  33  22 
1129	2  19   9 
1129	6  28  22 
1131	2  19   9 
1133	2  13   9 
1135	2  19  12 
1135	2  10  23 
1137	2  13   9 
1137	2  33  28 
1139	2  19  12 
1139	2  15   9 
1139	2  27  28 
1141	2  13  12 
1141	2  21  23 
1141	6  10   3 
1143	2  13  12 
1143	2  21  23 
1145	2  18  26 
1147	2  10  22 
1147	6  25  20 
1149	2  10  22 
1151	2  15   9 
1151	2  33  23 
1153	2  19   8 
1153	2  27  28 
1155	2  20  22 
1155	2   1   9 
1153	6  32  31 
1157	2  19   8 
1157	6  22  21 
1159	2  13   8 
1161	2  19  26 
1161	2   1   9 
1163	2  20  21 
1163	2  13   8 
1165	2  15  12 
1163	6  34  32 
1167	2  15  12 
1169	2  18  21 
1171	2  19  26 
1171	2  15   8 
1171	6  34  23 
1173	2  14   9 
1173	2   1  12 
1175	2  14   9 
1175	2   1  12 
1177	2  10  23 
1177	2  33  34 
1177	2  14  12 
1177	6   2   1 
1179	2  10  23 
1179	2  13  26 
1181	2  20  23 
1183	2  18  21 
1185	2  20  23 
1187	2  19  21 
1187	6   9   2 
1189	2  27  34 
1191	2  13  26 
1189	6  23  22 
1193	2  15   8 
1193	2  27  34 
1193	6  25  18 
1195	2   7   2 
1197	2   9   8 
1195	6  27  22 
1199	2   7   2 
1201	2  25  27 
1201	2  14  12 
1201	6  16  10 
1203	2  25  27 
1203	2   7  12 
1205	2   7  12 
1205	6  26  20 
1207	2   9   8 
1209	2   2  12 
1211	2  19  21 
1213	2  15  20 
1213	2   2  12 
1215	2  13  21 
1217	2  19  27 
1219	2  15  20 
1221	2  13  21 
1223	2  19  27 
1225	2  14   8 
1225	6  26  18 
1227	2  14   8 
1229	2   7   8 
1225	6  28  22 
1231	2  16  26 
1231	2   7   8 
1233	2  16  26 
1233	2   2   8 
1235	2  18  26 
1235	2  16  22 
1235	2   2   8 
1237	2  18  26 
1237	2  16  22 
1239	2  25  26 
1239	2  16  34 
1241	2  25  26 
1241	2  16  34 
1243	2   9  20 
1245	2  15  21 
1245	2  19  26 
1247	2  13  27 
1247	6  16   9 
1249	2  13  27 
1251	2  19  26 
1253	2  16  20 
1255	2  15  21 
1255	6  25   7 
1261	2  14  20 
1261	6   9   2 
1263	2  13  26 
1265	2  14  20 
1267	2  16  21 
1267	2  12   8 
1269	2  15  27 
1269	6  19  18 
1271	2  16  21 
1273	2  15  27 
1275	2  19  22 
1277	2  19  22 
1279	2  13  26 
1279	6  22  15 
1281	6  33  19 
1287	2   7  15 
1287	2  33  34 
1287	6  19  18 
1289	2   7  15 
1289	2  33  34 
1291	2  14  21 
1291	6  34  32 
1293	2  19  15 
1295	2  19  15 
1297	2  25  20 
1297	2  12   8 
1299	2  16  27 
1299	6  19   7 
1301	2  16  27 
1305	2  19  32 
1307	2  19  32 
1309	2  22  26 
1309	6  12   7 
1311	2  25  20 
1313	2  22  26 
1315	2  13  15 
1315	6  32  24 
1317	2  14  21 
1319	2  13  15 
1321	2  12  24 
1321	2   9  20 
1323	2  12  24 
1323	2  22  15 
1325	2  25  21 
1327	2  14  27 
1329	2  16  26 
1331	2  13  24 
1331	2  22  15 
1333	2   9  20 
1335	2  25  21 
1337	2  14  27 
1339	2  16  26 
1341	2  13  24 
1341	2   9  21 
1343	2   7  20 
1343	6  31  24 
1345	2  16  15 
1347	2   7  20 
1347	6  28  22 
1349	2  14  26 
1351	2  14  26 
1353	2  25  27 
1353	2  16  15 
1353	6  13   7 
1355	2   9  21 
1357	2  25  27 
1359	2   8  20 
1359	6  33  31 
1361	2  14  15 
1363	2   8  20 
1363	6  22  16 
1365	2  25  26 
1365	2  12   2 
1367	2  25  26 
1367	2   2  12 
1369	2  28  33 
1369	2  14  15 
1369	6  31  18 
1371	2  28  33 
1369	6   7   2 
1373	6  27  15 
1375	2  19  18 
1377	2  18  19 
1379	2  13  21 
1379	6  32  31 
1381	2   9  15 
1381	2  12   7 
1383	2  13  21 
1385	2  22  33 
1385	2  19  18 
1385	6  14   9 
1387	2  22  33 
1389	2  25  27 
1391	2  14  15 
1391	2  25  27 
1393	2   8  21 
1395	2  13  15 
1395	2  28  32 
1397	2  14  26 
1397	2  22  23 
1399	2   8  21 
1401	2  13  15 
1401	2  32  28 
1403	2  14  26 
1403	2  23  22 
1405	2  20  21 
1405	6  16   9 
1407	2  13  26 
1409	2  20  21 
1409	6  33  28 
1411	2   8  15 
1413	2   8  15 
1411	6  19  13 
1415	2  16  28 
1417	2  16  28 
1417	2  19  26 
1419	2  14  27 
1419	6  16  10 
1421	2  14  27 
1423	2  19  27 
1425	2  25  28 
1425	2  10   3 
1427	2  25  28 
1427	2   2   9 
1429	2  20  15 
1429	2  22  23 
1429	2  33  32 
1431	2   8  26 
1431	6  29  17 
1433	2  20  15 
1435	2   8  26 
1437	2  14  28 
1437	2   3  10 
1439	2  19  27 
1439	2   9   2 
1441	2  14  28 
1441	2  10   3 
1443	2  21  15 
1443	6  32  19 
1445	2  21  15 
1447	2   2   9 
1447	6  22  16 
1449	2  20  26 
1451	2  20  26 
1453	2  32  28 
1449	6  13   8 
1455	2  13  27 
1457	2  13  27 
1459	2  32  28 
1459	6  13   9 
1461	2  21  26 
1463	2  21  26 
1465	2  20  27 
1465	2  32  31 
1465	6  23   9 
1467	2  20  27 
1467	2  31  32 
1469	2  32  31 
1471	2  23  28 
1471	2  15  26 
1471	6  30  18 
1473	2  23  28 
1473	2  15  26 
1475	2  21  27 
1475	2  23  11 
1477	2  20  28 
1479	2  21  27 
1479	2  11  23 
1479	6  32  25 
1481	2  23  11 
1483	6  34  22 
1489	2  20  28 
1491	2  15  27 
1493	2  21  28 
1495	2  15  27 
1497	2  21  28 
1499	2  26  27 
1501	2  15  28 
1503	2  26  27 
1505	2  15  28 
1507	2  26  28 
1509	2  26  28 
1511	2  27  28 
1511	2  14  17 
1513	2  27  28 
1513	2  17  14 
1515	2  28  29 
1515	2  26  24 
1517	2  27  35 
1519	2  15  22 
1519	2  32  34 
1521	2  21  18 
1523	2  20   6 
1523	2  29  28 
1525	2  34  32 
1525	2  22  15 
1527	2   6  20 
1527	2  28  29 
1529	2  18  21 
1531	2  24  26 
1531	2  15  22 
1533	2  35  27 
1535	2  27  35 
1537	2  26  24 
1539	2  21  18 
1541	2  20   6 
1543	2  14  17 
1543	2  32  34 
