   1	2   3  21 
   3	2   3  21 
   5	6  21   3 
   1	6  25  24 
   7	6  31  30 
  11	2  21  33 
  11	6   9   3 
  13	2  21  33 
  13	6  24  19 
  15	6  33  23 
  17	6  15   9 
  19	6  24  13 
  21	6  35  27 
  25	6   9   6 
  31	2  15  23 
  33	2  21  27 
  33	6  12   8 
  35	2  21  27 
  33	6  34  29 
  27	6  32  31 
  39	2  15  23 
  39	6   7   0 
  41	2  15  27 
  43	2  21  17 
  45	2  15  27 
  45	6   6   2 
  47	2  21  17 
  49	2  23  27 
  51	2  15  17 
  53	2  21  33 
  55	2  23  27 
  51	6   3   2 
  57	2  15  17 
  59	2  21  33 
  59	2  23  17 
  61	2  15  33 
  63	2  21  22 
  65	2  23  17 
  67	2  15  33 
  69	2  21  22 
  71	2  27  17 
  73	2  23  33 
  75	2  15  22 
  77	2  21  25 
  77	6  29  17 
  79	2  21  25 
  83	2  27  29 
  85	2  23  33 
  87	2  15  22 
  87	2  27  33 
  89	2  23  22 
  89	2  27  33 
  91	2  15  25 
  93	2  21  17 
  95	2  23  22 
  97	2  15  25 
  99	2  21  17 
  99	6  32  25 
 101	2  15  17 
 103	2  15  17 
 105	2  29  33 
 107	2  27  22 
 109	2  21  25 
 111	2  29  33 
 113	2  27  22 
 115	2  21  25 
 117	2  29  22 
 119	2  15  25 
 121	2  21  19 
 119	6  29  23 
 123	2  15  25 
 125	2  23  22 
 125	6  34  32 
 127	2  21  19 
 129	2  15  19 
 131	2  29  34 
 131	2  21  13 
 131	6  32  25 
 133	2  29  34 
 133	2  21  13 
 135	2  29  17 
 137	2  27  34 
 137	2  15  19 
 139	2  27  34 
 139	2  15  13 
 141	2  29  17 
 141	6  19  12 
 143	2  33  22 
 145	2  23  34 
  73	6   5   4 
 147	2  27  17 
 149	2  33  22 
 151	2  23  34 
 151	2  15  13 
 153	2  27  17 
 153	6  18  13 
 155	2  33  34 
 155	2  23  17 
 157	2  21  10 
 157	2  33  34 
 159	2  23  17 
 159	6  35  27 
 161	6  23  17 
 167	2  21  10 
 167	6  34  29 
 169	2  15  10 
 171	2  21  26 
 159	6  24  12 
 165	6  30  24 
 173	2  34  32 
 173	2  15  10 
 175	2  34  32 
 175	6  10   4 
 177	2  35  32 
 179	2  35  32 
 171	6  24  18 
 181	2  22  29 
 181	6  34  33 
 183	2  22  29 
 185	2  21  26 
 181	6   5   2 
 187	2  33  30 
 189	2  33  30 
 191	2  34  23 
 193	2  34  23 
 195	2  22  23 
 195	6  33  30 
 197	2  22  23 
 199	2  29  23 
 187	6   4   1 
 193	6  12   1 
 201	2  35  33 
 201	2  30  24 
 201	6  22  11 
 203	2  35  33 
 203	2  30  24 
 205	2  30  12 
 205	6  35  33 
 207	2  21  22 
 207	2  30  12 
 209	2  21  22 
 209	6  30  24 
 211	2  15  26 
 211	2  29  23 
 213	2  15  26 
 213	6  23  17 
 215	2  33  30 
 217	2  33  30 
 219	2  24  26 
 219	2  15  22 
 221	2  21   9 
 221	6  33  32 
 223	2  15  22 
 225	2  21   9 
 219	6  17  11 
 225	6  29  17 
 227	2  24  26 
 227	2  15   9 
 229	2  21  13 
 229	6  32  30 
 231	2  15   9 
 233	2  21  13 
 233	6   9   2 
 235	2  23  33 
 237	2  23  33 
 235	6   6   0 
 239	2  34  33 
 239	2  21  14 
 241	2  23  35 
 241	2  30  12 
 243	2  34  33 
 243	2  30  12 
 243	6  22  17 
 245	2  30  26 
 247	2  30  26 
 245	6   6   2 
 249	2  23  35 
 249	2  21  14 
 249	6  32  26 
 251	2  34  35 
 251	2  15  13 
 253	2  34  35 
 253	2  15  13 
 251	6  23  11 
 255	2  15  14 
 255	6  32  24 
 257	2  21  28 
 259	2  15  14 
 261	2  29  33 
 261	6  14   2 
 263	2  29  33 
 265	2  22  33 
 255	6   6   0 
 261	6  12   6 
 267	2  29  35 
 267	6  31  13 
 269	2  29  35 
 271	6  29  11 
 273	6   6   2 
 277	2  29  26 
 279	2  29  26 
 279	6   5   2 
 281	2  34  26 
 283	2  22  33 
 285	2  34  26 
 285	6  17   5 
 287	2  21  28 
 289	2  21   8 
 287	6  31  24 
 291	2  29  17 
 291	2  21   8 
 291	6   5   4 
 293	2  29  17 
 293	2  21  20 
 295	2  23  33 
 297	2  22  35 
 297	6  26  14 
 299	2  22  35 
 297	6  11   4 
 301	6  34  29 
 303	2   4  14 
 305	2   4  14 
 307	2  29  17 
 307	2  21  20 
 303	6  32  31 
 309	2  34  32 
 309	6  16  14 
 311	2  34  32 
 313	6  34  32 
 315	2  22  16 
 317	2  22  16 
 315	6  11   4 
 319	2  15  28 
 319	6  31  18 
 321	2  29  17 
 321	2  21  27 
 323	2  11  17 
 323	2  29  34 
 323	2  21  27 
 325	2  23  33 
 325	6   4   1 
 327	2  23  35 
 329	2  23  35 
 325	6  18  12 
 327	6  32  31 
 331	2  12   1 
 331	2  11  17 
 331	2  29  34 
 333	2  12   1 
 333	2  33  35 
 333	2  23  16 
 333	6  31  30 
 335	2  12   0 
 335	2  22  17 
 335	2  33  35 
 337	2  12   0 
 337	2  23  16 
 339	2  12  24 
 339	2  22  17 
 341	2  12  24 
 341	2  15  28 
 343	2  12   6 
 343	2  23  17 
 343	2  15   8 
 343	6  33  28 
 345	2  12   6 
 345	2  23  17 
 345	2  15   8 
 347	2  15  20 
 343	6  31  24 
 347	6   6   1 
 349	2  28  16 
 351	2  28  16 
 353	2  24   6 
 353	2  28  17 
 355	2  24   6 
 355	2  28  17 
 357	2  15  20 
 357	6  24  12 
 359	2  15  27 
 361	2  15  27 
 357	6  23  11 
 363	2  12   0 
 363	2  23  34 
 363	6  31  24 
 365	2  12   0 
 365	2  23  34 
 367	2  22  34 
 367	6  13   8 
 369	2  31  33 
 371	2  22  34 
 373	2  12  24 
 373	6  34  16 
 375	2  12  24 
 377	2  12   1 
 377	6  30  24 
 379	2  12   1 
 379	2  35  34 
 379	2  11  16 
 381	2  35  34 
 381	2  11  16 
 379	6  32  20 
 383	2  35  17 
 381	6  12   0 
 385	2  31  33 
 385	6  29  16 
 387	2  24   6 
 389	2  24   6 
 387	6  33  27 
 391	2  24  12 
 391	6  16   8 
 393	2  24  12 
 393	2  28  29 
 395	2  24  30 
 395	2  28  29 
 395	6  12   0 
 397	2  24  30 
 397	2  35  17 
 399	2  35  29 
 397	6  27  26 
 401	2   8   6 
 401	2  35  29 
 399	6  22  17 
 403	2   8   6 
 403	6  32  30 
 405	2   8   0 
 407	2   8   0 
 405	6  23  11 
 409	2  12  26 
 411	2  31  13 
 411	2  34  22 
 411	6  11   4 
 413	2  12  26 
 415	2  31  13 
 415	2  34  22 
 417	2  12  13 
 417	2  31  30 
 417	2  34  29 
 417	6   4   2 
 419	2  12  13 
 419	2  31  30 
 419	2  34  29 
 421	2  12  30 
 421	2  22  29 
 423	2   2   6 
 423	2  31  33 
 423	2  22  29 
 425	2   2   6 
 425	2  31  33 
 425	6  22  17 
 427	2   2   0 
 429	2   2   0 
 427	6  24  13 
 427	6  33  32 
 433	2  13   1 
 431	6  22  10 
 435	2  13   1 
 433	6  32  31 
 437	2  21   7 
 439	2  13  26 
 437	6  10   3 
 441	2  13  26 
 443	2  21   7 
 445	2  13  24 
 445	6  33  26 
 447	2  15   7 
 449	2  13  24 
 451	2   8  26 
 453	2   8  26 
 455	2   8   1 
 455	2  21  25 
 457	2   8   1 
 457	2  21  25 
 459	2  12  30 
 459	2  21  10 
 459	6   8   2 
 461	2  21  10 
 463	2  21  19 
 465	2   8  26 
 467	2   8  26 
 469	2   8   1 
 469	2  21  19 
 471	2   8   1 
 471	6  32  18 
 473	2  21  14 
 475	2  21  14 
 473	6   3   1 
 477	2  21  16 
 477	6  24  12 
 479	2  21  16 
 481	2  21  22 
 477	6  33  32 
 479	6   8   2 
 483	2  24  31 
 483	2  21  22 
 483	6  19  13 
 485	2   1   6 
 485	2  24  31 
 487	2   1   6 
 485	6  22  10 
 489	2   1   0 
 489	2  19  30 
 491	2   1   0 
 491	2  19  30 
 491	6  23  11 
 493	2  15   7 
 495	2  18   7 
 495	2  21  20 
 497	2  15  25 
 497	6   6   1 
 499	2  15  25 
 501	2  19  31 
 501	2  15  22 
 497	6  11   4 
 503	2   4   1 
 503	2  19  31 
 505	2   4   1 
 505	2  21  20 
 507	2  18   7 
 507	2  15  22 
 507	6   4   3 
 509	2  18  25 
 511	2  18  25 
 509	6  27  22 
 513	2   3   0 
 513	6  24  19 
 515	2   3   0 
 517	2  21   9 
 517	6  12   6 
 519	2  21   9 
 521	2  21  22 
 521	6   4   2 
 523	2  12  26 
 525	2  12  26 
 527	2  12   2 
 527	2  21  22 
 529	2  12   2 
 529	2  21  33 
 531	2  19   7 
 531	6  28  21 
 533	2  19   7 
 535	2  19  25 
 535	6  12   7 
 537	2  19  25 
 537	2  28  33 
 539	2  28  23 
 535	6   3   2 
 541	2  24  12 
 541	2  28  23 
 541	6  20   8 
 543	2  24  12 
 541	6  11   4 
 547	2  20  32 
 547	6  29  11 
 549	2  20  32 
 551	2  20   6 
 553	2  20   6 
 553	6  34  29 
 555	2  20  30 
 557	2  20  30 
 555	6   6   2 
 559	2  34  32 
 559	6  21  14 
 561	2  34  32 
 563	2  24  25 
 561	6   3   1 
 565	2  20  31 
 563	6  35  29 
 567	2  14   3 
 567	2  24  25 
 567	6  32  27 
 569	2  14   3 
 571	2  14   0 
 569	6  29  17 
 573	2  14   0 
 575	2  17   3 
 575	2  18  32 
 575	6  14   7 
 577	2  17   3 
 577	2  18  32 
 575	6  35  28 
 579	6  17   3 
 581	2  20  31 
 583	2  20  12 
 585	2  28  17 
 585	2   3   0 
 587	2  14  27 
 587	6   1   0 
 589	2  28  17 
 591	2  14  27 
 593	2   3   1 
 593	2  29  17 
 593	2  19  32 
 595	2  15  13 
 595	6  26  24 
 597	2  29  17 
 599	2  15  13 
 599	2  11  17 
 595	6   3   2 
 599	6  34  29 
 601	2   6  24 
 601	2  15  21 
 601	2  11  17 
 603	2   6  24 
 603	2  15  21 
 601	6   4   3 
 605	2   6   0 
 605	2  18  13 
 605	2  15  16 
 607	2   6   0 
 607	2  19  32 
 607	2  15  16 
 607	6  11   4 
 609	2  20  12 
 611	2  18  13 
 611	2  26  32 
 609	6   2   1 
 613	2  29  11 
 613	2  20  25 
 613	6  12   6 
 615	2  29  11 
 615	2  20  25 
 617	2  26  32 
 617	2  15  10 
 615	6   3   2 
 619	2  19  13 
 619	2  15  10 
 617	6  34  29 
 621	2  19  13 
 621	2  15   8 
 619	6  31  30 
 623	2  15   8 
 621	6  11  10 
 625	2  34  31 
 625	6  12   7 
 627	2  34  31 
 627	2  15   9 
 629	2  20  32 
 629	6  16   3 
 631	2  12  24 
 631	2  20  32 
 633	2  12  24 
 633	6  34  32 
 635	2  12   0 
 635	2  15   9 
 637	2  14  10 
 637	6  12   6 
 639	2  28  16 
 639	2  32  30 
 641	2  28  16 
 641	2  32  30 
 639	6   8   3 
 643	2   6   0 
 643	2  29  16 
 643	6  32  25 
 645	2  14  10 
 647	2  29  16 
 645	6   6   1 
 649	2   4  16 
 649	6  34  31 
 651	2   4  16 
 653	2  17  16 
 655	2   6  24 
 655	2  17  16 
 655	6  33  28 
 657	2   6  24 
 659	2   6   0 
 657	6  11   9 
 661	2   6   0 
 659	6  31  24 
 663	2  15  22 
 663	6   6   0 
 665	2  33  31 
 665	2  15  22 
 667	2  33  31 
 661	6  35  29 
 667	6  22  14 
 669	6  33  31 
 663	6  10   4 
 673	6  18  14 
 675	2  22  34 
 677	2  22  34 
 669	6   3   1 
 675	6  31  30 
 679	2  35  33 
 679	2  14  21 
 675	6  11  10 
 679	6  18   6 
 681	2  35  33 
 681	2  14  21 
 683	2  14   8 
 681	6  17  11 
 685	2  30  18 
 685	2  14   8 
 683	6  35  33 
 687	2  25  12 
 687	2  14   9 
 689	2  30  18 
 689	2  17  35 
 691	2  25  12 
 691	2  17  35 
 693	2  25  32 
 693	2  14   9 
 693	6  23  11 
 695	2  26  13 
 697	2  25  32 
 697	2  14   1 
 699	2  19  21 
 699	6  32  31 
 701	2  19  21 
 703	2  23  35 
 703	2  19   8 
 699	6  11   4 
 705	2  22  32 
 705	6  12   2 
 707	2  22  32 
 709	2  23  35 
 709	6  26  21 
 711	6  10   2 
 715	2  25  24 
 711	6  35  23 
 715	6  33  32 
 717	2  22  10 
 717	2  25  24 
 717	2  14   1 
 719	2  22  10 
 719	2  14   2 
 721	2  32  18 
 721	2  16  23 
 721	6   7   2 
 723	2  32  18 
 723	2  16  23 
 725	2  15  28 
 725	6  32  31 
 727	2  21  13 
 729	2  20  13 
 727	6  17  10 
 731	2  21  26 
 727	6   3   2 
 731	6  18   6 
 733	2  22  32 
 735	2  22  32 
 737	2  20  13 
 737	6  16   3 
 739	2  25  13 
 741	2  25  13 
 737	6  28  27 
 743	2  16  28 
 743	2  19   8 
 745	2  16  28 
 745	2  14   7 
 745	6  32  24 
 747	2  16  11 
 749	2  16  11 
 745	6   4   3 
 747	6  13   8 
 751	2  21  26 
 753	2  16  34 
 753	2  20  26 
 753	6   6   2 
 755	2  16  34 
 755	2  20  26 
 757	2  22  32 
 759	2  10   2 
 759	2  25  26 
 759	6  35  23 
 761	2  10   2 
 761	2  25  26 
 763	2  19   9 
 765	2  21  13 
 765	6   4   2 
 767	2  22  32 
 769	2  21  13 
 771	2  19   9 
 769	6  23  17 
 773	2  20  13 
 769	6  34  33 
 775	2  16  34 
 773	6  31  24 
 777	2  16  34 
 775	6  12   6 
 779	2  16  23 
 779	6  33  31 
 781	2  16  23 
 781	2  20  13 
 783	2  17   4 
 783	2  14  18 
 783	6  35  29 
 785	2  17   4 
 785	2  19   1 
 787	2   2   4 
 787	2  25  13 
 787	6  21  16 
 789	2   2   4 
 789	2  25  13 
 789	6  29  23 
 793	2  21  33 
 791	6  25  12 
 795	2  21  33 
 793	6  11   4 
 797	2  25  28 
 797	6   2   0 
 799	2  25  28 
 801	2  21  32 
 799	6  10   4 
 803	2  21  32 
 803	6  12   7 
 805	2  16   9 
 807	2  16   9 
 805	6  28  26 
 809	6  13   2 
 811	2  23  11 
 813	2  23  11 
 811	6  26  25 
 815	2  22   8 
 817	2  13  25 
 817	6  16   4 
 819	2  13  25 
 821	2  30  25 
 821	6  13  12 
 823	2  30  25 
 823	2  15  27 
 825	2  24  25 
 825	2  15   3 
 827	2  24  25 
 827	2  22   8 
 829	2  19   1 
 829	2  22  28 
 831	2  21   8 
 833	2  20   9 
 833	2  22  28 
 835	2   4   1 
 835	6  26  22 
 837	2   4   1 
 839	6  12   2 
 841	6  34  31 
 845	2  15   3 
 847	2  22  10 
 847	2  19  13 
 845	6   6   1 
 849	2  22  10 
 849	2  19  13 
 847	6  33  31 
 851	2   2  10 
 853	2  22  34 
 853	2  14  18 
 853	6  32  31 
 855	2   2  10 
 855	2  19  18 
 857	2  22  34 
 857	2  19  18 
 857	6   4   2 
 859	2  22  33 
 861	2  22  33 
 859	6  30  12 
 863	2  22  29 
 863	6  11   4 
 865	2  22  29 
 865	2  26  30 
 867	2  22  32 
 867	2   2  13 
 869	2  22  32 
 869	2   2  13 
 871	2  21   8 
 871	6  32  30 
 873	2  21  28 
 875	2  21  28 
 871	6  17  11 
 871	6  18  12 
 873	6   8   3 
 877	2  26  32 
 877	6  34  22 
 879	2   2  12 
 881	2   2  12 
 883	2  17  22 
 883	2  20   9 
 885	2  17  22 
 885	2   7   9 
 883	6  35  33 
 887	2   7   9 
 883	6  30  24 
 887	6  22  17 
 889	6  20  18 
 889	6  10   9 
 889	6  34  33 
 895	2  20   9 
 895	2  33  31 
 897	2  20   9 
 897	2  33  31 
 893	6  23  17 
 899	2  20  23 
 899	6  31  30 
 901	2  22  35 
 901	2  18   6 
 903	2  20  23 
 905	2  22  35 
 905	2  18   6 
 905	6  26  20 
 907	2  22  29 
 907	2   7   6 
 909	2  22  29 
 909	2  18  13 
 905	6   9   2 
 911	2  14  27 
 911	6  31  24 
 913	2  14  27 
 915	2  20  10 
 915	2   7   6 
 911	6  35  29 
 917	2  26  29 
 917	6  16  15 
 919	2  26  29 
 921	2  19  27 
 917	6   2   0 
 923	2  15  25 
 923	6  35  28 
 925	2  15  25 
 927	2  14   8 
 927	6  16  11 
 929	2  26  28 
 929	2  18  13 
 931	2  26  28 
 931	2  14   8 
 931	2  18  12 
 933	2  21  32 
 933	2   7  13 
 935	2  21  32 
 935	2   7  13 
 937	2  20  10 
 937	6  33  28 
 939	2  20   6 
 941	2  20   6 
 939	6  17   3 
 943	2  19  27 
 943	6   6   0 
 945	2  28  17 
 945	2  19   8 
 947	2  28  17 
 947	2  19   8 
 949	2  24   6 
 949	2  28  35 
 949	6  15  14 
 951	2  24   6 
 951	2  28  35 
 953	2  28  32 
 953	2  18  12 
 953	6   2   0 
 955	2  21  10 
 957	2  28  32 
 957	2  20  13 
 957	6  16  15 
 959	2   7  12 
 961	2  20  13 
 959	6  32  24 
 963	2  14   6 
 959	6  28  23 
 959	6   3   2 
 965	2  15  25 
 965	2   7  12 
 965	6  34  29 
 967	2  15  25 
 969	2  14   6 
 969	6  25  18 
 971	2  21  10 
 973	2  23  10 
 971	6   7   2 
 975	2  32  28 
 973	6  20  14 
 977	2  32  28 
 977	6   4   1 
 979	2  20  28 
 981	2  32  34 
 983	2   0  18 
 983	2  32  34 
 983	2  23  10 
 985	2   0  18 
 985	2  32  33 
 985	6  16   3 
 987	2  32  33 
 987	6  18   0 
 991	2  21  16 
 989	6  32  31 
 993	2  20  28 
 993	2   7   0 
 995	2  22  32 
 995	2   7   0 
 997	2  22  32 
 997	2   1   0 
 997	6  19  12 
 999	2  26  32 
 999	2   1   0 
 999	2  21  16 
1001	2  26  32 
1001	2  23  16 
 999	6  30  24 
1003	2  20  34 
1003	2  23  16 
1003	6   7   6 
1005	2  20  34 
1007	2  20  33 
1001	6   3   2 
1005	6  23  16 
1009	2  31  32 
1009	2  14  19 
1011	2  15   7 
1011	2  31  32 
1013	2  15   7 
1013	6  26  24 
1011	6  34  29 
1015	6  16   3 
1019	2  14  19 
1021	2  18   7 
1021	6  29  17 
1023	2  18   7 
1025	2   6   7 
1025	2  20  33 
1025	6   3   2 
1027	2  15  28 
1027	2   6   7 
1029	2  22  26 
1027	6  30  18 
1031	2  15  28 
1031	2   1   7 
1033	2  22  26 
1033	2   1   7 
1035	2  15  17 
1035	2  24  26 
1035	2   0   7 
1037	2  22  29 
1037	2  24  26 
1037	2   0   7 
1039	2  15  17 
1039	2  31  26 
1039	6   7   2 
1041	2  22  29 
1041	2  20  32 
1043	2  22  35 
1043	2  31  26 
1045	2  15  33 
1047	2   9  27 
1047	6  31  30 
1049	2  22  35 
1051	2   9  27 
1053	2  15  33 
1055	2  20  32 
1055	2   9   8 
1055	6  34  29 
1057	2  20  26 
1057	2   9   8 
1059	2  20  26 
1053	6  30  24 
1059	6  13   8 
1061	2  25  27 
1063	2  25  27 
1065	2  21   8 
1065	6  34  32 
1067	2  21   8 
1069	2   7   8 
1069	2  21  19 
1071	2  30  32 
1071	2   7   8 
1071	2  21  19 
1071	6  35  34 
1073	2  30  32 
1073	2   7  19 
1075	2  24  32 
1073	6  22  15 
1077	2  24  32 
1079	2  22  35 
1079	2  25  13 
1081	2  22  35 
1081	2  25  13 
1083	2  22  26 
1085	2  20  32 
1087	2  16  27 
1087	2   7  19 
1089	2  22  26 
1089	6   9   7 
1091	2  20  32 
1093	6  34  31 
1091	6  23  17 
1095	6  15  13 
1099	2  34  28 
1099	2  30  31 
1101	2  34  28 
1101	2  13  18 
1101	2  30  31 
1101	6  10   2 
1103	2  13  18 
1105	2  24  31 
1103	6  27  22 
1107	2  30  18 
1107	6   7   2 
1109	2  34  23 
1109	2  24  31 
1111	2  34  23 
1111	2  30  18 
1113	2  34  33 
1113	2  13   7 
1113	2  16  22 
1113	2  24  18 
1115	2  34  33 
1115	2  13   7 
1115	2  16  15 
1115	2  24  18 
1117	2  34  35 
1117	2  27  32 
1117	2  16  15 
1117	6  30  19 
1119	2  34  35 
1119	2  27  32 
1119	6   8   6 
1123	2  34  26 
1119	6  17  16 
1125	2  20  31 
1125	6  12   7 
1127	2  34  26 
1129	2  20  31 
1125	6  16   9 
1131	2  19  12 
1131	2  34  32 
1131	6   9   8 
1133	2  19  12 
1133	2  27  31 
1135	2  20  18 
1135	6  28  17 
1137	2  13   8 
1139	2  13   8 
1137	6  30  25 
1141	2   9  17 
1141	2  13   6 
1141	6  33  28 
1143	2   9  17 
1143	2  24  12 
1145	2  19   8 
1145	6  17  10 
1147	2  34  32 
1147	2  24  12 
1149	2  27  31 
1149	2  13   6 
1147	6   2   1 
1151	2  14  22 
1153	2   2  10 
1153	2  20  18 
1155	2   9  23 
1155	6  26  18 
1157	2   2  10 
1159	2   9  23 
1159	6   1   0 
1161	2  14  22 
1163	2  21  22 
1163	2  13  25 
1161	6  10   3 
1165	2  14  15 
1165	2  34  31 
1167	2   1   3 
1167	2  21  22 
1167	6  24  12 
1169	2   1   3 
1169	2  14  15 
1169	2  27  26 
1171	2  17   3 
1171	2  27  26 
1173	2  17   3 
1173	2  20  24 
1175	2  19   8 
1175	2  16  22 
1173	6  34  33 
1177	2  12   8 
1177	2  16  22 
1179	2  19   6 
1179	2  21  15 
1179	6   4   2 
1181	2  33  31 
1181	2  21  15 
1183	2  20  24 
1179	6  23  17 
1183	6  33  32 
1185	2   4  17 
1185	2  19   6 
1187	2   4  17 
1185	6  28  21 
1189	2  12   8 
1189	2  32  26 
1189	6  17  10 
1191	2  13  25 
1193	2  27  24 
1191	6   2   1 
1195	2  12   6 
1195	2  19  25 
1195	2  16  15 
1195	6  35  28 
1197	2   2  10 
1197	2  32  26 
1197	2  12   6 
1199	2   2  10 
1199	2  19  25 
1201	2   9  21 
1201	2  12  25 
1203	2   9  21 
1203	2  12  25 
1205	2  23  10 
1205	6  14  13 
1207	2  23  10 
1209	2   3  10 
1209	2  27  24 
1211	2   3  10 
1211	2  14  22 
1211	2  32  24 
1213	2  20   8 
1213	6  10   4 
1215	2  20   8 
1217	2  14  22 
1217	2  32  24 
1219	2  10  21 
1219	6  13  12 
1221	2  10  21 
1223	2  16  15 
1219	6   8   2 
1225	2   8  21 
1225	6  10   4 
1227	2   8  21 
1229	2  23  21 
1229	6   8   2 
1231	2  23  21 
1233	2  19  22 
1235	2   3  21 
1237	2   3  21 
1239	2  10  21 
1241	2  20   6 
1241	6  16   9 
1243	2  20   6 
1245	2  20  25 
1247	2  16  28 
1247	2  20  25 
1249	2  16  28 
1245	6  18  12 
1249	6  20   8 
1251	6  17   4 
1255	2  27  20 
1251	6  12   6 
1255	6   8   2 
1257	2  17  28 
1259	2  17  28 
1257	6  25  12 
1261	2  14  15 
1261	6  28  17 
1263	2  14  15 
1263	6   6   2 
1267	2  27  20 
1267	6  17  10 
1269	2  32  20 
1271	2  27  25 
1271	6  14   2 
1273	2  27  25 
1275	6  33  22 
1275	6  31  25 
1275	6  18  12 
1281	2  16  14 
1281	6  27  25 
1283	2  16  14 
1285	2   8  10 
1287	2  28  14 
1287	2  25  18 
1289	2  16  22 
1289	2  19  33 
1291	2   8  10 
1291	2  25  18 
1291	6  23  21 
1293	6  24  13 
1297	2  16  22 
1293	6   9   3 
1299	2  28  14 
1299	6  25  24 
1301	2  21  10 
1303	2   8  14 
1303	2  28  22 
1301	6  12   6 
1305	2  16  27 
1305	2   8  14 
1307	2  21  10 
1307	6  30  12 
1309	2  28  22 
1309	2   9  10 
1311	2  16  27 
1313	2  21  14 
1313	2  17  23 
1313	2   9  10 
1313	2  25  33 
1315	2   8  22 
1317	2  28  27 
1317	2  17  10 
1317	6  15  14 
1319	2  28  27 
1319	2  17  10 
1321	2  25  33 
1323	2  16  26 
1325	2  21  15 
1325	6  33  31 
1327	2   9  15 
1329	2  19  14 
1329	2  23  10 
1331	2   8  22 
1331	2  30  31 
1333	2  16  26 
1333	6  13   8 
1335	2  21  22 
1335	2  30  31 
1337	2  28  26 
1337	6  30  24 
1339	2  13  27 
1341	2  16   8 
1343	2   9  15 
1343	2  28  26 
1345	2  21  22 
1345	2  19  14 
1345	2  30  31 
1347	2  13  27 
1347	2  30  31 
1349	2  16   8 
1349	6  30  18 
1351	2  17  15 
1353	2   9  22 
1355	2  32  20 
1355	2  23  10 
1357	2  21  27 
1357	6  11   8 
1359	2  32  33 
1361	2  21  27 
1363	2  13  26 
1363	6  29  11 
1365	2  25  14 
1367	2  13  26 
1369	2  28  29 
1369	2  16  20 
1369	2  32  33 
1371	2  17  15 
1371	2  28  29 
1371	2  32  30 
1371	6  19  13 
1373	2   9  22 
1373	2  32  30 
1375	2  23  15 
1375	2  32  31 
1377	2  16  20 
1377	2  32  31 
1379	2  25  14 
1379	2  17  22 
1381	2   9  27 
1383	2  21  26 
1383	6  13   9 
1385	2  17  22 
1387	2  21  26 
1383	6  34  33 
1381	6  31  30 
1389	2  28  20 
1391	2  16  34 
1391	6  31  19 
1393	2  23  15 
1395	2  16  34 
1397	2  24  14 
1397	2  23  22 
1399	2  13  27 
1399	6  16  10 
1401	2  28  20 
1403	2  13  26 
1403	2  28  34 
1405	2  24  14 
1405	2  23  22 
1407	2  16  15 
1407	2  13  26 
1407	2  28  34 
1409	2  17  27 
1409	6  19  14 
1411	2  17  27 
1413	2  23  27 
1407	6  30  24 
1415	2  10  14 
1415	6  34  31 
1417	2  16  15 
1419	2  10  14 
1421	2  34  29 
1421	2  18  19 
1421	2  16  22 
1423	2  34  29 
1423	2  18  19 
1423	2  16  22 
1425	2  21  29 
1425	6  10   8 
1427	2  21  29 
1429	2  32  19 
1431	2  34  20 
1433	2  34  20 
1435	2  21  20 
1435	2  34  31 
1435	6  12   8 
1437	2  23  27 
1439	2  21  20 
1439	2  34  31 
1439	6  23  17 
1441	2  12  24 
1443	2  12  24 
1441	6  26  21 
1441	6  34  33 
1445	6  13   9 
1447	2  26  31 
1449	2  26  31 
1447	6  29  17 
1451	2  32  19 
1453	2  23  21 
1453	2  12  19 
1455	2   9  17 
1455	2  12  19 
1457	2  28  14 
1453	6  32  31 
1459	2  23  21 
1459	6  32  24 
1461	2   9  17 
1463	2  15  22 
1465	2  28  14 
1465	6  24  18 
1467	2  16  27 
1469	2  29  21 
1469	6   9   8 
1471	2  23  17 
1473	2  28  32 
1471	6  18  13 
1475	2  15  22 
1475	6  33  26 
1477	2  23  17 
1477	6  13   9 
1481	2  28  32 
1483	2   8  20 
1483	6  33  28 
1485	2   8  20 
1487	2   8   9 
1483	6  24  12 
1489	2  26  14 
1489	6  23  10 
1491	2  26  14 
1493	2  26  32 
1489	6  30  24 
1495	2  16  27 
1497	2  29  21 
1497	2   8   9 
1499	2  15  27 
1495	6  25  19 
1499	6  29  23 
1501	2  16  21 
1501	2  33  25 
1503	2  10  20 
1499	6  12   7 
1505	2  23  17 
1505	2  15  27 
1505	6  19   7 
1507	2  16  21 
1509	2  23  17 
1509	2  15  21 
1511	2  28  14 
1513	2  10  20 
1515	2  28  14 
1517	2  26  32 
1517	2  16  17 
1517	2   8  14 
1519	2  33  25 
1519	2  10   9 
1521	2  22  27 
1521	2  10   9 
1523	2  23  20 
1525	2  28  32 
1525	2  16  17 
1525	2   8  14 
1527	2  26  25 
1527	2  15  21 
1527	6  13   8 
1529	2  22  27 
1531	2  28  32 
1533	2  23  20 
1535	2  26  25 
1535	2  22  21 
1535	6  18  13 
1537	2  15  17 
1537	2  26  31 
1539	2  23   9 
1539	2  31  26 
1541	2  16  20 
1543	2  10  14 
1543	2  33  30 
1545	2  18  32 
1545	2  22  21 
1545	6  10   8 
1547	2  28  25 
1549	2  18  32 
1551	2  15  17 
1551	2  30  33 
1553	2  16  20 
1555	2  23   9 
1555	2  26  31 
1557	2   8  14 
1557	2  28  25 
1559	2  27  21 
1559	2  16   9 
1559	2  18  25 
1561	2  22  17 
1561	2  18  25 
1563	2  15  20 
1563	2  18  24 
1563	6  28  17 
1565	2  15  20 
1565	2  24  18 
1567	2  18  24 
1567	6  32  26 
1569	2  22  28 
1571	2  16   9 
1569	6  19  13 
1573	2  27  21 
1573	6  23  16 
1575	2  27  28 
1577	2  27  28 
1575	6  19   8 
1579	2  21  28 
1579	6  17  10 
1581	2  19  26 
1583	2  19  26 
1585	2  16  14 
1585	2  33  30 
1587	2  16  14 
1589	2  22  20 
1591	2  15   9 
1591	2  19  25 
1591	6  23  17 
1593	2  15   9 
1593	2  19  25 
1595	2  21  28 
1595	2  19   7 
1597	2  17  14 
1599	2  16  26 
1599	6  13   8 
1601	2  16  26 
1603	6  26  16 
1609	2  22  20 
1611	2  17  14 
1613	2  27  20 
1613	2  17  16 
1615	2  22   9 
1615	2  26  25 
1617	2  15  14 
1617	2  26  25 
1619	2  27  20 
1619	2  17  16 
1621	2  22   9 
1621	6  26  25 
1623	2  15  14 
1625	2  22  14 
1627	2  21  20 
1627	2  10   8 
1629	2  27   9 
1629	6  23  17 
1631	2  21  20 
1633	2  27   9 
1635	2  15  16 
1635	2  25  13 
1637	2  22  14 
1639	2  15  16 
1639	2   7  19 
1641	2  28  20 
1643	2  21   9 
1643	2  13  25 
1645	2  27  14 
1647	2  22  16 
1647	2  25  13 
1649	2  28  20 
1651	2  21   9 
1653	2  27  14 
1655	2  22  16 
1655	2  19   7 
1657	2  21  14 
1657	6  34  23 
1659	2  21  14 
1661	2   8  10 
1657	6  12   6 
1663	2  34  26 
1663	2  10   8 
1663	6  18  12 
1665	2  34  26 
1667	2  15  26 
1665	6   4   2 
1669	2  15  26 
1667	6  34  29 
1671	2  15   3 
1671	6  25  18 
1673	2  27  16 
1675	2  27  16 
1677	2  22  26 
1677	6  11   4 
1679	2  22  26 
1681	2  27  26 
1681	6  15   9 
1683	2  27  26 
1685	2  27  25 
1669	6   6   0 
1675	6   7   0 
1687	2  28  15 
1689	2  28  15 
1691	2  20  15 
1691	6  10   4 
1693	2  28  14 
1695	2  20  15 
1697	2  21  16 
1697	2   3   9 
1699	2  28  14 
1701	2  21  16 
1701	2   9   3 
1703	2  20  14 
1703	2  28  16 
1705	2  21  26 
1705	6  10   8 
1707	2  21  26 
1709	2  21  23 
1711	2  20  14 
1711	2  28  16 
1713	2  15  14 
1713	2  28  26 
1715	2  20  16 
1717	2  15  14 
1717	2  28  26 
1719	2  20  16 
1721	2  15  16 
1721	2  20  26 
1723	2  15  16 
1723	2  20  26 
1725	2  14  16 
1725	2  25  27 
1727	2  15  26 
1729	2  14  16 
1729	2  27  25 
1731	2  15  26 
1733	2  14  26 
1733	2  22  35 
1735	2  14  26 
1735	2  29  11 
1737	2  16  26 
1739	2  16  26 
1741	2  26   8 
1743	2  16  34 
1745	2  14   2 
1745	2  28  17 
1747	2  15   7 
1749	2  20   6 
1749	2  11  29 
1751	2  35  22 
1751	2   2  14 
1753	2  23  21 
1755	2  17  28 
1755	2  14   2 
1757	2   6  20 
1757	2  29  11 
1759	2   7  15 
1761	2  34  16 
1763	2   8  26 
1765	2  26   8 
1767	2  16  34 
1769	2  15   7 
1771	2  20   6 
1773	2  28  17 
1775	2  21  23 
1777	2  22  35 
