   1	6  26  12 
   1	6  39  30 
   1	6  37  36 
   7	2  12  14 
   7	6  39  29 
   9	2  12  14 
  13	2  12  30 
  15	2  12  30 
  17	2  14  30 
  17	6  36  20 
  19	2  14  30 
  21	6  31  22 
  23	2  12  20 
  25	2  12  20 
  23	6  44  26 
  27	6  39  15 
   1	6  62  54 
  29	6  28  26 
  29	6  54  53 
  33	6  15  13 
  35	6  53  36 
   1	6  57  50 
   7	6  50  41 
  35	6  41  17 
  41	2  14  20 
  41	6  17  10 
  43	2  12  29 
  45	2  14  20 
  47	2  12  29 
  47	6  18  16 
  49	2  14  29 
  51	2  12  21 
  41	6  41  34 
  47	6  35  34 
  53	2  30  20 
  53	6  35  26 
  55	2  30  20 
  57	2  14  29 
  47	6  40  32 
  53	6  32  16 
  59	2  12  21 
  59	6  16   2 
  61	2  30  29 
  63	2  14  21 
  65	2  12  22 
  67	2  30  29 
  67	6  17   3 
  69	2  14  21 
  71	2  20  29 
  73	2  12  22 
  75	2  30  21 
  75	6   7   5 
  77	2  20  29 
  79	2  30  21 
  73	6   9   1 
  79	6  36  19 
  81	2  14  22 
  83	2  14  22 
  85	2  12  28 
  85	2  30  22 
  87	2  12  28 
  87	2  30  22 
  89	2  20  21 
  89	6  23  15 
  91	2  12  13 
  93	2  20  21 
  59	6  42  34 
  85	6  34  17 
  95	2  14  28 
  97	2  14  28 
  99	2  12  13 
  99	2  30  28 
 101	2  29  21 
 101	2  12  19 
 103	2  20  22 
 105	2  14  13 
 105	2  30  28 
 107	2  29  21 
 107	2  12  19 
 109	2  20  22 
 111	2  14  13 
 111	2  20  28 
 113	2  29  22 
 113	2  12  27 
 115	2  30  13 
 117	2  29  22 
 117	2  12  27 
 119	2  20  28 
 119	6  14   4 
 121	2  29  28 
 123	2  29  28 
 125	2   4  19 
 125	2  21  22 
 127	2  30  13 
 127	6  27  17 
 129	2  21  22 
  99	6  44  43 
 129	6   4   2 
 133	2  21  28 
 133	6  44  34 
 135	2  20  13 
 137	2  12  10 
 139	2   2  19 
 139	6  36  34 
 141	2   2  17 
 141	2  20  13 
 143	2   2  17 
 139	6  60  52 
 143	6  20  19 
 145	6  52  35 
 149	2  12  10 
 145	6  37  30 
 151	2  37  20 
 151	2   2  10 
 151	6  25  17 
 153	2  37  20 
 153	2   2  10 
 155	2  29  13 
 157	2  19  20 
 157	6  37  34 
 159	2  19  20 
 163	2  34  25 
 163	2  21  28 
 165	2  12  18 
 167	2  29  13 
 167	2  34  25 
 169	2  12  18 
 171	2  22  28 
 171	2   2  18 
 173	2  21  13 
 173	2  19  25 
 175	2  29  20 
 175	2   2  18 
 177	2  34  10 
 177	2  21  13 
 179	2  12  11 
 179	2  22  28 
 179	6  34  25 
 181	2  29  20 
 183	2  12  11 
 183	6  36  29 
 185	2  19  34 
 187	2  25  10 
 189	2  22  13 
 189	2  36  34 
 189	2  19  10 
 191	2  21  20 
 191	2  25  18 
 191	6  36  35 
 193	2   2  11 
 193	2  22  13 
 195	2  21  20 
 195	2  25  18 
 191	6  52  45 
 197	2  12  26 
 197	6  45  30 
 199	2  35  34 
 199	2  19  10 
 201	2   2  11 
 201	6  35  34 
 203	2  22  20 
 205	2  19  18 
 205	6  29  22 
 207	2  12  26 
 209	2  34  10 
 211	2  28  13 
 211	6  43  42 
 213	2  25  11 
 215	2  12   6 
 217	2  21  35 
 219	2   2  26 
 221	2  28  13 
 219	6  44  43 
 223	2  29  20 
 225	2  21  35 
 227	2  34  10 
 227	2  28  20 
 229	2  19  18 
 229	2  29  35 
 231	2  25  11 
 231	6  44  29 
 233	2   2  26 
 235	2  34  18 
 235	6   8   1 
 237	2  12   6 
 237	2  25  26 
 237	2  44  35 
 239	2  19  11 
 239	2  25  26 
 239	6  29  13 
 241	2  34  18 
 243	2  19  11 
 243	6  34  17 
 245	2  12   4 
 247	2  28  20 
 247	6  11   2 
 249	2  28  35 
 251	2  28  35 
 245	6  14   6 
 251	6  15   6 
 253	2  12   4 
 253	2  17   2 
 255	2  29  20 
 255	2  17   2 
 257	2  11  14 
 259	2  11  14 
 257	6  34  25 
 261	2  11   4 
 261	6  28  14 
 263	2  11   4 
 261	6   2   1 
 263	6  33  17 
 267	2  12   3 
 267	6  28  27 
 269	2  12   3 
 271	2  11   3 
 267	6  14   6 
 269	6  18  17 
 273	2  34  27 
 273	2  12   5 
 275	2  19  26 
 273	6  15   7 
 277	2  29  20 
 277	2  11   3 
 203	6  62  47 
 209	6  47  39 
 215	6  39  31 
 279	2  19  26 
 279	6  21   4 
 281	2  34  27 
 283	2  33  26 
 267	6  44  43 
 279	6  31  23 
 285	2   4  10 
 285	2  29  35 
 287	2   4  10 
 287	2  29  35 
 289	2  19  27 
 289	2  12   5 
 289	6  17  10 
 291	2  19  27 
 293	2  20  35 
 291	6  23   6 
 295	2  33  26 
 291	6   4   3 
 295	6  28  21 
 297	2   3  10 
 299	2   3  10 
 295	6  43  42 
 297	6  25  17 
 301	2   3   1 
 301	2  20  35 
 297	6  38  23 
 303	2  42  25 
 303	2   3   1 
 303	6  22  20 
 305	2  42  25 
 303	6  38  37 
 307	6  26  10 
 309	6  20   4 
 313	2  42  26 
 309	6  31  22 
 269	6  48  40 
 307	6  40  32 
 309	6  44  37 
 313	6  16   1 
 315	2  34  28 
 317	2  42  26 
 317	6  21   5 
 319	2   3  10 
 319	2  33  27 
 321	2   3  10 
 321	2  33  27 
 319	6  44  43 
 323	2  11  21 
 319	6  17  16 
 323	6  33  26 
 325	2  11  21 
 327	6  36  21 
 327	6  10   3 
 329	6  42  33 
 333	2  12   9 
 333	6  36  35 
 335	2  33  17 
 337	2  33  17 
 335	6   3   2 
 339	2  43  25 
 341	2  43  25 
 343	2  34  28 
 343	6  16   2 
 345	2  43  42 
 345	2  19  28 
 347	2  43  42 
 347	2  19  28 
 349	2  34  20 
 351	2  34  20 
 353	2  12   9 
 353	2  34  35 
 353	6  32  24 
 355	2  10  27 
 357	2  26  28 
 357	2  11   9 
 355	6  43  42 
 359	2  19  20 
 359	6  24  17 
 361	2  12  14 
 361	2  34  35 
 363	2  19  20 
 363	6  36  29 
 365	2  42  24 
 365	2  12  14 
 367	2  33  16 
 367	2  12   5 
 365	6  18  10 
 369	2  42  24 
 369	2  12   5 
 369	6  30  29 
 371	2  33  16 
 371	2  18  27 
 371	2  12   4 
 373	2  11   9 
 373	6  34  25 
 375	2  11  14 
 377	2  11  14 
 379	2  36  34 
 379	2  11   5 
 379	6  38  31 
 381	2  36  34 
 381	2  11   5 
 383	2  36  43 
 383	2  25   9 
 383	2  12   4 
 383	6  22  14 
 385	2  36  43 
 385	2  25   9 
 385	2  11   4 
 387	2  26  28 
 387	2  11   4 
 387	6  32  16 
 389	2  26  20 
 391	2  19  35 
 385	6  53  38 
 391	6  15   5 
 393	2  42  32 
 393	2  18  28 
 395	2  33  27 
 391	6  53  52 
 391	6  38  30 
 397	2  52  34 
 397	2  12  21 
 397	6  38  37 
 399	2  52  34 
 399	2  12  21 
 401	2  52  43 
 401	2  33  27 
 395	6  17   9 
 397	6  23  15 
 403	2  37  34 
 403	6   6   4 
 405	2  37  34 
 407	2  52  43 
 407	2  18  28 
 403	6  31  23 
 407	6  33  24 
 409	2  19  35 
 411	2  37  43 
 409	6  23   6 
 413	2  36  33 
 415	2  36  33 
 415	6  30  22 
 417	2  42  32 
 417	2  19  17 
 419	2  26  20 
 419	6  52  49 
 421	2  18  20 
 423	2  18  20 
 421	6  22  15 
 425	2  49  33 
 425	2  37  43 
 427	2  42  27 
 427	6  44  37 
 429	2  49  33 
 429	2  11  21 
 431	2  42  27 
 431	6  48  32 
 433	2  26  35 
 433	2  12  29 
 435	2  26  35 
 435	2  11  21 
 437	2  19  17 
 437	2  34  43 
 437	6  30  21 
 439	2  18  35 
 441	2  26  17 
 437	6  49  48 
 441	6  51  36 
 443	2  26  17 
 439	6  32  24 
 443	6  48  41 
 447	2  18  35 
 443	6  21  20 
 445	6  24   8 
 449	2  51  49 
 449	2  12  29 
 451	2  51  49 
 451	2  18  17 
 451	2  12  13 
 451	6  35  28 
 453	2  41  49 
 453	2  18  17 
 453	2  12  13 
 455	2  41  49 
 455	2  12   3 
 451	6   8   1 
 455	6  25  18 
 457	2  12   3 
 451	6  31  30 
 457	6  30  28 
 461	2  34  43 
 459	6   2   1 
 463	2  32  35 
 463	6  30  23 
 465	2  18  20 
 467	2  32  35 
 467	2  12  10 
 469	2  18  20 
 469	2  42  35 
 469	6  37  30 
 471	2  19  20 
 471	2  42  35 
 473	2  19  20 
 469	6  32  24 
 473	6  50  35 
 475	2  12  10 
 477	2  12   5 
 477	6  24  17 
 479	2  11  29 
 481	2  11  29 
 479	6  34  33 
 483	2  18  28 
 483	2  12   5 
 479	6  59  49 
 485	2  44  34 
 485	2  11  13 
 487	2  51  27 
 487	2  12   4 
 489	2  44  34 
 489	2  11  13 
 491	2  51  27 
 491	2  12   4 
 493	2  18  28 
 493	2  33  34 
 493	2  51  50 
 493	6  22  13 
 495	2  44  59 
 495	2  19  28 
 495	2  33  34 
 497	2  41  27 
 499	2  26  20 
 499	2  44  59 
 501	2  41  27 
 501	6  59  58 
 503	2  26  20 
 505	2  19  28 
 505	2  43  34 
 507	2  51  50 
 507	2  26  28 
 507	2  11   3 
 509	2  44  27 
 509	2  41  50 
 509	2  11   3 
 511	2  43  34 
 511	2  11  10 
 511	6  58  40 
 513	2  44  27 
 513	2  11  10 
 515	2  26  28 
 515	2  11   5 
 517	2  33  40 
 517	2  11   5 
 517	6  37  28 
 519	2  33  40 
 519	2  11   4 
 521	2  41  50 
 521	2  12  14 
 499	6  31  30 
 521	6  17  10 
 523	2  43  40 
 523	2  12  14 
 525	2  33  27 
 523	6  30  29 
 527	2  44  50 
 527	2  11   4 
 527	6  25  17 
 529	2  43  40 
 529	2  11  14 
 531	2  44  50 
 531	2  11  14 
 531	6  40  32 
 533	2  18  28 
 535	2  18  28 
 533	6   6   4 
 537	2  19  28 
 537	2  34  32 
 539	2  17  20 
 541	2  17  20 
 543	2  19  28 
 543	2  34  32 
 545	2  26  28 
 545	6  41  32 
 547	2  26  28 
 549	2  12   9 
 549	6  35  27 
 551	2  12   9 
 553	2  11   9 
 407	6  63  47 
 505	6  47  39 
 529	6  39  31 
 535	6  31  30 
 539	6   7   6 
 543	6  30  22 
 549	6  44  37 
 551	6  40  32 
 555	2  12  13 
 555	6  44  26 
 557	2  12  13 
 559	2  12   4 
 561	2  17  26 
 561	2  12   4 
 561	6  32  24 
 563	2  17  26 
 563	2  12   2 
 565	2  11   9 
 561	6  36  29 
 549	6  31  23 
 559	6  23  14 
 565	6  14   5 
 567	2  18  36 
 569	2  18  36 
 571	2  19  36 
 571	6  25  24 
 573	2  19  36 
 575	2  44  36 
 575	2  11  13 
 577	2  33  35 
 577	2  11  13 
 579	2  43  35 
 579	2  11   4 
 579	6  26  17 
 581	2  43  35 
 581	2  11   4 
 583	2  44  36 
 583	2  12   2 
 579	6  29  22 
 585	2  33  50 
 585	2  11   2 
 585	6  13   6 
 587	2  26  28 
 587	2  11   2 
 589	2  33  50 
 589	6  28  10 
 591	2  43  50 
 593	2  43  50 
 591	6  33  32 
 595	2  28  21 
 591	6   5   4 
 595	6  43  42 
 597	2  28  21 
 597	2  18   4 
 599	2  28  31 
 599	6  25  10 
 601	2  28  31 
 603	6  43  28 
 605	2  26  25 
 603	6  39  15 
 595	6  57  49 
 601	6  49  40 
 607	6  40  25 
 609	2  28  21 
 611	2  28  21 
 609	6  51  45 
 613	2  18   4 
 609	6  15  14 
 613	6  30  21 
 615	2  43  33 
 615	2  19   4 
 617	2  43  33 
 617	2  19   4 
 615	6  15   6 
 619	2  45  30 
 619	2  34  35 
 615	6  58  49 
 619	6  24  17 
 621	2  28  31 
 623	2  45  30 
 623	2  34  35 
 621	6  58  51 
 625	2  28  31 
 621	6   6   4 
 625	6  25   9 
 627	2  45  31 
 629	2  45  31 
 627	6   7   5 
 631	2  26  36 
 631	6  53  51 
 633	2  18  21 
 635	2  18  21 
 637	2  19  21 
 637	2  34  50 
 637	6  53  38 
 639	2  18   3 
 641	2  19  21 
 641	2  34  50 
 637	6  15   6 
 643	2  38  30 
 643	2  26  36 
 643	6   5   2 
 645	2  38  30 
 645	2  41  35 
 647	2  37  30 
 647	2  41  35 
 643	6  23  15 
 649	2  38  31 
 649	2  18   3 
 649	2  41  50 
 649	6  21  15 
 651	2  38  31 
 651	2  18  17 
 651	2  41  50 
 653	2  18  17 
 653	2  35  50 
 655	2  37  30 
 655	2  19   3 
 655	6  34  32 
 657	2  37  31 
 657	2  19   3 
 659	2  37  31 
 659	2  19  17 
 655	6   6   5 
 661	2  18   4 
 661	6  44  30 
 663	2  19  17 
 665	2  18   4 
 661	6  41  32 
 667	2  34  44 
 667	2  30  23 
 667	6   5   3 
 669	2  34  44 
 669	2  30  23 
 671	2  42  44 
 671	2  30  15 
 667	6  28  20 
 667	6  40  32 
 673	2  43  28 
 673	2  18   2 
 673	6  23   5 
 675	2  43  28 
 675	2  18   2 
 677	2  42  44 
 673	6  32  24 
 677	6  27  20 
 679	2  30  15 
 681	2  30  23 
 679	6  43  33 
 683	2  30  23 
 683	2  19   4 
 681	6   7   6 
 685	2  27  43 
 685	2  33  32 
 685	6  37  31 
 687	2  27  43 
 687	2  33  32 
 689	2  33  24 
 689	2  19   4 
 691	2  45  43 
 691	2  27  28 
 691	2  33  24 
 691	6   6   4 
 693	2  45  43 
 693	2  27  28 
 695	2  45  28 
 691	6  30  22 
 693	6  49  40 
 697	2  45  28 
 695	6  26  17 
 699	2  12  20 
 695	6  51  43 
 697	6   7   6 
 701	2  34  37 
 701	2  12  20 
 701	6  52  51 
 703	2  34  37 
 705	2  19   2 
 705	6  46  31 
 707	2  35  50 
 707	2  11  20 
 709	2  19   2 
 705	6  32  24 
 709	6  51  49 
 711	2  27  24 
 713	2  27  24 
 711	6  30  22 
 715	2  33  36 
 715	6   5   2 
 717	2  38  52 
 719	2  38  52 
 717	6  33  27 
 721	2  46  52 
 721	6  15   5 
 723	2  38  28 
 723	2  33  32 
 723	2  17   2 
 725	2  46  52 
 725	2  33  32 
 725	2  27  36 
 725	2  17   2 
 727	2  38  28 
 727	6  17   3 
 729	2  46  28 
 731	2  46  28 
 727	6  23  22 
 727	6  43  42 
 733	2  41  44 
 733	2   3   5 
 733	6  27  26 
 735	2  43  37 
 735	2   3   5 
 737	2  41  44 
 737	2  11  20 
 733	6  15   7 
 739	2  34  52 
 739	2  12  29 
 739	6  23   7 
 741	2  33  36 
 743	2  26   2 
 743	2  51  44 
 745	2  43  37 
 745	6   6   3 
 747	2  34  52 
 749	2  33  36 
 751	2  26   2 
 751	2   6  22 
 751	2  51  44 
 753	2  43  52 
 753	2   6  22 
 753	6  16   2 
 755	2  34  28 
 757	2  30  27 
 757	6  51  41 
 759	2  30  27 
 761	2  30  15 
 761	6  27  20 
 763	2  51  37 
 763	2  33  16 
 765	2  51  37 
 765	2  33  16 
 767	2  43  52 
 767	2   6  20 
 767	6  33  24 
 769	2  35  44 
 769	2   6  20 
 771	2  51  52 
 771	2  30  15 
 771	6  45  36 
 773	2  51  52 
 773	2   6  15 
 775	2  30  23 
 773	6  26  20 
 777	2   6  15 
 773	6  42  41 
 773	6  24  16 
 777	6  52  38 
 779	2  20   5 
 781	2  20   5 
 779	6  16   2 
 783	2  34  28 
 783	2  30  23 
 783	6  52  51 
 785	2   2   5 
 787	2  20  22 
 783	6  46  45 
 785	6  34  32 
 789	2   2   5 
 789	6  52  46 
 791	2  18  21 
 793	2  20  22 
 791	6  41  32 
 795	2  43  28 
 795	2   6  23 
 797	2  36  33 
 797	2   6  23 
 799	2  36  33 
 799	6   5   2 
 801	2  51  33 
 803	2  36  34 
 799	6  23  15 
 803	6  32  24 
 805	2  36  34 
 805	2   5  22 
 807	2  36  52 
 807	2   5  22 
 809	2  51  33 
 809	2  12  29 
 809	6  15   6 
 811	2  51  34 
 811	2  11  29 
 813	2  51  34 
 813	2  12  13 
 811	6  24   8 
 815	2  36  52 
 815	2  12  13 
 817	2  51  52 
 817	2  18  21 
 817	6  36  35 
 819	2  51  52 
 819	2  19  21 
 821	2  18  25 
 821	6  51  41 
 823	2  19  21 
 825	2  18  25 
 825	2  30  21 
 823	6  45  36 
 827	2  20  26 
 827	6  41  32 
 829	2  45  44 
 829	2  20  26 
 831	2  43  28 
 831	2  18  17 
 831	6  46  45 
 833	2  35  41 
 833	2  30  21 
 833	2  18  17 
 835	2  35  41 
 835	2  15  21 
 835	6   9   2 
 837	2  36  33 
 839	2  36  33 
 837	6  22   5 
 841	2  51  33 
 841	6  37  28 
 843	2  51  33 
 843	2  12  10 
 845	2  43  33 
 845	2  12  10 
 847	2  42  28 
 847	6  24   9 
 849	2  36  34 
 849	2  15  21 
 851	2  42  28 
 847	6  46  38 
 853	2  36  34 
 853	2  12  14 
 853	6  53  46 
 855	2  51  34 
 855	2  20  23 
 857	2  32  41 
 857	2  20  23 
 859	2  50  44 
 859	2  19  25 
 861	2  38  28 
 861	2  32  41 
 861	6  60  53 
 863	2  38  28 
 865	2  43  33 
 865	2  20   6 
 865	6  46  38 
 867	2  42  60 
 867	2  20   6 
 869	2  36  52 
 869	2  19  25 
 871	2  45  37 
 871	2  42  60 
 871	2  19  17 
 873	2  50  44 
 873	2  18   4 
 873	6  32  24 
 875	2  45  37 
 875	2  51  34 
 875	2  20  21 
 877	2  36  52 
 877	2  18   4 
 879	2  35  32 
 879	2  46  60 
 879	2  20  21 
 881	2  35  32 
 881	2  46  60 
 881	2  12  14 
 883	2  43  34 
 883	2  24  32 
 883	2  18   3 
 883	6  29  20 
 885	2  51  52 
 885	2  24  32 
 885	2  18   3 
 887	2  43  34 
 883	6  14   5 
 889	2  51  52 
 889	2  19  17 
 889	6  29  14 
 891	2  43  52 
 891	2  18  27 
 893	2  43  52 
 893	2  18  27 
 889	6  34  33 
 895	2  35  29 
 895	6  24  17 
 897	2  35  29 
 899	2  19   4 
 895	6  52  50 
 899	6  22  21 
 901	2  19   4 
 903	2  19   3 
 899	6  35  34 
 901	6  51  45 
 905	2  19   3 
 905	6  41  34 
 907	2  11  20 
 909	2  19  27 
 907	6  60  53 
 911	2  36  34 
 911	2  11  13 
 913	2  52  28 
 913	6  41  32 
 915	2  51  35 
 915	2  18  20 
 917	2  52  28 
 917	6  17   3 
 919	2  51  35 
 921	2  44  28 
 923	2  36  34 
 923	2  52  53 
 923	2  11  13 
 925	2  51  33 
 925	2  19  27 
 925	6  13   3 
 927	2  44  28 
 929	2  52  53 
 929	6  42  36 
 931	2  11  10 
 933	2  11  10 
 907	6  46  38 
 931	6   5   4 
 935	2  36  37 
 935	2  42  41 
 935	2  18  20 
 913	6  47  46 
 923	6   8   1 
 937	2  36  37 
 937	2  51  33 
 937	2  19  20 
 939	2  38  37 
 939	2  42  41 
 939	2  44  53 
 939	2  18   3 
 941	2  36  35 
 941	2  51  50 
 941	2  19  20 
 941	6  53  45 
 943	2  13  29 
 943	2  51  50 
 943	2  18   3 
 945	2  36  35 
 945	2  19   3 
 947	2  38  37 
 947	2  18  10 
 947	6  53  43 
 949	2  13  29 
 949	2  19   3 
 951	2  11   4 
 951	6  21  20 
 953	2  43  34 
 953	2  18  10 
 955	2  43  34 
 955	2  11   4 
 939	6  32  24 
 951	6  23  14 
 953	6  59  53 
 957	2  20  26 
 957	6  43  42 
 959	2  20  26 
 961	2  24  26 
 961	2  20  14 
 959	6  53  38 
 963	2  24  26 
 963	2  20  14 
 963	2  42  41 
 959	6  59  58 
 965	2  52  37 
 965	2  42  41 
 965	2  12   2 
 965	6  27  25 
 967	2  44  45 
 967	2  12   2 
 969	2  52  37 
 969	2  11   2 
 965	6  31  15 
 971	2  30  27 
 971	6  24   9 
 973	2  30  27 
 975	2  53  35 
 971	6  13  12 
 975	6  38  31 
 977	2  58  34 
 977	2  11   2 
 979	2  12  26 
 979	6  43  36 
 981	2  12  26 
 983	2  19  10 
 981	6  46  30 
 985	2  43  33 
 985	2  19  10 
 983	6  14  13 
 987	2  36  29 
 987	2  11   1 
 987	6  51  33 
 989	2  20   6 
 991	2  36  29 
 991	2  11   1 
 993	2  53  35 
 993	6  12   9 
 995	2  43  51 
 997	2  44  37 
 993	6  49  32 
 999	2  12  13 
 999	2  58  34 
 999	6  10   9 
1001	2  12  13 
1001	2  28  45 
1001	2  43  50 
1001	2  33  34 
1003	2  20   6 
1003	2  53  51 
1003	2  33  34 
1005	2  52  35 
1005	2  10  13 
1005	6  58  49 
1007	2  36  26 
1007	2  12   6 
1009	2  20  22 
1009	2  44  37 
1005	6  54  46 
1009	6  10   3 
1011	2  49  41 
1011	2  28  45 
1013	2  52  35 
1013	2  49  41 
1013	2  20  22 
1015	2  53  51 
1015	2  36  26 
1015	2   3  13 
1017	2  43  50 
1017	2  12   6 
1017	2  28  37 
1017	2  33  41 
1017	6  60  54 
1019	2  44  35 
1019	2   3   6 
1019	2  33  41 
1021	2  43  34 
1021	2  12  22 
1021	2  28  37 
1023	2  60  58 
1023	2  44  35 
1023	2   3   6 
1023	6  38  29 
1025	2  60  58 
1025	2  43  34 
1027	2  52  51 
1027	2  18   4 
1025	6  23  14 
1029	2  29  27 
1029	2  53  50 
1029	6   4   3 
1031	2  29  27 
1031	2  52  51 
1033	2  53  50 
1033	6  29  27 
1035	2  44  51 
1037	2  52  50 
1039	2  14  29 
1039	2  43  41 
1039	2  18   3 
1039	6  60  53 
1041	2  14  29 
1041	2  43  41 
1041	2  19   3 
1043	2  20  29 
1043	2  18   2 
1043	6  58  43 
1045	2  12  22 
1045	2  45  37 
1045	2  18   2 
1047	2  20  29 
1047	2  18   1 
1047	6  23   5 
1049	2  27  43 
1049	2  45  37 
1051	2  27  43 
1049	6  60  58 
1053	2  28  35 
1053	2   4  22 
1053	2  18   1 
1055	2  58  34 
1055	2  12  29 
1055	6  39  23 
1057	2  28  35 
1057	2  52  50 
1059	2  44  51 
1059	2  12  29 
1057	6  33  17 
1061	2  53  39 
1061	6  21   4 
1063	2  53  39 
1063	2  58  34 
1065	2  45  35 
1065	6  39  31 
1067	2  21  22 
1067	2  44  50 
1067	2  19   3 
1069	2  52  34 
1069	2  21  29 
1071	2  58  41 
1071	2  21  29 
1071	2  19   2 
1073	2  45  35 
1073	6  31  21 
1075	2  44  50 
1077	2  52  34 
1079	2  27  21 
1079	2  58  41 
1079	6  45  38 
1081	2  27  21 
1083	2  19   2 
1081	6  59  41 
1085	2  19   1 
1083	6  22  14 
1087	2  42  45 
1087	2  19   1 
1089	2  42  45 
1089	6  20  18 
1091	2  37  35 
1091	2  52  59 
1093	2  37  35 
1093	2  52  59 
1091	6  50  49 
1095	2  44  34 
1095	2  20  30 
1097	2  42  26 
1097	2  20  30 
1097	6  52  45 
1099	2  42  26 
1099	6  30  20 
1103	2  50  52 
1097	6  56  48 
1101	6  35  33 
1105	2  50  52 
1105	2  19  20 
1105	6  29  22 
1107	2  53  35 
1109	2  53  35 
1107	6  48  24 
1111	2  29  43 
1113	2  29  43 
1113	6  24  10 
1115	2  29  21 
1115	2  27  35 
1117	2  29  21 
1117	2  27  35 
1115	6  53  51 
1119	2  19  20 
1119	6  33  17 
1119	6  36  29 
1111	6  14   6 
1117	6  23   6 
1121	6  53  45 
1125	2  29  13 
1125	2  50  26 
1127	2  29  13 
1127	2  50  26 
1129	2  29  14 
1129	2  19  10 
1129	6  51  33 
1131	2  29  14 
1131	2  19  10 
1133	2  29  23 
1129	6  12   4 
1133	6  27  18 
1135	2  51  52 
1135	2  33  25 
1135	2  29  23 
1137	2  51  52 
1137	2  33  25 
1137	2  29  22 
1135	6  12  11 
1139	2  27  43 
1139	2  29  22 
1139	6  33  17 
1141	2  27  43 
1143	2  28  45 
1141	6  12   4 
1145	2  60  52 
1145	2  36  35 
1145	2  18  25 
1143	6  50  49 
1147	2  27  21 
1147	2  60  52 
1145	6  40  32 
1149	2  17  11 
1149	2  36  35 
1149	2  58  52 
1145	6  54  46 
1151	2  28  45 
1151	2  18  25 
1151	6  51  42 
1153	2  27  21 
1153	2  38  45 
1155	2  17  11 
1155	2  27  35 
1155	2  38  45 
1155	6  21  13 
1157	2  42  26 
1157	2  37  45 
1159	2  42  26 
1159	2  37  45 
1157	6  60  59 
1161	2  18  11 
1161	2  44  34 
1161	6  29  21 
1163	2  17  24 
1163	2  58  52 
1163	2  27  35 
1165	2  18  11 
1165	2  44  60 
1161	6  46  38 
1165	6  50  33 
1167	2  53  52 
1169	2  44  60 
1167	6  38  21 
1171	2  17  24 
1171	2  53  52 
1171	6  43  36 
1173	2  18  24 
1175	2  17   9 
1173	6  38  31 
1177	2  43  25 
1173	6  21  12 
1179	2  21  36 
1179	2  18  24 
1179	6  59  50 
1181	2  21  36 
1181	2  17   9 
1183	2  38  36 
1183	2  21  13 
1183	2  18   9 
1181	6  34  33 
1185	2  38  36 
1185	2  21  13 
1185	2  18   9 
1185	6  58  49 
1187	2  28  34 
1187	2  44  52 
1189	2  28  34 
1189	2  44  52 
1187	6  38  22 
1191	2  50  26 
1193	2  50  26 
1193	2  22  13 
1193	6  46  37 
1195	2  43  25 
1195	2  22  13 
1197	2  27  25 
1193	6  39  31 
1195	6  49  40 
1199	2  39  36 
1199	2  17   3 
1201	2  37  34 
1197	6  14  13 
1201	6  19  11 
1203	2  37  34 
1205	2  39  36 
1205	6  41  24 
1207	2  59  45 
1209	2  59  45 
1203	6  22  14 
1207	6  35  28 
1211	2  39  22 
1211	2  17   3 
1211	6  53  51 
1213	2  40  26 
1213	2  39  22 
1215	2  21  28 
1215	2  18   3 
1215	6  39  38 
1217	2  35  33 
1217	2  18   3 
1219	2  43  19 
1221	2  53  29 
1221	2  17   2 
1221	6  58  42 
1223	2  53  29 
1223	2  17   2 
1225	2  21  28 
1225	2  18   2 
1225	6  53  39 
1227	2  35  33 
1227	2  18   2 
1229	2  40  26 
1227	6  22  13 
1231	2  27  25 
1231	6  46  44 
1233	2  17   1 
1235	2  17   1 
1227	6  59  50 
1233	6  21  11 
1237	2  44  34 
1233	6  60  59 
1237	6  16   9 
1239	2  39  22 
1239	2  35  59 
1241	2  39  22 
1241	2  44  34 
1243	2  39  23 
1243	2  43  19 
1243	6  32  16 
1245	2  39  23 
1245	2  27  19 
1247	2  39  53 
1247	2  14  28 
1245	6  43  34 
1249	2  39  53 
1249	2  14  28 
1245	6   3   2 
1251	2  39  36 
1251	2  11  25 
1251	6  14   5 
1253	2  34  41 
1253	2  27  19 
1255	2  35  59 
1253	6  39  30 
1257	2  11  25 
1257	2  50  43 
1257	6  37  36 
1259	2  34  41 
1259	2  11  19 
1261	2  34  32 
1261	2  11  19 
1259	6  59  53 
1263	2  30  37 
1263	2  27  41 
1259	6   9   2 
1259	6   5   4 
1265	2  36  33 
1265	6   4   2 
1267	2  36  33 
1269	2  36  53 
1265	6  51  50 
1269	6  34  33 
1271	2  30  13 
1271	2  51  43 
1271	2  18   1 
1273	2  38  28 
1273	6   8   2 
1275	2  50  26 
1275	2  30  13 
1277	2  50  26 
1277	6  46  37 
1279	2  35  52 
1279	2  33  32 
1281	2   8  25 
1279	6  19  11 
1283	2  44  34 
1283	6  29  28 
1285	2  44  34 
1287	2   8  25 
1287	2  45  43 
1279	6  58  49 
1285	6   3   2 
1289	2  42  28 
1289	6  32  24 
1291	2  42  28 
1293	2  36  53 
1293	2  18   1 
1293	6  22  21 
1295	2  35  52 
1295	2   8  11 
1297	2  27  41 
1297	2  44  53 
1297	6   8   2 
1299	2  38  29 
1299	2  51  34 
1301	2  36  52 
1301	6  26  19 
1303	2  30  29 
1303	2  45  43 
1305	2  44  53 
1305	2  30  29 
1301	6  41  32 
1307	2  37  19 
1307	6  33  24 
1309	2  37  19 
1311	2  35  19 
1303	6   1   0 
1307	6  50  49 
1311	6  38  29 
1313	2  26  32 
1313	2   2  11 
1315	2  27  33 
1313	6  50  43 
1317	2  24   9 
1311	6  60  53 
1317	6  45  28 
1319	2  24   9 
1321	2  24   8 
1317	6  41  40 
1321	6  11   2 
1323	2  43  45 
1323	2  26  32 
1325	2  43  45 
1325	2  24   8 
1323	6  29  21 
1327	2  53  45 
1327	2  51  34 
1327	6  11   8 
1329	2  53  45 
1329	2  51  60 
1331	2  36  52 
1329	6  33  25 
1333	2  35  19 
1333	2  51  60 
1335	2  27  25 
1335	2  44  52 
1335	6  50  41 
1337	2  36  19 
1339	2  26  25 
1339	2  44  52 
1339	6  20  19 
1341	2   8  32 
1341	2  51  52 
1343	2   8  32 
1343	2  51  52 
1339	6  37  29 
1345	2  28  34 
1345	6  52  45 
1347	2  27   9 
1349	2  17  19 
1349	6  42  35 
1351	2  26  25 
1353	2  17  19 
1317	6  39  23 
1345	6  39  38 
1351	6  46  29 
1355	2  50  52 
1355	2   8  25 
1357	2  35  37 
1357	2  50  52 
1357	2  24   0 
1357	2  18  19 
1357	6  21  13 
1359	2  35  37 
1359	2  17  10 
1361	2  43  37 
1361	2   8  25 
1363	2  35  38 
1363	2  17  10 
1365	2  43  37 
1365	2  24   0 
1365	2  18  19 
1365	6  13   3 
1367	2  35  38 
1367	2  17  16 
1369	2  53  37 
1369	2  17  16 
1367	6   1   0 
1371	2  35  59 
1371	2  18  10 
1371	6  25  24 
1373	2  53  37 
1373	2  18  10 
1375	2  35  59 
1371	6  12   3 
1375	6  39  30 
1377	2  49  52 
1377	2  27   9 
1379	2  49  52 
1379	2  26   9 
1381	2  35  29 
1381	2  18  16 
1381	6   3   1 
1383	2  35  29 
1383	2  18  16 
1385	2  46  52 
1385	2  28  34 
1381	6  57  49 
1385	6  17  16 
1387	2  35  21 
1389	2  46  52 
1389	2  41  34 
1389	6  30  29 
1391	2  42  52 
1391	2  27  11 
1393	2  42  52 
1393	2  27  11 
1391	6  16   1 
1395	2  35  21 
1395	6  45  38 
1397	2  41  34 
1397	2  18  16 
1399	2  26   9 
1397	6  51  50 
1401	2  35  29 
1401	2   8   9 
1403	2  43  45 
1403	2  26  11 
1403	2   8   9 
1403	6  58  57 
1405	2  43  45 
1405	2  25  19 
1407	2  53  45 
1407	2  35  29 
1407	2  18  16 
1409	2  51  37 
1409	2  26  11 
1411	2  43  59 
1411	2  53  45 
1411	2  25  19 
1411	6  30  29 
1413	2  43  59 
1413	2   8  11 
1415	2  53  59 
1415	2  25  10 
1415	6  43  35 
1417	2  53  59 
1417	2   8  11 
1419	2  25  10 
1417	6  38  30 
1421	2  36  20 
1421	2  25  17 
1419	6  61  58 
1423	2  35  29 
1423	2  25  17 
1423	6  11   3 
1425	2  51  37 
1425	2  25  16 
1427	2  61  37 
1427	2  25  16 
1427	6  43  42 
1429	2  61  37 
1431	2  46  37 
1431	2  27  11 
1429	6   9   8 
1433	2  51  45 
1433	2  27  11 
1429	6  33  25 
1435	2  51  45 
1435	2  26  11 
1437	2  35  29 
1437	2  51  59 
1437	6  18  16 
1439	2  61  45 
1439	2  51  59 
1439	2  33  49 
1441	2  53  29 
1441	2  33  49 
1443	2  35  21 
1443	6  49  41 
1445	2  46  37 
1445	2  27  19 
1447	2  61  45 
1447	2  26  11 
1447	6  47  39 
1449	2  53  29 
1449	2   9  11 
1451	2  35  21 
1451	2  61  59 
1453	2  44  20 
1453	6  41  33 
1455	2  36  52 
1455	2   9  11 
1457	2  43  37 
1457	2  27  19 
1453	6  39  31 
1457	6  60  59 
1459	2  46  45 
1459	2  26  19 
1461	2  35  38 
1461	6  12  11 
1463	2  36  52 
1465	2  43  37 
1465	2  61  60 
1459	6  32  16 
1463	6  31  22 
1467	2  11  25 
1467	2  46  45 
1467	6  35  28 
1469	2  11  25 
1469	2  46  60 
1471	2  11   2 
1471	2  46  60 
1467	6  50  42 
1469	6  22  21 
1473	2  11   2 
1473	2  35  59 
1473	6  47  46 
1475	2  35  59 
1477	2  49  59 
1477	2  36  37 
1477	2  26  19 
1475	6  16   2 
1479	2  28  38 
1479	2  49  59 
1481	2  11   2 
1481	2  43  45 
1481	6  30  28 
1483	2  11   2 
1483	2  43  45 
1485	2  43  60 
1481	6  49  41 
1481	6  24   8 
1487	2  44  20 
1487	6  41  25 
1489	2  35  28 
1489	2  44  52 
1491	2  35  28 
1491	2  44  52 
1487	6  59  58 
1489	6  38  22 
1493	2  11   8 
1493	2  43  60 
1495	2  53  38 
1495	2  11   8 
1495	6  43  41 
1497	2  53  38 
1497	2   9  19 
1499	2   9  19 
1499	6  53  38 
1501	2  34  58 
1503	2  34  58 
1501	6  24  16 
1505	2  46  43 
1501	6  11   1 
1507	2  46  43 
1507	2   1  16 
1507	6  21  19 
1509	2  50  43 
1509	2  36  37 
1509	2   1  16 
1511	2  50  43 
1453	6   6   5 
1507	6   5   4 
1509	6  53  46 
1513	2  25  28 
1513	2   1   3 
1513	6  58  50 
1515	2  38  22 
1515	2  27  10 
1517	2  38  22 
1517	2   1   3 
1515	6  53  52 
1519	2  25  28 
1519	6   3   1 
1521	2  44  37 
1523	2  36  45 
1521	6  41  24 
1525	2  44  37 
1525	2  27  10 
1525	6  12   4 
1527	2  36  45 
1527	2  26  10 
1529	2  34  28 
1529	2  44  45 
1527	6  38  30 
1531	2  34  28 
1531	2  44  45 
1531	2   3   4 
1533	2  36  60 
1533	2   3   4 
1533	6  33  25 
1535	2  36  60 
1537	2  44  60 
1537	2   3  21 
1539	2  27  17 
1539	2  44  60 
1539	6  50  41 
1541	2  26  10 
1543	2  27  17 
1539	6  13   4 
1539	6  38  29 
1541	6  44  43 
1545	2   9  10 
1545	6  41  34 
1547	2  29  44 
1547	2   9  10 
1549	2  29  44 
1549	6   4   1 
1551	2  52  50 
1553	2  52  50 
1551	6  35  29 
1555	2  58  50 
1555	6  11   2 
1557	2  58  50 
1557	2  30  44 
1557	2  26  17 
1559	2  35  50 
1559	6  53  38 
1561	2  35  50 
1563	2  27  18 
1545	6  32  24 
1551	6  33  32 
1563	6  50  43 
1565	2   3  21 
1565	2  26  17 
1567	2  27  18 
1563	6  41  33 
1565	6  60  46 
1569	2  34  28 
1569	2   3  10 
1571	2  51  53 
1571	2  34  28 
1571	2   9  17 
1571	6  38  22 
1573	2  51  53 
1573	2  26  18 
1575	2  61  53 
1575	2  27  25 
1575	2   3  10 
1575	6  50  41 
1577	2  61  53 
1577	2   9  17 
1579	2  47  53 
1579	2  26  18 
1577	6  30  28 
1581	2  51  60 
1581	2   3  17 
1581	6  62  47 
1583	2  51  60 
1583	2  27  25 
1585	2  28  44 
1585	2   9  18 
1581	6  42  41 
1583	6   3   2 
1587	2  61  60 
1587	2  28  43 
1587	2  26  25 
1587	6  45  38 
1589	2  61  60 
1589	2  28  43 
1589	2   2  17 
1591	2  27  19 
1589	6  41  33 
1593	2  51  45 
1593	2   9  18 
1595	2  62  53 
1595	2  26  25 
1595	6  28  11 
1597	2  50  53 
1599	2  62  60 
1595	6  16   8 
1599	6  34  33 
1601	2  52  28 
1603	2  52  28 
1601	6  17   2 
1605	2  51  45 
1605	2  27  19 
1605	6  22  21 
1607	2  61  45 
1607	2  17  18 
1609	2  51  44 
1609	2   9  25 
1607	6  12  11 
1611	2  50  53 
1611	2  17  18 
1607	6  28  27 
1611	6  33  32 
1613	2  62  60 
1613	2  26  19 
1615	2  61  45 
1615	2  26  19 
1613	6  58  50 
1617	2  36  53 
1617	2   9  25 
1619	2  34  20 
1619	2  51  44 
1619	6  62  46 
1621	2  34  20 
1623	2  29  20 
1623	2  51  43 
1623	2  17  25 
1625	2  29  20 
1625	2  58  60 
1625	2  46  45 
1625	2  17  25 
1625	6  35  27 
1627	2  58  60 
1627	2  46  45 
1627	6  33  16 
1631	2  61  44 
1627	6  20  12 
1629	6  59  58 
1633	2  36  53 
1633	6  16  10 
1635	2  50  35 
1637	2  50  35 
1635	6  29  21 
1639	2  27  35 
1635	6  60  53 
1639	6  50  33 
1641	2  10  12 
1641	2  27  35 
1643	2  10  12 
1643	2  36  53 
1639	6  16   8 
1645	2  52  50 
1645	2  20  35 
1645	6  25  16 
1647	2  52  50 
1647	2  20  35 
1649	2  61  44 
1649	6  50  42 
1651	2  46  44 
1651	2   9  19 
1653	2  36  53 
1653	6  18  12 
1655	2  33  42 
1655	2  59  45 
1657	2  33  42 
1657	2  59  45 
1659	2  27  42 
1661	2  51  43 
1661	2  36  45 
1661	2  26  11 
1663	2  27  42 
1665	2  50  60 
1665	2  36  45 
1665	2   9  19 
1665	6  33  25 
1667	2  61  43 
1669	2  51  35 
1667	6  29  20 
1671	2  50  60 
1667	6  11  10 
1673	2  34  20 
1673	6  59  45 
1675	2  34  20 
1677	2  21  20 
1677	2  26  10 
1679	2  34  37 
1679	2   9  10 
1679	6  61  60 
1681	2  21  20 
1681	2  46  44 
1681	2   9  10 
1683	2  34  37 
1683	2   9   1 
1685	2  11  20 
1685	2  60  43 
1685	2   9   1 
1685	6  41  33 
1687	2  21  37 
1689	2  11  20 
1689	2  51  35 
1689	6  37  29 
1691	2  33  18 
1693	2  33  18 
1691	6  52  50 
1695	2  21  29 
1695	2  32  18 
1691	6  12   4 
1697	2  50  41 
1697	2  11  29 
1697	2  52  53 
1699	2  50  41 
1699	2  11  29 
1699	2  52  53 
1697	6  35  34 
1701	2  45  44 
1701	2  17  19 
1701	6  38  29 
1703	2  25  41 
1703	2  45  44 
1705	2  25  41 
1705	2  52  59 
1701	6  62  54 
1703	6  20  12 
1707	2  46  43 
1709	2  35  29 
1709	2  52  59 
1707	6  33  25 
1711	2  35  29 
1709	6  12  11 
1713	2  21  29 
1713	2  46  43 
1713	6  32  16 
1715	2  21  29 
1715	2  36  44 
1717	2  12  29 
1715	6  60  51 
1719	2  25  11 
1719	2  36  44 
1715	6  54  53 
1719	6  30  21 
1721	2  35  53 
1723	2  27  41 
1723	2  52  44 
1721	6  16   2 
1725	2  35  53 
1727	2   2  18 
1727	2  12  29 
1727	2  52  44 
1727	6  42  35 
1729	2  25  11 
1731	2   2  11 
1729	6  53  38 
1733	2  27  41 
1733	6  21  12 
1735	2  37  35 
1737	2  37  35 
1735	6  61  58 
1739	2  12  18 
1739	2  30  38 
1735	6  41  33 
1741	2  42  58 
1741	2  12  18 
1741	2  30  38 
1741	6  53  44 
1743	2   2  11 
1743	2  42  58 
1743	2  21  38 
1745	2  12  11 
1743	6  27  25 
1747	2  12  11 
1745	6  58  42 
1749	2  21  38 
1749	2  18  11 
1747	6  61  54 
1751	2  27  44 
1751	6  59  58 
1753	2  27  44 
1755	2  27  29 
1751	6   4   2 
1751	6  42  33 
1755	6  46  44 
1757	2  59  61 
1757	2  27  29 
1759	2  59  61 
1759	2  18  11 
1759	6  30  29 
1761	2  51  34 
1761	2  17  19 
1763	2  51  34 
1763	2  17  10 
1757	6   5   4 
1761	6  46  39 
1765	2  44  34 
1765	2  59  58 
1765	2  17  10 
1763	6  15   5 
1767	2  45  43 
1767	2  59  58 
1767	2  17   1 
1763	6  20  19 
1769	2  15  39 
1769	2  44  34 
1769	2  17   1 
1769	6  29  28 
1771	2  15  39 
1771	2  59  53 
1773	2  45  43 
1771	6  26  19 
1775	2  15  30 
1775	2  36  43 
1775	2  59  53 
1773	6  13  12 
1777	2  50  26 
1777	2  15  30 
1777	6  45  44 
1779	2  50  26 
1781	2  41  26 
1779	6  31  13 
1783	2  41  26 
1783	2  36  43 
1785	2  25  26 
1785	2  31  39 
1785	2  52  43 
1785	6  19  12 
1787	2  25  26 
1787	2  31  39 
1787	2  52  43 
1789	2  44  34 
1789	2  31  30 
1791	2  44  34 
1791	2  31  30 
1791	6  19  18 
1793	2  36  34 
1795	2  36  34 
1793	6  39  22 
1797	2  59  43 
1797	6  33  18 
1799	2  59  43 
1789	6  61  54 
1795	6  54  53 
1799	6  22   4 
1803	2  50  33 
1799	6  47  39 
1801	6  53  36 
1805	2  50  33 
1805	6  21  19 
1807	2  41  33 
1809	2  41  33 
1807	6  47  44 
1811	2  25  33 
1811	2  21   4 
1771	6  16   8 
1807	6  59  58 
1813	2  50  44 
1813	2  25  33 
1813	2  21   4 
1815	2  50  44 
1815	2  11   4 
1815	2  21  30 
1815	6  32  16 
1817	2  11   4 
1817	2  21  30 
1817	6  59  35 
1813	6  62  47 
1819	6  30  12 
1823	2  60  59 
1821	6  24   8 
1825	2  60  59 
1825	2  28  18 
1823	6  43  42 
1827	2  28  18 
1825	6  54  46 
1829	2  51  59 
1829	2  19  18 
1829	2  28  36 
1827	6  33  24 
1831	2  37  43 
1831	2  19  18 
1829	6   9   2 
1833	2  37  43 
1833	2  11  12 
1831	6  62  61 
1835	2  41  44 
1835	2  11  12 
1835	6  18   9 
1837	2  60  43 
1837	2   4  12 
1839	2  50  32 
1839	2  28  36 
1839	2   4  12 
1835	6  38  30 
1825	6  15  14 
1841	2  51  59 
1841	2  27  30 
1841	6  10   9 
1843	2  60  43 
1845	2  41  44 
1847	2  50  32 
1847	2  27  30 
1849	2  45  59 
1849	2  41  32 
1849	2  27  10 
1851	2  51  43 
1851	2  41  32 
1851	2  14  30 
1851	2  27  10 
1853	2  50  33 
1853	2  19  36 
1853	2  14  30 
1855	2  45  59 
1855	2  28  35 
1855	2  31  30 
1855	6  12  10 
1857	2  51  43 
1857	2  31  30 
1859	2  50  33 
1859	2  28  35 
1859	6  31  22 
1861	2  61  59 
1861	2  41  33 
1861	2  19  36 
1863	2  45  43 
1863	2  41  33 
1863	6  20  11 
1865	2  61  59 
1867	2  45  43 
1861	6   5   4 
1863	6  26  18 
1861	6  24  16 
1867	6  22   5 
1869	2  50  26 
1871	2  50  26 
1869	6  46  38 
1873	2  14  12 
1873	2  27  36 
1873	6  50  32 
1875	2  28  38 
1877	2  14  12 
1877	2  27  36 
1879	2  19  35 
1879	2  53  59 
1879	2  32  24 
1879	2  21  30 
1881	2  52  34 
1881	2   5  12 
1881	6  38  29 
1883	2  61  43 
1883	2  32  24 
1883	2   5  12 
1885	2  41  26 
1885	2  53  59 
1885	6  11  10 
1887	2  28  29 
1887	2  52  34 
1889	2  61  43 
1889	2  21  30 
1889	6  32  16 
1891	2  19  35 
1891	2  52  59 
1893	2  27  35 
1893	2  52  59 
1893	2  21  12 
1893	6  18  10 
1895	2  28  42 
1897	2  53  43 
1897	2  20  30 
1897	6  41  33 
1899	2  19  29 
1899	2  53  43 
1901	2  16  18 
1901	2  52  43 
1901	2  21  12 
1901	6  36  28 
1903	2  33  26 
1903	2  52  43 
1905	2  33  24 
1903	6  30  14 
1907	2  58  34 
1903	6   8   1 
1909	2  30  28 
1909	2  33  24 
1909	6  13   5 
1911	2  30  28 
1911	2  16  18 
1913	2  27  35 
1913	2  16   9 
1909	6  59  50 
1913	6  33  25 
1915	2  19  29 
1915	2  16   9 
1917	2  13  28 
1917	2  16   8 
1919	2  36  42 
1919	2  25  18 
1919	2  16   8 
1921	2  58  34 
1921	2  20  14 
1917	6  38  30 
1923	2  38  35 
1923	2  58  50 
1923	2  20  12 
1925	2  27  29 
1925	2  58  50 
1925	6  10   4 
1927	2  36  34 
1927	2  22  14 
1929	2  38  35 
1931	2  13  28 
1931	2  25  18 
1933	2  27  29 
1933	6  44  42 
1935	2  21  28 
1935	2  25   9 
1937	2  38  29 
1937	2  22  14 
1937	2  20  12 
1937	2  25   9 
1927	6  59  57 
1939	2  33  42 
1939	2  21  28 
1939	6  17   8 
1941	2  33  42 
1941	2  38  29 
1943	2  36  34 
1943	2  22  12 
1945	2  33  57 
1945	2  11  14 
1945	6  37  29 
1947	2  33  57 
1947	2  11  14 
1949	2  33  41 
1949	2  58  43 
1949	6  27  19 
1951	2  33  41 
1951	2  58  43 
1953	2  25  17 
1949	6  13   4 
1939	6  60  53 
1945	6  53  46 
1951	6  46  30 
1955	2  33  26 
1955	2  20  28 
1953	6  50  42 
1957	2  29  13 
1957	2  33  26 
1959	2  29  13 
1959	2  33  24 
1959	6  35  19 
1961	2  30  13 
1961	2  33  24 
1963	2  30  13 
1963	2  25  17 
1959	6  52  51 
1963	6  41  32 
1965	2  27  44 
1967	2  27  44 
1965	6  30  13 
1969	2  35  44 
1969	2  33  18 
1971	2   4  19 
1971	2  35  44 
1971	6  46  30 
1973	2  27  34 
1975	2  36  42 
1973	6  13   4 
1977	2  52  46 
1977	2  27  34 
1979	2  52  46 
1979	2  13  19 
1979	2  35  34 
1981	2  45  46 
1981	2  33  18 
1981	2  20  28 
1981	6  52  51 
1983	2  45  46 
1983	2  21  19 
1983	2  35  34 
1985	2  13  37 
1985	2  33   9 
1987	2  61  46 
1987	2  22  12 
1987	2  33   9 
1987	6  58  51 
1989	2  61  46 
1989	2  21  19 
1991	2  13  37 
1991	2  33  17 
1993	2  60  46 
1993	2  11  12 
1993	2  22  28 
1993	2  33  17 
1995	2  60  46 
1995	2  20  19 
1995	6  41  25 
1997	2  52  46 
1997	2  11  12 
1997	2  22  28 
1999	2  52  46 
1999	2  20  19 
1999	6  14  13 
2001	2  36  42 
2003	2  38  44 
2001	6  26  25 
2005	2  36  43 
2005	2  13  12 
2005	6  60  46 
2007	2  27  42 
2007	2  13  12 
2009	2  27  42 
2009	6   4   2 
2011	2  29  26 
2011	2  51  60 
2013	2  29  26 
2013	2  51  60 
2015	2   2  26 
2015	2  38  44 
2015	6  58  49 
2017	2   2  26 
2017	2  21  37 
2019	2  36  43 
2017	6  60  52 
2021	2  35  42 
2021	2  21  37 
2023	2  27  43 
2023	6  49  33 
2025	2  36  52 
2027	2  27  43 
2023	6  30  14 
2029	2  33  26 
2029	2  30  44 
2031	2  33  26 
2031	2  30  44 
2033	2  35  42 
2033	2  20  37 
2035	2  36  52 
2035	6  50  42 
2037	2  11  28 
2039	2  22  19 
2037	6  45  44 
2041	2  11  28 
2037	6  61  60 
2041	6  34  26 
2043	2  21  45 
2045	2  20  37 
2043	6  60  59 
2047	2  44  34 
2047	6  29  20 
2049	2  44  34 
2051	2  35  43 
2049	6  59  50 
2053	2  22  19 
2051	6  53  46 
2055	2  50  34 
2055	2  13  28 
2057	2  50  34 
2057	2  21  45 
2059	2  35  43 
2059	2  11  19 
2059	2  22  37 
2061	2  29  45 
2061	2  11  19 
2061	6  51  34 
2063	2  22  37 
2065	2  29  45 
2067	2  53  51 
2067	2  13  28 
2069	2  53  51 
2069	2  12  28 
2069	6  38  22 
2071	2  61  51 
2071	2  12  28 
2073	2  61  51 
2067	6  26  18 
2073	6  28  11 
2075	2  38  45 
2077	2  38  45 
2075	6  42  34 
2079	2  13  19 
2059	6  57  49 
2079	6  52  36 
2081	2  13  19 
2083	2  12  19 
2079	6   9   2 
2081	6  49  33 
2085	2  27  36 
2083	6  22  21 
2087	2  42  51 
2087	2  27  36 
2085	6  17   9 
2089	2  20  34 
2089	6  59  53 
2091	2  20  34 
2093	2  17  34 
2093	2  28  37 
2093	6  31  13 
2095	2  17  34 
2095	2  28  37 
2097	2  49  34 
2097	6  53  46 
2099	2  49  34 
2099	2  12  19 
2101	2  21  18 
2101	2  42  51 
2101	2  35  36 
2103	2  44  34 
2103	2  11  19 
2103	6  30  13 
2105	2  44  34 
2105	2  11  19 
2107	2  50  34 
2107	6  18  11 
2109	2  50  34 
2109	2  31  37 
2111	2  52  51 
2111	2  35  36 
2111	6  46  30 
2113	2  52  51 
2115	2  27  51 
2117	2  21  11 
2117	6  51  34 
2119	2  13  11 
2119	2  31  37 
2121	2  21  30 
2121	6  11   5 
2123	2  59  51 
2123	2  21  30 
2123	2  27  34 
2125	2  59  51 
2125	2  35  34 
2125	6  38  23 
2127	2  61  51 
2127	2  13   5 
2127	2  35  34 
2129	2  61  51 
2127	6  20  19 
2131	2  42  51 
2131	2  22   5 
2097	6  32  24 
2117	6  24  17 
2123	6  32  16 
2127	6  10   2 
2133	2  19  33 
2133	2  22   5 
2133	6  44  43 
2135	2  19  33 
2137	2  24  33 
2137	2  13  30 
2133	6  59  57 
2131	6  61  53 
2139	2  19  17 
2139	2  42  51 
2139	2  13  30 
2139	6  44  36 
2141	2  24  33 
2141	2  22  30 
2143	2  19  17 
2143	2  22  30 
2143	6  49  32 
2145	2  21  36 
2145	2  52  51 
2147	2  21  36 
2147	2  52  51 
2145	6  18  10 
2149	2  32  33 
2149	2  29   5 
2149	6  53  52 
2151	2  24  17 
2151	2  29   5 
2153	2  19  25 
2153	2  23   5 
2149	6  43  35 
2151	6  50  41 
2155	2  24  17 
2155	2  28  45 
2155	2  23   5 
2157	2  32  33 
2157	2  27  51 
2157	6  22   5 
2159	2  19  25 
2161	2  35  33 
2159	6  52  50 
2163	2  32  17 
2163	2  29  30 
2163	6  20  13 
2165	2  24  25 
2165	2  29  30 
2167	2  35  33 
2167	2  23  30 
2165	6  57  49 
2169	2  19  16 
2169	2  23  30 
2165	6  53  52 
2169	6  13   5 
2171	2  32  17 
2171	2  28  45 
2173	2  24  25 
2173	2  31  45 
2173	6  49  40 
2175	2  19  16 
2175	2  31  45 
2177	2  35  17 
2177	6  29  21 
2179	2  41  33 
2179	2  24  16 
2179	2  19  26 
2181	2  32  25 
2179	6  52  43 
2183	2  41  33 
2183	2  24  16 
2183	2  19  26 
2183	6  37  21 
2185	2  32  25 
2185	2  19  18 
2187	2  40  33 
2187	2  19  18 
2189	2  35  17 
2189	2  12  21 
2189	6  45  38 
2191	2  41  17 
2191	2  28  22 
2193	2  35  25 
2193	2  12  21 
2195	2  32  16 
2195	2  20  36 
2197	2  24  26 
2197	2  29  44 
2197	6  11  10 
2199	2  40  33 
2199	2  29  44 
2201	2  35  25 
2201	6  38  14 
2203	2  41  17 
2205	2  32  16 
2203	6  35  27 
2207	2  50  33 
2207	2  11  21 
2207	6  17  16 
2209	2  50  33 
2209	2  20  36 
2211	2  42  33 
2211	2  28  22 
2213	2  24  26 
2213	2  12  14 
2213	6  36  29 
2215	2  40  16 
2215	2  12  14 
2217	2  41  25 
2217	6  11   4 
2219	2  27  17 
2219	2  42  33 
2219	2  31  22 
2221	2  32  26 
2221	2  31  22 
2221	6  50  42 
2223	2  24  18 
2223	2  13  29 
2225	2  19   9 
2225	2  13  29 
2225	6  32  25 
2227	2  19   9 
2227	2  37  29 
2229	2  35  51 
2229	2  37  29 
2227	6   6   4 
2231	2  40  16 
2231	2  52  51 
2231	2  28  30 
2233	2  41  32 
2233	2  27  17 
2233	2  52  51 
2233	6  15   6 
2235	2  25  26 
2235	2  40  32 
2235	2  20  44 
2237	2  24  18 
2237	2  28  30 
2237	6  52  49 
2239	2  27  26 
2239	2  24   9 
2239	2  23  29 
2241	2  25  18 
2241	2  15  21 
2243	2  41  17 
2243	2  23  29 
2245	2  40  32 
2245	2  27  26 
2245	2   5  21 
2245	6  44  37 
2247	2  41  17 
2247	2  15  14 
2247	2  31  30 
2249	2  25  18 
2249	2  12  22 
2249	6  40  32 
2251	2  27  18 
2251	2   5  21 
2253	2  27  18 
2253	2  15  14 
2253	2  31  30 
2251	6  51  45 
2255	2  24   9 
2255	2  28  29 
2255	2   5  14 
2255	6  35  34 
2257	2  32  17 
2257	2  20  37 
2257	2   5  14 
2259	2  32  17 
2259	2  12  22 
2259	6  45  44 
2261	2  41  26 
2261	2  28  29 
2261	2  15  22 
2263	2  25   9 
2263	2  12  30 
2265	2  43  33 
2265	2  31  29 
2265	6  18  16 
2267	2  43  33 
2267	2  15  22 
2269	2  36  35 
2269	2  21  14 
2269	6  41  32 
2271	2  36  35 
2271	2  12  30 
2273	2  13  37 
2271	6  25  17 
2275	2  20  35 
2275	6  30  14 
2277	2  42  18 
2279	2  42  18 
2277	6  32  24 
2281	2  17   9 
2281	2  36  44 
2281	2   5  22 
2283	2  42  40 
2283	2  13  37 
2285	2  42  40 
2285	2  36  44 
2285	2  15  14 
2285	2  21  30 
2285	6  27  18 
2287	2  34  33 
2287	2  45  37 
2287	2   5  22 
2289	2  34  33 
2289	2  45  37 
2289	2  15  14 
2287	6  50  43 
2291	2  24  26 
2291	2  23  37 
2291	6  13  12 
2293	2  43  27 
2293	2  24  16 
2295	2  43  27 
2295	2  24  16 
2297	2  43  40 
2297	2  18   9 
2297	2  31  29 
2297	2   5  14 
2299	2  42  25 
2299	2  23  37 
2299	6  19  12 
2301	2  43  40 
2301	2  21  22 
2303	2  42  25 
2303	2  21  22 
2305	2  41  26 
2305	2  28  37 
2305	2   5  14 
2305	6  24  16 
2307	2  41  26 
2307	2  28  37 
2307	2  30  22 
2309	2  18   9 
2309	2  20  35 
2309	2  30  22 
2311	2  49  33 
2311	2  16   9 
2311	2  20  44 
2311	6  39  23 
2313	2  43  25 
2313	2  13  29 
2315	2  42  26 
2315	2  16   9 
2315	2  13  29 
2317	2  41  24 
2317	2  19  35 
2317	2  21  14 
2317	6  53  39 
2319	2  49  33 
2319	2  21  14 
2321	2  42  26 
2319	6  16   9 
2323	2  19  35 
2323	2  30  14 
2323	6  41  32 
2325	2  20  44 
2327	2  45  35 
2327	2  30  14 
2327	6  20  18 
2329	2  32  24 
2329	2  45  35 
2329	2  22  14 
2331	2  31  37 
2327	6  51  50 
2331	6  41  40 
2333	2  51  27 
2333	2  22  14 
2335	2  51  27 
2333	6  38  31 
2337	2  34  27 
2337	2  32  16 
2337	6  51  49 
2339	2  34  27 
2339	2  32  16 
2339	2  38  37 
2341	2  15  29 
2341	6  32  16 
2343	2  51  27 
2345	2  51  27 
2343	6  39  15 
2347	2  49  41 
2347	6  43  26 
2349	2  49  41 
2349	2  39  29 
2351	2   5  29 
2353	2  26  25 
2353	2  13  37 
2353	6  42  41 
2355	2  13  37 
2357	2  39  37 
2357	6  20   5 
2359	2  34  42 
2359	2  39  37 
2361	2  49  25 
2361	6  37  30 
2363	2  26  43 
2365	2  41  24 
2363	6  13  11 
2367	2  36  33 
2367	6  51  50 
2369	2  36  33 
2371	2  18  33 
2371	2  20  29 
2367	6  54  39 
2373	2  34  42 
2373	2  36  27 
2373	2  21  29 
2373	6  54  52 
2375	2  49  25 
2375	2  20  30 
2377	2  41  24 
2377	2  36  27 
2377	2  21  29 
2379	2  26  43 
2379	2  41  32 
2379	2  37  29 
2381	2  50  42 
2381	2  26  24 
2381	2  20  30 
2381	6  44  36 
2383	2  34  25 
2383	2  21  30 
2385	2  18  33 
2385	2  21  30 
2387	2  19  36 
2387	2  50  42 
2387	6  33  25 
2389	2  49  43 
2389	2  18  27 
2389	2  37  29 
2391	2  19  36 
2393	2  34  33 
2393	2  45  36 
2393	6  27  19 
2395	2  49  43 
2395	2  22  29 
2397	2  41  32 
2397	2  45  36 
2399	2  26  24 
2399	2  37  30 
2399	6  49  40 
2401	2  53  35 
2401	2  22  29 
2403	2  27  25 
2403	2  37  30 
2405	2  44  42 
2405	2  27  25 
2405	2  22  30 
2407	2  50  33 
2407	2  18  19 
2407	2  14  29 
2407	6  52  45 
2409	2  40  24 
2409	2  27  19 
2409	2  14  29 
2411	2  26  32 
2411	2  22  30 
2413	2  34  43 
2413	2  40  24 
2413	2  27  19 
2413	2  14  30 
2415	2  53  35 
2415	2  14  30 
2415	6  40  24 
2417	2  34  43 
2417	2  29  30 
2419	2  28  35 
2417	6  19  11 
2421	2  44  42 
2421	2  29  30 
2423	2  50  33 
2423	2  53  36 
2423	6  22  12 
2425	2  26  32 
2425	2  50  43 
2427	2  34  40 
2427	6  52  51 
2429	2  24  32 
2429	2  28  35 
2431	2  34  40 
2431	6  29  12 
2433	2  50  43 
2433	2  24  32 
2435	2  50  40 
2435	6  34  25 
2437	2  53  36 
2437	2  50  40 
2439	2  28  36 
2437	6  14  12 
2441	2  51  34 
2441	2  28  36 
2443	2  18  42 
2443	6  53  52 
2445	2  18  42 
2447	2  38  35 
2447	6  17  11 
2449	2  38  35 
2451	2  38  36 
2451	6  51  41 
2453	2  38  36 
2453	6  26  17 
2453	6  12  11 
2451	6  22  14 
2457	6  52  43 
2459	2  25  32 
2461	2  25  32 
2457	6  30  22 
2463	2  41  34 
2463	6  52  38 
2465	2  41  26 
2467	2  41  26 
2469	2  43  34 
2469	6  18  11 
2471	2  43  34 
2473	2  28  34 
2469	6  38  30 
2473	6  52  51 
2475	2  19  35 
2477	2  19  35 
2475	6  30  22 
2479	2  27  42 
2481	2  27  42 
2483	2  43  26 
2485	2  41  42 
2485	2  19  36 
2487	2  50  32 
2487	2  19  36 
2489	2  28  34 
2491	2  43  26 
2493	2  41  42 
2493	2  28  26 
2493	6  51  44 
2495	2  28  26 
2481	6  30  22 
2489	6  11   9 
2497	6  34  28 
2503	2  51  33 
2503	6  46  30 
2505	2  51  33 
2507	2   9  33 
2507	6  52  51 
2509	2   9  33 
2511	2  27  33 
2509	6  30  22 
2513	2  52  46 
2513	2  27  33 
2511	6  10   9 
2515	2  52  46 
2515	2  41  33 
2515	6  27  19 
2517	2  50  32 
2519	2  43  42 
2517	6  46  22 
2521	2  43  42 
2517	6  10   3 
2519	6  49  40 
2523	2  45  35 
2523	6  22   4 
2525	2  52  49 
2527	2  52  49 
2529	2   3   4 
2529	2  44  28 
2529	2  41  33 
2531	2   3   4 
2531	2  45  35 
2531	6  49  32 
2533	2  19   4 
2533	2  45  36 
2535	2  44  28 
2535	6   9   3 
2537	2  52  49 
2537	2  27  28 
2539	2  52  49 
2539	2  27  28 
2537	6  32  24 
2541	2  19   4 
2541	2  34  42 
2541	2  45  36 
2541	6  17   9 
2543	2  20  35 
2543	2  52  50 
2545	2  43  33 
2543	6   4   3 
2547	2  17  24 
2547	2  20  35 
2547	2  50  52 
2549	2  17  24 
2549	2  34  42 
2549	2  20  36 
2549	6  49  40 
2551	2  44  26 
2553	2  44  26 
2549	6   3   1 
2555	2  43  33 
2555	6  19   1 
2557	2  44  42 
2559	2  34  33 
2559	2  52  50 
2557	6  24  16 
2561	2  21  35 
2563	2   1  16 
2563	2  45  28 
2563	2  34  33 
2565	2   1  16 
2565	2  27  26 
2565	2  44  42 
2565	6  40  32 
2567	2  21  35 
2569	2  20  36 
2567	6  16   1 
2571	2  45  28 
2571	6  41  34 
2573	2  21  36 
2575	2  20  28 
2573	6  10   1 
2577	2  27  26 
2575	6  51  45 
2579	2  17  32 
2579	2  20  28 
2581	2  34  19 
2581	6  45  30 
2583	2  34  19 
2585	2  17  32 
2581	6  51  50 
2587	2  43  19 
2587	2  16  32 
2589	2  34  10 
2591	2  43  19 
2591	2  16  32 
2593	2  34  10 
2595	2  37  35 
2595	2  16  40 
2595	6  11  10 
2597	2  27  42 
2597	2  17  25 
2599	2  34  32 
2601	2  50  26 
2603	2  37  35 
2603	2  25  17 
2603	6  20  11 
2605	2  34  32 
2607	2  40  16 
2607	6  44  43 
2609	2  16  40 
2611	2  17  25 
2609	6  21  19 
2613	2  43  33 
2613	6  17   9 
2615	2  44  20 
2617	2  19  36 
2615	6  49  32 
2619	2  44  20 
2621	2  50  26 
2621	2  37  36 
2621	6  21  20 
2623	2  43  33 
2625	2  37  36 
2625	2  34  17 
2625	6  51  49 
2627	2  19  28 
2627	2  17  34 
2629	2  11  26 
2631	2  27  42 
2633	2  29  35 
2631	6  11  10 
2635	2  50  42 
2637	2  27  33 
2637	2  44  51 
2639	2  29  35 
2639	6  41  25 
2641	2  19  28 
2641	2  44  51 
2643	2  29  36 
2645	2  10  26 
2645	2  50  42 
2645	2  37  28 
2647	2  27  33 
2649	2  18  35 
2651	2  19  26 
2651	2  29  36 
2653	2  50  33 
2653	2  37  28 
2655	2  18  35 
2657	2  19  26 
2657	2  29  28 
2659	2  50  33 
2659	2  29  28 
2659	6  19  10 
2661	2  44  30 
2663	2  30  44 
2661	6  34  25 
2665	2  44  30 
2667	2  34  20 
2669	2  34  20 
2671	2  38  35 
2671	2  25  17 
2673	2  18  36 
2675	2  38  35 
2677	2  18  36 
2679	2  45  35 
2679	6  21  11 
2681	2  38  36 
2683	2  45  35 
2685	2  18  28 
2687	2  38  36 
2687	6  26  11 
2689	2  45  36 
2691	2  45  36 
2693	2  34  26 
2693	6  37  20 
2695	2  34  26 
2697	2  34  51 
2693	6   5   3 
2699	2  43  37 
2699	2  20  11 
2701	2  43  37 
2701	2  20  11 
2703	2  27  37 
2703	6  52  50 
2705	2  27  37 
2707	2  29  11 
2709	2  43  26 
2709	6  38  21 
2711	2  43  26 
2713	2  34  51 
2715	2  52  37 
2715	2  27  26 
2715	6  42  33 
2717	2  52  37 
2717	2  27  26 
2719	2  18  28 
2719	6  52  44 
2721	2  19  33 
2723	2  19  33 
2719	6  46  38 
2725	2  43  51 
2725	2  29  11 
2725	6  33  16 
2727	2  43  51 
2727	2  21  28 
2727	2  18  11 
2729	2  21  28 
2729	2  18  11 
2727	6  45  37 
2731	2  10  16 
2731	6  21  12 
2733	2  10  16 
2733	2  35  36 
2735	2  44  26 
2735	6  16   9 
2737	2  27  51 
2739	2  44  26 
2739	2  12  11 
2739	6  29  21 
2741	2  35  36 
2741	2  12  11 
2743	2  43  46 
2741	6  18   9 
2745	2  37  28 
2745	2  34  24 
2743	6  12  11 
2747	2  37  28 
2747	2  24  34 
2749	2  20  18 
2749	2  46  43 
2751	2  20  18 
2751	2  43  46 
2753	2  27  51 
2755	2  21  18 
2755	2  44  51 
2757	2  21  18 
2757	2  44  51 
2759	2   9  18 
2759	2  35  28 
2759	6  22  12 
2761	2   9  18 
2761	2  35  28 
2763	2  36  28 
2763	2  34  24 
2765	2  37  22 
2765	2  11  18 
2765	6  42  34 
2767	2  37  22 
2767	2  11  18 
2769	2  36  28 
2769	6  38  22 
2771	2  19  34 
2773	2  19  34 
2775	2  10  34 
2775	6  45  29 
2777	2  10  34 
2779	6  12  10 
2781	2  35  38 
2783	2  35  38 
2785	2  19  29 
2785	2  44  45 
2785	6  51  42 
2787	2  19  29 
2787	2  45  44 
2789	2  12  29 
2789	2  44  45 
2789	6  27  18 
2791	2  12  29 
2791	6  42  33 
2795	2  37  27 
2793	6  12  11 
2797	2  37  27 
2797	6  33  17 
2799	2  36  38 
2801	2  35  27 
2791	6  59  52 
2801	6  37  21 
2803	2  19  26 
2805	2  19  26 
2803	6  24   9 
2807	2  36  38 
2807	6  26  19 
2809	6  38  21 
2813	2  11  19 
2813	2  26  17 
2809	6  52  44 
2815	2  20  34 
2817	2  20  34 
2819	2  37  34 
2819	2  11  19 
2821	2  20  29 
2821	2  26  17 
2823	2  37  34 
2823	6  12  10 
2825	2  24  34 
2827	2  24  34 
2825	6  52  38 
2829	2  11  17 
2829	2  35  27 
2831	2  20  29 
2831	2  26  32 
2833	2  37  29 
2833	2  20  19 
2833	6  42  24 
2835	2  37  29 
2835	2  20  19 
2837	2  37  19 
2839	2  11  17 
2839	2  28  21 
2839	6  43  42 
2841	2  20  17 
2843	2  37  19 
2845	2  10  34 
2845	6  37  21 
2847	2  10  34 
2849	2  18   3 
2851	2  43  29 
2851	2   3  18 
2853	2  43  29 
2853	2  18   3 
2855	2  20  17 
2857	2  52  34 
2857	2  28  37 
2857	6  12  10 
2859	2  52  34 
2861	2  36  27 
2861	6  52  46 
2863	2  35  34 
2863	2  11  14 
2865	2  36  27 
2865	6  21  11 
2867	2  35  34 
2869	2  36  34 
2865	6  15   6 
2867	6  46  38 
2871	2  43  19 
2871	6   6   5 
2873	2  11  17 
2873	2  28  27 
2875	2  43  19 
2873	6  38  22 
2877	2  11  17 
2877	2  28  27 
2877	6  43  41 
2879	2  12  29 
2881	2  12  29 
2879	6  26  17 
2883	2  22  29 
2883	2  11   5 
2885	2  12  19 
2885	2  22  29 
2885	2  32  17 
2887	2  41  26 
2887	2  14  21 
2887	6   8   2 
2889	2  12  19 
2889	2  35  29 
2891	2  41  26 
2891	2  21  14 
2893	2  22  19 
2893	2  41  57 
2895	2  12  26 
2897	2  36  34 
2897	2   5  11 
2897	6  22  21 
2899	2  37  27 
2899	2  57  41 
2901	2  37  27 
2901	2  41  57 
2903	2  35  29 
2903	2  11   5 
2905	2  21  19 
2907	2  12  26 
2907	2  36  29 
2909	2  28  34 
2911	2  35  19 
2913	2  28  34 
2915	2  36  29 
2915	2  12   2 
2917	2  35  19 
2919	2  37  34 
2919	2   2  12 
2921	2  28  29 
2921	2  12   2 
2921	6  35  34 
2923	2  28  29 
2923	2  17  32 
2925	6  21  11 
2903	6  61  59 
2909	6  59  51 
2915	6  60  58 
2921	6  60  45 
2921	6  39  31 
2931	2  11  26 
2933	2  11  26 
2935	2  36  19 
2937	2  34  26 
2937	2  11  13 
2939	2  37  35 
2939	2  13  11 
2941	2  36  19 
2943	2  34  26 
2943	2  37  29 
2943	2  11  13 
2945	2  27  35 
2945	2  37  29 
2947	2  28  19 
2947	2  34  51 
2949	2  36  26 
2951	2  27  35 
2953	2  28  19 
2953	2  51  34 
2955	2  36  26 
2957	2  27  29 
2959	2  37  19 
2961	2  28  26 
2963	2  27  29 
2965	2  37  19 
2967	2  28  26 
2969	2  35  29 
2971	2  27  19 
2971	6  37  36 
2973	2  27  19 
2975	2  34  51 
2925	6   9   1 
2945	6  13   6 
2951	6  15   5 
2967	6  12   5 
2973	6  21   4 
2979	2  36  26 
2979	6  22  13 
2981	2  36  26 
2983	2  27  26 
2983	2  37  39 
2985	2  35  29 
2987	2  35  19 
2989	2  35  19 
2991	2  27  26 
2991	2  39  37 
2993	2  29  19 
2995	2  35  26 
2995	2  37  39 
2997	2  29  19 
2999	2  35  26 
3001	2  29  26 
3003	2  29  26 
3005	2  19  26 
3005	2  36  22 
3007	2  19  26 
3007	2  22  36 
3009	2  26  12 
3011	2  19  10 
3011	2  36  22 
3013	2  29  53 
3015	2  35  21 
3017	2  27   9 
3019	2  28  45 
3021	2  20  44 
3023	2  44  20 
3025	2  45  28 
3027	2   9  27 
3029	2  21  35 
3031	2  53  29 
3033	2  10  19 
3035	2  12  26 
3037	2  26  12 
3039	2  19  10 
3041	2  29  53 
3043	2  35  21 
3045	2  27   9 
3047	2  28  45 
3049	2  20  44 
