   1	2  14   6 
   3	2  14   6 
   5	2  14  13 
   5	6   7   3 
   7	2  14  13 
   9	6  13   5 
  11	6  11   7 
  15	6  13  12 
  17	2   6   5 
  19	2   6   5 
  21	2  14  11 
  21	6   4   1 
  23	2  14  11 
  25	2  14  13 
  27	2   6  11 
  27	2  14  13 
  27	6   8   4 
  29	2   6  11 
  29	6  14  13 
  31	6  11   7 
  35	2  13   9 
  33	6   4   1 
  37	2  13   9 
  39	2   5   7 
  39	6  13  12 
  41	2   5   7 
  43	6  10   5 
  45	2  12   8 
  47	2  12   8 
  49	2   6  14 
  49	6   8   4 
  51	2   6  14 
  53	2  10  14 
  53	6   2   1 
  55	2  10  14 
  57	2  12  13 
  57	6  11   7 
  59	2  12  13 
  61	2  12   8 
  59	6   5   1 
  63	2  11  14 
  63	2  12   8 
  65	2   6   9 
  67	2   6   9 
  69	2  10   9 
  71	2   6   4 
  73	2  11  14 
  73	6   8   5 
  75	6  14  13 
  79	2   6   4 
  81	2  10   9 
  83	2  11   9 
  85	2   6  14 
  85	2  12   8 
  87	2  11   9 
  89	2   6  14 
  89	2  12   8 
  91	2  13   9 
  93	2   6   5 
  95	2  13   9 
  97	2   6   5 
  99	6   6   4 
 105	2  10   6 
 105	2   4   8 
 107	2  10   6 
 107	2   4   8 
 109	2  11   6 
 109	6  13   9 
 111	2  11   6 
 115	2  10  14 
 117	2  10  14 
 119	2   9   6 
 121	2  11  14 
 121	6   6   5 
 123	2  11  14 
 127	2  10   6 
 129	2   9   5 
 131	2  10   6 
 133	2  13   5 
 135	2   9  14 
 137	2  11   6 
 139	2  10   8 
 141	2  13   5 
 143	2   9  14 
 145	2  11   6 
 145	2  13  14 
 147	2  10   8 
 149	2   9   6 
 151	2  13  14 
 151	6   8   5 
 151	6  11   7 
 153	6  14  13 
 157	2   7   5 
 159	2   9   6 
 161	2   7   5 
 163	2   8  13 
 165	2  14   6 
 167	2   9   5 
 169	2   8  13 
 171	2  14   6 
 173	2   9   5 
 175	6   6   4 
 175	6  13  12 
 181	2   8   4 
 181	6  14   6 
 183	2   8   4 
 187	2   6   5 
 189	2   6   5 
 191	2  12   4 
 191	6  10   7 
 193	2  12   4 
 195	6  12   4 
 197	6   7   2 
 201	6   5   4 
 207	2   8   4 
 209	2   8   4 
 211	2   5   4 
 213	2   5   4 
 215	2  12   4 
 217	2  12   4 
 219	2  12  14 
 219	2   5   2 
 221	2   8  10 
 223	2   6   9 
 225	2   9   6 
 227	2  10   8 
 229	2   2   5 
 229	2  14  12 
 231	2  12  14 
 231	2   5   2 
 233	2   8  10 
 235	2   6   9 
 237	6   9   4 
 243	2   9  13 
 245	2  13   9 
 247	2   9  13 
