   1	6  12  10 
   1	6  23  21 
   1	6   3   2 
   7	2  18  12 
   7	6   8   3 
   9	2  18  12 
  11	2  18  23 
   7	6  16  15 
  13	2  18  23 
  13	6   7   3 
  15	6  23  17 
  19	6  13   8 
  25	2  12  17 
  27	2  18  13 
  29	2  12  17 
  31	2  18  13 
  33	2  12  13 
  35	2  18  16 
  35	6   8   7 
  37	2  18  16 
  39	6  22  20 
  41	2  12  13 
  43	6  13  11 
  49	2  17  11 
  49	6  13   8 
  51	2  17  11 
  53	6  21  15 
  55	2  18  13 
  57	2  18  13 
  59	2  12  16 
  59	6  23  18 
  61	2  12  16 
  55	6   3   2 
  61	6   8   3 
  65	2  17  16 
  67	2  12  13 
  67	2  23  22 
  69	2  17  16 
  69	6  14   8 
  71	2  23  22 
  71	2  11  16 
  73	2  23  21 
  75	2  12  13 
  75	2  23  21 
  77	2  17  13 
  79	2  12  22 
  79	6  19  14 
  81	2  11  16 
  83	2  12  22 
  83	6  15   5 
  85	2  17  13 
  87	2  17  22 
  89	2  11  13 
  91	2  23  19 
  91	6  16  12 
  93	2  23  19 
  95	6  19  18 
  97	2  16  21 
  99	2  16  21 
 101	2  11  13 
 103	2  17  22 
 103	6  15  11 
 105	6  22  21 
 109	2  12  13 
 111	2  15  21 
 111	2  12  13 
 113	2  17  22 
 113	6  20  15 
 115	2  17  22 
 117	6  23  17 
 119	2  20  21 
 109	6   6   5 
 115	6   7   6 
 121	6  13   8 
 123	2  17  11 
 125	2  17  11 
 121	6  21  20 
 127	2  16  18 
 129	2  16  18 
 131	2  21  22 
 131	6  12  10 
 133	2  21  22 
 131	6  19  14 
 135	6  22  21 
 137	6  12   2 
 141	6  21  15 
 143	2  23  18 
 145	2  23  18 
 143	6   8   6 
 147	2  17  21 
 149	2  10  20 
 149	2  22  18 
 151	2  16  11 
 151	2  22  18 
 153	2  10  20 
 153	6  18  12 
 155	2  10  15 
 157	2  10  15 
 159	2  16  11 
 159	6  23  13 
 161	6  10   6 
 165	2  17  21 
 167	2  10  20 
 167	2  17   7 
 169	2  13  11 
 171	2  16  21 
 171	2   6  12 
 173	2  10  20 
 173	2  17   7 
 175	2  13  11 
 177	2  16  21 
 177	2   6  12 
 179	2  10  15 
 179	2  17  23 
 179	6   7   6 
 181	2  10  15 
 181	2  17  23 
 183	2  20  15 
 183	2  17  19 
 185	2  16   6 
 185	6  23  13 
 187	2  16   6 
 189	2  20  15 
 191	2  23  21 
 191	2  10  12 
 193	2  23  21 
 193	2  10  12 
 195	2  17  19 
 195	6  20  10 
 197	2  17  18 
 199	2  17  18 
 195	6   8   7 
 201	2  10  12 
 201	6  23  21 
 203	2  10  12 
 201	6   2   1 
 205	6  12  10 
 211	2  15  10 
 211	2  17   7 
 213	2  15  10 
 213	2  17   7 
 215	6  21  11 
 215	6  18   8 
 221	2  22  21 
 221	2  11   6 
 221	6   8   2 
 223	2  22  21 
 223	2  11   6 
 225	2  22  23 
 225	6  11   6 
 227	2  22  23 
 229	6  17  13 
 231	6   7   6 
 235	2  16  17 
 235	6  23  19 
 237	2  16  17 
 237	2  13   8 
 239	2  13   8 
 239	6  21  11 
 241	2  13   9 
 243	2  13   9 
 245	2  22  21 
 245	6  13  11 
 247	2  22  21 
 251	2  18  13 
 251	6  22  16 
 253	2  18  13 
 255	2  18  19 
 251	6   6   2 
 257	2   7  17 
 257	6  20  10 
 259	2  22  23 
 261	2  18  19 
 259	6  12   7 
 263	2  22  23 
 265	2  12  17 
 265	6  10   6 
 267	2  16  17 
 269	2  16  17 
 271	6  22  12 
 263	6  14   9 
 277	2  22  23 
 277	2  12  10 
 279	2  22  23 
 279	2  12  10 
 281	2  12   2 
 281	6  23  21 
 283	2  12   2 
 285	2  12   8 
 287	2  18  23 
 287	2  16  21 
 287	2  12   8 
 289	2  18  23 
 289	2  16  21 
 289	6   8   6 
 291	2  18  17 
 293	2  18  17 
 295	2   8  13 
 295	6  16  10 
 297	2   8  13 
 299	2   7  13 
 301	2   7  13 
 301	2  22  16 
 303	2  22  16 
 303	6  14   8 
 305	2  10  16 
 307	2  10  16 
 305	6  23  18 
 309	2  12   8 
 309	6  15  10 
 311	2  14  19 
 311	2  12   8 
 313	2  14  19 
 311	6  23  22 
 313	6  12   2 
 317	2  22  21 
 315	6  19  14 
 319	2  22  21 
 319	6  11  10 
 321	2  19  18 
 323	2  19  18 
 319	6   8   7 
 321	6  22  21 
 325	2  11  13 
 327	2   8  14 
 327	2  21  16 
 329	2  11  13 
 329	6  24  22 
 331	2   8  14 
 331	6  20  15 
 335	2   8  18 
 337	2  19  17 
 337	6  15  10 
 339	2   8  18 
 341	2  19  17 
 343	2  19  24 
 343	2  21  16 
 341	6   8   7 
 345	2  19  24 
 345	6  17  11 
 347	6  24  14 
 351	2   7  11 
 353	2   7  11 
 353	6  24  18 
 353	6  14   9 
 355	6  11  10 
 359	2  17  18 
 361	2  11  13 
 361	6  24  22 
 363	2  11  13 
 365	2   7   9 
 365	6  15  10 
 367	2  17  18 
 367	2   7   9 
 369	2  17  22 
 369	6  13   9 
 371	2  17  22 
 373	6  22  16 
 369	6  24  19 
 375	6  13  12 
 379	2  24  22 
 381	2  23  13 
 381	6  16   6 
 383	2  23  13 
 385	6  18  13 
 387	6  21  20 
 391	2  11  13 
 393	2  11  13 
 393	2  24  22 
 395	2   9  13 
 395	2  11   6 
 395	6  23  21 
 397	2   9  13 
 397	2  11   6 
 399	6   8   6 
 401	2  23  18 
 401	2  21  16 
 403	2  23  18 
 403	2  21  16 
 405	2  17  15 
 405	2   9   8 
 407	2  17  15 
 407	2   9   8 
 409	2  11  15 
 409	2  13   8 
 411	2  17  12 
 411	6  10   6 
 413	2  17  12 
 415	2  13   8 
 411	6  21  20 
 415	6  23  17 
 417	2  20  10 
 419	2  20  10 
 417	6   9   7 
 421	2  17  16 
 423	2  17  16 
 423	6  13   9 
 425	2  11  15 
 425	6  22  21 
 429	2  11  12 
 421	6  24  19 
 431	2  22  18 
 431	2  11  12 
 433	2  22  18 
 433	6  11   7 
 435	2  19  18 
 437	2  19  18 
 435	6  22  21 
 439	2  11  15 
 439	6  19  18 
 441	2  21  16 
 443	2  21  16 
 439	6   9   8 
 445	2  18  16 
 445	6   8   7 
 447	2  11  15 
 449	2  18  16 
 451	2  11  12 
 451	6  22  18 
 453	2  11  12 
 455	6  11   7 
 457	2  13  18 
 459	2  13  18 
 461	2  23  18 
 461	2  11  15 
 461	6  14   8 
 463	2  23  18 
 463	2  11  15 
 465	2  11  12 
 467	2  13  19 
 467	6  17  16 
 469	2  13  19 
 471	2  23  19 
 471	6   9   7 
 473	2  16  10 
 473	2  23  19 
 475	2  16  10 
 477	2  14  18 
 477	2  11  12 
 477	6  21  15 
 479	2  14  18 
 481	2  14  19 
 479	6  12   7 
 483	2  15  10 
 483	2  14  19 
 483	6  22  21 
 485	2  15  10 
 485	6  18  14 
 487	6  11   7 
 491	2   9  14 
 489	6  21  20 
 493	2  13  17 
 495	2  20  10 
 495	2  13  17 
 497	2  20  10 
 497	2  23  17 
 497	2   9  14 
 499	2  12  22 
 499	2   9  19 
 501	2  12  22 
 501	2   9  19 
 503	2  23  17 
 503	6   9   7 
 505	2  18  17 
 507	2  18  17 
 509	2  12  11 
 509	2   9  14 
 509	6  22  21 
 511	2  12  11 
 511	2   9  14 
 513	2  12  14 
 515	2  21  11 
 515	2   9  19 
 517	2   7  17 
 519	2  21  11 
 519	2   9  19 
 521	2  12  14 
 521	6  23  21 
 523	6  13  12 
 527	6  16  10 
 529	2  13  19 
 531	2  13  19 
 533	2  12  16 
 533	6  23  19 
 535	2  12  16 
 537	2  21  16 
 533	6   9   8 
 539	2  21  16 
 539	2  19  14 
 539	6  12   8 
 541	2  19  14 
 543	2  19  23 
 545	2  18  16 
 547	2   7  17 
 549	2  18  16 
 549	6   7   6 
 551	2  19  23 
 553	6  17  13 
 559	2  12  13 
 559	6  22  21 
 561	2  12  13 
 563	6  11   7 
 563	6  19  18 
 565	6  21  20 
 569	2  17  13 
 569	6  11   6 
 571	2  17  13 
 573	2  18  13 
 575	2  11  16 
 575	2  18  13 
 577	2  11  16 
 577	6  13   7 
 579	6  17  16 
 583	2  13  14 
 585	2  12  17 
 585	6  23  19 
 587	2  12  17 
 589	2  16  17 
 589	6   9   7 
 591	2  16  17 
 593	2  18  17 
 593	6  15  10 
 595	2  13  14 
 597	2  13  19 
 599	2  13  19 
 599	6  16  11 
 601	2  14  19 
 603	2  13   9 
 605	2  14  19 
 605	2  12  22 
 607	2  13   9 
 607	6  23  21 
 609	2  14   9 
 611	2  14   9 
 607	6  10   6 
 613	2  18  17 
 613	6   8   6 
 615	2  18  23 
 615	2  16  21 
 617	2  21  16 
 617	2  23  18 
 619	2  13  17 
 619	2  11   6 
 621	2  13  17 
 621	2   6  11 
 623	2  19   9 
 623	2  22  12 
 625	2  19   9 
 625	2  11   6 
 627	2  13   8 
 627	2  16  21 
 629	2   8  13 
 631	2  13   8 
 633	2  18  23 
 635	2  12  22 
 637	6  14  12 
 629	6  15  10 
 637	6  21  20 
 643	2  12  17 
 643	6  23  19 
 645	2  12  17 
 647	2  12  10 
 649	2  23  17 
 649	6   9   7 
 651	2  23  17 
 653	2  23  21 
 655	2   7  17 
 657	2   7  17 
 659	2  17  15 
 659	2   7   2 
 661	2  10  12 
 661	2  21  23 
 663	2   2   7 
 663	2  15  17 
 665	2  17  15 
 665	2   7   2 
 667	2  23  21 
 667	2  12  10 
