   1	6  11   1 
   1	6  21  20 
   7	2  11  21 
   9	2  11  21 
  11	6  15  11 
   1	6  19  18 
  11	6  18  17 
  17	2  15  20 
  19	2  15  20 
  21	2  21  20 
  23	2  15  17 
  25	2  21  20 
  27	2  15  17 
  29	2  21  17 
  31	2  21  17 
  33	6  17  15 
  17	6   7   1 
  17	6  24  19 
  23	6   6   2 
  39	2  17  22 
  39	2  20  15 
  39	6  11   7 
  41	2  17  22 
  41	2  20  15 
  43	2  21  22 
  43	6  19  18 
  45	2  21  22 
  45	6  12   6 
  49	2  20  22 
  51	2  17  11 
  53	2  17  11 
  51	6   2   1 
  55	2  21  11 
  57	2  17  18 
  57	6  15  11 
  59	2  17  18 
  57	6   7   2 
  61	6  23  18 
  63	2  21  15 
  67	2  20  22 
  69	2  20  15 
  69	6  22  12 
  71	2  20  15 
  73	6  15  10 
  75	6  12   6 
  79	2  21  23 
  49	6  14   9 
  81	2  11   6 
  81	2  21  23 
  81	6  14  13 
  83	2  17  16 
  85	2  11   6 
  87	2  17  16 
  87	6  24  19 
  89	2  11  10 
  89	2  17  22 
  91	2  21  16 
  87	6   2   1 
  93	2  11  10 
  93	2  17  22 
  93	6   8   2 
  95	2  21  16 
  97	2  21  22 
  99	2   6  10 
  99	2  21  22 
 101	2  17   7 
 103	2   6  10 
 103	6  22  20 
 105	6  13  11 
 109	2  22  23 
 111	2  22  23 
 111	6   8   6 
 113	2  22  16 
 115	2  22  16 
 117	2  13  23 
 117	6  16   6 
 119	2  13  23 
 121	6  13   8 
 123	2  22  20 
 125	2  22  20 
 123	6   5   0 
 127	2  17   7 
 127	6  20  15 
 129	2  13  23 
 131	2   8   6 
 131	6  23  18 
 133	2   8   6 
 133	6  21  15 
 137	2  17  12 
 139	2  13  18 
 139	6  15   5 
 141	2  17  12 
 141	6   8   2 
 145	2  17  11 
 147	2   5   7 
 147	6  18  16 
 149	2   5   7 
 151	6   6   2 
 153	6  13   8 
 157	2  10  16 
 159	2   8   2 
 159	2  10  16 
 161	2   8   2 
 161	2  17  11 
 161	6  21  20 
 163	6  10   6 
 167	2  17  19 
 169	2  10  20 
 169	2  17  19 
 169	6   8   7 
 171	2  10  20 
 171	2  17  18 
 173	2  17  18 
 173	6  20  10 
 175	6  18   8 
 179	6  11   5 
 181	2  22  18 
 183	2  22  18 
 181	6   7   2 
 185	2  17  15 
 185	6  19  14 
 187	2  11  12 
 189	2  11  12 
 187	6   2   0 
 191	2  17  15 
 191	6  14   9 
 193	2   6   7 
 195	2   0  10 
 193	6  22  18 
 197	2  11   5 
 197	6   9   8 
 199	2  20  22 
 199	2  11   5 
 201	2  18  12 
 201	2   0  10 
 201	6  22  21 
 203	2   6   7 
 205	2  18  12 
 205	6  10   0 
 207	2  20  21 
 207	2  17  13 
 209	2  17  13 
 209	6  21  20 
 211	2   6   0 
 213	2   6   0 
 211	6  14  13 
 215	2  10  20 
 215	2  17  22 
 217	2  10  20 
 217	2  17  22 
 219	2  17  19 
 219	6  20  10 
 221	2  17  19 
 223	2  17  13 
 223	6  24  23 
 225	2   6  10 
 225	2  17  13 
 227	2   6  10 
 203	6   4   3 
 209	6   3   2 
 229	2  17  23 
 229	6   7   5 
 231	2  17  23 
 233	6  21  17 
 235	6   8   6 
 239	6  22  20 
 241	2  11   6 
 243	2  11   6 
 241	6  13   9 
 245	6  15   5 
 247	2  17  12 
 249	2  17  12 
 251	2  16  15 
 251	6  13   7 
 253	2  16  15 
 251	6   1   0 
 255	6  16  10 
 257	2  18  13 
 259	2  18  13 
 257	6   7   6 
 261	2  17  13 
 263	2  22  12 
 263	6  10   5 
 265	2  22  12 
 267	2  17  13 
 269	2   5   1 
 269	2   8  12 
 269	6  16  15 
 271	2   5   1 
 271	2   8  12 
 269	6  23  22 
 273	6  12   6 
 275	6  22  21 
 279	2  11  12 
 279	6  14   8 
 281	2  11  12 
 283	2   5  15 
 283	6  22  17 
 285	2  11  10 
 287	2   5  15 
 285	6   8   7 
 289	2  11  10 
 289	6  21  20 
 291	2  18   8 
 291	2   5   6 
 293	2  18   8 
 293	2   5   6 
 295	2  23  13 
 295	6  16   6 
 297	2  23  13 
 299	2  14  13 
 301	2   6   1 
 301	2  18  12 
 301	6  15  10 
 303	2   6   1 
 303	2  18  12 
 305	2  14  13 
 307	2   6  10 
 307	6  22  18 
 309	2  11   7 
 311	2   6  10 
 313	2  18   8 
 313	6   5   1 
 315	2  18   8 
 317	2  18  12 
 313	6  21  15 
 319	2  22  21 
 319	2  18  12 
 319	2   5  10 
 319	6   2   1 
 321	2  22  21 
 321	2   5  10 
 321	6  13   8 
 325	2   6  16 
 323	6  23  19 
 327	2  11   7 
 329	2  19  13 
 329	2  11  15 
 329	6  22  21 
 331	2  19  13 
 331	2  11  15 
 333	2   2   8 
 333	6  10   5 
 335	2  14  13 
 337	2  18  22 
 337	2   2   8 
 339	2   6  16 
 339	2  14  13 
 341	2  18  22 
 341	2   6   8 
 343	2  10  16 
 343	6  13   7 
 345	2  10  16 
 343	6  23  22 
 347	6  16  11 
 349	2   2   7 
 351	2   2   7 
 349	6  19  13 
 353	2  16  22 
 355	2  13  12 
 355	2  16  22 
 353	6  10   5 
 357	2  13  12 
 355	6  24  19 
 359	2   6   8 
 357	6  22  21 
 361	2  14  12 
 361	6   5   1 
 363	2  22  24 
 365	2  22  24 
 367	2  13  23 
 367	2  10  11 
 369	2  18  24 
 369	2   6   7 
 369	6  21  15 
 371	2  14  12 
 373	2  13  23 
 375	2  22  21 
 375	2  18  24 
 375	2  10  11 
 375	6   3   1 
 377	2  22  21 
 377	6  24  14 
 381	2   6   7 
 379	6  17  15 
 383	2   3   8 
 385	2   2  12 
 385	2  24  23 
 385	2  15   5 
 387	2  13  14 
 387	2  22  17 
 387	2  15   5 
 387	6   7   3 
 389	2  24  23 
 389	2  13  14 
 391	2  22  17 
 391	2  24  14 
 389	6  10   0 
 393	2   7   8 
 393	6  21  17 
 395	2   7   3 
 395	2  24  14 
 395	2  15  10 
 397	2   7   3 
 397	2  15  10 
 395	6   1   0 
 399	2  18  17 
 397	6  14   9 
 401	2   2  12 
 399	6  15  10 
 403	2  18  17 
 403	6   8   2 
 405	6  18  16 
 409	2   1   2 
 409	6   9   4 
 411	2   6  12 
 411	2  16  21 
 413	2  13  17 
 413	2   1   2 
 411	6  24  23 
 415	2   6  12 
 415	2  16  21 
 415	6   9   8 
 417	6   6   2 
 421	2  18  14 
 417	6  20  16 
 423	2  18  14 
 423	2  11   6 
 423	6   3   2 
 425	2  18  16 
 427	2  13  17 
 427	2  11   6 
 427	6  24  19 
 429	2   1   2 
 431	2   7  12 
 429	6  10   5 
 433	2   9  19 
 433	2   1   2 
 435	2   9  19 
 435	2   7  12 
 435	6   5   1 
 437	2  18  16 
 437	2   9   4 
 439	2  23  17 
 439	2   9   4 
 441	2  23  17 
 441	6  19  14 
 441	6   6   2 
 441	6  15  10 
 443	6  23  22 
 447	2  11   6 
 447	6  14   9 
 449	2  11   6 
 451	2   2   6 
 449	6  22  20 
 453	2   3   9 
 453	6  11   5 
 455	2  23  19 
 455	2   3   9 
 457	2  23  19 
 457	2   3   4 
 459	2  11  12 
 459	2   3   4 
 459	6  23  21 
 461	2   7   9 
 463	2  11  12 
 463	6   3   1 
 465	2  21  16 
 467	2  21  16 
 465	6  24  14 
 469	2   2   6 
 469	6  16  15 
 471	2  13  23 
 473	2  13  23 
 471	6   4   2 
 475	2  18  16 
 477	2  18  16 
 477	2   3   8 
 477	6   6   5 
 479	2  21  16 
 479	2   3   8 
 481	2  21  16 
 479	6  24  19 
 483	2   7   9 
 483	6  21  15 
 485	2   6  12 
 487	2   7   2 
 485	6  14   4 
 489	2   6  12 
 489	6  23  21 
 491	2   3   4 
 491	2  14  12 
 493	2   7   2 
 493	6  11   5 
 495	2  22  24 
 495	2   3   4 
 497	2  22  24 
 493	6  14  13 
 497	6   3   2 
 499	2  19  17 
 501	2  20  21 
 501	2  14  24 
 499	6   6   5 
 503	2  22  23 
 503	2  13  12 
 503	6   9   3 
 505	2  19  17 
 507	2  20  21 
 507	2  11  12 
 505	6   5   1 
 509	2  14  24 
 509	2  11  12 
 511	2  22  23 
 511	2   2   0 
 511	6  11  10 
 513	2   2   0 
 511	6  19  14 
 513	6  22  20 
 515	6   3   1 
 519	2  22  24 
 517	6  12  11 
 521	2  19  23 
 521	6   9   4 
 523	2  18  12 
 523	2   6   1 
 525	2  18  12 
 525	2   6   1 
 523	6  21  16 
 527	2  18   8 
 527	6  10   5 
 529	2  20  21 
 529	2  19  23 
 531	2  22  24 
 529	6   4   2 
 533	2  20  21 
 533	6  18  14 
 535	2   3   1 
 537	2   6   2 
 535	6  15  10 
 539	2  14   8 
 539	2  22  23 
 541	2  15  17 
 541	2  14   9 
 541	2   6   2 
 543	2  18  16 
 543	2   3   1 
 545	2  10  12 
 545	2  22  23 
 545	2  14   9 
 545	2   3   2 
 547	2  15  17 
 547	2   3   2 
 547	6   5   0 
 549	2  18  16 
 551	2   7  17 
 551	6  14   9 
 553	2  10  12 
 555	2  15  16 
 555	2  18  24 
 553	6   2   1 
 557	2  15  16 
 557	2  18  24 
 559	2   7  17 
 559	6  20  15 
 561	2  18  23 
 563	2  18  23 
 561	6   7   5 
 565	6  22  20 
 567	2   9   7 
 569	2   9   7 
 567	6  10   5 
 571	2  22  24 
 571	6   8   2 
 573	2  10  16 
 575	2  10  16 
 573	6  24  18 
 577	6   2   0 
 579	2  22  18 
 581	2  22  23 
 577	6  12  11 
 577	6  14   9 
 583	2  15  11 
 583	2   5   0 
 583	2  13   8 
 583	2  22  23 
 585	2  15  11 
 585	2   5   0 
 585	2  13   8 
 585	6  23  19 
 587	2   2   8 
 589	2   2   8 
 587	6  15   5 
 591	2  12   8 
 591	6  24  22 
 593	2   5   0 
 593	2  12   8 
 595	2   5   0 
 595	6   9   7 
 597	2  23  21 
 599	2  23  21 
 601	2  20  21 
 601	6  17  11 
 603	2  20  21 
 597	6   5   0 
 601	6   3   2 
 607	2   6  11 
 607	2  23  17 
 607	6  13   8 
 609	2   6  11 
 609	2  23  17 
 611	2   6  16 
 611	6  24  23 
 613	2   6  16 
 615	6  11   7 
 617	2  22  21 
 619	2  22  21 
 613	6  14   9 
 615	6   5   0 
 619	6  24  14 
 621	2  15  11 
 621	2   2   7 
 623	2  15  11 
 623	2   2   7 
 625	2   5  11 
 625	2  23  21 
 625	6   8   2 
 627	2   5  11 
 627	2  23  21 
 629	6  17  15 
 631	2   2   1 
 633	2   2   1 
 629	6  24  19 
 635	2  20  15 
 635	2  17  19 
 635	2   3   1 
 637	2  20  15 
 637	2  17  19 
 637	2   2   7 
 639	2   3   1 
 639	6  18  16 
 641	2   2   7 
 643	2   3   7 
 643	6   1   0 
 645	2  10  16 
 645	2   8  18 
 647	2  10  16 
 647	2   8  18 
 649	2   6  16 
 649	6  19  13 
 651	2   6  16 
 653	6   3   1 
 653	6  21  15 
 655	6  12  11 
 659	2  22  21 
 655	6  24  19 
 659	6   9   3 
 661	2  22  21 
 663	2  23  21 
 659	6   5   0 
 661	6  13  12 
 665	2  23  21 
 665	6   6   0 
 667	2  14   9 
 669	2  14   9 
 665	6   3   2 
 667	6  22  20 
 671	2  14  13 
 671	2  11   5 
 673	2   6  12 
 673	6  24  22 
 675	2  14  13 
 675	2  11   5 
 677	2   6  12 
 677	6  15  10 
 679	2  14  12 
 681	2   1   7 
 679	6  22  21 
 683	2  14  12 
 683	6  10   5 
 685	6  18   8 
 685	6  21  20 
 689	6   6   1 
 691	2   3   8 
 691	2  18  16 
 693	2   3   8 
 693	2  18  16 
 695	2  20  10 
 695	6  19  17 
 697	2   6   8 
 699	2  20  10 
 699	6   3   1 
 701	2  15  17 
 703	2  15  17 
 701	6  24  14 
 705	2  15   5 
 707	2  14   9 
 707	2  15   5 
 709	2  14   9 
 709	2  11   7 
 709	6  22  20 
 711	2  14  13 
 711	2  11   7 
 713	2  14  13 
 709	6   5   0 
 713	6  11   7 
 715	2  15  20 
 717	2  15  20 
 715	6  19   9 
 719	6  17  11 
 719	6  20  15 
 721	6  24  19 
 725	2   5  11 
 725	2  22  17 
 721	6   8   7 
 727	2   5  11 
 727	2  22  17 
 729	2   5   0 
 729	2  14  12 
 729	6  23  21 
 731	2   6   7 
 733	2   5   0 
 733	2  14  12 
 735	2  23  24 
 735	2   8   7 
 735	2   5  15 
 737	2  23  24 
 737	2   8   7 
 737	2   5  15 
 739	2  23  13 
 739	6  16   6 
 741	2  23  13 
 743	6  23  13 
 745	2   1   6 
 747	2   1   6 
 745	6  16  10 
 749	2  13  12 
 749	6  24  23 
 751	2  10   6 
 751	2  13  12 
 753	2  10   6 
 753	2  16  17 
 755	2  21  23 
 755	2   8   6 
 757	2  21  23 
 757	2   8   6 
 759	2  16  17 
 759	6  13   7 
 761	6  23  21 
 759	6  10   5 
 765	6  12  11 
 767	2  20  21 
 767	2  23  24 
 769	2  20  21 
 769	2  23  24 
 765	6   2   0 
 771	2  18  12 
 771	6  21  15 
 773	2  18  12 
 771	6   6   1 
 775	6  23  13 
 777	2  10  15 
 779	2  10  15 
 781	2   6  12 
 781	2  22  23 
 777	6   3   2 
 783	2   6  12 
 783	2  22  23 
 783	6   8   3 
 785	6  23  21 
 785	6  12   6 
 789	6   3   2 
 791	2   5   6 
 791	2  16  21 
 793	2  13  11 
 793	6  22  20 
 795	2   5   6 
 797	2  13  11 
 799	2  18   8 
 799	2  16  21 
 799	6   5   1 
 801	2  18   8 
 803	2  12   8 
 803	2  18  23 
 801	6  16  15 
 805	2  12   8 
 805	2  18  23 
 805	6   2   1 
 807	2  22  24 
 809	2  22  24 
 807	6  20  15 
 811	2   1   6 
 807	6  13  12 
 811	6  23  19 
 813	2  15   5 
 813	2   2   8 
 815	2  15   5 
 815	2   2   8 
 817	2  13  19 
 817	2   1   6 
 817	6  22  16 
 819	2  13  19 
 819	6   3   1 
 823	2  18  22 
 823	2  16  11 
 825	2  18  22 
 825	2  16  11 
 825	2   3   8 
 827	2  17  21 
 827	2   3   8 
 827	6  10   6 
 829	2  17  21 
 827	6  19  14 
 829	6   3   2 
 833	2  15  10 
 831	6  22  17 
 835	2  15  10 
 833	6  14   9 
 835	6   7   6 
 839	2   3   9 
 837	6  24  18 
 841	2   3   9 
 837	6  20  16 
 841	6  12   7 
 841	6  10   5 
 843	6   9   3 
 847	2  12  18 
 843	6  22  21 
 847	6  15  10 
 849	2  12  18 
 849	2   2   3 
 851	2  13  17 
 851	2   2   3 
 851	6  24  23 
 853	2  16  15 
 855	2  12  11 
 853	6  14   9 
 857	2  23  18 
 857	2  16  15 
 857	6   6   5 
 859	2  13  17 
 861	2  23  18 
 861	2  21  15 
 861	6   8   2 
 863	2  12  11 
 863	2  21  15 
 865	6  21  11 
 867	2  13  18 
 869	2  13  18 
 867	6   2   0 
 871	2  23  21 
 871	6  13  12 
 873	2  10   0 
 873	2  23  21 
 875	2  10   0 
 873	6   3   2 
 875	6  22  21 
 877	6  10   0 
 877	6  18  14 
 879	6   8   7 
 883	2  18  17 
 883	2  21  15 
 883	6   1   0 
 885	2  18  17 
 885	2  21  15 
 887	2  18  14 
 887	6  21  15 
 889	2   1   2 
 889	2  18  14 
 891	2   1   2 
 891	6  14   8 
 893	2  16   6 
 895	2  16   6 
 897	2  11   6 
 897	6  22  18 
 899	2  11   6 
 897	6   8   2 
 901	6  15   5 
 903	2  12  18 
 905	2  12  18 
 907	2  16  10 
 907	6  13   8 
 909	2  16  10 
 911	2   5   6 
 911	6  21  15 
 913	2   5   6 
 913	6  17  12 
 917	6  10   6 
 919	2  22  18 
 921	2  22  18 
 923	2   7  12 
 923	2  15  10 
 925	2   7  12 
 925	2  15  10 
 927	2  11   6 
 927	6  17  13 
 929	2   7   2 
 931	2  11   6 
 933	2  16  17 
 933	2   7   2 
 935	2  16  17 
 935	2   5   6 
 937	2  11  17 
 937	6   2   1 
 939	2  11  17 
 941	6  17  11 
 947	2   2  12 
 947	6  15  10 
 949	2   2  12 
 951	2   2   1 
 951	6  18  13 
 953	2   5   6 
 955	2   2   1 
 955	2   5  11 
 957	2  16  12 
 957	6   6   5 
 959	2  16  12 
 961	2  17  12 
 957	6   3   2 
 957	6  23  19 
 963	2   7  13 
 963	2  10   5 
 965	2   7  13 
 965	2  10   5 
 967	2   3  13 
 967	2   6  11 
 969	2  17  12 
 969	2  15   5 
 969	6  19   9 
 971	2  10  11 
 973	2   6  12 
 975	2   3  13 
 975	2  15   5 
 977	2  10  11 
 977	2   3   9 
 977	6  18  13 
 979	2  15  11 
 979	2   9   3 
 981	2  15  11 
 981	2   3   9 
 983	2   6  12 
 983	6  16  15 
 985	2   7  13 
 987	2  13   7 
 989	2  10  12 
 985	6   1   0 
 991	2  10  12 
 993	2   5  11 
 995	2  16  12 
 995	6   6   5 
 997	2  16  12 
1001	2   6  11 
1003	2   6  12 
1003	6  15  10 
1005	2   6  12 
1007	2   7  13 
1009	2  10   0 
1009	6  17   7 
1011	2  10   0 
1015	2  11  12 
1015	6   2   0 
1017	2  11  12 
1015	6  22  18 
1019	6  11  10 
1021	2   7   2 
1023	2   7   2 
1021	6  22  17 
1025	6   2   0 
1027	2  11  17 
1029	2  11  17 
1027	6  21  20 
1031	2   5   0 
1031	6  17  11 
1033	2   5   0 
1021	6  14  13 
1031	6  13   8 
1037	2   7  11 
1039	2   7  11 
1037	6  22  21 
1041	2   5  11 
1041	6   8   7 
1043	2   5  11 
1043	6  22  18 
1047	2   5   7 
1049	2   8  18 
1049	6  10   0 
1051	2  17  13 
1053	2  13  17 
1051	6  24  19 
1055	2  15  10 
1055	2  17  13 
1057	2  15  10 
1057	2  18   8 
1059	2  16  10 
1059	2   8  18 
1061	2  15  11 
1061	6  19  13 
1063	2  16  10 
1065	2  15  11 
1061	6  23  22 
1067	2   6  10 
1067	6  13   8 
1069	2  16  11 
1071	2   6  10 
1073	2  16  11 
1075	2   0  10 
1077	2   6  11 
1077	2  15  20 
1079	2   0  10 
1081	2   6  11 
1081	2  20  15 
1083	2  12  10 
1083	6   1   0 
1085	2  12  10 
1087	2  16  22 
1067	6  24  19 
1073	6   4   3 
1073	6  19  14 
1087	6  13   3 
1089	2  22  16 
1091	2  16  22 
1093	2   1  11 
1095	2   1  11 
1097	2  12  11 
1097	2   1   0 
1097	2  15  20 
1099	2  12  11 
1099	2   0   1 
1101	2  10  11 
1101	2   1   0 
1103	2  10  11 
1103	6   2   0 
1105	2  11  13 
1107	2  13  11 
1109	2  10   0 
1111	2  12  14 
1113	2   6   8 
1115	2   7   5 
1117	2   8   6 
1119	2  14  12 
1121	2   0  10 
1123	2  11  13 
1125	2  10   0 
1127	2  12  14 
1129	2   6   8 
1131	2   5   7 
