   1	2  14   6 
   3	2  14   6 
   5	6   7   3 
   5	2  14  13 
   7	2  14  13 
  11	6   9   6 
   9	6  15  14 
  17	2   9  13 
  19	2   9  13 
  17	2  15   7 
  19	2  15   7 
  21	6   7   5 
  21	6  14  12 
  27	2   9   5 
  29	2   9   5 
  27	2  15  14 
  29	2  15  14 
  31	2  13   5 
  33	2  13   5 
  31	6  15  11 
  37	2   9  14 
  39	2   9  14 
  35	6   3   1 
  41	2  13  14 
  43	2  13  14 
  41	2  11   6 
  43	2  11   6 
  45	6   9   6 
  51	2   6   9 
  53	6  11   3 
  53	6   5   4 
  59	6   8   4 
  59	2   3  11 
  61	2   3  11 
  65	2   6   9 
  67	2   6  11 
  69	2   6  11 
  67	2  13   9 
  69	2  13   9 
  71	2   3   7 
  73	2   3   7 
  75	2   6   7 
  77	2   6   7 
  79	6   3   1 
  71	6  15  13 
  79	2  15  11 
  81	2  15  11 
  77	6  13   8 
  83	2  13  14 
  85	6  15   7 
  91	2  13  14 
  93	2   7  15 
  95	2   7  15 
  85	2   1   5 
  87	2   1   5 
  97	2   1   2 
  93	2  13   9 
  95	2  13   9 
  97	2  14   9 
  99	2  14   9 
  99	2   1   2 
 101	2   6   5 
 103	2   6   5 
 105	2   6   2 
 101	6  14  11 
 107	2  13  14 
 109	2  13  14 
 107	2   7   5 
 109	2   7   5 
 111	2  11  14 
 113	2  13  15 
 115	2  13  15 
 117	2  13   5 
 119	2   6   2 
 121	2   7   2 
 123	2   7   2 
 119	6  13   9 
 125	6   9   5 
 125	2  11  14 
 127	2  11  15 
 129	2  11  15 
 131	2  13  14 
 133	2  13  14 
 135	2  13  15 
 137	2  13  15 
 131	6   6   2 
 139	2  14  15 
 141	2  14  15 
 139	2   5   9 
 141	2   5   6 
 143	2  11   9 
 145	2  11   9 
 147	2   5   6 
 149	6  14   6 
 155	2  13   9 
 157	2  13   9 
 159	2   6   9 
 161	2   6   9 
 155	6  15  11 
 161	2  15  14 
 163	2  11   9 
 165	2  11   9 
 167	6   5   2 
 167	2  15  14 
 169	2  13  14 
 171	2  13  14 
 173	2   6  14 
 175	2   6  14 
 177	2  11  14 
 179	2  11  14 
 177	2   6   2 
 181	2   9  14 
 183	2  13  15 
 185	2  15  13 
 187	2  13  15 
 179	2   2   6 
 181	2   6   2 
 183	6   6   1 
 189	2   9  14 
 191	2  14   6 
 193	2   9   5 
 193	2  11   7 
 195	2   7  11 
 197	2  11   7 
 195	2   5   9 
 197	2   9   5 
 199	2   6  14 
 201	2  14   6 
