   1	6   6   1 
   7	6  16   6 
   1	6  19  18 
  13	2  16  20 
  15	2  16  20 
  17	2  16  21 
  19	2  16  21 
  21	2  20  21 
   7	6  24  23 
  17	6  18  12 
  23	2  16  12 
  25	2  16  12 
  27	2  16  22 
  29	6  23  17 
  29	2  20  21 
  35	2  16  22 
  27	6   7   2 
  37	6  16  12 
  43	2  20  16 
  45	2  20  16 
  47	2  21  16 
  49	2  21  16 
  51	2  12  11 
  53	2  12  11 
  51	2  20  22 
  53	2  20  22 
  55	2  12  17 
  57	2  21  22 
  57	6  15  11 
  59	2  21  22 
  63	2  16  22 
  65	2  16  22 
  33	6   9   8 
  57	6  19  13 
  67	2  20  15 
  69	2  20  15 
  67	2  12  17 
  71	2  21  15 
  73	2  21  15 
  75	2  16  15 
  77	2  16  15 
  69	2  12   6 
  71	2  12   6 
  73	2  12   7 
  75	2  12   7 
  79	6  17  15 
  85	2  20  15 
  85	2  22  17 
  87	2  22  17 
  87	2  20  15 
  77	6   6   5 
  83	6   7   1 
  89	2  21  15 
  91	2  21  15 
  89	2  12   2 
  91	2  12   2 
  93	6  17  15 
  99	2  16  17 
 101	2  16  17 
 103	2  22  17 
  93	6   6   0 
  99	6  10   5 
 105	6   5   1 
 105	2  22  17 
 111	2  20  10 
 113	2  20  10 
 107	2  12  18 
 109	2  12  18 
 115	2  15  17 
  63	6  14   9 
 117	2  12   8 
 119	2  12   8 
 111	6   2   1 
 117	6  19  18 
 117	6  20  10 
 117	6   1   0 
 121	6   9   8 
 123	2  21  20 
 125	2  21  20 
 123	2  10   5 
 125	2  10   5 
 127	6  10   5 
 133	2   5   0 
 127	2  16  20 
 129	2  16  20 
 131	2  22  20 
 133	2  22  20 
 127	2  12  13 
 135	2   5   0 
 129	2  12  13 
 131	2  12   7 
 135	2  15  17 
 137	2  15  20 
 139	2  15  20 
 137	2  12   7 
 139	2  12   6 
 141	2  12   6 
 137	6  19   9 
 143	2  12  14 
 145	2  12  14 
 141	6  21  15 
 143	6   5   0 
 147	2  12   2 
 147	6  21  20 
 153	2  15  10 
 149	2  12   2 
 151	2  12  18 
 153	2  12  18 
 147	6   9   4 
 155	2  15  10 
 155	2  12   8 
 153	6  22  21 
 157	2  12   8 
 159	2  16  10 
 161	2  16  10 
 163	2  17  22 
 165	2  17  22 
 163	2  15   5 
 165	2  15   5 
 159	6   4   2 
 167	2   0   2 
 169	2   0   2 
 171	6   2   0 
 167	6  16  10 
 173	2  21  16 
 175	2  21  16 
 155	6  19  14 
 161	6  14  13 
 167	6  23  18 
 177	2  10   5 
 179	2  10   5 
 173	2  12  18 
 175	2  12  18 
 177	2  20  16 
 179	2  20  16 
 167	6  14   9 
 177	6  13   3 
 183	2   2   3 
 185	2   2   3 
 183	2  12  14 
 185	2  12  14 
 181	6  15   5 
 187	6   3   2 
 187	2  12  11 
 189	2  12  11 
 187	2  21  15 
 189	2  21  15 
 187	2   5   0 
 189	2   5   0 
 191	2  10   0 
 191	2  12  13 
 193	6  10   0 
 199	2   0  10 
 193	2   3   9 
 195	2   3   9 
 197	2   3   7 
 199	2   3   7 
 177	6  24  23 
 191	6  22  21 
 197	6  23  18 
 201	2  20  15 
 201	6   6   2 
 203	2  20  15 
 203	2  12  13 
 205	2  17  16 
 205	6  19  13 
 207	2  17  16 
 209	2  21  16 
 211	2  17  15 
 213	2  21  16 
 215	2  17  15 
 207	2   5   6 
 209	2   5   6 
 211	2   0   6 
 213	2   0   6 
 207	2   3   2 
 209	2   3   2 
 211	6   9   3 
 217	2  21  15 
 217	2   9  13 
 219	6  16  10 
 219	2   9  13 
 221	2   9   4 
 223	2   9   4 
 215	6   7   6 
 211	6  24  19 
 221	6  13   7 
 225	2  21  15 
 227	6   5   1 
 227	2   9  19 
 233	2  10  15 
 229	2  12  18 
 235	2  22  16 
 231	2   9  19 
 237	2  22  16 
 239	2  10  15 
 233	2   1   3 
 235	2   1   3 
 237	2   1   6 
 239	2  12  18 
 237	2   9   8 
 239	2   1   6 
 241	2  20  16 
 243	2  20  16 
 241	2   1   2 
 239	2   9   8 
 245	2  17  16 
 243	2   1   2 
 245	2   1   7 
 247	6  12  11 
 241	6  19   9 
 247	2  19  23 
 249	2  19  23 
 251	2  19  14 
 247	6   3   1 
 253	6   1   0 
 253	2  17  16 
 255	2  21  16 
 257	2  21  16 
 253	2   3   7 
 255	2   3   4 
 257	2   3   4 
 253	2  19  14 
 255	6  23  13 
 259	2  11   5 
 261	6   9   3 
 261	2   1   0 
 261	2  10  16 
 263	2  10  16 
 261	2  22  23 
 263	2  22  23 
 263	2   1   0 
 265	2  11   5 
 267	6   4   3 
 267	2  15  16 
 269	2  15  16 
 267	2   1   6 
 269	2   1   6 
 271	6  10   0 
 273	2   9   4 
 275	2   9   4 
 265	6  19  18 
 271	2  18  12 
 273	2  18  12 
 275	2  18  24 
 271	6  21  20 
 277	6  11   5 
 277	2   9   8 
 277	2  21  23 
 279	2  21  23 
 277	2   1   2 
 279	2   1   2 
 279	2   9   8 
 283	2   1   7 
 285	2   1   7 
 287	2   9  13 
 281	6  22  20 
 287	2  20  10 
 287	6   2   1 
 289	2  17  23 
 289	2  20  10 
 291	2  17  23 
 293	2  22  23 
 293	2   2   3 
 293	2   9  13 
 291	6  20  10 
 295	2  22  23 
 295	2   2   3 
 297	2  18  24 
 297	2  21  20 
 297	2  10   6 
 299	2  21  20 
 299	2  10   6 
 299	2  18  19 
 301	2   9  14 
 303	2   9  14 
 301	6  10   0 
 307	2   0   1 
 309	2   0   1 
 305	2  18  19 
 307	6  13   3 
 301	6  21  20 
 307	6  20  10 
 311	6   1   0 
 313	2  17  21 
 315	2  17  21 
 317	6  23  21 
 317	2  10   6 
 319	2  10   6 
 321	2  10   0 
 323	2  10   0 
 323	2  20  21 
 313	6  14   9 
 317	6   3   2 
 323	2   3   4 
 319	6  13  12 
 325	6  20  16 
 325	2  14  13 
 325	2  22  23 
 327	2  22  23 
 325	2   1   7 
 325	2   3   4 
 327	2  14  13 
 327	2   1   7 
 329	2   3   8 
 325	6  10   5 
 331	6  22  16 
 331	2   3   8 
 337	2  22  21 
 339	2  15  21 
 341	2  15  21 
 333	2   5   7 
 343	2  20  21 
 333	2  14  24 
 335	2   5   7 
 337	2   3   2 
 339	2   3   2 
 335	2  14  24 
 337	2  14  19 
 339	2  14  19 
 341	2   3   9 
 343	2   3   9 
 337	6  12   6 
 343	2  17  12 
 343	2   1   6 
 341	6  24  19 
 345	2  20  21 
 345	2   1   6 
 345	2  17  12 
 345	6   9   3 
 347	2  22  23 
 349	2  22  23 
 351	2   9  13 
 353	2  16  12 
 347	2   5   6 
 349	2   5   6 
 355	6  17  12 
 351	6   2   1 
 357	2   2   4 
 359	2   2   4 
 355	6  21  15 
 361	2  16  17 
 361	2   2   8 
 357	6   5   0 
 363	2   2   8 
 363	2  22  17 
 365	6  12  11 
 365	2   2   1 
 365	2  21  23 
 367	2   2   1 
 369	2   2   3 
 367	2  21  23 
 371	6  10   5 
 371	2  18  12 
 371	2   2   3 
 373	2  22  17 
 375	2  21  17 
 373	6   8   2 
 377	2  21  17 
 379	2   9  13 
 377	2  11  10 
 379	2  11  10 
 379	6  22  20 
 381	2   8  13 
 383	2  11   7 
 383	2   9  19 
 379	6   1   0 
 385	6  14   8 
 385	2  22  23 
 385	2  16  10 
 387	2  22  23 
 387	2  16  10 
 389	2  22  17 
 389	2  20  10 
 385	6   2   1 
 391	2  14  13 
 391	2  11   7 
 393	2   2   4 
 393	2  18  12 
 393	2  20  10 
 395	6  19   9 
 395	2  11   6 
 401	2   2   4 
 395	2  22  17 
 403	6  11   7 
 409	2   8  12 
 411	2   8  12 
 409	2   2   1 
 411	2   2   1 
 395	6  20  15 
 401	6  22  20 
 407	2  22  23 
 409	2  22  23 
 413	2   7   6 
 413	2  22  17 
 413	2  19   9 
 415	6  18  12 
 415	2   2   0 
 417	2   2   0 
 419	2   2   3 
 415	2  14   9 
 417	2  14   9 
 409	6  15  10 
 415	2  21  15 
 417	2  21  15 
 421	2  19  24 
 421	2   2   3 
 421	2  22  17 
 419	2  20  15 
 421	2  20  15 
 423	2  16  11 
 425	2  16  11 
 427	2  10  11 
 423	2  19  24 
 427	2  23  17 
 423	6   4   2 
 429	2  14  24 
 429	2  16   6 
 431	6   9   4 
 431	2  19  18 
 431	2   7   2 
 431	2  10  11 
 433	2  21  11 
 435	2   7   2 
 433	2  19  18 
 435	2  23  17 
 435	6  20  15 
 437	2   9  13 
 441	2  21  11 
 439	2  14  24 
 441	2  14  18 
 437	6   2   0 
 443	6  24  19 
 443	2   9  13 
 445	2   9   4 
 447	2   9   4 
 449	2   9  19 
 445	2   7   1 
 443	2  22  20 
 445	2  22  20 
 447	2  16   6 
 451	2   9  19 
 449	2  10   6 
 451	2  10   6 
 449	6  22  20 
 453	2   7   1 
 455	6  21  11 
 461	2   7   2 
 461	2  15  21 
 455	2  14  18 
 457	6  18  14 
 463	6  16   6 
 463	2   9  14 
 465	2   9  14 
 469	2  15  21 
 469	2   6   0 
 471	2   6   0 
 471	2  23  22 
 473	6  10   0 
 473	2  23  22 
 475	2  17  22 
 477	2  20  21 
 479	2   6   1 
 481	2   6   1 
 479	2  20  21 
 483	2   7   2 
 481	2  17  22 
 483	2  11  16 
 467	6   9   4 
 473	6  19  14 
 485	2  11  16 
 487	2  15  16 
 489	2  23  21 
 489	2   0  10 
 485	2   7   3 
 487	2   7   3 
 489	2   7  13 
 491	6   8   6 
 491	2  23  21 
 493	2  15  16 
 495	2  20  16 
 497	6  23  21 
 497	2   8   2 
 497	2   0  10 
 499	2   0   1 
 499	2   7  13 
 499	2  11  10 
 501	2  11  10 
 503	2  17  23 
 501	2   0   1 
 503	2   7   9 
 503	2  15  10 
 505	6  11   6 
 505	2  17  23 
 507	2  22  23 
 511	2  20  16 
 511	2   7   9 
 509	2  22  23 
 513	6  22  16 
 513	2   6   1 
 519	2  15  10 
 519	2  21  22 
 515	2   6   1 
 521	2  20  10 
 523	2  20  10 
 517	2   8   2 
 519	2   8   3 
 521	2   8   3 
 523	2   8  13 
 525	2  21  22 
 527	2  17  22 
 529	2  17  22 
 525	2   8  13 
 527	2   8   9 
 529	2   8   9 
 531	6  14  12 
 519	6   1   0 
 525	2   1   2 
 527	2   1   2 
 531	2   1   3 
 533	2   1   3 
 525	6  15  10 
 531	2  21  15 
 533	2  21  15 
 535	6   3   1 
 537	2  16  22 
 539	2  17  15 
 541	6  19  18 
 541	2   6   2 
 541	2  16  22 
 543	2   7  12 
 543	2  10   0 
 545	2   6   2 
 545	6  21  15 
 547	2   3  13 
 549	2   7  12 
 551	6   6   2 
 551	2  23  22 
 553	2  17  21 
 555	2  16  21 
 551	6  13   8 
 557	6  18  12 
 557	2  16  21 
 559	2  10   0 
 563	2  10   6 
 563	2  23  22 
 557	2   3   8 
 559	2   3   9 
 565	2  13  18 
 565	2  10   6 
 561	2   3   9 
 567	2   7  12 
 567	2  23  21 
 567	6  10   0 
 569	2  13  18 
 571	2  23  21 
 571	2   7  12 
 563	6   9   3 
 571	6  14   9 
 573	2  20  10 
 573	2   2   1 
 575	2  20  10 
 575	2   2   1 
 577	6  18  14 
 577	2  15  10 
 583	2  18  14 
 577	2  22  21 
 579	2  15  10 
 577	2   0   1 
 579	2  22  21 
 585	2  18  14 
 587	2  13  12 
 589	2  13  12 
 591	2  18  12 
 579	2   0   1 
 581	6   4   2 
 581	6  20  10 
 587	6   2   0 
 593	6   5   1 
 593	2   4   8 
 595	2   4   8 
 597	2  18  12 
 599	2  10   6 
 597	2   4   3 
 599	2   4   3 
 601	2   2   8 
 603	6  14   9 
 603	2  10   6 
 605	2  10   5 
 609	2   4   9 
 607	2  10   5 
 611	2   4   9 
 609	6  10   6 
 587	6  21  20 
 599	2  17  21 
 601	2  17  21 
 603	2  16  21 
 605	2  16  21 
 607	2  23  21 
 615	2  15  10 
 617	2  23  21 
 615	2   2   8 
 617	2   6   8 
 619	6  14  12 
 619	2  15  10 
 619	2  22  21 
 621	2  15   5 
 619	2   2   3 
 621	2   2   3 
 623	2  15   5 
 623	6   3   2 
 625	2  22  21 
 627	2  20  21 
 629	6   8   6 
 629	2  20  21 
 631	6  17  15 
 635	2   8   6 
 637	6  17  12 
 637	2  15  10 
 639	2  15  10 
 637	2   8   2 
 639	2   8   2 
 641	2  15   5 
 641	2   3   9 
 643	2   3   9 
 643	2  16  10 
 645	6   9   3 
 645	2  16  10 
 647	2  12   6 
 649	2  15   5 
 643	6  23  22 
 649	6  12   7 
 655	2   7   6 
 657	2   8   3 
 651	6  22  21 
 657	6  16  10 
 659	2   7   2 
 661	2   8   3 
 657	6  23  18 
 663	2   4  14 
 663	2   7   2 
 663	2  10   5 
 665	2  10   5 
 663	2  21  16 
 665	2  21  16 
 665	2   4  14 
 667	2   7   3 
 669	2   7   3 
 667	2   9  14 
 669	2   9  14 
 671	2   8  14 
 673	2   8  14 
 667	6  15   5 
 673	2  21  15 
 673	2   5   6 
 667	6  18  17 
 675	6  14   8 
 675	2  17  16 
 675	2   5   6 
 677	2  10   6 
 679	2  10   6 
 681	2  21  15 
 681	2   7   8 
 683	2  17  16 
 683	2   7   8 
 685	6  22  21 
 685	6   2   1 
 685	6  11  10 
 691	2   5   1 
 691	2  20  16 
 693	2  17  15 
 693	2   5   1 
 695	2  11   1 
 697	2  11   1 
 691	6   8   3 
 695	6  22  18 
 701	2  17  15 
 703	2  20  16 
 705	2  21  16 
 699	6   8   6 
 705	2   5   6 
 705	2  18   8 
 707	6  18   8 
 707	2  20  15 
 709	2  20  15 
 711	2  21  16 
 707	2   5   6 
 709	6   5   1 
 713	2   8  18 
 715	2  17  18 
 713	2  21  15 
 715	2  21  15 
 717	2  16  15 
 719	2  17  18 
 719	2  11   6 
 715	6  14   9 
 721	6  22  18 
 721	2  16  15 
 721	2   1   3 
 727	2  20  22 
 723	2  11   6 
 729	2  20  22 
 731	2  21  22 
 733	2  21  22 
 725	2   1   3 
 727	6   7   5 
 735	2  16  22 
 733	2   8   7 
 737	2  16  22 
 735	2   8   7 
 737	2   8   6 
 739	6  11   1 
 739	6  13   9 
 745	6  17   7 
 745	6  14   4 
 751	2   1   3 
 745	6  20  15 
 751	2  20  22 
 753	2   7  17 
 755	2   7  17 
 757	2  15  17 
 757	2   8   6 
 759	6   2   1 
 759	2  15  17 
 761	2  21  17 
 763	2  21  17 
 761	6  15  10 
 765	2   7   6 
 767	2   7   6 
 767	2  16  17 
 769	6  21  20 
 769	2  10   6 
 771	2  11  13 
 773	2  13  11 
 775	2  16  17 
 769	2   2   3 
 775	2   8   3 
 777	2  21  22 
 775	2  10   6 
 779	2  21  17 
 777	2   8   3 
 779	2   8  14 
 781	2  14   8 
 781	2  21  17 
 783	6   3   2 
 783	2  22  17 
 785	2  22  17 
 789	2   3   4 
 791	2   4   3 
 793	2   3   4 
 795	2   8  14 
 787	6  23  18 
 777	6  10   6 
 783	2  20  10 
 797	2   7   2 
 785	2  20  10 
 787	2  16  10 
 789	2  16  10 
 799	6  12   2 
 805	2   7  12 
 791	6  15  10 
 807	2   6  12 
 797	2  21  15 
 809	2   6  12 
 799	2  21  15 
 801	6  21  15 
 807	2  22  21 
 809	2  22  21 
 811	6  16  12 
 811	6   2   0 
 817	2  17  21 
 819	2  20  16 
 817	6   6   2 
 821	2  17  21 
 823	6   4   2 
 823	2  20  16 
 825	2  12  16 
 827	2  12  16 
 823	6  19  18 
 823	6   5   0 
 829	6  12   7 
 829	2  15  16 
 831	2  15  16 
 833	2  22  16 
 835	2  22  16 
 837	2  22  24 
 829	2   4   9 
 835	2   7   6 
 831	2   9   4 
 833	2   4   9 
 839	2  24  22 
 841	2  22  24 
 837	2  11  13 
 839	2   6   7 
 841	2   7   6 
 839	6  20  15 
 845	2  15   5 
 847	2   5  15 
 849	2  15   5 
 843	6  18  12 
 851	2  17  16 
 853	2  17  16 
 855	2  21  16 
 857	2  21  16 
 855	2  18  19 
 859	2  21  23 
 861	2  23  21 
 851	6   6   1 
 863	2  21  23 
 859	6  12  10 
 865	2  19  18 
 865	2  16   6 
 867	2  20  10 
 867	2  17  12 
 869	2   6  16 
 871	2  10  20 
 873	2  20  10 
 869	2  18  19 
 871	2  12  17 
 873	2  17  12 
 875	2  16   6 
