   1	6  18   3 
   1	6  31  30 
   7	6  32  31 
   1	6  21  15 
   7	6  17  15 
  13	2  32  18 
  15	2  32  18 
   1	6  41  27 
   1	6  43  36 
   7	6  37  36 
   7	6  20  13 
  17	2  32  27 
  19	2  32  27 
  21	2  18  27 
  13	6  37  23 
  23	2  32  17 
  25	2  32  17 
  27	2  32  23 
  29	6  27  11 
  29	6  38  31 
  29	6  22  16 
  35	2  18  11 
  35	2  32  23 
  37	2  18  17 
  37	2  32  31 
  35	6  41  27 
  39	2  18  17 
  41	2  11  17 
  39	2  32  31 
  43	2  11  17 
  45	2  18  23 
  47	6  24  11 
  47	6  27  26 
  53	2  18  23 
  55	2  24  23 
  57	2  24  23 
  59	2  17  23 
  61	2  17  23 
  55	2  32  26 
  57	2  32  26 
  59	2  32  20 
  61	2  32  20 
  63	2  18  31 
  65	2  18  31 
  67	2  24  31 
  69	2  24  31 
  67	2  18  26 
  69	2  18  26 
  71	2  17  31 
  73	6  27  24 
  79	6  24  10 
  85	2  17  31 
  79	2  27  26 
  87	2  23  31 
  81	2  27  26 
  87	2  18  20 
  89	2  23  31 
  91	2  32  33 
  89	2  18  20 
  91	2  27  20 
  93	6  19  12 
  93	2  32  33 
  95	2  32  16 
  97	2  32  16 
  99	2  18  33 
   1	6   1   0 
 101	6  26  23 
 107	2  27  20 
 107	2  32  24 
 109	2  32  24 
 111	2  18  33 
  99	6   3   1 
 113	6  16  11 
 113	2  27  33 
 119	2  17  23 
 121	2  17  23 
 115	2  27  33 
 119	2  32  19 
 121	2  32  19 
 123	2  26  23 
 125	2  26  23 
 127	2  31  23 
 129	2  31  23 
 131	2  32  39 
 131	2  17  20 
 133	2  17  20 
 133	2  32  39 
 135	2  17  33 
 137	6  32  31 
 137	2  26  20 
 137	2  18  11 
 143	2  17  33 
 145	6  31  15 
 145	2  18  11 
 147	2  27  11 
 151	2  18  24 
 153	2  18  24 
 151	2  15   3 
 153	2  15   3 
  19	6  43  35 
 155	2  27  11 
 155	6  30  28 
 157	2  26  20 
 159	2  26  33 
 161	2  18  19 
 163	2  32  20 
 165	2  26  33 
 167	2  32  20 
 163	2  17  11 
 165	2  17  11 
 157	2  15   2 
 159	2  15   2 
 161	6  29  15 
 169	2  27  24 
 171	2  27  24 
 167	6   4   3 
 167	6  14   0 
 167	6  36  35 
 173	6  48  45 
 173	2  29  30 
 175	2  29  30 
 177	2  29  36 
 179	2  29  36 
 181	2  29  21 
 183	2  29  21 
 185	2  29  42 
 173	2  32  33 
 175	2  32  33 
 173	2  18  19 
 175	2  17  24 
 177	2  17  24 
 179	2  26  11 
 181	2  26  11 
 183	2  32  11 
 185	2  32  11 
 187	2  27  19 
 189	2  26  24 
 191	2  27  19 
 187	2  29  42 
 189	2  29  14 
 191	2  29  14 
 187	6  11   4 
 193	2  18  39 
 195	2  18  39 
 187	6   9   2 
 193	6  36  22 
 197	2  17  19 
 197	6  39  34 
 199	2  18  11 
 201	2  17  19 
 199	6  37  29 
 203	2  27  34 
 205	2  26  24 
 205	2  37  45 
 205	6  22  15 
 207	2  32  24 
 209	2  32  24 
 207	2  37  45 
 207	2  18  11 
 209	2  26  19 
 203	6   9   3 
 209	6   5   3 
 211	2  26  19 
 213	2  27  34 
 211	2  37  39 
 213	2  37  39 
 215	2  32  19 
 217	2  32  19 
 215	6   8   2 
 219	2  27  11 
 211	6  23  16 
 221	2  18   5 
 217	2  37  23 
 223	2  18   5 
 219	2  37  23 
 221	2  37  22 
 223	2  37  22 
 221	6  27  20 
 225	2  37  40 
 225	6  18  16 
 231	2  18  27 
 231	6  30  23 
 233	2  18  27 
 235	2  18  33 
 231	6  14   8 
 227	6  42  28 
 237	6  35  14 
 237	2  18  33 
 239	2  20  11 
 241	2  20   5 
 227	6  45  38 
 237	6  38  31 
 237	6   9   2 
 239	6  34  33 
 243	2  16  23 
 245	2  27  34 
 243	2  18   4 
 245	2  18   4 
 245	2  16  23 
 247	6  13   4 
 247	2  27  34 
 247	2  18  24 
 249	2  18  24 
 247	2  16  15 
 251	2  37  40 
 249	2  16  15 
 251	2  16  21 
 253	6  12   5 
 253	2  17  33 
 259	2  27  13 
 253	2  37  36 
 255	2  16  21 
 261	2  20  12 
 255	2  37  36 
 257	2  16  28 
 257	2  37  44 
 259	2  37  44 
 259	2  16  28 
 261	2  37  35 
 263	2  37  35 
 261	2  17  33 
 263	2  17  11 
 263	2  27  13 
 265	6  39  23 
 265	2  18  19 
 271	2  37  46 
 271	2  17  11 
 273	2  17  12 
 275	2  34  13 
 277	2  34  13 
 279	2  26  33 
 275	2  16   8 
 277	2  16   8 
 273	2  37  46 
 279	2  17  12 
 275	6  37  21 
 281	2  26  33 
 281	2  16  31 
 281	6   6   4 
 283	2  32  33 
 283	2  18  19 
 285	2  16  31 
 287	6  30  16 
 287	2  32  33 
 289	2  26  11 
 291	2  26  11 
 281	6  21   7 
 287	6   7   1 
 281	6  43  35 
 293	2  27  24 
 295	6  25  12 
 295	2  30  23 
 297	2  30  23 
 295	2   1   9 
 299	2  30  16 
 289	6  40  39 
 287	6  35  21 
 293	6  21  14 
 295	6  40  34 
 301	2  30  16 
 303	2  27  24 
 301	6   4   3 
 305	2   1   9 
 305	2  27  19 
 305	2  40  24 
 299	6  35  21 
 307	2   1   3 
 307	2  18  33 
 307	2  30  22 
 309	6  13  10 
 309	2  30  22 
 311	2  30  39 
 309	2  26  25 
 311	2  26  25 
 313	2  30  39 
 311	6  21   7 
 315	2  20  34 
 315	2  30  36 
 315	6   5   4 
 317	2  18  33 
 317	2  30  36 
 319	2  40  24 
 319	2  27  19 
 317	6  15   9 
 323	2   1   3 
 321	2  27  33 
 323	2  27  33 
 325	2  40  19 
 327	2  20  34 
 321	2  30  44 
 323	2  30  44 
 325	2  30  43 
 327	2  10  24 
 325	2   1   0 
 327	2   1   0 
 327	6  29  15 
 329	2  32  11 
 331	2  32  11 
 333	6  34  26 
 333	2  30  43 
 333	2   1  14 
 335	2   1  14 
 333	2  18  11 
 335	2  18  11 
 335	2  30  46 
 337	2  10  24 
 337	2   1   7 
 339	6  41  39 
 339	2  17  26 
 345	2  32  25 
 347	2  32  25 
 339	2   1   7 
 341	2   1   4 
 343	2   1   4 
 345	2   1  15 
 347	2   1  15 
 345	6  20   4 
 349	2  30  46 
 351	2  17  26 
 351	2  30  29 
 349	6   8   1 
 353	2  34  26 
 353	2  30  29 
 351	6  39  38 
 355	2  18  25 
 357	2  18  25 
 359	2  34  26 
 361	2  32  26 
 355	2   4   9 
 357	2   4   9 
 359	2  17   9 
 363	2  40  19 
 365	6  19  11 
 371	2  10  11 
 371	2  32  26 
 373	2  27  19 
 375	2  18  26 
 355	6  30  23 
 361	6  37  22 
 367	6  23   8 
 373	2   8   3 
 375	2   8   3 
 367	6  45  37 
 373	6  47  31 
 377	2   8   0 
 377	2  10  11 
 377	2  27  19 
 379	6  20  12 
 379	2  17   9 
 381	2   8   0 
 379	2  40  33 
 381	2  40  33 
 381	2  23  38 
 383	2   8  14 
 383	2  23  38 
 383	6  33  25 
 385	2   8  14 
 387	2   8   7 
 385	2  23  37 
 387	2  23  37 
 379	6   4   3 
 385	6  12  10 
 389	2   8   7 
 391	2  40  19 
 391	6  10   9 
 393	2  40  19 
 395	2  12  25 
 389	6  30  23 
 395	6  22   7 
 397	2  12  25 
 401	2   8   9 
 403	2   8   9 
 399	2  18  26 
 401	2  24  11 
 403	2  24  11 
 405	2  24  25 
 405	2  12  19 
 401	2  27  33 
 403	2  27  33 
 405	2  40  33 
 405	2   8  15 
 405	6   3   2 
 407	2  27  26 
 409	2  12  19 
 407	2  30  39 
 409	2  24  25 
 411	2  30  39 
 411	2  27  26 
 413	2  40  33 
 415	2  40  26 
 407	2   8  15 
 413	2  30  31 
 411	2   2   7 
 413	2   2   7 
 415	2  30  31 
 411	6  17  16 
 401	6  28  21 
 415	6   7   2 
 417	2  24  19 
 419	2  24  19 
 417	6  47  45 
 421	2  11  25 
 421	2  16   2 
 421	2   7  21 
 421	6  34  20 
 423	2  11  25 
 427	2  40  26 
 423	2  16   2 
 423	2   7  21 
 425	2  16  21 
 427	2  16  21 
 425	2   7   1 
 427	2   7   1 
 423	6  38  30 
 429	6  29   8 
 435	2  16   1 
 429	2  12  33 
 431	2  12  33 
 433	2  11  19 
 437	2  16   1 
 435	2  11  19 
 439	2  24  33 
 435	6  45  42 
 437	6  20  12 
 441	2  24  33 
 439	6  14   7 
 443	2  29  30 
 443	2  12  10 
 445	2  12  10 
 445	2  29  30 
 443	6  32  24 
 447	2  29  37 
 447	6  27  11 
 453	2  24  10 
 449	2  29  37 
 453	2  20  26 
 441	6  48  47 
 441	6  42  35 
 455	2  24  10 
 457	2  25  19 
 451	2  14  35 
 453	2  14  35 
 457	2  14  23 
 447	6  48  46 
 455	6  35  28 
 459	2  18  10 
 459	2  27  33 
 459	2  14  23 
 461	6  37  29 
 461	2  18  10 
 463	2  20  26 
 465	2  27  33 
 463	2  11  10 
 465	2  11  10 
 453	6  46  45 
 461	6  15  14 
 459	6  47  46 
 467	6  12   4 
 467	2  32  26 
 469	2  32  26 
 471	2  37  39 
 471	2  27  26 
 467	2  15  17 
 469	2  15  17 
 471	6  21   9 
 473	2  37  39 
 473	2  25  19 
 475	2  25  33 
 475	2  38  46 
 477	6  28  15 
 477	2  37  31 
 479	2  25  33 
 483	2  16  15 
 479	2  38  46 
 481	2  19  33 
 485	2  16  15 
 483	2  19  33 
 487	2  16  23 
 485	2  27  26 
 489	2  16  23 
 487	2  25  26 
 477	2   4   2 
 491	2  16  17 
 489	2  25  26 
 491	2  19  26 
 479	2   4   2 
 481	2  37  31 
 483	2  37  46 
 485	2  37  46 
 487	6  44  28 
 487	6  47  41 
 481	6   4   2 
 487	6  11   4 
 493	6  41  39 
 499	2  37  39 
 493	2  19  26 
 493	2   2   9 
 495	2  24  11 
 495	2   2   9 
 497	2   2   1 
 499	2   2   1 
 497	2  24  11 
 499	2  18  11 
 499	6  24  16 
 501	2  18  11 
 501	2  33  26 
 503	2  33  26 
 501	2  44  45 
 503	2  44  45 
 503	2   4  11 
 501	6   8   1 
 505	2  24  17 
 505	2  44  47 
 505	2   4  11 
 507	6  26  10 
 507	6  45  30 
 513	2   2  15 
 515	2   2  15 
 517	2  16   9 
 519	2  16   9 
 513	2  44  47 
 521	2  16   8 
 515	2  44  36 
 517	2  44  36 
 515	2  40  26 
 517	2  40  26 
 519	2  20  26 
 519	2  44  28 
 521	2  44  28 
 521	2  20  26 
 513	6  31  24 
 519	6  18  11 
 523	2   2  23 
 525	2  11   9 
 523	2  44  43 
 527	2  11   9 
 529	2   4   9 
 531	2   4   9 
 525	2  44  43 
 525	2  32  26 
 533	2  16   8 
 527	2  32  26 
 535	2   2  23 
 537	2  31  30 
 537	2  11   8 
 529	2  27  26 
 531	2  27  26 
 523	6  48  46 
 529	2  44  46 
 531	2  44  46 
 533	6  40  27 
 539	6  34  18 
 539	2  31  30 
 533	6  44  35 
 539	6  35  14 
 545	6  12  10 
 545	2  25  26 
 547	2  27  34 
 545	2  37  39 
 545	2  14   1 
 549	2  25  26 
 551	2  31  47 
 551	2  19  26 
 547	2  14   1 
 551	2  16  15 
 551	6   4   2 
 553	2  27  34 
 555	2  20  34 
 553	2  16  15 
 555	2  16  23 
 557	2  11   8 
 557	2  31  47 
 559	2  20  34 
 559	2   2   8 
 559	2   4  17 
 561	6  20  12 
 561	2  32  34 
 563	2  32  34 
 565	2  31  36 
 561	2   2   8 
 565	2  40  34 
 563	6  15  10 
 567	2  31  36 
 567	2  19  26 
 567	2  40  34 
 569	6  18   4 
 569	2  14  15 
 571	2  14  15 
 573	2  16  23 
 573	2  14   0 
 569	6  27  13 
 569	6  47  40 
 569	6  45  36 
 575	6  36  28 
 575	2  18  17 
 577	2  25  34 
 575	2  14   0 
 577	2  14   7 
 579	2  25  34 
 581	2  33  26 
 581	2  31  36 
 579	2  14   7 
 577	2  11  10 
 581	2  14  22 
 579	2  11  10 
 581	2   2  10 
 575	6  13   5 
 583	6  39  18 
 583	2  14  22 
 589	2  33  26 
 589	2  11  23 
 583	6  44  43 
 583	6   8   1 
 591	6   5   3 
 597	2  19  34 
 599	2  19  34 
 601	2  20  26 
 597	2   3   9 
 599	2   3   9 
 601	2   3   1 
 603	2  20  26 
 603	2   3   1 
 601	2  16  17 
 603	2  16  17 
 605	2  12   9 
 607	2  12   9 
 591	2  31  36 
 593	2  31  44 
 595	2  31  44 
 597	2  31  46 
 601	2  39  30 
 603	2  39  30 
 609	2  11  23 
 605	2  39  40 
 611	2   2  10 
 607	2  39  40 
 609	2  33  34 
 611	2  33  34 
 613	2   3  10 
 615	2   3  10 
 609	2  39  45 
 611	2  39  45 
 611	2  14  21 
 613	2  14  21 
 613	2  39  36 
 615	2  39  36 
 611	6  23  16 
 617	6  12  10 
 617	2  23  30 
 619	2  23  30 
 617	2  14  35 
 619	2  39  44 
 621	2  39  44 
 621	6  30  23 
 623	2  20  34 
 625	2  20  34 
 623	2  10   1 
 625	2  11  17 
 625	2  14  35 
 623	6  32  25 
 627	2   2  16 
 629	2  25   9 
 631	2  25   9 
 633	6  12   9 
 633	2  31  46 
 635	2  39  46 
 637	2  39  46 
 639	6  46  30 
 639	2  10   1 
 641	2  10   9 
 643	2  10   9 
 645	2  11  17 
 639	2  26  34 
 647	2   2  16 
 641	2  26  34 
 645	2  46  40 
 647	2  46  40 
 645	6  31  30 
 649	2   3  16 
 649	2  46  45 
 627	6  21  14 
 645	2  21  28 
 647	2  21  28 
 645	6  43  36 
 651	2   3  16 
 653	2   2  17 
 651	2  46  45 
 651	2  21  29 
 653	2  21  29 
 649	6  41  40 
 655	6  30  21 
 655	2  10  16 
 657	2  10  16 
 647	6  26  12 
 661	2   2  17 
 661	2  46  43 
 663	6  40  37 
 669	2  30  37 
 663	2   3  17 
 663	2  21   8 
 665	2   3  17 
 669	2  47  26 
 671	2  46  43 
 665	2  21   8 
 673	2  46  44 
 667	2  10  17 
 669	2  10  17 
 675	2  46  44 
 667	2  21  15 
 669	2  21  15 
 671	2  11  23 
 673	2  11  23 
 675	2   2  23 
 673	6  41  27 
 677	2  21   0 
 679	2   2  23 
 681	6  48  45 
 681	2  21   0 
 683	2  21   7 
 685	2  21   7 
 683	6  25  16 
 687	2  30  37 
 689	6  45  31 
 689	2  11  27 
 689	2  21  22 
 695	2  30  24 
 691	2  21  22 
 695	2  46  45 
 691	2  11  27 
 697	2  46  45 
 697	2  30  24 
 693	2  21  14 
 695	2  21  14 
 697	2  21  35 
 693	6  27  11 
 699	6  46  43 
 699	2  16   1 
 701	2  16   1 
 703	2  16   9 
 699	2  30  31 
 701	2  30  31 
 699	6  11   3 
 699	6  34  27 
 705	2  47  26 
 705	2  16   9 
 705	2  21  35 
 707	6  44  38 
 707	2  16  25 
 709	2  11  23 
 711	2  16  25 
 711	2   2   3 
 707	2  34  48 
 709	2  34  48 
 713	2  30  18 
 715	2  32  26 
 713	2   2   3 
 715	2  21  28 
 717	2  30  18 
 713	6  15   8 
 711	6  47  40 
 719	6  39  38 
 719	2  16  17 
 719	2  21  28 
 721	2  11  23 
 725	2  32  26 
 723	2  21  29 
 725	2  30  36 
 723	2  16  17 
 727	2  19  26 
 727	2  10  23 
 717	6  48  41 
 723	6  41  34 
 719	6   8   1 
 727	6  38  36 
 733	2  30  38 
 735	2  36  15 
 729	2  19  26 
 731	2  33  26 
 733	2  33  26 
 735	2  41  46 
 737	2  41  46 
 735	2  20  26 
 737	2  20  26 
 737	2  10  23 
 737	6   7   1 
 739	2  11   3 
 739	2  16  23 
 739	2  21  29 
 741	2  16  23 
 741	2  11   3 
 739	2  41  39 
 741	2  41  39 
 741	6  36  21 
 743	2  10   3 
 743	2  12  26 
 745	2  10   3 
 745	2  12  26 
 747	6  11   2 
 747	2  27  26 
 749	2  27  26 
 753	2  16   3 
 755	2  16   3 
 747	2  36  37 
 749	2  36  37 
 747	6  21   7 
 757	6  26  11 
 757	2   7  15 
 759	2   7  21 
 761	2   7  21 
 743	6  41  39 
 763	2  26  34 
 763	2   7   0 
 765	2  26  34 
 749	2  39  45 
 751	2  39  45 
 765	2   7   0 
 757	6   9   2 
 751	6  36  30 
 757	2  30  24 
 759	2  30  24 
 761	2  30  31 
 763	2  30  31 
 749	6  48  47 
 755	6  47  39 
 757	6  43  36 
 763	6  10   9 
 767	2   7   1 
 761	6  47  45 
 763	6  35  21 
 769	2  36  15 
 767	6  40  26 
 771	2  36  15 
 773	6  22  15 
 773	2  40  46 
 775	2  40  46 
 777	2  40  41 
 773	2  36  35 
 775	2  36  35 
 773	2   7   1 
 773	6  25  10 
 779	6  17   8 
 779	2  40  41 
 781	2  40  47 
 783	2  40  47 
 785	6  23   9 
 785	6  45  42 
 785	6  14   7 
 779	6  26  12 
 785	6  32  25 
 785	6  12   4 
 791	6  19  17 
 797	2   4  19 
 791	2  14  15 
 793	2  14  15 
 795	2  14   7 
 797	2  14   7 
 799	2   4  19 
 799	2  14  21 
 801	2   4   2 
 791	2  32  34 
 793	2  32  34 
 801	2  14  21 
 795	2  32  46 
 797	2  32  46 
 803	2   4   2 
 801	2  32  41 
 805	2   4  10 
 803	2  14  28 
 803	2  32  41 
 805	2  14  28 
 805	2  25  19 
 791	6  43  42 
 797	6  37  23 
 807	6  36  22 
 807	2  25  19 
 807	2   4  10 
 813	2  43  36 
 809	2  17  19 
 811	2  17  19 
 809	2  32  47 
 811	2  32  47 
 813	2  33  19 
 809	6   4   2 
 815	6  25   4 
 815	2  43  36 
 817	2  43  35 
 819	2  43  35 
 813	6  22  14 
 819	2  22  29 
 821	2   4  25 
 821	2  22  29 
 817	6  38  37 
 815	6  41  34 
 815	6   8   1 
 823	2   4  25 
 825	2  38  41 
 823	2  14   0 
 825	2  22  23 
 825	2   4  10 
 825	2   2   1 
 821	6  43  42 
 827	6  40  38 
 833	2  38  36 
 835	2  38  36 
 827	2  14   0 
 829	2  22  23 
 829	2  14   8 
 827	2  17  25 
 829	2  17  25 
 831	2   2   1 
 833	2  33  19 
 835	2  40  41 
 833	2  14   8 
 835	2  20  19 
 831	2   4  10 
 833	2  17  10 
 835	2   4   1 
 831	6  23  22 
 837	6  38  36 
 837	2  23  24 
 837	2  20  19 
 837	2   2   9 
 843	2  36  35 
 839	2  26  19 
 837	2  14  15 
 839	2   4   1 
 841	2   2   9 
 841	2  14  15 
 843	2  14   7 
 839	2  23  24 
 841	2  33  25 
 843	2  33  25 
 843	2  17  10 
 841	6  13  12 
 845	2  17   1 
 847	2  26  19 
 849	2  30  18 
 847	2  14   7 
 845	2  40  46 
 851	2  30  18 
 849	2  14  21 
 847	2   2   3 
 849	2   2   3 
 847	2  40  46 
 849	2  40  34 
 851	2  40  34 
 851	2  14  21 
 845	6  43  35 
 849	6   8   0 
 853	2  20  25 
 855	2   4   9 
 853	2  36  43 
 855	2  20  25 
 853	2  40  47 
 855	2  40  47 
 855	2  14  28 
 857	2  17   1 
 855	2  30  37 
 857	2  30  37 
 859	6  44  32 
 859	2  27  19 
 861	2  27  19 
 859	2   4   9 
 861	2  17   9 
 863	2  17   9 
 859	2  14  28 
 861	2   4   3 
 863	2   4   3 
 861	6  22  14 
 865	2  44  38 
 865	2  26  25 
 865	6  12  10 
 867	2  26  25 
 867	2  44  38 
 869	2  27  25 
 867	2  22  29 
 869	2  40  38 
 869	2  22  29 
 865	6  42  35 
 871	6   9   1 
 871	2  44  43 
 871	2  33  12 
 873	2  33  12 
 873	2  44  43 
 875	2  20  12 
 875	2  40  38 
 871	2  22  14 
 873	2  22  14 
 877	6  31  16 
 877	2  20  12 
 879	2  11  19 
 881	2  11  19 
 877	6  44  43 
 871	6  35  28 
 877	6  28  21 
 877	6  46  40 
 883	2  26  12 
 883	2  17   3 
 885	2  27  25 
 887	2  26  12 
 883	2  46  44 
 889	2  27  12 
 883	2  21   8 
 887	2  30  39 
 889	2  22  24 
 889	2  46  44 
 885	6  10   9 
 891	6  39  31 
 891	2  27  12 
 891	2  23  16 
 893	2  17   3 
 893	2  21   8 
 895	2  21   0 
 893	6  33  26 
 897	2  21   0 
 897	2  30  31 
 893	6  20  13 
 895	6  18  10 
 899	2  39  41 
 899	2  21  15 
 901	2  21  15 
 901	2  26  18 
 901	2  39  41 
 899	6  36  30 
 903	2  26  18 
 903	2  39  40 
 903	2  21   7 
 905	6   3   1 
 905	2  23  16 
 905	2  13  18 
 905	2  39  40 
 907	2  39  34 
 907	2  22  24 
 909	2  13  18 
 911	2  11  25 
 913	2  11  25 
 909	2  22  16 
 911	2  21   7 
 913	2  21  28 
 909	6  41  40 
 911	6  30  16 
 915	2  39  34 
 915	2  19  25 
 915	2  21  28 
 915	6   5   3 
 917	2  21  35 
 919	2  21  35 
 921	2  21  29 
 917	2  19  25 
 917	2  39  47 
 919	2  33  18 
 921	2  26   5 
 923	2  26   5 
 923	2  21  29 
 917	2  16   8 
 925	2  13   5 
 927	2  13   5 
 919	2  16   8 
 921	2  16   0 
 923	2  16   0 
 925	2  33  18 
 927	2  27  18 
 925	2  16  15 
 927	2  39  47 
 927	2  16  15 
 929	6  26   5 
 929	2  16   7 
 935	2  33  26 
 937	2  33  26 
 929	2  39  38 
 931	2  16   7 
 931	2  39  38 
 935	2  11  12 
 933	2  16  28 
 937	2  11  12 
 935	2  16  28 
 937	2  21  14 
 937	6  30  16 
 939	2  19  12 
 939	2  21  14 
 941	2  19  12 
 937	6   3   2 
 943	6   5   3 
 949	2  25  12 
 951	2  25  12 
 943	2  22  16 
 949	2   3   1 
 951	2   3   1 
 937	6  43  35 
 943	6  35  28 
 939	6  40  34 
 949	6  28  14 
 953	2  39  44 
 953	2  27  18 
 953	6  13   5 
 955	2  39  44 
 957	2  30  43 
 955	2  11  18 
 957	2  11  18 
 955	2  27  26 
 957	2  27  26 
 955	2  14   8 
 957	2  14   8 
 959	6  17  10 
 959	2  14   0 
 959	2  30  43 
 961	2  14   0 
 959	2  13  34 
 961	2  13  34 
 963	2  14  15 
 961	2  30  29 
 963	2  30  29 
 957	6  46  39 
 963	6  34  13 
 965	2  14  15 
 965	2  30  28 
 967	2  23  17 
 967	2  14   7 
 961	6  43  42 
 967	6  39  38 
 969	2  23  17 
 969	2  14   7 
 969	2   4  13 
 971	2  19  18 
 971	2  14  35 
 973	2  14  35 
 973	2  11  26 
 963	6   2   1 
 973	6  45  44 
 975	2   4  13 
 975	2  21  24 
 977	2  21  24 
 975	2  34  41 
 977	2  34  41 
 977	6  13   4 
 983	2  19  18 
 983	2  10   4 
 985	2  10   4 
 979	2  34  40 
 981	2  34  40 
 983	2  34  47 
 985	2  34  47 
 987	2   3   4 
 987	2  34  39 
 979	2  30  28 
 981	2  30  24 
 983	2  30  24 
 985	2  25  18 
 987	2  25  18 
 987	2  21  16 
 981	6  42  35 
 985	6  20  13 
 989	2  34  39 
 989	2  14  35 
 991	2  14  35 
 993	2  23  37 
 989	2   3   4 
 995	2  14  29 
 991	2  20  41 
 993	2  20  41 
 997	2  22  17 
 995	6  41  20 
 999	2  14  29 
 991	6   3   2 
 995	6  46  45 
1001	6  38  29 
1001	2  41  40 
1003	2  41  40 
1005	2  41  47 
1007	2  41  47 
1001	2  12  18 
1003	2   5   3 
1005	2  11  26 
1007	2  22  17 
1007	2  19  26 
1001	6   7   0 
1007	6  45  38 
1009	2  19  26 
1011	2  25  26 
1013	2  25  26 
1009	2   5   3 
1011	2   5   4 
1013	2   5   4 
1009	2  14  28 
1015	2  12  18 
1013	2  41  39 
1015	2  34  46 
1011	2  29   8 
1013	2  29   8 
1015	2  14  28 
1017	6  21   9 
1017	2  12  26 
1019	2  12  26 
1017	2  41  39 
1021	2  34  46 
1017	6  30  24 
1023	6  29  21 
1023	2  18  26 
1023	2   9  16 
1029	2  21   7 
1025	2  24  16 
1027	2  18  26 
1029	2  24  16 
1023	2  41  46 
1025	2  41  46 
1023	6   4   3 
1023	6  20  13 
1027	6  45  43 
1031	2  21   7 
1031	2  10  13 
1033	2  14  30 
1033	2  10  13 
1035	2  21  15 
1037	2  21  15 
1035	6  13   5 
1039	2  21   0 
1035	6  43  36 
1029	6  33  26 
1041	2  21   0 
1035	6  26  10 
1043	2  21  42 
1045	2  14  30 
1041	2  10   4 
1043	2  10   4 
1045	2   9  17 
1047	2  21  42 
1047	2   9  17 
1049	2  23  37 
1051	2  23  31 
1049	2   2   5 
1051	2   2   5 
1051	2  21  35 
1041	2  26  40 
1043	2  26  40 
1045	6  40  26 
1051	2  40  47 
1053	6  38  32 
1053	2  14  16 
1055	2  10   3 
1057	2  10   3 
1053	2  13   5 
1055	2  21  35 
1055	2  13   5 
1053	2  40  47 
1057	2  21  36 
1053	6  26  19 
1055	6  16   8 
1059	2  40  39 
1059	2  21  36 
1061	6  31  16 
1067	2  22  37 
1067	2  40  39 
1067	2  24  17 
1069	6  15   9 
1069	2  24  17 
1069	2  40  46 
1071	2  40  46 
1071	2  32  31 
1073	2  32  31 
1075	2  23  16 
1077	2  22  37 
1079	2  22  16 
1059	6  27  13 
1065	2  13   4 
1081	2  22  16 
1067	2  13   4 
1069	2  11   4 
1071	2  11   4 
1073	6  19   4 
1079	2  26  19 
1081	2  26  19 
1079	2   2   4 
1081	2   2   4 
1073	6  41  40 
1079	6  47  31 
1083	2  10   5 
1083	2  21  28 
1083	6  27  20 
1085	2  10   5 
1085	2  21  28 
1087	2  21  30 
1083	6   8   7 
1087	6   5   3 
1089	2  25  19 
1089	2  14   7 
1091	2  25  19 
1089	2  23  29 
1091	2  21  30 
1089	2  34  47 
1091	2  34  47 
1093	6  17   8 
1093	2  12  19 
1095	2  13   5 
1097	2  12  19 
1099	2  20   4 
1093	2  40  47 
1095	2  40  47 
1099	2  21   7 
1097	2  41  47 
1101	2  21   7 
1101	2  20   4 
1099	2  41  47 
1093	6  37  30 
1099	6  25  17 
1105	2  10   4 
1103	2  14   8 
1105	2  18  19 
1107	2  32  25 
1107	2  13   5 
1105	2  14   8 
1107	2  15  30 
1109	6   6   3 
1115	2  10   4 
1117	2  11   5 
1109	2  15  30 
1119	2  13   6 
1109	2  32  25 
1121	2  11   5 
1111	2  15  16 
1113	2  23  29 
1115	2  21   8 
1117	2  22  29 
1111	2  34  25 
1113	2  34  25 
1123	2  13   6 
1115	2  40  25 
1119	2  15  16 
1119	2  24  30 
1121	2  40  25 
1123	2  18  19 
1121	2  21   8 
1123	2  24  30 
1125	6  12   6 
1125	2  22  29 
1127	2  15  29 
1125	2  41  25 
1127	2  41  25 
1129	2  14  30 
1123	6  10   2 
1129	6  17  10 
1131	2  26   5 
1133	2  26   5 
1131	2  14  30 
1133	2  15  29 
1135	6  32  17 
1141	6  17  15 
1141	2  32  31 
1143	2  32  31 
1141	2  13   4 
1145	2  32  39 
1147	2  21  30 
1143	2  13   4 
1149	2  21  30 
1147	2  32  39 
1147	2  11  12 
1149	2  11  12 
1135	6  34  27 
1145	6  27  20 
1151	6  33  27 
1157	2  33  31 
1151	2  11   4 
1151	2  15   9 
1153	2  11   4 
1153	2  15   9 
1155	2  15   0 
1157	2  15   0 
1155	6  18   4 
1159	2  33  31 
1135	6  42  35 
1151	6  35  28 
1159	2  15  28 
1161	6  29  15 
1167	2  29  28 
1161	2  26  12 
1163	2  26  12 
1165	2  10   5 
1167	2  10   5 
1165	2  33  39 
1167	2  32  46 
1167	2  27  19 
1169	6  24   9 
1169	2   6   5 
1171	2   6   5 
1173	2   4   5 
1169	2  33  39 
1175	2  32  46 
1175	2  29  42 
1171	2  27  19 
1177	2  29  42 
1175	2  10  12 
1177	2  33  46 
1177	2  10  12 
1177	6  31  24 
1179	2  33  46 
1179	2   9  16 
1179	2  29  36 
1181	2   9  16 
1179	2   6  12 
1181	2  29  36 
1181	2  26  18 
1181	2   4   5 
1183	6  27  20 
1183	2  14  16 
1183	2  32  47 
1183	2   6  12 
1185	2   4  12 
1185	2  14  16 
1187	2   4  12 
1187	2  21  16 
1185	2  32  47 
1187	2  32  25 
1189	6  40  31 
1189	2  26  18 
1189	2  29  35 
1191	2  20   5 
1191	2  29  35 
1193	2  20   5 
1189	2   9  15 
1191	2  10  18 
1193	2  10  18 
1195	6  24  10 
1195	2  19   5 
1201	2   2  10 
1203	2   9  15 
1197	2  20  12 
1197	2  33  47 
1203	2   6  18 
1205	2   6  18 
1205	2  14  15 
1207	2  20  12 
1207	2   2  10 
1207	2  14  15 
1207	2  33  47 
1195	2  29  37 
1197	2  29  37 
1199	6  29  28 
1209	2  28   7 
1211	2  13  10 
1209	2  32  25 
1213	2  13  10 
1215	6  28  15 
1215	2  33  25 
1215	2  11  10 
1217	2  11  10 
1217	2  27  40 
1221	2  26  10 
1223	2  19   5 
1223	2  21  16 
1225	6  23   2 
1225	2  27  40 
1227	2  19  12 
1229	2  19  12 
1227	6  39  32 
1231	2   4  18 
1233	2  23  32 
1235	2   4  18 
1235	2  31  40 
1231	2  21  28 
1235	2  15   7 
1233	2  21  28 
1231	6  27  13 
1237	2  23  32 
1237	2   5  12 
1237	6   2   0 
1239	2  27  32 
1241	2  33  25 
1243	2  26  10 
1239	6  13   5 
1245	6   6   4 
1245	2  27  32 
1247	2  31  40 
1245	2  15   8 
1251	2   5   2 
1253	2  20  18 
1253	2  15   8 
1249	2  41  40 
1251	2  41  40 
1253	2  39  40 
1249	6  31  23 
1253	6   5   3 
1255	2  20  18 
1257	2  19  18 
1255	2  31  46 
1257	2  31  46 
1255	6  41  33 
1259	2  13  12 
1259	2  24  10 
1261	6  46  33 
1261	2  15  30 
1261	2   3   2 
1263	2  23   2 
1265	2  23   2 
1261	2  19  18 
1261	6   6   5 
1263	6  18  11 
1267	2  27  33 
1269	2  27  33 
1267	2  15  30 
1269	2  15  16 
1271	2  15  16 
1269	2  13  11 
1271	2  31  47 
1271	2  13  11 
1271	6  34  27 
1273	2  18  32 
1273	2  15  28 
1275	2  18  32 
1275	2  15  28 
1277	2  31  47 
1277	2  12  11 
1273	6   3   2 
1279	6  15   2 
1279	2  39  40 
1279	2  12  11 
1281	2  41  40 
1281	2  26  32 
1283	2  31  25 
1283	2  34  47 
1285	6  28  15 
1285	2  24  10 
1285	2  34  47 
1287	2   4  10 
1287	2  31  25 
1287	2  41  40 
1291	2  28  29 
1289	2  18  33 
1291	2  18  33 
1289	6  46  38 
1293	2  34  25 
1293	2  28  29 
1293	2   4  10 
1281	6  20  13 
1291	6  15   8 
1295	2  26  32 
1295	2  23  29 
1295	2   5  10 
1295	6  47  41 
1297	2  24  32 
1299	2  26  33 
1297	2   5  10 
1297	2  28  42 
1299	2  23  29 
1299	6  12  10 
1301	2  31  40 
1303	2  24  32 
1301	2  28  42 
1303	2  28  36 
1297	6  14   8 
1303	6  41  27 
1305	2  13  12 
1305	2  28  36 
1307	2  13  12 
1309	2  26  33 
1307	2  28  35 
1309	2  28  35 
1305	6  38  23 
1311	6  38  36 
1311	2  18  27 
1313	2  18  27 
1315	2  34  25 
1311	6  21   7 
1305	6   9   3 
1315	6  10   4 
1317	2  31  40 
1317	2  26  27 
1319	2  24  33 
1319	2  19  12 
1317	2  36  42 
1319	2  36  42 
1321	6  32  18 
1327	2  32  25 
1321	2  28  37 
1323	2  23   9 
1325	2  28  37 
1327	2  34  40 
1329	2  34  40 
1327	2  23   9 
1327	2  28  21 
1329	2  36  38 
1329	2  10  18 
1329	6  23  22 
1331	2  10  18 
1331	2  36  38 
1333	2   5  18 
1333	2  36  35 
1335	2  32  25 
1335	2  22  29 
1335	2  19  12 
1335	6  17   9 
1337	2  26  27 
1337	2  32  40 
1339	2  32  40 
1339	2  20  12 
1341	2  26  25 
1341	2  20  12 
1343	2   5  18 
1345	2  26  25 
1345	2   4  12 
1337	2  22  29 
1339	2  36  35 
1341	2  36  37 
1341	2  28  21 
1343	2  36  37 
1345	2  28  15 
1347	6  33  17 
1353	2  39  33 
1347	2   4  12 
1353	2  13  18 
1353	2  28  15 
1355	6  43  22 
1355	2  11  12 
1357	2  13  18 
1359	2  19  18 
1361	2  26  40 
1361	2  28  30 
1361	2  43  42 
1361	2  11  12 
1363	6  30  29 
1363	2  24  17 
1365	2  10  17 
1363	2  39  33 
1367	2  10  17 
1365	2  47  33 
1367	2  47  33 
1363	2  43  42 
1365	6  44  42 
1369	2  19  18 
1371	2  24  27 
1373	2  24  27 
1375	2   5  17 
1377	2  20  18 
1375	2  43  38 
1369	2  28  29 
1377	2  39  30 
1371	6  28  21 
1377	6  21  15 
1379	2  43  38 
1381	2  26  40 
1381	2  43  35 
1379	6  17  11 
1385	2  20  18 
1383	2  39  30 
1385	2  36  28 
1387	2  43  35 
1387	2   4  18 
1389	2  36  28 
1389	2   5  11 
1391	2  13  11 
1385	2  15  16 
1391	2  36  21 
1389	2  24  25 
1391	2  24  25 
1393	6  42  21 
1399	2  36  42 
1393	2  13  11 
1395	2  19  11 
1399	2  15  16 
1397	2  19  11 
1393	2  31  33 
1395	2  31  33 
1399	2  20  11 
1397	2  34  33 
1399	2  34  33 
1385	6  47  46 
1397	6  45  39 
1401	2  36  29 
1401	2  15  14 
1401	2   4  18 
1401	6  27  13 
1403	2  43  37 
1405	2  36  29 
1403	2  17  18 
1405	2  17  18 
1407	2  24  40 
1409	2  10  13 
1411	2  24  40 
1407	2  43  37 
1409	2  45  44 
1403	2  15  14 
1411	2  45  44 
1409	6  36  29 
1413	2  10  13 
1415	2  29  16 
1417	2  10  25 
1415	2   5  13 
1417	2   5  13 
1413	2  45  38 
1415	2  45  38 
1419	2  12  18 
1417	2  43  28 
1419	2  46  30 
1419	6  43  35 
1421	2  27  13 
1423	2  27  13 
1425	2  19  13 
1421	2  46  30 
1423	2  31  30 
1425	2  46  44 
1425	2  31  30 
1425	2  35  28 
1427	6  45  43 
1427	2  32  33 
1429	2  32  33 
1431	2  26  33 
1427	2  12  18 
1423	6  22  16 
1429	2  29  22 
1429	6  17   5 
1433	2  43  45 
1433	2  26  33 
1435	6  40  34 
1435	2  19  13 
1435	2  43  45 
1437	2  43  37 
1437	2  10  25 
1439	2  20  11 
1439	2  43  37 
1431	6  21  14 
1437	6  29  28 
1441	2  20  13 
1441	2  17  25 
1441	2   4  11 
1441	2  46  44 
1443	6  34  26 
1443	2   4  11 
1443	2  46  38 
1443	2  43  29 
1445	2  31  44 
1445	2   5  11 
1443	2  20  13 
1447	2   4  13 
1447	2  31  44 
1449	2   5  11 
1451	2   4  13 
1449	2  24  33 
1453	2  12  11 
1455	2  12  11 
1451	2  17  25 
1445	2  35  42 
1457	2  18  11 
1449	2  46  38 
1457	2   5  13 
1451	2  31  38 
1447	2  35  42 
1449	2  43  29 
1451	2  43  42 
1453	2  31  38 
1453	2  35  36 
1455	2  43  42 
1455	2  28  21 
1457	2  35  36 
1455	2  46  45 
1457	2  46  45 
1455	6  40  32 
1459	2  28  21 
1459	2   5  13 
1459	2  43  36 
1459	2  18  11 
1461	6  35  21 
1461	2  12  13 
1461	2  32  30 
1463	2  32  30 
1465	2  24  33 
1463	2  12  13 
1465	6  46  44 
1467	2  21  22 
1469	2  21  22 
1467	2  10  26 
1469	2  10  26 
1471	6  12   4 
1471	2  44  37 
1471	2  32  46 
1473	2  31  45 
1475	2  32  46 
1477	2  27  25 
1479	2  18  13 
1471	2  21  35 
1481	2  18  13 
1473	2  43  36 
1483	2  11  13 
1485	2  11  13 
1475	2  44  37 
1475	2  21  35 
1477	2  44  29 
1479	2  31  45 
1481	2  32  38 
1483	2  32  38 
1485	2  32  45 
1479	6  28  22 
1479	6  43  42 
1485	2  42  28 
1487	6  40  39 
1487	2  31  37 
1487	2  17  26 
1487	2  42  28 
1489	2  44  29 
1491	2  42  35 
1489	2  27  25 
1491	2  31  37 
1491	2  17  26 
1487	6  13   5 
1493	6  44  43 
1499	2  43  44 
1493	2  19  25 
1495	2  19  25 
1493	2  39  30 
1495	2  39  30 
1497	2  27  26 
1499	2  27  26 
1497	2  39  46 
1499	2  39  46 
1493	6  17  10 
1497	6  31  30 
1501	2  19  26 
1501	2  43  44 
1503	2  34  31 
1503	2  43  36 
1505	6  25  11 
1505	2  42  35 
1511	2  20  11 
1505	2  39  38 
1507	2  39  38 
1513	2  20  11 
1511	2  32  45 
1513	2  39  45 
1505	2  30  29 
1507	2  43  36 
1513	2  43  28 
1515	6  25  10 
1515	2  39  45 
1521	2  19  26 
1515	2  30  29 
1517	2  30  44 
1519	2  30  44 
1521	2  30  36 
1517	6  40  34 
1523	6  39  37 
1529	2  30  36 
1523	2  20  26 
1529	2  32  39 
1525	2  20  26 
1523	2  12  11 
1525	2  12  11 
1527	2  13  11 
1529	2  13  11 
1527	6  34  27 
1531	2   4  11 
1531	2  32  39 
1531	2  43  28 
1533	6  26  20 
1533	2  40  31 
1535	2  24  31 
1537	2  37  39 
1533	2   4  11 
1539	2  37  39 
1541	2  43  35 
1535	2  18  11 
1537	2  18  11 
1541	2  40  46 
1543	2  17  33 
1545	2  32  29 
1545	2  10  11 
1547	6  45  32 
1547	2  43  35 
1547	2  10  11 
1549	2  12  20 
1551	2  12  20 
1547	6  30  29 
1553	6  29  28 
1553	2  24  31 
1555	2  17  33 
1553	2  13  20 
1557	2  25  33 
1555	2  13  20 
1557	2   4  20 
1553	6  45  43 
1559	6  27  13 
1559	2  40  46 
1559	2  28  29 
1561	2  28  29 
1563	2  28  35 
1559	2  17  31 
1561	2  40  38 
1563	2  40  38 
1561	6  11   4 
1567	2   5   4 
1569	2   5   4 
1565	2  40  32 
1567	2  40  32 
1565	2  43  30 
1569	2  25  33 
1567	2  43  44 
1569	2  43  44 
1571	2  43  36 
1573	2  43  36 
1575	2  43  29 
1571	2  11  20 
1573	2  18  20 
1571	2  34  33 
1573	2  34  33 
1575	2  19  33 
1569	6  46  38 
1575	2  24  38 
1575	6  10   4 
1577	2  43  29 
1577	2  24  38 
1579	2  28  35 
1577	2  19  33 
1581	2  43  35 
1579	2  40  39 
1579	2  37  30 
1581	2  26  33 
1581	2  17  31 
1583	2  40  39 
1583	2  43  35 
1583	2  25  31 
1585	6  46  40 
1585	2  25  31 
1587	2  37  30 
1589	2  37  44 
1587	2  18  20 
1589	2   4  20 
1589	6  31  25 
1591	2  37  44 
1591	2   4  20 
1595	2  46  30 
1595	2  26  33 
1593	6  20  12 
1597	2  46  30 
1599	6  33  19 
1605	2  34  25 
1607	2  24  40 
1599	2  37  36 
1609	2  34  25 
1611	2  33  25 
1605	2   5  12 
1601	2  37  36 
1609	2  46  44 
1607	2   5  12 
1611	2  20  19 
1611	2  46  44 
1613	2  17  38 
1615	6  32  17 
1621	2  24  40 
1615	2  20  19 
1617	2  27  19 
1623	2  24  17 
1619	2  27  19 
1621	2  11  19 
1623	2  32  38 
1623	2  11  19 
1623	6  47  34 
1629	2  33  25 
1625	2  10  12 
1625	2  37  29 
1627	2  31  38 
1629	2  31  38 
1627	2  10  12 
1631	6  41  38 
1631	2  18  19 
1633	2  26  25 
1635	2  26  25 
1637	6  46  45 
1643	2  45  36 
1637	2  18  19 
1639	2   4  19 
1637	2  32  40 
1639	2  32  40 
1643	2  47  41 
1639	2  24  17 
1641	2  20  25 
1643	2  20  25 
1645	6  43  35 
1645	2  24  39 
1647	2  27  25 
1647	2  47  41 
1649	2  31  40 
1651	2  37  29 
1649	2   4  19 
1651	2  32  17 
1651	6  41  34 
1653	2  37  43 
1655	2  37  43 
1653	2  32  17 
1655	2   5  19 
1657	2  27  25 
1659	2   5  19 
1657	2  45  36 
1659	2  31  40 
1661	6  37  24 
1661	2  33  34 
1663	2  47  40 
1665	2  33  34 
1661	6  19   5 
1667	6  25  11 
1667	2  45  29 
1669	2  47  40 
1671	2  45  29 
1667	6  34  27 
1673	2  10   5 
1673	2  26  27 
1673	2  37  39 
1675	6  38  32 
1675	2  10   5 
1675	2  26  27 
1677	2  20  27 
1677	2  12   5 
1679	2  20  27 
1679	2  12   5 
1675	6  47  46 
1677	6  24  17 
1681	2  34  27 
1681	2  38  39 
1681	6  12   4 
1683	2  45  43 
1685	2  45  43 
1683	2  33  40 
1683	2  31  24 
1685	2  33  40 
1685	2  31  24 
1687	2  37  30 
1687	2  26  40 
1689	2  37  30 
1689	2  26  40 
1691	6  34  20 
1697	2  34  40 
1699	2  34  40 
1691	2  25  11 
1693	2  25  11 
1695	2  18  11 
1697	2  18  11 
1699	2  12  11 
1691	2  37  44 
1693	2  37  44 
1695	2  37  36 
1697	2  37  36 
1699	2  37  29 
1695	6  46  45 
1699	6  26  25 
1701	2  38  39 
1701	2  12  11 
1703	2  31  39 
1705	6  46  44 
1705	2  19  11 
1707	2  20  27 
1709	2  26  27 
1705	6  32  24 
1711	2  19  11 
1713	2  10  11 
1711	2  45  32 
1713	2  31  39 
1713	2  26  27 
1715	6  27  20 
1715	2  10  11 
1717	2   4  11 
1719	2   4  11 
1715	2  45  32 
1721	2  18  20 
1723	2  18  20 
1717	2  38  30 
1725	2   5  11 
1727	2   5  11 
1717	2  33  32 
1719	2  38  30 
1719	2  33  32 
1721	2  31  30 
1723	2  31  30 
1721	2  45  39 
1723	2  45  39 
1725	2  38  46 
1727	2  33  39 
1727	2  37  29 
1725	6  20  19 
1729	2  25  32 
1729	2  38  46 
1731	6  40  34 
1731	2  12  19 
1731	2  25  32 
1731	2  45  30 
1733	2  38  36 
1733	2  12  19 
1737	2  33  39 
1735	2  37  43 
1735	2  20  19 
1737	2  37  43 
1739	2  31  46 
1737	2  20  19 
1739	2  27  34 
1739	6  19  12 
1745	2  10  12 
1741	2  45  30 
1747	2  10  12 
1741	2  27  34 
1741	2  40  32 
1745	2  26  34 
1743	2  31  46 
1745	2  38  36 
1747	2  25  39 
1747	6  37  36 
1749	2   4  12 
1751	2   4  12 
1749	2  40  32 
1749	2  45  46 
1751	2  25  39 
1747	6  34  27 
1753	6  39  33 
1759	2  26  27 
1761	2  18  27 
1759	2  31  37 
1761	2  38  29 
1763	6  27  13 
1763	2  45  46 
1769	2  18  13 
1763	2  31  37 
1765	2  38  29 
1771	2  19  13 
1767	2  38  43 
1773	2   5  12 
1775	2  19  13 
1777	2  20  13 
1779	2  20  13 
1769	2  38  43 
1771	2  31  29 
1773	2  45  37 
1775	2  45  37 
1781	2   5  12 
1783	2  10  13 
1785	2  10  13 
1769	2  40  33 
1787	2  11  12 
1789	2  11  12 
1771	2  40  33 
1773	2  34  32 
1775	2  34  32 
1777	2  39  30 
1779	2  39  30 
1781	2  39  46 
1781	2  34  33 
1783	2  39  46 
1785	2  39  37 
1787	2  31  29 
1791	2   4  13 
1789	2  39  37 
1791	2  31  43 
1793	6  32  18 
1799	2  31  43 
1799	2   4  13 
1801	2   5  13 
1803	2   5  13 
1801	2  25  30 
1803	2  25  30 
1805	6  39  30 
1805	2  11  13 
1807	2  26  18 
1811	2  25  46 
1813	2  26  18 
1815	2  11  13 
1813	2  45  29 
1815	2  34  33 
1817	2  40  39 
1817	2  12  13 
1815	6  31  25 
1819	2  12  13 
1819	2  40  39 
1821	2  45  29 
1821	2  26  33 
1817	6  17  10 
1823	6  10   4 
1823	2  26  33 
1823	2  31  46 
1825	2  34  39 
1827	2  40  46 
1829	2  40  46 
1825	2  30  29 
1827	2  31  37 
1829	2  31  37 
1831	2  30  29 
1831	2  32  18 
1831	2  45  43 
1833	2  32  18 
1833	2  45  43 
1831	6  41  34 
1837	2  40  37 
1839	2  40  37 
1841	2  31  29 
1843	2  32  33 
1835	2  19  18 
1843	2  45  38 
1845	2  38  45 
1837	2  19  18 
1839	2  20  18 
1841	2  20  18 
1843	2  17  18 
1845	2  17  18 
1845	2  32  33 
1847	6  33  26 
1847	2  10  18 
1849	2  10  18 
1847	2  30  43 
1849	2  31  29 
1851	2  30  43 
1853	6  37  31 
1853	2   5  18 
1855	2  19  26 
1857	2  19  26 
1841	6  47  41 
1853	6  46  40 
1859	2  30  36 
1859	2  20  26 
1861	2  36  30 
1861	2   5  18 
1863	2  11  18 
1859	2  47  39 
1865	2  11  18 
1861	2  33  39 
1863	2  20  26 
1863	2  45  38 
1863	2  47  40 
1863	2  30  36 
1865	2  37  43 
1867	2  37  43 
1869	2  37  44 
1871	2  44  37 
1865	2  33  39 
1867	2  17  26 
1869	2  32  39 
1871	2  17  26 
1871	2  47  40 
1873	6  38  29 
1879	2  47  31 
1873	2  12  18 
1881	2  47  31 
1875	2  12  18 
1877	6   9   4 
1877	6  26  19 
1883	6  39  33 
1889	2  46  38 
1891	2  39  40 
1893	2  32  33 
1883	2  10  19 
1885	2  13  18 
1887	2  10  19 
1889	2   5  19 
1891	2  37  44 
1891	2   5  19 
1893	2  46  38 
1893	2  11  19 
1889	6  22   9 
1893	6  44  43 
1895	2  13  18 
1895	2  39  40 
1897	2  39  31 
1897	2  26  33 
1895	6  29  22 
1899	2  32  40 
1899	2  11  19 
1899	6  45  44 
1901	2  12  19 
1901	2  32  40 
1903	2  26  33 
1905	2  12  19 
1903	2  39  31 
1905	2  47  38 
1907	6  33  12 
1907	2  46  45 
1909	2  46  45 
1913	6  33  26 
1913	2  47  38 
1915	2  39  38 
1917	2  47  45 
1919	2  33  40 
1921	2  33  40 
1913	2  20  12 
1915	2  20  12 
1917	2  17  12 
1923	2  39  38 
1919	2  13  19 
1921	2  17  12 
1923	2  10  12 
1901	6  36  28 
1907	6  42  35 
1915	6  30  29 
1913	6  43  42 
1919	6  44  43 
1921	6  35  29 
1925	2  47  45 
1925	2  32  31 
1925	2  10  12 
1927	6  26  20 
1927	2  47  44 
1927	2   5  12 
1927	2  32  31 
1929	2  39  45 
1931	2  39  45 
1933	2  33  31 
1933	2  13  19 
1935	6  45  33 
1941	2  39  36 
1943	2  32  38 
1935	2   5  12 
1937	2  11  12 
1939	2  11  12 
1941	2  20  12 
1943	2  20  12 
1935	6  24  17 
1943	6  22  21 
1945	2  13  12 
1947	2  13  12 
1945	2  26  40 
1947	2  26  40 
1945	2  45  31 
1941	6  17  10 
1947	6  31  17 
1949	6  20   5 
1953	2  24  40 
1955	2  44  47 
1955	2  26  17 
1957	2  26  17 
1957	2  47  44 
1959	2  32  38 
1959	2  18  19 
1959	6  23  22 
1961	2  45  38 
1963	2  45  38 
1961	2  18  19 
1961	2  32  33 
1963	2  18  12 
1963	2  32  33 
1963	6  27  20 
1965	2  24  40 
1967	2  31  40 
1969	2  31  40 
1971	2  24  17 
1971	2  45  33 
1973	2  26  38 
1975	2  26  38 
1977	6  40  27 
1983	2  40  27 
1977	2  18  12 
1985	2  40  27 
1987	2  19  12 
1979	2  24  17 
1987	2  24  38 
1989	6  27  13 
1995	2  19  12 
1989	2  36  39 
1991	2  39  36 
1993	2  24  38 
1995	2  31  17 
1997	6  40  32 
2003	2  45  33 
2005	2  40  41 
2007	2  26  33 
2009	2  26  33 
2011	2  41  40 
1997	2  11  13 
1999	2  11  13 
2001	2   5  13 
2003	2   5  13 
2011	2  27  13 
2005	2  31  17 
2007	2  31  38 
2009	2  31  38 
2011	2  45  29 
2007	6  18  11 
2001	6   3   2 
2013	2  27  13 
2015	2  11  13 
2017	2  11  13 
2019	2  19  13 
2021	2  19  13 
2013	2  40  41 
2023	2  12  13 
2025	2  12  13 
2013	2  29  45 
2015	2  24  33 
2017	2  45  29 
2019	2  24  33 
2021	2  32  17 
2023	2  32  17 
2025	2  32  38 
2025	2  18  17 
2027	6  18  17 
2027	2  31  33 
2029	2  46  30 
2031	2  30  46 
2027	6  20   5 
2007	6   7   1 
2033	2  24   9 
2035	2  32  38 
2037	2  31  33 
2035	2  17  18 
2037	2  20  18 
2039	2  31  15 
2041	2  32  33 
2041	2  20  18 
2043	2  17  38 
2043	6  34  20 
2045	2  17  38 
2049	2  32  33 
2051	6  38  32 
2051	2  27  18 
2053	2  27  18 
2055	2  11  18 
2047	6   3   2 
2057	2  11  18 
2057	2  15  31 
2059	6  14   2 
2059	2  19  18 
2061	2  19  18 
2063	2  12  18 
2059	2  34  32 
2061	2  34  32 
2063	2  27  32 
2065	6  28  14 
2065	2  27  32 
2067	2  17  33 
2069	2  11  32 
2071	6  32  19 
2071	6  10   3 
2071	6  44  28 
2071	6  16   8 
2077	2  17  33 
2079	2  11  19 
2077	2  38  44 
2079	2  44  38 
2079	2  34  33 
2081	2  38  44 
2079	2   9  24 
2083	2  26  23 
2085	2  46  30 
2085	2  12  18 
2085	2  34  33 
2087	2  23  26 
2089	2  26  23 
2091	2  13  18 
2093	2  13  18 
2091	2  27  33 
2093	2  27  33 
2095	2  32  19 
2097	2  32  19 
2091	6  23  16 
2099	6  33  25 
2099	2  12  19 
2101	2  12  19 
2095	6   3   0 
2105	2  11  25 
2087	6  48  41 
2107	2  11  25 
2103	6  27  20 
2101	6   8   2 
2097	6  30  22 
2109	6  41  34 
2109	2  32  25 
2109	2  13  19 
2111	2  32  25 
2109	2  11   4 
2111	2   4  11 
2111	2  13  19 
2113	2  18  19 
2113	2  31  15 
2115	6  41  40 
2115	2  17   1 
2117	2  12  25 
2119	2  12  25 
2121	2  18  19 
2121	2  32  30 
2123	2  13  25 
2125	2  13  25 
2121	6  10   4 
2127	2   1  17 
2129	6  13   4 
2129	2  18  25 
2131	2  30  32 
2133	2  18  25 
2133	6  38  23 
2139	2  40  38 
2141	2  38  40 
2135	2  19  25 
2135	2  11  10 
2137	2   4   2 
2137	2  19  25 
2143	2  40  38 
2139	2  17   1 
2139	2  20  13 
2141	2  25  27 
2141	2  12   3 
2143	2  18   5 
2145	2   5  18 
2147	2  19  34 
2149	2  34  19 
2151	2  19  34 
2153	2  13  20 
2153	2  32  30 
2147	2   2   4 
2155	2  20  13 
2149	2   4   2 
2155	2  24   9 
2157	2  18   5 
2159	2   3  12 
2161	2  12   3 
2159	2  27  25 
2161	2  25  27 
