   1	6   2   0 
   1	6  16  15 
   7	6  16   6 
   1	6  14   9 
   7	6   4   3 
  13	6  20  10 
  13	2   8   2 
  15	2   8   2 
  17	2   8   3 
  19	2   8   3 
  21	2   2   3 
  23	2   2   3 
  25	2   8   6 
  27	2   8   6 
  29	6   3   1 
  29	6  12  10 
  35	2   2   6 
  35	2   8   9 
  37	6   5   1 
  43	2   2   6 
  45	2   5   6 
  47	2   5   6 
  37	2   8   9 
  45	2   8  12 
  47	2   8  12 
  49	6   9   3 
  55	2   2   3 
  57	2   2   3 
  49	6   6   5 
  59	2   2  12 
  61	2   2  12 
  63	6   3   1 
  63	6  12  10 
  69	2   6   1 
  69	2   8   3 
  71	6  11   1 
  71	2   8   3 
  73	2   8   4 
  77	2   6  11 
  75	2   8   4 
  79	2   6  10 
  81	2   5  11 
  83	2   5  11 
  85	2   6  10 
  77	2   2   3 
  79	2   2   3 
  81	6   3   2 
  87	6   2   0 
  85	6  17  13 
  91	6  23  17 
  93	2   5  10 
  95	2   5  10 
  93	2   3   4 
  95	2   3   4 
  97	6   5   0 
  97	2   8   2 
  99	2   8   2 
 101	2   3   2 
  97	6  17  12 
 103	2   3   2 
 103	2  11  10 
 105	2  11  10 
 107	2   6   5 
 105	2   8  13 
 109	2   6   5 
 107	2   8  13 
 109	2   8  12 
 111	6   6   2 
 111	6  13   8 
 107	6  21  15 
 117	2   3   8 
 117	2   0   5 
 113	6  23  21 
 119	6  22  17 
 119	2   0   5 
 121	2  11   5 
 119	2   2   4 
 121	2   2   4 
 123	2   2   6 
 125	2   2   6 
 127	2  11   5 
 129	2  10   5 
 129	2  13  12 
 127	6   4   2 
 131	2  13  14 
 133	2   0   2 
 133	2  13  14 
 125	6  22  21 
 135	2   0   2 
 135	2  13  23 
 137	6   2   0 
 143	2  10   5 
 143	2   3   8 
 145	6  12   7 
 151	2   3   7 
 145	6  10   0 
 151	2  11  10 
 145	6  14   9 
 151	6  23  19 
 153	2   4   8 
 155	2   4   8 
 153	2  11  10 
 155	2   0  10 
 157	2   2   6 
 157	2  13  19 
 159	2   2   6 
 159	2  13  18 
 161	2  11   6 
 163	2  11   6 
 165	2   0  10 
 167	2   5  10 
 169	2   0   6 
 161	2  13  18 
 165	2  13  12 
 167	2  13  12 
 169	2  13  17 
 157	6   9   4 
 171	6  22  18 
 171	2   0   6 
 173	2   2   8 
 175	2   2   8 
 173	2   5  10 
 175	2   5   6 
 177	2   5   6 
 177	2  13  17 
 179	2   3   7 
 179	2  13  14 
 181	2   9   7 
 183	2   9   7 
 177	6  24  23 
 185	2  10   6 
 187	2  10   6 
 185	2   3   4 
 187	2   3   4 
 189	2   2   7 
 191	2   2   7 
 185	2  13  14 
 189	2   9   4 
 191	2   9   4 
 193	2   2   4 
 195	2   2   4 
 187	2  13  18 
 189	2  13  18 
 193	2  13  23 
 195	2  13  23 
 197	6   8   6 
 203	2  11   6 
 203	6  13   3 
 205	2  11   6 
 207	2   0   6 
 197	6  23  22 
 209	6  11   7 
 209	6   1   0 
 209	6  19   9 
 215	2   1   6 
 217	2   5   6 
 215	2  13   9 
 219	2   5   6 
 217	2  13   9 
 219	2  13  23 
 221	2  10   6 
 221	2  13  23 
 217	6   3   2 
 223	2  13  12 
 225	2  19   9 
 223	2  10   6 
 227	2  13  12 
 227	6   4   2 
 229	2  13  17 
 231	2  13  17 
 233	6   6   2 
 233	2  19   9 
 235	2  19  23 
 239	2   8   2 
 237	2  19  23 
 239	6  22  17 
 241	2  13  14 
 241	2   7  11 
 243	2   7  11 
 245	2   8   2 
 245	6  19  17 
 251	2   1  11 
 251	2  13  14 
 253	2   1  11 
 255	2   5  11 
 257	2   5  11 
 259	2   7   6 
 261	2   7   6 
 263	2   1   6 
 265	2   1   6 
 253	2   3   9 
 253	2  13  18 
 255	2   3   9 
 255	2  13  18 
 257	2  13  19 
 259	2  13  19 
 263	2  17  12 
 265	2  17  12 
 261	6   9   3 
 261	6  23  19 
 267	6  19  14 
 267	2  10  11 
 267	2   7   3 
 267	2  17  22 
 269	2   7   3 
 271	2   5   6 
 269	2  17  22 
 271	6  12   8 
 273	2   5   6 
 277	2   9  14 
 277	2  10  11 
 273	6  24  22 
 277	6   7   3 
 279	2  17  19 
 281	2   9  14 
 283	2  12  11 
 285	2  17  19 
 283	2   9   8 
 285	2  10   6 
 285	2   9   8 
 287	6  14   9 
 287	2  17  18 
 287	2   1   7 
 289	2   1   7 
 291	2   5   7 
 289	2  17  18 
 293	2   3   9 
 293	2  10   6 
 295	2   3   9 
 295	2  12  11 
 297	2  17  23 
 297	2   5   7 
 299	2  12   6 
 301	2  12   6 
 299	2   3   8 
 301	2   3   8 
 297	6  19  14 
 303	2  17  23 
 305	2  19  24 
 307	2  19  24 
 303	6   7   6 
 303	6   9   3 
 309	2  10   6 
 309	2  19  14 
 311	6   3   1 
 311	2  19  14 
 313	2  19  18 
 317	2   3   1 
 315	2  19  18 
 317	2  19  23 
 319	2  19  23 
 319	2   3   1 
 311	6  12  11 
 321	6  19   9 
 321	2   2  12 
 323	2  10   6 
 327	2   3   8 
 325	2   5   1 
 329	2   3   8 
 327	2  19  24 
 327	2  11   6 
 329	2  19  24 
 329	2   5   1 
 331	2  19  14 
 331	2   2  12 
 333	2  19  14 
 333	2   2   7 
 331	6  10   5 
 335	2  19  18 
 335	2   2   7 
 337	2  11   6 
 337	2  19  18 
 337	6   9   3 
 339	2  12   7 
 339	2  19  23 
 341	2  12   7 
 339	2   5   1 
 341	2   5   1 
 343	2   2   6 
 345	2   2   6 
 341	2  19  23 
 347	2  12   6 
 343	6  19   9 
 349	2  19  24 
 349	2  11   1 
 351	2  12   6 
 353	2  11   1 
 355	2   2   1 
 351	2  19  24 
 353	2  19  14 
 355	2  19  14 
 355	6  12  10 
 357	2   2   1 
 357	6  24  23 
 363	2  19  18 
 361	2   7   6 
 363	2   7   6 
 365	2  12   8 
 367	2  12   8 
 365	2  19  18 
 367	2  19  24 
 369	6  23  18 
 375	6  18  12 
 381	2  18  12 
 383	2  18  12 
 365	6   5   1 
 371	2  10   5 
 373	2  10   5 
 369	6   8   3 
 375	2   1   3 
 377	2   1   3 
 379	6   3   1 
 385	2   7   5 
 385	2  18  14 
 387	2   7   5 
 387	2  18  14 
 389	2  19  24 
 389	2   6   5 
 391	2  11   1 
 393	2  11   1 
 391	2  18  23 
 393	2  18  23 
 389	6   8   3 
 395	2   8  12 
 395	2   6   5 
 397	6  10   0 
 397	2   8  12 
 399	2   8  14 
 401	2   8  14 
 403	6  14   8 
 403	2   2   1 
 403	2  11  12 
 405	2  11  12 
 405	2   2   1 
 409	2   2  12 
 411	2   2  12 
 395	6  24  23 
 413	2  14  24 
 413	2   0   1 
 415	2   0   1 
 415	2  14  24 
 413	6  12  11 
 419	2  12   8 
 417	2  18  23 
 421	2  12   8 
 423	2   2   8 
 425	2   2   8 
 419	2  18  23 
 421	6  24  23 
 417	6   5   0 
 427	2  14  24 
 423	2   5  11 
 425	2   5  11 
 429	2  14  24 
 427	2   7   1 
 429	2   7   1 
 431	6  22  12 
 431	6   5   1 
 437	6  23  17 
 437	2   6   5 
 439	2   6   5 
 441	2   0   5 
 437	6   8   2 
 443	2   0   5 
 443	2   7  11 
 445	2   1   2 
 443	2  22  17 
 447	2   1   2 
 445	2  22  17 
 447	2  22  24 
 449	6  18   8 
 449	6  11   1 
 455	2  22  24 
 455	2   7   1 
 457	6  21  11 
 463	6   6   2 
 463	2  18  17 
 465	2  18  17 
 469	2   2   1 
 467	2  21  17 
 469	2  21  17 
 471	6  17  13 
 471	2   2   1 
 473	2   7   6 
 475	2   7   6 
 467	6  24  23 
 477	2  18  23 
 479	2  18  23 
 477	2   0   1 
 479	2   0   1 
 481	2   5   1 
 481	2  21  23 
 477	6  12   7 
 483	2  21  23 
 483	2  12  13 
 485	2  12  13 
 483	2   2   6 
 485	2   2   6 
 487	2   5   1 
 489	2   0   6 
 485	2  21  22 
 491	2   0   6 
 487	2  22  21 
 489	2  21  22 
 487	6  13   8 
 493	2   2   8 
 495	2   2   8 
 493	2   5   6 
 495	2   5   6 
 497	2   1   6 
 499	6   8   2 
 505	6   2   0 
 511	2   2   0 
 491	6  23  17 
 497	2  12  17 
 499	2  12  17 
 501	6  18  17 
 507	6  18  12 
 513	6  19  14 
 513	2   1   6 
 515	2   2   0 
 517	2   5   0 
 517	2   8  12 
 519	6  12   7 
 519	2   5   0 
 521	2   1   0 
 519	2  18  19 
 523	2   1   0 
 521	2  19  18 
 525	2   8   7 
 527	2   2   7 
 529	2   2   7 
 523	2  18  19 
 525	6  11   5 
 531	6   3   2 
 531	2   6   0 
 533	2   6   0 
 525	6  24  22 
 537	2  11   7 
 539	2  11   7 
 527	6  14   9 
 531	6  22  17 
 535	6   5   0 
 537	6   4   3 
 541	2   1   7 
 537	6  23  21 
 543	6  21  15 
 543	2   1   7 
 545	2   6   7 
 547	2   6   7 
 549	2   1   2 
 543	2   4   9 
 545	2   9   4 
 547	2   4   9 
 549	2   8  13 
 551	2   2   1 
 553	2   1   2 
 551	2  13   8 
 553	2   8  13 
 549	6  17  11 
 555	2   6  11 
 557	2   5   7 
 559	2   5   7 
 555	6  18  17 
 561	2   7   3 
 561	2   5  15 
 561	2  18  14 
 563	2  14  18 
 563	2  11   6 
 565	2   6  11 
 565	2  18  14 
 567	2  15   5 
 569	2   5  15 
 567	2   3   7 
 569	2   7   3 
