   1	6   5   3 
   7	6   8   3 
   1	6  24  18 
   1	6  32  20 
   7	6  27  25 
  13	2  14  18 
  15	2  14  18 
  17	2  14   8 
  19	2  14   8 
  17	6  16   4 
  23	2  18   8 
  25	2  18   8 
  27	2  14  12 
  29	2  14  12 
  31	6  13   8 
  13	6  31  26 
  31	6  21  16 
  37	2  18  12 
  39	2  18  12 
  37	2  14  20 
  39	2  14  20 
  41	2  13  12 
  43	2  18  20 
  45	2  18  20 
  37	6  33  28 
  47	2  14  25 
  49	2  13  12 
  51	2  13  20 
  53	2  13  20 
  55	2  12  20 
  57	2  14  25 
  59	2  12  20 
  61	2  18  25 
  63	2  18  25 
  61	2  14   6 
  63	2  14   6 
  65	2  18   6 
  67	2  18   6 
  69	2  13  25 
  61	6  34  22 
  71	2  13  25 
  73	6  20  18 
  73	6   8   1 
  79	2  12  25 
  81	2  12  25 
  79	2  14  21 
  81	2  14  21 
  83	2  13   6 
  83	2  20  21 
  85	6  12   6 
  85	2  20  21 
  91	2  18  25 
  93	2  18  25 
  87	2  14  27 
  89	2  14  27 
  91	6  21   7 
  97	2  20  27 
  99	2  20  27 
  97	2  13  12 
  99	2  13   7 
 101	2  13   7 
 101	6  28  15 
 103	2   6  12 
 105	2   6  12 
 107	2  13  27 
 109	2   6   7 
 111	2   6   7 
 109	2  14  19 
 111	2  14  19 
 113	2  18  12 
 113	2  14   8 
 115	2  14   8 
 115	2  18  12 
 117	2  14  26 
 117	6  18   6 
 119	2  14  26 
 123	2  13  27 
 125	6  34  23 
 125	2  25  12 
 127	2   6   7 
 129	2  25  12 
 125	6  14   9 
 129	6   1   0 
 131	2  20  19 
 133	2  20  19 
 135	2  13  19 
 135	2   9   2 
 131	6  29  17 
 131	6  33  27 
 137	2  20   8 
 137	6  33  31 
 143	2  18  31 
 145	2  13  19 
 147	2   6   7 
 147	2  18  31 
 139	2   9   2 
 141	2   9  15 
 143	2   9  15 
 145	2   9  22 
 147	2   9  22 
 149	2  25   7 
 151	2  20   8 
 153	2   9  23 
 153	2  20  26 
 155	2   9  23 
 155	2  18  19 
 157	2  20  26 
 159	2  20   2 
 161	2  20   2 
 163	2  20  15 
 165	2  20  15 
 157	6  12   6 
 151	6  31  30 
 157	6  30  24 
 163	2  12  24 
 165	2  12  24 
 167	2  18  19 
 167	2   9  14 
 169	2   9  14 
 163	6   2   1 
 171	2  13   8 
 167	6  32  30 
 173	2  25   7 
 175	2  25  24 
 175	2  13   8 
 171	6  17  10 
 177	2  12  19 
 179	2  25  24 
 177	2   9   2 
 179	2   9   2 
 181	2   9  10 
 181	2  12  19 
 183	2  18   8 
 175	6  33  32 
 185	2  18   8 
 181	6  33  23 
 187	2   9  10 
 187	2   6   7 
 189	2   9  11 
 187	2  25  19 
 189	2  13  26 
 191	6  27  22 
 191	2  25  19 
 197	2  20  27 
 199	2  20  27 
 191	2   6   7 
 191	2   9  11 
 193	2  12   8 
 195	2  12   8 
 197	2   9   4 
 199	2   9   4 
 193	6  17  11 
 193	6  32  31 
 201	2   9  16 
 201	2  20  33 
 199	6  24  12 
 203	2  20  33 
 203	2   9  16 
 205	2  13  26 
 205	6  22  17 
 207	2  13   1 
 209	2  13   1 
 207	2   9   5 
 209	2   9   5 
 211	2  18  26 
 211	2   9  17 
 213	2  18  26 
 213	2   9  17 
 215	6  25  15 
 215	2   6  12 
 217	2   6  12 
 221	2  20  14 
 219	2   7  12 
 221	2   9   3 
 221	2   7  12 
 221	6  32  28 
 223	2  15   8 
 225	2  15   8 
 223	6  19  13 
 227	2   9   3 
 223	6   1   0 
 227	6  32  27 
 229	2  18   0 
 231	2   6  13 
 233	6  20  15 
 239	2  19  25 
 239	2  15  14 
 233	6  33  27 
 241	2  19  25 
 241	2   9  21 
 243	2  15   2 
 245	2  18   0 
 247	2   6  13 
 245	2   9  21 
 247	2  15   2 
 249	2   7  13 
 251	2   7  13 
 249	2  15  10 
 247	2  24  26 
 249	2  24  26 
 251	2  20  26 
 253	2  20  26 
 251	2  15  10 
 253	2   6   8 
 251	6  24  18 
 255	2   6   8 
 257	2  18   0 
 257	2  15  22 
 255	6  27  26 
 259	2  15  22 
 259	2  18   0 
 261	6   7   2 
 261	2  19  32 
 263	2  15   4 
 263	2  24  25 
 265	2  15   4 
 267	2  15  16 
 267	2   2   8 
 269	2   2   8 
 265	2  24  25 
 267	2  19  32 
 269	2  12  13 
 271	2  19  26 
 273	2  18  25 
 269	2  15  16 
 275	2  18  25 
 271	2  15   5 
 273	2  15   5 
 275	2  15  17 
 271	6   1   0 
 277	6  12   7 
 283	2   7  13 
 277	2  15  17 
 279	2  15   3 
 277	2  24  32 
 281	2  15   3 
 283	2  15  21 
 279	2  24  32 
 285	6  22   9 
 285	2  19  26 
 287	2  18  32 
 289	2  18  32 
 285	6   1   0 
 291	2   7   8 
 291	2  22  23 
 291	2  24  26 
 293	2  19  14 
 293	2  22  23 
 293	6   3   1 
 295	2  24  26 
 297	2  19  14 
 295	2  22  28 
 297	2  22  28 
 299	6  22  10 
 299	2  19  12 
 299	2   7   8 
 305	2  24  14 
 307	2  24  14 
 305	2  10   3 
 307	2  10   3 
 305	6  27  22 
 311	2  18  26 
 313	2  13   8 
 315	2  13   8 
 317	2  18  26 
 301	6   1   0 
 311	6  22  10 
 319	2  15  21 
 321	2  15  23 
 323	2  18  14 
 325	2  18  14 
 323	2  22  34 
 325	2  22  34 
 317	6   6   1 
 319	6  31  30 
 323	6  10   3 
 327	2  19  12 
 327	6  31  27 
 333	2  15  23 
 333	2  24  12 
 335	2  20   6 
 337	6  34  22 
 337	2  19  31 
 339	2  19  31 
 337	2   1   3 
 339	2   1   3 
 341	2  24  12 
 343	2  18  12 
 345	2  18  12 
 347	2  24  31 
 343	2  15  28 
 345	2  15  28 
 341	2   2   3 
 347	2  20   6 
 343	2   2   3 
 349	6  33  30 
 355	2  19   9 
 355	2  34  27 
 357	2  19   9 
 349	2   1   6 
 351	2   1   6 
 357	2  34  27 
 359	6  13   1 
 365	2   2   6 
 359	2  24  31 
 367	2  18  31 
 359	2  15  10 
 361	2  15  10 
 363	2  15  22 
 365	2  15  22 
 367	2  15  27 
 367	6  23  11 
 369	2  34  35 
 369	2   2   6 
 371	2   7   3 
 369	2  20  25 
 371	2  20  25 
 371	2  34  35 
 373	6  22  15 
 373	2  13  25 
 373	2  34  33 
 375	2   7   3 
 375	2  34  33 
 377	2  13  25 
 379	6  19   9 
 385	2  24  19 
 387	2  24  19 
 385	2   7   6 
 379	2  34  29 
 389	2  20  32 
 391	2  20  32 
 387	2   7   6 
 385	2   9   4 
 393	2  20  26 
 381	2  34  29 
 393	2  34  23 
 387	2   9   4 
 389	2   1   3 
 391	2   1   3 
 393	2   8   3 
 389	6  24  12 
 395	6  25  13 
 395	2   9  16 
 397	2   9  16 
 399	2  22  27 
 401	2  20  26 
 401	2  22  35 
 401	2   1   6 
 399	6   9   4 
 405	2   2  13 
 407	2   1   6 
 407	2  20  14 
 409	2   2  13 
 403	2  22  35 
 405	2  22  33 
 411	2   7  13 
 407	2  25  32 
 413	2   7  13 
 405	2   4   5 
 407	2   4   5 
 409	2  22  33 
 411	2   4  17 
 413	2   4  17 
 415	2   8   3 
 415	2  22  29 
 411	2  25  32 
 413	2  25  26 
 415	2  25  26 
 417	6   3   0 
 417	2  22  29 
 419	2  34  23 
 421	2  22  23 
 417	2  18  31 
 417	2  20  14 
 423	2   4   3 
 419	2  20  24 
 421	2  20  24 
 423	2  22  23 
 423	2  25  14 
 425	6  32  22 
 425	2   8   6 
 427	2   8   6 
 429	2   1  13 
 429	2   4   3 
 431	6  22   4 
 431	2   1  13 
 437	2  22  21 
 439	2  22  21 
 433	2  18  19 
 435	2  18  19 
 441	2  22  11 
 437	2   8  13 
 439	2   8  13 
 443	2  25  14 
 433	2   0   6 
 445	2  20  31 
 435	2   0   6 
 445	2   2   4 
 447	2   2   4 
 447	2  20  31 
 437	6  34  33 
 449	6  12   2 
 455	2  20  19 
 457	2  20  19 
 459	2   0  13 
 461	2   0  13 
 449	2  22  11 
 455	2   2   9 
 463	2   6  13 
 457	2   2   9 
 451	2  22  28 
 455	2  33  30 
 457	2  22  28 
 459	2  22  10 
 461	2  22  10 
 463	2   2  16 
 459	2  25  24 
 461	2  25  24 
 465	2  22  15 
 463	2  25  31 
 465	2  12  26 
 467	2  22  15 
 467	2  12  26 
 465	6   4   2 
 471	2   7   2 
 469	2  33  30 
 473	2  12  14 
 475	2   7   2 
 477	2   1   2 
 477	2   6  13 
 479	2  12  14 
 471	2  25  31 
 471	2  22  27 
 479	2   1   2 
 473	2  22  27 
 475	2  22  35 
 477	2  22  35 
 479	2  22  34 
 481	6  26  12 
 481	2   8   2 
 483	2   8   2 
 481	2   4  16 
 483	2   4   5 
 485	2   4   5 
 485	6  15   9 
 487	2  26  24 
 489	2  26  24 
 487	2   7  12 
 489	2   7  12 
 491	6  21  15 
 491	2  25  19 
 493	2   1  12 
 495	2   1  12 
 491	2   4  17 
 497	2  25  19 
 493	2   4  17 
 495	2   4   3 
 499	2  18  21 
 501	2   8  12 
 501	2  32  30 
 503	2  26  31 
 503	2   4   3 
 503	2   7  14 
 505	2   7  14 
 505	2  32  30 
 501	6  28  16 
 507	6  10   4 
 507	2   1  14 
 509	2   1  14 
 511	2  18  21 
 513	2  20  21 
 511	2   0   2 
 513	2   0   2 
 515	2  20  21 
 515	2   8  12 
 513	6  32  30 
 519	2  26  31 
 517	2   6   2 
 517	2  10  15 
 519	2   0  12 
 521	2   0  12 
 519	2   8  14 
 521	2  10  15 
 521	6  32  28 
 523	2  10  11 
 525	2  10  11 
 523	2   6   2 
 525	2  13   2 
 527	6  27  21 
 527	2  13   2 
 527	2  10  16 
 533	2  22  34 
 529	2   6  12 
 529	2   8  14 
 535	2  18  32 
 535	2  10  16 
 531	6  14   7 
 537	2  22  29 
 537	2  10   4 
 537	2  26  19 
 539	2  18  32 
 541	2  26  19 
 543	2  20  32 
 539	2  10   4 
 539	2  22  29 
 541	2  10   9 
 541	2  22  23 
 543	2  22  23 
 543	2  10   9 
 545	2  10  21 
 547	2  10  21 
 541	2   6  12 
 545	2  13  12 
 547	2   0   7 
 549	6  23  10 
 549	2  25  27 
 555	2  23  35 
 549	2   0   7 
 551	2  25  27 
 555	2  14  24 
 557	6  18  14 
 557	2  22  28 
 563	2   6   7 
 559	2  23  35 
 565	2  13  12 
 559	2  26  27 
 561	2  23  34 
 563	2  26  27 
 565	2  23  34 
 555	6  11   5 
 561	6  11  10 
 567	6  12   1 
 573	2   2   1 
 567	2  23  29 
 569	2  23  29 
 571	2  23  11 
 573	2  23  11 
 575	2   2   1 
 567	2  20  32 
 569	2  25  32 
 571	2  25  32 
 573	2  18  24 
 575	2  22  28 
 577	2  23  28 
 575	2  12  24 
 573	2  26  32 
 577	2   6   7 
 575	2  26  32 
 577	2  18  31 
 569	6  14   9 
 575	2   9  10 
 577	2   9  10 
 579	6  20   8 
 579	2  12  24 
 579	2  23  28 
 581	6  24  12 
 585	2   9  17 
 581	6  35  33 
 587	6  11   8 
 587	2  18  31 
 593	2   9  17 
 589	2  24  31 
 591	2  18  19 
 593	2  24  31 
 593	2  13   7 
 595	6  25  18 
 595	2  13   7 
 597	2   2   7 
 595	2  11  10 
 599	2   9   3 
 595	6  33  22 
 601	2  25  19 
 601	2   2   7 
 603	2  20  12 
 605	2  25  27 
 605	2   1   7 
 601	2  11  10 
 603	2  11  17 
 605	2  11  17 
 603	2   9   3 
 605	2   9  15 
 607	2  20  12 
 607	2  11   3 
 607	6  34  28 
 609	2   0  12 
 611	2   1   7 
 609	2  20  31 
 611	2   9  15 
 611	2  24  19 
 613	6  28  23 
 613	2  20  31 
 615	2  24  19 
 613	2  11   3 
 615	2  11  15 
 617	2   0  12 
 617	2   9   5 
 617	6  31  24 
 619	2   6  12 
 621	2   6  12 
 619	2  20  19 
 619	2   9   5 
 621	2  20  19 
 623	2  13  12 
 621	2   9  16 
 623	2  11  15 
 619	6  29  28 
 625	2   9  16 
 625	2  13  12 
 625	2  25  27 
 627	2   2  12 
 625	2  11   5 
 627	2  31  27 
 627	2  11   5 
 629	6  18   0 
 629	2  11  16 
 631	2   9   4 
 635	2  18  24 
 633	2   9   4 
 635	2  11  16 
 629	6  27  26 
 635	2  31  26 
 637	2  11   4 
 637	2  25  32 
 639	2  20  26 
 639	2  18  24 
 639	2  11   4 
 635	6   1   0 
 641	2   6  24 
 637	6  15   9 
 629	6  34  29 
 643	6   4   1 
 643	2  15  14 
 643	2  25  32 
 645	2  15  14 
 647	2  20  26 
 649	6  24   6 
 655	2  24   6 
 649	2  15  21 
 649	2   4  10 
 651	2   4  10 
 653	2   4  17 
 655	2   4  17 
 657	2  31  32 
 659	2  31  32 
 657	2   4   3 
 651	2  15  21 
 657	2  13   6 
 659	2   2  12 
 661	2  20  32 
 661	2   0  12 
 661	2   4   3 
 657	6  16  11 
 663	6  27  17 
 663	2  13   6 
 663	2   4   9 
 665	2   0  12 
 665	2   4   9 
 669	2   4   5 
 669	2  15  22 
 667	2   2   6 
 669	2   2   6 
 671	2  20  32 
 671	2   7  12 
 673	2  18  19 
 673	2   0   6 
 671	2  17  10 
 673	2  17  10 
 675	6  21  10 
 675	2   7  12 
 677	2   0   6 
 679	2   7   6 
 677	2  18  19 
 679	2  24  19 
 673	6  32  31 
 681	2  24  19 
 681	2  17  27 
 681	2   7   6 
 683	6  31  18 
 683	2  15  22 
 689	2  12   6 
 691	2  12   6 
 685	2  15  23 
 683	2   4   5 
 685	2   4  11 
 687	2   4  11 
 687	2  15  23 
 689	2  25  21 
 691	2  25  21 
 689	6   9   4 
 693	2  13  19 
 695	2  13  19 
 693	2  32  21 
 697	2  16  14 
 699	2  16  14 
 695	2  31  26 
 697	2  31  26 
 701	2  17  27 
 683	6   2   1 
 703	2  17   3 
 705	2   9   2 
 705	2  32  21 
 693	6   6   0 
 701	6  19  12 
 705	6  17   5 
 707	2  25  27 
 707	2   1  12 
 709	2   1  12 
 711	2   5   3 
 711	2   6  12 
 709	2  25  27 
 713	2   5   4 
 711	2  24  26 
 713	2   9   2 
 713	2  20  21 
 713	2  31  18 
 715	2   9  14 
 715	2  32  27 
 715	2   6  12 
 717	2   7  12 
 719	2   7  12 
 721	2  19  12 
 717	2  16  10 
 717	2  32  27 
 719	2   5   4 
 721	2   5  17 
 721	6   7   1 
 723	2  20  21 
 725	2  15  28 
 723	2  31  18 
 727	2   5  17 
 729	2  16  10 
 731	2  16  22 
 725	2  19  12 
 731	2   5  11 
 727	2  24  26 
 733	2  16  22 
 729	2  13  26 
 731	2  20  27 
 733	2   5  11 
 735	2  16  23 
 731	2  24  18 
 733	2  24  18 
 737	2  16  23 
 735	2  13  26 
 739	2  15  28 
 737	2  13  18 
 739	2  13  18 
 741	6  26  13 
 747	6  25  21 
 747	2   7  13 
 749	2   7  13 
 751	2   0  12 
 735	6   5   4 
 741	6  17   5 
 747	6  23  17 
 747	6  10   3 
 753	2  21  10 
 753	2   6  13 
 753	2  31  25 
 755	2   6  13 
 755	2  31  25 
 755	2  21  10 
 757	6  33  32 
 757	2   4   2 
 757	2  24  25 
 759	2  24  25 
 757	2  21  23 
 759	2   4   2 
 761	2   7  18 
 759	2  21  23 
 761	6  22  10 
 763	2  26  25 
 765	2   7  18 
 767	2   6  18 
 767	2  20  27 
 765	6  32  31 
 769	2   1  13 
 771	2  32  27 
 771	2   6  18 
 771	2  15   8 
 767	6  17   5 
 773	6  31  24 
 773	2   0  12 
 773	2   9  14 
 775	2   4  14 
 777	2  16  28 
 777	2   1  13 
 779	6   6   1 
 779	2  19  13 
 781	2  19  13 
 785	2   0  13 
 779	2  33  22 
 779	2   9   3 
 783	2  26  25 
 785	2  33  22 
 781	2   9   3 
 783	2   9  10 
 785	2   9  10 
 787	6  35  33 
 787	2   4  14 
 789	2   9   5 
 791	2   9   5 
 789	2  20  22 
 791	2  20  22 
 793	2   4   3 
 793	2   6  18 
 793	2  15   8 
 793	2  35  23 
 793	2  32  27 
 795	6  27  20 
 795	2   4   3 
 797	2   4  10 
 795	2   6  18 
 795	2  35  23 
 799	2   4  10 
 797	6  35  23 
 801	2   7  25 
 803	2  19  18 
 801	2   4   5 
 803	2  27  35 
 803	2   4   5 
 805	2  21  17 
 805	2  19  18 
 803	6   6   1 
 807	2  21  17 
 805	6  33  32 
 809	2   0  13 
 809	2  23  17 
 809	6  21   9 
 811	2  23  17 
 815	2  27  35 
 811	2  12  13 
 813	2  12  13 
 815	2   0  18 
 817	2   0  18 
 819	2  12  18 
 821	2  12  18 
 815	2   9  11 
 817	2  33  22 
 819	2  31  20 
 817	2   9  11 
 819	2  23  11 
 821	2  23  11 
 823	2   7  25 
 823	2  16  28 
 825	6  23  11 
 825	2  31  20 
 827	2  13  18 
 827	2  26  20 
 829	2  13  18 
 829	2  26  20 
 825	2   9   2 
 827	2   9   2 
 825	6  34  33 
 831	6   5   2 
 831	2  34  22 
 833	2  34  35 
 835	2  34  35 
 831	6  25  12 
 833	6  27  22 
 839	2  15  29 
 841	2   9  14 
 843	2  21  28 
 845	2  15  29 
 837	2  11   5 
 847	2  21  28 
 837	2   6  12 
 849	2  31  27 
 839	2   6  12 
 839	2  11   5 
 841	2   1  12 
 843	2   1  12 
 845	2  19  12 
 847	2  19  12 
 849	2   9  14 
 849	2   0  12 
 841	6  11   5 
 847	6   5   4 
 851	2   7  20 
 851	2  22  17 
 851	6  33  31 
 853	2   7  20 
 855	2   4  14 
 857	2   6  20 
 857	2   9   3 
 857	6  29  17 
 859	2  33  27 
 861	2   6  20 
 859	2   9   3 
 863	6  20   6 
 863	2   9  10 
 869	2  33  35 
 869	2   0  12 
 869	2  16   8 
 871	6  25   7 
 871	2  22  29 
 873	2  34  29 
 875	2  22  23 
 877	2  22  23 
 879	2  34  29 
 877	2  26  27 
 881	2  33  35 
 879	2   4  14 
 877	2   1   6 
 879	2   1   6 
 881	2  19   6 
 881	2  22  11 
 883	6  22  15 
 883	2   7  12 
 883	2  26  27 
 883	2   4   3 
 885	2   4   3 
 885	2  19   6 
 887	2   7  12 
 883	6  35  34 
 887	6  27  26 
 889	2  13  12 
 891	2  13  12 
 889	2  35  23 
 893	2  25  26 
 893	2  18  12 
 889	2   9  10 
 891	2   4  10 
 891	2  35  23 
 893	2  15  11 
 893	6  28  23 
 895	2   0   6 
 899	2  27  34 
 901	2  25  26 
 895	2   4  10 
 897	2  18  12 
 895	2  15  14 
 899	2  16   8 
 901	2  16  17 
 899	2   0   6 
 901	2   9   2 
 903	2  21   8 
 903	6  32  25 
 905	2  21   8 
 907	2   5  23 
 907	2   7   6 
 907	2  15  14 
 909	6  23  11 
 909	2   7   6 
 911	2  13   6 
 913	2  13   6 
 915	2  18   6 
 909	2  20  26 
 911	2  27  34 
 913	2  32  34 
 915	2  33  29 
 909	2   9   2 
 911	2  15   3 
 913	2  15   3 
 915	2  16  17 
 917	2  15  10 
 917	2  18   6 
 917	2  33  29 
 919	6   8   3 
 919	2   5  11 
 919	2  33  28 
 919	2  12   6 
 919	2  20  26 
 921	2  12   6 
 921	2  27  29 
 923	2  35  23 
 923	6  26  12 
 929	2  32  34 
 925	2   4   2 
 931	2  33  28 
 927	2   4   2 
 933	2  21  17 
 929	2   1  12 
 931	2   1  12 
 933	2  19  12 
 933	6  34  32 
 935	2  19  12 
 937	2   0  12 
 939	2   0  12 
 941	2   7  12 
 935	2   9  11 
 939	2  27  29 
 937	2   5   3 
 939	2  15  10 
 941	2   5   3 
 943	2   9  11 
 945	2  35  23 
 943	2   7  12 
 941	2  20  32 
 943	2  20  32 
 945	2  13  12 
 947	2  13  12 
 945	2   4  11 
 947	2  34  29 
 949	2  34  29 
 945	2  15   2 
 947	2   4  11 
 947	2  15   2 
 949	2  18  12 
 949	2  21  17 
 951	2  15  11 
 953	2   9   3 
 953	2   5  17 
 951	2  27  28 
 951	2  18  12 
 953	2  27  28 
 945	6  32  25 
 955	6  21  14 
 955	2   9   3 
 955	2  34  28 
 955	2   5  17 
 957	2   4   3 
 957	2  34  28 
 959	2   4   3 
 949	6   7   1 
 953	6  25  18 
 959	6  35  23 
 961	2  26  12 
 965	2  33  35 
 965	2   9  17 
 963	6  18  13 
 969	2  26  12 
 967	2   9  17 
 969	2   4  17 
 967	6  34  29 
 971	2   7  13 
 973	2   7  13 
 971	2  15  11 
 973	2  23  21 
 975	2  19  13 
 975	2  23  21 
 973	6  34  32 
 977	2  15   3 
 977	2  19  13 
 977	6  23  11 
 979	2  15   3 
 981	2   0  13 
 983	6  11  10 
 983	2   0  13 
 985	2   1  13 
 987	2   6  12 
 989	2   6  12 
 987	2  20  32 
 989	2  33  35 
 989	2   4  17 
 991	6  16   8 
 991	6  26  20 
 991	6  33  28 
 997	2   1  13 
 999	2  18  13 
 999	2  15  17 
 997	2  26  32 
1001	2  10  16 
1001	2  18  13 
 999	2  26  33 
1001	2  26  33 
1003	2  28  21 
1003	2  10  16 
1005	2  27  35 
1005	2  10  11 
1007	6  28  16 
1013	2  15  17 
1003	6  12   7 
1007	6  32  24 
1013	2  12  24 
1013	6  33  26 
1015	2  10  11 
1015	2  12  24 
1017	2  10   2 
1017	6  24  12 
1019	2  10   2 
1023	2  19  12 
1025	2  19  12 
1027	2   0  12 
1029	2   0  12 
1019	2  27  35 
1021	2  10  23 
1031	2   1  12 
1023	2  29  35 
1025	2  29  35 
1023	2  16  21 
1025	2  27  21 
1027	2  16  28 
1029	2  10  23 
1029	2  27  21 
1031	2  16  28 
1027	6  31  24 
1033	2  16  11 
1033	2   1  12 
1033	2  31  26 
1033	6  35  34 
1035	2  18  12 
1035	2  16  11 
1035	2  31  26 
1037	2  19  26 
1037	2  16   2 
1039	2  16   2 
1041	2  25  13 
1039	2  33  34 
1041	2  29  21 
1043	2  19  26 
1043	2  33  34 
1045	2  25  13 
1045	2  29  21 
1047	2  20  13 
1049	2  20  13 
1047	2  27  28 
1049	2  27  28 
1041	2  10   3 
1043	2  10   3 
1045	2  10  17 
1047	2  16  23 
1049	2  16  23 
1051	6  27   9 
1051	2  18  12 
1041	6   1   0 
1057	6  15   1 
1057	2  31  34 
1063	2  25  12 
1059	2  29  28 
1063	2  10  17 
1061	2  29  28 
1063	2  33  21 
1063	6   8   2 
1065	2  31  34 
1067	2  25  12 
1069	2   6  13 
1067	2  33  21 
1071	2   6  13 
1073	2   7  13 
1069	2  15  26 
1071	2  16   3 
1073	2  15  26 
1069	6  34  28 
1075	6  29  22 
1075	2  20  12 
1077	2  20  12 
1079	2   6  12 
1081	2   7  13 
1075	2  33  34 
1077	2  33  34 
1075	2   9  11 
1077	2   9  11 
1083	2   6  12 
1081	2  31  21 
1083	2  31  21 
1079	6  10   3 
1085	6  26  19 
1085	2  22  11 
1085	2   9   8 
1087	2   9   8 
1089	2   9  23 
1091	2   9  23 
1085	6  34  33 
1091	2  31  33 
1093	6  29  11 
1099	2  26  28 
1099	2  16  10 
1101	2  26  28 
1103	2  15  28 
1105	2  15  28 
1107	2   9  10 
1093	2   7  12 
1095	2   7  12 
1107	2  22  29 
1109	2  26  21 
1109	2  16  17 
1097	2  13  12 
1099	2  13  12 
1111	2  22   8 
1113	6  14   8 
1113	2  16  17 
1113	2  26  21 
1115	2  31  33 
1117	2  34  29 
1103	6  19  18 
1117	2   0  18 
1117	6  32  31 
1119	2   0  18 
1119	2  15  21 
1123	2  26  33 
1121	2  22  14 
1123	2   9  10 
1123	2  19  18 
1123	2  22  23 
1125	6  28  14 
1131	2  22  23 
1133	2   9  17 
1131	2  19  18 
1135	2  15  21 
1131	2  26  33 
1133	2  25  18 
1135	2  25  18 
1133	2  34  29 
1135	2  34  28 
1121	6   1   0 
1135	6   8   1 
1137	2  34  28 
1139	2  34  23 
1137	2  20  18 
1139	2  20  18 
1141	6  33  26 
1141	2  22  10 
1141	2   8  14 
1141	2   6  18 
1143	2   8  14 
1145	2   9  17 
1147	2  15  26 
1143	2   6  18 
1143	6  29  28 
1145	6  18   6 
1149	2  22  10 
1151	6  16  10 
1151	2   7   6 
1151	2  32  28 
1153	2   7   6 
1151	2  19  14 
1153	2  32  28 
1155	2  33  28 
1157	2  33  28 
1153	2  19  14 
1155	2  25  14 
1157	2  25  14 
1159	6  34  29 
1159	2   8  21 
1161	2  13   6 
1161	2  15  26 
1163	2   8  21 
1165	2  15  28 
1167	2  15  28 
1169	2  22  17 
1169	2  32  34 
1171	2  32  34 
1173	2  29  23 
1173	2   8  26 
1175	6  21  19 
1175	2  33  34 
1177	2  33  34 
1175	6  29  23 
1181	2  21  19 
1183	6  28  10 
1189	2  23  16 
1183	2  13   6 
1185	2  12   6 
1185	2  20  14 
1187	2  20  14 
1189	2  18  14 
1189	6  34  32 
1191	2  21  19 
1193	2  18  14 
1195	2   8  26 
1193	6  22  16 
1199	2  16  17 
1197	2   7  14 
1201	2  23  22 
1201	2   8  10 
1199	2  12   6 
1197	2  25  19 
1199	2  25  19 
1201	2  20  19 
1197	6  32  27 
1203	2   8  10 
1203	2  21  26 
1203	2  34  29 
1205	2  21  26 
1205	2  23  17 
1207	6  10   8 
1213	2  15  27 
1213	2  23  17 
1215	6  27  17 
1221	2  25  26 
1215	2   7  14 
1221	2  34  29 
1223	2  33  29 
1217	2  13  14 
1219	2  13  14 
1221	2  12  14 
1225	2  21   8 
1227	2  20  19 
1227	2  33  29 
1221	6  17  10 
1229	2  25  26 
1227	2  15  10 
1229	2  15  29 
1231	2  15  29 
1231	2  18  19 
1233	6  25   7 
1233	2  17  10 
1235	2  17  10 
1239	2  12  14 
1237	2  34  22 
1239	2  34  22 
1241	2  33  22 
1241	2  18  19 
1243	2  25  19 
1243	2  33  22 
1245	2  34  27 
1245	2  25  19 
1241	6   9   7 
1247	2  21   8 
1247	2  17  29 
1249	6  18  13 
1249	2   9   8 
1251	2   9   8 
1255	2  18  19 
1249	2  34  27 
1251	2  17  29 
1251	2  33  27 
1253	2  33  27 
1253	2  15  22 
1255	2  21  10 
1255	6   7   6 
1257	2  15  22 
1259	2  17  22 
1257	2  20  26 
1261	2  17  22 
1259	2  20  26 
1261	2  13  26 
1259	6  10   9 
1265	2  20   8 
1267	2  20   8 
1265	6  29  16 
1269	2  13  26 
1271	6  13   8 
1277	2  21   9 
1277	2  18  19 
1271	6  29  17 
1279	2   7  14 
1279	2  10   9 
1281	2  21  16 
1279	2  25  26 
1281	2  25  26 
1281	2   8  13 
1283	2   7  14 
1283	2  18  26 
1285	2  12  19 
1283	2  10   9 
1285	2  21  16 
1287	2  12  19 
1287	2  21  22 
1287	6  17  10 
1289	2   8  13 
1289	2  21  22 
1291	2  18  26 
1293	6  25   7 
1299	2  12  26 
1293	2  17  16 
1301	2  15  27 
1301	2   7  13 
1303	2  15  27 
1303	2   7  13 
1305	2  17  16 
1305	2  18  13 
1307	2  17  22 
1307	2  20   9 
1309	6   9   7 
1309	2  29  27 
1311	2  29  27 
1313	2  29  34 
1315	2  34  29 
1309	2  25  19 
1317	2  17  22 
1319	2  21  27 
1319	2  29  34 
1311	2  25  19 
1315	2  14  19 
1317	2  14  19 
1319	2  18  13 
1321	2  20   7 
1323	2  20  16 
1323	2   8   7 
1325	2  12  26 
1327	2  12  13 
1329	2  12  13 
1327	2  21  27 
1329	2  17  27 
1331	2   8   7 
1331	2  20  16 
1333	2  15  33 
1335	2  25  26 
1337	2  25  26 
1335	2   8  16 
1339	2  25  13 
1339	2  21  23 
1341	2   8  16 
1343	2  14  26 
1345	2  14  26 
1347	2  25  13 
1347	2  23  21 
1349	2   9   7 
1349	2  20  22 
1351	6  16   8 
1357	2   9   7 
1359	2   9   8 
1351	2  19  26 
1361	2   9   8 
1353	2  19  26 
1357	2  20  22 
1363	2  18   7 
1365	2  18   7 
1359	2  17  27 
1361	2  16  22 
1361	2  20  27 
1363	2  20  27 
1363	2  16  22 
1367	2  18   8 
1369	2  18   8 
1365	6  22  21 
1371	6  25  18 
1371	2  16  27 
1371	2  14  13 
1373	2  14  13 
1377	2  33  15 
1379	2  15  33 
1371	6   1   0 
1381	2  16  27 
1383	2   9  21 
1385	2   9  21 
1387	2  17  10 
1387	2  25  21 
1389	2  10  17 
1389	2  25  21 
1381	2  12   7 
1391	2  22  23 
1383	2  12   7 
1391	2  12   8 
1393	2  18   7 
1393	2  17  10 
1395	2  19  13 
1395	2   9  27 
1397	2  16  28 
1397	2  12   8 
1399	6  26  12 
1399	6  10   4 
1405	2   9  27 
1407	2   9   3 
1407	2  26  21 
1405	2  19  13 
1409	2   3   9 
1407	2  18   7 
1409	2  14   7 
1411	2  26  21 
1413	2  25  27 
1415	2  28  16 
1411	2  12  13 
1413	2  14   7 
1417	2   9   3 
1415	2  19   7 
1417	2  19   7 
1419	6  15  10 
1419	2  12  13 
1421	2  12   7 
1425	2  18   8 
1417	6  32  27 
1427	6  13   1 
1433	2  18   8 
1425	6  17   5 
1435	6  21  19 
1435	6   3   0 
1441	2  12   7 
1443	2  14   8 
1441	2  16  28 
1441	2  25  32 
1443	2  26  32 
1443	2  18  19 
1445	6  25  18 
1445	2   1   7 
1447	2  14   8 
1449	2  21   8 
1451	2  18  13 
1453	2  13  18 
1451	2  26  32 
1453	2  26  15 
1455	2  20   6 
1457	2  18  13 
1459	2   1   7 
1457	2  15  26 
1461	2  21   8 
1459	2  25  19 
1461	2  25  32 
1463	2  12   8 
1465	2  12   8 
1467	2  14  19 
1469	6  20  12 
1475	2  14  19 
1477	2   1   8 
1475	2   6  12 
1477	2  25  32 
1479	2   1   8 
1477	2  12   6 
1481	2   7   8 
1479	2  21  19 
1483	2   7   8 
1481	2  21  19 
1483	2  20  19 
1485	2  25  27 
1487	2  20  19 
1487	6  32  27 
1489	6  13   1 
1495	2  13  19 
1497	6  19   7 
1495	6  11   3 
1503	2  13   7 
1505	2  19   7 
1501	6  27  15 
1507	2  14  15 
1509	2  14  15 
1511	2  14  17 
1513	2  17  14 
1507	6  35  34 
1507	6  31  25 
1513	2  32  31 
1515	6  34  23 
1515	2  31  32 
1515	2  19   7 
1515	2  21  15 
1517	2  21  15 
1517	2   8   7 
1519	2   8   7 
1519	2  20  15 
1521	6  30  12 
1521	2  21  11 
1523	2  11  21 
1525	2  21  11 
1527	2  20  15 
1529	2  13  15 
1531	2  13  15 
1533	2  14  17 
1535	6  20   8 
1541	2  19  15 
1543	2  26  27 
1543	2  13   3 
1545	2   3  13 
1547	2  19  15 
1549	2   8   2 
1549	2  20  15 
1551	2  20  15 
1551	2   2   8 
1553	2  19  24 
1555	2  24  19 
1553	2   7  15 
1555	2   7  15 
1557	2  15  23 
1557	2   7  12 
1559	2  20  25 
1561	2  19  24 
1561	2  23  15 
1563	2  15  23 
1565	2  25  20 
1567	2  20  25 
1563	2  12   7 
1565	2   8   2 
1567	2   7  12 
1569	2  13   3 
