   1	6  15  10 
   1	6   7   3 
   1	6   4   0 
   7	6   9   4 
   7	6   7   6 
   7	6  15  14 
  13	2  10   6 
  15	2  10   6 
  17	2  10   9 
  17	6   2   1 
  19	2  10   9 
  21	2  10  14 
  23	2   6   9 
  25	2   6   9 
  27	2  10  14 
  29	2   6  14 
  31	2   6  14 
  33	2  10   2 
  35	2  10   2 
  23	6   4   0 
  37	6  10   2 
  43	2   6  10 
  45	2   6  10 
  47	2   9  14 
  29	6   4   0 
  47	2   2   0 
  49	2   2   0 
  49	2   9  14 
  51	6  13   8 
  51	6   6   5 
  57	2   2   6 
  59	2   2   6 
  57	6   8   0 
  63	2   9  10 
  65	2   9  10 
  67	2  14  10 
  69	2  14  10 
  61	2   2   3 
  63	2   2   3 
  65	2   2   1 
  67	2   2   1 
  69	2   5   8 
  71	2   5   8 
  69	6   7   3 
  73	2   9   8 
  75	2   9   8 
  75	2   2   0 
  77	2   5   6 
  79	2   5   6 
  77	6  13   8 
  81	2   2   0 
  83	2  14  13 
  83	2   5   7 
  85	2  14  13 
  85	2   5   7 
  87	2   9   6 
  89	2   9   6 
  91	6   9   6 
  97	6   5   1 
 103	2  14   9 
 105	2  14   9 
 103	2   6   7 
 105	2   6   7 
 107	6   6   4 
 107	6  15  14 
 113	2   2   3 
 115	2   2   3 
 117	2  15   7 
 119	2  15   7 
 121	2  10  13 
 123	2  10  13 
 117	2   1   5 
 119	2   1   5 
 121	2   4   5 
 123	2   4   5 
 121	6   3   2 
 127	2   1   0 
 125	2  10   9 
 127	2  10   9 
 129	2   1   0 
 129	2  13   9 
 129	6  15   7 
 131	2   4   0 
 131	2  13   9 
 133	2   4   0 
 135	2  10  15 
 137	2   7   5 
 139	2   1   2 
 139	2  10  15 
 141	2  13  15 
 141	2   1   2 
 143	6  15  14 
 149	2  13  14 
 143	2   7   5 
 145	6   2   0 
 151	6   7   2 
 151	2   9  14 
 153	2   9  14 
 157	2   2   7 
 159	2  10   5 
 161	2   4   0 
 161	2   2   7 
 163	6  13   5 
 169	2  10  13 
 171	2   5  13 
 173	2   5  13 
 175	2   9  13 
 177	2  10   7 
 179	2  10   7 
 175	2   4   0 
 181	6  10   7 
 177	6   1   0 
 183	2   2   1 
 185	2   2   1 
 187	2   5  10 
 189	2   9  13 
 191	2  14  13 
 193	2   5  10 
 195	2  14  13 
 197	2   9  10 
 199	2   9  10 
 201	2  14  10 
 203	2  14  10 
 195	6   7   2 
 205	2  13  10 
 207	2  13  10 
 201	2   2   1 
 203	2   2   1 
 205	2   5   1 
 207	2   5   1 
 209	6   9   1 
 215	6  13   8 
 209	6  15   7 
 215	6   2   0 
 221	2   1   9 
 223	2   1   9 
 225	2  14   9 
 227	2  14   9 
 225	2   1   0 
 227	2   0   1 
 229	2   8   9 
 229	2  14  15 
 229	2   1   0 
 231	2   8   9 
 231	2  15  14 
 221	6   7   3 
 227	6   7   6 
 233	2  10   9 
 235	2  10   9 
 237	2   9   6 
 239	2  10   2 
 239	2   8   4 
 241	2  14  15 
 241	2   6   9 
 243	2   9   6 
 245	2   4   8 
 247	2   8   4 
 245	2   2  10 
 247	2  10   2 
