   1	2  15   7 
   3	6  15  10 
   9	2  10   7 
  11	2  10  11 
  13	2  10  11 
  15	2  10   5 
  17	2  10   5 
  19	6  10   5 
  11	6   3   2 
  25	2   7  11 
  27	2   7  11 
  25	2   5   2 
  27	2   5   2 
  29	2   5  13 
  31	2   7  10 
  33	2   5  13 
  35	2   5   6 
  35	6  14  13 
  37	2   5   6 
  41	2   7  10 
  43	2  11  10 
  45	2  11  10 
  43	2   5   0 
  45	2   5   0 
  43	6   3   2 
  49	2   7   3 
  51	2   7   3 
  49	2   5   1 
  51	2   5   1 
  41	6  12   8 
  47	6  15  14 
  53	2  11   3 
  55	2  11   3 
  57	2   7  15 
  53	6   1   0 
  59	6   3   1 
  59	6  10   9 
  65	2   9   1 
  67	2   9   1 
  65	2   7  15 
  67	2  11  15 
  69	2  11  15 
  69	2   5   2 
  71	2   7   6 
  73	2   5   2 
  75	2   7   6 
  75	6  14   9 
  77	2   7   3 
  79	2   7   3 
  81	2  11   6 
  75	6   1   0 
  83	2  14  15 
  85	2  14  15 
  83	2   5   8 
  85	2   5   8 
  87	2   5  13 
  83	6   7   3 
  89	6  14   6 
  95	2   3   1 
  95	2  11  14 
  97	2   6  14 
  99	2   6  14 
 101	2  11   7 
 101	2   5  13 
 103	6   3   1 
 109	2   1   3 
 111	6   8   0 
 111	2  11   7 
 113	2   6   7 
 115	2   6   7 
 113	6  15  14 
 117	2   1   2 
 119	2   1   2 
 119	6  11   7 
 121	2   1   0 
 123	2   1   0 
 119	6  13   8 
 125	6  13  10 
 125	2   7   3 
 127	2   7   3 
 125	6   4   1 
 131	2   6   3 
 131	2   4   8 
 133	2   4   8 
 133	2  10  14 
 135	2  10  14 
 133	2   7   2 
 137	2  10  15 
 135	6   1   0 
 139	2  10  15 
 141	6   7   5 
 141	2  14  15 
 143	2  14  15 
 147	2  10  11 
 149	2  10  11 
 147	2   5   2 
 151	2   6   3 
 151	6   9   8 
 153	2   6   2 
 155	2   6   2 
 153	2  14  11 
 155	2  14  11 
 157	6  10   2 
 163	2  15  11 
 163	2   5   1 
 165	2  15  11 
 165	2   2   3 
 167	2   2   3 
 169	2   2  10 
 171	2   2  10 
 173	6   7   3 
 173	2   5   1 
 179	2   6   1 
 181	2   5   9 
 183	2   5   9 
 185	6   9   5 
 173	6  15  14 
 181	2  15   7 
 183	2  15   7 
 185	6  15   7 
 191	2  14  15 
 193	2  14  15 
 195	2   7  10 
 191	6   2   1 
 197	6  14  11 
 203	2  14  15 
 197	2   6   2 
 199	2   1   2 
 201	2   6   5 
 203	2   6   5 
 205	2   7  10 
 207	2  11  10 
 209	2  14  15 
 205	2   1   2 
 211	2  11  10 
 213	2   7   2 
 215	2   7   2 
 213	2  14  10 
 215	2  14  10 
 217	2  15  10 
 217	2   1   5 
 219	6  11   3 
 219	2   1   5 
 225	2   3   2 
 227	2   3   2 
 225	2  15  10 
 229	6  10   2 
 235	2  14  10 
 237	2  14  10 
 235	6   5   2 
 241	2   7   2 
 243	2   7   2 
 245	2  15  10 
 247	2  15  10 
 245	2   3   2 
 249	2   5  10 
 247	2   3   2 
 249	2   3   7 
 251	6  10   2 
 257	2   5   2 
 257	2  14  10 
 259	2  14  10 
 261	2  15  10 
 263	2  15  10 
 259	2   7   3 
 265	2   5  10 
 261	2   3   7 
 267	6   4   1 
 267	6   7   6 
 267	6  14  12 
 273	2   5  10 
 275	2   5   9 
 277	2   2  10 
 279	2   2  10 
 281	2  10  11 
 277	2  12   4 
 279	2   4  12 
 281	2   2   1 
 283	2  15   7 
 283	2  12   4 
 285	2   7  15 
 287	2  15   7 
 285	2   9   5 
 287	2   5   9 
 289	2   1   2 
 291	2   2   1 
 289	2  11  10 
 291	2  10  11 
