   1	6  16   8 
   7	2  16  22 
   9	2  16  22 
   1	6  36  35 
  11	2  16  24 
   7	6  37  36 
  13	2  16  24 
  15	2  16  32 
  17	6  17  12 
  23	2  22  24 
  25	2  22  24 
  17	6  44  38 
  27	2  16  32 
  29	2  16  37 
  31	6  38  22 
  37	2  16  37 
  37	6  47  33 
  43	2  38  32 
  39	2  16  28 
  41	2  16  28 
  45	2  38  32 
  43	2  16  29 
  45	2  16  29 
  47	6  33  19 
  53	2  24  32 
  55	2  24  32 
  47	2  38  37 
  49	2  38  37 
  47	6  29  28 
  53	6  44  28 
  59	2  38  29 
  61	2  38  29 
  57	2  16  17 
  59	2  16  17 
  57	6  25  19 
  63	2  24  37 
  65	2  24  37 
  67	2  38  44 
  67	2  24  29 
  69	2  32  37 
  71	2  38  44 
  73	2  38  17 
  75	2  38  17 
  77	2  32  37 
  77	2  16  22 
  79	2  24  29 
  81	2  32  29 
  83	2  32  29 
  79	6  45  44 
  85	2  24  45 
  87	2  24  45 
  89	2  37  29 
  91	2  37  29 
  93	2  32  45 
  95	2  32  45 
  93	2  16  22 
  95	6  30  22 
  97	2  24  17 
  99	2  24  17 
 101	6  15   9 
 101	2  37  45 
 103	2  38  30 
 105	2  38  30 
 107	6  38  17 
 113	2  32  38 
 113	6  43  28 
 115	2  16  25 
 117	2  16  25 
  97	6  34  20 
 119	2  32  38 
 121	2  37  45 
 121	2  17  25 
 113	6  20  12 
 123	2  16  15 
 123	2  24  30 
 125	2  16  15 
 125	2  24  30 
 119	6  12   3 
 119	6  28  21 
 127	2  32  30 
 129	2  17  25 
 129	2  37  38 
 127	6  21   8 
 131	2  32  30 
 133	6  18  15 
 139	2  24  25 
 133	2  37  38 
 135	2  37  30 
 141	2  24  25 
 139	2  29  45 
 141	2  29  45 
 143	2  37  30 
 143	2  32  25 
 145	2  32  25 
 139	2  16   8 
 141	2  16   8 
 143	2  16   3 
 145	2  16   3 
 147	2  29  38 
 147	2  17  18 
 149	2  17  18 
 149	2  29  38 
 147	6   9   8 
 151	2  45  38 
 153	2  45  38 
 151	2  29  30 
 153	2  29  30 
 151	2  24  18 
 153	2  17   9 
 153	6  32  25 
 155	2  45  30 
 157	2  45  30 
 155	2  17   9 
 159	6  39  23 
 159	6  19   3 
 165	2  24  18 
 151	6  42  35 
 167	2  38  30 
 167	2  25  18 
 157	6  35  28 
 169	6  37  32 
 175	2  38  30 
 175	2  25  18 
 165	6  28  21 
 171	6  21  15 
 165	6  10   9 
 165	6   1   0 
 177	6  33  18 
 183	2  32  37 
 177	2  16  23 
 183	2  17  19 
 185	2  17  19 
 185	2  32  37 
 171	6   2   1 
 187	2  29  37 
 187	2  24  10 
 189	6  18  10 
 189	2  29  37 
 191	2  45  37 
 193	2  45  37 
 195	2  38  37 
 189	2  32  33 
 191	2  32  33 
 189	2  16  23 
 195	2  17  23 
 195	6   9   2 
 197	2  38  37 
 197	2  24  18 
 199	2  24  19 
 199	6  39  33 
 201	2  30  37 
 201	2  16  15 
 203	2  16  15 
 205	2  16   9 
 207	2  24  19 
 203	6  37  29 
 209	2  37  39 
 209	2  17  23 
 211	6  39  37 
 211	2  16   9 
 213	2  17  15 
 215	2  25  18 
 215	2  16  10 
 217	6  26  19 
 217	2  24  23 
 219	2  24  23 
 221	2  17  15 
 223	2  25  18 
 225	2  25  26 
 225	2  17   9 
 217	2  39  37 
 219	2  45  37 
 221	2  45  37 
 223	2  38  37 
 225	2  30  29 
 225	6  45  40 
 227	2  25  26 
 227	2  17   9 
 229	2  25  23 
 231	6  34  18 
 237	2  25  23 
 239	2  16  10 
 239	2  32  34 
 241	6  21  16 
 241	2  32  34 
 243	2  39  34 
 245	2  38  37 
 245	2  32  26 
 247	6  31  23 
 247	2  17  10 
 247	2  21  36 
 249	2  17  10 
 249	2  21  36 
 247	6  47  34 
 253	6  44  30 
 253	2  39  47 
 255	2  32  26 
 255	2  40  47 
 257	2  39  26 
 253	6  17  15 
 259	6  19   3 
 259	2  32  31 
 259	2  44  37 
 265	2  39  26 
 267	2  40  47 
 269	2  38  47 
 265	2  24  17 
 267	2  24  17 
 269	2  25  17 
 259	6  21  15 
 261	6  36  29 
 267	2  21  29 
 269	2  21  29 
 265	6   8   3 
 271	6  33  26 
 271	2  44  37 
 273	2  36  37 
 275	2  36  37 
 271	2  24   9 
 273	2  24   9 
 275	2  24  10 
 275	2  15   8 
 271	6  47  46 
 277	6  47  44 
 277	2  25  17 
 277	2  15   8 
 279	2  32  31 
 279	2  21   8 
 281	2  21   8 
 281	6  25  17 
 283	2  40  33 
 287	2  24  10 
 289	2  39  31 
 289	2  17   9 
 283	6  44  36 
 283	6  14   0 
 289	6  36  22 
 291	2  38  46 
 291	2  32  25 
 295	2  15  22 
 291	2  17   9 
 293	2  47  46 
 293	2  32  25 
 293	2  17  10 
 297	2  15  22 
 295	2  17  10 
 295	2  40  33 
 297	2  39  31 
 295	6  45  44 
 299	2  21  22 
 299	2  40  31 
 301	6  44  28 
 301	6  39  33 
 297	6  18  10 
 301	6  24  23 
 307	6  32  25 
 307	2  47  46 
 307	2  15  14 
 309	2  21  22 
 309	2  45  46 
 311	2  45  46 
 313	2  38  39 
 311	2  23  29 
 313	2  23  29 
 311	2  15  14 
 313	2  21  14 
 307	6  34  20 
 303	6  10   9 
 313	2  25  10 
 313	6  20  12 
 315	2  17  29 
 317	2  17  29 
 319	2  37  46 
 315	2  33  32 
 317	2  33  32 
 321	2  38  39 
 323	2  47  39 
 319	2  25  10 
 321	2  25  18 
 323	2  25  18 
 319	2  21  14 
 321	2  23   8 
 323	2  23   8 
 321	6  12   4 
 325	2  37  46 
 325	2  17   8 
 327	6   4   1 
 327	2  40  31 
 329	2  38  31 
 331	2  40  32 
 333	2  15   9 
 333	2  47  39 
 335	2  15   9 
 335	2  45  39 
 327	6  43  36 
 333	6  29  24 
 337	2  45  39 
 333	6  33  26 
 333	6   4   3 
 337	6   7   1 
 339	2  38  31 
 339	2  26  10 
 341	2  47  31 
 343	2  23  22 
 343	2  40  32 
 341	6  12  10 
 345	2  38  32 
 345	2  23  22 
 347	6  27  12 
 347	2  23  14 
 347	2  38  32 
 349	2  47  31 
 349	2  15  28 
 351	2  23  14 
 351	6  38  32 
 353	2  26  27 
 353	2  15  28 
 355	2  15   7 
 357	6  17  16 
 357	2  37  39 
 363	2  16   8 
 359	2  37  39 
 361	2  40  27 
 365	2  15   7 
 363	2  26  18 
 365	2  26  18 
 361	2  45  31 
 363	2  47  38 
 365	2  45  31 
 361	6  36  29 
 367	6   3   1 
 367	2  37  31 
 369	2  47  38 
 371	2  45  38 
 373	2  45  38 
 367	2  16  22 
 371	2  40  27 
 369	2  25  24 
 371	2  25  24 
 369	2  16  22 
 373	2  26  24 
 373	2  15  29 
 373	6  47  41 
 375	2  32  27 
 375	2  21   9 
 377	2  32  27 
 377	2  21   9 
 379	6   4   3 
 379	2  37  31 
 379	2  21  28 
 379	2  46  39 
 381	2  46  39 
 379	2  41  27 
 381	2  26  24 
 381	2  15  29 
 383	2  16  14 
 383	2  46  31 
 383	2  41  27 
 385	6  40  27 
 385	2  37  38 
 387	2  37  38 
 391	2  45  40 
 385	2  23   9 
 387	2  23   9 
 385	2  21  28 
 389	2  15   1 
 393	2  46  31 
 395	2  46  38 
 397	2  45  40 
 391	2  16  14 
 393	2  16   9 
 395	2  16   9 
 393	2  21   7 
 395	2  21   7 
 397	2  23  28 
 399	2  23  28 
 399	2  46  38 
 391	6  26  18 
 397	2  27  26 
 399	2  27  26 
 397	6  10   8 
 401	2  39  31 
 403	2  39  31 
 405	2  37  40 
 403	2  15   1 
 405	2  15   2 
 405	6  25  24 
 407	2  21  29 
 407	2  39  38 
 411	2  16  28 
 413	2  37  40 
 413	2  15   2 
 415	6  27  19 
 415	2  15   8 
 415	2  39  38 
 417	2  15   8 
 417	2  46  40 
 415	2  21  29 
 419	2  46  40 
 415	2  24  10 
 417	2  24  10 
 419	2  24  22 
 419	6   8   1 
 421	2  31  38 
 421	2  19  25 
 423	2  32  26 
 419	6  11  10 
 421	6  23  22 
 425	2  31  38 
 425	2  18  11 
 427	6  21   7 
 427	2  24  23 
 433	2  22  21 
 427	2  32  26 
 429	2  19  25 
 435	2  16  28 
 429	2  39  40 
 431	2  41  26 
 433	2  32  25 
 435	2  41  26 
 431	6  46  45 
 433	6   7   1 
 437	2  22  21 
 437	2  18  11 
 437	2  39  40 
 437	6  34  26 
 439	2  22  29 
 441	2  15   0 
 443	6  24  23 
 443	2  46  34 
 449	2  32  25 
 449	2  15   0 
 443	2  19  11 
 445	2  19  11 
 445	6  41  34 
 445	6  45  37 
 447	6  20  11 
 451	2  46  41 
 451	2  22  29 
 453	2  31  40 
 455	2  18  24 
 453	2  15   3 
 455	2  15   3 
 455	6  47  41 
 457	2  23  14 
 459	2  18  24 
 459	2   1   8 
 453	6  27  20 
 459	6  22  14 
 461	2   1   8 
 463	2   1   2 
 461	2  32  27 
 463	2  34  25 
 461	2  45  47 
 465	2  16  21 
 463	2  45  47 
 465	2  32  27 
 467	2  23  22 
 467	2  34  25 
 465	2   1   2 
 467	2   1   7 
 469	6  26  24 
 475	2  23   9 
 475	2  19  26 
 477	2  19  26 
 477	2  16  21 
 477	2   1   7 
 465	6  47  45 
 479	2  34  27 
 471	2  37  45 
 473	2  37  45 
 475	2  39  45 
 479	2  23   9 
 477	2  39  45 
 479	6  46  40 
 481	2  16  29 
 483	2  23  28 
 481	2  34  27 
 481	2   1   0 
 483	2  14   8 
 479	6  32  25 
 483	6  34  27 
 485	2  23  28 
 485	2  40  32 
 487	2  40  32 
 485	2  14   8 
 487	2  23  21 
 489	2  31  46 
 491	2  25  26 
 491	2  38  46 
 487	2   1   0 
 489	2  14   2 
 493	2  47  32 
 491	2   1   3 
 493	2   1   3 
 495	2  40  34 
 497	2  38  46 
 495	2  25  26 
 497	2  27  26 
 491	2  23  21 
 493	2  16  29 
 495	2  23  29 
 495	2  14   2 
 497	2  16   8 
 499	6  18  15 
 499	2  40  34 
 505	6  16   1 
 511	2  18  17 
 505	2  47  32 
 513	2  18  17 
 507	2  47  34 
 515	2  16  17 
 511	2   1   8 
 509	2  31  45 
 513	2   1   2 
 513	2  14   7 
 515	2   1   2 
 515	2  14   7 
 517	2  14   0 
 509	2  27  26 
 511	2  37  32 
 519	2  14   0 
 521	2   1   7 
 523	2   1   7 
 513	2  37  32 
 515	2  39  32 
 517	2  39  32 
 519	2  40  26 
 517	2  23  29 
 519	2  31  45 
 521	2  47  34 
 521	2  38  45 
 519	2  16  17 
 523	2  38  45 
 521	2  18  24 
 521	2  15  22 
 523	2  40  26 
 523	2  15  22 
 523	6  12  11 
 525	2   1   0 
 525	2  31  32 
 525	2  15   9 
 527	2   1   0 
 525	2  46  45 
 527	2  15   9 
 527	2  46  45 
 527	2  31  32 
 525	6  40  34 
 529	2  15  28 
 529	2  18  24 
 531	6  23  14 
 531	2  47  26 
 533	2  18   4 
 537	2  14   8 
 533	2  38  32 
 535	2  47  26 
 537	2  18   4 
 539	2  18  10 
 541	2  18  10 
 537	2  37  40 
 539	2  15  28 
 541	2  37  40 
 541	2  15  21 
 543	6  23  10 
 543	2  38  32 
 549	2  10   3 
 545	2  39  40 
 549	2  16  24 
 551	2  10   3 
 547	2  39  40 
 551	2  16  24 
 543	6  14   0 
 549	6  39  26 
 553	2  16   4 
 555	2  10  17 
 555	2  37  39 
 555	2  15  21 
 555	6   2   1 
 557	2  18  11 
 557	2  37  39 
 559	2  46  32 
 561	2  46  32 
 561	2   2   3 
 559	2  15  29 
 561	2  15  29 
 563	2  16   4 
 563	2  26  39 
 563	6  36  29 
 565	2  31  40 
 567	2  31  40 
 569	2  45  32 
 571	2  38  40 
 565	2  18  11 
 565	2   0   8 
 567	2  15   8 
 569	2   0   1 
 571	2   2   3 
 569	2  16  23 
 571	2  15   8 
 571	6  24  18 
 573	2   0   1 
 573	2  38  40 
 575	2  46  40 
 575	2   0   7 
 577	6  30  24 
 577	2   0   7 
 577	2  46  40 
 579	2   0  14 
 579	2  26  39 
 583	2  31  39 
 585	2  31  39 
 587	2  45  32 
 589	2  45  40 
 581	2  15   1 
 591	2  45  40 
 583	2  15   1 
 585	2  15   7 
 587	2   0  14 
 593	2  32  40 
 583	2  10  17 
 585	2  10  18 
 587	2  10  18 
 589	2   0   3 
 587	2  16  23 
 591	2   2  17 
 593	2   0   3 
 595	6  17   9 
 595	2  38  39 
 597	2  38  39 
 599	2  46  39 
 595	6   1   0 
 569	6  43  36 
 589	6  36  22 
 595	6  44  36 
 601	2  10   4 
 601	2  46  39 
 601	2  30  24 
 603	2  10   4 
 603	2  30  24 
 601	2  15   7 
 603	2  45  39 
 603	2  15  14 
 589	6  26  19 
 605	2  16  11 
 605	2  30  29 
 605	2  45  39 
 595	6  33  26 
 607	2  10  23 
 607	2  32  40 
 607	6  45  44 
 609	2  30  29 
 609	2  15  14 
 609	2  32  39 
 611	2  32  39 
 609	2   2   9 
 613	2  40  39 
 611	2  15   3 
 613	2  30  22 
 613	2   1   9 
 607	6  19  12 
 613	6  24  17 
 615	2  33  45 
 617	2  33  45 
 619	2  16  11 
 621	2  33  24 
 623	2  33  24 
 621	2   1   9 
 623	6   3   1 
 625	2  30  22 
 625	2  40  39 
 625	2  16  17 
 627	2  16  17 
 627	2  30  36 
 627	6  45  33 
 629	2  16  29 
 631	2  16  29 
 633	6  32  24 
 639	2  10  23 
 639	2  25  33 
 641	6  23   9 
 641	2  25  33 
 643	2  27  33 
 645	2  25  32 
 633	6  45  37 
 633	6  19  12 
 639	6  37  36 
 647	2   2  18 
 647	2  27  33 
 649	2   2  18 
 651	2  10  11 
 649	2  34  33 
 653	2  10  11 
 655	2   3  18 
 645	2  36  28 
 647	2  36  28 
 649	2  30  37 
 651	2  16  22 
 657	2  10  17 
 651	2  34  33 
 653	2  47  33 
 659	2  10  17 
 655	2  47  33 
 653	2  36  21 
 657	2  25  32 
 659	2  27  32 
 655	2  36  21 
 657	2  15   1 
 661	2  27  32 
 657	2  36  43 
 661	2   2   4 
 659	2  15  23 
 659	2  36  43 
 661	2  15  23 
 661	6  36  28 
 663	2   2   4 
 663	2  45  33 
 665	2  45  33 
 665	2   2   9 
 663	6  30  23 
 667	2  34  32 
 667	2   2   9 
 667	6  28  14 
 669	2  34  32 
 673	2  14   8 
 671	2  47  32 
 673	2  47  32 
 669	6  18  10 
 675	6  38  25 
 675	2  14   8 
 677	2  14   0 
 675	2   3  10 
 677	2   3   4 
 679	2   3   4 
 679	2  14   0 
 669	6  23  16 
 675	6  29  23 
 671	6  34  27 
 677	6  40  34 
 683	2  19  33 
 681	2   3   9 
 683	2   3   9 
 681	2  38  36 
 683	2  38  36 
 685	2  45  32 
 681	2  14   7 
 683	2  14   7 
 685	2  14  28 
 685	2   2  11 
 687	6  23  10 
 687	2  19  33 
 687	2  14  28 
 687	6  44  38 
 693	6  44  36 
 693	2  14   1 
 695	2   2  11 
 697	2   2  17 
 693	6  46  40 
 699	6  16   4 
 699	2  46  44 
 701	2  46  44 
 703	2  45  32 
 695	6  28  21 
 703	2  36  28 
 699	6  41  27 
 705	6  13   4 
 705	2  15  23 
 707	2  31  33 
 711	2  13  12 
 713	2  13  12 
 715	2   3  11 
 709	2  31  33 
 717	2   3  11 
 705	2  36  28 
 711	2  25  33 
 707	2  14   1 
 715	2  13  27 
 707	2  36  43 
 709	2  36  43 
 711	2  14  30 
 717	2  25  33 
 713	2  14  30 
 715	2  15  23 
 717	2  14  23 
 715	6  36  28 
 719	2  15  16 
 719	2  19  32 
 705	6  46  45 
 715	6  45  44 
 711	6  48  41 
 721	6  28  21 
 721	2  19  32 
 721	2  15  16 
 721	2  44  36 
 723	2  31  32 
 727	2  14  23 
 729	2  14  16 
 723	2  44  36 
 731	2  21   8 
 725	2  44  43 
 725	2  40  33 
 727	2  40  33 
 727	2  44  43 
 729	2  48  45 
 731	2  48  45 
 733	2  31  32 
 731	2  18  10 
 733	2  21   8 
 733	2  18  10 
 735	2  25  32 
 737	2  25  32 
 733	2  47  45 
 735	2  47  45 
 739	2   2  17 
 739	2  40  32 
 729	2  13  27 
 737	2  46  45 
 739	2  46  45 
 735	2  29  22 
 737	2  29  37 
 739	2  29  37 
 735	6  27  19 
 741	6  48  47 
 741	2  38  33 
 743	2  38  33 
 741	2   3  17 
 741	2  21   0 
 743	2   3  17 
 743	2  21   0 
 745	2  24  33 
 745	2   2  10 
 745	2  21   7 
 747	6  22   9 
 747	2  40  32 
 753	2  15  22 
 753	2   2  10 
 749	2  38  32 
 751	2  38  32 
 753	2  24  33 
 755	2  34  33 
 755	2  14  16 
 757	6  29  16 
 763	2   3  10 
 763	2  15  22 
 757	2  34  33 
 759	2  39  33 
 763	2  24  32 
 741	6  19  12 
 755	6   1   0 
 745	6  44  43 
 765	2  16  19 
 767	6  18  15 
 761	6  47  45 
 773	2   3  10 
 773	2  24  32 
 767	2  45  36 
 769	2  45  36 
 771	2  45  44 
 773	2  45  44 
 773	2  21   7 
 767	6  47  41 
 773	2  27  41 
 775	6  37  36 
 775	2  18  11 
 777	2  18  11 
 779	2  18  17 
 775	2  27  41 
 777	2  39  33 
 775	2  15   9 
 781	2  18  17 
 775	2  21  28 
 777	2  14  22 
 779	2  34  32 
 781	2  34  32 
 779	2  15   9 
 779	2  21  28 
 781	2  21   0 
 781	6  45  37 
 783	2  39  32 
 783	2  21   0 
 785	2  14  22 
 785	2  39  32 
 785	2   2   9 
 783	6  17  11 
 787	2  33  32 
 787	2  48  45 
 787	2   2   9 
 787	6  22  21 
 789	2  33  32 
 789	2  48  45 
 791	2  46  45 
 789	2  18  10 
 791	2  18  10 
 791	6  41  32 
 793	2  46  45 
 793	2   3   9 
 793	2  22  30 
 795	2  22  30 
 797	2  22  23 
 799	2  22  23 
 795	2   3   9 
 797	2  18   9 
 799	2  18   9 
 801	2  14  17 
 791	6  43  35 
 797	6  48  45 
 803	6  14   8 
 803	2  31  32 
 805	2  31  32 
 803	2  27  48 
 803	2  22  29 
 805	2  27  48 
 807	2  25  32 
 805	2  22  29 
 803	2  45  44 
 805	2  45  44 
 807	2  46  44 
 803	6  17  16 
 807	6  35  29 
 813	2  22  21 
 815	2  22  21 
 809	2   8  16 
 809	2  25  32 
 809	2  46  44 
 811	2  40  32 
 811	2  17  19 
 813	2  40  32 
 813	2  17  12 
 815	2  38  32 
 815	2  17  12 
 811	6   8   2 
 813	6  27  26 
 817	2  29  14 
 817	2  38  32 
 817	2   2  11 
 819	6  48  40 
 819	2  29  14 
 819	2   2  11 
 821	2  15  36 
 823	2  15  36 
 825	6  19   3 
 825	2  22  16 
 825	2  31  40 
 827	2  31  40 
 827	2  22  16 
 829	2  24  32 
 825	6  45  44 
 829	6  29  14 
 831	2  25  40 
 833	2  25  40 
 835	2  48  40 
 837	2  24  32 
 831	2   2  10 
 835	2  37  29 
 839	2  34  32 
 833	2   2  10 
 835	2  14   1 
 841	2  34  32 
 837	2  37  29 
 837	2  14   1 
 839	2  44  29 
 841	2  44  29 
 839	2  14   7 
 841	2  14   7 
 839	2   2   9 
 841	2   2   9 
 835	6  18  11 
 841	6  12  11 
 843	2  48  40 
 843	2  14  28 
 845	2  38  40 
 845	2  14  28 
 843	6   9   1 
 847	2  38  40 
 843	6  26  25 
 847	6  36  29 
 849	2  24  40 
 851	2  24  40 
 853	2  34  40 
 855	2  34  40 
 849	2  14   0 
 853	2   8  29 
 855	2  14   0 
 857	2  14  30 
 859	6  15   2 
 865	2  14  30 
 865	2   2   3 
 853	6  46  45 
 847	6  20  13 
 853	6  18  17 
 859	2  18   5 
 861	2  18   5 
 863	6  47  26 
 867	2  14  23 
 869	2   8  29 
 869	2  39  32 
 871	6  22   9 
 871	2  25  46 
 873	2  39  32 
 875	2  25  46 
 871	6  37  36 
 877	6  29  24 
 877	2  39  40 
 883	2  14  23 
 877	2   2   3 
 879	2  39  40 
 883	2  45  37 
 883	2   2  11 
 883	2  33  32 
 863	6  13   6 
 885	6  17  15 
 885	2  33  32 
 887	2  41  32 
 885	2  45  37 
 889	2  33  40 
 885	6   4   2 
 887	6  36  29 
 891	2  33  40 
 891	2   9  15 
 891	2   4  11 
 893	6  45  36 
 893	2   4   5 
 893	2   9  15 
 895	2   8   3 
 899	2  29  22 
 897	2   9  10 
 899	2   9  10 
 893	2  19  24 
 895	2  19  24 
 899	2  31  46 
 897	2   4   5 
 899	6   5   4 
 901	2  31  46 
 901	2  29  22 
 901	2   9   1 
 903	2   9   1 
 905	2  14  35 
 903	2  41  32 
 905	2  12  24 
 907	2   5   6 
 905	2  41  40 
 907	2  25  37 
 907	2  47  46 
 907	2   8   3 
 909	6  21   7 
 909	2  47  46 
 909	2  25  37 
 911	2  48  46 
 909	2   5   6 
 913	2  48  46 
 915	2  41  40 
 911	2  31  37 
 911	2  19   3 
 913	2  31  37 
 915	2  29  21 
 913	2  19   3 
 915	2  38  46 
 915	6  10   8 
 917	2  32  40 
 917	2  29  21 
 919	2  29  28 
 921	2  10  11 
 921	2  29  28 
 923	2  12  24 
 923	2  14  35 
 919	6  47  45 
 925	6  29  22 
 925	2  32  40 
 925	2  12   3 
 927	2  38  46 
 927	2  10  11 
 929	2  45  37 
 925	2  14   7 
 929	2  19  11 
 927	2  14   7 
 929	2  17  24 
 927	6  48  33 
 931	2  17  24 
 933	2  14  16 
 933	2  47  46 
 931	2  44  29 
 933	2  44  29 
 931	2  12   3 
 933	2  19  11 
 929	6   1   0 
 933	6   6   5 
 935	2   9  24 
 935	2  36  29 
 935	2  47  46 
 937	2  34  46 
 939	2  34  46 
 937	2  14  16 
 937	2  36  29 
 939	2  22   1 
 939	2  12  11 
 941	6  44  42 
 941	2  22   1 
 941	2  39  46 
 943	2  39  46 
 943	2  10   4 
 943	2  22  30 
 945	2  22  30 
 945	2  12  11 
 945	6  39  33 
 951	2  48  46 
 947	2  17   3 
 947	2  42  21 
 949	2   9  24 
 949	2  42  21 
 951	2  36  21 
 951	2  17   3 
 947	6  19  13 
 953	6  47  32 
 953	2  14  15 
 955	2  14  15 
 953	2  42  28 
 957	2  22  23 
 953	2  17  11 
 959	2  42  28 
 953	2  45  37 
 959	2  39  37 
 961	2  48  46 
 957	2  14   8 
 955	2  10   4 
 959	2  14   8 
 961	2  36  21 
 957	2  17  11 
 959	2  13   4 
 961	2  13   4 
 959	6  34  26 
 963	2  12   4 
 963	2  22  23 
 963	2  39  37 
 965	6  31  26 
 965	2  36  28 
 965	2  10   5 
 967	2  36  28 
 965	2  14   0 
 967	2  14   0 
 967	2   9   3 
 971	2  38  37 
 971	2  22  35 
 973	2  38  37 
 975	2  41  46 
 977	2  41  46 
 969	2  10   5 
 973	2  22  35 
 975	2  22   7 
 977	2  22   7 
 971	2   9   3 
 971	2  13   5 
 973	2  12   4 
 975	2  13   5 
 977	2  10  19 
 975	6  42  36 
 979	2  47  46 
 979	2  12   5 
 979	2  22  16 
 979	6   7   1 
 981	2  47  46 
 981	2  32  37 
 983	2  32  37 
 981	2  22  16 
 981	2  12   5 
 983	2  22  15 
 983	6  10   5 
 985	2  40  46 
 987	2  40  46 
 989	2  17   4 
 991	2   9  11 
 993	2   5  19 
 985	2  31  37 
 987	2  31  37 
 995	2   9  11 
 989	6  38  37 
 995	2  33  38 
 985	6  22  14 
 991	6  29  23 
 997	6  47  38 
 997	2  25  23 
 999	2  25  23 
1001	2  13  19 
1001	2  17   4 
1001	2  14  15 
 997	6  36  28 
1003	6  45  38 
1003	2  17  10 
1003	2  33  47 
1005	2  48  47 
1007	2  48  47 
1005	2  17  10 
1007	2  26  23 
1009	6  14   8 
1009	2  41  47 
1009	2  13  19 
1011	2  41  47 
1013	2  45  47 
1011	2  12  19 
1013	2  12  19 
1009	6  31  23 
1007	6   3   2 
1009	6  42  36 
1015	2  28   7 
1015	2  26  31 
1015	6  48  41 
1017	2  38  31 
1017	2  28   7 
1017	2  17  19 
1019	2  28  30 
1019	2   8  14 
1019	2  17  19 
1021	6  19  17 
1021	2  38  31 
1021	2   8  14 
1023	2   8   0 
1025	2   8   0 
1027	2   9   4 
1023	2  28  30 
1025	2  39  31 
1029	2   9   4 
1025	2  28  29 
1027	2  45  47 
1031	2   9  10 
1027	2  22  24 
1033	2   9  10 
1029	2  39  31 
1031	2  40  47 
1033	2  40  47 
1031	2  37  31 
1033	2  37  31 
1035	2  46  47 
1037	2  46  47 
1035	2   9  17 
1035	2  32  31 
1037	2   9  17 
1029	2  28  29 
1037	2  32  31 
1039	2  23  31 
1041	2  23  31 
1031	2  28  35 
1033	2  28  35 
1039	6  41  26 
1029	6  14   7 
1043	6  39  31 
1035	6  28  14 
1049	2  33  39 
1041	2  14   1 
1043	2  14   1 
1045	2  14  16 
1049	2  22  24 
1051	6  24  21 
1057	6  22   1 
1063	2   8  21 
1057	2  33  39 
1059	2  26  39 
1061	2  26  39 
1063	2  48  39 
1063	2  25  24 
1035	6  43  42 
1065	6   3   1 
1065	2  48  39 
1065	2  36  28 
1067	2  45  39 
1065	2  14  16 
1069	2  45  39 
1067	2  36  28 
1069	2  36  30 
1067	2  14  15 
1069	2  14  15 
1067	2  25  24 
1067	6  41  27 
1073	2  40  39 
1071	2  36  30 
1073	2  36  29 
1073	2  27  24 
1071	2  14   7 
1075	2  27  24 
1075	2  40  39 
1075	2   8  21 
1077	6  38  25 
1077	2   3   2 
1083	2  25  24 
1077	2  36  29 
1079	2   3   2 
1081	2   3  11 
1083	2   8   2 
1085	2   8   2 
1085	2  25  24 
1079	2  36  35 
1081	2  36  35 
1083	2  38  43 
1085	2  38  43 
1077	6  48  40 
1077	6  34  27 
1087	6  36  22 
1087	2  46  39 
1087	2   3  11 
1089	2  46  39 
1089	2   3   4 
1091	2   3   4 
1087	2  31  24 
1091	2  47  39 
1089	2  31  24 
1087	6   9   8 
1083	6  41  34 
1093	6   8   0 
1093	2   3  10 
1095	2   3  10 
1093	2  47  39 
1093	2  37  24 
1095	2  37  24 
1097	2  32  24 
1097	2  22  36 
1095	6  47  41 
1099	2   9  11 
1101	2   9  11 
1103	2   3  17 
1099	2  22  36 
1105	2   3  17 
1101	2  14   7 
1103	2  14   8 
1105	2  14   8 
1101	6  46  43 
1107	6  38  37 
1107	2   9   4 
1109	2   9   4 
1107	2  32  24 
1109	2  23  24 
1111	2  23  24 
1107	2  47  46 
1109	2  47  46 
1107	2  14  21 
1111	2   9  10 
1109	2  14  21 
1111	6  48  27 
1113	2  37  28 
1115	2  37  28 
1117	2  22  16 
1119	2  25  46 
1119	2   9  10 
1117	2  37  30 
1121	2  22  16 
1119	2  37  30 
1111	6  14   7 
1121	2   7   2 
1121	6  47  44 
1123	2   7   2 
1125	2  22  15 
1127	2  44  28 
1125	2   9  17 
1127	2  33  24 
1127	6   7   2 
1129	2  25  46 
1131	2  44  28 
1131	2  33  24 
1133	2  31  46 
1133	2  22  15 
1133	2   2  11 
1133	6  44  36 
1135	2  22  14 
1135	2  31  46 
1135	2   9  17 
1137	2   2  11 
1137	2  22  14 
1139	2   2   4 
1137	2  26  24 
1139	2  36  30 
1137	6  46  39 
1141	2  37  29 
1141	2   2   4 
1141	2  26  24 
1143	2  40  24 
1143	2  37  29 
1145	2  37  35 
1147	2  38  39 
1149	2  40  24 
1145	6  21  15 
1151	6  22  15 
1151	2   2  10 
1151	2  38  39 
1151	2  36  30 
1153	2  37  35 
1153	2   2  10 
1155	2  37  44 
1155	2   2  17 
1153	2  32  39 
1157	2  15   8 
1159	2  15   8 
1157	2  37  44 
1159	2  45  24 
1161	2  45  24 
1163	2  32  39 
1163	2   2  17 
1159	2  36  29 
1161	2  36  29 
1163	2  15  22 
1163	2  36  35 
1165	2  36  35 
1165	2  23  39 
1167	2  36  44 
1167	2  23  39 
1165	6  11  10 
1169	2  33  39 
1169	2  36  44 
1169	2  15  22 
1171	6  37  28 
1171	2  33  39 
1171	2  15   7 
1173	2  15   7 
1171	6   4   2 
1169	6  25  24 
1177	2  15  10 
1175	2  27  25 
1177	2  27  25 
1179	2  15  10 
1179	2  26  39 
1181	6  16  15 
1181	2  26  39 
1183	2  40  39 
1185	2  40  39 
1181	6  28  21 
1177	6  44  43 
1183	6  37  31 
1187	2  21  15 
1183	6  26  25 
1189	6  46  44 
1189	2  24  31 
1191	2  24  31 
1193	2  16   2 
1195	6  46  34 
1195	2  37  31 
1197	2  24  30 
1201	2  34  26 
1199	2  37  31 
1201	2  45  39 
1195	2  21  15 
1197	2  21  28 
1199	2  21  28 
1201	2  21  14 
1199	2  16   2 
1201	2  24  30 
1201	6  10   9 
1203	2  21  14 
1203	2  34  26 
1203	2  38  31 
1205	2  37  30 
1205	2  45  39 
1205	2  41  26 
1205	6  21  15 
1211	2  24  29 
1211	2  15   8 
1207	6  39  33 
1213	6  36  35 
1213	2  38  31 
1213	2  41  26 
1215	2  27  33 
1213	2  15   8 
1217	2  32  31 
1215	2  15  22 
1219	2  37  30 
1219	2  27  33 
1217	2  15  22 
1221	2  34  33 
1219	2  35  21 
1219	2  16  11 
1221	2  24  29 
1221	2  15   7 
1221	6  46  44 
1223	2  35  21 
1225	2  35  28 
1223	2  32  31 
1225	2  34  33 
1225	2  23  31 
1227	6  35  21 
1227	2  16  11 
1227	2  38  30 
1227	2  41  33 
1229	2  38  30 
1233	2  24  36 
1235	2  24  36 
1229	2  41  33 
1233	2  15   7 
1237	2  37  29 
1235	2  15   9 
1237	2  15   9 
1231	6  33  27 
1237	6  39  24 
1239	2  37  29 
1241	2  37  36 
1241	2  21  28 
1237	6  34  26 
1239	6  15   9 
1243	2  38  29 
1245	6  44  39 
1251	2  32  30 
1253	2  32  30 
1255	2  46  34 
1255	2  37  36 
1245	2  21  14 
1245	2  16  17 
1255	2  23  31 
1247	2   9   2 
1249	2   9   2 
1257	2  44  43 
1257	2  23  30 
1259	2  24  31 
1259	2  44  43 
1247	2  21  14 
1251	2   9  11 
1253	2  21   8 
1255	2  21   8 
1259	2  21  22 
1257	2   9  11 
1257	6  46  41 
1261	2  37  43 
1261	2  24  31 
1261	2  21  22 
1259	6   8   2 
1263	2  41  34 
1263	2  38  29 
1263	2  16  17 
1265	6  29  23 
1265	2  41  27 
1267	2  41  27 
1269	2  34  27 
1265	6  43  38 
1265	6  11   2 
1265	6  21  14 
1271	2  14   7 
1271	2  34  27 
1271	2  44  35 
1271	2  32  23 
1273	6  47  41 
1273	2  44  35 
1273	2  32  23 
1275	2   9  17 
1275	2  37  38 
1273	2  14   7 
1275	2  14  15 
1277	2  14  15 
1277	2   9  17 
1277	2  29  30 
1273	6  27  19 
1277	6  45  32 
1279	2  14   8 
1279	2  43  36 
1281	2  14   8 
1283	2  25  31 
1281	2  43  36 
1283	2  45  36 
1283	2  14   2 
1285	6  44  35 
1285	2  14   2 
1285	2  24  30 
1287	2  24  30 
1289	2  14  17 
1285	6  40  39 
1291	6  35  28 
1291	2  25  31 
1293	2  25  30 
1295	2  25  30 
1297	6  30  24 
1297	2  28  35 
1303	2  37  44 
1303	2  39  31 
1305	2  39  31 
1299	2  28  35 
1307	2  43  38 
1309	2  43  38 
1311	2  39  24 
1311	2  37  44 
1301	2  28  21 
1303	2  28  21 
1297	6  11   9 
1305	6  28  21 
1313	6  46  40 
1313	2  32  31 
1313	2  43  44 
1313	2  29  23 
1315	2  29  23 
1315	2  32  31 
1315	2  43  44 
1317	2  30  23 
1319	2  30  23 
1321	6  33  31 
1327	2  31  33 
1329	2  31  33 
1331	2  39  24 
1311	6  14   2 
1317	6  43  35 
1333	2  32  24 
1333	2  45  36 
1317	6  21  15 
1335	2  45  38 
1337	2  37  43 
1339	2  29  36 
1341	2  37  43 
1343	2  29  36 
1323	2  15   9 
1335	2  26  33 
1335	2   2  17 
1337	2  15   9 
1337	2  32  24 
1339	2  26  33 
1339	2  31  24 
1341	2  31  24 
1341	2  40  33 
1343	2  45  38 
1343	2  26  24 
1345	6  42  28 
1345	2  45  44 
1347	2  45  44 
1345	2  25  23 
1347	2  25  23 
1349	2  40  33 
1349	6  38  23 
1351	2  35  43 
1355	2  39  38 
1355	2  15  22 
1353	2  35  43 
1355	2  26  24 
1357	6  25  24 
1357	2  30  36 
1359	2  45  43 
1357	2  15  22 
1359	2  15   7 
1361	2  37  42 
1361	2  15   7 
1363	2  29  23 
1363	2  39  38 
1351	6  47  41 
1357	2  41  33 
1359	2  41  33 
1365	2  45  43 
1361	2  34  33 
1363	2  34  33 
1365	2  19  33 
1367	2  40  25 
1369	2  40  25 
1365	2  29  23 
1367	2  30  36 
1367	2  15  21 
1369	2  37  42 
1371	2  30  23 
1371	2  32  38 
1373	2  41  25 
1371	2  35  42 
1369	2  15  21 
1373	2  29  44 
1371	2  15   8 
1373	2  15   8 
1375	2  41  25 
1375	2  15  14 
1377	2  15  14 
1377	2  24  36 
1379	6  37  16 
1385	2  16   9 
1379	2  19  33 
1385	2  34  25 
1387	2  24  36 
1389	2  39  36 
1389	2  16   9 
1391	6  21   9 
1397	2  35  42 
1397	2  16  22 
1391	2  34  25 
1393	2  32  38 
1395	2  19  25 
1397	2  19  25 
1399	2  33  25 
1401	2  33  25 
1399	2  16  22 
1401	2  16   7 
1395	2  31  38 
1403	2  16   7 
1397	2  31  38 
1399	2  45  42 
1401	2  45  42 
1403	2  39  36 
1405	6  38  32 
1411	2  26  32 
1405	2  35  21 
1405	2  16   9 
1407	2  35  21 
1413	2  26  32 
1407	2  30  23 
1409	2  24  23 
1411	2  16   9 
1413	2  16   8 
1411	2  29  44 
1413	2  30  44 
1413	6  35  21 
1415	2  40  32 
1417	2  40  32 
1415	2  24  23 
1417	2  30  44 
1419	2  39  23 
1421	6  45  36 
1421	2  21  22 
1423	2  21  22 
1421	2  16   8 
1425	2  21   7 
1421	6  32  26 
1425	6  24  23 
1427	2  41  26 
1427	2  21   7 
1431	2  29  43 
1433	2  21   9 
1429	2  41  26 
1435	2  36  35 
1431	2  34  26 
1433	2  34  26 
1435	2  19  26 
1427	2  38  45 
1437	2  36  35 
1437	2  19  26 
1429	2  38  45 
1433	2  31  45 
1435	2  39  24 
1437	2  38  24 
1435	6  21   7 
1439	2  31  45 
1439	2  33  26 
1437	6  47  41 
1441	2  23  44 
1441	2  33  26 
1443	6  34  33 
1443	2  16  14 
1445	2  36  22 
1447	2  29  43 
1447	2  16  14 
1443	6  25  19 
1443	6  45  39 
1449	6  26  19 
1455	2  26  19 
1457	2  26  19 
1449	2  32  39 
1449	2   7   9 
1451	2   7   8 
1453	2   7   8 
1449	2  36  22 
1451	2  36  21 
1455	2   7  14 
1451	2  32  39 
1453	2  40  39 
1453	2  30  43 
1455	2  38  24 
1457	2  40  39 
1455	2  29  42 
1457	2  23  44 
1457	2   7  14 
1459	6  27  19 
1459	2  47  39 
1461	2  47  39 
1465	2  33  39 
1459	2  15  17 
1467	2  33  39 
1459	2  30  43 
1461	2  29  42 
1463	2  29  35 
1461	2  31  24 
1463	2  31  24 
1465	2  30  42 
1467	2  30  42 
1469	6  36  23 
1475	6  46  44 
1475	2  32  24 
1477	2  32  24 
1479	2  15  17 
1481	2  40  24 
1481	2  36  43 
1481	6  15   9 
1483	2  36  43 
1485	2  36  42 
1483	2  45  46 
1485	2  25  39 
1487	6  26  24 
1487	2  29  35 
1489	2  29  22 
1487	2  45  46 
1489	2  38  46 
1491	2  45  43 
1491	2  29  22 
1487	6   9   7 
1493	6  45  44 
1493	2  23  21 
1495	2  29  21 
1497	2  30  35 
1499	2  36  42 
1501	2  44  43 
1495	2  16  17 
1497	2  16  17 
1493	2  40  26 
1499	2  38  46 
1499	2  23  15 
1501	2  31  46 
1501	2   9  17 
1501	2  29  21 
1503	6  16   8 
1503	2  47  26 
1505	2  38  43 
1507	2  31  46 
1503	6  29  22 
1507	6  44  43 
1509	2  32  46 
1509	2  23  15 
1511	2  23  16 
1513	2   9  17 
1511	2  32  46 
1513	2  40  46 
1513	2  30  35 
1515	6  44  38 
1521	2  47  26 
1523	2  40  46 
1525	2  33  26 
1515	2  36  35 
1525	2  47  46 
1515	2  22  15 
1517	2  36  35 
1527	2  33  26 
1521	2  43  42 
1527	2  47  46 
1523	2  43  42 
1517	2  22  15 
1519	2  30  29 
1521	2  30  29 
1523	2  30  21 
1525	2  36  29 
1525	2  23  16 
1527	2  23  14 
1525	2  44  38 
1529	2  30  21 
1531	2  30  15 
1527	2  43  35 
1529	2  33  46 
1531	2  33  46 
1529	2  43  35 
1531	6  43  35 
1533	2  25  39 
1535	2  34  39 
1533	2  22  16 
1535	2  22  16 
1537	6  33  24 
1537	2  36  29 
1543	2  34  39 
1539	2  36  21 
1545	2  33  39 
1543	2  23  14 
1545	2  36  21 
1547	2  35  29 
1547	2  31  38 
1547	2  25  26 
1545	6  23  16 
1549	2  25  26 
1549	2  44  42 
1547	6  46  40 
1551	2  31  38 
1551	2  35  29 
1551	2  16  17 
1553	6  35  28 
1553	2  32  38 
1553	2  16  17 
1555	2  25  40 
1557	2  33  39 
1559	2  28  21 
1559	2  27  39 
1551	6  44  43 
1561	2  32  38 
1561	2  22  14 
1563	2  34  26 
1565	2  34  26 
1559	2  43  42 
1563	2  30  15 
1561	2  43  44 
1565	2  46  38 
1565	2  30  23 
1567	2  30  23 
1563	2  43  44 
1565	2  28  21 
1567	2  25  40 
1569	6  36  21 
1575	2  22  14 
1569	2  33  26 
1577	2  43  29 
1571	2  27  39 
1573	2  33  26 
1579	2  21  15 
1581	2  21  15 
1573	2  46  38 
1575	2  47  38 
1577	2  47  38 
1575	2  27  26 
1579	2  24  38 
1577	2  27  26 
1583	2  28  15 
1585	2  43  29 
1587	2  28  15 
1581	2  24  38 
1583	2  25  38 
1589	2  43  36 
1579	2  34  40 
1581	2  34  40 
1585	2  33  40 
1589	2  22  17 
1587	2  33  40 
1589	2  27  40 
1585	6  38  31 
1591	2  39  26 
1593	2  39  26 
1591	2  21  23 
1595	2  27  40 
1597	2  39  40 
1591	2  43  36 
1595	2  30  14 
1597	2  25  31 
1599	6  31  25 
1599	2  39  40 
1593	6  43  42 
1597	6  21  15 
1603	2  42  21 
1603	6  17  16 
1605	2  38  43 
1607	2  38  43 
1605	6  28  21 
1609	2  34  25 
1611	2  34  25 
1613	2  33  25 
1613	2  30  14 
1615	2  26  40 
1615	2  38  44 
1615	2  22  16 
1617	6  23  22 
1617	2  26  40 
1619	2  33  25 
1617	2  38  44 
1621	2  27  25 
1611	6  42  35 
1617	2  35  28 
1623	2  27  25 
1623	2  15  22 
1619	6  43  38 
1625	2  43  29 
1625	2  15  14 
1627	2  15  14 
1625	2  32  38 
1627	2  32  38 
1629	2  46  38 
1627	2  43  29 
1629	2  21  22 
1631	2  30  16 
1633	2  30  16 
1631	2  39  25 
1635	2  46  38 
1635	2  43  36 
1635	2  21  22 
1637	6  38  32 
1643	2  39  25 
1645	2  26  25 
1647	2  47  32 
1637	2  43  36 
1637	2  21  14 
1639	2  43  28 
1639	2  15  16 
1641	2  43  28 
1641	2  15  16 
1643	2  35  22 
1645	2  35  22 
1647	2  21  14 
1647	6  37  29 
1649	2  47  32 
1651	2  26  25 
1653	6  46  44 
1659	2  40  25 
1659	2  43  22 
1661	6  43  28 
1661	2  38  46 
1663	2  24  32 
1665	2  38  46 
1667	6  38  30 
1667	2  21  16 
1669	2  21  16 
1671	2  40  25 
1671	6  35  21 
1673	2  24  32 
1677	2  28  22 
1679	2  21  14 
1673	2  30  37 
1681	2  21  14 
1675	2  44  46 
1683	2  28  14 
1685	2  21  16 
1677	2  44  46 
1679	2  47  46 
1681	2  47  46 
1679	2  30  37 
1687	2  28  14 
1681	2  31  32 
1683	2  31  32 
1681	2  44  37 
1683	2  44  37 
1685	2  34  32 
1687	2  34  32 
1683	6  47  46 
1685	6  44  43 
1689	2  33  32 
1691	2  33  32 
1691	2  30  36 
1689	2  21  16 
1691	6  46  45 
1693	2  30  36 
1693	2  27  32 
1695	2  27  32 
1695	2  43  36 
1697	6  23  14 
1697	2  43  36 
1697	2  39  32 
1699	2  39  32 
1701	2  26  32 
1703	2  21  35 
1703	2  26  32 
1705	2  40  32 
1705	2  35  21 
1707	2  40  32 
1709	2  25  32 
1711	2  25  32 
1699	2  45  37 
1701	2  45  37 
1703	2  30  44 
1705	2  30  44 
1707	2  45  36 
1709	2  45  36 
1711	2  43  44 
1711	2  30  22 
1709	6  47  40 
1713	2  43  44 
1715	2  45  44 
1717	2  45  44 
1713	2  30  22 
1715	2  21  35 
1715	2  24  40 
1717	2  30  23 
1719	6  45  31 
1725	2  30  23 
1727	2  24  40 
1719	6  43  35 
1725	6  35  14 
1729	2  45  40 
1731	2  14  22 
1731	2  45  40 
1729	6  31  24 
1733	2  14  22 
1733	2  34  40 
1733	6  45  43 
1735	2  34  40 
1737	2  33  40 
1735	2  24  22 
1737	2  24  22 
1729	6  10   9 
1739	6  46  34 
1745	2  33  40 
1747	2  27  40 
1739	2  31  37 
1741	2  14  23 
1743	2  28  16 
1745	2  28  16 
1749	2  27  40 
1743	2  31  37 
1747	2  28  15 
1745	2  43  37 
1747	2  43  37 
1749	2  30  16 
1751	6  46  45 
1751	2  31  36 
1753	2  15  28 
1755	2  30  16 
1757	6  29  22 
1757	2  39  40 
1759	2  39  40 
1761	2  26  40 
1757	2  45  37 
1763	2  26  40 
1759	2  45  37 
1763	2  31  36 
1765	6  46  37 
1771	2  14  23 
1771	2  43  36 
1773	2  43  36 
1771	2  47  40 
1773	2  47  40 
1773	2  30  38 
1775	2  31  44 
1775	2  28  15 
1777	2  45  36 
1779	2  45  36 
1777	2  24  23 
1779	2  14  16 
1781	2  14  16 
1781	2  31  44 
1765	6  34  27 
1775	6  40  26 
1781	6  46  40 
1783	2  14  35 
1785	2  31  29 
1787	2  25  26 
1789	2  33  40 
1791	2  33  40 
1793	2  34  40 
1795	2  34  40 
1797	2  39  40 
1785	2  43  44 
1789	2  24  23 
1787	2  43  44 
1799	2  39  40 
1789	2  35  14 
1791	2  24  16 
1793	2  25  26 
1789	2  45  44 
1793	2  14  35 
1795	2  24  16 
1797	2  24  17 
1799	2  17  24 
1791	2  45  44 
1795	6  43  37 
1797	6  22   8 
1801	2  46  40 
1803	2  46  40 
1801	2  24  17 
1805	2  47  40 
1803	2  31  29 
1807	2  47  40 
1805	2  32  26 
1807	2  32  26 
1809	2  31  23 
1805	6  45  36 
1809	6  40  33 
1811	2  37  29 
1813	2  38  30 
1815	6  45  40 
1821	2  25  33 
1821	2  37  29 
1823	6  31  23 
1823	2  45  40 
1829	2  23  31 
1831	2  25  33 
1831	2  30  38 
1833	6  44  38 
1833	2  36  29 
1833	2  23  16 
1835	2  36  29 
1835	2  23  16 
1833	2  32  33 
1835	2  32  33 
1837	2  26  33 
1837	2  23  10 
1839	2  45  40 
1839	2  10  23 
1841	2  45  38 
1841	2  23  10 
1843	2  37  31 
1841	2  34  40 
1843	2  34  40 
1845	2  39  40 
1847	2  45  38 
1847	2  26  33 
1843	6  28  16 
1849	2  39  40 
1849	2  37  31 
1849	6  21   7 
1851	2  46  40 
1851	2  36  31 
1853	2  46  40 
1853	2  36  31 
1855	6  34  25 
1861	2  25  38 
1861	2  47  40 
1855	6  35  28 
1861	6  36  35 
1863	2  25  38 
1863	2  47  40 
1865	2  39  38 
1867	2  37  36 
1867	2  34  40 
1849	6  16   2 
1855	6  23  16 
1869	6  46  38 
1865	6  25  23 
1871	6  30  29 
1875	2  39  46 
1871	6   9   4 
1877	6  16   9 
1877	2  34  40 
1877	2  37  36 
1879	2  32  40 
1879	2  45  30 
1881	2  32  40 
1881	2  45  30 
1883	6  41  26 
1883	2  45  31 
1885	2  38  46 
1885	2  23  30 
1883	2  35  36 
1887	2  37  22 
1883	6   9   8 
1889	6  11   9 
1889	2  41  40 
1889	2  45  31 
1889	2  35  36 
1891	2  22  37 
1893	2  23  30 
1891	2  41  40 
1893	2  33  40 
1893	2  35  21 
1893	2  38  46 
1895	6  27  11 
1895	2  45  36 
1895	2  23  31 
1897	2  39  30 
1897	2  21  35 
1899	2  35  21 
1899	2  39  30 
1901	2  23  31 
1901	2  33  40 
1901	2  45  36 
1903	2  39  31 
1905	2  47  46 
1905	2  38  30 
1907	2  38  30 
1907	2  47  46 
1905	6  25  24 
1909	2  34  46 
1909	6  37  30 
1915	2  30  22 
1911	2  34  46 
1913	2  32  46 
1915	2  32  46 
1917	2  39  31 
1911	6  17  16 
1919	2  23  36 
1919	2  41  46 
1921	2  41  46 
1921	2  23  36 
1923	6  47  46 
1923	2  38  31 
1925	2  23   9 
1927	2  38  31 
1923	6  44  36 
1929	2   9  23 
1929	2  39  44 
1901	6  12   4 
1923	6  34  26 
1931	2  46  37 
1929	6  20  12 
1933	2  46  37 
1929	6  26  25 
1935	6  37  25 
1931	6   8   0 
1941	2  37  25 
1937	6   8   3 
1943	6  34  20 
1943	2  23   9 
1943	2  39  44 
1945	2  46  31 
1947	2  46  31 
1945	6  15   8 
1949	2  33  47 
1949	2  38  44 
1951	2  37  25 
1953	2  37  31 
1953	2  33  47 
1955	2  39  27 
1957	2  40  47 
1957	2  37  31 
1951	6   9   3 
1957	6  10   9 
1959	2  32  25 
1961	2  32  25 
1959	2  38  44 
1959	2  40  47 
1961	2  46  44 
1963	2  46  44 
1963	2  32  31 
1965	6  41  25 
1965	2  37  44 
1971	2  45  24 
1973	6  23  15 
1973	2  32  31 
1973	2  37  44 
1975	2  32  44 
1977	2  32  44 
1973	6  11  10 
1979	2  32  11 
1981	2  25  41 
1983	2  25  41 
1979	6  44  29 
1985	2  46  34 
1987	2  34  46 
1989	2  46  34 
1985	2  25  31 
1987	2  25  31 
1989	6  29  17 
1991	2  33  41 
1993	2  33  41 
1981	6  12   4 
1995	2  38  29 
1997	2  29  38 
1995	2  40  41 
1995	2  25  17 
1997	2  40  41 
1997	2  25  17 
1999	6  40  31 
2005	6  32  17 
2011	2  33  40 
2011	2  38  29 
2011	2  11  17 
1991	6  20   6 
2013	6  10   4 
2013	2  25  19 
2013	2  37  23 
2013	2  33  40 
2015	2  47  41 
2017	2  47  41 
2019	2  17  11 
2015	2  33  32 
2019	2  31  40 
2021	6  11   5 
2021	2  27  39 
2023	2  39  27 
2025	2  31  40 
2027	2  47  40 
2029	2  47  40 
2027	2  19  25 
2029	2  25  19 
2031	2  24  45 
2031	2  41  40 
2033	2  33  32 
2035	2  41  40 
2033	2  23  37 
2035	2  31  32 
2033	6  19  13 
2037	2  31  32 
2035	6  17  10 
2039	2  47  32 
2041	6  33  18 
2047	2  18  12 
2041	2  37  23 
2047	2  47  32 
2049	2  41  32 
2051	2  41  32 
2053	2  40  32 
2055	2  40  32 
2049	2  12  18 
2051	2  18  12 
2053	6  27  11 
2059	6  41  27 
2059	2  32  17 
2061	2  17  32 
2065	2  27  20 
2063	2  32  17 
2065	2  45  24 
2067	2  20  27 
2069	2  27  20 
2065	2  40  33 
2067	2  33  40 
2069	2  40  33 
2071	2  31  19 
2071	2  47  41 
2073	2  41  47 
2075	2  47  41 
2073	2  19  31 
2075	2  31  19 
