   1	6  31  27 
   1	6  14   2 
   1	6  23  16 
   7	2  16  27 
   9	2  16  27 
  11	2  16  15 
  13	2  16  15 
  15	2  27  15 
  17	2  27  15 
  15	6  35  23 
  21	2  16  21 
  23	2  16  21 
  25	2  27  21 
  27	2  27  21 
  25	2  16  17 
  27	2  16  17 
  19	6  19   8 
  29	2  15  21 
  25	6  25  13 
  31	2  15  21 
  33	2  27  17 
  35	2  27  17 
  37	2  16  14 
  39	2  16  14 
  25	6   1   0 
  31	6   3   1 
  41	2  15  17 
  43	2  15  17 
  37	6  33  28 
  45	2  21  17 
  47	2  21  17 
  49	2  27  14 
  51	2  27  14 
  49	2  16  23 
  51	2  16  23 
  53	2  15  14 
  55	2  15  14 
  53	2  27  23 
  55	2  27  23 
  57	2  21  14 
  59	2  21  14 
  61	2  17  14 
  63	2  15  23 
  65	2  15  23 
  67	2  21  23 
  69	2  16  20 
  71	2  16  20 
  73	6  28  14 
  79	2  21  23 
  81	2  17  28 
  83	2  27  20 
  85	2  27  20 
  83	2  16   8 
  85	2  16   8 
  87	2  15  20 
  87	2  17  23 
  89	2  16   9 
  91	2  17  23 
  91	2  15  20 
  93	6  22  20 
  99	2  16   9 
  99	6  27  13 
 105	2  21  22 
 107	2  21  22 
 109	2  17  22 
 111	2  28  23 
 113	2  28  23 
 105	2  13   8 
 107	2  13   8 
 109	2  13   9 
 111	2  15   8 
 113	2  15   8 
 115	2  16   2 
 117	2  16   2 
 119	2  16  34 
 121	2  17  22 
 123	2  28  22 
 121	2  13   9 
 123	2  15   9 
 125	2  15   9 
 127	2  13   2 
 129	2  13   2 
 127	2  16  34 
 129	2  28  22 
 131	2  21   8 
 133	2  21   8 
 129	6  17  10 
 131	6  34  32 
 135	2  23  22 
 135	2  10   8 
 137	2  21   9 
 139	2  21   9 
 137	6  25  13 
 141	2  23  22 
 141	6  10   3 
 143	2  25  32 
 145	2  25  32 
 143	6  21   7 
 149	2  15   2 
 151	2  15   2 
 153	6  20  15 
 159	2  20  32 
 159	2   3   8 
 161	6  15   8 
 149	6  28  23 
 155	6  23  11 
 161	6  32  25 
 167	6   8   3 
 167	2  20  25 
 169	2  16  27 
 171	2  16  27 
 149	6  12   6 
 169	6  25  19 
 173	2  11  15 
 173	2   7   2 
 173	2  32  27 
 175	6  11   4 
 175	2  32  27 
 177	2  20  27 
 181	2   4  15 
 175	2   7   2 
 183	2   8   9 
 183	2  20  27 
 185	2  16  26 
 187	2  16  26 
 185	6  12   7 
 189	2  28  15 
 189	2  32  26 
 191	6  22  10 
 191	2  32  26 
 193	2  20  26 
 195	2  20  26 
 197	6  33  32 
 197	2   8   9 
 199	2   4   9 
 197	2  16  22 
 201	2   8   2 
 197	2  12  19 
 199	2  12  19 
 199	2  16  22 
 201	2  16  23 
 201	6  19  12 
 203	2   8   2 
 203	2  16  23 
 207	2   8  12 
 205	2  33  22 
 207	2  16  11 
 209	2  28  15 
 209	6   4   2 
 215	2   2   9 
 211	2  19  27 
 213	2  33  22 
 215	2  19  27 
 217	6  28  23 
 217	2  10  15 
 219	2  10  15 
 221	2   2   4 
 217	2  19  26 
 223	2  23   9 
 225	2  23   9 
 219	2  19  26 
 221	6  26  19 
 227	2   2   4 
 227	2  20  22 
 229	2  20  22 
 229	2  10   9 
 231	6  27  19 
 231	2  10   9 
 233	2  16  11 
 235	2  15   9 
 237	6  27  20 
 237	2   8  12 
 239	2   2  12 
 241	2   2  12 
 235	6  23  11 
 243	2   8  19 
 243	2  11   4 
 243	2  33  28 
 245	6  22  14 
 245	2  11   4 
 247	2  10   4 
 251	2  33  28 
 251	2  15   9 
 253	6  34  23 
 253	2  26  14 
 255	2   8  19 
 253	2  10   4 
 257	2   8  20 
 255	6  11  10 
 259	2  27  28 
 259	6  12   2 
 261	2  33  34 
 261	2  16  22 
 263	2  27  28 
 263	6  15  10 
 265	2  33  34 
 265	2  12  19 
 267	2  12  19 
 267	2  27  34 
 269	2  26  14 
 269	2  16  22 
 271	2  33  22 
 271	2  10   4 
 273	6  15  13 
 279	2  13   2 
 273	2  27  34 
 275	2  26  28 
 277	2  26  28 
 279	2  16  21 
 273	6  11   5 
 281	6  28  22 
 281	2   8  20 
 283	2  13   2 
 285	2  12  20 
 281	2  10   4 
 285	2   5   2 
 287	6  10   7 
 293	2  12  20 
 287	2  33  28 
 293	2   5   2 
 289	6  33  28 
 295	6   5   3 
 295	2  13  19 
 297	2  26  34 
 299	2  26  34 
 295	6   6   0 
 295	6  22  15 
 301	6   3   1 
 301	2  16  21 
 303	2  28  21 
 305	2  16  22 
 307	2  16  22 
 307	2   9   4 
 309	2   9   4 
 301	2  13  19 
 305	2  27  33 
 305	2  13  20 
 307	2  27  33 
 307	2  13  20 
 309	2  26  33 
 309	6   6   1 
 311	2  26  33 
 311	2   8  14 
 313	2   8  14 
 313	2  28  21 
 315	2  28  22 
 315	2   7   2 
 311	6  17  10 
 317	2   6  19 
 317	2   8  15 
 319	2   8  15 
 319	2   6  19 
 317	2  28  22 
 317	6   4   3 
 321	2   6  20 
 321	2  16  17 
 323	6  19   8 
 323	2  27  21 
 325	2  27  21 
 323	2  16  17 
 327	2  27  22 
 329	6   3   1 
 329	2  12  14 
 331	2  12  14 
 333	2  13  14 
 329	2  28  17 
 335	2  12  15 
 331	6  34  32 
 337	6  32  25 
 337	2   7   2 
 339	2  13  14 
 343	2  19  25 
 339	2   9   2 
 343	2  27  22 
 341	2   7   8 
 345	2  28  17 
 343	2   9   2 
 345	2   7   8 
 345	2  19  25 
 347	2   6  20 
 349	6  15   7 
 355	2   6  14 
 349	6  25  18 
 349	6  33  32 
 347	6  28  23 
 357	2  15  20 
 359	2   6  14 
 355	6  28  17 
 355	6  32  30 
 345	6   4   3 
 361	6  11   4 
 361	2   9   8 
 363	2  15  20 
 363	2   1   2 
 365	2   9   8 
 367	2  15  14 
 369	2  15  14 
 361	2  27  28 
 367	2   1   2 
 363	2  27  28 
 369	2  12   7 
 365	6  27  22 
 371	6  28  25 
 371	2   1   8 
 377	2  26  21 
 373	2   1   8 
 375	2   2   8 
 379	2  26  21 
 377	2  13   7 
 379	2   2   8 
 379	2  12  18 
 367	6  10   4 
 373	6  17  11 
 381	2  19  30 
 379	2  16  17 
 381	2  16  17 
 381	6   8   1 
 383	2  16  28 
 385	2  23  17 
 383	2  19  30 
 385	2  12  18 
 385	2  26  27 
 387	6  30  24 
 387	2   9  20 
 389	2  26  27 
 387	2  23  17 
 389	2  13   7 
 389	2  22  17 
 391	2   9  20 
 393	2  19  21 
 391	2   6   7 
 393	2   6   7 
 391	6  29  17 
 395	2   8  20 
 395	2  12  24 
 397	6  20   6 
 403	2  26  25 
 403	2  15   7 
 405	2  13  18 
 407	2  13  18 
 405	2  26  25 
 409	2  20  18 
 411	2   8   6 
 405	2  22  29 
 407	2  16  28 
 409	2  23  28 
 411	2  19  21 
 407	6  32  31 
 413	6  33  32 
 413	2   9  14 
 413	2  23  28 
 415	2   9  14 
 417	2   8  14 
 413	2  12  24 
 415	2  22  28 
 417	2  16  10 
 415	6  25  19 
 419	2  15   7 
 421	6  27  26 
 421	2   8  14 
 423	2   2   6 
 425	2   2   6 
 421	2  16  10 
 423	2  16  17 
 425	2  16  17 
 419	6  34  29 
 427	2   2  14 
 427	2  23  10 
 427	2  25  26 
 429	2  13  24 
 429	2  27  34 
 429	2  23  10 
 431	6  20  12 
 431	2  22  28 
 437	2  12  18 
 437	2  22  10 
 437	2   2  14 
 437	2  25  26 
 433	6  34  33 
 439	6  32  31 
 439	2  22  10 
 439	2   1   6 
 441	2   9   7 
 443	2   9   7 
 441	2  20  21 
 445	2  13  24 
 441	2  23  17 
 445	2  16  34 
 447	6  10   9 
 447	2  12  24 
 449	2   1   6 
 447	2  23  17 
 451	2  12  24 
 447	2  20  21 
 449	2  22  17 
 449	2  20  26 
 451	2  20  26 
 451	2  22  17 
 453	2  13  21 
 455	6  29  16 
 455	2  27  33 
 455	2   8   7 
 457	2   8   7 
 455	2  25  19 
 457	2  25  19 
 459	2   2   7 
 459	2  20  19 
 457	6  33  32 
 461	2  13  21 
 463	6  32  25 
 463	2   1  14 
 463	2  27  28 
 465	2  27  28 
 467	2  29  34 
 465	2   2   7 
 467	2   1  14 
 463	6  18  12 
 469	2  20  19 
 471	2   6  14 
 471	2  32  25 
 469	2  23  34 
 471	2  23  34 
 467	6  10   3 
 473	2  15  12 
 473	2  29  33 
 475	6  12   8 
 481	2   1   7 
 483	2   1   7 
 475	2  32  25 
 477	2  20  25 
 475	2  22  34 
 479	2  20  25 
 477	2  29  33 
 481	2  32  28 
 483	2  23  33 
 485	6  11  10 
 485	2  15   8 
 487	2   3   8 
 485	2  32  28 
 487	2  20  28 
 489	2  18  21 
 491	2  20  28 
 491	2   3   8 
 493	2  27   9 
 495	6  20  13 
 495	2  22  34 
 501	2  12   8 
 497	2  23  33 
 499	2  22  33 
 501	2  20  26 
 501	6  33  28 
 503	2  20  26 
 503	2  12   8 
 505	2   6  14 
 499	6  31  30 
 507	2  18  21 
 509	2  20  19 
 509	2   6   7 
 511	2   6   7 
 511	2  20  19 
 509	2  29  16 
 513	2   2   8 
 515	2   2   8 
 513	2  18  26 
 511	2  22  28 
 513	2  29  16 
 515	2  18  26 
 517	2  27   9 
 519	2  14   7 
 521	2   1   8 
 523	2   1   8 
 517	2  18  19 
 519	2  18  19 
 519	2  27  17 
 521	2  27  17 
 525	2   6   8 
 523	2  29  11 
 525	2  29  11 
 523	2  20  25 
 525	2  20  25 
 523	6  33  32 
 527	2  14   7 
 527	2  18  25 
 529	2  18  25 
 529	2   6   8 
 531	2  20  32 
 533	2  20  32 
 535	2  14   8 
 535	2  27  34 
 527	2  23  16 
 529	2  23  16 
 531	2  22  16 
 533	2  22  16 
 535	2  23  11 
 531	6  24  12 
 537	2  15  12 
 537	6  33  29 
 539	2  15  12 
 541	2  14   8 
 543	6  13   3 
 543	2  27  34 
 545	2  27  28 
 547	2  33  31 
 541	6  17  11 
 547	2  23  17 
 549	6  29  17 
 549	2  18  32 
 549	2   7   8 
 551	2  18  32 
 549	2  15  21 
 553	2  33  31 
 551	2  15  21 
 553	2  13  12 
 555	6  26  21 
 555	2  13  12 
 555	2  17   9 
 561	2  27  28 
 557	2   7   8 
 559	2  24  12 
 561	2  24  12 
 559	2  17   9 
 561	2   3   9 
 563	2  15  21 
 565	2  13  26 
 565	2  22  29 
 561	2  17  11 
 563	2  17  11 
 565	2   3   9 
 567	6  11  10 
 567	2  22  29 
 567	2  13  26 
 569	2   2  12 
 569	2  15  21 
 571	2  24  26 
 569	6  34  23 
 573	2   2  12 
 573	6  20  15 
 575	2   1  12 
 575	2  17  23 
 577	2  17  23 
 577	2   1  12 
 575	6  33  31 
 579	2   6  12 
 579	2  20  19 
 581	2   6  12 
 579	2   3  10 
 581	2  27  16 
 581	6   5   3 
 583	2  27  16 
 585	2  24  26 
 585	6  28  22 
 587	2  20  19 
 587	2  15   9 
 589	2  20  25 
 589	2  15   9 
 587	6  11   5 
 591	2  34  33 
 591	2  13  21 
 591	6   9   2 
 593	2  34  33 
 593	2  13  21 
 595	2  17  22 
 595	2  13  19 
 591	6  31  24 
 597	2  11  10 
 597	2  31  21 
 597	6  12   2 
 599	2  17  22 
 601	2  17  16 
 601	2  27  29 
 603	6  18  12 
 609	2  12  18 
 603	2  14   2 
 611	2  12  18 
 603	2  28  33 
 605	2  20  25 
 607	2  20  32 
 605	2  11  23 
 607	2  11  23 
 609	2  31  21 
 611	2  27  29 
 613	2  13  19 
 613	2  28  33 
 611	2  15  10 
 613	2  15  10 
 615	6  26  13 
 621	2  14   2 
 615	2  17  16 
 621	2  26  25 
 617	2  17  29 
 623	2   7   2 
 623	2  31  19 
 619	2  17  29 
 621	2  11  22 
 623	2  15  23 
 623	2  27  33 
 625	6  29  17 
 625	2   9  13 
 625	2  26  25 
 627	2  20  32 
 629	2  20  18 
 631	2  31  19 
 631	2  15  23 
 627	2   7   2 
 633	2  31  25 
 633	2   9  13 
 631	2  27  33 
 633	2  29  33 
 635	6  21  10 
 635	2   1  13 
 635	2  31  25 
 637	2   1  13 
 639	2   8   2 
 641	2   9  10 
 643	2  11  22 
 639	2   6  13 
 645	2  11  16 
 641	2   6  13 
 643	2  14  13 
 645	2  14  13 
 647	2  11  16 
 641	2  26  32 
 647	2   7  13 
 643	2  26  32 
 645	2  31  32 
 647	2  31  32 
 649	2  15  22 
 649	2   8   2 
 649	2  11  17 
 649	6  26  12 
 651	2  15  22 
 655	2  20  18 
 653	2   9  10 
 657	2  15  16 
 657	2  12  18 
 659	2  26  21 
 659	2  12  18 
 659	2  11  17 
 651	6   2   1 
 655	6  34  33 
 661	2   2  10 
 661	2  26  21 
 663	2   9  19 
 665	2  31  18 
 665	2  15  16 
 667	2   7  13 
 667	2  20  21 
 661	2  29  34 
 667	6  10   3 
 669	2  20  21 
 669	2  31  18 
 663	6  28  23 
 671	2  26  28 
 669	6   6   1 
 673	2  26  28 
 673	2  15  17 
 675	6  28  26 
 675	2   2   3 
 677	2   1   3 
 679	2   1   3 
 681	2  14   3 
 683	2  15  17 
 685	6  19   9 
 685	2  28  22 
 687	2  28  22 
 691	2  14   3 
 693	6   3   1 
 699	2   8  13 
 701	2   8  13 
 693	2  20  26 
 693	2  28  16 
 703	2   6  13 
 705	2   6  13 
 695	2  20  26 
 695	2  28  16 
 697	2  28  17 
 699	2  28  17 
 701	6  29  11 
 701	6  21  20 
 707	2  12  20 
 707	2  29  34 
 709	2  29  34 
 709	2  19   9 
 711	6  29  15 
 711	2   7   1 
 713	2   7   1 
 711	2  19  25 
 713	2  19  25 
 715	6  25  12 
 717	2   8   1 
 721	2  25  20 
 723	2  25  26 
 725	2  25  26 
 717	2  29  34 
 719	2   2   9 
 723	2  21  22 
 725	2  21  22 
 721	2   2   9 
 719	2  29  34 
 723	2   3   9 
 725	2   3   9 
 727	6  32  25 
 727	2  28  34 
 727	2  21  16 
 727	2   2  12 
 729	2  28  34 
 729	2   2  12 
 729	2  21  16 
 731	2  14   9 
 731	6  22  21 
 733	2  14   9 
 735	2   7   9 
 737	2   8   1 
 733	2  19  25 
 735	2  19  25 
 737	2  32  21 
 739	2  22  17 
 739	2   7   9 
 741	2   6   1 
 737	2  19  18 
 743	2   6   1 
 741	2   8   9 
 739	2  31  20 
 741	2  31  20 
 743	2  19  18 
 741	2  22  17 
 743	2   8   9 
 743	2  31  26 
 745	2  13   1 
 743	2  22  34 
 745	2  32  21 
 747	6  13   2 
 747	2  31  26 
 747	2  22  34 
 749	6  32  28 
 753	2   6   9 
 755	2  31  21 
 755	2   2   1 
 757	2  28  16 
 759	2  28  16 
 757	2  13  25 
 759	2  13  25 
 761	2  31  21 
 761	2  13  18 
 757	6   3   2 
 763	2   2  12 
 763	2  28  17 
 763	6  32  31 
 765	2   2  12 
 767	2   6   9 
 767	2  19  20 
 769	6   9   2 
 769	2  19  20 
 775	2   3   2 
 777	2   3   2 
 771	2  13  18 
 769	2  28  17 
 771	2  28  34 
 773	2  13  20 
 775	2  13  20 
 777	2  14  12 
 779	2   1   2 
 779	2  14  12 
 781	2   7  12 
 773	2  28  34 
 781	6  20   9 
 783	2   7  12 
 785	6  12   0 
 787	2  20  25 
 791	2   1   2 
 789	2  20  25 
 791	2  20  18 
 793	6  25  13 
 799	2  20  18 
 801	2   8   0 
 801	2  19  26 
 803	2   8   0 
 803	2  19  26 
 787	6  28  16 
 805	6  22  19 
 811	2  20   9 
 805	2   6   0 
 807	2   6   0 
 805	6  33  32 
 811	2  33  28 
 811	6  23  17 
 813	2   3   0 
 813	2  25  26 
 815	2  25  26 
 815	2   3   0 
 813	2  33  28 
 817	2  33  23 
 817	2   1   0 
 813	2  14  13 
 815	2  14  13 
 819	2   1   0 
 819	2  20   9 
 821	2   2   0 
 821	2  22  21 
 817	6  18  12 
 823	2   7  13 
 823	2  22  21 
 821	6  32  25 
 825	2   7  13 
 827	2   8  13 
 829	2  14  12 
 831	2   2   0 
 825	2  22  28 
 827	2  22  28 
 829	2  33  23 
 831	2  20  26 
 831	2  22  23 
 833	2  14  12 
 835	2  14   9 
 837	2   7  12 
 837	2  32  21 
 839	2  14   9 
 841	2   8  13 
 843	2   6  13 
 845	2   6  13 
 841	2  20  26 
 843	2  32  21 
 847	2   3  13 
 849	2   3  13 
 851	2   7  12 
 853	2   8  12 
 845	2  32  28 
 847	2  32  28 
 849	2  22  23 
 851	2  20  21 
 853	2  20  21 
 849	2  33  34 
 851	2  33  34 
 851	6  29  23 
 855	2   7   9 
 853	6  33  32 
 857	2   8  12 
 855	6  21  20 
 859	2  33  29 
 859	2   7   9 
 861	2  22  34 
 861	2  14  26 
 863	2   1  13 
 865	2   1  13 
 863	2  21  28 
 865	2  21  28 
 867	6  12   0 
 867	2  22  34 
 873	2   6   0 
 875	2   6   0 
 867	2   8   9 
 869	2   8   9 
 869	2  33  29 
 871	2  21  29 
 873	2  21  29 
 875	2  14  26 
 877	2   2  13 
 877	2  33  34 
 879	2   6   9 
 879	2  33  34 
 881	2  14  20 
 883	2  14  20 
 881	2   3   0 
 885	2   6   9 
 887	6  17  14 
 893	6  25   7 
 899	2   3   0 
 899	2  21  34 
 893	6  23  17 
 901	6  13   6 
 901	2  25  26 
 907	2   2   6 
 901	2  23  28 
 903	2  25  26 
 909	2   8  26 
 911	6  26   8 
 917	2  26   8 
 919	2  25  20 
 921	2  21  34 
 919	2   3   9 
 919	2  12   6 
 921	2   1   0 
 923	2  23  28 
 925	2  23  29 
 921	2  13   8 
 923	2  12   6 
 925	2  13   8 
 925	2   1   0 
 925	6  27  25 
 927	2   3   9 
 927	2  23  29 
 929	2   2   0 
 931	6   9   1 
 931	2  23  34 
 933	2  27  20 
 937	2   2   0 
 939	2   9   1 
 941	2   3   8 
 935	2  26  20 
 935	2  23  34 
 941	2  12   0 
 943	2   9   1 
 937	2  26  20 
 943	2  13  20 
 945	2  12   0 
 945	2   3   8 
 947	2  13  20 
 939	2  27  28 
 947	2   2   1 
 941	2  27  28 
 943	6  28  27 
 949	6  29  22 
 949	2   9   8 
 951	2   2   1 
 953	2   6   0 
 949	2  26  27 
 951	2  26  27 
 955	2  28  22 
 955	2   6   0 
 953	2   9   8 
 955	2   2   8 
 957	2   2   8 
 957	2  28  22 
 949	6  19  13 
 955	6  32  19 
 959	2  28  34 
 959	6  15   3 
 961	2  32  27 
 963	2  32  27 
 959	6   7   0 
 965	2  28  34 
 965	2  15  20 
 965	2  12   1 
 967	2  26  22 
 969	2  28  23 
 967	2  12   1 
 969	2   6   1 
 971	2   6   1 
 971	2  26  22 
 973	6  16   2 
 973	2  26  34 
 975	2  26  34 
 973	6  13  12 
 979	6  27  15 
 985	2  32  22 
 987	2  32  22 
 979	2   7   1 
 989	2  32  34 
 985	2  13   8 
 987	2  13   8 
 991	2  27  20 
 989	2   6   8 
 991	2   6   8 
 993	6  19   6 
 993	2  27  15 
 999	2   7   1 
 995	2  27  15 
 997	2  27  22 
 999	2   9  20 
1001	2   9  20 
1003	2   9  15 
 999	2  23  28 
1001	2  28  23 
1003	2  32  34 
1005	6  34  28 
1005	2   7   8 
1007	2   7   8 
1005	2  26  21 
1007	2  16  20 
1009	2  16  20 
1011	2   9  15 
1011	2  13  20 
1011	2  32  33 
1013	6  20  13 
1019	2  20  13 
1013	2  33  32 
1015	2  32  33 
1013	2  16  15 
1015	2  16  15 
1017	6  23   9 
1023	2  20  15 
1025	2  19  13 
1025	2   1   8 
1025	2  21  26 
1027	2   1   8 
1027	2  19  13 
1029	2   7  13 
1031	2   7  13 
1027	2  27  22 
1029	2  27  28 
1029	2  20  15 
1031	2  27  28 
1033	6  15   7 
1039	2   1  13 
1041	2   1  13 
1043	2   8  13 
1039	2  23  22 
1041	2  23  22 
1043	2  16  22 
1045	6  13   1 
1051	2   8   1 
1045	2  16  22 
1047	2  26  21 
1053	2  19   7 
1049	2  23  28 
1051	2  23  28 
1055	2  19   7 
1053	2  16  28 
1055	2  16  28 
1057	2  15   7 
1059	2  15   7 
1057	6  28  26 
1061	2  13   7 
1063	2  20  22 
1065	2  16   2 
1067	2   2  16 
1069	2  20  22 
1071	2  19  22 
1073	2  19  22 
1075	6  22  15 
1075	2  13   7 
1077	2   8   7 
1079	2   8   7 
1075	2  20  26 
1081	2  16   2 
1077	2  20  26 
1083	2   1   7 
1079	2  19  26 
1081	2  19  26 
1083	2  22  15 
1083	2  19  31 
1085	2   1   7 
1085	2  31  19 
1085	2  22  15 
1087	6  15   1 
1087	6  28  23 
1093	6  20   6 
1099	2   6  12 
1099	2  28  20 
1101	2  13   1 
1103	2  13   1 
1105	2  12   6 
1101	2  22  26 
1103	2  27  29 
1105	2  22  26 
1105	2   8   1 
1107	6  26  19 
1107	2   8   1 
1107	2   6  12 
1109	2  15   1 
1111	2  15   1 
1113	2  13  19 
1115	2  13  19 
1117	2   7   1 
1113	2  26  31 
1113	2  22  17 
1115	2  29  27 
1117	2  20  28 
1119	2  28  20 
1121	2  27  29 
1119	2   7   1 
1121	2  13   3 
1123	2   8  19 
1125	2   8  19 
1127	2   3  13 
1129	2  15  19 
1131	2  15  19 
1133	2   7  19 
1133	2  17  22 
1135	2   8  11 
1137	2  15  25 
1139	2  25  15 
1141	2  13   3 
1143	2   7  19 
1145	2  15  25 
1147	2   7  14 
1149	2   1  19 
1151	2  14   7 
1153	2   1  19 
1147	2  22  17 
1155	2  11   8 
1157	2   1   0 
1157	2  19  24 
1159	2   8  11 
1161	2   7  14 
1163	2   0   1 
1165	2   1   0 
1163	2  24  19 
1165	2  19  24 
