   1	6  17  16 
   1	6  25   7 
   7	2  26  16 
   9	2  26  16 
  11	2  26  25 
  13	2  26  25 
  15	2  26  18 
  11	6  22  16 
  17	2  26  18 
  19	6  22  21 
  19	6  35  32 
  25	2  21  25 
  27	2  21  25 
  19	6  13   7 
  29	2  21  18 
  31	2  21  18 
  25	6   7   1 
  33	2  26  14 
  35	2  26  14 
  37	2  25  18 
  39	2  25  18 
  37	2  21  14 
  39	2  21  14 
  41	2  25  14 
  43	2  25  14 
  45	6  33  25 
  51	2  18  14 
  53	2  18  14 
  51	2  26  32 
  53	2  26  32 
  55	2  21  32 
  57	2  21  32 
  59	2  33  32 
  61	2  33  32 
  55	6  19  18 
  63	2  19  32 
  59	6  15   8 
  65	2  26  22 
  67	2  19  32 
  69	2  26  22 
  71	2  21  22 
  73	2  26  15 
  75	2  21  22 
  69	6  12   7 
  11	6  11   4 
  71	6  17  11 
  77	2  33  22 
  79	2  33  22 
  75	6  25  13 
  81	2  19  22 
  83	2  19  22 
  85	2  26  15 
  87	2  14  32 
  89	2  14  32 
  91	2  14  22 
  93	2  14  22 
  95	2  21  15 
  97	2  21  15 
  91	2  26  25 
  93	2  26  25 
  99	2  21  25 
 101	2  26  16 
 103	2  26  16 
 105	2  26  29 
  95	6  13  12 
 107	2  33  15 
 109	2  33  15 
 111	2  19  15 
 113	2  21  25 
 115	2  33  25 
 117	2  33  25 
 119	2  26  29 
 121	2  19  15 
 123	6  20  15 
 129	2  14  20 
 121	6  23  17 
 121	6  33  28 
 127	6  33  23 
 131	2  19  25 
 133	2  19  25 
 133	2  21  16 
 135	2  21  16 
 123	6   5   3 
 131	6   8   3 
 137	2  26  13 
 139	6  27  22 
 145	2  32  27 
 139	2  14  20 
 141	6  24  14 
 147	6  19   8 
 153	2  24  25 
 147	2  28  16 
 153	2  21  29 
 155	2  32  27 
 155	2  24  25 
 157	2  21  29 
 153	6  10   8 
 159	2  26  13 
 161	6  24  18 
 161	2  32  20 
 161	2  28  16 
 163	2  32  20 
 163	2  10  16 
 163	2  28  29 
 165	2  10  16 
 165	2  26  34 
 167	6  16  13 
 173	6  27  19 
 179	2  26  34 
 179	2  18  13 
 181	2  28  29 
 181	2  18  13 
 181	2  26  33 
 173	6  17  10 
 183	2  32  25 
 183	2  21  16 
 183	6  29  23 
 185	2  19  20 
 187	2  21  16 
 189	2  19  20 
 189	2  28  16 
 173	6   8   2 
 183	6   7   1 
 185	6  32  31 
 189	6  12   7 
 191	2  31  25 
 193	2  19  25 
 191	2  17  23 
 193	2  17  23 
 195	2  31  13 
 195	2  28  16 
 197	2  17  16 
 197	2  26  33 
 197	6  18   7 
 203	2  26  15 
 199	6  23  11 
 203	6   7   2 
 205	2  19  25 
 205	2  21  34 
 207	2  20  25 
 209	2  31  13 
 211	2  19  13 
 213	2  20  25 
 207	2  17  16 
 209	6  11   3 
 207	6  34  29 
 215	2  19  13 
 215	2   2   3 
 215	2  21  29 
 217	6   3   1 
 217	2  20  13 
 217	2  28  29 
 219	2  21  33 
 221	2  28  29 
 221	2  20  13 
 215	6  31  24 
 221	6  24  18 
 223	2   2   1 
 223	2  17  29 
 223	2  21  33 
 225	2  26  15 
 225	6   6   1 
 231	2   2  16 
 233	6  29  11 
 233	2  25  13 
 239	2  17  11 
 239	2  28  33 
 235	2  18   6 
 237	2  18   6 
 239	2  19   6 
 233	2  21  15 
 241	2  25  13 
 241	2  28  33 
 235	2  21  15 
 233	6   3   2 
 241	2   3  16 
 243	6  18   6 
 243	2  28  15 
 245	2  26  14 
 247	2  28  15 
 249	6  20  12 
 249	2   3  11 
 251	2   3  11 
 255	2  26  14 
 257	6  33  29 
 257	2  19  18 
 257	2  21  14 
 259	2  12  18 
 259	2  21  14 
 261	2  12  18 
 253	6  11   3 
 261	6  16  14 
 267	2  28  16 
 263	2  25  18 
 269	2  28  16 
 265	2  25  18 
 267	2  13  18 
 269	2  13  18 
 259	6   3   2 
 265	6   2   1 
 271	6  31  24 
 271	2   6  14 
 273	2   6  14 
 277	2  19  14 
 275	2   6   1 
 271	2  17  29 
 277	2   6   1 
 271	2  26  27 
 273	2  17  29 
 273	2  26  27 
 275	2  21  27 
 277	2  21  27 
 275	6  16  11 
 279	2  26  34 
 277	6  30  24 
 281	2  19  14 
 281	2  16  29 
 283	2  17  15 
 283	2  26  34 
 279	6   6   1 
 285	2  16  29 
 287	2  28  27 
 289	2  28  27 
 287	2  17  15 
 291	2  21  34 
 289	2  17  11 
 291	2  17  11 
 285	6  18   6 
 291	2  19  18 
 291	6   3   1 
 293	2  16  15 
 293	2  26  32 
 295	2  12  14 
 297	2  19  18 
 297	2  16  15 
 295	2  26  32 
 293	6  29  23 
 297	6   5   3 
 299	2  12  14 
 301	2  12  18 
 301	2  21  34 
 299	6  23  17 
 303	2  25  14 
 303	2  28  34 
 303	6  10   5 
 305	2  12  18 
 307	2  25  14 
 305	2  28  34 
 307	6  34  23 
 309	2  13  14 
 311	2  13  14 
 313	2  10  17 
 313	2  34  27 
 309	2  25  18 
 311	2  25  18 
 313	2  13  18 
 315	6  19   8 
 315	2  10  17 
 315	2  34  27 
 317	2  16  11 
 319	2  16  11 
 317	6  33  32 
 321	2  10  15 
 323	2  34  23 
 323	2  10  15 
 325	2   6  14 
 327	2  13  18 
 325	2  10  11 
 327	2  10  11 
 325	2  34  23 
 327	2  26  22 
 329	2  21  33 
 331	2  26  22 
 333	2  16  27 
 335	6  29  16 
 341	2  21  33 
 329	6   8   3 
 333	6  25  24 
 339	6  12   2 
 343	2  29  27 
 341	6  17  10 
 345	2   6  14 
 345	2  28  33 
 347	6  10   2 
 347	2   6  18 
 349	2   6  18 
 347	2  29  23 
 351	2  26  19 
 353	2   3   2 
 355	2   3   2 
 353	2  14  18 
 355	2  21  22 
 357	2  14  18 
 359	2  10   2 
 357	2  28  33 
 359	2  34  33 
 359	2  26  19 
 359	2  21  22 
 361	6  24   6 
 361	2  29  23 
 361	2   3  15 
 361	2  34  33 
 363	2   3  15 
 365	2   3  11 
 367	2  10   2 
 363	2  29  33 
 367	2  21  19 
 369	6  12   2 
 375	2   3  11 
 369	2  28  22 
 369	2  26  20 
 375	2   6  12 
 377	2   6  12 
 371	2  29  33 
 373	2  26  20 
 375	2  26  31 
 373	2  28  22 
 377	2  26  31 
 375	2  34  22 
 377	2  10  15 
 377	6  23  17 
 379	2  13  12 
 379	2  26  25 
 379	2  10  15 
 381	2  21  19 
 381	6   8   6 
 383	2  10  11 
 385	2  10  11 
 383	2  23  27 
 385	2  23  27 
 383	6  24  19 
 387	2   8  15 
 387	2  23  17 
 387	6  28  27 
 389	2  13  12 
 389	2   8  15 
 391	2  13  15 
 393	2  19  12 
 389	2  23  17 
 393	2  34  22 
 395	2  27  24 
 397	2  21  20 
 393	6  11   3 
 399	6  15  13 
 405	2  15  13 
 399	2  26  25 
 401	6  26  25 
 397	6  28  23 
 403	2  28  33 
 405	2  28  33 
 407	6  27  26 
 407	2  19  12 
 409	2  19  13 
 407	2  11  23 
 413	2  21  20 
 415	2  21  31 
 407	2   8   3 
 409	2   8   3 
 411	6   8   3 
 409	6  17  11 
 417	2  15   8 
 417	2  17  23 
 419	2  29  22 
 419	2  17  11 
 421	2  10  23 
 423	2  17  11 
 423	2  29  22 
 417	2  26  24 
 419	2  26  20 
 421	2  26  20 
 423	2  14  12 
 419	6  34  33 
 419	6  30  24 
 423	6   4   3 
 425	2  19  13 
 427	2  14  12 
 425	2  33  30 
 427	2  33  30 
 429	6  19   7 
 429	2  10  23 
 431	2  10  11 
 431	2  28  22 
 433	2  10  11 
 433	2  28  22 
 429	6  32  30 
 435	6  34  29 
 435	2  14  13 
 441	2  17  29 
 437	2  14  13 
 439	2  25  19 
 441	2  18  12 
 443	2  18  12 
 439	2  15   8 
 441	2   7   8 
 441	2  33  20 
 443	2  21  31 
 443	2   7   8 
 435	6   5   4 
 445	2  34  32 
 445	2  18  13 
 445	6  23  10 
 447	2  34  32 
 447	2  18  13 
 449	2  33  20 
 451	6  29  17 
 451	2  21  27 
 457	2  29  17 
 459	2   5  10 
 451	2  25  19 
 461	2   5  10 
 453	2  12  13 
 455	2  14   8 
 459	2  23  17 
 457	2  14   8 
 453	2  26  31 
 461	2  28  32 
 459	2  12  13 
 463	6  28  25 
 463	2   5  11 
 465	2   5  11 
 463	6   7   3 
 469	2  23  17 
 469	2  34  20 
 469	6  10   9 
 471	2  29  22 
 471	2  25  32 
 473	2  21  27 
 475	6  11   4 
 475	2  26  31 
 477	2  26  27 
 475	2  29  22 
 475	2  15   9 
 477	2  23  22 
 479	2  23  22 
 477	2  15   9 
 479	2  26  27 
 481	2  33  31 
 481	2  15   4 
 483	2  15   4 
 483	2  33  31 
 473	6  18   6 
 479	6  12   1 
 485	6  34  32 
 485	2   6   8 
 487	2   6   8 
 491	2  29  34 
 489	2   1   8 
 485	2  21  19 
 491	2   1   8 
 493	2   3   9 
 485	2   5  17 
 487	2  21  19 
 487	2   5  17 
 493	2  33  27 
 489	6  22  16 
 495	6  35  34 
 495	2  32  20 
 497	2  26  19 
 499	2  32  31 
 495	2   3   9 
 497	2   3   4 
 497	2  15  17 
 499	2  14   9 
 499	6  11   5 
 501	2  25  20 
 503	2  26  19 
 501	2  28  22 
 503	2  28  22 
 493	6   7   6 
 501	6   9   7 
 505	2  33  27 
 507	2  32  31 
 507	2  11  16 
 509	2  21  22 
 511	2  21  22 
 507	2  14   7 
 507	2   3   4 
 509	2   9   7 
 505	2  29  35 
 511	2   9   7 
 507	6  35  29 
 513	6   4   3 
 513	2  28  34 
 515	2  32  27 
 513	2  15  17 
 513	2   1   7 
 515	2  13   8 
 517	2   1   7 
 515	2  11  16 
 517	2  15  16 
 517	2  25  20 
 519	2  13   8 
 515	2  23  29 
 517	2  28  34 
 519	2  25  31 
 519	2  21  34 
 519	6  17  10 
 521	2  33  19 
 525	2   4  10 
 523	2  33  19 
 527	2   4  10 
 525	2  26  22 
 527	2  23  29 
 529	2  14   3 
 529	2  28  17 
 527	2  25  31 
 531	2  14   3 
 531	2  32  27 
 531	6  29  17 
 533	2  13   7 
 535	2  32  19 
 537	2  13   7 
 533	2   9   3 
 537	2  26  22 
 535	2   9   3 
 537	6  10   9 
 539	2  21  34 
 541	2  33  22 
 543	6  35  33 
 543	2  14   9 
 545	2  14   9 
 549	2  25  27 
 551	2  32  19 
 551	2  28  29 
 547	2   8   7 
 549	2   8   7 
 543	2  11  17 
 545	2  11  17 
 547	2  15  16 
 549	2   4  16 
 551	2   4  16 
 553	2  10   9 
 553	2  35  22 
 555	6  26  22 
 561	2  32  26 
 561	2  22  34 
 563	2  25  27 
 565	2  32  26 
 555	2  10   9 
 557	2   1   3 
 559	2   1   3 
 563	2  14  16 
 565	2  14  16 
 567	2  33  20 
 567	2  10  16 
 569	6  16   4 
 569	2  33  20 
 571	2  33  31 
 573	2  33  31 
 561	6   2   1 
 571	6  13   1 
 575	2  22  34 
 575	2  10   4 
 577	6  14   4 
 577	2  35  34 
 579	2  33  27 
 581	2  33  27 
 577	6  23  22 
 583	6  22  20 
 583	2   1   3 
 585	2   1   3 
 587	2   2   9 
 589	2  15  17 
 591	2   2   9 
 593	2   1   9 
 589	2  25  19 
 595	2   8   3 
 597	2   8   3 
 591	2  20  22 
 583	2  35  34 
 593	2  20  22 
 595	2  21  29 
 597	2  21  29 
 599	2   1   9 
 601	2   8   9 
 603	2   8   9 
 595	2  25  19 
 599	2  33  19 
 601	2  20  31 
 599	2  23  29 
 601	2  23  29 
 603	2  11  22 
 605	2  15  17 
 607	2  11  22 
 609	2  15  22 
 611	2  16  17 
 609	2   7   3 
 613	2  16  17 
 603	2  25  26 
 605	2  25  26 
 609	2  32  34 
 611	2  20  31 
 613	2  20  27 
 615	2  15  22 
 613	2   7   3 
 615	2  33  19 
 615	6  17  11 
 617	2  20  27 
 619	2  20  19 
 617	2   7   9 
 619	2   7   9 
 621	2   2  14 
 617	2  35  29 
 621	2   4  11 
 619	2  32  34 
 623	2   4  11 
 623	2   2  14 
 625	2   3   9 
 627	2   3   9 
 621	2  16  22 
 621	2  33  26 
 623	2  33  26 
 629	2   1  14 
 621	2  35  29 
 623	2  16  22 
 629	2  10  11 
 625	6  34  31 
 631	6  11   4 
 631	2   1  14 
 633	2   8  14 
 635	2  20  19 
 631	6  22  16 
 631	6  34  29 
 637	6  29  23 
 637	2   8  14 
 639	2  20  26 
 641	2   7  14 
 637	2  11  16 
 639	2  11  16 
 641	2  10   4 
 641	2  25  31 
 641	6  27  21 
 643	2   2   4 
 643	2  25  31 
 645	2   7  14 
 647	2  33  31 
 649	2  33  31 
 643	2  17  23 
 647	2   3  14 
 649	2   3  14 
 645	2  17  23 
 651	6   4   2 
 651	2  15  23 
 651	2  32  34 
 653	2  15  23 
 655	2  17  21 
 653	2  32  34 
 651	6  19  13 
 657	6  27  17 
 657	2   9  14 
 659	2   9  14 
 663	2   4   2 
 663	2  27  21 
 663	6  31  25 
 665	2   1   2 
 665	2  22  23 
 667	2   1   2 
 667	2  15  21 
 665	6  34  33 
 669	2   8   2 
 669	2  15  21 
 667	6  17   4 
 671	2  27  13 
 673	6   9   1 
 679	2   8   2 
 673	2  20  26 
 681	2   7   2 
 683	2   7   2 
 685	2   3   2 
 675	2  31  33 
 687	2   3   2 
 673	2  22  23 
 677	2  31  33 
 679	2  34  33 
 675	2  22  21 
 677	2  22  21 
 679	2  10  16 
 681	2  34  33 
 681	2  10  16 
 683	2  17  16 
 685	2  11  23 
 679	2  20  25 
 687	2  17  16 
 681	2  20  25 
 683	2  20  33 
 685	2  20  33 
 687	2  27  13 
 689	6  23  11 
 695	2  23  11 
 689	2   1   2 
 691	2   1   2 
 689	2  15  13 
 697	2  10  11 
 693	2  14   2 
 699	2  10  11 
 695	2  14   2 
 697	2  23  21 
 699	2  23  21 
 701	2  10  21 
 703	6  16   2 
 703	2  27  26 
 705	2  27  26 
 707	6  20  13 
 713	2  27  25 
 709	2   9   2 
 715	2  27  25 
 717	2  27  33 
 711	2   9   2 
 717	2  15  20 
 709	2  17  11 
 713	2   8   2 
 715	2   8   2 
 711	2  17  11 
 717	2   7   2 
 719	6  22  20 
 719	2   9  11 
 721	2   7   2 
 723	2   9  11 
 725	2  10  21 
 727	2  15  26 
 727	2   3   2 
 729	2  15  26 
 729	2   3   2 
 727	6  28  23 
 731	2   1   2 
 733	2   1   2 
 731	2  15  25 
 733	2  15  25 
 731	6  11   4 
 735	2  20  22 
 737	6  21  10 
 743	2  20  22 
 743	6   4   1 
 749	2   8   1 
 751	2   8   1 
 753	2   7   1 
 755	2   7   1 
 749	2  17  10 
 751	2  17  10 
 753	2   9  10 
 755	2   9  10 
 757	2   8  10 
 745	2  28  22 
 759	2   3   1 
 747	2  28  22 
 745	2  20  26 
 749	2  21  22 
 761	2   8  10 
 751	2  27  33 
 763	2   7  10 
 753	2  20  26 
 755	2  28  26 
 757	2  28  26 
 759	6  28  26 
 765	2  15  33 
 767	2   3   1 
 769	2   7  10 
 771	2  15  33 
 773	6  16   9 
 779	2   3  10 
 781	2   3  10 
 773	2  20  25 
 779	2  21  22 
 781	2  21  28 
 773	6  13   7 
 779	6  14   8 
 783	2  21  28 
 785	2   4   1 
 787	2   4   1 
 785	2  20  25 
 787	2  26  25 
 781	6  23  17 
 789	2   8   2 
 789	2  20  33 
 789	2   4  10 
 787	2  23  22 
 791	2   8   2 
 793	2   9   2 
 791	2  20  33 
 795	2   9   2 
 793	2  26  25 
 789	2  23  22 
 791	2  16  22 
 793	2  16  22 
 795	2  21  25 
 797	6  10   3 
 797	2  23  28 
 799	2  26  33 
 799	2  14  22 
 801	2  14  22 
 801	2  26  33 
 803	6  25  20 
 803	2   8   1 
 805	2   8   1 
 803	2   4   3 
 807	2   8   3 
 809	2   8   3 
 809	2  21  20 
 803	2  23  28 
 811	6  33  22 
 817	2  21  22 
 819	2  21  22 
 817	2   9   1 
 821	2  16  28 
 823	2  16  28 
 811	6  19  13 
 817	6  26  19 
 825	2  23  20 
 827	2  14  28 
 829	2  26  33 
 831	2  14  28 
 833	2  23  20 
 835	2  16  20 
 837	6  33  19 
 837	2   9   1 
 839	2   9   3 
 841	2   9   3 
 843	2   2   1 
 843	2  16  20 
 845	2  23  22 
 845	2   2   1 
 845	2  26  19 
 845	6  15  10 
 847	2   2   3 
 849	2   2   3 
 847	2  26  28 
 849	2  23  22 
 851	2  15  19 
 853	2  26  28 
 855	2  15  19 
 851	6   4   2 
 857	2  16  22 
 859	2  15  28 
 857	6  19   7 
 861	2  15  28 
 863	6  28  17 
 863	2   2   7 
 865	2   2   7 
 863	2  14  20 
 867	2   8   7 
 869	6   4   2 
 875	2   8   7 
 869	2  16  22 
 877	2  14  20 
 879	2  26  20 
 871	2  16  23 
 881	2  26  20 
 873	2  23  16 
 875	2   4  17 
 877	2   4  17 
 879	2   9   7 
 881	2   9   7 
 883	2   1   3 
 885	2   1   3 
 883	2  14  22 
 885	2  14  22 
 887	6  17   4 
 887	2  14  21 
 889	2  15  20 
 889	2   2   7 
 891	2   2   7 
 891	2  15  20 
 893	2   8   4 
 895	2   8   4 
 893	2  26  22 
 897	2   1   7 
 899	2   1   7 
 895	2  16  23 
 897	2  26  22 
 897	2   9   4 
 899	2  26  33 
 901	2   3   7 
 899	2  15  22 
 901	2  15  22 
 901	2  33  26 
 903	6  28  17 
 903	2   9   4 
 905	2   2   4 
 907	2   3   7 
 905	6  20  15 
 909	2   2   4 
 911	2  28  15 
 913	2  28  15 
 911	6   4   2 
 915	2  21  14 
 915	6  34  23 
 917	2   8  15 
 919	2  20  25 
 921	2  28  22 
 921	2  25  20 
 919	2   1   2 
 921	2   1   2 
 917	6  11   4 
 923	2  28  22 
 923	2   8  15 
 923	2  26  33 
 925	6  19   1 
 925	2   9  15 
 927	2   9  15 
 931	2  11  15 
 933	2  28  10 
 935	2  10  28 
 937	2  11  15 
 937	2   3   2 
 939	2   3   2 
 939	2  19  15 
 941	6  15   8 
 947	2  28  10 
 949	2  15  22 
 951	2  19   8 
 953	2  15  22 
 955	2  20  25 
 953	2   7   2 
 955	2   9  22 
 957	2   9  22 
 959	2  14  21 
 959	6   9   3 
 961	2  11  22 
 963	2  11  22 
 957	6  32  18 
 965	6  22  20 
 965	2   7   2 
 967	2   3   1 
 969	2   9   8 
 963	6  18  12 
 963	6  35  33 
 971	6  29  17 
 971	2  19  20 
 971	2   9   8 
 973	2  19  20 
 973	2   1   3 
 975	2   9  20 
 977	6  29  22 
 977	2   7   8 
 979	2   7   8 
 981	2   9  20 
 969	6  33  32 
 977	6  17  11 
 981	6  12   7 
 983	2  17  23 
 983	2  15  27 
 985	2  27  15 
 985	2  23  17 
 987	6  11  10 
 987	2   2   8 
 989	2   2   8 
 993	2  17  23 
 987	2  12  20 
 989	2  12  20 
 991	2   2  20 
 993	2   2  20 
 995	2   9   7 
 997	2  15  27 
 999	2   8  20 
 997	6  18  12 
1001	2   8  20 
1003	2   3   1 
1005	2   7   9 
1007	2   9   7 
1003	2  20  22 
1005	2  22  20 
1007	2  20  22 
1009	2   8   4 
1011	2   4   8 
1013	2   2  10 
1015	2  10   2 
1017	2   8   4 
1019	2   2  10 
1009	2  19  31 
1011	2  18  32 
1013	2  31  19 
1015	2  19  31 
1017	2  32  18 
1019	2  18  32 
