   1	6   4   1 
   1	6  13  12 
   7	2   4  12 
   9	2   4  12 
  11	2   4   9 
  13	2   4   9 
  15	2  12   9 
  17	2  12   9 
   1	6  15   7 
   7	6   7   2 
  13	6   6   2 
  19	2   4   6 
  21	2   4   6 
  19	6  13  12 
  23	6   6   4 
  29	6   9   4 
  29	6   7   3 
  35	2   6  14 
  37	2   6  14 
  35	6   8   4 
  41	2  13   9 
  43	2  13   9 
  45	2   8   9 
  47	2   8   9 
  39	2   6   7 
  41	2   6   7 
  43	6  15   7 
  49	2   6   4 
  51	2   6   4 
  49	2  13  14 
  51	2  13  14 
  53	2  13  15 
  53	6   6   1 
  59	2   1   0 
  61	2   1   0 
  63	2   1   2 
  65	2   1   2 
  55	2  13  15 
  59	6  11   7 
  67	6   6   1 
  57	6  13   8 
  63	2  13  14 
  65	2  13  14 
  63	2   8   4 
  65	2   8   4 
  67	2  13  15 
  69	2  13  15 
  71	6   8   4 
  73	2   6   7 
  75	2   6   7 
  77	6   4   1 
  77	6   7   3 
  77	6  13  12 
  83	6  12   8 
  83	2   6  11 
  85	2   6  11 
  83	2   1   0 
  85	2   1   0 
  87	2   6   5 
  89	2   1   2 
  89	2   9  14 
  91	2   6   5 
  91	2   8  12 
  93	6   3   1 
  93	2   9  14 
  95	2   8  12 
  99	6   8   0 
 105	2   0   8 
  99	2   3   2 
 101	2   6   7 
 107	2   3   1 
 109	2   3   1 
  95	6  15  14 
 107	2   9  14 
 109	2   9  14 
 111	6  15  14 
 111	2   6   7 
 111	2   0   8 
 113	2   9  12 
 115	2   9  12 
 117	2   9   8 
 119	2   9   8 
 113	2   0   2 
 117	2   3  11 
 119	2   0   2 
 119	2  14  15 
 121	6   6   5 
 127	2   0   1 
 121	2  14  15 
 123	2  14  12 
 125	2  14  12 
 127	2   3  11 
 129	6   2   0 
 135	2   2   1 
 137	6   7   2 
 143	2   3   6 
 145	2   3   6 
 127	6  13   8 
 133	2  14  13 
 135	2  14  13 
 137	6   4   0 
 137	6  14  12 
 143	2  15  14 
 145	2  15  14 
 143	6  12   4 
 149	2  15  13 
 147	2   3   2 
 149	2   3   2 
 151	2   9  12 
 153	2  15  13 
 155	2   7  11 
 155	2  14  13 
 157	2   9  12 
 159	2  14  13 
 161	2   9   1 
 163	2   9   1 
 165	2   4  12 
 157	2   7  11 
 167	2   9  11 
 169	6  11   9 
 175	6  15  10 
 175	2   4  12 
 177	2   4   1 
 179	2   4   1 
 181	2   7   6 
 177	6  13  12 
 183	2  11   9 
 185	6  11   3 
 185	2   4   9 
 187	2   4   9 
 191	2  10  13 
 193	2  10  13 
 195	2  14  13 
 195	2   7   6 
 189	6   4   1 
 197	2  14  13 
 197	2   3   6 
 195	6   8   4 
 199	2   3   6 
 201	2  10   8 
 203	2  12  13 
 205	2  12  13 
 203	2   1   6 
 205	2   1   6 
 207	2   7   2 
 209	2   7   2 
 207	6  13   8 
 213	2  10  13 
 215	2  14  13 
 217	2  14  13 
 219	2  12  13 
 221	2  12  13 
 211	2   3   2 
 223	2   8  13 
 225	2  10   9 
 213	2   3   2 
 227	2  10   9 
 229	2  14   9 
 231	2   8  13 
 231	2  10   6 
 233	2   1   2 
 235	2   1   2 
 233	2  14   9 
 235	2  12   9 
 237	2  12   9 
 239	2   8   9 
 241	2   8   9 
 237	6   7   2 
 243	6  12   9 
 249	6   8   5 
 243	6  15   7 
 255	2  13  12 
 257	2  13  12 
 255	2  10   6 
 257	2  10  15 
 259	2  14   6 
 261	2  10  15 
 263	2  14   6 
 265	6   9   6 
 271	2   6   9 
 265	2  14  15 
 267	2  14  15 
 273	6  15  10 
 279	2   6   9 
 281	2   5   9 
 283	2   5   9 
 285	2  13   9 
 281	6  15   7 
 287	2  13   9 
 289	2  12   9 
 291	2  12   9 
 287	6  11   3 
 293	2   6  10 
 295	2   6  10 
 297	2   5  10 
 299	2   5  10 
 293	6  12   8 
 301	2  13  10 
 303	2  13  10 
 301	2   5   1 
 305	2   8  10 
 307	2   8  10 
 309	2   1   5 
 311	2   5   1 
 309	6  13  10 
 315	2   9  13 
 317	2   9  13 
 319	2  13  12 
 319	2  10  11 
 321	2  11  10 
 323	2  10  11 
 321	2  12  13 
 323	2  13  12 
 313	6   2   0 
 319	6   3   1 
 325	2   9   1 
 327	2   8   0 
 327	2   6   7 
 329	2   7   6 
 331	2   6   7 
 329	2   0   8 
 331	2   8   0 
 333	2   1   9 
 335	2   9   1 
