   1	2   5   8 
   3	2   9   6 
   5	2   4   9 
   5	2   1   2 
   7	2   6   4 
   9	2   6   9 
  11	2   4   9 
  13	2   6   4 
  15	2   4   5 
  17	2   9   6 
  19	2   9   6 
  21	2  10   9 
  23	2   8   4 
  23	2   6  10 
  25	2   8   5 
  27	2   4   5 
  29	2   6   9 
  31	2  10   9 
  33	2   8   4 
  33	2   6  10 
  35	2   5   8 
  37	2   5   1 
  39	2   2   5 
  41	2   9   6 
  43	2   9   6 
  45	2   2   1 
  45	2  14   9 
  47	2   5   1 
  49	2   2   5 
  51	2   6  14 
  53	2   6   9 
  55	2  14   9 
  55	2   1   2 
  57	2   6  14 
  59	2   9   6 
  61	2   9   6 
  63	2   1   9 
  65	2   6   1 
  67	2   6   9 
  69	2   1   9 
  71	2   6   1 
  73	2   1   2 
  75	2   5   1 
  77	2   2   5 
  79	2   2   1 
  81	2   5   1 
  83	2   2   5 
  85	2   5   8 
  87	2   4   5 
  89	2   1   2 
  89	2   8   4 
  91	2   9   6 
  93	2   9   6 
  95	2   8   5 
  97	2   4   5 
  99	2   1   2 
  99	2   8   4 
 101	2   5   8 
 103	2   5   1 
 105	2   2   5 
 107	2   2   1 
 109	2   5   1 
 111	2   2   5 
 113	2   1   2 
 115	2   1   9 
 117	2   6   1 
 119	2   6   9 
 121	2   1   9 
 123	2   6   1 
 125	2   9   6 
 127	2   9   6 
 129	2   1   2 
 131	2   5   1 
 133	2   2   5 
 135	2   2   1 
 137	2   5   1 
 139	2   2   5 
 141	2   1   2 
 143	2   1   2 
 145	2   5   8 
 147	2   0   5 
 149	2   8   0 
 151	2   8   5 
 153	2   0   5 
 155	2   8   0 
 157	2   5   8 
 159	2   5   1 
 161	2   2   5 
 163	2   2   1 
 165	2   5   1 
 167	2   2   5 
 169	2   1   2 
 171	2   1   9 
 173	2   6   1 
 175	2   6   9 
 177	2   1   9 
 179	2   6   1 
 181	2   9   6 
 183	2   9   6 
 185	2   1   2 
 187	2   5   1 
 189	2   2   5 
 191	2   2   1 
 193	2   5   1 
 195	2   2   5 
 197	2   1   2 
 199	2   1   2 
 201	2   5   8 
 203	2   0   5 
 205	2   8   0 
 207	2   8   5 
 209	2   0   5 
 211	2   8   0 
 213	2   5   8 
 215	2   5   1 
 217	2   2   5 
 219	2   2   1 
 221	2   5   1 
 223	2   2   5 
 225	2   1   2 
 227	2   1   9 
 229	2   6   1 
 231	2   6   9 
 233	2   1   9 
 235	2   6   1 
 237	2   1   2 
 239	2   5   1 
 241	2   2   5 
 243	2   2   1 
 245	2   5   1 
 247	2   2   5 
 249	2   5   8 
 251	2  13   5 
 253	2   1   2 
 253	2   8  13 
 255	2   9   6 
 257	2   9   6 
 259	2   8   5 
 261	2  13   5 
 263	2   1   2 
 263	2   8  13 
 265	2   5   8 
 267	2   5   1 
 269	2   2   5 
 271	2   2   1 
 273	2   5   1 
 275	2   2   5 
 277	2   1   2 
 279	2   1   9 
 281	2   6   1 
 283	2   6   9 
 285	2   1   9 
 287	2   6   1 
 289	2   1   2 
 291	2   5   1 
 293	2   2   5 
 295	2   2   1 
 297	2   5   1 
 299	2   2   5 
 301	2   5   8 
 303	2  13   5 
 305	2   1   2 
 305	2   8  13 
 307	2   9   6 
 309	2   9   6 
 311	2   8   5 
 313	2  13   5 
 315	2   1   2 
 315	2   8  13 
 317	2   5   8 
 319	2   5   1 
 321	2   2   5 
 323	2   2   1 
 325	2   5   1 
 327	2   2   5 
 329	2   1   2 
 331	2   1   9 
 333	2   6   1 
 335	2   6   9 
 337	2   1   9 
 339	2   6   1 
 341	2   1   2 
 343	2   5   1 
 345	2   2   5 
 347	2   2   1 
 349	2   5   1 
 351	2   2   5 
 353	2   5   8 
 355	2  10   5 
 357	2   1   2 
 357	2   8  10 
 359	2   9   6 
 361	2   9   6 
 363	2   8   5 
 365	2  10   5 
 367	2   1   2 
 367	2   8  10 
 369	2   5   8 
 371	2   5   1 
 373	2   2   5 
 375	2   2   1 
 377	2   5   1 
 379	2   2   5 
 381	2   1   2 
 383	2   1   9 
 385	2   6   1 
 387	2   6   9 
 389	2   1   9 
 391	2   6   1 
 393	2   1   2 
 395	2   5   1 
 397	2   2   5 
 399	2   2   1 
 401	2   5   1 
 403	2   2   5 
 405	2   5   8 
 407	2  10   5 
 409	2   1   2 
 411	2   1   2 
 409	2   8  10 
 413	2   9   6 
 415	2   8   5 
 417	2  10   5 
 419	2   9   6 
 421	2   8  10 
 423	2   5   8 
 425	2   5   1 
 427	2   2   5 
 429	2   2   1 
 431	2   5   1 
 433	2   2   5 
 435	2   1   2 
 437	2   1   9 
 439	2   6   1 
 441	2   6   9 
 443	2   1   9 
 445	2   6   1 
 447	2   9   6 
 449	2   9   8 
 449	2   1   2 
 451	2   5   1 
 453	2   2   5 
 455	2   2   1 
 457	2   5   1 
 459	2   2   5 
 461	2   1   2 
 463	2   5   9 
 465	2   2   6 
 467	6   6   2 
 473	2   8   5 
 475	2   8   9 
 475	6   2   1 
 481	2   5   9 
 483	2   8   5 
 485	2   9   8 
 487	2   9   6 
 489	2   1   9 
 491	2   1   6 
 493	2   9   6 
 495	2   1   9 
 497	2   6   1 
 497	2   9   8 
 499	2   5   9 
 501	2   8   5 
 503	2   8   9 
 505	2   5   9 
 507	2   8   5 
 509	2   6   1 
 509	2   9   8 
 511	2   9   6 
 513	2   1   9 
 515	2   1   6 
 517	2   9   6 
 519	2   1   9 
 521	2   6   1 
 521	2   9   8 
 523	6   5   2 
 529	2   5   9 
 531	2   8   5 
 533	2   8   9 
 535	2   5   9 
 537	2   8   5 
 539	2   6   1 
 539	2   9   8 
 541	2   9   6 
 543	2   1   9 
 545	2   1   6 
 547	2   9   6 
 549	2   1   9 
 551	2   6   1 
 553	2   6   1 
 551	2   9   8 
 555	2   5   9 
 557	2   8   5 
 559	2   8   9 
 561	2   5   9 
 563	2   8   5 
 565	2   9   8 
 567	2   9   6 
 569	2   1   9 
 571	2   1   6 
 573	2   9   6 
 575	6   8   5 
 581	2   1   9 
 583	2   6   1 
 585	2   5   6 
 587	2   0   5 
 589	6   6   1 
 595	2   1   0 
 597	2   1   5 
 589	6  13   8 
 599	2   0   5 
 601	2   9   6 
 601	2   1   0 
 603	2   5   1 
 605	2   5   9 
 607	2   6   5 
 609	2   6   9 
 611	2   5   9 
 613	2   6   5 
 615	2   5   1 
 617	2   0   5 
 619	2   1   0 
 619	2   9   6 
 621	2   1   5 
 623	2   0   5 
 625	2   1   0 
 625	2   9   6 
 627	2   5   1 
 629	2   5   9 
 631	2   6   5 
 633	2   6   9 
 635	2   5   9 
 637	2   6   5 
 639	2   5   1 
 641	2   8   5 
 643	6   8   0 
 649	2   1   0 
 649	2   9   6 
 651	2   1   5 
 653	2   0   5 
 655	2   9   6 
 655	2   1   0 
 657	2   5   1 
 659	2   5   9 
 661	2   6   5 
 663	2   6   9 
 665	6  10   2 
 665	6   8   4 
 671	2   5   9 
 673	2   6   5 
 675	2   5   1 
 677	2   0   5 
 679	2   1   0 
 679	2   9   6 
 681	2   1   5 
 683	2   0   5 
 685	2   1   0 
 685	2   9   6 
 687	2   5   1 
 689	2   5   9 
 691	2   6   5 
 693	2   6   9 
 695	2   5   9 
 697	2   6   5 
 699	2   9   6 
 701	2   9   6 
 703	2   5   1 
 705	2   2   5 
 707	2   1   2 
 709	2   1   5 
 711	2   2   5 
 713	2   1   2 
 715	2   5   1 
 717	2   5   9 
 719	2   6   5 
 721	2   6   9 
 723	2   5   9 
 725	2   6   5 
 727	2   9   6 
 729	2   9   6 
 731	2   5   1 
 733	2   2   5 
 735	2   1   2 
 737	2   1   5 
 739	2   2   5 
 741	2   1   2 
 743	6   9   1 
 749	2   5   9 
 751	2  13   9 
 753	2   5   1 
 755	2   6   5 
 757	2   6   1 
 759	2   5   1 
 761	2   6   5 
 763	2  10   5 
 765	2   8  10 
 767	6  13   5 
 773	2  13   8 
 773	2   1   6 
 775	2  13  10 
 777	2   8  10 
 779	2   1   6 
 779	2  13   8 
 781	2  10  13 
 783	2  10   5 
 785	2   9  10 
 787	2   9   5 
 789	2  10   5 
 791	2   9  10 
 793	2   5   9 
 795	2   5   1 
 797	2   6   5 
 799	2   6   1 
 801	2   5   1 
 803	2   6   5 
 805	2   5   9 
 807	2  10   5 
 809	2   9  10 
 811	2   9   5 
 813	2  10   5 
 815	2   9  10 
 817	2  10  13 
 819	2   5   9 
 821	2   8  10 
 823	2   5   9 
 825	2  13   8 
 825	2   1   6 
 827	2  13  10 
 829	2   8  10 
 831	2   1   6 
 831	2  13   8 
 833	2  10  13 
 835	2  10   5 
 837	2   9  10 
 839	2   9   5 
 841	2  10   5 
 843	2   9  10 
 845	2   5   9 
 847	2   5   1 
 849	2   6   5 
 851	2   6   1 
 853	2   5   1 
 855	2   6   5 
 857	2   5   9 
 859	2  10   5 
 861	2   9  10 
 863	2   9   5 
 865	2  10   5 
 867	2   9  10 
 869	2   5   9 
 871	2   5   9 
 873	2  10  13 
 875	2  14  10 
 877	2   1   6 
 877	2  13  14 
 879	2  13  10 
 881	2  14  10 
 883	2   1   6 
 883	2  13  14 
 885	2  10  13 
 887	2  10   5 
 889	2   9  10 
 891	2   9   5 
 893	2  10   5 
 895	2   9  10 
 897	2   5   9 
 899	2   5   1 
 901	2   6   5 
 903	2   6   1 
 905	2   5   1 
 907	2   6   5 
 909	2   5   9 
 911	2  10   5 
 913	2   9  10 
 915	2   9   5 
 917	2  10   5 
 919	2   9  10 
 921	2   5   9 
 923	2   5   9 
 925	2  10  13 
 927	2  14  10 
 929	2  13  14 
 929	2   1   6 
 931	2  13  10 
 933	2  14  10 
 935	2  13  14 
 935	2   1   6 
 937	2  10  13 
 939	2  10   5 
 941	2   9  10 
 943	2   9   5 
 945	2  10   5 
 947	2   9  10 
 949	2   5   9 
 951	2   5   1 
 953	2   6   5 
 955	2   6   1 
 957	2   5   1 
 959	2   6   5 
 961	2   5   9 
 963	2  10   5 
 965	2   9  10 
 967	2   9   5 
 969	2  10   5 
 971	2   9  10 
 973	2   5   9 
 975	2   1   6 
 975	2   9  13 
 977	2  10   9 
 979	2  13  10 
 981	2  13   9 
 981	2   1   6 
 983	2  10   9 
 985	2  13  10 
 987	2   9  13 
 989	2   9   1 
 991	2   6   9 
 993	2   6   1 
 995	2   9   1 
 997	2   6   9 
 999	2   9  13 
 999	2   1   6 
1001	2  10   9 
1003	2  13  10 
1005	2  13   9 
1005	2   1   6 
1007	2  10   9 
1009	2  13  10 
1011	2   9  13 
1013	2   9   1 
1015	2   6   9 
1017	2   6   1 
1019	2   9   1 
1021	2   6   9 
1023	2   1   6 
1025	2   1   6 
1023	2   9  13 
1025	2   8   9 
1027	2  13   8 
1029	2  13   9 
1031	2   8   9 
1033	2  13   8 
1035	2   9  13 
1037	2   9   1 
1039	2   6   9 
1041	2   6   1 
1043	2   9   1 
1045	2   6   9 
1047	2   1   6 
1049	2   1   6 
1047	2   9  13 
1049	2   8   9 
1051	2  13   8 
1053	2  13   9 
1055	2   8   9 
1057	2  13   8 
1059	2   9  13 
1061	2   9   1 
1063	2   6   9 
1065	2   6   1 
1067	6   8   5 
1073	2   9   1 
1075	2   6   9 
1077	2   1   6 
1079	2   9   6 
1081	2  10   9 
1083	2   6  10 
1085	2   6   9 
1087	2  10   9 
1089	2   6  10 
1091	2   9   6 
1093	2  10  13 
1095	2   9   6 
1097	2   5   9 
1099	2   6   5 
1101	2   6   9 
1103	2   5   9 
1105	2   6   5 
1107	2   9   6 
1109	2   5  10 
1111	2  13   5 
1113	2  13  10 
1115	2   5  10 
1117	2  13   5 
1119	2   9   6 
1121	2   4   9 
1123	2   6   4 
1125	2   6   9 
1127	6   8   5 
1133	2   4   9 
1135	2   6   4 
1137	2  10  13 
1139	2   9   6 
1141	6  10   8 
1147	2   1   6 
1149	2   5   9 
1151	6   4   0 
1157	2   8   5 
1159	2   9   8 
1161	2   9   5 
1163	2   8   5 
1165	2   9   8 
1167	2   5   9 
1169	2   5   1 
1171	2   6   5 
1173	2   6   1 
1175	2   5   1 
1177	2   6   5 
1179	2   5   9 
1181	2   8   5 
1183	2   1   6 
1183	2   9   8 
1185	2   9   5 
1187	2   8   5 
1189	2   9   8 
1191	2   5   9 
1193	2   5   9 
1195	2   1   6 
1195	2   8  13 
1197	2  10   8 
1199	2  13  10 
1201	2  13   8 
1203	2  10   8 
1205	2  13  10 
1207	2   8  13 
1209	6  12   4 
1209	6  10   2 
1215	2   8   5 
1217	2   9   8 
1219	2   9   5 
1221	2   8   5 
1223	2   9   8 
1225	2   5   9 
1227	2   5   1 
1229	2   6   5 
1231	2   6   1 
1233	2   5   1 
1235	2   6   5 
1237	2   5   9 
1239	2   8   5 
1241	2   9   8 
1241	2   1   6 
1243	2   9   5 
1245	2   8   5 
1247	2   1   6 
1247	2   9   8 
1249	2   5   9 
1251	2   5   9 
1253	2   8  13 
1255	2  12   8 
1257	2  13  12 
1259	2  13   8 
1261	2  12   8 
1263	2  13  12 
1265	2   8  13 
1267	2   8   5 
1269	2   9   8 
1271	2   9   5 
1273	2   8   5 
1275	2   9   8 
1277	2   5   9 
1279	2   5   1 
1281	2   6   5 
1283	2   6   1 
1285	2   5   1 
1287	2   6   5 
1289	2   5   9 
1291	2   8   5 
1293	2   9   8 
1293	2   1   6 
1295	2   9   5 
1297	2   8   5 
1299	2   1   6 
1299	2   9   8 
1301	2   5   9 
1303	2   5   9 
1305	2   8  13 
1307	2  12   8 
1309	2  13  12 
1311	2  13   8 
1313	2  12   8 
1315	2  13  12 
1317	2   8  13 
1319	2   8   5 
1321	2   9   8 
1323	2   9   5 
1325	2   8   5 
1327	2   9   8 
1329	2   5   9 
1331	2   5   1 
1333	2   6   5 
1335	2   6   1 
1337	2   5   1 
1339	2   6   5 
1341	2   5   9 
1343	2   8   5 
1345	2   1   6 
1345	2   9   8 
1347	2   9   5 
1349	2   8   5 
1351	2   1   6 
1351	2   9   8 
1353	2   5   9 
1355	2   5   9 
1357	2   8  13 
1359	2  10   8 
1361	2  13  10 
1363	2  13   8 
1365	2  10   8 
1367	2  13  10 
1369	2   8  13 
1371	2   8   5 
1373	2   9   8 
1375	2   9   5 
1377	2   8   5 
1379	2   9   8 
1381	2   5   9 
1383	2   5   1 
1385	2   6   5 
1387	2   6   1 
1389	2   5   1 
1391	2   6   5 
1393	2   1   6 
1395	2   1   6 
1397	2   5   9 
1399	2   8   5 
1401	2   9   8 
1403	2   9   5 
1405	2   8   5 
1407	2   9   8 
1409	2   8  13 
1411	2   5   9 
1413	2   5   9 
1415	2  10   8 
1417	2  13  10 
1419	2  13   8 
1421	2  10   8 
1423	2  13  10 
1425	2   8  13 
1427	2   8   5 
1429	6  13  10 
1435	2   9   8 
1437	2   9   5 
1439	2   8   5 
1441	2   9   8 
1443	2   5   9 
1445	2   5   1 
1447	2   6   5 
1449	2   6   1 
1451	2   5   1 
1453	2   6   5 
1455	2   5   9 
1457	2   8   5 
1459	2   1   6 
1459	2   9   8 
1461	6   4   1 
1467	2   9   5 
1469	2   8   5 
1471	2   6  10 
1473	2   9   8 
1475	2   5   9 
1477	2   5   6 
1479	2  10   5 
1481	2   9   4 
1481	6   2   1 
1483	2   8   9 
1485	2   4   8 
1487	2   4   9 
1489	2   8   9 
1491	2  10   6 
1491	2   4   8 
1493	2   9   4 
1495	2   9   4 
1497	2   5   6 
1499	2   1   9 
1501	2   4   1 
1503	2   4   9 
1505	2  10   5 
1507	2   1   9 
1509	2   6  10 
1509	2   4   1 
1511	2   9   4 
1513	6   9   1 
1519	6  13   9 
1519	2   1   4 
1521	2   0   1 
1523	2   4   0 
1525	2   4   1 
1525	6  14  10 
1527	2   0   1 
1529	2   4   0 
1531	6  10   6 
1531	2   1   4 
1533	2   1   4 
1537	2   9   1 
1539	2   4   9 
1541	2   4   1 
1543	2   9   1 
1545	2   4   9 
1547	2   1   4 
1549	2   1   4 
1551	2   6   1 
1553	2   4   6 
1555	2   4   1 
1557	6  10   5 
1563	2   6   1 
1565	2   4   6 
1567	2   1   4 
1567	6  14  10 
1569	2   1   4 
1571	2   5   1 
1573	2   4   5 
1575	2   4   1 
1577	2   5   1 
1573	6  14  13 
1579	6  12   9 
1585	2   4   5 
1587	2   5  10 
1589	2  13   5 
1591	2   1   4 
1591	2  10  13 
1593	2  10   5 
1595	2  13   5 
1597	2   1   4 
1597	2  10  13 
1599	2   5  10 
1601	2   5   1 
1603	2   4   5 
1605	2   4   1 
1607	2   5   1 
1609	2   4   5 
1611	2   1   4 
1613	2   1   4 
1615	2   5  10 
1617	2   9   5 
1619	2  10   9 
1621	2  10   5 
1623	2   9   5 
1625	2  10   9 
1627	2   5  10 
1629	2   5   1 
1631	2   4   5 
1633	2   4   1 
1635	2   5   1 
1637	2   4   5 
1639	2   5  10 
1641	2   9   5 
1643	2   1   4 
1643	2  10   9 
1645	2  10   5 
1647	2   9   5 
1649	2  10   9 
1649	2   1   4 
1651	2   5  10 
1653	2   5   1 
1655	2   4   5 
1657	2   4   1 
1659	2   5   1 
1661	2   4   5 
1663	2   1   4 
