   1	2   5   4 
   1	2  13  15 
   3	2  14  13 
   5	2   9  12 
   5	2  15  14 
   7	2  15  13 
   9	2  14  13 
  11	2  15  14 
  13	2  13  15 
  15	2  13   9 
  17	2  12  13 
  19	2  12   9 
  21	2  13   9 
  23	2  12  13 
  25	2   9  12 
  27	2   9   5 
  29	2   4   9 
  31	2   4   5 
  33	2   9   5 
  35	2   4   9 
  37	2   9  12 
  39	2  13   9 
  41	2  12  13 
  43	2  12   9 
  45	2  13   9 
  47	2  12  13 
  47	2   5   4 
  49	2   5   4 
  49	2  13  15 
  51	2  14  13 
  53	2  15  14 
  53	2   9  12 
  55	2  15  13 
  57	2  14  13 
  59	2   9  12 
  59	2  15  14 
  61	2  13  15 
  63	2  13   9 
  65	2  12  13 
  67	2  12   9 
  69	2  13   9 
  71	2  12  13 
  73	2   9  12 
  75	2   9   5 
  77	2   4   9 
  79	2   4   5 
  81	2   9   5 
  83	2   4   9 
  85	2   9  12 
  87	2  13   9 
  89	2  12  13 
  89	2   5   4 
  91	2  12   9 
  93	2  13   9 
  95	2  12  13 
  95	2   5  10 
  97	2  13  15 
  99	2  14  13 
 101	2  15  14 
 101	2   9  12 
 103	2  15  13 
 105	2  14  13 
 107	2  15  14 
 107	2   9  12 
 109	2  13  15 
 111	2  13   9 
 113	2  12  13 
 115	2  12   9 
 117	2  13   9 
 119	2  12  13 
 121	2   9  12 
 123	2   9   5 
 125	2  10   9 
 127	2  10   5 
 129	2   9   5 
 131	2  10   9 
 133	2   9  12 
 135	2  13   9 
 137	2  12  13 
 139	2  12   9 
 141	2  13   9 
 143	2  12  13 
 143	2   5  10 
 145	2  13  15 
 147	2  14  13 
 149	2  15  14 
 149	2   9  12 
 151	2  15  13 
 153	2  14  13 
 155	2  15  14 
 155	2   9  12 
 157	2  13  15 
 159	2  13   9 
 161	2  12  13 
 163	2  12   9 
 165	2  13   9 
 167	2   5  10 
 167	2  12  13 
 169	2   9  12 
 171	2   9   5 
 173	2  10   9 
 175	2  10   5 
 177	2   9   5 
 179	2  10   9 
 181	2   9  12 
 183	2  13   9 
 185	2  12  13 
 187	2  12   9 
 189	2  13   9 
 191	2  12  13 
 191	2   5  10 
 193	2   9  12 
 195	2   5  10 
 195	2  13  12 
 197	2  14  13 
 199	2  12  14 
 201	2  12  13 
 203	2  14  13 
 205	2  12  14 
 207	2  13  12 
 209	2  13   5 
 211	2  10  13 
 213	2  10   5 
 215	2  13   5 
 217	2  10  13 
 219	2   5  10 
 219	2  13  12 
 221	2  14  13 
 223	2  12  14 
 225	2  12  13 
 227	2  14  13 
 229	2  12  14 
 231	2   5  10 
 231	2  13  12 
 233	2  13   5 
 235	2  10  13 
 237	2  10   5 
 239	2  13   5 
 241	2  10  13 
 243	2  13  15 
 245	2  14  13 
 247	2  15  14 
 249	2  15  13 
 251	2  14  13 
 253	2  15  14 
 253	2   9  12 
 255	2  13  15 
 257	2  13   9 
 259	2  12  13 
 259	2   5  10 
 261	2  12   9 
 263	2  13   9 
 261	6   4   0 
 265	2  12  13 
 267	2   5   1 
 265	6  15  10 
 271	2   9  12 
 273	2   9   5 
 275	2   1   9 
 277	2   1   5 
 279	2   9   5 
 281	2   1   9 
 283	2   9  12 
 285	2  13   9 
 287	2  12  13 
 287	2   5   1 
 289	2  12   9 
 291	2  13   9 
 293	2   5   1 
 293	2  12  13 
 295	2   9  12 
 297	2   9  12 
 299	2  13  10 
 301	2  14  13 
 303	2  10  14 
 305	2  10  13 
 307	2  14  13 
 309	2  10  14 
 311	2  13  10 
 313	2  13   9 
 315	2  12  13 
 317	2  12   9 
 319	2  13   9 
 321	2  12  13 
 323	2   9  12 
 325	2   9   5 
 327	2   1   9 
 329	2   1   5 
 331	2   9   5 
 333	2   1   9 
 335	2   9  12 
 337	2  13   9 
 339	2  12  13 
 341	2  12   9 
 343	2  13   9 
 345	2  12  13 
 345	2   5   1 
 347	2   9  12 
 349	2   5   9 
 351	2  13  10 
 353	2  14  13 
 355	2   8  12 
 355	2  10  14 
 357	2  10  13 
 359	2  14  13 
 361	2  10  14 
 363	2  13  10 
 365	2  13   8 
 367	2  12  13 
 369	2  12   8 
 371	2  13   8 
 373	2  12  13 
 375	2   8  12 
 377	2   8   5 
 379	2   9   8 
 381	2   9   5 
 383	2   8   5 
 385	2   9   8 
 387	2   5   9 
 389	2   5   9 
 391	2   8  12 
 393	2  13   8 
 395	2  12  13 
 397	2  12   8 
 399	2  13   8 
 401	2  12  13 
 403	2  13  10 
 405	2  14  13 
 407	2  10  14 
 407	2   8  12 
 409	2  10  13 
 411	2  14  13 
 413	2  10  14 
 413	2   8  12 
 415	2  13  10 
 417	2  13   8 
 419	2  12  13 
 421	2  12   8 
 423	2  13   8 
 425	2  12  13 
 427	2   8  12 
 429	2   8   5 
 431	2   9   8 
 433	2   9   5 
 435	2   8   5 
 437	2   9   8 
 439	2   5   9 
 441	2   5   9 
 443	2   8  12 
 445	2  13   8 
 447	2  12  13 
 449	2  12   8 
 451	2  13   8 
 453	2  12  13 
 455	2   8  12 
 457	2  13  12 
 459	2  14  13 
 461	2  12  14 
 463	2  12  13 
 465	2  14  13 
 467	2  12  14 
 469	2  13  12 
 471	2  13   5 
 473	2   9  13 
 475	2   9   5 
 477	2  13   5 
 479	2   9  13 
 481	2   5   9 
 483	2   5   9 
 485	2  13  12 
 487	2  14  13 
 489	2  12  14 
 491	2  12  13 
 493	2  14  13 
 495	2  12  14 
 497	2  13  12 
 499	2  13   5 
 501	2   9  13 
 503	2   9   5 
 505	2  13   5 
 507	2   9  13 
 509	2   5   9 
 511	2   9  12 
 513	2  13  10 
 515	2   5   6 
 515	2  14  13 
 517	2  10  14 
 519	2  10  13 
 521	2  14  13 
 523	2  10  14 
 525	2  13  10 
 527	2  13   9 
 529	2  12  13 
 531	2  12   9 
 533	2  13   9 
 535	2  12  13 
 537	2   9  12 
 539	2   9   5 
 541	2   6   9 
 543	2   6   5 
 545	2   9   5 
 547	2   6   9 
 549	2   9  12 
 551	2  13   9 
 553	2  12  13 
 553	2   5   6 
 555	2  12   9 
 557	2  13   9 
 559	2   5   6 
 559	2  12  13 
 561	2   9  12 
 563	2   9  12 
 565	2  13  10 
 567	2  14  13 
 569	2  10  14 
 571	2  10  13 
 573	2  14  13 
 575	2  10  14 
 577	2  13  10 
 579	2  13   9 
 581	2  12  13 
 583	2  12   9 
 585	2  13   9 
 587	2  12  13 
 589	2   9  12 
 591	2   9   5 
 593	2   6   9 
 595	2   6   5 
 597	2   9   5 
 599	2   6   9 
 601	2   9  12 
 603	2  13   9 
 605	2  12  13 
 607	2  12   9 
 609	2  13   9 
 611	2  12  13 
 611	2   5   6 
 613	2   9  12 
 615	2   9  12 
 617	2  13  10 
 619	2   5   8 
 619	2  14  13 
 621	2  10  14 
 623	2  10  13 
 625	2  14  13 
 627	2  10  14 
 629	2  13  10 
 631	2  13   9 
 633	2  12  13 
 635	2  12   9 
 637	2  13   9 
 639	2  12  13 
 641	2   9  12 
 643	2   9   5 
 645	2   8   9 
 647	2   8   5 
 649	2   9   5 
 651	2   8   9 
 653	2   9  12 
 655	2  13   9 
 657	2  12  13 
 659	2  12   9 
 661	2  13   9 
 663	2  12  13 
 665	2  13  10 
 667	2   9  12 
 669	2   9  12 
 671	2   5   8 
 673	2   5   8 
 671	2  14  13 
 673	2  10  14 
 675	2  10  13 
 677	2  14  13 
 679	2  10  14 
 681	2  13  10 
 683	2  13   9 
 685	2  12  13 
 687	2  12   9 
 689	2  13   9 
 691	2  12  13 
 693	2   9  12 
 695	2   9   5 
 697	2   8   9 
 699	2   8   5 
 701	2   9   5 
 703	2   8   9 
 705	2   9  12 
 707	2  13   9 
 709	2  12  13 
 711	2  12   9 
 713	2  13   9 
 715	2  12  13 
 717	2   9  12 
 719	2  13  12 
 721	2   5   8 
 721	2  14  13 
 723	2  12  14 
 725	2  12  13 
 727	2   5   8 
 727	2  14  13 
 729	2  12  14 
 731	2  13  12 
 733	2  13   5 
 735	2   8  13 
 737	2   8   5 
 739	2  13   5 
 741	2   8  13 
 743	2  13  12 
 745	2   5   8 
 745	2  14  13 
 747	2  12  14 
 749	2  12  13 
 751	2   5   8 
 751	2  14  13 
 753	2  12  14 
 755	2  13  12 
 757	2   9  12 
 759	2  13   5 
 761	2   8  13 
 763	2   8   5 
 765	2  13   5 
 767	2   8  13 
 769	2  13  10 
 771	2   5   8 
 773	2   5   4 
 771	2  14  13 
 773	2  10  14 
 775	2  10  13 
 777	2  14  13 
 779	2  10  14 
 781	2  13  10 
 783	2  13   9 
 785	2  12  13 
 787	2  12   9 
 789	2  13   9 
 791	2  12  13 
 793	2   9  12 
 795	2   9   5 
 797	2   4   9 
 799	2   4   5 
 801	2   9   5 
 803	2   4   9 
 805	2   9  12 
 807	2  13   9 
 809	2  12  13 
 809	2   5   4 
 811	2  12   9 
 813	2  13   9 
 815	2   5   4 
 815	2  12  13 
 817	2   9  12 
 819	2   9  12 
 821	2  13  10 
 823	2  14  13 
 825	2  10  14 
 827	2  10  13 
 829	2  14  13 
 831	2  10  14 
 833	2  13  10 
 835	2  13   9 
 837	2  12  13 
 839	2  12   9 
 841	2  13   9 
 843	2  12  13 
 845	2   9  12 
 847	2   9   5 
 849	2   4   9 
 851	2   4   5 
 853	2   9   5 
 855	2   4   9 
 857	2   9  12 
 859	2  13   9 
 861	2   5   4 
 861	2  12  13 
 863	2  12   9 
 865	2  13   9 
 867	2  12  13 
 869	2   5  13 
 871	2   9  12 
 873	2   9  10 
 875	2  14   9 
 877	2   8  12 
 877	2  10  14 
 879	2  10   9 
 881	2  14   9 
 883	2  10  14 
 885	2   9  10 
 887	2   9   8 
 889	2  12   9 
 891	2  12   8 
 893	2   9   8 
 895	2  12   9 
 897	2   8  12 
 899	2   8   5 
 901	2  13   8 
 903	2  13   5 
 905	2   8   5 
 907	2  13   8 
 909	2   5  13 
 911	2   5  13 
 913	2   8  12 
 915	2   9   8 
 917	2  12   9 
 919	2  12   8 
 921	2   9   8 
 923	2  12   9 
 925	2   8  12 
 927	2   8  12 
 929	2   9  10 
 931	2  14   9 
 933	2  10  14 
 935	2  10   9 
 937	2  14   9 
 939	2  10  14 
 941	2   9  10 
 943	2   9   8 
 945	2  12   9 
 947	2  12   8 
 949	2   9   8 
 951	2  12   9 
 953	2   8  12 
 955	2   8   5 
 957	2  13   8 
 959	2  13   5 
 961	2   8   5 
 963	2  13   8 
 965	2   8  12 
 967	2   9   8 
 969	2  12   9 
 971	2  12   8 
 973	2   5  13 
 975	2   9   8 
 977	2  12   9 
 979	2   8  12 
