   1	2   5   6 
   3	2   2   5 
   5	2   0   4 
   5	2   6   2 
   7	2   6   5 
   9	2   2   5 
  11	2   6   2 
  13	2   5   6 
  15	2   5   0 
  17	2   4   5 
  19	2   4   0 
  21	2   5   0 
  23	2   4   5 
  25	2   5   6 
  27	2   2   5 
  29	2   6   2 
  29	2   0   4 
  31	2   6   5 
  33	2   2   5 
  35	2   0   4 
  35	2   6   2 
  37	2   5   6 
  39	2   5   0 
  41	2   4   5 
  43	2   4   0 
  45	2   5   0 
  47	2   4   5 
  49	2   5   6 
  51	2  10   5 
  53	2   6  10 
  53	2   0   4 
  55	2   6   5 
  57	2  10   5 
  59	2   0   4 
  59	2   6  10 
  61	2   5   6 
  63	2   5   0 
  65	2   4   5 
  67	2   4   0 
  69	2   5   0 
  71	2   4   5 
  73	2   5   6 
  75	2  10   5 
  77	2   6  10 
  77	2   0   4 
  79	2   6   5 
  81	2  10   5 
  83	2   0   4 
  83	2   6  10 
  85	2   5   6 
  87	2   5   0 
  89	2   1   6 
  91	2   2   1 
  93	2   4   5 
  95	2   6   2 
  95	2   4   0 
  97	2   6   1 
  99	2   2   1 
 101	2   5   0 
 103	2   4   5 
 105	2   8   5 
 107	2   0   4 
 109	2   9   4 
 107	2   6   2 
 111	2   1   6 
 113	2   1   9 
 115	2   4   1 
 117	2   4   9 
 119	2   1   9 
 121	2   4   1 
 123	2   9   4 
 125	2   9   8 
 127	2   5   9 
 129	2   5   8 
 131	2   9   8 
 133	2   5   9 
 135	2   8   5 
 137	2   8   5 
 139	2   9   4 
 141	2   1   9 
 143	2   4   1 
 145	2   4   9 
 147	2   1   9 
 149	2   4   1 
 151	2   1   6 
 153	2   9   4 
 155	2   9   4 
 153	2   2   1 
 155	2   6   2 
 157	2   6   1 
 159	2   2   1 
 161	2   6   2 
 163	2   1   6 
 165	2   1   9 
 167	2   4   1 
 169	2   4   9 
 171	2   1   9 
 173	2   4   1 
 175	2   9   4 
 177	2   9   8 
 179	2   5   9 
 181	2   5   8 
 183	2   9   8 
 185	2   5   9 
 187	2   9   4 
 189	2   1   9 
 191	2   4   1 
 193	2   4   9 
 195	6   5   4 
 195	6  13  12 
 201	2   1   9 
 203	2   5   1 
 205	2   9   5 
 207	2   6   5 
 209	2   2   6 
 211	2   1   0 
 209	6  13   9 
 215	2   5   2 
 217	2   5   6 
 219	2   2   6 
 221	2   5   2 
 223	2   6   5 
 225	2   6   5 
 227	2  10   6 
 229	2   5  10 
 231	2   5   6 
 233	2  10   6 
 233	2   8   4 
 235	2   5  10 
 237	2   6   5 
 239	2   6   5 
 241	2   7   6 
 243	2   5   7 
 245	2   5   6 
 247	2   7   6 
 249	2   5   7 
 251	2   6   5 
 253	6  10   8 
 259	2   6   5 
 261	2   9   6 
 263	2   5   9 
 265	2   5   6 
 267	2   9   6 
 269	2   5   9 
 271	6  10   2 
 277	2   6   5 
 279	2   5   4 
 281	2   2   6 
 277	6  14  11 
 283	2  10   2 
 285	2   6  10 
 287	2   6   2 
 289	2  10   2 
 291	2   6  10 
 293	2   2   6 
 295	2   2   1 
 297	2   0   2 
 299	2   0   1 
 301	2   2   1 
 303	2   0   2 
 305	2   1   0 
 295	6  11   9 
 307	2   1   5 
 309	2   4   1 
 311	2   4   5 
 313	2   1   5 
 315	2   4   1 
 317	2   1   0 
 319	2   5   4 
 321	2   5   4 
 323	2   2   1 
 325	2   0   2 
 327	2   0   1 
 329	2   2   1 
 331	2   0   2 
 333	2   2   6 
 335	2  10   2 
 337	2   6  10 
 337	2   1   0 
 339	2   6   2 
 341	2  10   2 
 343	2   6  10 
 343	2   1   0 
 345	2   2   6 
 347	2   2   1 
 349	2   0   2 
 351	2   0   1 
 353	2   2   1 
 355	2   0   2 
 357	2   1   0 
 359	2   1   5 
 361	2   4   1 
 363	2   4   5 
 365	2   1   5 
 367	2   4   1 
 369	2   1   0 
 371	2   5   4 
 347	6  11  10 
 373	6  10   5 
 379	2   2   1 
 379	6  15  10 
 381	2   0   2 
 383	2   0   1 
 385	2   2   1 
 387	2   0   2 
 389	2   1   0 
 391	2   9   1 
 393	2   5   9 
 395	2   1   5 
 397	2   1   9 
 399	2   5   9 
 401	2   1   5 
 403	2   9   1 
 405	2   9   1 
 407	6   6   1 
 413	2  10   9 
 413	2   2   1 
 415	2   6  10 
 417	2   6   9 
 419	2  10   9 
 421	2   6  10 
 423	2   9   6 
 415	6   1   0 
 425	2   4   9 
 427	2   8   4 
 429	2   9   8 
 431	2   9   4 
 433	2   8   4 
 435	2   9   8 
 437	2   4   9 
 425	6   2   1 
 431	2   2   6 
 439	2   4   1 
 441	2   0   4 
 443	2   0   1 
 445	2   4   1 
 447	2   0   4 
 449	2   1   0 
 451	2   1   2 
 453	2   6   1 
 455	2   6   2 
 457	2   1   2 
 459	2   6   1 
 461	2   1   0 
 463	2   4   1 
 465	2   0   4 
 467	2   0   1 
 469	2   4   1 
 471	2   0   4 
 471	2   2   6 
 473	2   2   6 
 473	2   4   9 
 475	2   8   4 
 477	2   9   8 
 477	2   1   0 
 479	2   9   4 
 481	2   8   4 
 483	2   9   8 
 483	2   1   0 
 485	2   4   9 
 487	2   4   1 
 489	2   0   4 
 491	2   0   1 
 493	2   4   1 
 495	2   0   4 
 497	2   1   0 
 499	2   1   2 
 501	2   6   1 
 503	2   6   2 
 505	2   1   2 
 507	2   6   1 
 509	2   2   6 
 511	2   1   0 
 513	2   4   1 
 515	2   0   4 
 517	2   0   1 
 519	2   4   1 
 511	6  15   7 
 521	2   0   4 
 517	2   6   7 
 523	2   4   9 
 525	2   8   4 
 527	6   2   0 
 527	2   9   8 
 533	2   9   4 
 535	2   8   4 
 537	2   9   8 
 533	2   1   2 
 537	2   1   0 
 539	2   4   9 
 541	2   4   1 
 543	2   0   4 
 545	2   0   1 
 547	2   4   1 
 549	2   0   4 
 551	2   1   0 
 535	6   7   3 
 553	2   1   6 
 555	2   3   1 
 557	2   3   6 
 559	2   1   6 
 561	2   3   1 
 563	2   6   3 
 563	2   1   0 
 565	2   4   1 
 567	2   0   4 
 569	2   0   1 
 567	2   6   3 
 571	2   4   1 
 573	2   0   4 
 575	2   4   9 
 577	2   8   4 
 579	2   9   8 
 579	2   1   0 
 581	2   9   4 
 583	2   8   4 
 585	2   1   0 
 585	2   9   8 
 587	2   4   9 
 589	2   4   1 
 591	2   0   4 
 593	6   8   5 
 599	2   0   1 
 601	2   4   1 
 541	6  15  11 
 603	2   0   4 
 589	6  11  10 
 605	2   1   0 
 599	6  10   9 
 605	6   9   8 
 607	2   1   6 
 609	2   3   1 
 611	2   3   6 
 613	2   1   6 
 615	2   3   1 
 617	2   6   3 
 617	2   1   0 
 619	2   4   1 
 621	2   0   4 
 623	2   0   1 
 625	2   4   1 
 627	2   0   4 
 629	6   8   4 
 627	6   3   2 
 635	6   9   8 
 635	2   1   0 
 637	2   0   1 
 605	6  15  11 
 633	6  11   6 
 641	2   5   0 
 643	2   1   5 
 645	6   5   0 
 651	2   1   5 
 653	2   0   5 
 655	2   1   0 
 657	2   5   1 
 659	2   5   1 
 661	2   4   5 
 663	2   1   4 
 665	2   1   5 
 667	2   4   5 
 669	2   1   4 
 671	2   5   1 
 673	2   2   5 
 675	2   1   9 
 677	2   6   2 
 679	6  10   9 
 685	2   5   6 
 687	2   5   2 
 689	6   6   1 
 695	2   1   2 
 689	6  13   9 
 697	2   5   1 
 699	2   2   5 
 701	2   2   6 
 703	2  10   2 
 705	2  10   6 
 707	2   2   6 
 709	2  10   2 
 711	2   2   5 
 713	2   6  10 
 715	2   1   2 
 717	2   5   1 
 719	2   5   2 
 721	2   6  10 
 723	2   1   2 
 725	6   5   1 
 731	2   1   5 
 733	2   2   1 
 735	2   2   6 
 737	2  10   2 
 739	2  10   6 
 741	2   2   6 
 743	2  10   2 
 745	2   6  10 
 735	6   4   0 
 741	6   8   4 
 747	2   9  10 
 749	2   5   9 
 751	2  10   5 
 747	2   2   3 
 753	2  10   9 
 755	2   5   9 
 757	2  10   5 
 759	2   9  10 
 759	6   2   1 
 761	2   9  10 
 763	2   8   9 
 765	2  10   8 
 767	2  10   9 
 769	2   8   9 
 771	2  10   8 
 773	2   9  10 
 775	2   9   6 
 777	2  10   2 
 779	2   5  10 
 781	2   2   5 
 783	2   2  10 
 785	2   5  10 
 787	2   2   5 
 789	2  10   2 
 791	2  10   9 
 793	2   6  10 
 795	2   6   9 
 797	2  10   9 
 799	2   6  10 
 801	2  10   2 
 803	2   5  10 
 805	2   2   5 
 807	2   2  10 
 809	2   9   6 
 811	2   9   6 
 813	2   5  10 
 815	2   2   5 
 817	2  10   2 
 819	2  10   9 
 821	6   5   1 
 819	6   7   3 
 827	2   6  10 
 829	2   6   9 
 831	2  10   9 
 833	2   6  10 
 835	2  10  13 
 837	6  11   9 
 827	6   1   0 
 835	6   2   1 
 843	2   8  10 
 845	2  13   8 
 845	2  11   6 
 847	2  13  10 
 849	2   9   6 
 851	2   8  10 
 853	2  13   8 
 855	2  10  13 
 857	2  10   5 
 859	2   7  10 
 861	2   7   5 
 863	2  10   5 
 865	2   7  10 
 867	2   5   7 
 869	2   5   9 
 871	2   6   5 
 873	2   6   9 
 875	2   5   9 
 877	2   6   5 
 879	2   5   7 
 881	2   9   6 
 883	2  10   5 
 885	2   7  10 
 887	2   7   5 
 889	2   9   6 
 891	2  10   5 
 893	2   7  10 
 895	2  10  13 
 897	2   8  10 
 899	2  13   8 
 901	2  13  10 
 903	2   8  10 
 905	2  13   8 
 907	2   5   7 
 909	2   5   7 
 907	6  14  13 
 913	2  10  14 
 915	2  10   5 
 917	2   7  10 
 919	2   7   5 
 921	2  10   5 
 923	2   7  10 
 925	2   5   7 
 927	2   5   9 
 929	2   6   5 
 931	2   6   9 
 933	2   5   9 
 935	2   6   5 
 937	2   5   7 
 939	2   9   6 
 941	6  14   9 
 941	6   6   2 
 947	2  10   5 
 949	6  14   6 
 955	2   7  10 
 949	6   8   0 
 957	2   7   5 
 959	2  10   5 
 961	2   7  10 
 963	2   5   7 
 965	2  10   9 
 967	2   5   1 
 967	2  14  10 
 969	2   7   6 
 969	2   9  14 
 971	2   9  10 
 973	2  14  10 
 975	2   9  14 
 977	2  10   9 
 979	2  10   7 
 981	2   6  10 
 983	2   6   7 
 985	2  10   7 
 987	2   6  10 
 989	2  10   9 
 991	2  14  10 
 993	2   9  14 
 993	2   7   6 
 995	2   9  10 
 997	2  14  10 
 999	2   7   6 
 999	2   9  14 
1001	2  10   9 
1003	2  10   7 
1005	2   6  10 
1007	2   6   7 
1009	2  10   7 
1011	2   6  10 
1013	2  10   9 
1015	2   8  10 
1017	2   9   8 
1017	2   7   6 
1019	2   2   7 
1019	2   9  10 
1021	2   8  10 
1023	2   9   8 
1023	2  11   6 
1025	2  10   9 
1027	2  10   2 
1029	2   7  10 
1031	2   7   2 
1033	6  11   9 
1039	2  10   2 
1041	2   7  10 
1043	2   2   7 
1045	6  14  11 
1045	2   2   5 
1047	2   1   2 
1049	2   1   5 
1051	2   2   5 
1053	2   1   2 
1053	6  13   8 
1055	2   5   1 
1059	2   5   9 
1061	2   6   5 
1063	2   6   9 
1065	2   5   9 
1067	2   6   5 
1069	2   9   6 
1071	2   9   6 
1073	2   5   1 
1075	2   2   5 
1077	2   1   2 
1079	2   1   5 
1081	2   2   5 
1083	2   1   2 
1085	2   2   7 
1087	2  10   2 
1089	2   7  10 
1089	2   5   1 
1091	2   7   2 
1093	2  10   2 
1095	2   5   1 
1095	2   7  10 
1097	2   2   7 
1097	2  10  14 
1099	2  13  10 
1101	2   2   7 
1101	2  14  13 
1103	2  14  10 
1105	2  13  10 
1107	2  14  13 
1109	2  10  14 
1111	2  10   2 
1113	2   7  10 
1115	2   7   2 
1117	2  10   2 
1119	2   7  10 
1121	2   2   7 
1123	2   2   5 
1125	2   1   2 
1127	2   1   5 
1129	2   2   5 
1131	2   1   2 
1133	2   5   1 
1135	2   5   9 
1137	2   6   5 
1139	2   6   9 
1141	2   5   9 
1143	2   6   5 
1145	2   9   6 
1147	2   5   1 
1149	2   2   5 
1151	2   1   2 
1153	2   1   5 
1155	2   2   5 
1157	2   1   2 
1159	2   2   7 
1161	2  10   2 
1163	2   5   1 
1163	2   7  10 
1165	2   7   2 
1167	2   1   9 
1169	2  10   2 
1171	2   7  10 
1173	2   2   7 
1173	2  10  14 
1175	2   6   2 
1177	2  13  10 
1179	2   5   7 
1179	2  14  13 
1181	2  14  10 
1183	2  13  10 
1185	2  14  13 
1187	2  10  14 
1189	2  10   5 
1191	2   7  10 
1193	2   7   5 
1195	2  10   5 
1197	2   7  10 
1199	2   5   7 
1201	2   5   1 
1203	2   9   5 
1205	2   9   1 
1207	2   5   1 
1209	2   9   5 
1211	2   1   9 
1213	2   1   6 
1215	2   2   1 
1217	2   2   6 
1219	2   1   6 
1221	2   2   1 
1223	2   1   9 
1225	2   6   2 
1227	2   6   2 
1229	2   5   1 
1231	2   9   5 
1233	2   9   1 
1235	2   5   1 
1237	2   9   5 
1239	2   1   9 
1241	2   1   9 
1243	2   5   7 
1245	2  10   5 
1247	2   7  10 
1249	2   7   5 
1251	2  10   5 
1253	2   7  10 
1255	2  10  14 
1257	2  13  10 
1259	2   5   7 
1259	2  14  13 
1261	2  14  10 
1263	2  13  10 
1265	2   5   7 
1265	2  14  13 
1267	2  10  14 
1269	2  10   5 
1271	2   7  10 
1273	2   7   5 
1275	2  10   5 
1277	2   7  10 
1279	2   5   7 
1281	6  14  11 
1281	2   5   1 
1283	2   9   5 
1287	2   9   1 
1289	2   5   1 
1289	6  11   3 
1291	2   9   5 
1295	2   1   9 
1297	6  13   8 
1297	2   1   6 
1299	2   2   1 
1301	2   2   6 
1303	6   8   4 
1303	2   1   6 
1305	2   2   1 
1309	2   1   9 
1311	2   5   1 
1313	2   9   5 
1315	6   4   1 
1321	2   6   2 
1321	2   9   4 
1323	2   5   4 
1323	2   2   3 
1325	2   9   5 
1327	2   5   7 
1329	2  10   5 
1331	2   7  10 
1331	2   1   2 
1333	2   7   5 
1335	2  10   5 
1337	2   7  10 
1339	2   5   7 
1341	2   3   1 
1343	2   7   6 
1343	2   4   9 
1345	6   9   5 
1351	2   9  10 
1345	2   3   2 
1351	2   1   2 
1353	2   3   1 
1355	2   5   4 
1355	2   2   3 
1357	2   2   5 
1359	6   2   0 
1359	6  11   9 
1365	2   4   0 
1367	2   4   5 
1369	2   0   5 
1371	2   4   0 
1365	6   3   2 
1373	2   5   4 
1375	2   5   7 
1377	2   6   5 
1379	2   6   7 
1381	2   5   7 
1383	2   6   5 
1385	2   7   6 
1387	2   7  11 
1389	2  10   7 
1391	2  10  11 
1393	2   7  11 
1395	2  10   7 
1397	2   7   6 
1399	2   5   7 
1401	2   6   5 
1403	2   6   7 
1405	2   5   7 
1407	2   6   5 
1409	2   5   4 
1409	2  11  10 
1411	2  11  10 
1411	2   0   5 
1413	2   7   6 
1415	2   7   6 
1413	2   4   0 
1417	2   4   5 
1419	2   0   5 
1421	2   4   0 
1423	2   0   2 
1425	2   1   0 
1427	2   2   1 
1429	2   2   0 
1431	2   1   0 
1433	6   3   1 
1439	2   5   4 
1439	2   2   3 
1441	2   0   2 
1443	2   5   4 
1445	2   0   5 
1447	2   4   0 
1449	2   4   5 
1451	2   0   5 
1453	2   4   0 
1455	2   5   4 
1443	6   3   2 
1457	2   5   7 
1459	2   6   5 
1461	2   6   7 
1463	2   5   7 
1465	2   6   5 
1467	2   7   6 
1469	2   7  11 
1471	2  10   7 
1473	2  10  11 
1475	2   7  11 
1477	2  10   7 
1479	2   7   6 
1481	2   5   7 
1483	2   6   5 
1485	2   6   7 
1487	2   5   7 
1489	2   6   5 
1491	2  11  10 
1491	2   5   4 
1493	6  11   3 
1493	2   0   5 
1499	2   3  11 
1495	2   4   0 
1501	2   2   3 
1497	2   4   5 
1499	2   0   5 
1501	2   4   0 
1501	6  10   9 
1503	6   7   2 
1509	2   2   6 
1507	6   8   0 
1511	2  11   7 
1513	2  11   3 
1515	2   7   3 
1517	2  11   7 
1513	2   5   4 
1515	2   5   9 
1517	2   1   5 
1519	2   9   1 
1521	2   4   6 
1523	2   3  11 
1523	2   9   5 
1525	2   1   5 
1527	2   9   1 
1529	2   5   9 
1525	6   7   3 
1531	2   5   2 
1533	2   7   5 
1535	2   8   9 
1535	2   2   7 
1537	2   2   5 
1539	2   7   5 
1541	2   2   7 
1543	2   5   2 
1545	2   5   4 
1547	2   6   5 
1549	2   6   4 
1551	2   5   4 
1553	2   6   5 
1555	2   4   6 
1557	2   4   8 
1559	2   9   4 
1561	2   9   8 
1563	2   4   8 
1565	2   9   4 
1567	2   4   6 
1569	2   8   9 
1571	2   5   4 
1573	2   6   5 
1575	2   6   4 
1577	2   5   4 
1579	2   6   5 
1581	2   5   2 
1583	2   4   6 
1585	2   4   6 
1587	2   7   5 
1589	2   8   9 
1589	2   2   7 
1591	2   2   5 
1593	2   7   5 
1595	2   2   7 
1597	2   7  11 
1597	2   5   2 
1599	2   3   7 
1601	2  11   3 
1603	2   5   2 
1603	2  11   7 
1605	2   3   7 
1607	2  11   3 
1609	2   7  11 
1611	2   7   5 
1613	2   2   7 
1615	2   2   5 
1617	2   7   5 
1619	2   2   7 
1621	2   5   2 
1621	6  11  10 
1623	2   5   4 
1627	2   6   5 
1629	2   6   4 
1631	2   5   4 
1633	2   6   5 
1635	2   4   6 
1637	2   4   8 
1639	2   9   4 
1641	2   9   8 
1643	2   4   8 
1645	2   9   4 
1647	2   8   9 
1649	2   4   6 
1651	2   5   4 
1653	2   6   5 
1655	2   6   4 
1657	2   5   4 
1659	2   6   5 
1661	2   9  10 
1663	6   9   1 
1669	2   4   6 
1671	2   9   1 
1673	2  10   9 
1675	2   5   2 
1677	6  10   2 
1683	2   2   1 
1685	2   7   5 
1687	2   9   1 
1689	2  10   7 
1689	6   2   1 
1695	2  10   5 
1697	2   1   9 
1699	2   7   5 
1701	2   2   1 
1701	2  10   7 
1703	2   6   7 
1705	2   2   6 
1707	2   5  10 
1709	2   5   4 
1709	2   7   2 
1711	2   7   6 
1713	2   2   6 
1715	6   9   5 
1715	2   7   2 
1721	6  14  10 
1721	2   2   1 
1723	2   5   2 
1725	2   1   5 
1727	2   1   2 
1729	2   6   7 
1731	2   5   2 
1733	2   6   7 
1735	2   1   5 
1737	6  10   5 
1743	2   2   1 
1745	2   2   6 
1745	6   8   0 
1747	2   7   2 
1749	2   7   6 
1751	6   6   3 
1757	2   2   3 
1757	6  14  10 
1759	2   7   2 
1761	2   2   1 
1763	2   5   2 
1765	2   1   5 
1765	2   3   7 
1767	2   1   2 
1769	2   5   2 
1771	2   1   5 
1771	2   3   7 
1771	6  13   8 
1773	2   2   1 
1775	2   2   3 
1777	2   7   2 
1779	6   6   4 
1777	6  15  13 
1785	2   7   3 
1787	2   2   3 
1789	2   7   2 
1791	2   2   1 
1793	2   5   2 
1795	2   1   5 
1797	2   1   2 
1799	2   5   2 
1801	2   3   7 
1803	2   3   7 
1801	2   1   5 
1805	2   2   1 
1807	2   2   3 
1809	2   0   1 
1811	2   7   2 
1813	2   7   3 
1811	2   4   0 
1815	2   2   3 
1813	6   5   0 
1819	6  11   9 
1825	2   7   2 
1827	2   1   4 
1827	2   3   7 
1829	2  10   7 
1831	2   3   2 
1833	2   1   5 
1835	2   4   5 
1831	2  15  10 
1833	2   7  15 
1837	2   1   4 
1835	2   7  10 
1837	2  15  10 
1839	2   5   1 
1839	2   7  15 
1841	6  11   6 
1847	2  10   7 
1849	2   7  10 
1851	2   5   7 
1853	2  10   5 
1855	2  10   7 
1857	2   5   7 
1859	2  10   5 
1861	2   7  10 
1863	2   7   6 
1865	2  11   7 
1867	2  11   6 
1869	2   7   6 
1871	2  11   7 
1873	2   6  11 
1875	2   6   3 
1877	2   2   6 
1879	2   2   3 
1881	2   6   3 
1883	2   2   6 
1885	2   6  11 
1887	2   7   6 
1889	2  11   7 
1891	2  11   6 
1893	2   7   6 
1895	2  11   7 
1897	2   6  11 
1899	2   7  10 
1901	2   6  11 
1903	2   5   7 
1905	2  10   5 
1905	2   3   2 
1907	2  10   7 
1909	2   5   7 
1911	2   3   2 
1911	2  10   5 
1913	2   5   1 
1913	2   7  10 
1915	2   7  10 
1915	2   4   5 
1917	2   1   4 
1919	2   1   5 
1921	2   4   5 
1923	2   1   4 
1925	2   5   1 
1927	2   5   7 
1929	2  10   5 
1931	2  10   7 
1933	2   5   7 
1935	2  10   5 
1937	2   7  10 
1939	2   7   6 
1941	2  11   7 
1943	2  11   6 
1945	2   7   6 
1947	2  11   7 
1949	2   6  11 
1951	2   6   3 
1953	2   2   6 
1955	2   2   3 
1957	2   6   3 
1959	2   2   6 
1961	2   6  11 
1963	2   7   6 
1965	2  11   7 
1967	2  11   6 
1969	2   7   6 
1971	2  11   7 
1973	2   6  11 
1975	2   7  10 
1977	2   5   7 
1979	2  10   5 
1981	2  10   7 
1983	2   5   7 
1985	2   3   2 
1985	2  10   5 
1987	2   6   1 
1989	2   7  10 
1991	2   4   6 
1993	2   1   4 
1993	2  11   3 
1995	2   1   6 
1997	2   4   6 
1999	2   1   4 
1999	2  10   7 
2001	2   6   1 
2003	2   6  11 
2005	2   3   6 
2007	2   3  11 
2009	2   6  11 
2011	2   3   6 
2013	2  11   3 
2015	2   5   2 
2015	2  11  10 
2017	2   7  11 
2019	2   7  10 
2021	2  11  10 
2023	2   7  11 
2025	2  10   7 
2027	2  10   5 
2029	2   2  10 
2031	2   2   5 
2033	2  10   5 
2035	2   2  10 
2037	2  10   7 
2039	2  11  10 
2039	2   5   2 
2041	2   7  11 
2043	2   7  10 
2045	2  11  10 
2047	2   7  11 
2045	2   5   2 
2049	2  10   7 
2051	2  10   7 
2053	2  11   3 
2055	2   6  11 
2057	2   3   6 
2059	2   3  11 
2061	2   6  11 
2063	2   3   6 
2065	2   6   1 
2067	2   4   6 
2069	2  11   3 
2069	2   1   4 
2071	2   1   6 
2073	2   4   6 
2075	2   1   4 
2075	2  11   3 
2077	2   6   1 
2079	2   6  11 
2081	2   3   6 
2083	2   3  11 
2085	2   6  11 
2087	2   3   6 
2089	6   4   1 
2089	2  11   3 
2091	2  11  10 
2093	2   7  11 
2095	2   7  10 
2097	2  11  10 
2099	2   7  11 
2101	2  10   7 
2103	2  10   5 
2105	2   2  10 
2107	2   2   5 
2109	2  10   5 
2111	2   2  10 
2113	2  10   7 
2115	2   5   2 
2115	2  11  10 
2117	2   7  11 
2119	2   7  10 
2121	2  11  10 
2123	2   7  11 
2125	2  10   7 
2127	6  10   5 
2133	2   2   5 
2135	6  14   9 
2135	2   1   2 
2141	2   5   1 
2141	2  11   3 
2143	2   5   2 
2145	2   1   2 
2145	2   7  10 
2147	2   6  11 
2149	2   3   6 
2151	2   5   1 
2151	2   3  11 
2153	2   6  11 
2155	2   3   6 
2157	2   2   5 
2159	2  11   3 
2161	2   2   7 
2163	2  10   2 
2165	2  10   7 
2167	2   2   7 
2169	2   3   6 
2171	6   9   6 
2177	2  10   2 
2179	2   2   5 
2181	2   7  10 
2183	2   7  10 
2181	2   1   2 
2183	2   5   1 
2185	2   5   2 
2187	2   1   2 
2189	2   5   1 
2191	2   2   5 
2193	2   2   7 
2195	2  10   2 
2197	2  10   7 
2199	2   2   7 
2201	2  10   2 
2203	2   7  10 
2205	2   7  10 
2207	2   2   5 
2209	2   6   2 
2211	2   5   6 
2213	2   5   2 
2215	2   6   2 
2217	2   5   6 
2219	2   2   5 
2221	2   2   7 
2223	2  10   2 
2225	2  10   7 
2227	2   2   7 
2229	2  10   2 
2231	2   7  10 
2233	2   7  10 
2235	2   2   5 
2237	2   6   2 
2239	2   5   6 
2241	2   5   2 
2243	2   6   2 
2245	2   5   6 
2247	2   2   5 
2249	6   9   6 
2255	6   6   3 
2261	2   2   7 
2263	2  10   2 
2265	2  10   7 
2267	2   2   7 
2269	2  10   2 
2249	6   4   0 
2271	2   2   5 
2273	2   7  10 
2275	2   7  10 
2273	2   1   2 
2275	2   5   1 
2277	2   5   2 
2279	2   1   2 
2281	2   5   1 
2283	2   2   5 
2285	2   2   6 
2287	2   3   2 
2289	2   3   6 
2291	2   2   6 
2293	2   3   2 
2295	2   6   3 
2297	2   6   7 
2299	2  10   6 
2301	2  10   7 
2303	2   6   7 
2305	2  10   6 
2307	2   6   3 
2309	2   2   6 
2311	2   3   2 
2313	2   3   6 
2315	2   2   6 
2317	2   3   2 
2319	2   6   3 
2321	2   6   3 
2323	2   2   5 
2325	2   7  10 
2327	2   7  10 
2325	2   1   2 
2327	2   5   1 
2329	2   5   2 
2331	2   1   2 
2333	2   5   1 
2335	2   2   5 
2337	2   2   6 
2339	2   3   2 
2341	2   3   6 
2343	2   2   6 
2345	2   3   2 
2347	6   9   1 
2353	2   6   3 
2355	2   6   7 
2357	2  10   6 
2359	2  10   7 
2361	2   6   7 
2363	2  10   6 
2365	2   6   3 
2367	2   2   6 
2369	2   3   2 
2371	2   3   6 
2373	2   7  10 
2375	2   2   6 
2377	6  11  10 
2377	2   3   2 
2379	2   2   0 
2381	2   1   2 
2383	2   0   1 
2383	2   6   3 
2385	2   0   2 
2387	2   7  11 
2387	2   1   2 
2389	2   3   6 
2389	2   0   1 
2391	2   2   0 
2393	2   2   3 
2395	2   6   2 
2397	2   6   3 
2399	2   2   3 
2401	2   6   2 
2403	2   3   6 
2405	2   3   7 
2407	2  11   3 
2409	2  11   7 
2411	2   3   7 
2413	2  11   3 
2415	2   3   6 
2417	2   2   3 
2419	2   6   2 
2421	2   6   3 
2423	2   2   3 
2425	2   6   2 
2427	2   2   0 
2429	2   1   2 
2431	2   0   1 
2431	2   3   6 
2433	2   0   2 
2435	2   1   2 
2435	2   7  11 
2437	2   3   6 
2437	2   0   1 
2439	2   2   0 
2441	2   2   3 
2443	2   6   2 
2445	2   6   3 
2447	2   2   3 
2449	2   7  11 
2451	2   6   2 
2453	2   3   6 
2455	6   9   1 
2455	2   3   7 
2461	2  11   3 
2463	2  11   7 
2465	2   3   7 
2467	2  11   3 
2469	6  10   7 
2475	2   3   6 
2477	2  10  11 
2477	2   2   3 
2479	2   6   2 
2481	2   6   3 
2483	2  10  11 
2483	2   2   3 
2485	2   6   2 
2487	6  11   9 
2487	2   2   0 
2489	2   1   2 
2493	2   3   6 
2495	2   5   6 
2497	2   0   1 
2499	2   0   2 
2501	2   1   2 
2503	2   7   3 
2503	2   0   1 
2505	2   2   0 
2507	2   2   7 
2509	2   3   2 
2511	2   3   7 
2513	2   2   7 
2515	2   3   2 
2517	2   7   3 
2519	2   7   5 
2521	2   6   7 
2523	2   6   5 
2525	2   7   5 
2527	2   6   7 
2529	2   5   6 
2531	2   5  10 
2533	2   9   5 
2535	2   9  10 
2537	2   5  10 
2539	2   9   5 
2541	2   5   6 
2543	2   7   5 
2545	2   6   7 
2547	2   6   5 
2549	2   7   5 
2551	2   6   7 
2553	2   7   3 
2555	2   5   6 
2557	2  10   9 
2559	2  10   9 
2557	2   2   7 
2559	2   3   2 
2561	2   5   6 
2563	2   3   7 
2565	2   2   7 
2567	2   3   2 
2569	2   2   0 
2571	2   1   2 
2573	2   7   3 
2573	2   0   1 
2575	2   0   2 
2577	2   1   2 
2579	2   7   3 
2579	2   0   1 
2581	2   2   0 
2583	2   2   7 
2585	2   3   2 
2587	2   3   7 
2589	2   2   7 
2591	2   3   2 
2593	2   7   3 
2595	2   7   5 
2597	2   6   7 
2599	2   6   5 
2601	2   7   5 
2603	2   6   7 
2605	2   5   6 
2607	2   5  10 
2609	2   9   5 
2611	2   9  10 
2613	2   5  10 
2615	2   9   5 
2617	2   5   6 
2619	2   7   5 
2621	2   6   7 
2623	2   6   5 
2625	2   7   5 
2627	2   6   7 
2629	2  10   9 
2629	2   7   3 
2631	2   5   6 
2633	6  11   9 
2639	6  10   6 
2645	6   9   4 
2645	2   2   7 
2647	2   3   2 
2649	2   3   7 
2651	2   2   7 
2653	2   3   2 
2655	2   7   3 
2657	2   3   6 
2659	2   2   5 
2659	2   7  11 
2661	6  10   7 
2667	2   9  10 
2669	2  11   9 
2671	2  11  10 
2673	2   9  10 
2661	2   1   2 
2675	2  11   9 
2677	2  10  11 
2677	2   5   1 
2679	2  11  10 
2679	2   5   2 
2681	6  11   7 
2681	2   1   2 
2683	2   5   1 
2685	2   2   5 
2687	2   2   7 
2689	2  10   2 
2691	2  10   7 
2693	6  11   3 
2699	2   2   7 
2701	2  10   2 
2703	2   7  10 
2705	2   7  11 
2707	2   6   7 
2709	2   6  11 
2711	2   7  11 
2713	2   6   7 
2715	2  11   6 
2717	2  11   6 
2719	2   7  10 
2721	2   2   7 
2723	2  10   2 
2725	2  10   7 
2727	2   2   7 
2729	2  10   2 
2731	2   2   5 
2733	2   7  10 
2735	2   7  10 
2733	2   1   2 
2735	2   5   1 
2737	2   5   2 
2739	2   1   2 
2741	2   5   1 
2743	2   2   5 
2745	2   2   7 
2747	2  10   2 
2749	2  10   7 
2751	2   2   7 
2753	2  10   2 
2755	2   7  10 
2757	2   7  11 
2759	2   6   7 
2761	2   6  11 
2763	2   7  11 
2765	2   6   7 
2767	2  11   6 
2769	2   7  10 
2771	2   3   6 
2773	2   2   7 
2775	2  10   2 
2777	2  10   7 
2779	2   2   7 
2781	2  10   2 
2783	2   2   5 
2785	2   1   2 
2787	2   5   1 
2785	2   7  10 
2789	2   5   2 
2787	2  10  11 
2791	2   1   2 
2789	6  11   7 
2793	2   5   1 
2795	2   2   5 
2797	2   2  10 
2799	2   7   2 
2801	2   7  10 
2803	2   2  10 
2805	2   7   2 
2807	2  10   7 
2809	2   2   5 
2811	2   1   2 
2813	2   5   1 
2815	2   5   2 
2817	2   1   2 
2819	2   5   1 
2817	2  10   7 
2821	6  11   6 
2827	2   2   5 
2829	2   2  10 
2831	2   7   2 
2833	2   7  10 
2835	2   2  10 
2837	2   7   2 
2839	6   5   2 
2845	2  10   7 
2847	2   6  10 
2849	2   5   0 
2851	2   1   5 
2853	6   7   2 
2859	2   0   1 
2861	2   0   5 
2863	2   7   2 
2865	2   1   5 
2867	2   0   1 
2869	2   5   0 
2871	2   5   6 
2873	2  10   5 
2875	2  10   6 
2877	2   5   6 
2879	2  10   5 
2881	2   6  10 
2883	2   6   7 
2885	2   2   6 
2887	2   2   7 
2889	2   6   7 
2891	2   2   6 
2893	2   7   2 
2895	2   7   3 
2897	2  11   7 
2899	2  11   3 
2901	2   7   3 
2903	2  11   7 
2905	2   7   2 
2907	2   6   7 
2909	2   2   6 
2911	2   2   7 
2913	2   6   7 
2915	2   2   6 
2917	2   7   2 
2919	2   7   2 
2921	2   6  10 
2923	2   5   6 
2925	2  10   5 
2927	2  10   6 
2929	2   5   6 
2931	2  10   5 
2933	2   5   0 
2933	2   3  11 
2935	2   3  11 
2935	2   1   5 
2937	2   6  10 
2939	2   6  10 
2937	2   0   1 
2941	2   0   5 
2943	2   1   5 
2945	2   0   1 
2947	2   5   0 
2949	2   5   6 
2951	2  10   5 
2953	2  10   6 
2955	2   5   6 
2957	2  10   5 
2959	2   6  10 
2959	6   1   0 
2961	2   6   7 
2959	6  13   8 
2965	2   2   6 
2967	2   2   7 
2965	6   8   4 
2969	2   6   7 
2971	6   4   0 
2971	2   2   6 
2973	2   7   2 
2975	2   7   3 
2977	2  11   7 
2979	2  11   3 
2981	2   7   3 
2983	2  11   7 
2985	2   3  11 
2987	2   7   2 
2989	2   6   7 
2991	2   2   6 
2993	2   2   7 
2995	2   1   3 
2997	2   6   7 
2999	2   2   6 
3001	2   0   1 
3001	2   6  10 
3003	2   7   2 
3005	6   2   0 
3011	2   5   6 
3013	2   3   2 
3013	2  10   5 
3015	2   3   1 
3017	2  10   6 
3019	2   5   6 
3021	2   2   1 
3023	2   3   2 
3023	2  10   5 
3025	2   6  10 
3027	2   1   3 
