   1	2   4   8 
   1	2   6   1 
   3	2   6   4 
   5	2   9  12 
   7	2   9   1 
   9	2   2   3 
   9	2  14  13 
   9	2   5   0 
  11	2   5  13 
  13	2   5   9 
  15	2   9   8 
  17	2   8   5 
  19	2   9   5 
  21	2   9   8 
  23	2   8   5 
  25	2   5   9 
  27	2   4   5 
  27	2   7  10 
  29	2   5   6 
  31	2   4   6 
  33	2   4   5 
  33	2   7   3 
  35	2   5   6 
  37	2   6   4 
  39	2   7   2 
  39	2   5   9 
  41	2   6   4 
  43	2   9   8 
  45	2   8   5 
  47	2   9   5 
  49	2   9   8 
  51	2   8   5 
  53	2   5   9 
  55	2   9   8 
  57	2   4   5 
  59	2   5   6 
  61	2   4   6 
  63	2   4   5 
  65	2   5   6 
  67	2   6   4 
  69	2   6  14 
  71	2   8   5 
  73	2   5   9 
  75	2   8   9 
  77	2   8   5 
  79	2   5   9 
  81	2   9   8 
  83	2  14   9 
  85	2   9   6 
  87	2  14   6 
  89	2  14   9 
  91	2   9   6 
  93	2   6  14 
  95	2   2   6 
  97	2   6   7 
  99	2   2   7 
 101	2   2   6 
 103	2   6   7 
 105	2   6  14 
 107	2   7   2 
 107	2  14   9 
 109	2   9   6 
 111	2  14   6 
 113	2   7   2 
 113	2  14   9 
 115	2   9   6 
 117	2   6  14 
 119	2   6  14 
 121	2   9   8 
 123	2   8   5 
 125	2   5   9 
 127	2   8   9 
 129	2   8   5 
 131	2   5   9 
 133	2   9   8 
 135	2  14   9 
 137	2   9   6 
 139	2  14   6 
 141	2  14   9 
 143	2   9   6 
 145	2   6  14 
 147	2   2   6 
 149	2   6   7 
 151	2   2   7 
 153	2   2   6 
 155	2   6   7 
 157	2   6  14 
 159	2   7   2 
 159	2  14   9 
 161	2   9   6 
 163	2  14   6 
 165	2   7   2 
 165	2  14   9 
 167	2   9   6 
 169	2   6  14 
 171	2   6   4 
 173	2   5   9 
 175	2   9   8 
 177	2   8   5 
 179	2   9   5 
 181	2   9   8 
 183	2   8   5 
 185	2   5   9 
 187	2   4   5 
 189	2   5   6 
 191	2   4   6 
 193	2   4   5 
 195	2   5   6 
 197	2   6   4 
 199	2   6   4 
 201	2   5   9 
 203	2   9   8 
 205	2   8   5 
 207	2   9   5 
 209	2   9   8 
 211	2   8   5 
 213	2   5   9 
 215	2   9   8 
 217	2   4   5 
 219	2   5   6 
 221	2   4   6 
 223	2   4   5 
 225	2   5   6 
 227	2   6   4 
 229	2   6  14 
 231	2   8   5 
 233	2   5   9 
 235	2   8   9 
 237	2   8   5 
 239	2   5   9 
 241	2   9   8 
 243	2  14   9 
 245	2   9   6 
 247	2  14   6 
 249	2  14   9 
 251	2   9   6 
 253	2   6  14 
 255	2   2   6 
 257	2   6   7 
 259	2   2   7 
 261	2   2   6 
 263	2   6   7 
 265	2   6  14 
 267	2   7   2 
 267	2  14   9 
 269	2   9   6 
 271	2  14   6 
 273	2   7   2 
 273	2  14   9 
 275	2   9   6 
 277	2   6  14 
 279	2   6  14 
 281	2   9   8 
 283	2   8   5 
 285	2   5   9 
 287	2   8   9 
 289	2   8   5 
 291	2   5   9 
 293	2   9   8 
 295	2  14   9 
 297	2   9   6 
 299	2   4   8 
 299	2  14   6 
 301	2  14   9 
 303	2   9   6 
 305	2   6  14 
 307	2   2   6 
 309	2   6   7 
 311	2   5   0 
 313	2   2   7 
 315	2   2   6 
 317	2   6   7 
 319	2   6  14 
 321	2   7   2 
 321	2  14   9 
 323	2   9   6 
 325	2   7  10 
 327	2  14   6 
 329	2   2   3 
 329	2  14   9 
 331	2   9   6 
 333	2   6  14 
 335	2   6   1 
 337	2   7   3 
 335	2  14  13 
 337	2   5  13 
 339	2   9  12 
 341	2  12   8 
 343	2  13  10 
 345	2  10  15 
 347	2  15  13 
 349	2  10  13 
 339	6   3   2 
 345	6   2   0 
 351	2   9   1 
 353	6   4   0 
 353	2  10  15 
 359	2   1   2 
 355	2  15  13 
 357	2  13  10 
 359	2   8  13 
 361	2  13  12 
 363	2   8  12 
 365	2   8  13 
 367	2  13  12 
 369	2  13  10 
 371	2  12   8 
 371	2  10  15 
 373	2  15  13 
 375	2  10  13 
 377	2  12   8 
 377	2  10  15 
 379	2  15  13 
 381	2  13  10 
 383	6   9   4 
 389	2   8  13 
 391	2  10  15 
 391	2  13  12 
 393	2   8  12 
 395	2   8  13 
 397	2  13  12 
 399	2  15  13 
 401	2  13  10 
 403	2  15  10 
 405	2  15  13 
 407	2  13  10 
 409	6  12   8 
 415	2   8  12 
 409	2  10  15 
 389	6   2   0 
 395	6   5   1 
 417	2   8   9 
 419	2   9  10 
 421	2  10   8 
 423	2   9   8 
 425	2   9  10 
 427	2  10   8 
 429	2   8   9 
 431	2   0   8 
 433	2   8   5 
 435	2   0   5 
 437	2   0   8 
 439	2   8   5 
 441	2   8   9 
 429	6  11   3 
 443	2   9  10 
 445	2  10   8 
 447	2   9   8 
 449	2   9  10 
 451	2  10   8 
 453	2   8   9 
 455	2   8   9 
 457	2  10  15 
 459	2   5   0 
 459	2  15  13 
 461	2  13  10 
 463	2  15  10 
 465	2   5   0 
 465	2  15  13 
 467	2  13  10 
 469	2  10  15 
 471	2   9  10 
 473	2  10   8 
 475	2   9   8 
 477	2   9  10 
 479	2  10   8 
 481	2   8   9 
 483	2   0   8 
 485	2   8   5 
 487	2   0   5 
 489	2   0   8 
 491	2   8   5 
 493	2   8   9 
 495	2   9  10 
 497	2  10   8 
 499	2   9   8 
 501	2   9  10 
 503	2  10   8 
 505	2   8   9 
 507	2  13  10 
 509	2   8  12 
 509	2  10  15 
 511	2   5   0 
 511	2  15  13 
 513	2  10  13 
 515	2  10  15 
 517	2   5   0 
 517	2  15  13 
 519	2  13  10 
 521	2  12  13 
 523	2  13   8 
 525	2  12   8 
 527	2  12  13 
 529	2  13   8 
 531	2  13  10 
 533	2   8  12 
 533	2  10  15 
 535	2  15  13 
 537	2  10  13 
 539	2   8  12 
 539	2  10  15 
 541	2  15  13 
 543	2  13  10 
 545	2  10  15 
 545	2  12  13 
 547	2  13   8 
 549	2  12   8 
 551	2  12  13 
 553	2  13   8 
 555	2  15  13 
 557	2  13  10 
 559	2  15  10 
 561	2  15  13 
 563	2  13  10 
 565	2  10  15 
 565	2   8  12 
 567	2   8   9 
 569	2   9  10 
 571	2  10   8 
 573	2   9   8 
 575	2   9  10 
 577	2  10   8 
 579	2   8   9 
 581	2   0   8 
 583	2   8   5 
 585	2   0   5 
 587	2   0   8 
 589	2   8   5 
 591	2   8   9 
 593	2   9  10 
 595	2  10   8 
 597	2   5   0 
 599	2   5   0 
 597	6  14  12 
 603	2   9   8 
 605	2   9  10 
 607	2  10   8 
 609	6  14  11 
 609	2   8   9 
 611	2   8   9 
 435	6   3   2 
 615	2  10  15 
 617	2  15  13 
 619	2  13  10 
 621	2  15  10 
 623	2  15  13 
 625	2  13  10 
 627	2  12  13 
 627	2  10  15 
 629	2   9  10 
 631	2  10   8 
 633	2   9   8 
 633	2   3  11 
 635	2   9  10 
 637	2  10   8 
 639	2   8   9 
 639	6  11   7 
 641	2   0   8 
 643	2   8   5 
 645	2   0   5 
 647	2   0   8 
 649	2   8   5 
 651	2   8   9 
 653	2   5   0 
 655	2   6   5 
 657	2   6   3 
 659	2   9  10 
 657	2   1   0 
 661	2  10   8 
 663	2   9   8 
 663	6   6   1 
 669	2   9  10 
 671	2  10   8 
 673	2   8   9 
 675	2   4   8 
 677	2   4   5 
 675	2  11  10 
 677	6  13  10 
 679	6   4   1 
 685	2  14   9 
 687	2   6  10 
 689	6   3   1 
 687	6  12   8 
 695	2  11   9 
 697	2   6   3 
 699	2   3   7 
 701	2   7   6 
 703	2   3   6 
 697	6   8   0 
 705	2   3   7 
 707	2  11  14 
 705	6   5   0 
 711	2   7   6 
 713	2   6   3 
 715	2   1   6 
 717	2   6   4 
 719	2   1   4 
 721	2   1   6 
 723	2   6   4 
 725	2   6   3 
 727	2   4   1 
 729	2   4   1 
 727	2   3   7 
 729	2   7   6 
 731	2   3   6 
 733	2   3   7 
 735	2   7   6 
 737	2   6   3 
 739	2   1   6 
 741	2   6   4 
 743	2   1   4 
 745	2   1   6 
 747	2   6   4 
 749	2   4   1 
 749	2   3   7 
 751	6   6   3 
 749	6  14  12 
 757	2   7   3 
 757	2   4   5 
 759	2   3   6 
 761	2   7   6 
 763	2   7   3 
 761	6   9   4 
 767	6  14  12 
 767	2   3   6 
 769	2   6   7 
 771	2   5   6 
 773	2   6   9 
 775	2   5   9 
 777	2   5   6 
 779	2   6   9 
 781	2   9   5 
 783	2  14   9 
 785	2   9  11 
 787	2  14  11 
 789	2  14   9 
 791	2   9  11 
 793	2   9   5 
 795	2   5   6 
 797	2   6   9 
 799	2  11  14 
 801	2  11  14 
 799	2   5   9 
 801	2   5   6 
 803	2   6   9 
 805	2   6   7 
 807	2   9   5 
 807	2   7   3 
 809	2   3   6 
 811	2   7   6 
 813	2   9   5 
 813	2   7   3 
 815	2   3   6 
 817	2   6   7 
 819	2   5   6 
 821	2   6   9 
 823	2   5   9 
 825	2   5   6 
 827	2   6   9 
 829	2   9   5 
 831	2  14   9 
 833	2   9  11 
 835	2  14  11 
 837	2  14   9 
 839	2   9  11 
 841	2  11  14 
 843	2  11  14 
 841	2   9   5 
 843	2   5   6 
 845	2   6   9 
 847	2   5   9 
 849	2   5   6 
 851	2   6   9 
 853	2   3   6 
 855	2   6   7 
 857	2   7   3 
 857	2   9   5 
 859	2   6   3 
 861	2   6   7 
 863	2   9   1 
 863	2   7   3 
 865	2   3   6 
 867	6   6   3 
 873	2   1   6 
 875	2   6   9 
 877	2   1   9 
 879	2   1   6 
 881	2   6   9 
 883	2   6   3 
 885	2   9   1 
 885	2   3   7 
 887	2   7   6 
 889	2   3   6 
 891	2   9   1 
 891	2   3   7 
 893	2   7   6 
 895	2   6   3 
 897	2   1   6 
 899	2   6   9 
 901	2   1   9 
 901	2   3   7 
 903	2   1   6 
 905	2   6   9 
 907	2   7   6 
 909	2   6   3 
 911	6   6   3 
 907	6  12   4 
 913	6   8   0 
 917	2   7   6 
 919	2   9   1 
 919	2   7   3 
 921	6  15  13 
 921	2   3   6 
 923	2   6   7 
 921	6   1   0 
 927	6   7   2 
 927	2   9   5 
 933	2   5   6 
 929	6  13  12 
 935	2   6   9 
 937	2   5   9 
 939	2   5   6 
 941	2   6   9 
 943	2   9   5 
 945	2  14   9 
 947	2   9  11 
 949	2  14  11 
 951	2  14   9 
 953	2   9  11 
 955	2   9   5 
 955	2  11  14 
 957	2  11  14 
 957	2   5   6 
 959	2   6   9 
 961	2   5   9 
 963	2   5   6 
 965	2   6   9 
 967	2   6   2 
 969	2   2   3 
 969	2   9   5 
 971	2   3   6 
 973	2   2   6 
 975	2   9   5 
 975	2   2   3 
 977	2   3   6 
 979	2   6   2 
 981	6   6   4 
 987	2   5   4 
 989	2   4   9 
 991	2   5   9 
 993	2   5   4 
 995	2   4   9 
 997	2   9   5 
 999	2  14   9 
 999	2   3   1 
1001	6   1   0 
1007	2   1   2 
1001	2   9  11 
1003	2  14  11 
1005	2  14   9 
1007	2   9  11 
1009	2   9   5 
1009	2  11  14 
1011	2  14  13 
1013	2  11  15 
1011	2   5   4 
1013	2   4   9 
1015	6   7   3 
1015	2   5   9 
1017	2   5   4 
1019	2   4   9 
1021	2   9   5 
1023	6  14  13 
1023	2   4   6 
1025	2   6   2 
1029	2   5  10 
1031	2   7  10 
1029	6  13  12 
1033	2  10  15 
1035	2  15  13 
1037	2  13  10 
1039	2  15  10 
1041	2  15  13 
1043	2  13  10 
1045	2  10  15 
1047	2   2  10 
1049	2  10   6 
1051	2   2   6 
1051	2   9   8 
1053	2   4   8 
1051	2  11  14 
1053	2   2  10 
1055	2   8   0 
1055	2  10   6 
1057	2   6   2 
1059	2   6   2 
1061	2  10  15 
1063	2  15  13 
1065	2  13  10 
1067	2  15  10 
1069	2  15  13 
1071	2  13  10 
1073	2  10  15 
1075	2   2  10 
1077	2  10   6 
1079	2   2   6 
1079	2  15  13 
1081	2   2  10 
1083	2  10   6 
1085	2   6   2 
1087	6  11   6 
1093	2  13  10 
1095	2  10  15 
1057	6   4   0 
1093	6   5   4 
1097	2  13  15 
1099	2  13  10 
1101	2  10  15 
1103	2  11  14 
1105	2  15  13 
1103	6   6   5 
1107	2  14  15 
1109	2  15  11 
1111	2  14  11 
1113	2  14  15 
1115	2  15  11 
1117	2  11  14 
1109	6   9   8 
1119	2   6  11 
1121	2  11   9 
1123	2   6   9 
1125	2   6  11 
1127	2  11   9 
1127	6   3   2 
1129	2  11  14 
1133	2   9   6 
1131	2  14  15 
1133	2  15  11 
1135	2  14  11 
1137	2   9   6 
1137	2  14  15 
1139	2  15  11 
1141	2  11  14 
1143	6   7   3 
1143	2  15  13 
1145	2  13  10 
1147	2  10  15 
1149	2  13  15 
1139	6   5   4 
1149	6   2   0 
1151	2  13  10 
1153	2  11  14 
1155	6   3   1 
1155	2  10  15 
1157	2  15  13 
1159	2  14  15 
1161	2  15  11 
1163	2  14  11 
1165	2  14  15 
1167	2  15  11 
1169	2  11  14 
1171	2   6  11 
1173	2  11   9 
1175	2   6   9 
1177	2   6  11 
1179	2  11   9 
1181	2  11  14 
1183	2   9   6 
1185	2   9   6 
1183	2  14  15 
1185	2  15  11 
1187	2  14  11 
1189	2  14  15 
1191	2  15  11 
1193	2  11  14 
1195	2  11   7 
1197	2  10  15 
1199	2  15  13 
1201	2  13  10 
1203	2  15  10 
1205	2  15  13 
1207	2  13  10 
1209	2  10  15 
1211	2   7  10 
1213	2  10  11 
1215	2   7  11 
1217	2   7  10 
1219	2  10  11 
1221	2  11   7 
1223	2  10  15 
1225	2  11   7 
1227	2  15  13 
1229	2  13  10 
1231	2  15  10 
1233	2  15  13 
1235	2  13  10 
1237	2  10  15 
1239	2   7  10 
1241	2  15  13 
1243	2  10  11 
1245	2   7  11 
1247	2   7  10 
1249	2  10  11 
1251	2  11   7 
1253	2  11  14 
1255	2   3   7 
1255	2  13  10 
1257	6   3   1 
1257	2  10  15 
1259	2  13  15 
1261	2  13  10 
1263	6   4   1 
1263	2  10  15 
1265	2  15  13 
1267	2  14  15 
1263	6   7   3 
1269	2  15  11 
1269	6   3   1 
1271	2  14  11 
1273	2  14  15 
1275	2  15  11 
1277	2  11  14 
1279	2   6  11 
1281	2  11   9 
1283	2   6   9 
1285	2   6  11 
1287	6   3   2 
1287	2  11   9 
1289	2  11  14 
1293	2   9   6 
1291	2  14  15 
1293	2  15  11 
1295	2  14  11 
1297	2   9   6 
1297	2  14  15 
1299	2  15  11 
1301	2  11  14 
1303	2  11  14 
1305	2  15  13 
1307	2  13  10 
1309	2  10  15 
1311	2  13  15 
1313	2  13  10 
1315	2  10  15 
1317	2  15  13 
1319	2  14  15 
1321	2  15  11 
1323	2  14  11 
1325	2   5  10 
1327	2  14  15 
1327	6   5   2 
1329	2  15  11 
1331	2  11  14 
1333	6   7   5 
1339	2   6  11 
1341	2  11   9 
1343	2   6   9 
1345	2   6  11 
1347	2  11   9 
1349	2   9   6 
1351	2  11  14 
1351	2   5   6 
1353	2   5  10 
1355	2   8   9 
1355	2  14  15 
1357	2  15  11 
1357	2   8   4 
1355	6   6   3 
1361	6   2   0 
1361	2  14  11 
1363	2  14  15 
1365	2  15  11 
1367	2  11  14 
1369	2   6  11 
1371	2   6   9 
1373	2  12  14 
1373	2   5   6 
1375	2   6   1 
1377	6  14  11 
1377	2   1   5 
1379	2   6   5 
1383	6  13  12 
1383	2   6   1 
1385	2   1   5 
1387	2   5   6 
1389	6  15   7 
1395	2  15   7 
1389	2   4   5 
1397	2  15  11 
1391	2   5   8 
1393	2   4   8 
1399	2  15  13 
1395	2   4   5 
1397	6   6   1 
1403	2   5   8 
1405	2   5   1 
1407	2   8   4 
1409	2   8   4 
1407	2   1   6 
1411	2   6   5 
1413	2   1   5 
1415	2   1   6 
1417	2   6   5 
1419	2   5   1 
1421	2   1   6 
1423	2   4   5 
1425	2   5   8 
1427	2   4   8 
1429	2   4   5 
1431	6   8   4 
1437	2   5   4 
1439	2   4   8 
1441	2   4   0 
1443	2   6   5 
1445	2   5   1 
1441	6  13  12 
1447	6  15  13 
1447	2   6   1 
1449	2   6   5 
1451	2   5   1 
1453	6  13   9 
1453	2   1   6 
1455	2   0   1 
1457	2   1   4 
1459	6  10   7 
1459	2   0   4 
1461	2   0   1 
1463	2   1   4 
1465	6   7   3 
1465	2   4   0 
1467	2  12   4 
1469	2   4   9 
1471	6  15  11 
1471	2  12   9 
1473	2  12   4 
1475	2   4   9 
1477	2   9  12 
1479	2   9  12 
1477	2   4   0 
1479	2   0   1 
1481	6  14  11 
1481	2   1   4 
1483	2   0   4 
1485	2   0   1 
1487	2   1   4 
1487	6  11   3 
1489	2   4   0 
1491	2   4   0 
1493	2   1   6 
1493	6  15  13 
1495	2   6   5 
1497	2   5   1 
1499	6  15  14 
1499	2   6   1 
1501	2   6   5 
1503	2   5   1 
1505	2   1   6 
1507	2   0   1 
1509	2   1   4 
1511	2   0   4 
1513	2   0   1 
1515	2   1   4 
1517	2   4   0 
1519	2  12   4 
1521	2   4   9 
1523	2  12   9 
1525	2  12   4 
1527	2   4   9 
1529	2   4   0 
1529	2   9  12 
1531	2   9  12 
1531	2   0   1 
1533	2   1   4 
1535	2   0   4 
1537	2   0   1 
1539	2   1   4 
1541	2   5   1 
1543	2   4   0 
1545	2   4   8 
1545	2   1   6 
1547	2   6   5 
1549	2   1   5 
1551	2   1   6 
1553	2   6   5 
1555	2   5   1 
1557	2   8   5 
1559	2   5   4 
1561	2   8   4 
1563	2   8   5 
1565	2   5   4 
1567	2   5   1 
1569	2   1   6 
1569	2   4   8 
1571	2   6   5 
1573	2   1   5 
1575	2   4   8 
1575	2   1   6 
1577	2   6   5 
1579	2   5   1 
1581	2   8   5 
1583	2   5   4 
1585	2   1   6 
1585	2   8   4 
1587	2   8   5 
1589	2   5   4 
1591	2   6   5 
1593	2   5   1 
1595	2   6   1 
1597	2   6   5 
1599	2   5   1 
1601	2   4   8 
1601	2   1   6 
1603	2   4   0 
1605	6  10   8 
1605	2   0   1 
1611	2   1   4 
1613	2   0   4 
1615	2   0   1 
1617	2   1   4 
1619	2   4   0 
1621	2  12   4 
1623	2   4   9 
1625	2  12   9 
1627	2  12   4 
1629	2   4   9 
1631	2   9  12 
1633	2   9  12 
1631	2   4   0 
1633	2   0   1 
1635	2   1   4 
1637	2   0   4 
1639	2   0   1 
1641	2   1   4 
1643	2   4   0 
1645	2   4   0 
1647	2   1   6 
1649	2   6   5 
1651	2   5   1 
1653	2   6   1 
1655	2   6   5 
1657	2   5   1 
1659	2   1   6 
1661	2   5   7 
1663	2   0   1 
1663	2  10   6 
1665	6  14  10 
1665	2   1   4 
1667	2   0   4 
1669	2   0   1 
1671	6  11   7 
1671	2   1   4 
1673	2   4   0 
1675	2  12   4 
1677	6   7   2 
1677	2   4   9 
1679	2  12   9 
1681	2  12   4 
1683	2   4   9 
1685	2   4   0 
1685	2   9  12 
1687	2   9   8 
1689	2  12  13 
1687	2   0   1 
1691	2   9  13 
1689	2   1   4 
1691	2   0   4 
1693	2   0   1 
1695	6   5   2 
1701	2   1   4 
1693	6  15  13 
1703	2   1   3 
1701	6  10   9 
1705	2   4   0 
1707	2   0   5 
1709	2   2   5 
1711	6   7   3 
1711	2   5   8 
1713	2   8  13 
1715	2  13   5 
1717	2   8   5 
1719	2   7   6 
1719	2   8  13 
1721	2  13   5 
1723	2   5   8 
1725	2   6   5 
1727	2   5   7 
1729	2   6   7 
1729	2   4   9 
1731	2   6   5 
1733	2   5   7 
1735	2   1   9 
1737	2   9  11 
1739	2   7   6 
1741	2   7   6 
1739	6   9   8 
1745	2   5   9 
1743	6  15  11 
1747	2   9  13 
1749	2  13   5 
1751	2   9   5 
1753	2   9  13 
1755	2  13   5 
1757	2   5   9 
1759	2   6   5 
1761	2   5   7 
1763	2   6   7 
1763	2   9  13 
1765	2   6   5 
1767	2   5   7 
1769	6  10   7 
1775	2  13   5 
1777	2   5   9 
1779	2  13   9 
1781	6  13   8 
1781	2  10   6 
1787	2   8   5 
1783	2  10  11 
1789	2   5   9 
1783	6   3   2 
1787	6  14  11 
1791	2   9   8 
1791	6   2   1 
1793	2  14   9 
1795	2   9  10 
1797	2  14  10 
1797	6   7   3 
1799	2  14   9 
1801	2   9  10 
1803	2  10  14 
1803	6   3   1 
1805	2  15  10 
1807	2  10  13 
1809	2  15  13 
1811	2  15  10 
1813	2  10  13 
1815	2  10  14 
1817	2  14   9 
1819	2   9  10 
1821	2  13  15 
1823	2  13  15 
1825	2  14  10 
1827	2  14   9 
1829	2   9  10 
1831	2   9   8 
1833	2   8   5 
1833	2  10  14 
1835	2   5   9 
1837	2   8   9 
1839	2  10  14 
1839	2   8   5 
1841	2   5   9 
1843	2   9   8 
1845	2  14   9 
1847	2   9  10 
1849	2  14  10 
1851	2  14   9 
1853	2   9  10 
1855	2  10  14 
1857	2  15  10 
1859	2  10  13 
1861	2  15  13 
1863	2  15  10 
1865	2  10  13 
1867	2  10  14 
1869	2  14   9 
1871	2   9  10 
1873	2  14  10 
1875	2  14   9 
1877	2   9  10 
1879	2   5   9 
1881	2   9   8 
1883	2  10  14 
1883	2   8   5 
1885	2  10   6 
1887	2   9   5 
1889	2   9   8 
1891	2   8   5 
1893	2   5   9 
1895	2   6   5 
1895	2  13  15 
1897	2   5  10 
1899	2   6  10 
1901	2  13  15 
1901	2   6   5 
1903	2   5  10 
1905	2  10   6 
1907	2  10   6 
1909	2   5   9 
1911	2   9   8 
1913	2   8   5 
1915	2   9   5 
1917	2   9   8 
1919	2   8   5 
1921	2   5   9 
1923	2   9   8 
1925	2   6   5 
1927	2   5  10 
1929	2   6  10 
1931	2   6   5 
1933	2   5  10 
1935	2   8   5 
1937	2   5   9 
1939	2  10   6 
1941	2   8   9 
1943	2  10  14 
1943	2   8   5 
1945	2   5   9 
1947	2   9   8 
1949	2  14   9 
1951	2   9  10 
1953	2  14  10 
1955	2  14   9 
1957	2   9  10 
1959	2  10  14 
1961	2  15  10 
1963	2  10  13 
1965	2  15  13 
1967	2  15  10 
1969	2  10  13 
1971	2  10  14 
1973	2  14   9 
1975	2   9  10 
1977	2  14  10 
1979	2  14   9 
1981	2   9  10 
1983	2  11   6 
1983	2   9   8 
1985	2   8   5 
1985	2  10  14 
1987	2   5   9 
1989	2   8   9 
1991	2   8   5 
1991	2  10  14 
1993	2   5   9 
1995	6   6   1 
1995	2   9   8 
1997	2  13  15 
1999	2  13  15 
2001	2  14   9 
2003	2   9  10 
2005	2   0   5 
2005	2  14  10 
2007	2  14   9 
2009	2   9  10 
2011	2  10  14 
2013	2  15  10 
2015	2  10  13 
2017	2  15  13 
2019	6   8   4 
2019	2  15  10 
2021	2  10  13 
2025	2  13  15 
2025	6   5   2 
2027	2  10  14 
2031	2   7  15 
2033	2   7   2 
2031	2   8  13 
2033	2  14   9 
2035	2   9  10 
2037	2  14  10 
2035	6   7   2 
2039	2  14   9 
2041	2   9  10 
2043	2   6   9 
2045	2  10  14 
2047	6   9   8 
2053	2   5  10 
2055	6  10   6 
2061	2   9  11 
2063	6  11   7 
2063	2   5  13 
2069	2  12  14 
2065	2   2   5 
2071	2  10  14 
2067	2   5   1 
2069	2   1   2 
2071	2   5   2 
2073	6   9   6 
2079	2   5   1 
2081	2   1   2 
2079	6  14  12 
2085	2  10  14 
2083	2   2   5 
2085	2   7   2 
2087	2   2   6 
2085	6   4   0 
2089	2   7   6 
2091	6   9   4 
2091	2   7   2 
2093	2   2   6 
2095	2   6   7 
2097	2   6   7 
2099	2   2   5 
2097	6  13  12 
2101	2   5   1 
2103	2   1   2 
2105	2   5   2 
2107	2   5   1 
2109	2   1   2 
2111	2   2   5 
2113	2   5   1 
2115	2   7   2 
2117	2   2   6 
2119	2   7   6 
2121	2   7   2 
2123	2   2   6 
2125	2   6   7 
2127	2   6   9 
2129	2   1   2 
2131	2   2   5 
2133	2   1   5 
2135	2   1   2 
2137	2   2   5 
2139	2   5   1 
2141	2   9   5 
2143	2   5   6 
2145	2   9   6 
2147	2   9   5 
2149	2   5   6 
2151	2   6   9 
2153	2  14   6 
2155	2   6  10 
2157	2  14  10 
2159	2  14   6 
2161	2   6  10 
2163	2   6   9 
2165	2   9   5 
2167	2   5   6 
2169	2   9   6 
2171	2   9   5 
2173	2   5   6 
2175	2   6   9 
2177	2   6   9 
2179	2  10  14 
2181	2  10  14 
2179	2   5   1 
2181	2   1   2 
2183	2   2   5 
2185	2   1   5 
2187	2   1   2 
2189	2   2   5 
2191	2   5   1 
2193	2   9   5 
2195	2   5   6 
2197	2   9   6 
2199	2   9   5 
2201	2   5   6 
2203	2   6   9 
2205	2  14   6 
2207	2   6  10 
2209	2  14  10 
2211	2  14   6 
2213	2   6  10 
2215	2   6   9 
2217	2   9   5 
2219	2   5   6 
2221	2   9   6 
2223	2   9   5 
2225	2   5   6 
2227	2   6   9 
2229	2   2   5 
2231	2   6   7 
2233	2  10  14 
2235	2  10  14 
2233	2   5   1 
2235	2   1   2 
2237	2   5   2 
2239	2   5   1 
2241	2   1   2 
2243	2   2   5 
2245	2   7   2 
2247	2   2   6 
2249	2   7   6 
2251	2   7   2 
2253	2   2   6 
2255	2   6   7 
2257	2   6   7 
2259	2   2   5 
2261	2   5   1 
2263	2   1   2 
2265	2   5   2 
2267	2   5   1 
2269	2   1   2 
2271	2   2   5 
2273	2   5   1 
2275	2   7   2 
2277	2   2   6 
2279	2   7   6 
2281	2   7   2 
2283	2   2   6 
2285	2   1   2 
2287	2   6   7 
2289	2   6   9 
2291	2   2   5 
2293	6   7   3 
2293	2   1   5 
2299	2   1   2 
2301	2   2   5 
2303	6  15   7 
2303	2   5   1 
2305	2   9   5 
2309	2   5   6 
2311	2   9   6 
2313	2   9   5 
2315	2   5   6 
2317	2   6   9 
2319	2  14   6 
2321	2   6  10 
2323	2  14  10 
2325	2  14   6 
2327	2   6  10 
2329	2   6   9 
2331	2   9   5 
2333	2   5   6 
2335	2   9   6 
2337	2   9   5 
2339	2   5   6 
2341	2   6   9 
2343	2   6   9 
2345	2  10  14 
2347	2  10  14 
2345	2   5   1 
2347	2   1   2 
2349	2   2   5 
2351	2   1   5 
2353	2   1   2 
2355	2   2   5 
2357	2   5   1 
2359	2   2   7 
2359	2   9   5 
2361	2   5   6 
2363	2   9   6 
2365	2   9   5 
2367	2   5   6 
2369	6   7   2 
2375	2   6   9 
2377	2  14   6 
2379	2   6  10 
2381	2   3   1 
2381	2  14  10 
2383	2  14   6 
2385	2   6  10 
2387	2   6   9 
2389	2   9   5 
2391	6   9   6 
2397	2  10  14 
2399	2  10   8 
2401	6  10   8 
2391	6   1   0 
2397	6   2   1 
2407	2   5   9 
2409	2   6   9 
2411	2   6   5 
2413	2   5   9 
2415	2   9   6 
2417	2   6  11 
2417	2  14  13 
2419	6   6   2 
2425	2   7  11 
2425	2   5   4 
2427	2   4   0 
2427	2  11  10 
2429	2  10   6 
2431	2   6  11 
2433	2  10  11 
2429	2   8  13 
2435	2  10   6 
2429	6   1   0 
2431	6  12   8 
2437	2   9   8 
2437	2   6  11 
2439	2  11  10 
2439	2   5   8 
2441	2   8   0 
2441	6  11   6 
2447	2   1   6 
2443	6  13   8 
2449	2   6   4 
2451	2   1   4 
2453	2   1   6 
2455	2   6   4 
2457	2   4   1 
2459	2   4   1 
2457	2   6  10 
2459	2  10  11 
2461	2  11   6 
2463	2  10   6 
2465	2  10  11 
2467	2  11   6 
2469	2   6  10 
2471	2  10  11 
2473	2   1   6 
2475	2   6   4 
2477	2   1   4 
2479	2   1   6 
2481	2   6   4 
2483	2  11   6 
2485	2   6  10 
2485	2   4   1 
2487	6   9   4 
2493	2  11  10 
2495	2   9   8 
2495	2  11   6 
2497	2   6  10 
2499	2  10  11 
2493	6   1   0 
2497	6  13   8 
2503	6   4   1 
2503	2  13  10 
2505	2  10   9 
2507	2  13   9 
2509	2  13  10 
2509	6   1   0 
2511	2  10   9 
2513	2   9  13 
2515	6   7   2 
2515	2   4   9 
2517	2   9   8 
2519	2   4   8 
2521	2   4   9 
2521	6   3   2 
2523	2   9   8 
2525	2   9  13 
2527	2   8   4 
2527	2  13  10 
2529	2  10   9 
2531	2  13   9 
2533	2  13  10 
2535	2  10   9 
2537	2  10  11 
2539	2   9  13 
2539	2  11   6 
2541	2   8   4 
2541	2   6  10 
2543	2  11  10 
2545	2   9  13 
2545	2  11   6 
2547	2   6  10 
2549	2  10  11 
2551	2  13  10 
2553	2  10   9 
2555	2  13   9 
2557	2  13  10 
2559	2  10   9 
2561	2   9  13 
2563	6  14  12 
2569	2   4   9 
2571	2   9   8 
2573	2   4   8 
2575	2   4   9 
2577	2   9   8 
2579	2   9  13 
2581	2   8   4 
2581	2  13  10 
2583	2  10   9 
2585	2  13   9 
2587	2   8   4 
2587	2  13  10 
2589	2  10   9 
2591	2   6  10 
2593	2  10  11 
2595	2  11   6 
2595	2   9  13 
2597	2  10   6 
2599	2   9   1 
2601	2  10  11 
2603	2  11   6 
2605	2   6  10 
2607	2   1   6 
2609	2   6   9 
2611	2   1   9 
2613	2   1   6 
2615	2   6   9 
2617	2   6  10 
2619	2   9   1 
2621	2   9   1 
2623	2  10  11 
2625	2  11   6 
2627	2  10   6 
2629	2  10  11 
2631	2  11   6 
2633	2   6  10 
2635	2   1   6 
2637	2   6   9 
2639	2  10  11 
2641	2   1   9 
2643	2   1   6 
2645	2   6   9 
2647	2   9   1 
2649	2   9  13 
2649	2  11   6 
2651	2   6  10 
2653	2   2   1 
2653	2  11  10 
2655	2  11   6 
2657	2   6  10 
2659	2  10  11 
2661	2  13  10 
2659	6   3   1 
2663	2  10   9 
2665	2  13   9 
2667	2  13  10 
2669	2  10   9 
2671	2   9  13 
2673	2   4   9 
2675	2   9   8 
2677	2   4   8 
2679	2   4   9 
2681	2   9   8 
2683	2   9  13 
2685	2  13  10 
2685	2   8   4 
2687	2  10   9 
2689	2  13   9 
2691	2   8   4 
2691	2  13  10 
2693	2  10   9 
2695	2  10  11 
2697	2   9  13 
2697	2  11   6 
2699	2   6  10 
2701	2  11  10 
2703	2  11   6 
2703	2   9  13 
2705	2   6  10 
2707	2  10  11 
2709	2  13  10 
2711	2  10   9 
2713	2   7   6 
2713	2  13   9 
2715	6   7   3 
2715	2  13  10 
2717	2  10   9 
2719	2   9  13 
2721	2   4   9 
2723	2   9   8 
2725	2   4   8 
2727	2   4   9 
2729	2   9   8 
2731	2   9  13 
2733	2  13  10 
2733	2   8   4 
2735	2  10   9 
2735	2   1   4 
2737	2  13   9 
2737	2   1   6 
2739	2  13  10 
2741	2  10   9 
2743	6   7   6 
2743	2   0   8 
2749	2   0   2 
2745	2   9  13 
2747	2  12  13 
2751	2   5   9 
2753	2   5   8 
2753	2  14  10 
2755	2   1   5 
2757	2   5   6 
2755	2  14  13 
2759	2   6   1 
2761	2   5   1 
2757	2  14  12 
2763	2   5   6 
2765	2   6   1 
2767	2   1   5 
2769	2   2   1 
2771	2   1   0 
2773	2   2   0 
2775	2   2   1 
2777	2   1   0 
2779	2   1   5 
2781	2   0   2 
2783	6   2   0 
2789	2   2   0 
2791	2   5   6 
2793	2   6   1 
2795	2   5   1 
2797	2   5   6 
2799	2   6   1 
2801	2   1   5 
2803	2   0   1 
2805	2   5   6 
2807	2   1   2 
2809	2   0   2 
2811	2   0   1 
2813	2   1   2 
2815	2   6   1 
2817	2   1   5 
2819	2   6   5 
2821	2   6   1 
2823	2   2   0 
2825	2   2   3 
2827	2   1   5 
2829	6   7   5 
2759	6  14  12 
2835	2   7   6 
2837	6  14  10 
2837	2   3   7 
2839	2   7   2 
2841	2   3   2 
2835	6  12   4 
2843	2   3   7 
2845	2   7   2 
2847	2   2   3 
2841	6   5   4 
2849	2  10   2 
2851	2   2   5 
2853	2  10   5 
2855	2  10   2 
2857	2   2   5 
2859	2   5  10 
2861	2   5  10 
2859	2   2   3 
2861	2   3   7 
2863	2   7   2 
2865	2   3   2 
2867	2   3   7 
2867	6   5   1 
2873	2   7   2 
2875	6  10   5 
2875	2   2   3 
2877	2   2   3 
2881	2   7   6 
2883	2   6  10 
2885	2  10   7 
2887	2   6   7 
2889	2   6  10 
2891	2  10   7 
2893	2   7   6 
2895	2   3   7 
2897	2   7   2 
2899	2   3   2 
2901	2   3   7 
2903	2   7   2 
2905	2   2   3 
2907	2   5   2 
2909	2   2   1 
2911	2   5   1 
2913	2   5   2 
2915	2   2   1 
2917	2   2   3 
2919	2   3   7 
2919	2   1   5 
2921	2   7   2 
2923	2   3   2 
2925	2   3   7 
2927	2   7   2 
2929	2  10   7 
2931	2   7   6 
2933	2   6  10 
2935	2   7  10 
2937	2   7   6 
2939	6   5   0 
2939	2   2   3 
2939	6  14  11 
2945	2   6  10 
2947	2   2   5 
2949	2   1   0 
2949	2  10   7 
2951	2   5  10 
2953	2  10   2 
2955	2   5   2 
2957	2   5  10 
2955	6  13  12 
2961	2  10   2 
2963	2  10   7 
2965	2   7   6 
2967	2   6  10 
2969	2   7  10 
2971	2   2   5 
2973	2   2   5 
2961	6  12   8 
2975	2   7   6 
2977	6  11   9 
2983	2   6  10 
2985	2  10   7 
2987	2   7   6 
2983	6   8   4 
2989	2   5  10 
2989	6  12   8 
2991	2  10   2 
2993	2   5   2 
2995	2   5  10 
2997	2  10   2 
2999	2   6  10 
3001	2   2   5 
3003	2   2   3 
3005	2  10   7 
3007	2   6   7 
3009	2   6  10 
3011	2  10   7 
3013	2   7   6 
3015	2   3   7 
3017	2   7   2 
3013	6  14  12 
3019	2   3   2 
3021	2   3   7 
3019	6  15  14 
3023	2   7   2 
3025	2   2   3 
3027	2   0   2 
3029	2   2   1 
3031	2   0   1 
3033	2   0   2 
3035	2   2   1 
3037	2   2   3 
3039	2   1   0 
3039	2   3   7 
3041	2   7   2 
3043	2   3   2 
3045	2   1   0 
3045	2   3   7 
3047	2   7   2 
3049	2   2   3 
3051	2   2   3 
3053	2   7   6 
3055	2   6  10 
3057	2  10   7 
3059	2   6   7 
3061	2   6  10 
3063	2  10   7 
3065	2   7   6 
3067	2   3   7 
3069	2   5   6 
3071	2   7   2 
3073	6   8   5 
3079	2  10  13 
3073	2   3   2 
3075	2   3   7 
3081	2   7   2 
3083	6  15  10 
3083	2   2   3 
3085	2   0   2 
3087	2   2   1 
3089	6  10   6 
3089	2   0   1 
3095	6  15  10 
3095	2   0   2 
3097	2   2   1 
3099	2   2   3 
3101	2   3   7 
3103	2   7   2 
3105	2   3   2 
3107	2   3   7 
3107	2   1   0 
3109	2   1   9 
3111	2   0   4 
3111	2   7   2 
3113	2   1   4 
3113	2   7  11 
3115	2   2   3 
3117	2   3   6 
3115	2  11  15 
3115	6  12   4 
3119	2  10   6 
3121	6  15  11 
3121	2   6   9 
3123	2   9   4 
3127	2   4   6 
3127	6  15  14 
3129	2   9   6 
3131	2   9   4 
3133	2   4   6 
3135	2   6   9 
3137	2  11   6 
3139	2   6  14 
3141	2   2   5 
3141	2  11  14 
3143	2  11   6 
3145	2   6  14 
3147	2   6   9 
3149	2   9   4 
3151	2  14  11 
3153	2  14  11 
3155	2   4   6 
3157	2   9   6 
3159	2   9   4 
3161	2   4   6 
3163	2   6   9 
3165	2   9   4 
3167	2  11   6 
3169	2   6  14 
3171	2   7   5 
3173	2  11  14 
3175	2  11   6 
3177	2   6  14 
3179	2  14  11 
3181	2   5  13 
3183	6  14  13 
3183	2   4   6 
3189	2   6   9 
3191	2   4   9 
3193	2  13  12 
3193	2   4   6 
3195	2   6   9 
3197	2   9   4 
3199	2  12   9 
3201	2   9  13 
3203	6  10   5 
3203	2  12  13 
3209	2  12   9 
3211	2   9  13 
3209	6  15  11 
3213	2  13  12 
3215	2  14  13 
3217	2  13  10 
3219	2  14  10 
3221	2  14  13 
3223	2  13  10 
3225	2  13  12 
3227	2  10  14 
3229	2  10  14 
3231	2  12   9 
3233	2   9  13 
3235	2  12  13 
3237	2  12   9 
3239	2   9  13 
3241	2   9   4 
3243	2   4   6 
3243	2  13  12 
3245	2   6   9 
3247	2   4   9 
3249	2  13  12 
3249	2   4   6 
3251	2   6   9 
3253	2   9   4 
3255	2  12   9 
3257	2   9  13 
3259	2  12  13 
3261	2  12   9 
3263	2   9  13 
3265	2  13  12 
3267	2  14  13 
3269	2  13  10 
3271	2  14  10 
3273	2  14  13 
3275	2  13  10 
3277	2  13  12 
3279	2  10  14 
3281	2  10  14 
3283	2  12   9 
3285	2   9  13 
3287	2  12  13 
3289	2  12   9 
3291	2   9  13 
3293	2   6   9 
3293	6  15  14 
3295	2   9   4 
3297	2   4   6 
3299	2   9   6 
3301	2   9   4 
3303	2  13  12 
3303	2   4   6 
3305	2  13  14 
3307	6   9   6 
3313	2   9   6 
3315	2  14   9 
3317	2   9  13 
3319	2  14  13 
3319	6   6   4 
3325	2  14   9 
3327	2   9  13 
3329	6  10   8 
3335	2   9   4 
3337	2  13  14 
3337	2   4   6 
3339	2   6   9 
3341	2   4   9 
3343	2   4   6 
3343	2  13  14 
3345	2   6   9 
3347	2   9   4 
3349	2  14   9 
3351	2   4   6 
3353	2   9  13 
3355	2  14  13 
3357	2  14   9 
3359	2   9  13 
3361	2   6   9 
3363	2   9   4 
3365	2   6   4 
3365	2  13  14 
3367	2   6   9 
3369	6  13   8 
3375	6  15  10 
3375	2   8  12 
3381	2  15  14 
3381	2   9   4 
3369	6   3   2 
3375	6   7   3 
3383	2   4   6 
3385	6  15   7 
3385	2  12   4 
3387	2   4   8 
3389	2  12   8 
3391	6  11   3 
3391	2  12   4 
3393	2   4   8 
3395	2   8  12 
3397	2  10   8 
3399	6   9   1 
3405	2   8  13 
3407	2  10  13 
3409	2  10   8 
3411	2   8  13 
3413	6  14  11 
3413	2   8  12 
3415	2  12   4 
3417	2   4   8 
3419	2  12   8 
3421	2  12   4 
3423	2  13  10 
3423	2   4   8 
3425	2   4   6 
3427	2   6   1 
3427	2   8  12 
3429	2  13  10 
3429	2   1   4 
3431	2   6   4 
3433	2   8  12 
3433	2   6   1 
3435	2   1   4 
3437	2   4   6 
3439	2  12   4 
3441	2   2   1 
3441	2   4   8 
3443	2  12   8 
3445	2  12   4 
3447	2   4   8 
3449	2   8  12 
3451	2  10   8 
3453	2   8  13 
3455	2  10  13 
3457	2  10   8 
3459	2   8  13 
3461	2   8  12 
3463	2  12   4 
3465	2   4   8 
3465	2  13  10 
3467	2  12   8 
3469	2  12   4 
3471	2   4   8 
3473	2  15  13 
3475	6  12   8 
3481	2  12   8 
3475	2   5  10 
3477	2   5   1 
3477	2  15   7 
3479	6  10   5 
3485	2  14  12 
3485	6   5   0 
3491	2   5   8 
3487	2  14  13 
3489	2  10  14 
3491	2  14  11 
3493	2  11  10 
3495	2  14  10 
3479	6   3   2 
3497	2  14  11 
3499	2  11  10 
3501	2  10  14 
3503	2   7  10 
3505	2  10  15 
3507	2   9   4 
3507	2   7  15 
3509	2   7  10 
3511	2  10  15 
3513	2  15   7 
3513	2   9   8 
3515	6  15   7 
3521	2  10  14 
3523	2   9   5 
3523	2  14  11 
3525	2   7  15 
3527	2  11  10 
3529	6   6   3 
3535	6  14  11 
3541	2  11  10 
3543	2  11  14 
3545	2  14  10 
3547	2  10  11 
3549	2  15  10 
3551	2  11  14 
3553	2  10   7 
3555	2  15   7 
3557	2  15  10 
3559	2  10   7 
3561	2  14  10 
3563	2  10  11 
3565	2   7  15 
3567	2  14  11 
3569	2  14  10 
3571	2   7   6 
3573	2  10  11 
3575	2  11  14 
3577	2   6  11 
3579	6  10   9 
3585	2  11   7 
3587	2   6   7 
3589	2   6  11 
3591	2  11   7 
3593	2   7   6 
3595	2   5   7 
3597	2   7  10 
3599	2   5  10 
3601	2   5   7 
3603	2   7  10 
3605	2  10   5 
3607	2  10   5 
3609	2   7   6 
3611	2   6  11 
3613	2  11   7 
3615	2   6   7 
3617	2   6  11 
3619	2  11   7 
3621	2  11  14 
3623	2   7   6 
3623	2  14   9 
3625	2   9  11 
3627	2  14  11 
3629	2   7   6 
3629	2  14   9 
3631	2   9  11 
3633	2  11  14 
3635	2   6  11 
3637	2  11   7 
3639	2   6   7 
3641	2   6  11 
3643	2  11   7 
3645	2   7   6 
3647	2   5   7 
3649	2   7  10 
3651	2   5  10 
3653	2   5   7 
3655	2   7  10 
3657	6  10   9 
3663	2   7   6 
3665	2   6  11 
3667	2  11   7 
3667	2   9   5 
3669	2   6   7 
3671	2   6  11 
3673	2   9   5 
3673	2  11   7 
3675	2  10  11 
3677	2   7   6 
3679	2  11  14 
3681	2  14  10 
3683	2  11  10 
3685	2  11  14 
3687	2   7  15 
3689	2  14  10 
3691	2  10  11 
3693	2  15  10 
3695	2  10   7 
3697	2  15   7 
3699	2  15  10 
3701	2  10   7 
3703	2   7  15 
3705	2   7  15 
3707	2  10  11 
3709	2  11  14 
3711	2  14  10 
3713	2  11  10 
3715	2  11  14 
3717	2  14  10 
3719	2  10  11 
3721	2  11  14 
3723	2  15  10 
3725	2  10   7 
3727	2  15   7 
3729	2  15  10 
3731	2  10   7 
3733	2  14  10 
3735	2   7  15 
3737	2  10  11 
3739	2   7   6 
3741	2  14  11 
3743	2  14  10 
3745	2  10  11 
3747	6  10   7 
3753	2  11  14 
3755	2   6  11 
3757	2  11  10 
3759	2   6  10 
3761	6  14   6 
3767	6   2   0 
3767	2  14  11 
3769	2  11  10 
3771	2  10  14 
3773	2   5  10 
3775	2  10   9 
3777	2   5   9 
3779	2   5  10 
3781	2  10   9 
3783	2  10  14 
3785	2   9   5 
3787	2   9   5 
3785	2  14  11 
3789	2  11  10 
3791	2  14  10 
3793	2  14  11 
3795	2  11  10 
3797	2  10  14 
3799	2  10  14 
3801	2  11   6 
3803	2   6   7 
3805	2   7  11 
3807	2   6  11 
3809	2   6   7 
3811	2   7  11 
3813	2  11   6 
3815	2  14  11 
3817	2  11  10 
3819	2  14  10 
3821	2  14  11 
3823	2  11  10 
3825	2  10  14 
3825	2   7   2 
3827	6  14   6 
3833	2   5  10 
3833	6   7   3 
3835	2  10   9 
3837	2  15  14 
3837	2   5   9 
3839	2   5  10 
3841	6   7   2 
3841	2  10   9 
3843	2   9   5 
3845	2   9   4 
3847	2  10   6 
3849	6  12   9 
3855	2   6  11 
3855	6  14  13 
3857	2   5   8 
3859	6   4   0 
3861	2  11  10 
3863	2   6  10 
3865	6  13   8 
3865	2   6  11 
3867	2  11  10 
3869	2  10   6 
3871	2   6   1 
3873	2  10  14 
3873	2   3   1 
3875	2   1   0 
3875	2  11   9 
3877	6  14  11 
3877	2   9   8 
3877	2   0   2 
3883	2  14  11 
3879	2   2   1 
3881	2   0   1 
3883	2   0   2 
3879	6   9   8 
3885	2  11   7 
3885	2  12  13 
3885	2   2   1 
3887	6   4   1 
3893	2   4   0 
3895	2   9   4 
3895	6   2   1 
3897	2   4   8 
3899	2   9   8 
3901	2   9   4 
3903	2   4   8 
3905	6  13   5 
3911	6  10   7 
3911	2   4   0 
3913	2   0   1 
3915	2   1   4 
3917	2   0   4 
3919	2   8   9 
3919	2   0   1 
3917	6  14  11 
3921	2   8   9 
3923	2   1   4 
3925	2   4   0 
3923	6  14  13 
3929	2   9   4 
3925	6   3   2 
3929	6  15  14 
3931	2   4   8 
3933	2   9   8 
3933	2   0   1 
3935	2   9   4 
3935	6  11   7 
3937	2   4   8 
3939	2   1   4 
3941	6  15  11 
3941	2   4   0 
3943	2   8   9 
3943	2   1   0 
3945	2   1   4 
3947	6  11   7 
3947	2   8   5 
3949	2   4   0 
3951	2   0   1 
3953	2   5   0 
3955	2   0   8 
3957	2   5   8 
3959	2   5   0 
3961	2   0   8 
3963	2   8   5 
3965	2  10   8 
3967	2   8  13 
3969	2  10  13 
3971	2  10   8 
3973	2   8  13 
3975	2   8   5 
3977	2   5   0 
3979	2   0   8 
3981	2   5   8 
3983	2   5   0 
3985	2   0   8 
3987	2  13  10 
3989	2  13  10 
3987	2   0   1 
3989	2   1   4 
3991	2   8   5 
3993	2   8   5 
3995	2   4   0 
3997	2   1   0 
3999	2   1   4 
4001	2   4   0 
4003	2   0   1 
4005	2   5   0 
4007	2   0   8 
4009	2   5   8 
4011	2   5   0 
4013	2   0   8 
4015	2   8   5 
4017	2  10   8 
4019	2   8  13 
4021	2  10  13 
4023	2  10   8 
4025	2   8  13 
4027	2   8   5 
4029	2   5   0 
4031	2   0   8 
4033	2   5   8 
4035	2   5   0 
4037	2   0   8 
4039	2   8   5 
4041	2   4   0 
4043	2   0   1 
4043	2   8   9 
4045	2   1   4 
4047	2   0   4 
4049	2   0   1 
4045	2  13  10 
4047	2  13  10 
4051	2   1   4 
4053	2   4   0 
4055	2   9   4 
4057	2   4   8 
4059	2   9   8 
4061	2   9   4 
4063	2   4   8 
4065	2   4   0 
4067	2   0   1 
4067	2   8   9 
4069	2   1   4 
4071	2   8   9 
4073	2   0   4 
4075	2   0   1 
4077	2   1   4 
4079	2   4   0 
4081	2   0   1 
4083	2   9   4 
4085	2   4   8 
4087	2   9   8 
4089	2   9   4 
4091	2   4   8 
4093	2   1   4 
4095	2   4   0 
4097	2   1   0 
4097	2   8   9 
4099	2   1   4 
4101	2   8   5 
4103	2   4   0 
4105	2   0   1 
4103	2  14   9 
4107	2   5   0 
4109	2   0   8 
4111	2   5   8 
4113	2   5   0 
4115	6   4   1 
4105	6  14  11 
4113	6  14  12 
4121	2   0   8 
4123	2   8   5 
4125	2  10   8 
4127	2   8  13 
4129	2  10  13 
4131	2  10   8 
4133	2   8  13 
4135	2   8   5 
4137	2   5   0 
4139	2   0   8 
4141	2   5   8 
4143	2   5   0 
4145	2  13  10 
4147	2   0   8 
4149	2  13  10 
4149	2   0   4 
4151	2   4   1 
4153	2   8   5 
4155	2   8   5 
4157	6  12   9 
4157	2   1   0 
4159	2   4   0 
4163	6  14  12 
4163	2   4   1 
4165	2   1   0 
4167	2   0   4 
4169	2   5   0 
4171	2   0   8 
4173	6   4   0 
4179	2   5   8 
4181	2   5   4 
4183	2   6   1 
4183	2   4   8 
4185	2   8   5 
4187	2  10   8 
4189	2   8  13 
4191	2  10  13 
4193	2  10   8 
4195	2   8  13 
4197	2   8   5 
4199	2   5   4 
4199	2  13  10 
4201	2   2  10 
4203	2   2   1 
4201	2   4   8 
4203	2  15  13 
4205	2   5   8 
4207	2   5   4 
4205	2  15  11 
4209	6  12   4 
4207	6  10   7 
4215	2  12   8 
4213	6  10   2 
4217	2   4  12 
4219	2   8   5 
4221	2   9   8 
4219	6  15   7 
4223	2   9  13 
4225	2  10   9 
4225	6   2   1 
4227	2   9  14 
4229	2  14  10 
4231	2   9  10 
4233	2   9  14 
4235	2   1   5 
4235	2  14  10 
4237	2  10   9 
4239	2   4   5 
4241	2   4   1 
4239	2  11  10 
4241	2  10   7 
4243	2  11   7 
4245	2  11  10 
4247	2  10   7 
4249	2  10   9 
4251	2   9  14 
4251	2   7  11 
4253	2   7  11 
4255	2  14  10 
4257	2   9  10 
4259	2   9  14 
4261	2  14  10 
4263	2  10   9 
4265	2   9  14 
4267	2  11  10 
4269	2  10   7 
4271	2  11   7 
4273	2  11  10 
4275	2  10   7 
4277	2  14  10 
4279	2  10   9 
4281	2  14   9 
4281	2   7  11 
4283	2   7   6 
4285	6  11   9 
4291	2  14  10 
4285	6   2   1 
4293	2  10  11 
4295	2  11  14 
4291	6   5   4 
4297	2   6  11 
4299	2  11   7 
4301	2   6   7 
4303	2   6  11 
4305	2  11   7 
4307	2   7   6 
4309	2   2   7 
4311	2   7   5 
4313	2   2   5 
4315	2   2   7 
4317	2   7   5 
4319	2   7   6 
4321	2   6  11 
4323	2   5   2 
4323	2  11   7 
4325	2   6   7 
4327	2   6  11 
4329	2   5   2 
4329	2  11   7 
4331	2   7   6 
4333	2   7   6 
4335	2  11  14 
4337	2  14  10 
4339	2  10  11 
4341	2  14  11 
4343	2  14  10 
4345	2  10  11 
4347	2  11  14 
4349	2   6  11 
4351	2  11   7 
4353	2   6   7 
4355	2   6  11 
4357	2  11   7 
4359	2   7   6 
4361	2   2   7 
4363	2   7   5 
4365	2   2   5 
4367	2   2   7 
4369	2   7   5 
4371	2   7   6 
4373	2   6  11 
4375	2  11   7 
4375	2   5   2 
4377	2   6   7 
4379	2   6  11 
4381	2  11   7 
4381	2   5   2 
4383	2  10  11 
4385	6   7   5 
4391	2  11  14 
4391	2   5   6 
4393	2  14  10 
4395	2  11  10 
4397	2   5   9 
4397	2  11  14 
4399	2  14  10 
4401	2  10  11 
4403	2   9  10 
4405	2  10   5 
4407	2   9   5 
4409	2   9  10 
4411	2  10   5 
4413	2  10  11 
4415	2   5   9 
4415	2  11  14 
4417	2  14  10 
4419	2  11  10 
4421	2   5   9 
4421	2  11  14 
4423	2  14  10 
4425	2  10  11 
4427	2   9  10 
4429	2  10   5 
4431	2  11  14 
4431	2   9   5 
4433	2   9  10 
4435	2  10   5 
4437	2  14  10 
4439	2  10  11 
4441	2   5   9 
4441	2  14  11 
4443	2  14  10 
4445	2  10  11 
4447	2   5   6 
4447	2  11  14 
4449	6   7   5 
4455	6  12   8 
4455	2   6  11 
4457	2  11   7 
4459	2   6   7 
4461	2   6  11 
4463	2  11   7 
4465	2   7   6 
4461	6  13   9 
4461	6   4   0 
4467	2   2   7 
4469	2   7   5 
4471	2   2   5 
4473	2   2   7 
4475	2   7   5 
4477	2   7   6 
4479	2   6  11 
4481	2  11   7 
4483	2   6   7 
4485	2   6  11 
4487	6   9   1 
4487	2  11   7 
4493	2  11  14 
4493	2   5   2 
4495	2   5   2 
4495	2  14  10 
4497	2  10  11 
4499	2  14  11 
4501	2   7   6 
4503	6   3   1 
4503	2  14  10 
4505	2  10  11 
4507	2  11  14 
4509	2  13  14 
4509	2   7   6 
4511	6  13  12 
4511	2   6  11 
4513	2  11   7 
4515	2  10  15 
4517	2   6   7 
4519	2   6  11 
4517	6  14  13 
4521	2  11   7 
4523	2   7   6 
4509	6   1   0 
4525	2   2   7 
4527	2   7   5 
4529	2   2   5 
4531	2   2   7 
4533	2   7   5 
4535	2   7   6 
4537	2   6  11 
4539	2   5   2 
4539	2  11   7 
4541	2   6   7 
4543	2   6  11 
4545	2   5   8 
4545	2  11   7 
4547	2   7   6 
4549	2   6   9 
4551	2   7   3 
4551	2  10   9 
4553	2   2   1 
4553	2  11  14 
4553	2   9   8 
4555	6   7   3 
4555	2   8   4 
4561	2  11   7 
4555	2  14  13 
4557	2   4   9 
4559	2   8   9 
4563	2   7  15 
4561	2   8   4 
4563	2   4   9 
4565	2   9   8 
4565	6   6   1 
4567	2  13   9 
4571	2   9  14 
4573	2  13  14 
4573	2   5   6 
4575	2  13   9 
4577	6  10   6 
4583	2   9  14 
4585	2   9   8 
4587	2  14  13 
4589	2  14  13 
4587	2   8   4 
4591	2   4   9 
4593	2   8   9 
4595	2   8   4 
4597	2   4   9 
4599	2   9   8 
4601	2   8   4 
4603	2  13   9 
4605	2   9  14 
4607	2  13  14 
4609	2  13   9 
4611	2   9  14 
4613	2  14  13 
4615	2  14  10 
4617	2   4   9 
4619	2   9   8 
4621	2   4   8 
4621	6  14  13 
4627	2   4   9 
4629	2   9   8 
4631	2   8   4 
4617	6  11   7 
4629	6  14  11 
4635	2  10   8 
4637	2   8  13 
4639	2  10  13 
4641	2  10   8 
4643	2   8  13 
4645	2  13  10 
4647	2  15  13 
4649	2  13  14 
4651	2  15  14 
4653	2  15  13 
4655	2  13  14 
4657	2  13  10 
4659	2  10   8 
4661	2   8  13 
4663	2  10  13 
4665	2  10   8 
4667	2   8  13 
4669	2  14  15 
4671	2  14  15 
4669	2   8   4 
4671	2   4   9 
4673	2   9   8 
4675	2   4   8 
4675	2  13  10 
4677	2   4   9 
4679	2   9   8 
4681	2   8   4 
4681	2  13  10 
4683	2  10   8 
4685	2   8  13 
4687	2  10  13 
4689	2  10   8 
4691	2   8  13 
4693	2  13  10 
4695	2  15  13 
4697	2  13  14 
4699	2  15  14 
4701	2  15  13 
4703	2  13  14 
4705	2  13  10 
4707	2  10   8 
4709	2   8  13 
4711	2  10  13 
4713	2  10   8 
4715	2   8  13 
4717	6  14  11 
4717	2   9   8 
4723	2  13  10 
4719	2   8   4 
4725	2  11  15 
4727	2  11  15 
4725	2   4   9 
4727	2   8   9 
4729	2  13  14 
4729	2   8   4 
4731	2   4   9 
4733	2   9   8 
4735	2  14   9 
4737	2   9  13 
4739	2  14  13 
4741	2  14   9 
4743	2   9  13 
4745	2   9   8 
4747	2  13  14 
4747	2   8   4 
4749	2   4   9 
4751	2   8   9 
4753	2  13  14 
4753	2   8   4 
4755	2   4   9 
4757	2   9   8 
4759	2  14   9 
4761	2   9  13 
4763	2  14  13 
4765	2  14   9 
4767	2   9  13 
4769	2  13  14 
4771	2  13  10 
4773	2  12  14 
4775	2   8   4 
4775	6  14  11 
4781	6   7   6 
4781	2   4   9 
4783	2   9   8 
4785	2   4   8 
4787	6  11   3 
4787	2   4   9 
4789	2   9   8 
4791	2   8   4 
4793	2  10   8 
4795	2   8  13 
4797	2  10  13 
4799	2  10   8 
4801	2   8  13 
4803	2  13  10 
4805	2  15  13 
4807	2  13  14 
4809	2  15  14 
4811	2  15  13 
4813	2  13  14 
4815	2  13  10 
4817	2  10   8 
4819	2   8  13 
4821	2  10  13 
4823	2  10   8 
4825	2   8  13 
4827	2  13  10 
4829	2  14  15 
4831	2  14  15 
4827	2   8   4 
4829	2   4   9 
4831	2   9   8 
4833	2  13  10 
4833	2   4   8 
4835	2   4   9 
4837	2   9   8 
4839	6   9   6 
4845	2   8   4 
4845	2   1   6 
4847	2  10   8 
4849	2   8  13 
4851	2  10  13 
4853	2  10   8 
4855	2   8  13 
4857	2  13  10 
4859	2  15  13 
4861	2  13  14 
4863	2  15  14 
4865	2  15  13 
4867	2  13  14 
4869	2  14  15 
4871	2  11  14 
4873	2   7  15 
4875	2  13  10 
4877	6   7   6 
4877	6  14  12 
4883	2  11  14 
4885	2  10   8 
4887	2   6   7 
4887	2   8  13 
4889	2  10  13 
4891	2  10   8 
4893	2   8  13 
4895	2  13  10 
4897	2   9  13 
4889	6   3   1 
4895	6   7   3 
4899	2   9  12 
4901	2   2  10 
4903	2   6   9 
4905	2   9   1 
4907	2   1   6 
4909	2   9   6 
4911	2   9   1 
4913	2   1   6 
4915	2   6   9 
4917	2  14   6 
4919	2   6  11 
4921	2   5   8 
4923	2   5  10 
4925	2   5   2 
4925	2  14  11 
4927	6   9   5 
4933	2  14   6 
4935	2   6  11 
4937	2  11  14 
4939	2  11  14 
4937	2   6   5 
4939	2   5   1 
4941	2   1   6 
4943	2   5   6 
4945	2   5   1 
4947	2   1   6 
4949	2   6   5 
4951	2   5   1 
4953	2  14   6 
4955	2   6  11 
4957	2  14  11 
4959	2  14   6 
4961	2   6  11 
4963	2   1   6 
4965	2   6   5 
4967	2   1   5 
4969	2   1   6 
4971	2  11  14 
4971	2   6   5 
4973	2  11   7 
4973	2   5   1 
4975	2   7   5 
4977	6  11   6 
4983	2   5   6 
4985	6   5   2 
4985	6  11  10 
4991	6  10   5 
4997	2   7   6 
4999	2   7   2 
5001	2   2   6 
5003	2   6   7 
5005	2  10   6 
5007	2   6   9 
5009	2  10   9 
5011	2  10   6 
5013	2   6   9 
5015	2   6   7 
5017	2   7   2 
5017	2   9  10 
5019	2   2   6 
5021	2   7   6 
5023	2   9  10 
5023	2   7   2 
5025	2   2   6 
5027	2   6   7 
5029	2   6   7 
5031	2   2   1 
5033	2   1   5 
5035	2   5   2 
5037	2   1   2 
5039	2   1   5 
5041	2   5   2 
5043	2   2   1 
5045	2   7   2 
5047	2   2   6 
5049	2   7   6 
5051	2   7   2 
5053	2   2   6 
5055	2   6   7 
5057	2  10   6 
5059	2   6   9 
5061	2  10   9 
5063	2  10   6 
5065	2   6   9 
5067	6  14   9 
5067	2   6   7 
5069	2   7   2 
5071	2   2   6 
5073	6  12   4 
5073	2   7   6 
5075	2   7   2 
5075	2  14  10 
5077	2   2   6 
5079	6  12   8 
5079	2   5   2 
5079	2  14  10 
5081	2   2   1 
5083	2   6   7 
5085	2   1   5 
5087	2   6   9 
5089	6  15  13 
5089	2   2   5 
5091	2   2   1 
5093	2   1   5 
5095	2   5   2 
5097	2   9   5 
5099	2   5   6 
5101	2   9   6 
5103	2   9   5 
5105	2   5   6 
5107	2   6   9 
5109	2   6   9 
5111	2   5   2 
5113	2   2   1 
5115	2   1   5 
5117	2   2   5 
5119	2   2   1 
5121	2   1   5 
5123	2   5   2 
5125	2   2   1 
5127	2   9   5 
5129	2   5   6 
5131	2   9   6 
5133	2   9   5 
5135	2   5   6 
5137	2   6   9 
5139	2   6   7 
5141	2   1   5 
5143	2   5   2 
5145	2   1   2 
5147	2   1   5 
5149	2   5   2 
5151	2   2   1 
5153	2   7   2 
5155	2   2   6 
5157	2   7   6 
5159	2   7   2 
5161	2   2   6 
5163	2   6   7 
5165	2  10   6 
5167	2   6  14 
5169	2  10  14 
5171	2  10   6 
5173	2   6  14 
5175	2   6   7 
5177	2   7   2 
5177	2  14  10 
5179	2   2   6 
5181	2  14  10 
5183	2   7   6 
5185	2   7   2 
5187	2   2   6 
5189	2   6   7 
5191	2   6   7 
5193	2   2   1 
5195	2   1   5 
5197	2   5   2 
5199	2   1   2 
5201	2   1   5 
5203	2   5   2 
5205	2   2   1 
5207	2   7   2 
5209	2   5  13 
5211	6   5   1 
5217	2   2   6 
5211	6  13  12 
5219	2   7   6 
5221	2   7   2 
5223	2   2   6 
5225	2   6   7 
5217	6  15  13 
5223	6  13   8 
5227	2  10   6 
5229	2   6  14 
5231	2  10  14 
5233	2  10   6 
5235	2   6  14 
5229	6   8   0 
5237	2   6   7 
5239	2   7   2 
5241	2   2   6 
5243	2   7   6 
5245	2  14  10 
5245	2   7   2 
5247	2  10  11 
5249	2  14  15 
5251	2  14  11 
5249	2   2   6 
5251	2   2   0 
5253	2   6   7 
5255	2   7   3 
5257	2   1   3 
5255	6  15  10 
5261	2   9   5 
5263	2   0   5 
5261	6  11   3 
5267	6  14  13 
5267	2   6   4 
5269	6   7   5 
5275	6   2   0 
5281	2   0   4 
5275	2  11  10 
5277	2  10  14 
5279	2  14  11 
5281	2  10  11 
5281	6   3   2 
5283	2   4  12 
5283	2  10  14 
5285	2  14  11 
5287	2  11  10 
5289	2   7  11 
5291	2  11   3 
5293	2   7   3 
5295	2   7  11 
5297	2  11   3 
5299	2  11  10 
5301	2   3   7 
5301	2  10  14 
5303	2  14  11 
5305	2  10  11 
5307	2   3   7 
5307	2  10  14 
5309	2  14  11 
5311	2  11  10 
5313	2   7  11 
5315	2  10  14 
5317	2  11   3 
5319	2   7   3 
5321	2   7  11 
5323	6   6   3 
5285	6  12   4 
5329	2  11   6 
5291	6  12   8 
5317	6   9   8 
5331	2   6   7 
5333	6   8   5 
5333	2  14  11 
5335	2  11  10 
5337	2  14  10 
5339	6   1   0 
5339	2  14  11 
5341	2  11  10 
5343	2  10  14 
5345	2   6   2 
5347	2   2  10 
5349	2  10   6 
5351	2   2   6 
5353	2   2  10 
5355	6   9   1 
5361	6   5   2 
5361	6  15  13 
5367	6  13   8 
5367	2  10   6 
5369	2   6   5 
5373	2   4   6 
5373	6  15  13 
5375	2   6   1 
5377	2   4   1 
5379	2   4   6 
5381	2   6   1 
5383	2   6   5 
5385	2   5  10 
5387	2  10   6 
5389	2   5   6 
5391	2   5  10 
5393	2   1   4 
5395	2   1   4 
5393	2  10   6 
5395	2  10  14 
5397	2  14  11 
5397	2   6   5 
5399	2  11  10 
5401	2  14  10 
5403	2   6   5 
5403	2  14  11 
5405	2  11  10 
5407	2  10  14 
5409	2   5  10 
5411	2  10   6 
5413	2   5   6 
5415	2   5  10 
5417	2  10   6 
5419	2   6   5 
5421	2   4   6 
5423	2   6   1 
5425	2   4   1 
5427	2   4   6 
5429	2   6   1 
5431	2   6   5 
5433	2   5  10 
5435	2  10   6 
5435	2   1   4 
5437	2   5   6 
5439	2   5  10 
5441	2   1   4 
5441	2  10   6 
5443	2  11  10 
5445	2  10  14 
5447	2   6   5 
5447	2  14  11 
5449	2  10  11 
5451	2  10  14 
5453	2   6   7 
5455	2  14  11 
5457	2  11  10 
5459	2   7  11 
5461	2  11   6 
5463	2   7   6 
5465	2   7  11 
5467	2  11   6 
5469	2   6   7 
5471	2   6   7 
5473	2  11  10 
5475	2  10  14 
5477	2  14  11 
5479	2  10  11 
5481	2  10  14 
5483	2  14  11 
5485	2  11  10 
5487	2   7  11 
5489	2  10  14 
5491	2  11   6 
5493	2   7   6 
5495	2   7  11 
5497	2  11   6 
5499	2   6   7 
5501	2   6   5 
5501	2  14  11 
5503	2  11  10 
5505	2   2   7 
5505	2  14  10 
5507	2  14  11 
5509	2  11  10 
5511	2  10  14 
5513	2   5  10 
5515	2  10   6 
5517	2   5   6 
5519	2   5  10 
5521	2  10   6 
5523	2   6   5 
5525	2   4   6 
5527	2   6   1 
5529	2   4   1 
5531	2   4   6 
5533	2   6   1 
5535	2   6   5 
5537	2   5  10 
5539	2   1   4 
5539	2  10   6 
5541	2   5   6 
5543	2   5  10 
5545	2   1   4 
5545	2  10   6 
5547	2  10  14 
5549	2  14  11 
5549	2   6   5 
5551	2  11  10 
5553	2  14  10 
5555	2   6   5 
5555	2  14  11 
5557	2  11  10 
5559	2  10  14 
5561	2   5  10 
5563	2  10   6 
5565	2   5   6 
5567	2   5  10 
5569	2  10   6 
5571	2   6   5 
5571	2  15  11 
5573	2   4   6 
5575	2   6   1 
5577	2   4   1 
5577	6  11   7 
5583	6   7   2 
5589	2   4   6 
5591	2   6   1 
5593	2   6   5 
5595	2   5  10 
5597	2  10   6 
5599	2   5   6 
5601	2   5  10 
5603	2  10   6 
5605	2   6   5 
5607	6  14  10 
5607	2   8   5 
5609	2   1   4 
5611	2   3   1 
5613	2   9   6 
5615	2   3   7 
5613	2   0   4 
5615	2   9   1 
5617	2   0   2 
5617	2  10   9 
5619	2   9  11 
5621	2  11  10 
5623	2   9  10 
5625	2   9  11 
5627	2  11  10 
5619	6   3   2 
5625	6   1   0 
5629	2  10   9 
5631	2   7  10 
5633	2  10   2 
5635	2   7   2 
5635	2  13  14 
5637	2   7  10 
5639	2  10   2 
5641	2   2   7 
5641	2  10   9 
5643	2  13   5 
5645	2   9  11 
5647	2  11  10 
5649	2   9  10 
5649	2   2   7 
5651	2   9  11 
5653	2  11  10 
5655	2  10   9 
5657	2  13   8 
5659	2   9  11 
5661	2   7  10 
5663	2  10   2 
5665	2   7   2 
5667	2   7  10 
5669	2  10   2 
5671	2  11  10 
5673	2   2   7 
5675	2   2   1 
5673	2  10   9 
5675	2  11   9 
5677	6   6   2 
5683	2  11  10 
5685	2  10   9 
5687	2   9  11 
5689	2   7  15 
5689	2   1   9 
5691	6  15  11 
5691	2   9   6 
5693	2   1   6 
5695	2   1   9 
5697	2   9   6 
5699	2   6   1 
5701	6  10   7 
5707	2  11   6 
5709	2   6  10 
5711	2  11  10 
5713	2  11   6 
5715	2   6  10 
5717	2  10  11 
5719	2  10  11 
5721	2  11   6 
5723	2   6  10 
5725	2  11  10 
5727	2  11   6 
5729	2   6  10 
5731	2  10  11 
5733	6  15  14 
5739	2   8  10 
5741	2  10  13 
5743	2   8  13 
5743	6  15   7 
5749	2   8  10 
5751	2  10  13 
5753	2  13   8 
5755	2  13   8 
5753	2  10  11 
5755	2  11   6 
5757	2   6  10 
5759	2  11  10 
5761	2  11   6 
5763	2   6  10 
5765	2   6   1 
5765	6  15  13 
5771	2  10  11 
5773	2   1   9 
5775	2   9   6 
5777	2   1   6 
5779	6   8   5 
5779	2  10  11 
5781	6  15   7 
5785	2   1   9 
5787	2   9   6 
5789	2   9  14 
5791	2   6   1 
5791	2  14  13 
5793	2  13   9 
5795	2  14   9 
5797	2  14  13 
5797	2   6   1 
5799	2  13   9 
5801	2   9  14 
5803	2   1   9 
5805	2   9   6 
5807	2   1   6 
5809	2   1   9 
5811	2   9   6 
5813	2   6   1 
5815	2  11   6 
5817	2   6  10 
5819	2  11  10 
5821	2  11   6 
5823	2   6  10 
5825	2  10  11 
5827	2   5  10 
5829	2  10   7 
5831	2   5   7 
5833	2   5  10 
5835	2  10   7 
5837	2   7   5 
5839	2  10  11 
5841	2   7   5 
5843	2  11   6 
5845	2   6  10 
5847	2  11  10 
5849	2  11   6 
5851	2   6  10 
5853	2  10  11 
5855	2   6   1 
5857	2   1   9 
5859	2   9   6 
5861	2   1   6 
5863	2   1   9 
5865	2   9   6 
5867	2  13   9 
5867	2   6   1 
5869	2   6  10 
5871	2   9  14 
5873	2  14  13 
5873	6   6   5 
5879	2   9  13 
5881	2   9  14 
5883	6  11   6 
5883	2  14  13 
5885	2  13   9 
5889	2  10  13 
5891	2  13   5 
5893	2  10   5 
5895	2  10  13 
5897	2  13   5 
5899	2   5  10 
5901	2   5  10 
5903	2  13   9 
5905	2   9  14 
5907	2  14  13 
5909	2   9  13 
5911	2   9  14 
5913	2  14  13 
5915	2  13   9 
5917	2  10  13 
5919	2  13   5 
5921	2   9  14 
5923	2  10   5 
5925	2  10  13 
5927	2  13   5 
5929	2   5  10 
5931	2  10   6 
5933	2  14  13 
5933	2   5   1 
5935	2  13   9 
5937	2  14   9 
5939	2  14  13 
5941	2  13   9 
5943	2   9  14 
5945	2   1   9 
5947	2   9   5 
5949	2   1   5 
5951	2   1   9 
5953	2   9   5 
5955	2   5   1 
5957	2   6   5 
5959	2   5  10 
5961	2   6  10 
5963	2   6   5 
5965	2   5  10 
5967	2  10   6 
5969	2  11  10 
5971	2  10   7 
5973	2  11   7 
5975	2  11  10 
5977	2  10   7 
5979	2  10   6 
5981	2   6   5 
5983	2   5  10 
5985	2   6  10 
5987	2   6   5 
5989	2   5  10 
5991	2   7  11 
5993	2   7  11 
5991	2   5   1 
5993	2   1   9 
5995	2  10   6 
5997	2  10   6 
5999	2   9   5 
6001	2   1   5 
6003	2   1   9 
6005	2   9   5 
6007	2   9  14 
6009	2   5   1 
6009	2  14  13 
6011	2  13   9 
6013	2  14   9 
6015	2  14  13 
6015	2   5   1 
6017	2  13   9 
6019	2   9  14 
6021	2   1   9 
6023	2   9   5 
6025	2   1   5 
6027	2   1   9 
6029	2   9   5 
6031	2   5   1 
6033	2   6   5 
6035	2   5  10 
6037	2   6  10 
6039	2   6   5 
6041	2   5  10 
6043	2  10   6 
6045	2  11  10 
6047	2  10   7 
6049	2  11   7 
6051	2  11  10 
6053	2  10   7 
6055	2  10   6 
6057	2   6   5 
6059	2   5  10 
6061	2   6  10 
6063	2   6   5 
6065	2   5  10 
6067	2  10   6 
6069	2   5   1 
6069	2   7  11 
6071	2   1   9 
6073	2   9   5 
6075	2   1   5 
6077	2   1   9 
6079	2   9   5 
6081	2   5   1 
