   1	2   1   9 
   1	6  15   7 
   3	2   9   8 
   5	6   9   4 
  11	2   4   0 
  11	2   6  10 
  13	6   7   5 
  13	6  14  13 
  19	2   9   5 
  19	6  15  14 
  19	6   7   2 
  25	2   9  11 
  27	2   9  14 
  27	6  11   7 
  29	2   5  13 
  31	2  13   8 
  31	6   1   0 
  33	6  14   9 
  33	6   7   6 
  37	6   4   0 
  39	6  13  10 
  43	6   2   0 
  45	2  10  11 
  45	6  13   8 
  49	2   5   6 
  47	6  15  11 
  51	2   4   9 
  53	2   1   6 
  53	2  13  15 
  55	2   4   0 
  55	2   9  12 
  55	6   7   6 
  57	2   1   0 
  59	2   8   0 
  61	6   9   6 
  55	6  15  14 
  67	2   9  12 
  69	2   9  14 
  71	2   8  12 
