   1	2   8  13 
   1	6   7   6 
   3	6  14  12 
   7	6   7   2 
   9	2   8  12 
  11	2  12   4 
  13	2  14   6 
  15	2   8  10 
  17	2  13   5 
  17	6  11   7 
  19	6  13   5 
  25	2  14  11 
  25	2   5   1 
  25	6  12   8 
  27	6   2   0 
  31	2  14   9 
  33	2   6   9 
  33	6   4   0 
  33	6  15  14 
  35	6   7   2 
  39	2   9   4 
  41	2   7  11 
  41	6   5   2 
  43	6  11   7 
  47	2   8   5 
  49	2   6  14 
  49	6   8   0 
  51	2  11  14 
  53	2  11  10 
  55	2   8   5 
  57	2   8   4 
  55	6   7   3 
  59	6  13   9 
  61	2   3   1 
  63	2   2   0 
  65	2   5   7 
  67	2   7  10 
  67	6   5   4 
  69	6  10   7 
  73	2   0   4 
  75	2   1   9 
  77	2  10   5 
  77	6   3   2 
  79	2  10  15 
  81	2   9  14 
  83	2  10   9 
  83	6   3   1 
  85	6  10   8 
  91	2   8   5 
  93	2   5   7 
  95	2   5   2 
  97	2   7   6 
  97	6   9   4 
  99	2   7   2 
 101	6   3   2 
 103	2  15  10 
 105	2  15  14 
 107	2  11   3 
 107	2   1   4 
 109	2   9  10 
 109	2   1   2 
 111	2  10  14 
 111	2   0   2 
 113	2  15   7 
 113	6   9   4 
 115	6  15  11 
 115	6   2   1 
 121	2  15  13 
 121	6   5   2 
 123	6  14  10 
 127	2   7   2 
 127	6   8   0 
 129	2  11   3 
 131	6  11   6 
 133	6  14  13 
 137	6   3   2 
 139	2  15  11 
 141	2  14  11 
 143	2   9  10 
 145	2  14  12 
 147	2   5  10 
 149	2   4  12 
 149	2  10  15 
 151	2   5   8 
 153	2   8   0 
 153	2   6  14 
 155	2   5   4 
 157	2   8  13 
 157	6   5   1 
 159	6  12   8 
 155	6  11   7 
 161	6  14  11 
 165	2   8   5 
 163	6   3   2 
 167	2  10   5 
 167	6  12   8 
 169	2   0   5 
 171	2   0   2 
 173	2   2   7 
 173	2  14  12 
 175	2   6  14 
 177	6  14  12 
 177	6   6   3 
 183	2   9   6 
 183	2  14  15 
 185	2   6  11 
 185	2  12   8 
 187	2   3   6 
 187	6  15  13 
 189	6   6   1 
 193	6  13   8 
 195	2   6  10 
 197	6   6   5 
 199	6  14  11 
 203	2   8   4 
 205	2   5   8 
 207	2  11   6 
 209	2   3  11 
 211	6   7   5 
 211	6  15  14 
 217	2   9   5 
 219	2   9   4 
 219	6   7   6 
 221	6  14  13 
 221	6   1   0 
 227	2   5  13 
 229	2  13  15 
 229	6   6   4 
 231	6  15  13 
 235	6   5   4 
 241	2   5   9 
 243	2  10   9 
 245	2  12   4 
 245	2  10   6 
 247	6   9   1 
 247	6  11   7 
 253	2   9  13 
 253	6   6   1 
 255	2  13  15 
 257	6  15  13 
 259	6   4   0 
 263	2  15  11 
 265	2   9   4 
 265	6  15   7 
 267	2   8   4 
 269	6   4   1 
 269	6  13   9 
 275	2  13  15 
 275	6   7   2 
 277	2  14  15 
 277	2   8   4 
 279	6   8   0 
 279	6  14  10 
 285	2   6   9 
 285	6  15  14 
 287	2   9   8 
 289	2   5   2 
 291	2  10   7 
 291	2   2   1 
 293	2   2   3 
 293	6  10   8 
 295	2   3   1 
 299	2  11  10 
 299	6   4   1 
 301	2  11   7 
 303	6   7   6 
 301	6  14  13 
 307	6  12   9 
 309	6  11   7 
 313	2   5  13 
 315	2   1   6 
 317	2   1   9 
 319	2   9  12 
 319	6   2   1 
 321	2   9  11 
 323	6  12   9 
 323	6  15  11 
 329	2   2  10 
 331	2  10   9 
 331	6   2   0 
 333	2  10  11 
 335	6  15  10 
 337	2   0   8 
 339	6  12   8 
 341	2   3  11 
 343	2   5  10 
 345	2  13  12 
 345	2   4   6 
 347	2  13  14 
 347	2   6   7 
 347	6   8   4 
 349	2  10   2 
 351	2   7   2 
 351	6  14  10 
 353	6   3   1 
 357	6  13  12 
 359	2   1   4 
 359	2   6  10 
 361	6   3   1 
 363	6  14  11 
 367	2   4   1 
 369	2   2  10 
 371	2   9  14 
 371	6   7   6 
 373	6  13   8 
 377	2   5   1 
 377	6  15   7 
 379	2   1   0 
 381	6   8   5 
 383	2   3   7 
 383	2  10  14 
 385	2  10  11 
 385	6   3   2 
 387	2  14  11 
 389	2  10  13 
 391	2   6   5 
 391	2  14  13 
 393	2   4   6 
 393	6  13  12 
 395	6  10   7 
 395	6   2   1 
 399	6  12   8 
 401	6   6   3 
 407	2  10  13 
 409	2   1   9 
 411	2  10   8 
 413	6   9   6 
 413	6  15  14 
 419	2  13   9 
 419	6   3   1 
 421	2   9  14 
 423	6  13  10 
 425	6   4   1 
 429	2  10   6 
 431	2   9   4 
 431	6   2   1 
 433	2   9   8 
 431	6  11   7 
 435	6  14   9 
 437	6   1   0 
 441	2  14  15 
 443	2  12   4 
 443	6  10   7 
 445	2   8   0 
 447	6  12   8 
 449	2   6   5 
 451	2   5  10 
 453	2   8   9 
 455	2   9   1 
 457	2   5   1 
 457	6  13   8 
 459	2   1   2 
 461	2   2   3 
 463	2   1   4 
 463	2  11   3 
 465	2   4   8 
 465	2   3   7 
 465	6  14  13 
 467	6   7   2 
 471	2   4   9 
 471	6  15  14 
 473	2   9   8 
 475	2   8   5 
 477	2  13   5 
 479	2   9   6 
 481	2   7  15 
 481	6   9   1 
 487	2   9  10 
 489	2  11  10 
 489	6  13  12 
 491	2  11  15 
 493	2  11   3 
 495	2  10   2 
 497	2  13  15 
 499	6  14  12 
 497	6   5   4 
 503	6   6   5 
 505	2  14  15 
 505	6  12   8 
 509	2  14  10 
 511	2   8   4 
 511	6  15  10 
 513	6   1   0 
 517	2  10   9 
 519	2   8   5 
 519	6  11  10 
 521	2   5   1 
 523	2   1   2 
 525	2  10   8 
 527	2  10   2 
 529	2   3   2 
 529	2   8   0 
 529	6  11  10 
 531	2   8   5 
 535	2   3   6 
 535	2  14  12 
 537	2   6   7 
 537	6  12   4 
 539	2   7  15 
 541	6  10   2 
 547	2   9   1 
 547	6  15   7 
 549	6   4   1 
 553	2  15  13 
 553	6   7   3 
 555	2   9  10 
 557	6   9   4 
 559	2   7  15 
 561	6  11   3 
 563	2   9  13 
 565	2  13  12 
 563	6   4   0 
 567	6  14  12 
 569	2   6   1 
 571	2   2   5 
 573	2   9   4 
 573	6   7   2 
 575	6   9   4 
 579	6   7   6 
 581	6  13  12 
 585	2   1   5 
 585	2  15   7 
 587	2   2   1 
 587	2  11  14 
 589	2   1   6 
 589	2  15  13 
 591	2  10   6 
 591	6   4   1 
 591	6  13  12 
 597	2   3   1 
 597	2  14   9 
 599	2   4  12 
 599	6  10   2 
 601	6   8   4 
 605	2  10  14 
 605	6   7   2 
 607	6  13   9 
 611	2   1   4 
 611	6   7   6 
 613	6   4   0 
 617	6  11   3 
 619	6   8   0 
 623	6  11  10 
 625	2   1   2 
 627	6   3   1 
 629	2  10   9 
 631	2  10  13 
 633	2   6   2 
 633	6  15  13 
 635	2   6   4 
 639	2   9   5 
 639	2   7  15 
 641	2   9   8 
 641	6  15   7 
 643	2   5   4 
 645	2   4   1 
 645	6  13   9 
 651	2   4   9 
 653	2   9  11 
 655	2   5   7 
 655	6  14  12 
 657	6   4   1 
 661	2   9  13 
 663	2   8  12 
 663	6   6   1 
 665	6   8   4 
 669	2   6  10 
 671	2  12   8 
 671	2   6   1 
 673	6  10   8 
 673	6   2   1 
 679	2  10  14 
 679	6   7   2 
 685	2  11  10 
 687	2  10   5 
 689	2  10  15 
 691	2  11   7 
 693	2   7   2 
 695	6  11   3 
 691	6   9   5 
 697	6   5   1 
 701	2  15  11 
 697	6  13  12 
 703	2  11   9 
 705	2   9  14 
 705	6   6   2 
 707	6  15  13 
 713	2  13   5 
 713	2  11  15 
 715	2   5   8 
 715	6  14  10 
 717	2   5   0 
 717	6  12   8 
 721	2   6  10 
 723	6   6   4 
 729	2  10   6 
 729	2   4   8 
 731	2  12   8 
 731	6   2   0 
 731	6  15  10 
 737	2   2   6 
 739	2   2  10 
 741	2   6  10 
