   1	6  12   2 
   1	6  24  23 
   1	6  15   5 
   7	6  17  15 
  13	2  17  19 
  15	6  18  12 
  13	6  20  15 
  21	2  18  23 
  21	6  12   7 
   1	6   9   4 
  15	6  14   9 
  19	6  16  15 
  23	6  23  19 
  27	2  17  16 
  27	6  13   8 
  29	2  23  22 
  27	6  10   6 
  31	6  23  17 
  33	6   3   1 
  37	2  18  12 
  39	2  19  13 
  39	6  11   1 
  41	2  23  24 
  43	2  18  14 
  39	6   4   3 
  45	2  12   7 
  45	6  14   4 
  47	2   7  11 
  49	2  11  16 
  45	6  24  23 
  51	2  19  14 
  51	2  12   2 
  53	2   7   8 
  53	2  17  23 
  55	2  11   1 
  55	6  14   8 
  57	6  17  16 
  61	2   8   2 
  57	6   6   5 
  63	2   8   6 
  63	6  19  17 
  65	2   2   6 
  67	6   3   1 
  69	2  14  19 
  71	6  13  12 
  73	6   9   3 
  73	6  10   5 
  69	6  22  16 
  77	6  23  17 
  79	2  14   9 
  79	6   7   6 
  81	6   4   3 
  85	2  12  10 
  81	6  19  14 
  87	2   7   9 
  87	2  10  16 
  89	2  12  17 
  89	6   3   1 
  91	6  14  12 
  91	6  23  22 
  95	6   5   1 
  97	2   7  12 
  99	2  12  22 
  97	6  19   9 
 101	2  10   5 
 103	2   7  17 
 103	6  10   5 
 105	2  24  22 
 105	2   7   2 
 107	2  24  23 
 107	2  12  13 
 109	2  16  10 
 109	2   8   2 
 109	6  24  18 
 111	6  16   6 
 115	2   8  14 
 117	2   6   5 
 117	2  17  13 
 119	6  18  16 
 119	6   9   7 
 125	2  23  18 
 125	2   6   7 
 125	2  16  10 
 127	6   8   6 
 127	6  23  17 
 133	2  17  11 
 133	6  24  14 
 135	2   5  11 
 137	2   6  10 
 133	6   3   2 
 135	6  22  17 
 139	2   8  14 
 139	6   6   5 
 141	2  17  19 
 143	2  24  19 
 141	6   8   3 
 143	6  17  12 
 145	6  20  10 
 149	2   8  18 
 151	2  23  18 
 151	6   8   6 
 153	2  17  23 
 151	6  21  20 
 155	6  24  23 
 157	2   8  14 
 157	2  17  12 
 159	2   3   8 
 159	6  21  17 
 161	6   9   7 
 165	2  23  17 
 167	2  19   9 
 167	2  21  22 
 169	2   9  14 
 169	6  23  17 
 169	6   7   3 
 171	6  14   9 
 175	2  24  23 
 175	6  16  12 
 177	2   9   3 
 177	6  19  18 
 179	6   9   3 
 183	2  24  19 
 181	6  12   7 
 185	2   9  19 
 175	6   5   1 
 187	2   3   7 
 187	6  23  17 
 189	2   3   1 
 187	6  19  14 
 191	6   3   1 
 193	2  12  18 
 195	2  12  16 
 195	6  23  18 
 197	2   8  14 
 199	6   9   3 
 197	6   6   1 
 201	6  19  18 
 205	2   3   1 
 203	6  12  11 
 207	6   3   1 
 209	2  13  12 
 207	6  24  22 
 213	2   7  13 
 213	6  22  16 
 215	2  13   9 
 215	2   6   1 
 217	2  19   9 
 217	6   6   1 
 219	2   8  18 
 221	2  18  12 
 221	6   9   3 
 223	2  18  23 
 223	2   6  16 
 225	6  18  12 
 225	6   6   1 
 231	2  23  18 
 231	2  14   8 
 231	6  16   6 
 233	2  19   9 
 235	6  19  13 
 241	2  19  24 
 241	2   7  17 
 243	2  18  22 
 243	6  14   9 
 245	2  16  22 
 243	6   7   1 
 247	6  24  18 
 249	6   8   6 
 247	6  21  16 
 253	6  23  21 
 255	6   4   3 
 259	2  14  18 
 259	6  16   6 
 261	2   8  14 
 263	2  23  19 
 265	2  13  17 
 265	6   6   2 
 267	2   8  13 
 267	2  22  17 
 269	2   9  14 
 269	2  22  21 
 271	2  13  12 
 271	6   9   4 
 271	6  16  10 
 273	6  13   7 
 277	6  10   0 
 279	2  19   9 
 281	2  19  24 
 279	6  17  12 
 283	2   4   2 
 283	6  24  23 
 285	2   7  11 
 287	2   0   2 
 285	6  14   9 
 287	6  12  11 
 289	6   5   0 
 293	2  13  18 
 289	6   3   2 
 295	2   5  11 
 295	2   3   9 
 295	2  17  18 
 297	6  19   9 
 297	6  22  12 
 297	6   2   1 
 303	2  22  23 
 303	6  12   2 
 305	2  24  19 
 307	6  19  14 
 307	6  23  22 
 309	6  16  12 
 313	2  23  18 
 315	2  22  16 
 315	6  24  14 
 317	2  16  11 
 319	2  16  21 
 315	6   7   2 
 321	2  17  19 
 323	2  24  22 
 323	6  13  11 
 325	6  22  21 
 329	2  14  13 
 331	2   7  17 
 331	6  24  19 
 333	2   7   9 
 335	2   7  11 
 337	2  24  22 
 337	6  14  13 
 339	2  17  23 
 341	2  17  11 
 343	2   7  17 
 345	6  19  17 
 345	6   7   2 
 351	2  17  22 
 351	6  11   7 
 353	6  22  17 
 357	6  14   8 
 359	2  17  11 
 361	2  17  23 
 363	2  23  21 
 363	6   8   6 
 365	6  17  16 
 369	6   8   4 
 371	2  11   6 
 373	2   6   5 
 373	6  17  12 
 365	6  24  19 
 375	6   3   1 
 379	2  13  12 
 381	2   8  12 
 383	2   8  18 
 383	2  11   1 
 385	2   8  14 
 385	6   2   1 
 387	6  13  12 
 385	6  23  21 
 387	6   9   4 
 385	6  10   5 
 391	6  10   6 
 393	2  13  19 
 395	2  23  19 
 393	6   4   3 
 397	2  19  14 
 397	6  12   6 
 399	2   3   2 
 401	6  19   9 
 403	2   1   6 
 405	6   7   2 
 411	2  14  12 
 411	2   3   2 
 413	2  12  18 
 413	6   3   1 
 415	2  24  14 
 417	2  24  23 
 417	6  13  12 
 419	2   3   9 
 419	6  24  19 
 423	2   6  12 
 421	6   9   3 
 425	6  18  12 
 425	6   6   1 
 431	2  12   7 
 431	2   9  19 
 433	2   2   7 
 433	6  23  17 
 435	2   1   3 
 437	6   3   1 
 439	6  18  12 
 443	2   9   3 
 445	2   7  12 
 447	6  17   7 
 443	6  10   5 
 453	2   2   7 
 453	2  17  18 
 453	6  11   5 
 455	6  22  17 
 459	2   7  11 
 461	2  11  16 
 461	6   7   2 
 463	2  16  21 
 461	6  18  13 
 463	6  10   5 
 467	2   7  17 
 469	2  12  13 
 469	6  10   6 
 471	6  13  12 
 477	2  12   6 
 479	2   9   7 
 481	6   8   6 
 479	6  18  17 
 487	2  11   6 
 489	6  12   6 
 489	6  15  10 
 487	6   3   2 
 495	2  12  17 
 495	6   3   1 
 497	2  17  15 
 499	2  17  18 
 499	6  15  11 
 501	6   9   3 
 505	2  16  18 
 507	2  12  14 
 507	6  21  15 
 509	2  14   9 
 509	6  12   2 
 511	6  19  14 
 515	2  12  16 
 513	6  23  22 
 517	6  11   7 
 519	2  23  19 
 521	6  23  21 
 523	2   8   7 
 525	6  12   2 
 527	6  15   5 
 531	2  23  18 
 531	6   8   7 
 533	6  23  17 
 537	2   7   5 
 537	6  14   9 
 539	2  17  12 
 541	2  21  11 
 541	6  23  18 
 543	2   9   7 
 545	2  11  12 
 545	6  14   9 
 545	6   5   1 
 547	6  21  17 
 551	2   7   9 
 553	2   7   6 
 553	2  14  18 
 555	2  16   6 
 555	6  13   9 
 557	6   2   1 
 561	2  17  18 
 557	6  21  15 
 563	2   8   2 
 563	6  15   5 
 565	2  13  18 
 567	6  14   8 
 569	6   2   1 
 573	2  19  14 
 567	6  23  22 
 573	6  22  12 
 575	2   5   1 
 575	2  19   9 
 577	6   9   3 
 579	2  17  19 
 581	2  17  18 
 579	6   6   1 
 577	6  15  10 
 583	6  18  16 
 585	2   2   3 
 587	6   3   1 
 589	2  18  14 
 589	6  11  10 
 589	6  22  21 
 591	6  19  18 
 595	2  12   6 
 593	6   9   3 
 597	2  12  11 
 599	2   6   1 
 599	2  14   9 
 601	2   2   3 
 601	2  13  11 
 603	2  18   8 
 603	2  21  11 
 605	2  17   7 
 605	6  14   4 
 605	6  10   5 
 607	6   7   1 
 611	6  19   9 
 613	2  10  12 
 615	2  10   5 
 617	2   2   4 
 617	2  10  16 
 617	6  18  13 
 619	6   4   2 
 623	2  12  16 
 625	2  13   7 
 625	2   4   9 
 627	2   3   7 
 629	2  12   6 
 631	6   8   6 
 625	6  21  15 
 631	6  18  17 
 637	2   5   6 
 637	2   3   8 
 639	2   5  15 
 639	6  12   2 
 637	6  19  14 
 641	6   5   0 
 645	2  12  11 
 643	6  19   9 
 647	2   7  11 
 647	6   1   0 
 649	2  15  17 
 651	2  17  11 
 649	6   4   3 
 653	2  17  19 
 653	6  10   0 
 655	6  17   7 
 659	2  15  10 
 661	2   3   1 
 661	2  12  14 
 661	6  15  10 
 663	2   3   2 
 665	2   7   2 
 663	6  19  17 
 667	2   1   0 
 669	2  17  15 
 669	6   7   6 
 669	6  14   9 
 671	6  18  17 
 675	2   9   7 
 675	6  10   0 
 677	2   9   8 
 679	2   3   7 
 677	6  19  17 
 681	2   6   0 
 681	6   3   2 
 683	2  10  11 
 683	6  19  14 
 685	6  12   6 
 687	6   8   3 
 691	2  12  17 
 691	6   6   1 
 693	2   8  14 
 693	6  17  12 
 695	6   9   8 
 697	6  10   5 
 701	2  12   8 
 703	2  12  11 
 705	2   5   7 
 705	6  18  16 
 707	6   7   6 
 711	6  17  15 
 703	6   9   4 
 711	6  14   9 
 713	6   6   0 
 717	2   8  18 
 719	2  17  18 
 719	2   8   3 
 721	2   7  13 
 723	2  18  16 
 723	6   7   1 
 725	6  18  14 
 729	2   6  16 
 729	6   8   3 
 731	2  17  18 
 733	6  12   6 
 735	6  19   9 
 739	6  16   6 
 745	2  13  11 
 747	2  12  18 
 749	2  13   7 
 751	2   6   8 
 751	2  17  19 
 753	6  18   8 
 753	6   6   0 
 759	2   7   8 
 759	2  18  19 
 761	2   7   6 
