   1	2   2   6 
   1	2  12  13 
   3	2   2  10 
   3	6  12   4 
   5	6  14  10 
   9	2   4   1 
  11	2   6   5 
  11	2  14  12 
  13	2   6  10 
  13	6   8   0 
  15	6  10   7 
  19	2   4   5 
  21	2  13  10 
  21	2   2   0 
  23	2   2   6 
  23	6  14  11 
  23	6  12   8 
  25	6   3   1 
  29	2  13  14 
  31	2   3   7 
  31	6   1   0 
  33	2  11  14 
  35	2   8  10 
  37	2   3   1 
  37	6  14  11 
  39	2   2   3 
  37	6   9   8 
  41	6   3   2 
  43	2   5  10 
  45	6  13  10 
  47	6   4   1 
  51	2  11   7 
  53	2   7  10 
  55	2   6   2 
  55	2   9   4 
  57	2  10  14 
  57	6   3   1 
  59	6  10   9 
  63	2   7   3 
  65	2   6  11 
  67	2   9   5 
  67	6   7   2 
  69	6   4   0 
  73	2   7  10 
  75	2   2   0 
  75	6  11  10 
  77	2   1   5 
  79	6   5   2 
  85	2   3   2 
  85	6  10   5 
  69	6  13  12 
  75	6  12   8 
  91	2   5   0 
  91	2   3  11 
  93	2   0   8 
  93	2   7   3 
  95	2   1   6 
  95	6  14  13 
  97	6   2   0 
 101	6  11  10 
 107	2   5  13 
 107	2   7  11 
 109	2  13   8 
 109	2   7   2 
 111	2   8  10 
 113	2   1   9 
 115	2   5   2 
 117	2   3  11 
 117	6   8   5 
 119	6  11   7 
 123	6   9   1 
 129	2   6   5 
 131	2   6   1 
 133	2   1   0 
 133	2   9  10 
 135	2   8   0 
 135	6  11   3 
 137	2   8  13 
 139	6   8   0 
 141	2  11  10 
 143	6   6   2 
 145	6   4   0 
 149	2   6  10 
 151	2   7   5 
 153	2  13   5 
 153	2  11   7 
 155	2   9   1 
 157	2  13   8 
 157	2   1   3 
 157	6  11  10 
 159	6   2   1 
 163	2   9  13 
 165	2   9   6 
 167	2   4   6 
 169	2   4   8 
 169	2   6   3 
 171	2   4   1 
 171	6  11   3 
 173	6   5   1 
 179	2   7   5 
 181	2   2   3 
 181	2  10   8 
 183	6   3   1 
 183	6  13  10 
 189	2   7   3 
 189	6   9   1 
 191	6   7   3 
 195	2  13   9 
 195	6   4   0 
 197	2  10   7 
 199	2   3   2 
 199	6  10   9 
 201	2   2   1 
 203	2   2   0 
 205	2   9   5 
 205	6   3   2 
 207	2  11  10 
 207	6  13   8 
 211	6  15   7 
 211	6   5   1 
 217	2  15  13 
 217	6   6   5 
 219	6  15  11 
 219	6  13   8 
 225	2   6  11 
 225	6  14  13 
 225	6   4   0 
 231	2  11   9 
 233	2  11  14 
 233	6   3   1 
 235	2  15  14 
 237	6  15  11 
 233	6   9   8 
 239	6   8   0 
 245	2   2  10 
 247	2   2   3 
 247	6  10   5 
 253	2  11   3 
 253	6   1   0 
 255	2  11   9 
 257	2  14   9 
 259	2   6   4 
 261	2   3   1 
 261	2   9  10 
 263	2   6   3 
 265	2  10   5 
 265	6   7   3 
 267	2   4   5 
 267	6  15  14 
 269	6   4   1 
 273	2   7  15 
 275	2  11  15 
 275	6   6   1 
 275	6   8   4 
 277	6  15  14 
 281	2   1   0 
 281	2   7   6 
 283	2  10   8 
 283	6   1   0 
 285	2   9  10 
 287	6  11   6 
 289	2   0   8 
 293	2   6   5 
 293	2  14  11 
 295	2   9   5 
 295	6   7   2 
 295	6  15  14 
 301	2   6   1 
 303	2   0   2 
 303	6  11   9 
 309	2  11   7 
 309	6   9   1 
 315	2  10   7 
 315	6   4   0 
 317	2   9  14 
 319	6  14  12 
 321	2   5   7 
 323	2   6   5 
 325	2  10   8 
 327	2   8  12 
 327	2   2  10 
 329	2   4   9 
 329	2   2   7 
 331	6   9   6 
 331	6   1   0 
 337	2   9   8 
 337	2   7   6 
 339	2   9  11 
 341	2   7  10 
 341	6   8   0 
 343	6  11   6 
 347	2  12   8 
 347	6   1   0 
 349	6  11   9 
 353	6   2   1 
 355	2   9  12 
 357	2   4   8 
 355	6  15  11 
 359	2   5   6 
 361	2   6   2 
 363	2  10   2 
 365	6   7   5 
 365	6  14  12 
 371	2   7  11 
 371	2   5   9 
 373	2  14  11 
 373	2   5   6 
 375	2   5   1 
 375	6  13   8 
 375	6  11  10 
 381	2  14  13 
 381	6   7   5 
 383	6  14  12 
 387	6   2   0 
 389	2  10  13 
 391	6  12   8 
 391	6  15  11 
 397	2   4   8 
 397	6  10   2 
 399	6   8   4 
 403	6  11  10 
 405	2   4   0 
 407	2   8  13 
 409	2   9   5 
 409	6  15   7 
 411	2   0   5 
 413	2   4   1 
 415	2   0   2 
 415	6  15  13 
 417	6   6   4 
 423	2   5  10 
 425	2  10   2 
 427	2  10   7 
 427	6   5   1 
 429	6  15  10 
 435	2   2   7 
 435	2   9   4 
 437	2  10   7 
 437	2   8   4 
 439	2  10   5 
