   1	6  17  15 
   1	6   6   5 
   1	6   9   8 
   7	2  12   6 
   7	6  22  20 
   9	2   6   8 
  11	6  10   6 
  11	6  19  14 
  17	2  12  22 
  17	2  10  15 
  19	2  17  19 
  19	6   8   6 
  21	6  22  18 
  25	6   7   1 
  27	2  18  13 
  29	2  19  14 
  29	6  23  17 
  31	6  14   8 
  35	2   6  16 
  35	6  24  23 
  37	2  13   7 
  39	2  13  11 
  37	6   1   0 
  41	2  24  14 
  41	2  12  17 
  43	6  18   8 
  41	6  15  10 
  43	6   6   1 
  49	2   8   9 
  49	2  16  18 
  51	2  16  17 
  51	6   9   7 
  53	2  18  17 
  55	2  18  16 
  57	2   9  14 
  57	6  11   7 
  59	2   9   4 
  57	6  24  18 
  63	2  10  11 
  63	6   3   1 
  63	6  14  13 
  65	6  11  10 
  69	2   7  13 
  69	6   4   3 
  71	2  11   1 
  63	6  24  22 
  71	6  18  13 
  75	2   7   3 
  73	6  10   0 
  77	6  13   7 
  79	2   0   1 
  77	6  22  17 
  83	2   1   3 
  83	2  17  13 
  85	2   7   6 
  85	6  19  13 
  87	6  11   1 
  91	6  13   8 
  93	6  17  11 
  97	6   4   2 
  99	2  17  18 
 101	2  11  12 
  99	6  21  15 
 103	2   8   6 
 105	2   2   6 
 101	6  23  18 
 107	2  23  21 
 107	6  12   6 
 109	6  21  16 
 113	2  23  13 
 113	6   6   0 
 115	2  17  12 
 117	2  12  13 
 119	6  16   6 
 119	6  13   9 
 125	2   7   6 
 125	2  17  16 
 127	2   7   8 
 127	6  21  17 
 129	2   8  14 
 131	2   8  13 
 127	6  10   0 
 133	2  17  13 
 133	6   6   1 
 135	2   9  13 
 133	6  15  10 
 137	6  19   9 
 139	2   6  16 
 141	2   6   2 
 141	6  22  16 
 143	2   1   3 
 145	2   2   3 
 143	6  24  14 
 147	2  17  15 
 147	6   7   6 
 149	2  22  24 
 149	2   3   9 
 149	6  15  10 
 151	6  24  18 
 155	2   6  16 
 151	6   9   3 
 157	2  12  18 
 157	6   3   1 
 159	2  11  17 
 161	6  16  12 
 161	6  23  22 
 163	6   5   1 
 167	2   7  12 
 167	2  22  16 
 163	6   9   3 
 169	2   2  12 
 169	2   5  10 
 169	6  19   9 
 171	2  16  12 
 173	6  11   7 
 173	6  21  20 
 175	6  23  19 
 179	2  10  20 
 179	2   7   3 
 181	2  16  18 
 181	6   9   7 
 183	2  22  23 
 183	6  20  16 
 185	6  23  19 
 189	2  10   6 
 187	6  13   8 
 191	2  10  11 
 191	6  23  21 
 193	2   6   7 
 195	2   7  11 
 197	2  16  18 
 197	6   7   5 
 199	2  17  18 
 201	2  16  21 
 201	6  19  14 
 203	2  17   7 
 205	2   7   8 
 205	2  10  16 
 205	6  23  22 
 207	2   7   3 
 207	2   9  14 
 207	2  16  20 
 209	2   3   8 
 209	2   6  12 
 211	2  23  13 
 211	6   6   2 
 213	2  18  17 
 211	6  21  15 
 215	6  13  12 
 217	6  10   6 
 221	2   8  14 
 223	2  10  11 
 223	6  14   8 
 225	2  10  15 
 227	6  11   5 
 229	6  18  14 
 233	2  11  12 
 235	2   6   8 
 235	6  17  15 
 241	2  17  12 
 241	6  21  20 
 243	2   6  11 
 245	2  11   5 
 237	6  19  14 
 247	2  21  17 
 247	6  10   6 
 249	2  19  17 
 251	2  19  23 
 253	2  16  12 
 253	6  23  22 
 255	6  13  11 
 259	6  22  20 
 261	2   6  11 
 263	6  11   6 
 265	2  13  18 
 265	2  15  20 
 261	6   9   3 
 267	6  21  17 
 269	2   8   6 
 271	2   8   9 
 271	6  15  10 
 273	6  12   8 
 277	2  20  21 
 279	2  17  11 
 279	6   3   1 
 281	2  15  21 
 281	6  18  17 
 285	2  11   7 
 287	2  11   1 
 289	2  10   6 
 289	6  17  13 
 291	6   3   1 
 295	6  16  11 
 297	2   3  13 
 299	2   7   8 
 301	2   7   5 
 303	2   3   8 
 305	2  12   7 
 307	2   7   3 
 309	2  12  17 
 309	6   8   2 
 311	2  12  11 
 311	6  23  21 
 315	2  13   8 
 315	6   5   1 
 317	2  23  13 
 317	6  16  15 
 321	2   8   6 
 323	2   8   9 
 323	2  16   6 
 325	2   7  11 
 327	2  12   7 
 327	6   9   3 
 319	6  23  18 
 329	6  16  12 
 333	2   1   3 
 333	6  19  14 
 335	2  12   8 
 337	2  16  12 
 335	6   6   1 
 339	2  14   8 
 341	2   8   6 
 343	2  12   8 
 345	6  13   3 
 339	6  16  15 
 345	6  16  11 
 343	6   5   1 
 351	2  18  13 
 351	6  20  16 
 351	6   6   2 
 353	6  18  14 
 357	6  21  20 
 359	2  13  11 
 361	2  13   9 
 361	2  11   5 
 363	2   9   3 
 363	2   5  10 
 363	6  18  12 
 365	2   3   2 
 369	2  12   6 
 369	6  23  18 
 371	2  11  16 
 367	6   3   2 
 373	6   8   3 
 375	2  12  18 
 377	2  17  16 
 379	2   8  18 
 379	6  16  10 
 381	6  13   7 
 385	6  15   5 
 387	6   8   2 
 391	2  18  16 
 393	2  16   6 
 393	2  13  18 
 395	2  17  21 
 395	2   6  10 
 395	2  13   8 
 397	6  16  10 
 397	6  18   8 
 403	2  21  16 
 403	6   7   3 
 403	6   5   0 
 403	6  23  18 
 405	6  16  11 
 409	2   0   2 
 409	6  18  14 
 411	2  11   7 
 413	2  11   6 
 411	6  22  21 
 415	2   7   6 
 415	6  14   4 
 417	2  22  23 
 419	2   6  16 
 421	2  22  18 
 421	2   4   2 
 421	6  16  15 
 421	6   5   0 
 423	6  23  22 
 423	6   7   3 
 429	2  22  16 
 429	6   7   5 
 429	6   9   4 
 431	6  23  17 
 435	6  15   5 
 437	2   7  13 
 435	6   4   3 
 437	6  23  22 
 441	2  16  15 
 441	2   7   9 
 443	2  16  12 
 443	6   3   1 
 445	2  12  10 
 445	6  22  21 
 449	2  12   8 
 447	6  15  10 
 451	2   8   2 
 451	6  22  18 
 453	6  10   5 
 457	2   7  17 
 459	2  15  21 
 459	2   5   1 
 459	6  12   8 
 461	6  21  15 
 465	2  11  12 
 461	6   5   1 
 467	2  21  22 
 467	2  10  15 
 467	6   7   1 
 469	2  10   5 
 469	6  22  16 
 473	6  13   7 
 475	2  15   5 
 477	6  17  16 
 477	6  10   5 
 479	6   2   1 
 483	2  13  17 
 485	2  22  17 
 485	2   7   5 
 487	2   5   1 
 487	2   9  13 
 487	2  11  16 
 489	2   5   6 
 489	6  18   8 
 489	6  21  15 
 491	6  11   6 
 495	2  22  18 
 497	2  13  11 
 497	6  22  20 
 499	6  11   7 
 505	2  20  10 
 505	6  17  12 
 499	6  14   4 
 505	6  19  14 
 505	6   4   2 
 507	6  15   5 
 511	6  23  13 
 513	2  11   5 
 515	2   6   5 
 513	6  20  15 
 517	2   1   5 
 519	2  17  21 
 519	6  11  10 
 521	2  23  21 
 519	6   3   1 
 523	6  22  21 
 525	2  12  11 
 527	2  12  13 
 527	6  15  10 
 529	2  17  19 
 531	2   9  19 
 531	6  12   6 
 533	2   9   4 
 533	6  23  19 
 537	2  12  17 
 537	2  10   6 
 535	6   8   3 
 539	2  16  18 
 539	6   6   5 
 541	2   8  13 
 543	2  17  15 
 545	2  10  16 
 545	2  18  13 
 547	2  16  15 
 547	2  12   6 
 549	2  16  18 
 551	2  10   6 
 551	2  18   8 
 551	6  21  20 
 553	2   5   6 
 553	6  23  17 
 553	6   8   4 
 559	2  11  17 
 559	6  13   8 
 561	2  23  17 
 563	2   5  11 
 565	2  13  17 
 567	2  13  11 
 569	6  22  12 
 569	6  14   9 
 569	6  15   5 
 575	2  12   7 
 575	2  22  21 
 577	2  14  12 
 577	6  23  21 
 579	2  12   8 
 581	2  12   7 
 583	2  14  19 
 583	2   7   5 
 585	2  18  23 
 585	2   7  11 
 587	6  12   8 
 593	2  17  12 
 593	6   8   4 
 587	6  19  14 
 593	6  23  19 
 599	2   8  12 
 601	2   8  14 
 603	2  14  19 
