   1	6  11   9 
   1	6   2   1 
   7	2  13   9 
   7	6   6   1 
  13	2  13   5 
  15	2   9   4 
  17	2   9  10 
  17	2   4   1 
  19	2   4   0 
  19	6   9   6 
  25	2  13   9 
  25	6   6   1 
  31	2   5   9 
  31	6  11   3 
  33	6   1   0 
  37	2   9  14 
  39	2   5  10 
  41	2   6  10 
  43	2   6  11 
  45	2  11  14 
  45	6   3   1 
  47	2  10   9 
  51	2  11   3 
  51	6   5   4 
  53	2  10  11 
  55	6  11   3 
  61	2  14  11 
  63	2  10   5 
  63	6   7   3 
  65	6  14  10 
  65	6  12   4 
  71	2   7  10 
  73	2  10  13 
  75	2  13  12 
  75	2   7  11 
  77	2   9   6 
  79	2   9   5 
  79	6  14  11 
  81	6   8   0 
  85	2  10   6 
  87	2  12  14 
  89	2  12   8 
  91	2  13   5 
  93	6  10   8 
  99	2  14  10 
 101	2   6  10 
 103	6   9   6 
 109	2  13   9 
 111	2  13   5 
 113	2   9  14 
 115	2   9  10 
 117	2  10   5 
 119	2  10   8 
 121	6   9   6 
 127	2  13   9 
 127	6   7   6 
 129	2  12   9 
 131	2   9  14 
 133	2  13  10 
 135	6   9   6 
 135	6  15  11 
 141	2  12   9 
 143	2   9   8 
 145	6  14  12 
 141	6   7   6 
 147	6   7   5 
 151	2  14  15 
 153	2   7  15 
 153	2   8  12 
 155	2  14   6 
 157	6  10   9 
 163	2  10  15 
 163	6  12   4 
 169	2  13  10 
 171	2   9   4 
 173	2   9   8 
 175	2   7  10 
 175	6   4   1 
 177	2  13  15 
 179	2  13   9 
 181	2  10   5 
 177	6   7   3 
 183	2   3   1 
 183	2  13  10 
 185	6  11   3 
 185	6   8   5 
 191	2   6   5 
 191	2  11  15 
 193	6   9   1 
 199	2  14   9 
 201	2  14  15 
 201	6   6   4 
 203	2  13  15 
 205	6  14  13 
 207	2   4   8 
 209	2   5   8 
 211	2   1   9 
 213	2  13   8 
 213	2   1   5 
 215	2   8   5 
 217	2  10   5 
 219	2  10  15 
 219	6  12   4 
 221	6  14  11 
 225	6   9   8 
 225	6   3   1 
 231	2  13  12 
 231	2  11   3 
 233	2  13  14 
 233	6  11   6 
 235	6  13   8 
 239	6  11   3 
 245	2   9  14 
 247	2  14  12 
 247	6   6   5 
 249	2  12  13 
 251	2  13  15 
 253	2  11  15 
 253	2   8   9 
 255	2  11   6 
 255	6  12   4 
 257	6  15  14 
 261	2   5   4 
 263	2   4   6 
 265	2   5  10 
 263	6  13  12 
 267	6  15  11 
 269	2   4  12 
 271	2   9  12 
 273	2   8  10 
 275	2   9  11 
 277	2  10   6 
 277	6  13   8 
 279	6  11  10 
 283	6  12   8 
 289	2  13  14 
 291	2  14  10 
 293	2   8  10 
