   1	2   2   1 
   1	6  12   8 
   3	6   6   1 
   9	2   8   0 
   9	6   6   3 
  11	2   0   1 
  11	6  13   9 
  13	6   4   0 
  17	6  15  13 
  19	2   2   0 
  21	2   2   7 
  23	2   8  10 
  25	2  10  11 
  25	2   8   5 
  27	2   3   7 
  27	2   4  12 
  29	2  10   6 
  29	6   8   0 
  31	2  11   6 
  33	6  15   7 
  35	2  13   8 
  37	2   8  12 
  35	6   5   1 
  39	2   3   7 
  39	2  15  14 
  39	6  12   8 
  41	2  11  14 
  43	6  10   7 
  45	6   4   1 
  49	2  13  10 
  49	6   7   3 
  51	2   8   5 
  53	2   5  10 
  55	2   6   9 
  57	2   1   3 
  57	6  13   8 
  59	2   3   6 
  61	6   6   2 
  63	2   8   4 
  65	2   9   4 
  67	2   9  14 
  67	6   7   2 
  69	6  12   4 
  75	2   9   6 
  77	2   9   5 
  79	2   9  14 
  79	6   2   0 
  81	2  14  12 
  83	6  14   9 
  89	2   9   4 
  91	2   6  11 
  91	6   8   0 
  93	2   6  10 
  95	2   7  11 
  97	2  12   8 
  97	2   1   5 
  97	2  11  10 
  99	2  12   4 
  99	6  15   7 
 101	2   0   4 
 101	6  12   9 
 103	6   1   0 
 107	2   6   9 
 109	2   5  10 
 109	6   7   3 
 111	2   9  12 
 113	6   8   0 
 115	6   3   2 
 119	2   8  13 
 115	6  15  11 
 121	2   1   2 
 121	2   8  10 
 123	2   1   0 
 123	6  10   7 
 125	6   5   4 
 129	2  10  13 
 131	2   2   0 
 131	6  13   9 
 133	2   2   3 
 135	2  11   3 
 137	2   8  10 
 137	6   3   1 
 139	2  10  14 
 141	2  10  15 
 143	2   1   9 
 143	2   7   3 
 145	2   6   5 
 145	6  13   8 
 147	2   6   2 
 145	6  15  11 
 149	6   1   0 
 151	2  13  15 
 151	6   7   6 
 155	2   8   0 
 157	2   6   9 
 157	6   1   0 
 159	2  14   9 
 161	2  14  12 
 159	6   7   6 
 163	6   8   0 
 165	6  15   7 
 169	2  12   8 
 171	2   4   5 
 171	2  13  15 
 173	2   1   3 
 173	6  13  10 
 175	2   4   8 
 175	2   3   7 
 177	6   2   0 
 179	6  11  10 
 183	2   5   0 
 185	2   8  10 
 187	2   6   2 
 187	6   8   0 
 189	2  11   3 
 191	6   7   2 
 193	6  14  13 
 197	2   6   5 
 199	2  10   8 
 201	2   1   9 
 201	6  15   7 
 203	2  13   8 
 205	6   4   0 
 207	2  15  14 
 207	6   7   3 
 211	2  13   5 
 213	2   0   2 
 213	6  15  14 
 215	2   6   1 
 217	2   7   5 
 219	2   8  10 
 219	6   1   0 
 221	2   8   9 
 221	6  11   6 
 223	6  13   8 
 227	2   6   1 
 227	6  15  11 
 229	2   3   1 
 231	2   8   0 
 231	2   3   2 
 233	2   7   2 
 233	6   9   4 
 235	6  11   3 
 239	6   5   1 
 245	2   5  10 
 245	6   3   2 
 247	2  14   9 
 249	2  10   9 
 251	2   2   0 
 251	6  12   8 
 253	6   5   2 
 259	2   4   9 
 259	6   3   2 
 261	2   5   8 
 263	2   4   8 
 265	6   5   2 
 271	2   5   8 
