   1	2   7  10 
   1	6   5   1 
   1	6  13  12 
   3	6  15   7 
   7	6   8   0 
   9	2  15  14 
  11	2  10   6 
  13	2   1   3 
  13	6  14  11 
  15	2   1   2 
  17	2   1   0 
  13	6   9   8 
  19	2  11   7 
  19	6  13   5 
  25	2   5   2 
  25	6  15  13 
  27	6   3   1 
  31	2  13   8 
  33	2   1   0 
  33	2  11   9 
  35	2   1   4 
  35	2  10  15 
  37	2   5   4 
  37	2  10  11 
  39	2   5   8 
  39	6  15   7 
  41	6   8   0 
  45	2   2   7 
  45	6  15  14 
  47	2   8  12 
  47	2   7   6 
  49	2   6   4 
  51	2  14   9 
  53	2  14  12 
  55	6  11   9 
  51	6   2   0 
  61	2  11  15 
  57	6   3   2 
  63	2   9  11 
  65	6  11   3 
  65	6  13  12 
  71	2  15  11 
  71	6   6   2 
  73	2  15  13 
  75	6  15  11 
  77	6   3   2 
  75	6  13   9 
  81	6  14   9 
  83	6   2   0 
  87	6  15  10 
  89	6   5   1 
  89	6   7   3 
  95	2  11   6 
  95	6   8   0 
  97	2  11   7 
  99	2  11  14 
 101	2  14  10 
 103	2  10   5 
 105	2   6   9 
 105	6  15  11 
 107	2   8   9 
 109	6   5   2 
 111	2  11   7 
 111	6  14  13 
 115	2   6   4 
 117	2  13   5 
 117	2  11   3 
 119	2  10   5 
 119	6  12   8 
 121	2   1   5 
 123	2   1   0 
 119	6   7   3 
 121	6  14  10 
 125	2   1   2 
 127	2   0   2 
 129	2   0   8 
 129	2  10   7 
 131	2  12   8 
 131	6   3   1 
 133	6  10   8 
 139	2   9   4 
 141	2  10   7 
 141	2   1   4 
