   1	2   5   7 
   3	2   7  15 
   3	6   9   4 
   5	6   7   3 
   9	6  13   5 
  15	2  13  14 
  15	6   7   5 
  17	6  15  14 
  21	6   4   1 
  23	6  14  12 
  27	6   6   3 
  29	6  14  13 
  33	6  11   6 
  39	2  10   5 
  41	2   5   8 
  41	2  11  15 
  43	2  12   8 
  43	6  14   6 
  49	2   6   4 
  49	2  12  13 
  51	2   9  14 
  53	2   5   7 
  55	2   7  15 
  55	2   8  13 
  57	6   6   4 
  63	2  10   6 
  65	2   6   3 
  67	6   9   1 
  67	6  11   7 
  73	2   1   3 
  73	2  10   9 
  75	2  11   9 
  77	2  14   9 
  77	6   7   3 
  79	6   9   1 
  83	6  11   7 
  85	2   9  13 
  87	6   9   4 
  89	6   7   6 
  93	2  15  13 
  93	6   4   1 
  95	2  15   7 
  97	2  14  11 
  99	2  13  14 
  99	6   3   1 
 101	2  13  10 
 103	2  14   9 
 105	2   7   3 
 105	6  14  12 
 105	6   5   4 
 111	2  15  14 
 111	2  12   4 
 113	2   3  11 
 113	6  13   5 
 115	6  11   7 
 119	2  13  14 
 119	6   4   1 
 121	2  13  10 
 123	2  11  10 
 125	2  14   6 
 127	2   6   9 
 129	2   9   8 
 129	6   3   1 
 131	6  10   8 
 137	2   7   3 
 137	6   9   4 
 139	6  11   3 
 143	2  13   9 
 145	2   1   9 
 145	6  15   7 
 151	2  13   5 
 153	2   6   9 
 155	2  15  10 
 155	2   3   1 
 157	2   5   8 
 157	2  11  10 
 159	2  13  15 
 159	6   6   4 
 161	6  14  13 
 165	6   7   3 
 167	2   8   9 
 169	2   5  13 
 171	2  14  11 
 171	2   8  12 
 171	6   2   1 
 177	2   9   6 
 179	2   9  11 
 181	2   7  15 
 181	6   4   1 
 183	2   7   3 
 183	6  15  13 
 187	2   6   1 
 189	2   6  10 
 189	6  13   8 
 191	2   1   3 
 193	6   7   2 
 195	6  14  12 
 199	6   4   1 
 201	2   7  11 
 203	2   7  15 
 205	2  14  15 
 205	2   6   9 
 207	2  14  10 
 207	2   4   8 
 207	6   7   3 
 209	2   9   8 
 211	6  13   5 
 217	2   6  14 
 219	2   6   2 
 219	6  14  11 
 221	2   2   5 
 217	6  12   8 
 223	6   6   2 
 225	2  14  13 
 227	2  14  12 
 229	2   7  10 
 229	6  12   8 
 231	2   6  11 
 233	2  11  10 
 233	6   3   1 
 235	2  13  15 
 237	2  14  12 
 239	6   7   5 
 239	6  14  12 
 245	2   9   5 
 245	6   7   2 
 247	6  13   8 
 251	6   2   0 
 251	6  15  11 
 253	6   9   8 
 257	6  11   6 
 263	2   0   5 
 265	2   0   4 
 267	2   4   6 
 269	2   5  10 
 271	2   9   1 
 273	2   4   1 
 273	2  10  14 
 275	2  13  14 
 275	2   6   1 
