   1	2  12  18 
   1	6   2   0 
   3	2  18  17 
   5	6  18  16 
   7	2   4   2 
   9	6   7   5 
  11	2  18  19 
  11	2  16  21 
  13	6  22  17 
  15	2  19  13 
  17	2  19  24 
  15	6   6   1 
  15	6   4   3 
  19	6  14  13 
  21	6   3   1 
  21	6  17  11 
  27	2  13  17 
  29	2  12   7 
  29	6  22  18 
  31	6  11   7 
  35	6  18  14 
  37	2   2   7 
  39	2   2   3 
  35	6  22  21 
  41	2  13  23 
  41	6   4   2 
  43	2  21  11 
  43	2  13  14 
  45	2  18  14 
  45	6  21  11 
  47	6   8   2 
  51	2  18  22 
  51	6  12  11 
  53	6  22  18 
  57	2  11   6 
  53	6   9   3 
  59	2  12   8 
  59	2   1   6 
  61	2   1   2 
  61	6  12   8 
  59	6  23  19 
  63	6   2   1 
  67	2  17  12 
  65	6  19  14 
  69	2  17   7 
  69	6  10   0 
  71	6  13   7 
  71	6  24  22 
  75	6  11  10 
  77	2  13  14 
  77	2   2   4 
  79	2   2   7 
  77	6  22  21 
  81	2  11  12 
  79	6  18  14 
  83	2  11  21 
  85	2   9  14 
  85	2   6   1 
  85	6  22  18 
  87	2  11   1 
  87	6  14   9 
  91	2  21  22 
  89	6  10   6 
  93	2  14  18 
  95	6   8   6 
  95	6  23  18 
 101	2   8   9 
 101	6  17  12 
 103	6   3   1 
 107	6  21  17 
 109	2   9   3 
 111	2   8   6 
 113	2   2  12 
 113	6  19   9 
 119	2  19  17 
 119	2   4   3 
 121	2   8  18 
 123	6  19  17 
 123	6   8   6 
 129	2  24  19 
 129	6  13   9 
 129	6  22  21 
 135	2  24  14 
 135	6  21  11 
 137	2   4   9 
 137	2  19  23 
 139	2   8  14 
 139	6  23  18 
 141	2   8   9 
 143	6   8   4 
 145	2  24  22 
 147	2  22  16 
 149	2  22  12 
 149	6  19   9 
 151	2  12  11 
 153	6  22  12 
 159	2   8  12 
 161	2  14  18 
 163	2  18  19 
 163	6  16  12 
 169	2  12  13 
 169	6  23  21 
 171	2  12   7 
 163	6   9   3 
 171	6  14   9 
 173	6  12  10 
 177	6  23  19 
 183	2  13  19 
 179	6  21  16 
 185	2  14  19 
 185	6  17  16 
 177	6   4   3 
 183	6   3   2 
 189	6   9   8 
 191	2  19  17 
 193	2  17  11 
 195	2  13  12 
 195	6  22  16 
 197	2   9  19 
 199	6  19   9 
 201	2  11  12 
 203	2  21  11 
 205	2  11   6 
 205	6  17  13 
 205	6  24  19 
 205	6   3   2 
 207	6  10   0 
 211	2   7  12 
 211	2  24  22 
 213	2   6   8 
 213	2  21  17 
 215	2  11   7 
 215	6   1   0 
 217	2   3  13 
 219	2  13  12 
 221	2   6  16 
 221	2  13  23 
 223	2   3   1 
 223	6  16  12 
 225	2   8   9 
 227	2   3   2 
 229	2   7  12 
 229	2   9  19 
 229	6  22  16 
 231	6   9   7 
 235	6  24  22 
 237	2   9  14 
 237	6   6   2 
 241	2  24  14 
 243	2  12   6 
 243	6  24  14 
 245	2   6  16 
 247	6  11   1 
 249	2  24  23 
 249	2  14   4 
 251	2   8  18 
 253	2  19  17 
 253	6   8   6 
 255	2  19  18 
 257	2  17  18 
 259	2   8  14 
 259	6  17  11 
 261	2   8   7 
 263	2   8   2 
 265	2  23  17 
 265	6   8   4 
 267	6  23  18 
 271	6  12   8 
 265	6   5   1 
 271	6  15   5 
 277	2  17  12 
 277	2  14  24 
 277	6  21  15 
 277	6   4   3 
 279	6  18  13 
 279	6   7   6 
 283	6   9   3 
 285	2  16  12 
 287	2  21  16 
 285	6  19  18 
 289	2  16  11 
 289	6   8   2 
 291	2  21  23 
 293	2  16  22 
 295	2   7  17 
 295	2  14   4 
 297	2  13   8 
 297	6  21  11 
 299	2   8   3 
 301	2   9  14 
 303	6  17   7 
 303	6   9   4 
 303	6  15  10 
 309	2  17  18 
 309	2   7   9 
 311	2  17  22 
 311	6  13   7 
 309	6  10   5 
 317	2   7   5 
 317	6  19  14 
 319	6   6   2 
 323	2  13  14 
 325	2  11   6 
 325	6  13   9 
 327	2  11  16 
 313	6  23  22 
 329	6  21  11 
 331	6  14   8 
 335	6  16   6 
 337	6   4   3 
 341	2  16  18 
 341	6   6   5 
 343	2  12  13 
 345	6  16  12 
 351	2  12   2 
 353	2  16  22 
 353	2   7   8 
 355	2  16  11 
 355	2   3   7 
 355	2  22  23 
 357	6  12   8 
 363	2   3   8 
 363	2  12  11 
 365	6  12   6 
 357	6  24  22 
 365	6  14   4 
 371	2  18  12 
 373	2  22  12 
 375	2  19  18 
 375	6   8   6 
 377	6  22  18 
 381	6   9   4 
 381	6   7   2 
 383	6  19  13 
 389	2  18  14 
 389	6  12   7 
 391	6  18  14 
 397	2   9  14 
 397	2  12  18 
 399	2  13   8 
 401	6  14  12 
 401	6   4   3 
 407	2  12  16 
 407	6  19   9 
 381	6  10   5 
 409	6  12   7 
 409	6  22  21 
 409	6  15  10 
 415	2  19  17 
 415	2   7   3 
 417	2  22  17 
 417	6   9   7 
 419	2  22  18 
 421	6  18  16 
 423	6   8   3 
 427	2  15  17 
 429	2  21  16 
 429	2  18  12 
 431	2  16   6 
 431	2  18  23 
 431	6  14   8 
 433	6  21  11 
 433	6  23  18 
 433	6   2   1 
 439	2   6   8 
 439	6  19  17 
 441	6   7   1 
 445	2  17  21 
 441	6  15  10 
 445	6  24  14 
 447	2  11   7 
 449	6   5   1 
 451	2  18  24 
 449	6  12  11 
 451	6   8   3 
 455	2  10   5 
 453	6  24  18 
 457	2  11   5 
 457	6   8   7 
 447	6  22  21 
 459	6  18  16 
 463	6   9   8 
 463	6   6   5 
 465	6  19  17 
 469	6  10   5 
 471	2   9  14 
 473	2  24  14 
 469	6   3   2 
 475	2  11   7 
 475	6  24  14 
 477	2   2   7 
 479	2   6  16 
 481	2   8   7 
 481	2  17  16 
 483	2   8  12 
 483	6  15   5 
 485	2  17  18 
 485	6  14   8 
 489	2  16  10 
 491	2   7   8 
 491	2  16  15 
 491	6  18  14 
 493	6  21  11 
 497	2  14   9 
 499	2  14  19 
 499	2   7  11 
 501	2  17  11 
 501	6   7   2 
 503	6  17  15 
 509	2  13  17 
 509	6  11  10 
 511	6  13   7 
 511	6  23  22 
 517	2  13  23 
 517	6  16   6 
 519	2  23  24 
 521	2  18  24 
 523	2  17  11 
 525	6  18  16 
 525	6   9   7 
 531	2  18  23 
 531	6  20  10 
 533	2  18  24 
 535	2  18   8 
 537	2   9   8 
 537	6  18  16 
 543	2   9  19 
 543	6  20  16 
 545	2  23  13 
 547	2  19  13 
 547	2  23  22 
 549	2  16  22 
 549	6  19  13 
 551	6  16  11 
 555	2  18  23 
 555	6  14   9 
 557	6  23  21 
 557	6  12   7 
 563	2  13  17 
 563	2  24  23 
 563	2  21  20 
 565	2  13  11 
 565	6  24  22 
 567	6  13  11 
 573	2  11  15 
 573	2  18  14 
 573	6   8   7 
 575	2  19  24 
 577	2  17  19 
 575	6  15  10 
 579	2  18  22 
 581	2  10   6 
 581	6  23  17 
 579	6   9   4 
 581	6  21  20 
 583	6   7   5 
 587	2  23  24 
 587	6  20  15 
 589	2  17  12 
 591	2   8  12 
 589	6  24  23 
 593	2  15   5 
 593	6  13   9 
 595	6  23  21 
 595	6   5   1 
 599	6  12  11 
 601	6  24  14 
 601	6   3   1 
 601	6  21  15 
 607	2  17  13 
 607	2  23  24 
 607	2  10  15 
 607	6   7   6 
 607	6   9   4 
 609	6  18  16 
 615	2   8  13 
 615	6  24  22 
 617	2   8   3 
 619	6  14   8 
 625	2   7  17 
 625	2  14  19 
 627	2  13  18 
 627	6   9   3 
 629	2  17  22 
 629	2  19  24 
 631	2  17  11 
 631	6  24  19 
 633	2   7   3 
 635	2  12  16 
 635	6   9   4 
 637	2  16  17 
 639	6  11   7 
 641	2  14  13 
 639	6  22  21 
 643	6  18  14 
 645	2   3   7 
 645	6  16  15 
 649	2   9  14 
 647	6   3   2 
 651	2  23  13 
 651	6  15   5 
 653	2   9   3 
 655	2   2   3 
 655	2  19  13 
 657	2   7   3 
 657	6  24  19 
 659	2  12   8 
 661	2  12  22 
 657	6  15  10 
 659	6   2   1 
 663	2   4  14 
 663	6  17  15 
 665	2   8   7 
 665	2   5   1 
 667	6   8   4 
 667	6   2   1 
 669	6  22  16 
 673	2  13   3 
 675	2  13  18 
 675	2   4   2 
 677	2   9  19 
 677	6  22  12 
 679	6   3   2 
 683	2  14  12 
 683	6  23  22 
 685	2   9  14 
 687	2  13  14 
 685	6  16  11 
 689	2   9   3 
 691	2  18  12 
 693	2  19  17 
 691	6   9   8 
 695	2  17  16 
 697	2  19   9 
 697	2  12  22 
 699	2  12  11 
 699	6   4   2 
 701	2  16  11 
 703	2  16  22 
 699	6  24  19 
 705	2   4   9 
 705	2  22  21 
 705	6  19  13 
 705	6  15  11 
 707	6   9   4 
 707	6  22  21 
 711	6  18  12 
 717	2   9  13 
 717	6  22  16 
 719	6  14   8 
 723	2  12  11 
 725	2  17  13 
 727	2   7  13 
 727	6  16  11 
 725	6   4   3 
 731	6   3   1 
 733	6  16  12 
 739	2   7  11 
 741	2   8  12 
 743	2   1  11 
