   1	2  19  17 
   1	6   7   3 
   3	2  17  21 
   3	2  19  14 
   5	6  22  18 
   5	6  14   9 
   7	6  11   7 
  11	2  14  18 
   1	6   5   0 
  13	2  21  11 
  13	6   8   2 
  13	6  19  14 
  15	6  21  11 
  19	2  14   8 
  21	2  11   5 
  21	2  21  23 
  23	2  18  23 
  23	2  21  20 
  23	6   7   5 
  25	6  22  20 
  29	2   7  12 
  25	6  24  19 
  31	2  12  10 
  31	6  19   9 
  31	6  21  20 
  31	6   2   1 
  33	6  10   5 
  37	2  12   2 
  37	6  23  21 
  39	2   7   9 
  41	2   1   5 
  41	6  13  12 
  43	2   5   0 
  43	2  24  22 
  45	2  24  23 
  45	6   6   2 
  47	2  17  12 
  49	2  18  23 
  45	6  15  10 
  47	6   9   8 
  51	2  10   6 
  51	6  21  16 
  53	6   8   6 
  57	6  21  15 
  57	6  18  17 
  59	6   8   7 
  59	6   5   1 
  65	2  10   6 
  65	6  17  12 
  67	2  10  15 
  65	6  14   8 
  69	6  15   5 
  71	2  17  22 
  71	6   9   3 
  75	2  15  16 
  73	6  19  18 
  77	2   7   5 
  77	6  16  15 
  79	2   0   5 
  77	6   9   4 
  81	6   2   0 
  83	2  16  18 
  85	2  11  10 
  85	6  19   9 
  87	2  10  12 
  89	6  12  10 
  91	2   2   3 
  93	6   3   1 
  95	2  18  19 
  97	2  17  19 
  95	6  15  10 
  99	2   1   6 
  99	2  23  19 
  99	2  12   8 
 101	2   3   1 
 101	6  14  12 
 103	2   1   5 
 105	6  10   5 
 107	2   2   7 
 109	2  12  17 
 107	6  19  14 
 111	2  12  22 
 109	6   4   3 
 113	2  11  13 
 115	2   4  14 
 115	2   7   5 
 115	6  23  17 
 117	6   4   2 
 121	2  11  16 
 121	6  18  13 
 123	2   4   9 
 123	6   6   2 
 127	2  12  17 
 123	6  15  10 
 125	6   9   4 
 129	2   6  10 
 127	6  24  19 
 131	2   4   2 
 129	6  13  12 
 131	6  16  10 
 135	2   7  12 
 133	6  23  22 
 133	6   9   4 
 137	6  12  10 
 139	2   9  19 
 137	6   2   1 
 139	6  21  20 
 143	2  19  18 
 143	2   2   8 
 143	6   6   5 
 145	2  22  16 
 145	2  19  14 
 147	2  22  23 
 145	6   4   3 
 149	2  23  21 
 149	6   7   1 
 151	2  15  10 
 151	2  18  17 
 153	2  15  21 
 155	2   8   6 
 155	6  21  15 
 157	2   6   7 
 159	6  12   8 
 161	2  10  15 
 153	6  19  18 
 161	6  22  21 
 165	2   3   8 
 163	6   6   5 
 167	2   8  14 
 167	6  24  22 
 169	6  12   6 
 173	2  14  24 
 169	6  15  10 
 175	2   7  17 
 175	6  24  14 
 177	2  11   7 
 179	2  11   6 
 181	2  11  12 
 181	6  14   8 
 181	6  24  22 
 181	6   5   1 
 187	2  18  12 
 187	6   3   1 
 187	6  20  10 
 189	6  18  12 
 193	2   8   3 
 195	2   7   3 
 195	2  22  20 
 195	6  14  13 
 197	2   1   3 
 197	6  23  22 
 201	2  12   6 
 201	6   9   3 
 203	2  12  17 
 205	2  18  19 
 197	6  15  10 
 203	6  10   6 
 207	2  23  13 
 207	6   3   2 
 209	6  17  11 
 213	2   1   2 
 209	6  24  23 
 213	6  13   8 
 215	6  22  17 
 219	2   2   3 
 215	6  15  10 
 221	2   2   6 
 221	2  13  17 
 223	2  11   6 
 223	6   8   2 
 225	2  11  16 
 227	2  16  21 
 223	6  19  18 
 225	6   5   0 
 229	2  20  21 
 229	6  14  12 
 231	2   1   2 
 231	2  21  23 
 233	6   3   1 
 235	2  16  12 
 237	6  18  16 
 239	2   2   0 
 241	2   6   0 
 243	2   7  17 
 243	6  20  10 
 245	2  17  23 
 245	6   1   0 
 249	2  15  16 
 247	6  12   7 
 251	2  10   0 
 247	6  23  18 
 253	2   7   1 
 253	6  18  16 
 255	6   6   0 
 259	6  18   8 
 265	2   6  16 
 267	2   7   8 
