   1	6  10   8 
   1	6   1   0 
   7	2  15  10 
   7	6  12   4 
   9	2  15   7 
  11	6  15   7 
  13	6   4   1 
  17	2  10  13 
  19	2   1   6 
  19	6   8   4 
  21	2   1   2 
  23	6   2   1 
  25	2  10   8 
  27	6  13   9 
  29	2   1   4 
  31	2   2   3 
  33	2   6   5 
  35	2   6  14 
  35	6   8   0 
  37	2  15  14 
  37	2   2   6 
  39	6  11   3 
  41	2   1   0 
  43	2   4   9 
  45	2  15  11 
  45	6   8   0 
  45	6   6   2 
  47	6  15  11 
  51	6  13   8 
  53	2   6  11 
  55	6   6   1 
  57	2  13  14 
  57	6   8   4 
  61	2  14  10 
  61	6   7   2 
  63	6  15  13 
  67	2   2   5 
  69	2   7  11 
  69	2   5   9 
  71	2   8  13 
  71	2  10   6 
  73	2   7  15 
  73	6   9   8 
  75	6   7   2 
  75	6  15  14 
  81	2  15   7 
  83	2  15  13 
  85	2  10   5 
  87	2   1   5 
  87	2  14  13 
  89	2  11   9 
  89	2   1   2 
  91	2   7   5 
  93	2  14   6 
  95	2  13   8 
  95	6   6   1 
  97	6   8   4 
 101	2   6  10 
 103	2   1   4 
 103	6  10   7 
 105	6   2   1 
 109	2  10   9 
 111	2  11  10 
 111	6   5   4 
 113	2  11  15 
 115	2  10  15 
 115	6   7   3 
 117	2   5   9 
 119	2   1   5 
 117	6  15  14 
 121	2   1   3 
 123	2   6   9 
 125	2  10   9 
 125	6   3   1 
 127	6  13  10 
 131	2   1   4 
 133	2  11  10 
 133	6  12   4 
 135	2  15  10 
 137	6  15  14 
 137	6   6   2 
 143	2  14  12 
 143	6   7   5 
 145	6  13  12 
 149	2  15   7 
 151	2  14   6 
 153	2   6   7 
 155	2  10   9 
 157	6   9   6 
 163	2   9  13 
