   1	2   2   1 
   1	6  24  14 
   3	2   2   3 
   5	2   1  11 
   1	6  21  20 
   7	2  20  10 
   7	6   8   2 
   9	2  10  16 
  11	6  21  11 
  13	2   0   2 
  15	2   8  14 
  15	6   1   0 
  17	6  13   9 
  21	2  10   6 
  17	6  22  20 
  23	2   9   4 
  23	6   7   1 
  25	2   9  19 
  23	6  21  17 
  27	6  19   9 
  29	6  10   0 
  33	2   7   3 
  33	2  19  17 
  35	2   7  13 
  35	6  16  10 
  35	6   9   4 
  35	6  23  22 
  37	6   7   1 
  41	2  16  21 
  41	6  18  14 
  41	6  10   5 
  47	2   9  13 
  43	6   2   1 
  43	6  21  16 
  49	2   1  11 
  49	2  23  18 
  49	6   9   8 
  51	2  11  17 
  53	2  11  16 
  53	6   5   1 
  53	6  23  19 
  55	6  16  12 
  59	2  19  14 
  55	6   8   3 
  59	6  10   5 
  61	2   7  13 
  63	2  18  14 
  61	6  22  21 
  65	2   3   1 
  65	6  19  13 
  65	6  15  10 
  67	6   3   1 
  71	2  15  21 
  73	2   6  12 
  73	2   3   4 
  73	6  21  16 
  75	2   6   8 
  77	6  13  12 
  77	6   6   0 
  77	6   3   2 
  79	6  15  10 
  83	2   9  13 
  79	6  23  22 
  83	6   2   1 
  85	6  16  11 
  89	2   9   3 
  91	2   7  11 
  91	6  14  13 
  91	6   4   3 
  93	6  11   1 
  97	6  14   8 
  99	6  11  10 
 103	2   7  13 
 105	2   1   3 
 105	6  17  11 
 107	2   8  13 
 109	6   3   1 
 111	6  17  13 
 115	6  11   6 
 117	2   8   3 
 119	2   9  13 
 121	2  12  11 
 121	6   8   3 
 123	2  11  17 
 125	2  11  10 
 127	2  12  22 
 129	2  12   2 
 131	6  12   8 
 127	6   5   0 
 133	6  15   5 
 129	6  23  19 
 135	6  23  22 
 139	2  16  12 
 137	6   4   2 
 141	2  16  15 
 141	6  23  19 
 143	6   8   4 
 147	2  16  22 
 143	6   2   1 
 149	2  22  23 
 149	2  12  14 
 149	6  15   5 
 151	6  18   8 
 155	2   1   5 
 155	6  16  11 
 157	2  22  18 
 157	6   5   1 
 161	2  16  22 
 157	6  14   9 
 163	2   5  10 
 163	6  12   2 
 163	6  23  21 
 163	6   9   4 
 169	2  18  12 
 169	6   3   1 
 169	6  21  16 
 171	6  19  18 
 175	2  16   6 
 175	2   3   4 
 177	2   6   7 
 177	2  16  18 
 177	6   9   3 
 179	6  21  11 
 183	6   4   2 
 185	6  22  16 
 189	2   6   8 
 191	2  17   7 
 191	6  10   0 
 193	2   7  13 
 195	2  13  12 
 193	6  22  21 
 197	2  12   8 
 197	6   5   1 
 199	2  16  12 
 201	2  12  14 
 203	2  18   8 
 203	6  11   1 
 205	2  14   9 
 207	2  14  19 
 209	2  12  18 
 209	2   2   0 
 211	2  18  19 
 211	2   1   7 
 213	2  11  13 
 213	6   3   2 
 215	2  18  17 
 217	2  11  21 
 219	2  13   8 
 219	2   1   5 
 221	2   9   7 
 221	6  22  18 
 223	2   9   3 
 221	6  10   0 
 223	6  12   7 
 227	6  16  10 
 229	6  18   8 
 233	2  10   6 
 235	2  18  17 
 235	6   6   2 
 235	6   9   4 
 237	6  19  17 
 243	2  11   6 
 243	6  17  13 
 245	6   7   6 
 249	2  17  16 
 249	6  14   9 
 251	6  17  16 
 255	2  13   7 
 257	2  19  17 
 259	2  17  21 
 259	2   7   5 
 259	6  24  14 
 261	6  17   7 
 265	6  14   9 
 267	2  18  24 
 269	2  17  18 
 271	2  12   8 
 271	2  18  19 
 271	6  22  21 
 273	2   8   2 
 275	2   8   3 
 261	6  10   5 
 267	6  15  10 
 273	6  19  14 
 277	2  17  12 
 277	2   2   3 
 277	6  21  15 
 279	6  14   4 
 279	6  24  23 
 279	6  12   6 
 285	2  22  23 
 285	6  13   7 
 287	2  21  23 
 285	6  10   5 
 289	6  21  16 
 291	6   7   3 
 295	2  17  19 
 297	2  12  16 
 297	6  24  14 
 299	2  12   7 
 299	6  16  10 
 303	2  13  19 
 301	6   2   0 
 305	2  24  22 
 305	6  13  11 
 307	6   3   2 
 311	2  11  16 
 311	2  18  13 
 313	2  12   2 
 313	6  24  19 
 315	2  10   0 
 315	6  17  13 
 317	6   5   1 
 321	2  22  17 
 317	6  20  15 
 321	6  14   8 
 323	2  10   5 
 323	2  23  17 
 325	2  22  21 
 325	6   6   5 
 327	2  19  14 
 329	2  13  18 
 327	6  20  16 
 327	6   3   2 
 331	6  24  18 
 333	2  11  21 
 331	6  14   9 
 335	6   5   1 
 337	2   3   9 
 337	2  18  16 
 339	6  20  16 
 341	2   3   1 
 339	6  23  18 
 343	6   9   7 
 345	6  19  18 
 343	6   5   0 
 349	6  16   6 
 351	2  19   9 
 353	6   8   4 
 355	2  18  16 
 355	6   5   1 
 357	6  22  20 
 361	2   7   6 
 357	6  19  14 
 363	2   8   6 
 363	6  22  18 
 365	6   9   7 
 369	6  24  19 
 371	2  12  10 
 371	6   2   1 
 375	2  13  11 
 377	2   8  18 
 377	6  11   5 
 379	2  19   9 
 381	2  13   3 
 383	6  14   8 
 381	6  24  23 
 369	6  21  20 
 377	6  20  15 
 383	6  16  10 
 389	2  24  14 
 389	6  17  11 
 391	2   8   2 
 393	2  14   8 
 393	6   2   1 
 395	2  24  22 
 397	2  12  22 
 395	6  15  10 
 399	2  17  18 
 395	6  14   9 
 399	6   1   0 
 401	2  12  18 
 403	2  16  22 
 401	6   9   3 
 405	2  16  11 
 403	6  19  18 
 407	2   8   6 
 407	6  21  16 
 409	2  14  19 
 411	2  19   9 
 409	6  12   7 
 413	2  10   0 
 413	6  24  22 
 415	2   6  11 
 413	6  14   9 
 415	6   3   2 
 417	6  15  11 
 417	6   5   0 
 419	6  18  17 
 421	6   9   3 
 425	2  12  11 
 423	6   1   0 
 427	2  14  18 
 425	6  22  21 
 429	2   3   1 
 427	6  12  11 
 431	6  21  15 
 433	2   8  12 
 435	6  12   2 
 437	2  15   5 
 439	6  15  10 
 441	6   7   2 
 445	2  17  15 
 447	2  12  16 
 449	2   1  11 
 451	6  16   6 
 457	2  16  15 
 457	2   7   6 
 457	6  22  18 
 459	2   7  11 
 461	6  11   6 
 459	6  20  15 
 465	2  22  20 
 463	6  24  19 
 467	2  21  11 
 469	6  22  12 
 461	6   9   3 
 469	6  19   9 
 469	6  10   5 
 475	2  12  10 
 475	6  23  19 
 477	2  10   6 
 475	6  21  20 
 475	6   9   3 
 479	6  11   6 
 481	2  22  21 
 483	2  22  23 
 481	6   3   2 
 485	2  20  10 
 481	6  14  13 
 485	6  22  17 
 487	2   2   6 
 487	6  24  14 
 491	2  17  11 
 487	6  20  15 
 489	6   3   2 
 493	2  15  11 
 493	6  14   9 
 495	2  11  16 
 497	2  10  12 
 495	6   2   1 
 499	6  21  11 
 501	2   3   9 
 503	6   8   2 
 505	6  17  15 
 509	2   9   8 
 509	6   6   2 
 511	6  13   8 
 515	2  10   6 
 517	2   2   8 
 517	6  18  16 
 519	6   6   2 
 523	2  18  13 
 525	2  11   7 
 525	2  18  24 
 527	2   6  16 
 527	2  23  13 
 529	2  22  16 
 529	6   6   5 
 531	2  23  24 
 529	6  13   9 
 533	6  22  16 
 535	6   8   6 
 539	6  22  18 
 541	2  11   1 
 543	2   3   1 
 543	6  16  11 
 545	2  13   8 
 545	2   1   2 
 547	6  18   8 
 553	2  17   7 
 553	6  24  14 
 555	2  11   7 
 557	6  17  11 
 559	6  14  13 
 563	6   7   6 
 565	2  17  18 
 569	2  18  12 
 571	2   8   7 
 573	2  13   7 
 575	2  12   2 
