   1	6  13  12 
   1	6   6   5 
   1	6   4   3 
   7	2  23  18 
   7	2   7   9 
   9	6  11   7 
   1	6  20  15 
  15	6   2   1 
  15	2  12  16 
  17	2  23  13 
  19	2  16  22 
  21	6  16   6 
  19	6  19   9 
  25	2  19  24 
  27	6  18  14 
  27	2  11  16 
  29	2   6   1 
  31	2   3   7 
  31	6  15   5 
  37	2  11   5 
  33	2  23  24 
  33	2   7   8 
  39	2  12  16 
  39	6   5   1 
  41	2  12  18 
  43	2  14  18 
  45	2  14   8 
  45	2  22  24 
  47	2  19  17 
  49	2  22  17 
  49	2   8  13 
  51	6   9   8 
  45	6  10   6 
  51	6   2   1 
  57	2   3   2 
  59	6   8   3 
  65	2   8   3 
  57	6  12   6 
  67	2   7  12 
  69	2   8   7 
  51	6  23  18 
  57	2  21  23 
  71	2  12  17 
  71	2   2   3 
  59	6  21  15 
  73	2  12  16 
  75	2  11  17 
  77	6  15   5 
  77	2   8  18 
  83	2   5  15 
  79	2   8  14 
  81	6   7   3 
  81	6  18  13 
  85	6  21  15 
  87	2  11   6 
  91	2  11  10 
  87	6  23  18 
  87	6   8   3 
  93	2   5   7 
  93	2  21  23 
  95	6  24  14 
  95	2  17   7 
 101	2   8   7 
  97	2  17  21 
  99	2  22  21 
 103	2   8   9 
 105	2  22  12 
 107	2  21  16 
 107	2   6  12 
 109	2  22  18 
 105	6   9   3 
 109	6  11   5 
 111	2  18  19 
 113	2  18  24 
 115	6  12  11 
 115	2  19  14 
 117	2  24  23 
 111	6   3   2 
 117	6   9   3 
 123	2  14  12 
 125	2  11  16 
 125	2  19  13 
 123	6   2   1 
 129	2   7  12 
 127	2  14   9 
 119	6  23  22 
 131	2   8  18 
 131	2   6   1 
 127	6  16  10 
 133	6  19   9 
 133	2  12  16 
 135	2  16  22 
 139	2   8  12 
 141	6  19  17 
 147	6   9   7 
 147	2  22  17 
 149	2  18  22 
 133	6  10   5 
 139	6  15  10 
 145	6  20  15 
 151	2  22  20 
 153	2  13  17 
 155	2   6  16 
 157	2   6   7 
 155	2  18  14 
 157	2  16  17 
 159	6   3   2 
 165	2   5   1 
 159	6  16  11 
 165	2  20  16 
 167	2   6   2 
 169	2  11   1 
 171	6  11   5 
 157	6  19  13 
 165	2   8  13 
 159	6  23  22 
 165	2  23  19 
 167	6  18  14 
 167	6  21  20 
 173	6  23  21 
 171	6   7   2 
 179	2  16  12 
 179	2  23  24 
 181	2  19  24 
 181	2  16  11 
 181	6  13   9 
 187	2  19  13 
 177	6   2   1 
 183	6   3   2 
 183	6  20  16 
 189	2  12  22 
 191	2  17  13 
 193	2  17  16 
 193	6  13   7 
 189	6  24  19 
 199	2  22  18 
 199	2   7   3 
 201	2   3   1 
 201	2  19  13 
 203	2  13   9 
 195	6  16  11 
 201	2  22  16 
 205	2  13  17 
 203	6   5   1 
 209	2   5  11 
 211	2  13  12 
 207	6   9   3 
 203	6  20  15 
 211	2  15   5 
 207	6  23  19 
 213	6   3   1 
 213	2  18  16 
 215	2  13  19 
 219	6   5   1 
 219	2   9  19 
 221	2   9  14 
 223	2  19  24 
 215	6  20  15 
 221	2  20  22 
 223	6  17  12 
 229	2  12   7 
 231	2   5  11 
 233	6  15   5 
 225	6  24  14 
 231	6   8   7 
 231	6  18  17 
 239	6   7   5 
 239	2  21  15 
 245	2  12   6 
 247	2  15  17 
 249	2  13  12 
 249	2  21  16 
 247	2   1   6 
 251	2  15   5 
 253	2  11   6 
 253	2  21  23 
 251	6  14   8 
 255	2  23  22 
 255	2  11  16 
 257	6  20  15 
 257	2   1   3 
 257	2  22  24 
 259	2  14  24 
 259	2  11  17 
 261	2   9   3 
 261	2  12  22 
 263	6  16  10 
 263	2  14   8 
 265	2  19  14 
 267	2  23  18 
 269	6  19  17 
 265	6   7   3 
 271	6  10   6 
 275	2  13   9 
 277	2  15   5 
 279	2  17  15 
 279	2   6   5 
 281	6  12  11 
 281	2  21  20 
 283	2  21  15 
 285	2  20  15 
 277	6  14   8 
 283	2  18  14 
 285	6  24  14 
 287	2  20  10 
 281	6   2   1 
 287	6  17   7 
 293	6   6   5 
 293	2  17  19 
 295	2   8  12 
 297	2  13  23 
 299	2   8   2 
 301	2  12  14 
 303	2  12   6 
 305	6  14  13 
 305	2   6   2 
 307	2  11  17 
 311	6  13   7 
 299	6  24  23 
 309	2  21  23 
 311	2  22  23 
 317	2  13  19 
 309	6  11  10 
 317	6  11   6 
 319	2  23  24 
 321	2  24  18 
 323	6   6   2 
 323	6  13   8 
 323	6  24  22 
 323	6  15  10 
 329	2   7   2 
 329	6  24  14 
 331	2   7  17 
 335	2  14   9 
 333	2   2   6 
 335	2  18  17 
 337	2  18  19 
 335	2  10   6 
 337	6   7   5 
 343	2  13  17 
 345	2   9   7 
 343	6  15  10 
 349	2  11   7 
 347	2  13  14 
 351	6  17  15 
 357	2  15  11 
 359	2  17  23 
 361	2  15  21 
 363	2  17  21 
 359	6  11   6 
 365	6  17  11 
 349	6  19  14 
 361	6  24  23 
 371	2  17  22 
 365	6  20  15 
 373	6  22  21 
 355	6  14   8 
 365	2   8   7 
 371	2  13   7 
 373	2   2   8 
 375	2   2   7 
 377	2   2   6 
 379	2   7   5 
 367	6  24  19 
 375	6  18  14 
 381	2  17  15 
 381	2   8  14 
 381	6   5   1 
 383	2  19   9 
 385	2  19  18 
 387	2  10  15 
 385	2   8  12 
 387	2  22  12 
 387	6   3   1 
 389	2  15  21 
 387	6  24  19 
 393	6  13   3 
 393	2  10   6 
 399	2  13   9 
 401	6  18  12 
 407	2  13  23 
 395	6  16  15 
 409	2  19   9 
 411	2  19  23 
 413	2  23  21 
 409	2  10  12 
 411	2   3   8 
 413	2  12  14 
 411	6  10   5 
 415	2  14  18 
 417	6   7   5 
 417	6  18  16 
 423	2  12  18 
 425	2  12  22 
 427	2  22  21 
 427	2  18  14 
 427	2  12  11 
 429	6  19   9 
 435	2   3   7 
 429	2  22  20 
 435	2  18  16 
 423	6   5   0 
 429	6   1   0 
 437	6  24  18 
 437	2   3   1 
 439	2   8   2 
 441	2   8   6 
 443	6   6   2 
 449	2  11  17 
 451	6  22  20 
 457	2  11  16 
 449	6   9   3 
 459	2   6   7 
 459	2  17  13 
 461	2  13   7 
 463	6  14  12 
 469	2  14   9 
 463	2   3   2 
 471	2  13  19 
 469	6   6   2 
 473	2  14  24 
 475	6  12   2 
 459	6  20  15 
 475	6  23  19 
 481	2  17  18 
 481	2  14   8 
 465	6  21  15 
 483	6  16   6 
 483	2  18  23 
 485	2   9  13 
 487	6  19   9 
 489	2  16  15 
 491	6  21  11 
 493	2   3   2 
 495	2   3   9 
 497	6  15  10 
 497	2  18  22 
 497	2   2   1 
 499	2  19  18 
 501	2  23  22 
 497	6   9   8 
 503	2  10   6 
 505	2  12   8 
 503	2  24  23 
 507	6   6   2 
 513	2  11   6 
 507	2  24  18 
 515	6  10   6 
 521	6   7   1 
 521	6  15  10 
 509	6  22  18 
 515	6  22  17 
 527	2  11   6 
 529	2  11  17 
 529	2   7   8 
 531	6   9   7 
 531	2  15  21 
 533	2  21  22 
 535	2  15  16 
 537	6  12   6 
 537	6  19   9 
 537	6  22  21 
 543	6  21  11 
 543	2   8  18 
 545	2   8   3 
 547	2   3   2 
 549	2   2   6 
 551	2   8  12 
 545	6  23  19 
 553	2  18  16 
 553	2   2   7 
 555	6  14  12 
 561	6  16  12 
 561	2  18  23 
 563	2  22  23 
 565	2  19  23 
 567	2  21  16 
 567	2   3  13 
 569	2  14  13 
 569	2  11   7 
 571	2  11   6 
 573	2  21  11 
 575	2  21  22 
 577	2  16  22 
 579	2  16  15 
 575	2   6   1 
 571	6  19   9 
 577	2  19  18 
 581	6  21  15 
 579	6  13  12 
 585	2  11  12 
 587	2  11  17 
 577	6   3   1 
 589	2  16  11 
 583	2   9   3 
 591	2  16  15 
 589	2  13   3 
 591	2   8   3 
 593	6   9   3 
 591	6  18  12 
 599	2   8   7 
 597	6  18  16 
 603	2  16  21 
 601	2   7   1 
 603	2  19  13 
 605	6  17  11 
 605	2   9  14 
 611	2  16   6 
 613	2  11   6 
 611	2  19  23 
 607	2   9   3 
 615	2   7  13 
 617	6  11   6 
 613	6  22  17 
 617	6  24  14 
 623	2  12   2 
 625	6   2   1 
 625	2  12  14 
 627	2   8  14 
 627	6  17  11 
 633	2   6   1 
 635	6   6   1 
 629	6  14   9 
 635	6   9   3 
 641	6   4   2 
 623	6  24  23 
 633	2  17  23 
 635	2  23  24 
 635	2  17  12 
 637	2  22  23 
 639	6  21  16 
 639	6  24  18 
 647	2  11   6 
 647	2   4   3 
 649	2   4   9 
 645	2  18  13 
 649	2  12   7 
 651	2  12  11 
 647	2  24  18 
 649	2  22  18 
 653	6  17  12 
 651	6  14   4 
 657	6  19   9 
 663	6  18  14 
 659	6   7   6 
 669	2  12   8 
 669	6  23  19 
 671	2   9   7 
 673	2   9   4 
 673	2   7   1 
 659	6  21  16 
 665	6  20  15 
 675	2   9   3 
 675	2  21  23 
 677	2  20  21 
 679	2  21  16 
 675	2  12  13 
 677	2  18  13 
 679	2  18  19 
 681	2  13  11 
 683	2  18  16 
 677	6   4   2 
 683	2   7   2 
 685	2   1  11 
 687	2   2   3 
 689	6   3   1 
 685	6  23  22 
 695	2   3   8 
 691	2  20  22 
 693	2  21  22 
 695	2  16   6 
 685	6  19  14 
 691	6  24  19 
 697	2  22  24 
 697	2  14   8 
 697	2   1   6 
