   1	6  22  18 
   1	6   8   4 
   7	2  21  22 
   7	2   9  13 
   1	6   5   1 
   9	6  22  17 
  15	2  21  16 
   9	2   9   7 
  11	6  13   8 
   7	6  10   5 
  17	6  18  13 
  17	2  16  10 
  23	2  21  23 
  23	2   8   2 
  25	6  13  12 
  25	6  22  21 
  31	6  21  11 
  31	6   8   2 
  25	6  24  19 
  37	2  17  18 
  39	2  10  12 
  41	2  17  15 
  37	6   3   1 
  43	6   5   1 
  43	2   9   3 
  43	2  12   7 
  43	2  18  19 
  43	2  16  21 
  45	2  15  21 
  45	6  18   8 
  49	2  10  11 
  51	2  11   7 
  51	2  19  18 
  53	2   2   3 
  53	2  19  23 
  55	2   8   3 
  55	2  18  23 
  57	2  18  19 
  53	2  15   5 
  55	2  12   6 
  57	2  11   6 
  59	6  21  11 
  65	6  17  12 
  59	6  14   9 
  65	6   3   1 
  71	6   4   2 
  71	2  11   5 
  73	6  16  10 
  79	2   5   6 
  65	6  23  19 
  71	6  23  18 
  79	2  23  21 
  81	2  23  22 
  81	2   5   7 
  83	2   5   1 
  83	2   7  12 
  85	2   5  11 
  87	2  15  11 
  77	6   9   4 
  83	6  19   9 
  89	2  14  12 
  89	6  15   5 
  91	2  14  19 
  93	2  14   9 
  95	6  11  10 
  95	6   8   2 
 101	2   7  11 
 103	2  12   6 
  95	6  23  19 
 105	6   5   1 
 103	6   9   3 
 105	6  23  17 
 111	2   1   2 
 113	2   2   6 
 111	2  17  16 
 113	2  17  23 
 115	2  18  23 
 115	2   1   3 
 117	2   2   3 
 115	2  10  16 
 117	2  18  22 
 117	2   5  11 
 119	6  16   6 
 125	2  16  21 
 125	2   5   6 
 119	6  23  13 
 127	2  11  13 
 127	2  21  22 
