   1	6  10   7 
   7	2  10   7 
   9	2  10  14 
  11	2   7   6 
  11	2  14  15 
   1	6   4   0 
   7	6  12   4 
  13	6  13  12 
  19	2  10   9 
  21	6  15  13 
  27	2  14  15 
  13	6   3   1 
  21	2   5   1 
  23	2   5   2 
  27	2   5   8 
  25	2   7   3 
  29	6   4   1 
  35	2   4   8 
  35	2   1   2 
  37	2   8  12 
  37	2   2   3 
  29	6  14  11 
  37	6  10   5 
  43	2   3   6 
  43	2  13  15 
  45	2   7  11 
  45	2  13  12 
  47	2  15  14 
  49	2  11  15 
  43	2   4   0 
  45	2   1   0 
  49	2   1   9 
  51	2  14   9 
  53	2  14  12 
  55	2  14  10 
  51	6   2   0 
  57	2   6   2 
  59	2  14   6 
  57	6   8   0 
  63	2  14  12 
  61	2   7   6 
  65	2  10  13 
  63	2   7   3 
  67	2  15  13 
  63	6   5   1 
  69	2  12   9 
  71	2  10   2 
  71	2  12   8 
  73	2   9   4 
  75	2   9   8 
  77	2   5   8 
  79	2   5   0 
  81	2   5   4 
  83	2   0   4 
  73	2  11   3 
  75	6  15   7 
  81	6   7   2 
  87	2   0   1 
  81	6  15  13 
  87	2  15   7 
  89	2   2   1 
  91	2   1   3 
  93	2   6   7 
