   1	6  24  22 
   1	2   2   3 
   1	6  10   5 
   7	2  21  22 
   3	6  12   7 
   9	6  16  11 
   7	6   1   0 
  15	2  21  17 
   9	6   9   8 
  17	2  22  12 
  13	6   2   1 
  19	2  12   6 
  21	6  12   8 
  27	6   7   2 
  33	2   8   7 
  19	6  21  20 
  25	2  20  10 
  27	6  21  17 
  35	2   7  17 
  27	6  10   0 
  37	6  13   7 
  37	6  16  10 
  43	2  22  12 
  37	6   1   0 
  45	2  13  18 
  47	2  17  16 
  49	6  23  22 
  49	2   6  11 
  55	2  22  16 
  51	2   6   5 
  53	2   0   5 
  35	6   9   4 
  43	6   3   2 
  47	6  13   9 
  53	6  12   7 
  59	2  16  12 
  55	6  24  14 
  61	2  17  13 
  63	6  17  12 
  59	6   2   1 
  69	6  12   2 
  61	6  15  10 
  75	2   1  11 
  75	2  14  13 
  69	6  22  21 
  77	6  10   0 
  77	2  14  18 
  83	2  21  11 
  85	2  10   0 
  85	2  21  22 
  79	2  14  19 
  81	2   8  14 
  83	2   8   2 
  85	2  13  19 
  87	2   1   0 
  87	2  17  19 
  89	6  24  22 
  95	2  24  22 
  89	2   7   5 
  91	6  14   8 
  97	2  17  12 
  97	6   8   2 
  97	6  19  14 
  97	6  20  10 
 103	6  10   6 
 103	2  17  13 
 105	2  17  23 
 109	2   2   1 
 109	2  12  18 
 107	6  22  21 
 111	2   2   6 
 111	6  24  19 
 113	2  16  12 
 117	2  24  22 
 119	2  23  18 
 115	6  11   7 
 113	6   5   0 
 121	2  12  14 
 123	2  11  21 
 125	6  23  21 
 125	2  13   7 
 127	2  12   6 
 129	2   6   7 
 127	6   9   3 
 133	2  13  19 
 131	2  17  22 
 135	2  14  19 
 133	2  21  20 
 131	6  11   5 
 133	6   3   2 
 137	6  12  11 
 139	6   5   1 
 135	6  22  20 
 139	6  14   8 
 145	6  13   7 
 141	6  23  22 
 145	6  15   5 
 151	2  12  22 
 151	2   2   1 
 151	6  19  14 
 153	2  16  22 
 155	2  16  15 
 157	2  13  18 
 153	2   2   0 
 155	6   5   1 
 159	2  23  19 
 159	6  12   8 
 161	2  23  22 
 163	2  20  22 
 165	2   2   8 
 165	2   5  15 
 167	6  14   8 
 173	2  19  14 
 175	2  18  14 
 177	2  24  18 
 167	2   5   0 
 169	2   0  10 
 171	6  16   6 
 177	6   8   6 
 183	6   1   0 
 183	2  12  10 
 189	2   6  10 
 185	6  21  16 
 179	6  24  23 
 185	6  18   8 
 191	2  22  12 
 193	6  20  10 
 199	2  23  21 
 193	2  12  13 
 201	2  23  18 
 203	2  24  18 
 205	2  18  19 
 195	6   7   1 
 201	2  12   7 
 201	6  15  10 
 203	6  22  21 
 209	2  24  22 
 207	2   8  13 
 209	2   8   7 
 201	6   1   0 
 211	2  17  13 
 211	2  21  20 
 207	6  10   0 
 213	2  24  14 
 213	2  21  15 
 215	6  14  12 
 221	2  17  16 
 223	2  17  15 
 225	2  15  10 
 213	6   1   0 
 227	2  16  11 
 221	6   7   1 
 221	6  14   9 
 229	2  16   6 
 231	6  20  15 
 231	2  12   6 
 233	2  12   7 
 237	2   6  10 
 239	6  16  12 
 245	6  12   2 
 227	6  24  19 
 233	6  24  23 
 239	2  22  23 
 251	2   7   5 
 241	6  23  22 
 253	6   3   1 
 251	6  24  14 
 259	2  15   5 
 261	2   5   1 
 259	2   7  12 
 257	6  18  14 
 263	2  12  10 
 265	2  12  22 
 267	2  15  11 
 263	2   3   1 
 265	6   9   3 
 269	2  16  15 
 269	6  18  12 
 269	6   6   1 
 275	2  11   6 
 275	6  23  13 
 277	6  10   6 
 283	2  16  22 
 285	2  16  11 
 283	2   3   7 
 287	2  12  11 
 289	2  12   8 
 285	6  23  19 
 291	2   3   1 
 291	2  12  14 
 293	2   7  13 
 287	6  21  15 
 293	2  21  22 
 293	2  10  15 
 293	6   1   0 
 295	6  21  16 
 299	2   8   6 
 295	6  19  18 
 301	6  23  22 
 301	2  10   0 
 301	2   8  13 
 303	2  15   5 
 303	2   3   2 
 305	6  10   0 
 303	6  19  13 
 309	2   7  13 
 307	6  22  21 
 313	2  16  18 
 311	6   7   5 
 315	6  21  15 
 321	2  20  10 
 317	6  13   7 
 323	6  22  20 
 323	6   3   2 
 323	6  12   6 
 315	6  24  19 
 329	2  21  23 
 331	2  11  15 
 331	2  13  18 
 333	2  17  12 
 329	6   4   3 
 335	2  22  24 
 335	2  13   9 
 337	2  14   9 
 339	2  14   4 
 329	6   5   0 
 341	2   9   4 
 335	2   5  15 
 337	2  17  15 
 339	2  17   7 
 341	2  22  18 
 341	2  12   7 
