   1	6   7   6 
   1	6  12   8 
   1	6   1   0 
   7	6   2   1 
   7	2  14  12 
   9	6  13  10 
  13	6   3   1 
  15	2  12  13 
  17	2  12   8 
  15	6  11  10 
  19	6   8   0 
  21	2  11   3 
  23	2   2   6 
  25	2   6   5 
  27	2   2   1 
  29	2   2  10 
  31	2  14  10 
  33	2   6   1 
  35	6  14   6 
  41	6   9   8 
  41	2   6   7 
  47	2  10  15 
  49	2  11  15 
  41	2   0   1 
  49	2   5  13 
  51	2   5   9 
  53	6   2   0 
  53	2  13   9 
  55	2  11   9 
  59	6   5   1 
  65	2   5   9 
  67	2   5  10 
  59	6   7   3 
  65	2   2   3 
  69	2   5   1 
  67	2   7   3 
  69	2   7  15 
  71	2  10  11 
  73	2  11  15 
  71	2   3   1 
  73	2   1   2 
  75	6   7   5 
  67	6  13  12 
  75	6  15  14 
  81	6  15  11 
  81	2   9   5 
  83	2   9   6 
  85	2   3   6 
  87	2  10   6 
  89	2   3  11 
  91	2  15  11 
  89	2   5   0 
  91	2   2   0 
  93	2   5  13 
  93	6  11   3 
  99	2  10  15 
  99	2   2   3 
 101	2  14  13 
  95	6   4   0 
 103	2   4  12 
 105	2  11   9 
 107	2  14  12 
 109	2  13  12 
 111	2  11  14 
 107	6   4   1 
 113	6  15  13 
 119	6  15  11 
 125	2  15  11 
 119	2   9   6 
 121	2   9   4 
 123	2   6   3 
 125	2   6   5 
 123	6  12   8 
 127	2  10  14 
 127	2   3   1 
 129	2   3  11 
 129	6   8   5 
 131	6  14  11 
 137	2  10   7 
 139	2  13  14 
 135	2   1   2 
 139	2   2   7 
 141	2   1   5 
 143	6   8   4 
 143	6  10   2 
 149	2  10  11 
 149	2   1   3 
 149	2  13   8 
 151	2   3  11 
 151	2   4   8 
 153	2   4   5 
 155	2   1   4 
 157	2   7   5 
 159	2   1   2 
 161	2   2   6 
 159	2  14   9 
 163	2   3   7 
 165	2   6   7 
 167	2   6  10 
 161	6   4   0 
 169	2   2   0 
 171	2   0   5 
 169	2  14  11 
 171	2  14  15 
 173	6   7   5 
 179	2   9   8 
 181	2   5   7 
 183	2  10   8 
 185	2   9  13 
 187	2  10  13 
 189	6   9   6 
 195	2   8  13 
 195	2   7  15 
 197	6  10   5 
 203	6   5   2 
 209	2   6   3 
 203	2  11  15 
 211	2   6   1 
 213	2  15  10 
 215	2  10   9 
 217	2  10  14 
 219	2  15  13 
 215	6   7   2 
 221	2   5  13 
 223	2  15   7 
 225	2   6  11 
 227	2  10   6 
 229	2   3  11 
 223	6   4   0 
 223	6  13  12 
 229	6   8   0 
 231	2   3   2 
 235	2   5   2 
 237	6   7   2 
 231	6  14  10 
 243	2   9  11 
 245	2   5   0 
 247	2   9   4 
 245	6  11   3 
 251	2   6   9 
 253	6  11   6 
 253	2  12   4 
 255	2   4   0 
 257	2   0   1 
 259	2   2   1 
 261	2   2  10 
 263	2   7  10 
 265	2  11   7 
 261	6  12   4 
 267	2   1   3 
 269	2   1   2 
 267	2  14  12 
 269	6   9   4 
 269	6  15  11 
 275	2   2   0 
 277	2   2   7 
 275	2  14   9 
 277	2  14  15 
 279	2   3   6 
 281	2   3  11 
 277	2   0   4 
 279	6  12   4 
 285	2   1   4 
 287	2   6   5 
 289	6  10   5 
 295	6   6   4 
 301	2   0   5 
 285	6  13  12 
 295	6  15  13 
 301	2  11  15 
 303	2  11  10 
 305	2  14  11 
 307	2  11  15 
 309	2   6   7 
 307	2   4   9 
 309	6  15  13 
 315	2   5  10 
 311	6   3   2 
 317	2  11   6 
 319	6  14  11 
 319	2   5   9 
 319	6   3   2 
 321	6   5   4 
 325	2  11   3 
 327	2   1   3 
 327	2  14  11 
 329	6   6   4 
 335	2  15  10 
 337	2  15   7 
 335	2   1   5 
 337	2   1   0 
 339	2  13   5 
 341	2  13   9 
 341	2   4   0 
 343	6   9   4 
 349	2  14  13 
 349	2   5   4 
 351	2  13   5 
 339	6   7   3 
 345	6  11   7 
 353	2  11  10 
 355	2   9   4 
 357	2  14   9 
 357	2   0   2 
 359	2   2   3 
 361	2   2   6 
 363	2  10   6 
 365	2   7   2 
 365	2   5   9 
 367	2  13  10 
 367	6   5   1 
 367	6   7   3 
 373	2   6   7 
 375	2   1   2 
 377	2  10   2 
 379	2  10   5 
 379	2   3   7 
 381	2   7   6 
 383	2  11   6 
 385	6  15  10 
 385	6   2   0 
 391	6   5   2 
 391	2  11  10 
 397	2  11   9 
 399	6   9   4 
 399	2   7   2 
 401	6   2   1 
 399	6  15  14 
 407	2   6   9 
 409	2   1   5 
 411	2   5  10 
 413	2   5   9 
 415	2   9  10 
 417	2  10   2 
 419	2  10   6 
 421	2   2   5 
 421	2  10  14 
 423	2   1   6 
 425	2   1   0 
 425	2  14   9 
 427	2  14  13 
 427	2   1   4 
 425	6   7   6 
 431	2   2   6 
 433	2   9   6 
 429	6  15  14 
 435	2   9  14 
 435	2   7   3 
 437	2   4   5 
 439	6  14   9 
 439	2   4   0 
 437	6   3   2 
 445	2   5  13 
 445	6  11   3 
 447	2  13   9 
 451	2  15  14 
 453	2  15   7 
 449	6   9   5 
 455	2  15  11 
 455	2   0   2 
 457	2   2   3 
 459	2   6   3 
 457	2  14  13 
 461	6   3   2 
 461	6  10   8 
 467	2   5   2 
 469	2   5   8 
 471	2   5   4 
 473	2   5   0 
 467	6  11   7 
 473	2  14  11 
 475	2   8   0 
 477	2   8   9 
 477	2   0   2 
 479	2   9   6 
 481	2   2   7 
 481	2   9  13 
 479	6   4   0 
 483	2   7   3 
 485	2   2   0 
 483	6  13   9 
 487	2   6   1 
 489	2   0   1 
 489	2   6   9 
 491	2   1   3 
 493	2   3  11 
