   1	6  12   2 
   1	6  10   5 
   1	6  14   9 
   7	6  20  16 
   7	2   5   1 
   7	2  24  18 
   9	2   7   6 
   9	2  18  23 
  11	2  18  13 
   7	6   9   3 
  13	6   3   1 
  13	6  16  11 
  19	2   7  12 
  13	6  19  14 
  19	6  15   5 
  13	6  23  22 
  19	2  23  19 
  21	6  18  12 
  25	2   6   1 
  27	2   7  11 
  27	2  24  18 
  21	6  14   9 
  25	6  21  20 
  31	2  15  17 
  29	2  24  14 
  29	2   6   2 
  31	6   9   3 
  33	6  23  21 
  37	2   9  14 
  31	6   5   1 
  39	6  16  11 
  39	2  19  23 
  37	6   7   1 
  45	2  15   5 
  41	6  14   9 
  45	6  22  12 
  47	6  19  14 
  51	2  21  16 
  47	6  10   5 
  53	2  19  23 
  53	2  21  20 
  53	2  12  10 
  55	2  23  17 
  55	2  14   8 
  57	2  12   2 
  55	6  20  15 
  59	2   8   2 
  61	2   7   9 
  63	2   8  18 
  65	2   7  13 
  61	2  16  15 
  67	2  13  17 
  63	6  15   5 
  69	2   7   5 
