   1	6  13   9 
   1	2   2   3 
   3	6   6   3 
   9	2   2   5 
  11	6   8   0 
   9	6  11   7 
  17	2   6   9 
  19	2   6   1 
  21	2   2   7 
  19	2   9   8 
  23	2   5   7 
  25	2   5   1 
  25	2   7  15 
  27	6   5   1 
  33	2   8   5 
  27	6  14  11 
  35	2   5   7 
  33	6  14  13 
  39	2   9  10 
  41	2   8  13 
  43	2  13  15 
  37	6   7   2 
  43	6   3   1 
  45	2  13  10 
  49	2   5  13 
  51	2   5   9 
  53	6   8   5 
  49	6  11   3 
  59	2  15  10 
  61	2  13  15 
  63	2  13  10 
  59	6   2   1 
  65	2   1   5 
  67	2   1   9 
  65	2  15   7 
  67	2   7  11 
  69	2  11  10 
  71	2  11   6 
  73	2  10   6 
  75	6   7   5 
  81	6  15  11 
  81	2   5   9 
  87	2  11   7 
  83	6   9   1 
  89	2   7   6 
  89	6  15  13 
  95	2   5   7 
  97	2   5   1 
  97	2   7  10 
  99	2   5   9 
 101	2  13   9 
 101	2   7   6 
 103	2  13  15 
 103	2   6   1 
 105	2   6  11 
 107	2   5   6 
 105	2  13   8 
 107	2  15  11 
 109	6   5   1 
 109	6  15  14 
 115	2   5   8 
 117	6  14   9 
 123	2   9   8 
 125	2   1   9 
 127	2   5   9 
 123	6  15   7 
 129	2  14  10 
 131	2  11  10 
 133	2   6  10 
 129	6   4   1 
 135	2  13  15 
 137	2   4   8 
 137	2   6  11 
 139	2   4   6 
 141	2   5  10 
 143	2   5   8 
 145	2  13  10 
 147	2   9  14 
 149	2   4   9 
 151	2   6  10 
 151	2  13   8 
 153	2   4   8 
 153	2  15  11 
 155	6  10   5 
 161	6   7   5 
 161	2  15  14 
 167	6   8   5 
 167	2  11  14 
 173	2   6  11 
 175	2   4   6 
 169	2  13  14 
 175	2  13  15 
 177	2  13  10 
 179	2  14  11 
 177	6   8   4 
 181	2  14  10 
 183	2  10  15 
 185	2  13  14 
 187	2   9  11 
 189	2   9   5 
 189	2  15   7 
 191	6  13   8 
 197	2   7   5 
 199	2  13  15 
 199	2   6   5 
 201	6  14   6 
 207	2  14  11 
 209	2  15  11 
 209	2  13   9 
 211	2   8   9 
 213	2  13  14 
 213	2   8   5 
 215	2   9  11 
 217	2  15   7 
 219	2   6   7 
 221	2   6  10 
 223	2   5  10 
 225	6   8   5 
 225	6  15   7 
 231	2  15  10 
 233	2  14  10 
 235	2  14   6 
 231	6   8   4 
 237	6  14   9 
 243	2  13  14 
 243	2   5   6 
 245	2   6  10 
 247	2  13  15 
 249	2  13   9 
 245	6   4   1 
 247	6   7   6 
 253	2   5   6 
 255	2   5   1 
 257	2   9   5 
 259	2   6   1 
 261	2   6  11 
 263	2  10  14 
 265	2  14  15 
 267	2  15  11 
 269	6   7   5 
 269	2  14  15 
 275	2  13  10 
 277	2  15  10 
 279	2  14   6 
 281	6  14  10 
 281	6   3   1 
 287	2  13   5 
 287	2   3  11 
 289	2   9  11 
 291	2  14  11 
 293	2  13   9 
 295	2  10   5 
 297	2  14  10 
 293	6   7   3 
 299	2  15   7 
 301	2   7   6 
 303	2   7   3 
 305	2  11   3 
 299	6  13   9 
 307	2   6   5 
 307	2  14  11 
 309	2  10  11 
 311	6   6   3 
 311	6  15  13 
 317	2   9   6 
 319	2   9   5 
 319	2  15   7 
 321	2  15  13 
 323	2  14  13 
 321	2   6   5 
 323	2   7  11 
 323	6   5   2 
 329	2   6   3 
 325	6  15  13 
 331	2   9  13 
 331	2   7  15 
 333	2   2   3 
 333	6  11   9 
 339	2  11  15 
 335	6   3   2 
 341	2  11   3 
 343	2  10   2 
 345	2  13  10 
 347	2  13   9 
 349	2  14  10 
 351	2  14   9 
 353	2  14  15 
 345	2   7   3 
 347	2   7   2 
 349	2   3   2 
 351	2   7   6 
 353	2   6   2 
 355	2   6   9 
 357	2  10  15 
