   1	6   7   5 
   1	6  22  20 
   7	2   2   3 
   1	6  14   9 
   9	2   3  13 
   7	6  22  16 
  11	2   2   6 
  13	2  13  23 
  13	6   2   0 
  19	2  13   7 
  13	6  16  10 
  21	2   7  12 
  23	2  12  14 
  19	6   4   3 
  19	6  10   5 
  25	6  13   9 
  25	2   0   5 
  25	6   7   2 
  25	6  17  16 
  31	6  13   7 
  31	6   9   4 
  31	6  16  10 
  37	2   2   3 
  37	2  12  16 
  39	2  13  14 
  39	2  22  16 
  41	2  23  17 
  39	6   7   6 
  45	2   6  11 
  43	2  23  21 
  45	2  14  18 
  47	6  22  18 
  47	6  12   7 
  47	6   9   3 
  53	6   3   2 
  53	2  11  17 
  55	2  13  17 
  57	2  13  12 
  59	6   7   2 
  59	6  13   9 
  65	6  14   4 
  45	6  20  15 
  55	6  10   5 
  65	2   7   5 
  57	6  21  16 
  67	2   6  16 
  69	2   6   1 
  53	6  24  23 
  69	6  16  10 
  75	2   5  10 
  71	2  18  13 
  73	2  18  23 
  75	2  21  23 
  77	2  22  23 
  79	2  14  18 
  77	2  11   1 
  81	2  22  16 
  79	6   3   2 
  83	2  22  21 
  81	6  18  13 
  87	2  21  17 
  79	6   6   0 
  83	6  15  10 
  89	6  16  12 
  95	2  12  18 
  97	2  16  10 
  85	6   2   0 
  91	6   6   1 
  99	2  21  16 
  99	2   5  10 
 101	2   0   5 
  85	6   9   4 
  91	6   9   3 
  97	2  14   9 
  99	2  14   4 
  97	6  12   7 
 103	2   6  10 
 101	6  14   4 
 107	2   3   7 
 105	6  10   0 
 103	6  23  17 
 109	2   7  17 
 107	6  19  14 
 111	2  22  12 
 111	2  10  15 
 113	2  12  18 
 111	6   3   1 
 115	2  17  16 
 117	2   1   0 
 119	2  10   6 
 121	2  12   2 
 117	6   9   4 
 115	6  23  19 
 121	2  22  23 
 123	6  24  22 
 123	2   2   4 
 123	2  13  11 
 125	2   1  11 
 127	2   5  11 
 127	2  13   3 
 129	2   7   3 
 129	2   5  15 
 131	6   4   3 
 131	6   7   6 
 137	2   2   0 
 131	6  22  21 
 137	2  15  21 
 129	6  19  14 
 135	6  18  13 
 141	2   4  14 
 141	2  17  21 
 139	6  10   0 
 143	2  14  13 
 145	2  16  21 
 143	2   3   7 
 145	2  13   7 
 147	6   2   1 
 147	2   9  13 
 149	2   9   4 
 153	6   4   2 
 147	6  16  10 
 147	6  23  22 
 153	2  22  16 
 155	2  16  17 
 157	2  16  21 
 151	6  14  13 
 159	6  21  15 
 159	2   9   4 
 159	6   2   1 
 157	6  24  18 
 165	2   2   4 
 165	2  17  13 
 167	2  14  13 
 167	2   2   1 
 167	2  17  21 
 165	6  11  10 
 169	2   2   7 
 171	2   4   3 
 173	2   1   3 
 171	2  16  22 
 169	2  18  13 
 173	2  18  12 
 175	6  23  17 
 175	6   7   6 
 175	6  14  13 
 181	2  18  22 
 183	2  22  17 
 181	6  15   5 
 185	2  12   7 
 185	6  24  22 
 187	2  12  11 
 189	2   6  11 
 191	2   6  10 
 193	2  10  15 
 191	6  22  21 
 197	2   5  15 
 191	6  18  13 
 197	2  18  22 
 199	2  11  17 
 201	6   6   0 
 207	2  10   6 
 201	6  17  12 
 209	2  15  21 
 209	2   6  12 
 187	6   3   2 
 211	2  22  21 
 211	2   6   2 
 213	6  21  11 
 213	6  23  18 
 219	2   5   7 
 221	2   0   5 
 221	2   7  11 
 223	6   6   5 
 229	2  11  16 
 229	2   0   2 
 231	2   6   2 
 231	2  16  15 
 219	6  22  18 
 225	6  14  13 
 231	6  13  12 
 233	6  16  10 
 233	6   2   0 
 225	6  24  23 
 239	2   2   7 
 239	2  22  16 
 241	6  16  15 
 241	2   9   7 
 243	2   7   3 
 245	2   6  12 
 245	6   8   3 
 247	2  10   0 
 249	2  16  12 
 251	2  22  21 
 253	2  22  17 
 251	6  15  10 
 251	6   6   2 
 231	6  24  19 
 257	2  11  21 
 251	2   9  19 
 253	2   9   4 
 253	2  19  13 
 259	2  23  21 
 255	2  14  13 
 257	6  14   4 
 263	2  16  18 
 265	6  17   7 
 265	6  10   0 
 271	2  14  18 
 271	2  15  16 
 273	2  15  17 
 271	2   0   1 
 273	2   0   5 
 275	6  19  17 
 275	6   5   1 
 281	6  15   5 
 287	6  23  21 
 293	2  17  15 
 271	6   8   7 
 281	2  14   8 
 293	2  14  19 
 283	6   4   2 
 289	6   3   1 
 295	2  11   7 
 297	2  21  15 
 297	2   2   7 
 299	2   2   3 
 295	6  18  14 
 295	6   5   0 
 299	6  12  11 
 301	2  14   8 
 303	2   4   8 
 305	2   8   2 
 305	2  21  11 
 307	6   2   0 
 307	2  11  10 
 307	6  18  17 
 313	2  11   5 
 313	2  13   3 
 315	6  13   7 
 315	2   4   3 
 315	2  10   5 
 317	2   4   9 
 317	2  10   0 
 313	6  22  21 
 321	2   2   3 
 319	2  17  22 
 321	2   9  14 
 321	2  17  23 
 323	2  11  21 
 323	2   8  13 
 325	6  11   7 
 325	6  19   9 
 331	2  14  12 
 323	6   1   0 
 333	2  22  12 
 331	6   3   1 
 337	2  16   6 
 335	2  19  13 
 339	2  16  15 
 337	2  14  18 
 341	2  17  16 
 339	6   6   2 
 343	2  22  18 
 345	2  17  22 
 345	2   5  15 
 347	2  15  11 
 339	6   9   8 
 345	2   8   2 
 347	6  23  13 
 347	6   3   2 
 353	2   2  12 
 355	6   6   2 
 355	6  14   4 
 355	6  17  15 
 361	6   4   2 
 361	6  15   5 
 367	2   3  13 
 369	2  13  18 
 371	2  19  18 
 373	2  19  13 
 369	2  11   1 
 371	2  11  21 
 371	2   4   2 
 373	2  16   6 
 375	2  22  12 
 375	6   3   1 
 377	2  21  23 
 379	2  18  23 
 377	6  11  10 
 381	2   4  14 
 381	6  23  21 
 387	2  16  17 
 383	2   5   1 
 387	6  19  13 
 393	2  18  23 
 395	6  13   9 
 385	6   6   2 
 401	2   9   3 
 391	2   6  11 
 393	2  21  11 
 395	2  21  15 
 397	2   6  10 
 397	6  22  20 
 403	6  21  15 
 403	6   8   4 
 403	6   2   1 
 403	6  17  12 
 409	2  20  10 
 409	2  12  13 
 411	2  11   1 
 403	6  23  19 
 411	2  13  19 
 409	6  23  22 
 413	2  14  19 
 413	2   8   7 
 413	6  20  15 
 419	2  22  21 
 415	2  14   4 
 417	2  13   7 
 421	2  22  17 
 419	2  14  13 
 417	6   4   3 
 423	6   9   4 
 423	2  13  18 
 425	2  20  22 
 423	6   6   2 
 427	6  21  16 
 429	2   1   3 
 431	2  13   8 
 427	6  23  19 
 433	6  23  21 
 431	6   2   1 
 431	6  10   5 
 439	6  20  15 
 433	6  12   8 
 439	2   8   9 
 437	6   5   1 
 443	2   3   1 
 439	6  19  17 
 445	2   4   3 
 447	2  19   9 
 449	2  14   9 
 445	2  16   6 
 447	2  21  16 
 447	2   6   7 
 449	2  16  11 
 451	2  16  12 
 453	6   8   6 
 451	6  23  19 
 453	6  20  16 
 457	6  23  18 
 459	2  15  11 
 459	2   4   8 
 461	2   3   8 
 463	6  12   8 
 469	2  22  12 
 469	2   9  19 
 471	6  13   7 
 461	6  15   5 
 471	2  21  15 
 473	2  21  23 
 475	2  22  23 
 471	6   4   3 
 473	6  11  10 
 477	2   3   1 
 477	6  18  14 
 479	2   2   1 
 483	2   9  13 
 479	6  21  15 
 485	2  18  16 
 487	2  19  13 
 489	2   4  14 
 481	6   6   2 
 487	2   6  16 
 489	2   6   2 
 491	2   1   2 
 491	2  13  11 
 493	6  14  12 
 493	6  10   5 
 493	6  23  21 
 499	6   8   2 
 499	2  16  11 
 499	2  19  23 
 501	6  23  18 
 501	6  12  11 
 507	2  10  11 
 507	2   8  18 
 509	2  12   2 
 511	2   5  11 
