   1	6   5   2 
   1	2  14  11 
   3	6  14  10 
   9	2  10   5 
  11	6  12   4 
  11	2  10   7 
  17	2   4   5 
  13	2  11   7 
  15	2   7   2 
  17	2  11   3 
  19	6   3   2 
  19	2   8  12 
  21	2   8   9 
  23	2  12  13 
  25	6   4   1 
  23	6  15  10 
  29	2   9  10 
  25	6   7   3 
  31	2   8   0 
  33	6   2   0 
  33	6  13   8 
  39	2   1   0 
  39	2   9   6 
  41	2  10   6 
  41	2  12   4 
  43	2   5   4 
  45	2   1   2 
  43	2  10   7 
  45	2  12   9 
  47	2   4   8 
  47	2   6  14 
  49	2   8   0 
  49	6  14   6 
  55	2   6   2 
  57	2   6   7 
  55	2   9  14 
  59	6  11   6 
  57	6  13   8 
  65	2  11  15 
  67	6  15  11 
  63	6   8   0 
  69	6   9   8 
  75	2  15  13 
  65	6   6   2 
  77	2  11  10 
  79	2  14  10 
  81	2  15   7 
  81	2  12  13 
  83	2  12   4 
  85	2   8   4 
  83	2   7   6 
  87	2  11   9 
  89	2   7   5 
  91	2   6   2 
  93	2   6   5 
  95	2   1   5 
  91	6  13   8 
  97	2   1   3 
  97	2  10   9 
  99	2  11   6 
  99	2   8   9 
 101	6   6   3 
 101	6   4   0 
 101	6  14  12 
 107	6   8   0 
 113	2   1   2 
 113	2  14   9 
 115	6  15  13 
 115	2   6   2 
 117	2   6   4 
 119	2   3   7 
 121	6   7   5 
 127	2  11   7 
 129	2  11   6 
 131	2  14  15 
 127	2  12   4 
 129	2   4   8 
 131	6   4   1 
 137	2   3   1 
 139	2  11   3 
 141	2  14  12 
 143	2   9   4 
 145	2   9   8 
 141	6   7   6 
 147	2  15  13 
 149	2  13   8 
 145	6   1   0 
 151	2  13   5 
 153	2   5   2 
 155	2   1   6 
 153	6  14  13 
 157	2   0   4 
 157	2   6   7 
 159	6   8   4 
 159	2   1   2 
 165	2   0   4 
 167	2   8  12 
 161	2  11   6 
 163	2  15  10 
 165	2   2  10 
 169	2  13   9 
 171	2  10   7 
 167	6   1   0 
 173	2  13   8 
 175	6   4   0 
 181	2   4  12 
 183	6   8   4 
 173	6  11   7 
 179	2  14  11 
 183	2  14   6 
 189	2  13   8 
 185	2  11  10 
 187	6   7   3 
 193	2   3   1 
 191	2   9   8 
 193	2   8  10 
 195	2   9  12 
 195	2   7  15 
 197	2   7   2 
 199	2  10   2 
 201	6   9   1 
 201	6  11   7 
 207	2   4   6 
 207	6  15  13 
 213	2  14   9 
 215	2  13   9 
 209	6   2   0 
 215	2   7   2 
 217	2   2   0 
 217	6  11   9 
 223	2   4  12 
 223	2  15   7 
 225	2  15  11 
 225	2  13   5 
 227	2   2   5 
 229	2   7   6 
 231	2   7   3 
 227	6  12   8 
 233	2   8   5 
 227	6  15  14 
 235	2   8   9 
 235	2   3   6 
 237	2   8   0 
 239	2   8  13 
 241	2   9  10 
 243	2   6   5 
 245	6  10   2 
 245	6   8   4 
 251	2   9  12 
 253	2  14  12 
 251	2   0   2 
 253	2   0   1 
 253	6   6   3 
 259	2   6   1 
 261	2   6   9 
 263	6   7   5 
 263	6  14  13 
 269	2   9   5 
 271	2   2   1 
 273	2  13   5 
 275	2   7  10 
 275	2  12   8 
 275	6   1   0 
 277	2  11  14 
 279	2  11  15 
 281	2   7  15 
 281	2   5   4 
 283	2  10   8 
 285	2  10  14 
 287	2   9  10 
 283	6   3   1 
 289	2   6   3 
 291	2   6   2 
 289	6  15  13 
 289	6   4   0 
 295	2   8  13 
 295	2   3  11 
 297	6  10   8 
 303	2  11  10 
 297	6   3   2 
 305	2  11   3 
 307	2  10   7 
 309	6  11   3 
 309	6  13   8 
 303	6   1   0 
 315	2   8   4 
 315	2  10  13 
 317	2   8  12 
 319	2  15  13 
 315	6   2   1 
 321	2   8   0 
 321	2  15   7 
 323	2   4  12 
 323	2  11  14 
 323	6   6   2 
 325	2   4   0 
 329	2   7   6 
 325	2  14  12 
 329	2   1   0 
 331	2  14   6 
