   1	6   7   5 
   7	6   6   2 
   1	6  14  12 
  13	2   5   9 
   7	2  14  15 
  15	6   4   1 
  21	2   9   6 
  23	6   6   1 
  23	2  14  12 
  29	2  12   4 
  25	6  15  14 
  31	2  14  13 
  31	2   4   1 
  33	2   5   6 
  33	6  13   8 
  35	2  15   7 
  39	2  14  10 
  39	2   5   8 
  41	2   9  13 
  43	2   6  10 
  45	2   6   7 
  43	2  12  13 
  45	2  15  14 
  47	2  13  10 
  41	6   4   1 
  47	2   8   4 
  49	2  10   9 
  51	2  10   5 
  53	2   9  12 
  55	2   9   8 
  47	6   7   3 
  53	2   1   3 
  53	6  15  11 
  57	6   9   8 
  59	2  11   6 
  63	2  11   9 
  65	2   5   9 
  61	6   3   2 
  67	2  10   2 
  69	2  14   6 
  71	2   6   1 
  71	2  14  13 
  73	2  11  14 
  73	2   5   1 
  75	2   6   5 
  77	2   6  10 
  79	6  10   8 
  85	6   6   2 
  85	6  14  13 
  91	2  11  10 
  91	2   5   8 
  93	2  14   6 
  95	2  14  12 
  97	2   6   4 
  99	6  11   7 
 105	2   2   6 
  99	2  12   4 
 107	2  14   6 
 109	2   4   1 
 111	6   7   2 
 117	2   2   1 
 109	6  13   9 
 115	2   9   4 
 117	2   9  10 
 119	2   8   4 
 119	2  10  13 
 121	2  14  13 
 123	2  14  12 
 125	2  12   4 
 127	2  12  13 
 127	2   5   1 
 129	2   2  10 
 131	2  10   7 
 129	6  12   4 
 133	6  10   2 
 139	2   6   1 
 141	2   2   1 
 135	6   8   4 
 141	2  10   8 
 143	2  10   6 
 145	2  14   6 
 147	2   5   4 
 147	2  14  13 
 149	6   2   0 
 149	2  14   9 
 155	2   5  13 
 157	2   4   9 
 159	2   4  12 
 161	2   4   0 
 163	2   8  12 
 165	2  12  13 
 157	2   6   7 
 163	2   5   1 
 159	6   7   3 
 165	2   3   1 
 167	6  10   5 
 173	2   0   5 
 175	2   4   1 
 167	6  13  12 
 173	6  14  12 
 179	2   5  13 
 181	2   8   9 
 183	2  13   8 
 185	2   4   9 
 167	6   7   3 
 187	6  12   8 
 181	6   7   6 
 187	6  14  11 
 193	2  13  10 
 187	6   3   1 
 193	6   8   4 
 199	2   0   4 
 195	2   6  10 
 199	2   6   9 
 201	2   9  12 
 203	2   5   4 
 205	6   4   1 
 203	6  14  12 
 211	2   5   9 
 213	2   5   0 
 209	6  15  14 
 215	2   6  11 
 217	2  10  11 
 219	2  11   7 
 215	6  13   8 
 221	2   9  10 
 221	2   7   3 
 223	2   6  10 
 225	2   7  15 
 221	6   4   0 
 227	2  11   7 
 229	2   1   3 
 231	2   6   3 
 229	6  15  13 
 233	2   6   4 
 235	2   5  13 
 235	2  11   3 
 237	2   9   1 
 239	2   5   9 
 237	2  11  15 
 241	2   4   8 
 243	2   5   4 
 239	2   7  15 
 245	6   5   1 
 241	6  11   3 
 247	2  11  15 
 249	6  11   7 
 249	6  14  13 
 255	2  11  14 
 257	2   9  11 
 259	2   6   7 
 261	2  10   5 
 263	6  15  10 
 259	6  12   8 
 265	6   5   4 
 269	2  14  12 
 271	2   9  10 
 273	2   6  14 
 275	2   6   3 
 277	2   7   3 
 277	2  10   5 
 273	6  12   8 
 279	2   7  15 
 281	2  10  11 
 279	2   8   4 
 281	2   5   8 
 283	2   1   4 
 285	6   6   3 
 283	6  15  13 
 291	2  10   5 
 293	2   8  13 
 295	2   8   4 
 295	2   6  14 
 297	6  12   4 
 303	2  13  12 
 297	2  10   6 
 303	2   5   7 
 305	2   5   6 
 305	2  11  14 
 307	2  10   9 
 307	6   4   1 
 313	2   4   8 
 309	6  14  13 
 315	2   8  13 
 317	2   4  12 
 319	2   8   9 
 309	6  11   7 
 315	6  15  11 
 321	2  10   5 
 323	2   4   6 
 323	2  13  15 
 325	2  13  14 
 325	2   5   8 
 327	2   5  13 
 325	6   7   3 
 331	2  15   7 
 333	6  14  11 
 339	2   7  11 
 341	2   7   3 
 343	2  11   3 
 329	6  12   4 
 335	6   5   4 
 345	6   3   1 
 351	2   7  11 
 351	2   5   1 
 339	6  13  12 
 353	2   5   9 
 355	6   8   4 
 361	2   7   5 
 353	6  15  14 
 363	2  11   9 
 365	2   9   1 
 367	2  10  13 
 369	2   7   6 
 371	2  10  14 
 367	2   1   4 
 373	2  11   6 
 369	6  12   4 
 375	2   9   5 
 377	2  13   5 
 379	2  12  14 
 381	2  13  14 
 379	2   1   4 
 381	2   4   6 
