   1	6  11   9 
   7	2  11   6 
   1	6   1   0 
   9	6   5   0 
   9	2  11  14 
  11	2  10  14 
   7	6  12   8 
  15	2   8   5 
  17	2   8   0 
  19	6   3   1 
  13	6  14  10 
  25	6   6   4 
  31	6  15   7 
  31	6  13   8 
  37	2  11   9 
  39	2  13  15 
  37	2   0   2 
  41	2   4   9 
  43	6   9   1 
  49	2   5   8 
  51	2   5   9 
  53	2   4  12 
  39	6   7   3 
  55	2  10   9 
  49	6   3   2 
  57	2   9   8 
  59	2  14  12 
  61	2  14  15 
  61	2   8  12 
  55	2   0   2 
  59	2   5   0 
  57	2   3   2 
  61	2   2   7 
  63	2   7  15 
  63	6   8   5 
  65	6  15  14 
  69	2   1   6 
  71	2   0   2 
  73	2   3   6 
  75	2   7   6 
  73	6  12   4 
  77	2   7  11 
  79	6  15  13 
  85	2  11   3 
  79	6   4   0 
  87	2   7   5 
  89	6  11   6 
  89	6   1   0 
  95	2   6   1 
  97	2   7  11 
  97	2   8   5 
  99	2   8   9 
  99	2  11  14 
  99	2   2   3 
 101	2  14  12 
 103	2  11  10 
 105	2  14  10 
 101	2   3   1 
 103	2   5   1 
 107	2   6  14 
 109	2  14  11 
 105	6   8   0 
 111	6   7   2 
 111	2   4   9 
 117	2  13  10 
 117	2   0   1 
 119	2   6  10 
 119	2   0   4 
 121	2  13   8 
 123	6  13   8 
 121	6   2   0 
 127	6  10   6 
 129	2   4   0 
 133	2   5   6 
 131	2   8  12 
 133	2  13  12 
 135	2  13  15 
 135	6   3   2 
 137	2  10  13 
 141	2   7  15 
 143	2   3   7 
 139	6   8   0 
 145	2   1   0 
 147	6   2   0 
 153	2   4   0 
 143	6  15  10 
 149	2  10   9 
 151	2  14  10 
 153	2  15  14 
 155	6  14  12 
 155	6   6   5 
 161	2   1   9 
 163	2   5  13 
 165	2   8   9 
 165	2   3   1 
 161	6  15  11 
 167	6  11   6 
 173	2   6   5 
 167	6  13   8 
 173	2  13  15 
 175	2  15  14 
 177	2  10   2 
 179	2  11  14 
 181	2   2   7 
 183	2   3   2 
 185	2  11   7 
 187	2   3  11 
 175	2  12   4 
 177	6   4   0 
 183	6  12   4 
 189	2  10   9 
 191	2  14  12 
 189	6   3   1 
 195	2   6  10 
 193	2  12   8 
 197	2   3  11 
 195	2  13   8 
 197	2   8  12 
 199	6  14  12 
 205	2  11  14 
 207	2   3   7 
 205	2   8   9 
 207	2  13   5 
 209	2  13  10 
 211	2   4  12 
 213	6   8   4 
 211	6  10   2 
 219	2  10   5 
 221	6  15   7 
 221	2   1   4 
 227	2  10  15 
 223	2   4   5 
 229	2   4   6 
 231	2   6   5 
 233	2   0   2 
 231	2  14  12 
 233	2   9  12 
 235	6   7   6 
 241	6   6   5 
 235	6  15  13 
 241	6  13   8 
 247	2   0   5 
 249	2   9   5 
 251	2   8   5 
 247	6   7   3 
 253	2   1   2 
 253	2   8  13 
 255	2   8  12 
 257	2   8   0 
 253	6  11  10 
 259	2   2   0 
 261	2   6   5 
 259	2  13  14 
 261	2  12  14 
 263	2  13  10 
 265	2   5   9 
 267	6   5   1 
 267	6  13  12 
 265	6  15   7 
 273	2   5  10 
 271	6   7   3 
 277	2   2   3 
 275	2  13  15 
 277	2  10  11 
 279	2   7  15 
 275	6   4   0 
 281	2   9  11 
 283	2   1   3 
 285	2   9   4 
 283	2  14  15 
 285	2  11   3 
