   1	2   7   3 
   1	6  14  12 
   1	6   4   0 
   7	2  10  14 
   3	6   7   2 
   9	2  10  13 
   7	6   4   0 
  11	2  10   6 
  13	6  11   9 
  13	2   2   0 
  19	2   3  11 
  21	2   3   7 
  19	2   5  13 
  21	2   0   8 
  23	2   0   4 
  25	2   8   4 
  23	2  14   6 
  25	2   6   1 
  27	2   4   9 
  25	2  14  15 
  29	6  12   4 
  35	6   4   1 
  27	6  15   7 
  41	2   5   7 
  43	2   2   1 
  43	2   8   4 
  45	2   5   1 
  45	2  13  15 
  47	2  15  11 
  47	2   9   1 
  49	2   9   4 
  49	2  11   7 
