   1	6   7   5 
   1	6  22  20 
   7	6  18  16 
  13	6  18  13 
   7	6   6   1 
  19	6  14   8 
  13	6  11   6 
  19	6  15  11 
  25	2  12   7 
  27	2   7   9 
  19	6  23  18 
  29	2   7  17 
  31	2  12  22 
  33	6  23  17 
  29	6  19  14 
  33	6  11   6 
  39	2  12  18 
  31	6   4   3 
  41	2   9  13 
  41	2  22  17 
  37	6   3   2 
  43	6   2   0 
  43	2  17  15 
  45	2  17  11 
  43	6   9   4 
  49	2   6   8 
  51	6  15  11 
  51	2   8  14 
  53	2  13  14 
  55	2  13  18 
  51	6   5   0 
  57	2  14  18 
  59	2  14  13 
  57	2   6  10 
  59	2  11  10 
  61	2  11   5 
  63	2   6   2 
  63	2  15  10 
  59	6  24  22 
  61	6  13   9 
  65	2  24  19 
  67	2   8   2 
  67	2  23  19 
  65	2  15   5 
  69	6   7   5 
  67	6  16  15 
  69	6  18  14 
  75	2   4   2 
  75	2  23  13 
  77	2  19  13 
  79	2  13   7 
  75	6  11  10 
  81	6   8   2 
  81	2  18  16 
  83	6  24  23 
  87	2  13  11 
  89	6  14   8 
  89	2  11   5 
  91	2   6   5 
  89	6  23  21 
  95	6  14  12 
 101	2   6   2 
 101	2  13  12 
 103	2  18  14 
 105	2   6   8 
 107	6  24  14 
 107	2  11  21 
 109	2   5   7 
 111	6   6   2 
 113	2  13  19 
 115	2  14  19 
 117	2  14   4 
 119	6   9   7 
 109	6  17  16 
 117	6  10   5 
 115	6  22  21 
 125	2   4   9 
 125	2   6  16 
 119	6  24  18 
 125	6  18  13 
 127	2   6   5 
 131	2   7   5 
 133	6   9   7 
 133	6  10   5 
 127	6  22  16 
 131	6  24  19 
 137	2  24  22 
 139	2   7  17 
 141	2  12  16 
 143	2  16  10 
 143	2   9  13 
 145	2  17  13 
 147	2  13  18 
 141	6   3   2 
 149	2  19   9 
 149	2  12  22 
 151	6  19   9 
 157	2  14   8 
 159	2   4   8 
 161	2  13   3 
 151	6  16   6 
 157	6   6   1 
 163	2   3   1 
 163	2  13  14 
 165	2   9   7 
 165	6  23  19 
 167	2  11  12 
 169	2  12   8 
 171	2  12  22 
 173	6   7   1 
 173	2  18  22 
 175	2  18  24 
 177	2  23  22 
 171	6  14   9 
 169	6  15  10 
 179	2  23  17 
 181	2  13  18 
 181	2  11   5 
 179	6   2   1 
 183	2  17  15 
 183	6  14   4 
 185	2  22  23 
 189	2   3   8 
 189	2  18  12 
 185	6   5   1 
 191	2   7   9 
 193	2  11  16 
 193	2  14   9 
 195	2  14  24 
 195	6   3   1 
 201	2   4   3 
 195	6  16  12 
 201	2   7  12 
 197	6  24  19 
 203	2  14   8 
 203	6  17  12 
 209	2  12   2 
 201	6  15   5 
 205	6  23  19 
 211	2  23  17 
 207	6   5   0 
 213	2   2   0 
 213	2  18  17 
 215	6   7   3 
 215	6   1   0 
 221	2   1   7 
 215	6  18  16 
 221	2  18  23 
 223	2  22  23 
 225	2  18  14 
 227	2  13   7 
 229	2   7   8 
 225	6  22  21 
 231	2  21  11 
 233	2   7   2 
 229	6  19  18 
 235	2  13   3 
 237	2   3   9 
 233	6  16  11 
 239	2   3   1 
 239	2  14  12 
 235	6  23  22 
 241	2  14   4 
 241	2  12  17 
 243	2  18  16 
 245	2  16  22 
 241	6   2   1 
 247	2   4   2 
 249	2   2   0 
 251	6   2   0 
 245	6  13  12 
 251	2  13   9 
 247	6  22  16 
 253	2  12  16 
 257	2   7  13 
 253	6   9   4 
 259	2   7   3 
 255	6  21  15 
 261	6  16  15 
 261	2  18   8 
 263	2   2   8 
 265	2   2   1 
 267	2   7  11 
 265	6  19   9 
 271	2  19  17 
 273	2  13  19 
 269	6   6   2 
 275	6   4   2 
 275	2  13  11 
 281	2   7  13 
 277	6   5   0 
 283	6  15  11 
 283	2   2   1 
 283	6  14   4 
 289	2  11   5 
 289	6   4   3 
 291	2  11   1 
 289	6  19  14 
 295	6  14   9 
 273	6  23  22 
 301	2  12   8 
 295	6   2   1 
 303	2   2   3 
 303	2  12   6 
 305	2   3   8 
 305	2  16   6 
 307	2  16  17 
 307	2   6   1 
 307	6   9   3 
 309	2   7  12 
 311	2  12   6 
 301	6  23  19 
 313	2   2   3 
 315	2   9  19 
 315	6   5   1 
 317	2   8  18 
 313	6  16  11 
 319	6  14  12 
 325	2  11  12 
 321	2   3   1 
 323	2   1   5 
 327	6   6   5 
 325	6  14   4 
 331	2  14  19 
 333	6   3   1 
 339	2   6  12 
 341	2   7   6 
 343	6   6   2 
 319	6  21  15 
 325	6  22  21 
 331	6  23  22 
 337	6  23  19 
 349	2   4   2 
 343	2  14  19 
 349	2  12  18 
 351	2  18  17 
 351	6   9   3 
 353	2  17  23 
 355	2  19  23 
 355	2  13  12 
 349	6  15   5 
 357	2  13   9 
 359	2   7  13 
 359	6   4   3 
 357	6  23  21 
 363	2  21  15 
 361	6  12  11 
 367	2  21  17 
 365	2  19   9 
 367	2   9   8 
 367	6   6   2 
 369	2  15  17 
 373	2   8   2 
 375	6   9   4 
 375	2   2   1 
 371	6  19  17 
 377	2  17  16 
 381	2   8  12 
 383	2  12  18 
 385	2  12  11 
 385	2  18  14 
 383	6   3   1 
 389	2   7   1 
 391	2  11   6 
 389	2  19   9 
 391	2   9  14 
 393	2  21  11 
 395	2  18  16 
 397	2   7  17 
 399	6  16   6 
 399	2   9   3 
 405	2   2   6 
 401	2  13   9 
 405	2  21  17 
 403	6  19   9 
 409	2   8   6 
 409	6  23  19 
 411	2   1   2 
 415	2  13  18 
 407	6  21  16 
 413	6   9   3 
 417	2  23  21 
 419	2  14   9 
 413	6   7   6 
 421	2  16  18 
 419	6   7   3 
 423	6  23  18 
 425	2   8  12 
 429	2  17  12 
 431	2  21  23 
 427	2   8   9 
 429	2   3   9 
 431	2   3   4 
 431	6  14  12 
 433	6  23  21 
 437	2   8   3 
 437	2  11  12 
 439	6  15   5 
 439	6  12   7 
 445	2  18  12 
 447	2  11   5 
 439	6   9   4 
 449	6  17  13 
 455	2   2  12 
 447	6  24  23 
 453	6  24  19 
 457	2   2   7 
 457	2  16  11 
 459	2  19   9 
 459	2  11  17 
 461	6   4   3 
 461	2  16  21 
 467	2  14   9 
 461	2   7  12 
 461	2   1   5 
 469	2  16  18 
 463	2   1   6 
 465	2   1   7 
 467	2   1   2 
 469	2   7   9 
 471	2   7  12 
 473	6  18   8 
 471	6  21  16 
 479	2  18  13 
 471	6   5   1 
 479	2   3   1 
 481	2  13  17 
 481	6   4   2 
 483	2  18  16 
 487	2  11   1 
 485	2  13  14 
 489	2   6   1 
 489	2  12  17 
 487	2  14  19 
 489	2  14   8 
 491	6  16  12 
 491	6   3   1 
 491	6  19  14 
 497	2   2  12 
 499	2   3   9 
 501	2  14   9 
 501	2   2   1 
 499	6  16  11 
 505	2   6   1 
 507	2  11   1 
 503	2  14   4 
 505	2   4   8 
