   1	6   4   3 
   1	6   5   1 
   1	6  16  12 
   7	6  21  11 
  13	2   7  12 
  15	2   7   2 
  13	6  10   5 
  17	2  12  13 
  13	6  20  16 
  19	2  13  11 
  21	2   1   3 
  21	2  13  17 
  23	6  17  16 
  29	2  12  17 
  23	6   9   8 
  29	6  20  10 
  35	2   7   5 
  35	2  16  20 
   1	6  24  23 
  29	6  24  14 
  37	2  20  22 
  39	2  24  22 
  39	2  20  15 
  37	6  11   7 
  37	6   1   0 
  35	6  14   9 
  41	6  24  14 
  43	6  17  15 
  47	2   7   8 
  49	6  15  11 
  49	2  18  17 
  51	2  22  24 
  49	2   3   8 
  51	2  14   8 
  53	6   4   2 
  53	6  23  22 
  59	6  17  13 
  59	6   6   5 
  65	6  11   6 
  65	2  14   4 
  67	2   4   9 
  59	6  21  20 
  69	6   9   8 
  71	2  16  22 
  73	2  18  22 
  75	2  18  19 
  75	2   7   1 
  77	2   0   1 
  79	2   0   2 
  77	2  13  19 
  79	2  24  19 
  73	6  16  11 
  79	6  22  16 
  81	2   6   1 
  85	2  24  22 
  83	2   6   8 
  85	2  11   6 
  87	2  11   1 
  87	6  24  14 
  89	2  22  16 
  93	2  14  13 
  95	2  14  12 
  97	2  17  18 
  89	2   3   2 
  97	2   2   8 
  89	6   5   0 
  97	6  11   5 
  99	2  23  22 
  99	2  13   9 
 103	2  12  16 
 105	2  12  11 
  99	6   2   1 
 105	2   5   1 
 107	6  21  16 
 107	6   6   1 
 101	6  14   4 
 107	2  13  14 
 101	6  24  23 
 109	6  18   8 
 115	2   8   3 
 115	2  24  18 
 113	6  15  11 
 119	6  12  11 
 117	6   9   3 
 117	6  22  18 
 123	2  18  19 
 123	6  21  15 
 125	2  19  14 
 129	2  17  16 
 127	6  14   9 
 131	2  21  16 
 133	2  21  22 
 133	2  24  14 
 123	6   2   1 
 129	6   7   3 
 135	2   8  12 
 137	6  14   4 
 137	2  17  23 
 139	2  16   6 
 143	2  18  12 
 143	2   2   4 
 145	2   2   1 
 147	2  12   7 
 145	6  18  14 
 151	2  18  23 
 153	2  23  22 
 149	2   1   3 
 151	6   9   3 
 151	6  12   7 
 141	6  16  15 
 155	6  24  22 
 157	6  11   7 
 163	2  12  16 
 165	2  16   6 
 167	2  17  16 
 161	2  19   9 
 163	2   3   9 
 169	2  17  11 
 163	2  24  19 
 171	6  16   6 
 177	2  17  22 
 165	6  19   9 
 171	2  24  19 
 171	6  13   9 
 177	6  13   7 
 179	2  21  22 
 181	2  24  23 
 183	2   7  12 
 185	2   6  12 
 181	6  21  15 
 187	2  22  21 
 187	2   7   1 
 189	2  15  11 
 191	2  11  21 
 183	6  19   9 
 193	2  15  16 
 193	2  18  12 
 193	2   6   1 
 189	6   8   3 
 195	2  18  13 
 197	2  13  14 
 199	2  13   8 
 201	2  18  23 
 203	2  23  19 
 195	6  16   6 
 201	2   6   8 
 203	6   4   2 
 203	6   5   0 
 203	6  12  11 
 209	2   6   2 
 211	2   2   4 
 213	6  12   6 
 219	2   2   0 
 213	2   9   4 
 215	2   9  14 
 221	2   7   2 
 217	6  19  18 
 223	2   8  18 
 225	6   2   0 
 225	6  14   9 
 225	6  18  12 
 231	2   2  12 
 201	6  21  15 
 209	6  15  10 
 233	6  12  10 
 239	2   2  12 
 241	2  18  14 
 241	2   0   6 
 243	2   7   8 
 245	2   7  13 
 245	2   4   3 
 247	6  17  11 
 247	2   1   3 
 249	2   9   3 
 251	2   0   2 
 243	6  24  19 
 251	6  19   9 
 253	6  17  11 
 257	2   3   9 
 259	6  14  12 
 257	6  24  23 
 265	2   9   4 
 265	6  11   7 
 271	2   3   8 
 267	2  18  14 
 273	2  12  14 
 269	6  23  21 
 275	6  14   8 
 281	2  18  19 
 281	2  12   7 
 275	6  21  20 
 281	6   4   3 
 283	2  17  19 
 285	2  24  14 
 287	2   3   7 
 285	2  17  16 
 289	2   9   8 
 287	2  19  23 
 289	2  17  22 
 291	6  24  14 
 291	2  16  10 
 293	2  20  10 
 291	2   3   1 
 295	2  16   6 
 297	6  11   1 
 297	2   9   3 
 299	2   9  19 
 301	6  14   4 
 303	6  22  17 
 303	6   7   6 
 309	2  17  11 
 307	6   4   3 
 313	2   3   7 
 307	6  24  14 
 313	2  24  23 
 309	6  21  20 
 315	2  17  13 
 317	2  17  19 
 315	6   9   4 
 319	2  21  23 
 315	6   6   2 
 321	6  17  13 
 327	2  11  17 
 321	2   3   2 
 327	2   2   8 
 329	6  18  14 
 329	2   2   0 
 331	2   2   1 
 329	6  21  11 
 333	6   2   0 
 335	2  12  17 
 335	2   9  14 
 337	2  19  14 
 339	2  11   6 
 339	2   8   2 
 341	2  10   6 
 343	2  12   6 
 345	6   8   4 
 351	2   9   7 
 345	6  10   5 
 339	6  23  21 
 345	6  17  16 
 353	2  12  22 
 353	6   9   3 
 355	2  22  23 
 355	2  16  11 
 357	2  23  24 
 357	2  16  21 
 353	6   5   1 
 359	2  22  21 
 359	2  13   9 
 359	2   2   7 
 359	6  24  19 
 361	2   7   1 
 363	2   8   6 
 365	2  13  18 
 367	2  14  18 
 365	2   1   6 
 367	2   1   5 
 361	6  21  15 
 369	2   5  15 
 369	2  23  17 
 365	6   4   3 
 371	2   9  19 
 371	6  11   7 
 373	6  19   9 
 379	2  19  17 
 381	2  18  17 
 379	2   3   7 
 381	2   7   9 
