   1	6  13  10 
   7	2  13  12 
   7	2   7   6 
   9	6  11   3 
   9	2  12   4 
  11	6  13  12 
  15	2   7  10 
  11	6   4   1 
  17	6   3   1 
  17	6  11  10 
  23	2  12   4 
  23	2   6   2 
  25	2   6   5 
  23	6  14  11 
  29	2   7   3 
  29	2  13  10 
  31	2  14  10 
  27	2   4   1 
  29	2   4   5 
  33	2   5  10 
  35	2  12   9 
  37	2  12  13 
  35	2   1   2 
  39	2  14   9 
  37	2   3   2 
  41	2  12  14 
  43	2   1   9 
  45	2  13  14 
  45	6   2   1 
  51	2  10   6 
  53	6   3   2 
  47	6  12   8 
  53	6   8   5 
  59	2  13   8 
  61	2  10   7 
  63	2   6   4 
  65	2   6   2 
  67	2   5   2 
  69	2  10   9 
  69	2   7   2 
  71	2   5  13 
  73	2   5   6 
  75	2   8   9 
  77	2   8   4 
  73	6  14  11 
  79	2  11   3 
  79	6  13   5 
  85	2   9   1 
  87	2   4   1 
  81	2   7   3 
  89	2   1   3 
  91	2   5   1 
  93	2   5   6 
  95	6   5   1 
  95	2  11   7 
  97	2  11  10 
  99	2   7  10 
 101	2  11   9 
 103	2  10   5 
 105	6   5   2 
 105	6  15  13 
 111	2   8   9 
 111	6  11   3 
 117	2   6   5 
 117	2  15  11 
 119	2   7  11 
 119	2   8   5 
 121	6  10   6 
 127	2  15  10 
 121	2   8   4 
 129	2   9  11 
 131	2   7   6 
 131	6   4   1 
 133	6   7   3 
 131	6  15  13 
 137	6  13   9 
 139	2   1   2 
 143	2   1   5 
 145	2   9   1 
 147	2   9  13 
 149	2   8  13 
 151	2   8   5 
 141	6  15   7 
 153	2   8   4 
 153	2  10  15 
 147	6   7   3 
 155	2   7   5 
 157	2   6   4 
 159	2   6   2 
 161	2   1   2 
 163	2   2   5 
 165	2   1   4 
 161	2  10  11 
 163	2  13  15 
 165	2   6  10 
 167	6  10   9 
 173	2   9  10 
 175	2  10   2 
 177	2   2   1 
 177	2   7  11 
 179	2  15  11 
 181	2   2   7 
 177	2   9   8 
 183	2  15   7 
 185	6  15  13 
 191	2   6  11 
 193	2   6   4 
 195	2  10   8 
 197	6  13   8 
 203	2   8   4 
 205	2   4   1 
 207	2   8   5 
 197	6  15  11 
 203	6  11  10 
 209	2   7   5 
 211	2   5  10 
 213	2  10  15 
 215	2  13  15 
 213	6   5   1 
 219	2  10   5 
