   1	2   6   5 
   1	6  15  14 
   7	2   6  10 
   9	2   1   3 
  11	2   1   2 
  13	2   6  14 
  15	2   1   4 
  15	2  13  10 
  17	6   7   2 
  23	6   3   2 
  29	2   7  11 
  31	6  15   7 
  23	6   8   5 
  37	2   2   0 
  29	6  13   8 
  37	2  13  14 
  39	2  15   7 
  41	2   2   5 
  41	2  11   7 
  43	2   7   3 
  39	2  13  12 
  41	2   8  12 
  43	2   8   4 
  45	2  14   9 
  45	6   3   1 
  51	2  10   5 
  47	6  12   8 
  53	2  11   9 
  55	2   5   0 
  55	6  13  12 
  57	2   1   4 
  61	6   8   4 
  67	2   0   4 
  55	6  11   3 
  61	6  15   7 
  69	2   1   9 
  71	2   2   7 
  73	2   7  15 
  75	6  15  11 
  75	2   1   6 
  77	2   1   0 
  77	2   6   3 
  79	2   1   9 
  81	6   6   5 
  87	6   6   3 
  93	2   5   4 
  95	2   2   0 
  97	2   2   3 
  95	2   9   8 
  99	2  11   6 
  97	2   8  12 
 101	2   9  10 
 103	2   8  10 
 105	2   7   3 
 105	2  13  10 
 107	2  13  14 
 107	2   6   4 
 109	2   5   8 
 111	6   4   0 
 111	2  13  12 
 113	2  14  12 
 115	2  14  15 
 117	2   5  10 
 109	6   7   3 
 119	2  11  15 
 119	2   8   9 
 121	6   5   0 
 121	2  15   7 
 121	6  12   8 
 127	2   4   5 
 129	2   2   5 
 131	2   2   3 
 123	6  15  14 
 129	2  12  14 
 133	6   7   2 
 131	6   9   4 
 137	2   9  10 
 139	2   7  11 
 139	2   5  13 
 141	2  14  13 
 141	2   5   2 
 143	2   3   1 
 145	2   1   2 
 147	2   1   4 
 143	6  14  11 
 149	6  15   7 
 149	2   4   8 
 151	2   9   8 
 155	2  13  14 
 155	2   3   6 
 157	2   9  14 
 151	6   1   0 
 157	6   7   2 
 163	2  11   7 
 163	2   1   2 
 165	2  10   2 
 159	6   8   4 
 167	2   4   6 
 169	2   6   2 
