   1	6   8   7 
   7	6   7   5 
   7	6   9   4 
   1	6  20  15 
   1	6  23  18 
   7	6  17  16 
   7	6  24  23 
  13	6  16  10 
  19	2  21  16 
  13	2  13   9 
  15	2  13  19 
  21	2  16  17 
  13	2   2   1 
  15	2   2   3 
  19	2   0   5 
  23	2   5  15 
  17	6   7   2 
  23	6   3   2 
  25	6  10   5 
  23	6  23  17 
  31	2   0   2 
  33	6   2   0 
  29	6  18  12 
  29	6  22  21 
  35	6  23  19 
  39	2   2   4 
  41	2   9   4 
  41	2  10  12 
  43	2  16   6 
  43	2   8   4 
  45	2   1  11 
  47	2  13  11 
  41	6  24  23 
  49	2  15  11 
  51	2   7  17 
  49	6  24  14 
  53	2  22  17 
  55	2  22  23 
  57	2  22  16 
  59	2  17  23 
  53	2   1   5 
  59	2  15   5 
  55	6  13   8 
  61	2   9  19 
  63	2  19  14 
  61	2   6   5 
  63	2   6   0 
  65	2   7   5 
  67	2  13  12 
  69	2  13  23 
  71	2  12  14 
  73	2   7   2 
  67	6  15   5 
  75	6  11   7 
  81	6  16  15 
  71	6  23  22 
  87	6  12  10 
  77	6  23  19 
  93	2  16  22 
  95	2  16  10 
  97	2   5  10 
  99	2   5   6 
 101	2   2   6 
 103	2  11  12 
  83	6  19   9 
  93	2   9   8 
  95	2   9  19 
 103	6   4   2 
  97	6  22  20 
 103	2  15  20 
 103	6   5   0 
 109	2   0   2 
  97	6  19  14 
 105	6  13  12 
 105	6  21  15 
 111	2  21  23 
 111	2  10   5 
 111	2   2   1 
 111	6  14   4 
 113	2   6   5 
 117	2   2   4 
 119	2   1   7 
 119	6  19   9 
 121	2   7  12 
 123	6   2   1 
 125	2   4   9 
 129	2   2   8 
 123	6  17  12 
 113	6  21  15 
 119	6  21  20 
 129	2  21  17 
 131	2   7  12 
 131	6  15   5 
 133	2  17  13 
 135	2  13   9 
 125	6  24  23 
 131	6  24  19 
 133	6   3   2 
 137	2  14  19 
 139	6   9   3 
 139	2   5   1 
 137	6  17  15 
 143	2  17  19 
 145	2   5  15 
 145	2  14  13 
 147	2  14   9 
 149	2  14  24 
 145	6   7   3 
 147	6  15   5 
 153	2  15  16 
 151	2   7  12 
 153	2   8  12 
 155	2   1   7 
 157	2   7  11 
 159	2  11   6 
 155	6  14   4 
 161	6   3   2 
 167	2   7   8 
 161	6  17  11 
 161	6  19  14 
 169	2  13  12 
 169	2   6   5 
 171	6  14   8 
 171	2   5   0 
 173	2   6  11 
 175	2   1   2 
 167	6  23  21 
 173	6  23  18 
 179	2  17  19 
 177	2   0   2 
 181	2  14  19 
 181	6  11   5 
 183	2  14  18 
 185	2  19  24 
 185	2  13   8 
 179	6   2   1 
 187	2   0   5 
 189	2   1   5 
 187	2  12  18 
 189	2  18   8 
 191	2   8   9 
 193	6   9   8 
 191	6  10   6 
 197	2  12   6 
 199	2   8   6 
 191	6  24  22 
 199	2  22  16 
 201	6  16   6 
 201	6  14   4 
 207	2  22  12 
 209	2   6  16 
 211	2   7   6 
 211	6  22  16 
 213	2   7   5 
 217	2  16  11 
 219	2  16  17 
 219	2   6   1 
 221	6  10   6 
 215	6  19   9 
 221	2  19  17 
 221	6   9   3 
 227	2   6   8 
 223	6  19  17 
 229	2  12  18 
 231	2   7   3 
 233	2  12  14 
 229	2  10  15 
 229	6   1   0 
 231	6  23  22 
 235	2   6   1 
 235	2   8  14 
 231	6  15  10 
 237	2   3   1 
 237	2  16  12 
 239	6  12   2 
 239	6  15   5 
 245	6   7   1 
 245	6  24  14 
 251	6  14   4 
 251	2   6  10 
 251	2  17  12 
 251	2  23  24 
 253	2   1   5 
 257	2   8  13 
 259	2  19  14 
 259	2   7  12 
 253	6  21  15 
 255	6   5   0 
 261	2  18  12 
 263	2   2   7 
 263	2  17  13 
 265	6  23  22 
 265	6  13  11 
 271	6   7   3 
 271	2  18  14 
 273	2  19  18 
 275	2  16  17 
 271	6  10   5 
 277	6  16  10 
 277	2   7  13 
 279	2  13  14 
 279	6   7   6 
 285	2  10   6 
 283	2  22  21 
 281	6  19  13 
 287	6   2   1 
 287	2  22  16 
 289	2  18  22 
 291	2  22  12 
 287	6  10   5 
 293	2  13   7 
 295	2  18   8 
 297	2   2   7 
 293	2  11  16 
 293	6   5   0 
 299	6  11   5 
 299	6   3   2 
 305	2   1   5 
 297	6  14   9 
 305	2   3   9 
 295	6  21  20 
 301	6  22  21 
 307	2  11   7 
 309	6   8   2 
 315	2   8   9 
 309	2  20  10 
 315	6   6   2 
 311	6  21  15 
 317	2  15  10 
 297	6  24  18 
 307	6  18  17 
 313	6  17  12 
 321	2  11  12 
 317	6   9   4 
 323	6   4   3 
 329	2   3   2 
 323	2  10   6 
 323	2  17  12 
 325	2  12   6 
 325	6  22  20 
 327	6  19  13 
 333	2   8  18 
 327	6  11   5 
 335	2  18  22 
 335	2   7   6 
 333	6  15  10 
 337	2   7   3 
 337	6  19  18 
 337	6  22  21 
 343	2  18  16 
 345	2  15  21 
 339	6   7   2 
 345	2   7  13 
 345	6  24  23 
 347	2  17  11 
 349	2  13  11 
 351	6  13  11 
 357	6  18   8 
 363	2   6   7 
 365	6   8   3 
 365	2   6   5 
 367	2  11  16 
 367	2   1   5 
 371	2   5   7 
 369	2  16  21 
 373	2  12  16 
 373	6  19   9 
 379	2  23  13 
 381	2  23  18 
 381	2   8   9 
 375	2  16  11 
 377	2  16  10 
 379	6  15  11 
 383	2   8   3 
 383	6  22  21 
 389	2  23  22 
 385	2  13  11 
 385	6   3   2 
 391	6   8   4 
 387	6  10   6 
 397	2  12  22 
 393	6  15   5 
 399	2  22  17 
 401	2  12  11 
 399	6   2   0 
 397	6  19   9 
 405	2   1  11 
 405	2  13   8 
 407	2   3   8 
 407	2   1   0 
 409	2   8   6 
 407	2  17  19 
 409	2  18  19 
 411	2   0   5 
 413	2   5   6 
 411	6   8   2 
 411	6  17  12 
 417	2  12   8 
 419	2  18   8 
 421	2   8   7 
