   1	6  10   9 
   1	6   4   0 
   7	6  14   6 
  13	2  10  15 
  15	2  15   7 
  17	2  15  14 
  17	2   7   6 
  19	6   7   2 
  15	6   9   4 
  21	2  10   9 
  25	6   2   0 
  25	2  10  13 
  31	2   0   1 
  27	2   9  13 
  29	2  13  12 
  31	2   9  14 
  33	6  12   8 
  33	2   6  14 
  39	2  14  13 
  35	2   6   2 
  41	6   8   0 
  41	6  14   6 
  47	2   2   0 
  47	2  13  14 
  49	6  10   8 
  49	2   2   1 
  51	2   0   1 
  55	2   6   2 
  57	2   2   0 
  59	2   2   1 
  55	6  14  12 
  61	2   0   8 
  61	2   6  10 
  63	2   8   9 
  63	6  15  14 
  65	6   5   0 
  71	2   9   1 
  73	6  13   5 
  79	2   9  14 
  81	2   5  10 
  81	2  13  12 
  83	2   8  10 
  85	6   9   1 
  91	2   9  14 
  93	2  12  14 
  95	2   8  12 
  97	2  12   9 
  99	2  12  14 
 101	2   8  10 
 103	2  14  10 
 103	2   8   5 
 105	6  14  12 
 105	2   1   5 
 111	2   5   9 
 113	6   5   2 
 113	2  12  13 
 115	2   8  12 
 115	6  14  11 
 119	2   1   5 
 121	6   8   4 
 121	2   1   6 
 127	2   5  13 
 129	2  13   9 
 123	6  11   3 
 129	2   1   3 
 131	2  10   6 
 133	2   5   6 
 135	2   4   5 
 137	2  12   9 
 139	2  12  13 
 139	2  10   5 
 135	6   7   3 
 141	2   4   6 
 143	2  10   9 
 145	2  10   6 
 145	2   4  12 
 147	6  11   7 
 147	2   1   9 
 149	2   5   2 
 151	2   4   5 
 153	2   1   6 
 149	6  14  13 
 155	6  10   2 
 161	2  12   9 
 163	2  11  14 
 165	6   6   1 
 171	2   4   1 
 171	2  11  10 
 173	2  14  10 
 175	6   9   5 
 175	6  11   7 
 181	2  12  14 
 181	6   7   2 
 183	2   4  12 
 187	2   6  10 
 189	2   6   2 
 191	2   6   7 
 191	6   4   1 
 193	2  10  14 
 195	2  10   7 
 197	2   7   2 
 197	2   9  14 
 199	2   2   5 
 201	2   1   2 
 203	2   6  10 
 205	2   9   4 
 207	2   5   4 
 205	6   7   2 
 209	2  12   4 
 211	6   4   1 
 217	2   4   9 
 211	6  11   7 
 219	2  12  14 
 219	6   6   5 
 225	2   5   9 
 227	2   5   1 
 221	2  11  14 
 227	6  12   8 
 233	2   4   8 
 229	2  11   6 
 231	2  10   6 
 233	2  10   2 
 235	2   9  14 
 237	2   4   9 
 235	2   1   2 
 237	2   6   2 
 239	6   5   2 
 245	2   8   5 
 239	6  11   7 
 247	2   4   6 
 249	2   8  10 
 251	2   4   8 
 251	2   2  10 
 253	2   2   7 
 253	6   8   0 
 259	2  10   5 
 261	2   5   9 
 255	6   7   3 
 263	2   2   1 
 265	2   3   1 
 267	2   4   5 
 261	6  14  11 
 267	2   3  11 
 269	2   9   6 
 271	6  11   3 
 277	2   6   3 
 279	2   9   6 
 281	2   0   2 
 281	2   9  11 
 283	2   1   3 
 285	2   6   5 
 287	6   3   1 
 287	6  10   8 
 293	2   4   8 
 293	2   6   3 
 295	2   0   1 
 297	2   5   1 
 299	2   9   8 
 301	2   5   9 
 303	2   4   0 
 295	2   3  11 
 299	2   3   2 
 305	2   1   2 
 307	2   5   1 
 309	6   2   0 
 297	6  14  11 
 303	6  14  12 
 315	2   2   3 
 309	2  12   8 
 315	2   4   0 
 317	2   4   8 
 317	2   2   6 
 319	2   0   8 
 321	2   5   6 
 321	6  12   8 
 327	2   0   8 
 329	2   9   1 
 331	2   3   1 
 333	2   3   6 
 331	2  12   8 
 333	2   9   8 
