   1	6  12   7 
   7	6   3   1 
   1	6  22  18 
   7	6  18  12 
  13	6  12   8 
  13	6  24  19 
  19	2   3   4 
  21	2   3   8 
   7	6  22  21 
  19	2  22  18 
  21	2  22  21 
  23	2   3   7 
  21	2  18  14 
  25	6   7   1 
  23	6  21  16 
  29	6  16  11 
  23	6  19  14 
  29	2   4  14 
  31	2  19  23 
  35	2  22  16 
  31	6   3   1 
  37	2  11   7 
  37	2   4   3 
  39	6  18  16 
  37	6   5   0 
  45	2   7  12 
  45	2  16  10 
  47	2  11   5 
  39	6   9   3 
  49	2   7   3 
  51	2  12   8 
  49	2  10   5 
  47	6  24  22 
  53	2   3   8 
  55	2  19   9 
  51	6  15  10 
  57	2  12  10 
  57	6   3   1 
  63	6   6   1 
  59	6  22  16 
  65	2  15  16 
  69	2   6  10 
  71	6  16   6 
  77	2   5   6 
  65	6  18  14 
  71	2  23  18 
  77	6  12   8 
  83	2   6  10 
  73	6  23  19 
  79	2  19  14 
  83	2  18  14 
  85	2  18  19 
  85	2   6  12 
  87	2  18  16 
  83	6   8   3 
  89	2  12  22 
  91	2  18  24 
  91	2  12  11 
  93	6   9   7 
  99	2   6   7 
 101	2   6   5 
  93	6  23  21 
 103	2  15   5 
  99	6  22  18 
  99	6   9   3 
 105	2  15  21 
 105	2   8  18 
 107	6  14  12 
 113	2   8   4 
 113	6  16  10 
 115	2   4   3 
 119	2  18  16 
 121	2  21  16 
 117	2   4   9 
 121	2   8  12 
 123	2   7  11 
 125	2  16  10 
 123	2  19   9 
 125	2  19  24 
 125	6   9   7 
 131	2  11   7 
 127	6   5   0 
 133	6   2   0 
 139	2   2   3 
 141	2   9   3 
 127	6  24  22 
 133	2  24  19 
 143	2  14   9 
 139	6  22  12 
 145	6   8   6 
 145	6  22  16 
 151	2  14  18 
 153	2  14   4 
 151	2  15  16 
 153	2  21  16 
 155	2  24  22 
 157	2  10  12 
 159	6  17  16 
 165	6  17   7 
 171	2  24  18 
 173	2  12   8 
 175	2   9   7 
 177	2  12   6 
 177	2   9   3 
 165	6  15  10 
 179	2   6  11 
 179	2   8   3 
 171	6  21  15 
 181	2  12  10 
 183	2  11  10 
 185	2   6   7 
 185	2  15  10 
 181	6   9   3 
 187	2  19   9 
 187	6  15   5 
 189	2   8   2 
 191	2  12   8 
 193	6   8   4 
 193	6   5   1 
 199	2   1   2 
 193	6  23  21 
 201	2   4   3 
 201	2   1   7 
 199	2  19  23 
 203	2   9  19 
 205	2  23  17 
 207	2  23  22 
 209	2  22  17 
 211	2  17  18 
 205	6   8   7 
 211	2  11   7 
 213	2  12  18 
 211	6   9   4 
 215	2   2   7 
 215	6  23  21 
 221	2  18   8 
 221	6  21  15 
 223	2  12  11 
 227	2  18  22 
 227	2  11  10 
 229	2  11  17 
 223	2   3   2 
 225	2   4   2 
 227	2   3   1 
 229	2   4  14 
 231	2  19  14 
 231	6  11   1 
 237	2  11  15 
 233	6  14   8 
 239	2   9   7 
 233	6  24  22 
 241	2   8   2 
 241	2  19  14 
 243	6   7   6 
 249	2  12   2 
 239	6  15  10 
 251	6  18  12 
 239	6  22  21 
 257	6  13   7 
 251	6  21  16 
 257	2  11  16 
 259	2  16  17 
 263	6  12  11 
 257	6  24  23 
 269	2  17  13 
 269	2  10   6 
 243	6   9   4 
 271	2  13  14 
 271	2  10  15 
 273	2  18  14 
 273	2  16   6 
 275	6  21  15 
 275	2  13  23 
 277	2  18  13 
 279	2   9  13 
 275	6   6   2 
 281	6  21  17 
 287	2  17  23 
 281	2  11  10 
 289	2  10  16 
 281	6   4   3 
 291	6  11   6 
 291	2  13  17 
 287	6   3   2 
 293	2   9   3 
 295	2   9   4 
 293	6  23  17 
 297	2   6   1 
 297	6   9   4 
 299	2  11  21 
 301	2  11  17 
 299	6   2   1 
 305	2   6   1 
 303	2  17  12 
 307	2  12  14 
 309	6  19   9 
 315	2  14   9 
 309	2  17  16 
 311	2  16  21 
 315	2  21  23 
 317	2  23  19 
 319	2  19   9 
 307	6   5   1 
 313	2  10   5 
 315	2   6  10 
 321	2  12   8 
 317	6   5   1 
 323	2   2   8 
 323	6  16  10 
 325	2   2   1 
 327	2   9   3 
 321	6  23  19 
 329	6  18  12 
 335	2   6  12 
 329	2   3   8 
 329	6  21  16 
 337	2  12  13 
 335	2  21  23 
 337	2  21  16 
 337	6   2   1 
 339	6  16  12 
 339	6  19  18 
 345	2   2   8 
 345	6  18  16 
 351	6  18  17 
 347	6   7   1 
 351	6  15  10 
 353	6   9   3 
 357	2   6  16 
 357	6  24  23 
 359	2   2  12 
 361	2  12  14 
 363	2  14  18 
 359	6  21  15 
 361	6   2   1 
 367	2   1  11 
 365	2  14   4 
 367	2   4   3 
 369	6  14   4 
 369	2  17  16 
 371	6  11   1 
 375	2   8  13 
 377	2   8   9 
 371	6  22  21 
 377	2  18  22 
 379	6  18   8 
 377	6  10   6 
 385	2  13   9 
 387	2  14  24 
 387	2   3   7 
 389	2   3   1 
 391	2   9  19 
 383	2  10  15 
 393	6   3   1 
 393	6  19  13 
 385	6  21  16 
 399	2   8   3 
 393	6  23  22 
 401	6  17   7 
 399	6  10   5 
 407	2  13  17 
 409	2  13  23 
 407	2   4   3 
 405	6  15  10 
 411	2   5   7 
 411	2  17  23 
 411	2   4  14 
 413	6  13   7 
 413	6  22  21 
 419	6  10   6 
 419	2  13   8 
 425	2   5  11 
 419	2  24  22 
 421	2  18  24 
 421	6   8   4 
 423	6  18  17 
 427	2   6   7 
 429	2  17  11 
 429	6  14   8 
 431	2   6   1 
 431	6  23  18 
 433	6  11   1 
 437	2  14  18 
 435	6   8   3 
 439	2  24  23 
 439	2  17  11 
 441	2   8  18 
 443	2  24  19 
 443	2   8  12 
 445	2   1   3 
 445	2  13  19 
 445	6  22  17 
 451	2   7  17 
 447	6  14   4 
 453	6  23  19 
 459	2  18  23 
 453	2   7   9 
 459	2  14   9 
 461	2  17  11 
 461	2  14  19 
 455	6   3   2 
 463	2  19   9 
 463	2  17  12 
 465	2   2  12 
