   1	6  12  10 
   7	2  18  12 
   9	2  18  17 
  11	2  12  17 
  13	6  13  11 
   1	6   2   1 
   7	6   3   2 
  19	2  18  13 
  19	6   7   3 
  25	2  12  13 
  27	2  17  13 
  29	6  13   7 
  35	2  18  13 
  37	2  12  13 
  39	2  17  13 
  41	2   7  13 
  43	6  13   9 
   1	6  21  20 
  41	6  23  21 
  13	6   1   0 
  43	6   6   1 
  49	2  18  13 
  49	6  16   6 
  51	2  18  14 
  53	2  18  23 
  55	2  12  13 
  55	6  23  22 
  57	2  12  14 
  59	6  19  14 
  61	2  12  22 
  63	6  12  11 
  63	6   8   3 
  69	2  17  13 
  71	2  18  16 
  71	6   9   7 
  77	2  17  19 
  79	2   9  13 
  79	2  11  16 
  81	2  18  12 
  81	6  14   9 
  83	2  17  22 
  85	2  11  12 
  85	6  24  22 
  87	2   7  13 
  89	6  13   3 
  89	6  11   6 
  91	6  22  20 
  95	2  14  19 
  95	6   7   6 
  97	2  17  16 
  97	2  14  24 
  99	6  23  21 
 101	6  11   6 
 105	2  18   8 
 107	2  18  13 
 107	6  16  11 
 109	2   7   8 
 109	2  18  22 
 111	2   7  13 
 113	2  17  12 
 113	6  23  19 
 113	6   8   2 
 107	6   5   0 
 113	6   6   5 
 115	6  17  12 
 119	6  14   8 
 121	6  22  16 
 125	2  18  19 
 125	6   8   6 
 127	2  22  23 
 129	2  22  24 
 131	2   6  11 
 131	2  18  14 
 131	6  22  21 
 133	2  12   2 
 135	2  12  13 
 137	2  21  11 
 137	2  18   8 
 139	6  16   6 
 139	6  13   3 
 145	2  13  23 
 147	2  16  17 
 147	2   7   6 
 147	6  19  13 
 149	6  16   6 
 153	2  19  24 
 153	6   8   3 
 155	2  21  17 
 155	2  23  24 
 157	2  12  16 
 157	6  19  18 
 159	2   6   2 
 161	2   6   8 
 159	6  21  15 
 163	2   7  13 
 165	2  12  13 
 165	6  15   5 
 167	2  19   9 
 169	6  13   7 
 171	6  16  10 
 175	2  13  14 
 175	6   2   0 
 177	6  18  16 
 181	2   5   0 
 181	6   8   2 
 183	2  16  11 
 183	2  19  18 
 185	2  16  17 
 183	6   5   0 
 187	2  13   3 
 187	6  16  11 
 189	2   0   2 
 189	2  13   9 
 191	2  13  18 
 191	6   7   1 
 191	6   9   4 
 193	6  23  22 
 197	2   6  10 
 197	6  14   8 
 199	2  22  16 
 199	2   6   1 
 201	2  11   5 
 201	2  22  17 
 203	2  12   8 
 203	2   0  10 
 203	6  21  20 
 205	2   6   8 
 207	2   0   1 
 207	2  19   9 
 207	6  11   7 
 209	2  19  23 
 209	6   1   0 
 213	2  13   9 
 211	6  22  21 
 215	2   7   2 
 211	6  24  19 
 213	6  11  10 
 217	2  24  22 
 217	6   2   0 
 219	2  13  23 
 219	6  21  15 
 221	6  23  13 
 225	2  15   5 
 227	2   7  11 
 227	2  23  22 
 227	6   5   0 
 229	2   7   2 
 229	6  18  16 
 231	6   7   3 
 235	2  19  18 
 235	2  15   5 
 237	2  19  17 
 237	6   2   0 
 239	2  18  17 
 239	2  15  11 
 237	6   9   4 
 241	6  23  21 
 243	2  12   7 
 245	2   6   7 
 245	6  13   9 
 247	2  24  23 
 249	2  21  23 
 247	6  10   0 
 251	2  12  13 
 247	6   3   2 
 251	6  23  21 
 253	6   8   6 
 257	6  23  18 
 259	2   1   6 
 259	2  12  16 
 261	2   1   7 
 261	2  15  10 
 259	6   4   3 
 263	2  24  14 
 263	6   7   1 
 265	2  18  14 
 267	2  24  18 
 263	6  15  10 
 267	6   9   4 
 269	2   2   6 
 271	2   2   1 
 269	6  23  18 
 273	2  10   6 
 273	6  14   9 
 273	6   3   2 
 275	6  11   5 
 279	2  19  14 
 281	2  18  14 
 281	6   5   1 
 283	2   8  13 
 281	6  16  11 
 283	6  23  19 
 287	2  12   2 
 287	2  10   5 
 285	6   9   4 
 289	2   7  13 
 289	6  22  16 
 291	2   3  13 
 291	6   6   1 
 295	2  23  22 
 293	6  13  12 
 297	6  23  21 
 299	2  13   9 
 301	2  10  12 
 303	2  18  22 
 303	6  11   6 
 305	6  17  13 
 309	6   5   1 
 311	2  13  14 
 311	2  17  16 
 313	2  17  23 
 313	6  14   4 
 315	2  21  11 
 317	2  21  15 
 317	6  12  11 
 319	6  21  15 
 323	2   8   6 
 323	6  18  17 
 325	2   8   2 
 325	2  15   5 
 327	2   7   6 
 327	6  15  10 
 329	2  17  12 
 329	2   8   9 
 331	2  17  21 
 331	2   7   2 
 333	2   7   9 
 333	6  10   5 
 335	2  18  14 
 337	2  24  18 
 335	6   7   3 
 339	2  19  18 
 339	6  15  10 
 341	2   7   6 
 343	2   7   2 
 341	6  22  18 
 345	2   5   1 
 347	2  13  18 
 347	2  10   6 
 347	6  22  21 
 349	2  13  12 
 351	2   5  11 
 345	6   4   3 
 351	6  18  13 
 353	2   5   6 
 353	6  21  15 
 357	2   3  13 
 355	6   6   1 
 359	2  17  21 
 359	6  13   8 
 361	6  10   6 
 365	2  18  22 
 365	6   9   8 
 367	2   6   2 
 367	6  18  16 
 371	2   7   8 
 369	6   5   1 
 373	2  13  18 
 373	2  16  21 
 373	6   9   4 
 375	2   1   2 
 375	6  16  10 
 379	2  13  23 
 377	6   2   1 
 381	2  17  16 
 381	2  13  14 
 383	2  17  11 
 381	6  24  23 
 385	2  10  16 
 383	6  14   9 
 387	2  10  11 
 383	6   3   2 
 389	2   2  12 
 389	6  15   5 
 391	2  14  18 
 393	2  14  24 
 391	6  12   7 
 395	2  14   9 
 395	6  22  16 
 397	2   6   8 
 399	2   3   8 
 399	6  19  14 
 401	2  17  15 
 403	2  10  15 
 399	6   6   1 
 401	6   8   4 
 403	6  17  12 
 405	6   2   1 
 409	2  17  18 
 405	6  10   5 
 407	6   9   4 
 411	2  12   6 
 411	6  24  22 
 413	2   8   7 
 415	2   5   6 
 415	6   8   4 
 417	2  17  22 
 417	6   6   1 
 421	2  23  13 
 419	6  21  15 
 423	2  23  19 
 421	6   4   3 
 425	2   6  16 
 425	2  14  13 
 427	2  14  19 
 427	6  16   6 
 429	6  24  23 
 433	2  16  15 
 429	6  13   8 
 433	6   6   2 
 435	2  17  13 
 435	6  24  19 
 439	2   3   2 
 435	6  15  10 
 437	6  13   9 
 441	2   7   2 
 441	6  15  11 
 441	6  23  22 
 443	6   3   1 
 447	2  16  22 
 447	2  12  13 
 449	2  16  15 
 449	6   8   6 
 451	2  16  21 
 453	2  19  17 
 455	2   8  18 
 455	2  11   6 
 457	6  18   8 
 457	6   5   1 
 457	6  16  11 
 463	2   5  10 
 463	2  18  23 
 463	2   4   8 
 463	6   2   1 
 465	2  12   8 
 463	6  21  16 
 465	6  23  19 
 465	6  10   5 
 467	6  13   8 
 471	6  23  21 
 473	2   7   5 
 475	2   1   5 
 473	6  14   4 
 477	2  23  24 
 477	6  16  10 
 479	2  14  19 
 479	2   2   8 
 481	6  13   3 
 483	2  16  22 
 485	2  16  15 
 485	6  24  23 
 487	2  11  13 
 487	2   2   3 
 489	2  16  10 
 489	6  13  12 
 489	6   4   2 
 491	6  23  21 
 495	6  11   7 
 495	6  14   4 
 501	2  13  19 
 501	6  21  11 
 503	2  14  19 
 503	6   8   2 
 507	2  21  22 
 507	2   6  11 
 505	6  19  18 
 509	2  21  15 
 509	2   7   2 
 511	2  19   9 
 511	2  16  12 
 511	6   6   1 
 513	2  23  19 
 513	2   4   9 
 515	2  13   9 
 513	6  16  10 
 517	2   7   3 
 517	2  14   9 
 519	2  21  16 
 519	6  18   8 
 519	6  10   6 
 521	6  21  16 
 525	2   6   2 
 525	6  14   4 
 527	2  16  12 
 525	6  24  23 
 527	6   6   1 
 531	2  18  17 
 529	6  15  10 
 533	2  24  14 
 533	2   1   3 
 533	6  22  21 
 535	2  18  19 
 535	2   7   8 
 537	2  18  14 
 535	6  11   5 
 537	6   2   1 
 541	2  15  21 
 539	6  23  13 
 543	2  15  10 
 543	6   3   2 
 545	2  11  21 
 545	2  24  23 
 547	2  13  17 
 547	2  11  10 
 547	6  21  20 
 549	2  13  19 
 551	2  18  23 
 551	2   7   9 
 553	2  20  10 
 553	2  13  14 
 553	6   7   1 
 555	6  14   4 
 555	6  17  15 
 559	6   7   1 
 561	2  17  22 
 561	2  24  14 
 563	2  18  14 
 561	6  15  10 
 565	2  17  12 
 565	2   3   8 
 567	2   6  10 
 567	2  13  23 
 569	2   5  10 
 569	2   3   9 
 569	6  19  17 
 571	6   5   1 
 575	2  13  14 
 575	6  16  11 
 575	6  24  23 
 577	6  13   7 
 581	2  16  22 
 581	6  10   5 
 583	2  16  12 
 585	2  20  22 
 583	6   8   3 
 587	2  11  10 
 583	6  19  14 
 587	6  22  20 
 589	6  11   6 
 593	2  23  13 
 593	2  15  20 
 595	2  11  17 
 595	6  14   8 
 595	6  24  23 
 595	6   2   1 
 597	6  17  12 
 601	2   6   1 
 601	2  24  14 
 595	6  21  20 
 603	2   2  12 
 603	6   9   4 
 605	2  22  17 
 607	2  18  13 
 603	6  10   5 
 609	2  10  12 
 609	6   3   1 
 611	2  15  17 
 613	2  18  14 
 613	6  12  11 
 615	6   4   2 
 619	2  21  17 
 615	6  24  19 
 621	2   6   1 
 621	6  12   8 
 621	6  23  18 
 623	6  10   5 
 627	2   8   9 
 627	6  19  17 
 629	2   4   9 
 629	2   6   2 
 631	6   5   1 
 633	2   8  18 
 635	6  18   8 
 637	6  16  10 
 641	2   7  13 
 641	6   9   4 
 643	2  12  16 
 645	2  10  16 
 645	2  18  24 
 643	6   2   1 
 647	2  22  16 
 647	2   9   8 
 647	6  24  19 
 649	2   2   4 
 649	2  15  16 
 651	2   2   8 
 651	2  21  16 
 653	2  18  13 
 653	6   4   2 
 653	6  22  16 
 655	6  14  13 
 659	2  24  22 
 659	6  11   6 
 661	2   9  19 
 663	2   9  14 
 663	6  23  21 
 665	2   7  13 
 667	2   6   2 
 667	6  14   4 
 669	2  17  11 
 671	2  21  11 
 673	2   7  11 
 673	2  18  13 
 675	2  14  19 
 675	6  12   6 
 677	2  14   4 
 679	6   3   2 
 681	2   9  13 
 683	2  14  13 
 681	6  10   0 
 685	2  12   8 
 685	6  19  14 
 687	2   6   2 
 689	2   6   5 
 689	2   3   8 
 687	6  17  16 
 691	2   0   2 
 691	6   9   4 
 693	2   6   1 
 695	2   0   5 
 693	6  18  12 
 697	2   0   1 
 693	6  21  15 
 697	6   4   3 
 699	2  16   6 
 699	2  18  14 
 701	2  12  11 
 701	6   5   0 
 703	2   4  14 
 705	2   8  14 
 703	6  17  12 
 707	6  15   5 
 709	2  12   2 
 707	6  19   9 
 711	6  12   2 
 713	6   9   4 
 717	2   2   0 
 717	2  16  15 
 717	2  18  19 
 719	2   5   6 
 719	2  18  13 
 719	6  22  21 
 721	2   2   1 
 721	2   9  19 
 723	2   7   6 
 723	2   9  13 
 721	6  15  10 
 725	2  22  12 
 725	6  19   9 
 727	2   5  10 
 725	6   2   1 
 727	6  22  12 
 731	6   5   1 
 733	2  23  22 
 733	2   8   9 
 735	2  24  22 
 735	2   8  13 
 737	2  21  22 
 737	2  14   9 
 737	6  12   6 
 739	6  23  21 
 743	2   6   0 
 743	2  14  13 
 745	2   6   2 
 745	2  17  12 
 745	6  21  15 
 747	2   9  13 
 747	6   7   6 
 751	6  17  15 
 753	6   7   3 
 753	6   1   0 
 759	2   6  10 
 759	6   8   4 
 761	2  15  10 
 761	6   6   1 
 763	6  16  10 
 765	6  13   3 
 769	2  10   5 
 771	2   0   5 
 771	2   7  11 
 773	2   1   5 
 773	2   7  12 
 775	2  15   5 
 775	6  12   8 
 781	2  12  11 
 783	2  12   8 
 785	6  13  11 
 777	6   1   0 
 785	6   4   3 
 791	2  10  11 
 791	2  18  13 
 793	2   1  11 
 793	2  18   8 
 795	2  19  13 
 795	6  16   6 
 797	2   3  13 
 799	2  14  13 
 797	6  24  23 
 801	2  17  16 
 801	2   7   6 
 801	2   9  13 
 803	2   7   5 
 803	6  18  16 
 803	6   9   4 
 805	6   7   5 
 809	2  23  18 
 811	2  24  18 
 811	6  10   0 
 813	2  22  18 
 815	2   9  13 
 817	2  10  11 
 817	6  14   8 
 819	2  15  11 
 821	2   5  11 
 823	2  12   6 
 823	2  19  14 
 823	6   8   3 
 825	2  16   6 
 825	6  19  18 
 829	2  12   7 
 829	6   9   3 
 831	2  12  11 
 833	6  16   6 
 835	2   8  14 
 837	2   9  14 
 839	2   6   7 
 839	2  18  16 
 839	6   9   3 
 841	2   6  11 
 843	6  16  12 
 845	2   4  14 
 847	2   9  14 
 847	6   3   2 
 849	2  13  14 
 849	6  17  11 
 853	6   3   1 
 855	6  23  17 
 859	6   6   0 
 859	6  14   4 
 861	6  17  16 
 865	6  13   7 
 867	6  16  10 
 871	2  18  13 
 871	6   7   3 
 873	2  18  23 
 873	6  10   0 
 877	2   8  12 
 875	6  24  22 
 879	2  11   1 
 879	2   8  13 
 881	2   6  11 
 881	6  18   8 
 883	2   0   1 
 885	2   6   0 
 887	2   7  11 
 887	2  18  23 
 887	6   1   0 
 889	2  16  11 
 891	2  15  11 
 889	6  13   3 
 893	2   5  11 
 891	6  22  21 
 895	2   7   1 
 895	6  14  13 
 897	2  17  11 
 899	2  10  11 
 899	6  23  17 
 897	6  21  20 
 899	6   7   1 
 901	6  14   9 
 905	2   2  12 
 903	6  20  15 
 907	2   2   3 
 907	2  13  12 
 905	6   5   0 
 909	2  13   3 
 905	6  24  23 
 909	6  16  11 
 911	6  23  13 
 915	2  15   5 
 911	6   4   3 
 917	2  11   7 
 917	6  22  20 
 919	6  12   8 
 919	6   6   5 
 925	2   5  15 
 925	2  14   8 
 925	6  17  12 
 927	2  14   4 
 929	2   9   8 
 927	6  15   5 
 931	2   2  12 
 931	2   9   4 
 933	2   1   5 
 933	2  17  16 
 933	2   3   8 
 935	2  11   5 
 935	2   3   4 
 935	6  22  17 
 937	2   8   4 
 937	6  11   5 
 937	6   2   1 
 939	6  13   8 
 941	6  23  22 
 945	2   8   6 
 947	2  17   7 
 947	6  15  10 
 949	2  22  12 
 951	2  14  12 
 949	6   1   0 
 953	2  17  11 
 951	6  24  23 
 955	2   1   7 
 953	6  14   9 
 957	2   1  11 
 959	2  18  16 
 959	6   8   7 
 959	6   5   0 
 961	6  19  17 
 965	6  10   6 
 967	6  18   8 
 971	6  16  10 
 973	2   6   7 
 973	2  23  18 
 975	2   2   7 
 975	6  23  18 
 977	2   5  10 
 977	6   7   1 
 981	2  17  16 
 981	6  19   9 
 983	2   0   1 
 983	6  17  11 
 983	6  20  15 
 985	6   2   1 
 989	2  18  17 
 987	6   9   8 
 991	2   6  11 
 989	6  21  20 
 993	2   1  11 
 993	6  19   9 
 995	2   6  16 
 997	6  11   1 
 997	6  22  20 
 999	6  13   9 
1003	2  11  16 
1003	2   0   1 
1005	2   8   2 
1005	2   6  11 
1005	2  21  23 
1007	2   7   2 
1007	2  21  17 
1007	2  24  23 
1007	6   5   0 
1009	2  19  23 
1011	2  14  12 
1009	6   3   2 
1013	2  20  10 
1011	6  23  22 
1015	2   2  12 
1013	6  14   9 
1015	6  15   5 
1019	2  14  12 
1017	6  24  23 
1021	2  15  16 
1021	6  13   3 
1021	6   5   0 
1023	6  22  16 
1027	2  18  13 
1027	6   3   1 
1029	2  23  17 
1031	2  19  17 
1033	2   8   3 
1033	6  15   5 
1035	2   7   3 
1033	6  18  14 
1037	6   4   3 
1039	2   6   5 
1039	2  15  16 
1041	2  11   5 
1039	6  22  18 
1043	6  12   7 
1045	2  14   4 
1045	2  20  16 
1043	6   5   1 
1047	6  22  20 
1049	2   5  10 
1049	2   3   7 
1049	6  14  13 
1051	6  11   7 
1053	6  23  21 
1057	6   3   1 
1059	2  15  17 
1061	2  22  17 
1059	6  24  14 
1061	6  11  10 
1065	2   8  18 
1067	2   6   8 
1067	2  23  24 
1067	6  21  17 
1069	2   7   8 
1071	2   3   8 
1069	6  24  23 
1069	6  10   5 
1073	6  14   4 
1075	2  17  23 
1077	2  10  16 
1079	2  12  18 
1079	6  21  15 
1081	2   6  12 
1081	2  24  14 
1083	2  13  18 
1079	6   3   2 
1083	6  11   6 
1085	2  24  18 
1087	2  19  23 
1085	6   9   3 
1089	2   7  12 
1089	2  21  23 
1091	2  11  13 
1091	2  22  23 
1093	2   7  13 
1093	2  10  15 
1093	6  24  22 
1095	6   3   1 
1095	6  15  10 
1095	6  14  13 
1099	6  22  21 
1101	2   2  12 
1103	2   1   6 
1103	2   8  12 
1105	2  17  13 
1105	6   7   6 
1107	2  17  18 
1109	2  19  13 
1105	6  20  15 
1109	6  23  22 
1111	2   9   7 
1111	6  16  10 
1115	2  19  18 
1113	6   8   2 
1117	2  11  21 
1117	6  24  18 
1119	6  10   6 
1123	2   8  14 
1123	2  20  22 
1125	2  11  17 
1125	6   8   2 
1125	6  21  20 
1127	6  17  11 
1131	2   8  14 
1131	6  20  15 
1133	2  23  13 
1133	2   1   6 
1135	2  17  19 
1135	6   6   2 
1137	2  10  15 
1137	2  23  24 
1139	2  18  13 
1135	6   9   4 
1139	6  22  21 
1141	2  10  11 
1141	2   4   2 
1141	2  18  24 
1143	2  12  14 
1143	6  15  10 
1145	2  17  23 
1147	2  17  18 
1145	6   8   2 
1149	6  17  15 
1151	6   2   0 
1155	2  17  19 
1155	6  20  15 
1157	2  17  23 
1159	2  17  18 
1157	6  11   6 
1157	6  14   8 
1161	6  22  17 
1163	2  11  10 
1165	2  11   6 
1163	6   8   2 
1167	2   0  10 
1163	6  19  14 
1169	2  17  13 
1169	2   0   6 
1169	6  24  23 
1171	2  12  10 
1173	2  12   6 
1167	6  21  20 
1175	2  17  23 
1175	6   6   2 
1177	2  21  17 
1179	2  22  17 
1175	6  14  13 
1181	2  11  13 
1181	6   2   0 
1181	6  24  22 
1183	6  15  11 
1187	6   8   2 
1187	6  19  18 
1187	6  22  21 
1193	2  11   7 
1193	6  18  17 
1195	2   3   7 
1195	2  15  21 
1197	2   5   7 
1197	6  21  15 
1199	2   8  13 
1201	2  12  13 
1199	6  23  19 
1203	2   6  10 
1201	6   9   3 
1205	2  11  17 
1207	2  21  23 
1207	2   6   0 
1207	6  13  12 
1209	2  10   0 
1209	6  23  21 
1213	2   6  12 
1213	6  14   9 
1215	2  23  18 
1217	2  10  12 
1215	6   1   0 
1219	6  12   8 
1219	6  16  15 
1219	6  19  14 
1221	6   2   1 
1225	2  19  17 
1225	6  15  10 
1227	2   2   8 
1227	6  17  12 
1231	2   0  10 
1229	6   8   4 
1233	2  17  16 
1233	6  10   6 
1235	2  17  21 
1237	2  17  18 
1239	2   8   6 
1239	6  19  17 
1239	6  20  15 
1241	6   5   0 
1241	6   9   3 
1245	6  18  16 
1247	6   3   1 
1251	2  13  18 
1251	6  16  10 
1253	6   2   0 
1257	2  16  18 
1259	2   5  15 
1259	2   2  12 
1259	6  14   9 
1261	2   5   1 
1261	2   7  12 
1263	2  11   6 
1261	6  22  20 
1265	6   7   5 
1267	2  22  18 
1267	6  16  15 
1271	2   7   9 
1271	6   5   0 
1273	6  17   7 
1273	6  20  15 
1269	6  24  19 
1279	2   7   6 
1279	2  15  17 
1281	2   2   6 
1281	2  19  17 
1283	2   0   6 
1283	2  23  17 
1285	2  12   6 
1285	6  24  22 
1287	6  12   8 
1287	6   6   1 
1291	6  23  21 
1293	6   7   5 
1297	2  22  17 
1293	6  14   9 
1299	2  12  16 
1299	6  10   5 
1301	2  13  23 
1299	6   2   1 
1301	6  21  20 
1305	2  12   6 
1307	2  11  16 
1307	6  13   7 
1309	2  10  16 
1311	2  21  23 
1303	6   9   4 
1313	2  12  14 
1313	2  24  23 
1313	6  21  15 
1315	2  11   6 
1315	2  13  18 
1317	2   7   5 
1317	6  18  14 
1319	2  10   6 
1321	2  15   5 
1323	2   7  17 
1323	2   9  14 
1325	2  15  17 
1325	6   6   1 
1327	2  13  23 
1327	6  16  10 
1329	6  19   9 
1333	2   6  10 
1333	6  21  17 
1335	2   6   1 
1337	2   0  10 
1335	6  24  14 
1339	2  17  12 
1339	2   0   1 
1341	2  19  23 
1341	6  12   8 
1343	2  24  23 
1339	6  20  15 
1341	6   6   5 
1345	6  16  15 
1347	2   9   8 
1347	6  12   6 
1351	6  23  21 
1353	2   6  10 
1355	2   6   1 
1353	6  13  12 
1357	6   6   2 
1359	2  14  13 
1361	2  12  13 
1357	6  24  23 
1363	2   6  10 
1363	2  14  24 
1363	6  21  17 
1365	2   6   1 
1365	6  24  14 
1367	6   5   1 
1371	2  12  14 
1373	2  10   5 
1373	2  19  13 
1375	2  19  14 
1375	6  12   8 
1369	6  21  20 
1377	6  23  19 
1381	2  16  12 
1383	2  22  12 
1383	6  19  14 
1385	2   7  12 
1385	6  21  16 
1389	2  14  13 
1389	6  24  23 
1391	2  16  12 
1393	2  17  13 
1395	2  14  19 
1395	6  22  12 
1401	2  23  22 
1401	6  12   8 
1407	2  12  22 
1409	2  24  22 
1409	6  12  11 
1393	6  20  15 
1411	6  21  20 
1415	2  12  18 
1417	2  17  19 
1419	2  13  19 
1419	6  15  11 
1419	6  22  17 
1421	6  13   9 
1425	6  20  16 
1427	6  19  14 
1431	2  11  12 
1431	6  20  15 
1433	2  13  12 
1435	2  19  17 
1437	2  16  12 
1437	6  19   9 
1439	2  22  17 
1439	6  15  11 
1441	6  22  21 
1445	2   8  12 
1387	6   2   1 
1447	2  22  18 
1447	2   7  12 
1447	6  16  15 
1449	6  23  13 
1449	6   6   2 
1453	6  21  15 
1455	2  11  12 
1457	2  13  12 
1459	2  16  22 
1459	6  13   8 
1461	2  23  22 
1463	2  21  22 
1461	6  11   6 
1465	6  17  13 
1465	6  20  15 
1471	2  17  22 
1471	2  19  13 
1471	6  15  11 
1473	2  14  13 
1473	6  22  17 
1475	6  24  14 
1479	2   7  17 
1481	2  11  12 
1481	6  21  15 
1483	2  14  12 
1485	6   9   7 
1485	6  18  17 
1467	6   5   0 
1487	6  10   5 
1491	2  21  17 
1491	6  19   9 
1493	2  16  21 
1493	2   7  12 
1495	6  12  10 
1497	2  23  21 
1495	6   2   1 
1499	6  23  19 
1501	2  12  17 
1501	2  15  21 
1503	2  16  12 
1501	6   9   8 
1505	2  22  21 
1505	6  18  12 
1507	2  20  10 
1509	6  16  15 
1511	2  19  18 
1511	2   6  12 
1513	6  12   8 
1515	2  23  21 
1517	6  24  22 
1519	2   9   8 
1519	6  11   6 
1517	6  20  15 
1521	6  13   9 
1525	2  11  21 
1527	2  16  18 
1527	6   6   2 
1529	2  24  18 
1531	2  23  18 
1529	6  16  15 
1533	2   2   8 
1535	2  14   8 
1535	6  17  11 
1537	2   7   8 
1535	6  20  15 
1539	6   8   7 
1541	2  17  18 
1541	6  15   5 
1543	6  19  18 
1547	2   6  11 
1547	6  22  21 
1549	2   5   6 
1551	2   1  11 
1549	6  18  13 
1553	2   5   1 
1553	6  21  20 
1555	2  12  10 
1545	6   9   3 
1555	6   3   1 
1559	2  15  11 
1559	2  18  22 
1561	2   5  15 
1561	2  18  19 
1561	6   8   2 
1563	2  20  10 
1563	6  22  18 
1565	6  10   0 
1569	2   8  18 
1571	2  10  11 
1571	2  14  18 
1571	2   1   0 
1573	2   5  10 
1573	6  18   8 
1575	2   5  11 
1577	6  16  11 
1579	2  18  19 
1579	2   2   8 
1581	2  14  19 
1581	6   8   2 
1583	6  20  10 
1583	6  19  14 
1587	6   2   1 
1589	2   8  14 
1589	6  10   5 
1591	6  14   8 
1595	6  11   1 
1597	6   8   3 
1601	6  12   6 
1589	6  22  21 
1595	6  24  23 
1601	6  16  15 
1601	6  23  18 
1607	2  13  12 
1607	6  24  19 
1609	2  13   8 
1611	2  22  12 
1613	2  18  12 
1615	2   1   7 
1615	6  18  16 
1617	2   6   7 
1619	2   5   7 
1621	2  13  18 
1621	2   1  11 
1621	6  21  20 
1623	2   1   3 
1625	2   6  11 
1623	6  17  13 
1627	2   2   7 
1629	2  17  21 
1629	6   6   2 
1631	2  17  15 
1629	6  19  14 
1633	6  20  16 
1635	2   2   3 
1633	6  23  22 
1637	6   7   5 
1639	6  24  18 
1643	2   7  11 
1643	2   0   5 
1645	2  14  12 
1645	6   3   1 
1647	2  13  12 
1649	2  16  12 
1647	6  23  19 
1651	2   7   1 
1653	2  22  12 
1653	6  19   9 
1655	2   6  11 
1657	2   6   1 
1651	6  20  15 
1657	6  16  15 
1659	2   9   8 
1659	2  18  12 
1659	6   5   0 
1661	6  19   9 
1665	2   5  11 
1663	6  22  21 
1667	2  19  24 
1667	2   5   1 
1667	6  12   8 
1669	6  24  22 
1669	6  10   0 
1673	6  14   8 
1675	2  10  11 
1675	6  21  20 
1679	2  19  24 
1677	6   5   1 
1681	2  16  12 
1681	6  23  19 
1683	2   8  12 
1683	2  10   5 
1685	2  13  12 
1685	6   9   3 
1687	2  16  22 
1689	2  23  21 
1689	2  11   5 
1691	2  19  14 
1691	6  22  12 
1693	2   9  14 
1691	6   3   2 
1691	6  20  15 
1695	6  14   9 
1697	2  20  22 
1697	6   6   2 
1699	6  22  16 
1703	2   3   9 
1705	2  22  24 
1705	2   8  12 
1707	2  22  21 
1707	2  13  12 
1707	6   4   2 
1709	2  15  16 
1711	2  18  16 
1713	2   7   9 
1713	6  18  16 
1715	2   4   9 
1715	6   7   1 
1719	2  19  18 
1719	6  20  16 
1721	2  14  18 
1723	2   7   9 
1719	6  10   5 
1723	6  24  19 
1725	2  16  12 
1725	6   9   3 
1725	6   5   1 
1727	6  16  12 
1731	2   1   3 
1729	6  24  23 
1733	2  15  16 
1733	6  14   8 
1735	2  20  16 
1735	6  23  22 
1739	2  14  19 
1737	6  11   1 
1741	2  13  19 
1741	6  22  21 
1743	2   1   3 
1743	6  18  14 
1747	2  21  16 
1745	6   7   5 
1749	2  18  22 
1749	2   9  14 
1751	6  14  12 
1751	6  21  15 
1751	6   3   1 
1757	2  14  19 
1757	2   7  12 
1757	6   5   1 
1757	6   4   3 
1757	6  22  21 
1759	6  19  18 
1763	2  10   5 
1759	6  12   7 
1763	6   9   4 
1765	2  22  18 
1765	6  10   6 
1767	6  22  20 
1771	2   3   7 
1773	2  22  18 
1773	2   1   7 
1775	2  11   7 
1775	6  23  21 
1777	2   9   7 
1779	2   6   7 
1781	2  13  23 
1781	6  16   6 
1779	6   4   3 
1783	6  23  13 
1787	6  20  16 
1789	2  14  13 
1791	2   8   6 
1793	2   5   7 
1793	6  18  16 
1795	6   3   1 
1799	2  18  13 
1799	2  15  16 
1801	2   1   6 
1801	6  17  13 
1801	6   4   3 
1803	6   7   6 
1807	2  22  17 
1807	6   9   4 
1809	2  15  17 
1811	2  12   7 
1813	2   3   7 
1813	6  18  16 
1815	2   9   7 
1817	6   4   2 
1819	6  18  12 
1819	6  20  10 
1825	2   8  12 
1825	6   6   1 
1827	6  17  13 
1831	6  11   6 
1833	2   8  13 
1835	6   8   3 
1837	2  11  12 
1839	2  18  12 
1839	6  10   5 
1841	2   8  12 
1843	6  12   8 
1845	6   5   1 
1849	2   9   8 
1851	2  11  13 
1853	2  18  13 
1853	2   6   7 
1855	2  12  13 
1855	6   3   1 
1857	6  12  10 
1863	2   9  13 
1863	2   2   7 
1863	6  11   5 
1869	2   6   8 
1871	2   2   8 
1871	6  11   6 
1877	2  11  13 
1879	2   3   7 
1881	2   3   8 
1883	2  12   7 
1885	2  12   8 
1887	2   6   7 
1889	2   6   8 
1891	2   7   8 
1893	6   8   2 
1893	6  11   6 
1899	2   8  13 
1901	2   3  13 
1903	2  12  13 
1905	2  11  13 
1907	2   7  13 
1909	6   8   2 
1915	2   8  13 
