   1	2  38  46 
   1	6  23   7 
   1	6  26  18 
   3	6  46  39 
   7	6  30  16 
   1	6  20  13 
   7	6  25  20 
  13	2  38  23 
  13	6  41  27 
  13	6  36  28 
  15	6  32  23 
  19	6  28  14 
  21	2  38  26 
  23	2  39  32 
  25	2  38  33 
  25	6  29  28 
  27	2  39  26 
  29	2  39  33 
   7	6   6   5 
  13	6  11   5 
  21	6  17  11 
  25	6  15   7 
  31	2  38  30 
  31	6  22  15 
  33	2  32  26 
  33	2  38  45 
  35	2  32  33 
  31	6  35  28 
  35	6  30  24 
  37	2  26  33 
  35	6  47  45 
  41	2  39  24 
  41	6  37  29 
  43	2  39  47 
  45	2  32  24 
  45	6  47  40 
  47	2  38  25 
  49	2  26  24 
  49	6  45  36 
  51	2  32  40 
  53	2  26  40 
  51	6  23  16 
  55	2  38  41 
  27	6  13  12 
  33	6  12  11 
  39	6  11  10 
  55	6  18  10 
  57	2  38  45 
  59	2  38  37 
  61	2  39  25 
  63	2  39  41 
  63	6  30  17 
  65	2  39  45 
  65	6  41  27 
  69	2  32  25 
  69	2  38  30 
  71	2  33  24 
  71	6  46  45 
  73	2  32  27 
  75	2  26  25 
  71	6  29  22 
  77	2  33  40 
  77	2  38  29 
  79	2  39  37 
  79	2  26  27 
  81	2  32  46 
  77	6  18  17 
  77	6  15  14 
  83	2  33  25 
  83	6  38  29 
  85	2  33  27 
  83	6  16   9 
  85	6  18  11 
  89	2  39  30 
  91	2  24  40 
  91	2  29  35 
  93	2  32  37 
  95	2  24  25 
  95	2  39  38 
  95	6  36  35 
  97	2  24  27 
  99	2  40  25 
 101	2  32  30 
 103	2  29  23 
 103	2  32  38 
 105	2  39  36 
 105	6  24  17 
 107	2  40  27 
 107	6  30  22 
 111	2  25  27 
 109	6  46  40 
 113	2  29  24 
 115	2  26  40 
 115	2  29  30 
 117	2  33  40 
 117	2  29  15 
 117	6  25  17 
 119	2  29  44 
 121	6  39  37 
 121	6  28  15 
 123	6  18  17 
 127	6  29   8 
 129	2  26  39 
 131	2  33  39 
 133	2  25  40 
 133	2   8  16 
 133	6  36  30 
 135	2  25  39 
 137	2  46  40 
 137	2   8  17 
 139	2  37  23 
 139	2  46  39 
 139	2   8   1 
 139	6  26  18 
 141	2   8   9 
 141	6  45  29 
 145	6  19  10 
 147	2  32  30 
 149	6  32  30 
 151	6  17   8 
 155	2  26  40 
 157	2  37  24 
 157	2  27  40 
 157	6   3   0 
 159	2  30  23 
 159	2  26  39 
 161	2  37  36 
 159	6  48  41 
 163	2  30  24 
 163	6  21   8 
 165	2  30  36 
 165	2  27  39 
 167	2  40  39 
 167	6  24  18 
 169	2  37  28 
 171	2  37  44 
 169	6   9   1 
 173	2  24  22 
 169	6  41  27 
 175	2  24  38 
 175	6  27  12 
 177	2  24  32 
 179	2  24  23 
 171	6  42  35 
 175	6  15   9 
 177	6  37  28 
 181	2  24  18 
 181	6   7   1 
 183	2  30  37 
 185	2  24  36 
 181	6  39  33 
 187	2  28  16 
 187	6  44  38 
 189	2  28  21 
 191	2  28  15 
 193	2  30  38 
 193	6  14   7 
 195	2  24  37 
 197	2  30  16 
 197	6  39  25 
 199	2  30  21 
 201	2  28  14 
 201	6  44  37 
 203	2  25  22 
 205	6  35  22 
 205	6  34  26 
 203	6  48  46 
 209	6  45  39 
 211	2  17  29 
 213	2  30  15 
 213	2  17  10 
 213	6  43  35 
 215	2  24  38 
 217	2  24  16 
 209	6  48  47 
 217	6  47  38 
 219	2  28  29 
 219	2  17  19 
 221	2  17   5 
 211	6  34  33 
 221	6  28   7 
 223	2  17  31 
 223	6  44  43 
 227	2  24  21 
 223	6  46  40 
 229	2  25  37 
 229	6  16  10 
 231	2  45  44 
 231	2  25  32 
 233	2  45  37 
 229	6   7   1 
 233	6  40  33 
 235	2  38  44 
 235	2  24  15 
 237	2  38  37 
 237	2   1  16 
 223	6  13   5 
 231	6  35  28 
 231	6  19  12 
 237	6  12   4 
 239	2  25  23 
 241	2  45  32 
 237	6  28  21 
 243	2  25  18 
 243	2  30  14 
 243	6  10   4 
 245	2  38  32 
 245	2  30  29 
 245	6  21  15 
 249	2   1  10 
 237	6  43  42 
 243	6  43  35 
 247	6  30  23 
 247	6  45  32 
 251	6   4   1 
 253	2  32  30 
 255	2  38  30 
 251	6  35  21 
 257	2  32  18 
 257	2  23  16 
 257	6  37  36 
 259	2   4  13 
 261	2  23  10 
 257	6  21  14 
 239	6  48  41 
 245	6  41  34 
 251	6  34  27 
 259	6  46  40 
 263	2  25  37 
 263	6  13   4 
 265	2  46  44 
 265	2  24  21 
 267	2  32  37 
 267	6  48  47 
 269	2  24  29 
 271	2  24  16 
 269	6  13  11 
 273	2  47  44 
 275	2  17   2 
 275	6  46  44 
 277	2  24  10 
 279	2  17   3 
 275	6  42  35 
 281	2  44  36 
 281	2  40  46 
 281	2  17   9 
 281	6  31  26 
 283	2  44  45 
 281	6   4   3 
 283	6  35  29 
 287	2  41  46 
 287	2  17  19 
 289	2  44  30 
 289	2  11  26 
 289	6  47  39 
 291	2  11   2 
 293	2  11   4 
 291	6  22  16 
 291	6  37  36 
 291	6  25  24 
 295	6  46  41 
 297	2  24  29 
 297	2  11   9 
 299	2  17  20 
 301	2  39  37 
 301	2  11  19 
 301	6  48  34 
 303	2  39  45 
 303	2  17  12 
 305	2  39  30 
 305	2  17  16 
 301	6   3   2 
 307	2  40  37 
 307	2  11  20 
 307	6  25  24 
 309	2  40  45 
 309	2  11  12 
 311	2  46  37 
 307	6   9   1 
 299	6  28  21 
 307	6  22  21 
 309	6  42  35 
 313	2  25  34 
 313	2  46  45 
 313	6  16   2 
 315	6  40  37 
 319	2  17   8 
 315	6  27  20 
 321	2  32  29 
 321	2  11   2 
 321	6   7   0 
 323	2  32  34 
 323	2  37  30 
 325	2  41  40 
 325	2  23  16 
 323	6  46  45 
 327	2  25   9 
 323	6  35  21 
 329	2  25  22 
 329	2  41  46 
 329	6  10   3 
 331	2  45  30 
 333	2  40  46 
 333	2  24  16 
 333	6  37  21 
 335	6  24  18 
 335	6  40  34 
 335	6   9   4 
 339	6  28  22 
 341	2  38  24 
 343	2  25  37 
 341	6  12   4 
 345	2  38  36 
 341	6   7   2 
 341	6  47  41 
 347	2  38  29 
 347	2  11   8 
 349	2  38  40 
 349	6  16   1 
 349	6  43  29 
 349	6  27  12 
 351	6  47  38 
 355	6  42  36 
 357	2  32  27 
 359	2  17  31 
 357	6  47  41 
 361	2  38  30 
 361	6  26  11 
 361	6  43  28 
 363	6  30  24 
 367	2  41  27 
 363	6  45  39 
 367	6  43  28 
 369	2  17  33 
 371	2  26  31 
 371	6  46  40 
 373	2  44  30 
 375	2  44  42 
 375	2  23  11 
 373	6  34  27 
 377	2  45  30 
 377	2  18  11 
 377	6  35  21 
 379	2  27  24 
 381	2  40  24 
 383	2  44  43 
 383	2  25  22 
 383	6  47  40 
 385	2  35  30 
 387	2  23  10 
 387	6  38  36 
 389	2  23   9 
 389	2  26  33 
 391	2  18  10 
 391	2  23  16 
 391	6  47  34 
 393	2  18   9 
 395	2  18  16 
 393	6  37  28 
 397	2  17   5 
 397	6  40  27 
 399	2  17  15 
 401	2  17  14 
 403	2  45  42 
 403	2  26   5 
 403	6  21  16 
 405	2  32  37 
 405	2  35  42 
 407	2  44  46 
 405	6  11   3 
 409	2  45  43 
 407	6  32  31 
 411	2  44  47 
 407	6  26  19 
 409	6  15   1 
 413	2  39  30 
 413	2  35  43 
 413	6  19  10 
 415	2  31  28 
 417	2  45  46 
 417	2  36  30 
 417	6  40  32 
 419	2  10   1 
 419	6  44  35 
 423	2  23  26 
 425	2  25  38 
 425	6  14   9 
 427	2  45  47 
 427	2  32  30 
 429	2  44  46 
 429	2  18  26 
 429	6  24  23 
 431	2  44  47 
 431	2  10   9 
 431	6  27  19 
 435	2  31  22 
 405	6   6   5 
 431	6   1   0 
 433	6  44  42 
 437	2  25  16 
 433	6  41  40 
 433	6   4   3 
 437	6  21   7 
 439	2  40  37 
 441	2  39  44 
 441	2  17  20 
 443	2  35  37 
 443	2  25  11 
 443	6  23  15 
 445	2  36  44 
 445	2  31  38 
 447	2  45  37 
 443	6  47  34 
 443	6  20  13 
 445	6  18  11 
 449	2  31  16 
 449	6  41  33 
 451	2  42  37 
 451	2  17   2 
 453	2  31  18 
 449	6  47  46 
 451	6  21  15 
 455	2  32  44 
 457	2  46  30 
 457	2  10  13 
 459	2  46  44 
 459	2  25  23 
 459	2  10   2 
 457	6  41  34 
 461	2  21  30 
 461	6  18   4 
 463	2  31  23 
 461	6  45  43 
 463	6  14   9 
 467	2  39  45 
 467	2  25  18 
 465	6  29  23 
 469	2  39  47 
 469	2  25  27 
 469	6   7   2 
 471	2  36  45 
 471	2  24  12 
 473	2  39  41 
 473	2  11  12 
 473	2  17  23 
 473	6  44  36 
 475	2  31  18 
 477	2  25   9 
 473	6  28  21 
 479	2  44  47 
 479	2  17  19 
 479	6  22  21 
 481	2  32  45 
 483	2  39  37 
 483	2  17   5 
 483	6  34  26 
 485	2  46  45 
 485	2  28  36 
 485	2  10  23 
 487	2  30  36 
 487	2  17   1 
 485	6  12   6 
 489	2  32  47 
 487	6  45  44 
 491	2  24   3 
 489	6  14   0 
 493	2  46  47 
 493	2  11   3 
 489	6  29  28 
 489	6  34  27 
 493	6  16   9 
 495	2  29  44 
 497	2  30  44 
 495	6  41  39 
 499	2  36  44 
 499	2  24  15 
 495	6  11   3 
 501	2  45  39 
 501	2  24   8 
 503	2  45  37 
 503	2  32  39 
 503	2   3  15 
 505	2  32  37 
 505	2   3   8 
 505	6  23  22 
 507	2  46  39 
 507	2  10  19 
 509	2  46  37 
 509	2  10   5 
 511	2  31  34 
 511	2  10   1 
 511	6  15  14 
 513	2  24  33 
 515	2  24  26 
 511	6  47  46 
 513	6  37  29 
 517	2  24  12 
 513	6   9   2 
 517	6  14   0 
 519	2  37  46 
 519	2  17  10 
 521	2  37  39 
 519	6  19   6 
 523	2  30  46 
 521	6  17   9 
 525	2  37  29 
 521	6   4   3 
 523	6   1   0 
 527	2  25  17 
 527	2  30  39 
 523	6  21  14 
 525	6  13  12 
 529	2  31  16 
 529	6  46  44 
 531	2  25  27 
 531	2  30  29 
 533	2  31  17 
 529	6   2   1 
 529	6  14   7 
 533	6  33  27 
 535	2  36  44 
 535	2  24  15 
 537	2  46  44 
 531	6   6   4 
 537	6  18   2 
 537	6  22  14 
 537	6  13   6 
 539	6  40  38 
 543	2  25  19 
 543	6  43  29 
 545	2  25  11 
 547	2  25  18 
 547	2  13  27 
 543	6  16   7 
 545	6  45  39 
 549	2  13  26 
 549	6  42  30 
 551	2  13   6 
 549	6  10   8 
 551	6  25  19 
 555	2  38  23 
 551	6  41  40 
 557	2  35  23 
 555	6  14   8 
 559	2  29  23 
 559	2  19  10 
 557	6  40  32 
 561	2  30  23 
 561	2  19  27 
 561	6  10   4 
 563	2  32  23 
 565	2  39  23 
 565	2  19  26 
 567	2  36  45 
 567	2  19   6 
 567	6  15   3 
 569	2  31  33 
 569	2  36  43 
 569	2  46  45 
 571	2  31  25 
 571	2  44  45 
 571	6  40  39 
 573	2  24  21 
 575	2  24  12 
 577	2  39  23 
 577	6   5   3 
 579	2  46  43 
 579	2  24  22 
 581	2  44  43 
 573	6   1   0 
 581	6  31  16 
 583	2  13   5 
 585	2  19   5 
 579	6   7   0 
 581	6  35  29 
 581	6  41  33 
 581	6  47  46 
 585	6  14   7 
 587	2  38  31 
 587	2  16  11 
 589	2  38  33 
 589	2  16  18 
 585	6   2   1 
 587	6  36  35 
 591	2  16   4 
 587	6  20  13 
 591	6  33  25 
 593	2  45  43 
 593	6  21   9 
 593	6  20  12 
 595	6  46  37 
 599	2  12   9 
 599	6  21  14 
 601	2  37  23 
 601	2  12  20 
 601	6  46  33 
 601	6   9   2 
 603	6  19  11 
 607	2  29  31 
 605	6  15  14 
 609	2  36  31 
 609	2  11   2 
 609	6  27  26 
 611	2  30  31 
 613	2  32  31 
 611	6  17  12 
 611	6  35  21 
 615	6  38  30 
 617	2  11  20 
 611	6   7   1 
 615	6  33  32 
 617	6  21   7 
 621	2  40  31 
 617	6  43  42 
 619	6  18  16 
 623	2  39  31 
 623	6  34  33 
 625	2  30  35 
 627	2  30  14 
 627	6  43  35 
 629	2  32  23 
 631	2  18  26 
 625	6  47  46 
 629	6  14   0 
 633	2  37  31 
 633	2  18  27 
 631	6  46  39 
 635	2  30  28 
 635	2  18   6 
 637	2  30  21 
 637	2  18   5 
 639	2  30  33 
 639	6  11   9 
 641	2  32  31 
 641	6  45  37 
 645	2  24   8 
 633	6  43  42 
 641	6  35  28 
 645	6  19  12 
 647	2  30  14 
 649	2  28  23 
 649	6  14   7 
 651	2  18   2 
 653	2  24  10 
 651	6  43  28 
 655	2  18  20 
 655	6  31  30 
 641	6  41  40 
 655	6   2   1 
 657	6  18  16 
 661	6  38  29 
 663	6  18   2 
 667	2  43  30 
 669	2  38  25 
 669	6  43  42 
 671	2  31  19 
 673	2  31  40 
 669	6  21   0 
 673	6  19  12 
 675	2  38  43 
 675	2  17  22 
 677	2  14  23 
 677	6  38  36 
 679	2  17   8 
 681	2  17  10 
 681	6   7   0 
 683	2  38  25 
 683	2   9  22 
 685	2  36  21 
 685	2  24   3 
 687	2  38  43 
 687	2   9   8 
 687	6  29  21 
 689	2  24  11 
 691	2  17   3 
 693	2  36  35 
 693	2  31  47 
 693	2  16  22 
 693	6   3   2 
 695	2  38  29 
 695	2  16   8 
 697	2  38  35 
 697	2  17  11 
 699	2  14  30 
 699	2   9  10 
 701	2  39  23 
 701	6  36  28 
 703	2  31  19 
 703	2   9   2 
 705	2  15  24 
 705	6  11   3 
 707	2  28   7 
 709	2  39  30 
 709	6  21   7 
 711	2  16  10 
 713	2  18  24 
 713	2   9   3 
 711	6  45  33 
 715	2  15  17 
 715	6  29  28 
 717	2  16   2 
 719	2  15   9 
 719	2  18  17 
 717	6   7   0 
 721	2  29  45 
 721	2  18   9 
 723	2  44  23 
 723	6   2   0 
 725	2  44  30 
 727	2  37  23 
 723	6  26  11 
 725	6  28  21 
 729	2  31  26 
 729	6  10   2 
 731	2  37  30 
 733	2  36  23 
 731	6  14   7 
 735	2  10  25 
 735	2  36  30 
 737	2  34  25 
 737	2  29  14 
 737	6  44  42 
 739	2  41  25 
 741	2  23  30 
 737	6  12   4 
 741	6  39  25 
 743	2  16   3 
 745	2  15  16 
 743	6  43  28 
 747	2  46  39 
 747	2  24  17 
 745	6   4   2 
 749	2  38  43 
 747	6  15   7 
 751	2  38  45 
 749	6  28  21 
 753	2  33  39 
 753	2  18  16 
 755	2  32  39 
 755	6  29  14 
 755	6  18  12 
 757	6  40  32 
 761	2  14   2 
 763	2  38  29 
 763	6  25  11 
 755	6  34  27 
 761	6  20   6 
 763	6   8   2 
 765	6  38  29 
 767	6  27  20 
 771	2  29   8 
 773	2  44  39 
 773	6  22  10 
 773	6  26  20 
 775	6  32  31 
 779	2  22  21 
 775	6  45  37 
 779	6  19   5 
 781	2  22  28 
 781	2  24   9 
 783	2  22  35 
 783	2  17   9 
 785	2  22  43 
 785	2  32  18 
 785	6   3   1 
 787	2  22  37 
 787	2  32  25 
 789	2  22  38 
 789	6  26  25 
 791	2  22   8 
 791	6  39  37 
 795	2  24  16 
 791	6  11   3 
 785	6  13   6 
 791	6  20  13 
 793	6  22  21 
 797	2  32  34 
 797	2  17  16 
 797	6  37  30 
 799	2  32  27 
 799	2   9  16 
 801	2  32  19 
 799	6  28  14 
 803	2  32  11 
 805	2  25  22 
 805	6  47  45 
 807	2  15  30 
 807	6  18   3 
 809	6  23  21 
 811	6  45  36 
 811	6  41  33 
 813	6   5   2 
 817	2  28  31 
 817	6  47  46 
 819	2  28  36 
 821	2  29  31 
 819	6  16  14 
 823	2  29  36 
 823	2  32  20 
 819	6   2   1 
 825	2  25  16 
 825	6  35  29 
 825	6   7   1 
 825	6  13   4 
 827	6  33  24 
 831	2  28   7 
 831	6   4   3 
 833	2  24  22 
 835	2  24  16 
 833	6  47  44 
 835	6  28  14 
 839	2  23  31 
 837	6   3   1 
 841	2  23  36 
 841	6  32  18 
 843	2  14   1 
 843	6  29  23 
 847	2  18  10 
 843	6  45  43 
 845	6  14   1 
 849	2  25  23 
 849	6  44  36 
 851	2  24  23 
 851	2   1   4 
 853	2  18   5 
 839	6  47  41 
 847	6  47  40 
 853	6   2   0 
 855	2  36  22 
 855	2  18  13 
 857	2  32  30 
 857	6  35  21 
 859	2  18   2 
 859	6  45  40 
 863	2  21   7 
 861	6  17   4 
 865	2  21  14 
 861	6  26  19 
 865	6  45  43 
 867	2  25  40 
 865	6   2   1 
 867	6  29  21 
 871	2  25  39 
 867	6  23  16 
 871	6   3   0 
 873	2  36  23 
 875	2  25  38 
 875	6  29  23 
 877	2  18   3 
 877	6  47  33 
 881	2  43  22 
 877	6   1   0 
 879	6  18   3 
 883	2  43  29 
 883	6  47  34 
 885	2  42  30 
 885	2   1   3 
 887	2  21   7 
 887	2  23  17 
 887	2  12   3 
 889	2  24  40 
 889	2  21  14 
 889	6  12   3 
 891	2  24  39 
 893	2  24  38 
 889	6  36  29 
 891	6  21  15 
 895	2  46  30 
 891	6  34  26 
 895	6  11   2 
 897	2  45  30 
 899	2  35  30 
 897	6  40  32 
 901	2  29  16 
 901	2  11  19 
 903	2  29  32 
 903	6  10   8 
 905	2  37  30 
 905	6  47  32 
 909	2  15  17 
 905	6  43  35 
 907	6  30  29 
 911	2  25  10 
 911	6  34  20 
 913	2  30  39 
 915	2  25  31 
 913	6  35  21 
 917	2  24  10 
 915	6  47  45 
 919	2  21  16 
 919	2  26  12 
 921	2  30  38 
 921	2   4  12 
 921	6  33  17 
 921	6  35  21 
 923	6  45  44 
 927	2  17  22 
 923	6  12   4 
 927	6  34  26 
 929	2  35  44 
 929	2  24  31 
 929	2   9   4 
 931	6  30  17 
 931	6  45  39 
 929	6  14   7 
 931	6  43  35 
 931	6   4   2 
 933	6  41  34 
 937	2  30  36 
 937	2  25  39 
 935	6  15  14 
 939	2  43  45 
 939	2  17  10 
 937	6   1   0 
 941	2  30  16 
 939	6  34  33 
 943	2  30  44 
 939	6  25  19 
 941	6  28  21 
 945	2  43  38 
 945	2  23  25 
 943	6   3   1 
 947	2  30  45 
 947	6  25  17 
 949	2  30  38 
 947	6  27  12 
 947	6  43  35 
 949	6  15   2 
 953	2  25  31 
 953	6  35  29 
 955	2  24  39 
 957	2  11  32 
 955	6   1   0 
 959	2  25  39 
 959	2  11  12 
 959	2  21  15 
 961	2  23  32 
 961	2  11  20 
 961	6   9   1 
 963	2  11   4 
 965	2  11  26 
 963	6  30  14 
 967	6  19   3 
 969	6  31  22 
 973	2   3   2 
 959	6  43  42 
 965	6  42  35 
 969	6   7   0 
 971	6  44  36 
 975	2  33  31 
 975	2   3   0 
 977	2  28  31 
 973	6  19  12 
 977	6   7   2 
 979	2  40  31 
 981	2  43  31 
 981	6  41  20 
 983	2  30  17 
 983	6  15   7 
 987	2  46  31 
 983	6   4   3 
 983	6  43  35 
 987	6  34  26 
 989	2  24  15 
 991	2  47  31 
 989	6  42  36 
 993	2  11   8 
 993	6  45  33 
 995	2  11   5 
 997	2  11  13 
 993	6  24  23 
 995	6   8   0 
 999	2  45  44 
 999	2  24  19 
 999	6  41  33 
1001	2  28  44 
1001	2  11  12 
1003	2  23   8 
1003	2  11  18 
1003	6  46  44 
1005	2  24  33 
1005	2   9  11 
1007	2  24   3 
1003	6  42  35 
1007	6  34  33 
1009	2   2  11 
1011	2  20  11 
1005	6   7   0 
1009	6  45  42 
1013	2  24  33 
1009	6  29  22 
1011	6  14   8 
1015	2  40  46 
1015	2  43  31 
1015	2  27  11 
1017	2  22  10 
1017	2  45  46 
1017	2  37  31 
1017	6  26  19 
1019	2  22  29 
1019	2   8  10 
1019	2  44  46 
1021	2   8  29 
1021	2  47  46 
1021	6  11   4 
1023	2  30  32 
1025	2  43  46 
1023	6  21   8 
1027	2  11  19 
1027	2  37  46 
1025	6  24  23 
1029	2   1   4 
1027	6  42  35 
1031	2  11  17 
1029	6  46  37 
1029	6  33  26 
1031	6   8   2 
1035	2  24  19 
1033	6  35  28 
1037	2  11  32 
1037	6  23  16 
1039	2   2   4 
1039	6  41  38 
1043	2  16   7 
1039	6  25  18 
1041	6   5   3 
1045	2  28  23 
1045	6  46  34 
1047	2  28  42 
1047	2  24  17 
1049	2  35  23 
1045	6   1   0 
1047	6  19  11 
1051	2  35  42 
1051	2  24  32 
1051	6  14   9 
1053	2  30  33 
1055	2  36  31 
1053	6  13  12 
1057	2  30  46 
1059	2  18  15 
1059	2  36  37 
1059	6  46  40 
1061	2  18   9 
1061	2  31  37 
1063	2  18  11 
1061	6  29  28 
1065	2  19  33 
1065	2  16   3 
1065	6  46  44 
1067	2  18  17 
1069	2  24  33 
1069	2   1   4 
1071	2  29  38 
1071	6  17   5 
1071	6  47  41 
1071	6  33  26 
1071	6  14   7 
1073	6  37  29 
1077	2  19  40 
1077	6  16   3 
1079	2  35  38 
1079	6  26  18 
1079	6  13   5 
1081	6  39  37 
1085	2   3  12 
1085	6  25  17 
1087	2  39  47 
1087	2  22  37 
1087	2   3   5 
1089	2  22  15 
1077	6   7   1 
1089	6  20   4 
1091	2  44  23 
1093	2  44  42 
1093	2  24  40 
1093	6  15  14 
1095	2  44  38 
1095	2   3  17 
1097	2  30  25 
1097	2   1   3 
1095	6  47  46 
1099	2  21  37 
1099	2  26  32 
1099	6  17  12 
1101	2  21  14 
1101	6  46  43 
1105	2  22   9 
1105	2  19  25 
1107	2  35  43 
1107	2  26  18 
1107	2   8   3 
1107	6  45  31 
1109	2  21   9 
1109	2  26  40 
1111	2   4   3 
1109	6  42  36 
1113	2  31  23 
1111	6  27  18 
1115	2  44  43 
1111	6   7   1 
1111	6  47  40 
1113	6   5   4 
1117	2  31  36 
1115	6  22  16 
1119	2  31  38 
1119	2  18   3 
1117	6  20  13 
1121	2  31  43 
1121	2   0   3 
1123	2  16  11 
1123	6  40  37 
1125	2  24  25 
1125	2   2   3 
1127	2   1   3 
1123	6  21  14 
1125	6  13   5 
1129	2  37  23 
1129	2  26  25 
1129	6  14   8 
1131	2  37  36 
1131	2   5   3 
1133	2  37  38 
1129	6  41  40 
1131	6  20  18 
1135	2  37  43 
1133	6   4   3 
1137	2  16  18 
1137	6  40  31 
1139	2   8  11 
1141	6  18  16 
1141	6   3   2 
1143	6  46  37 
1147	2   8  16 
1147	6  34  25 
1137	6  42  28 
1147	6  11  10 
1149	6  45  29 
1149	6  16   8 
1153	6  27  11 
1155	2  31  23 
1157	2  31  36 
1155	6  47  40 
1159	2  37  23 
1155	6   8   2 
1159	6  34  27 
1161	2  31  38 
1163	2  37  36 
1163	2  25  23 
1161	6  14   8 
1165	2  39  34 
1165	2  28  23 
1161	6  12  10 
1167	2  31  43 
1167	6  40  34 
1169	2  37  38 
1169	2  29  23 
1171	2  37  43 
1167	6  10   9 
1171	6  25  23 
1171	6  46  45 
1173	6  43  28 
1177	2  18  32 
1173	6   8   7 
1179	2  23  36 
1179	2  18  11 
1179	6  34  26 
1181	2  23  38 
1181	2  43  36 
1183	2  23  28 
1183	6  44  39 
1185	2  18  26 
1187	2  18  27 
1185	6  21   8 
1189	2  44  42 
1185	6  48  41 
1189	6  26  24 
1191	2  29  36 
1189	6  46  39 
1191	6   8   7 
1195	2  30  33 
1197	2  30  15 
1197	2  19  33 
1197	6  48  46 
1199	2  30  22 
1199	2  26  33 
1201	2  30  17 
1201	2  34  33 
1201	6  15   8 
1203	2  44  46 
1203	2  18  33 
1205	2  43  38 
1199	6  20  13 
1205	6  19  10 
1207	2  43  28 
1209	2  29  38 
1211	2  16  32 
1211	2  29  28 
1211	6  27  19 
1213	2  10   8 
1215	2  10  22 
1211	6  44  37 
1213	6  39  31 
1217	2  16  11 
1217	6  44  35 
1219	2  31  25 
1219	2  10  17 
1221	2  16  24 
1217	6  34  20 
1223	2  31  36 
1223	6  10   8 
1225	2  31  38 
1227	2  31  28 
1223	6  20  12 
1223	6  47  34 
1229	2  26  10 
1229	2  30  14 
1229	6  47  39 
1231	2  12  10 
1231	2   8  14 
1233	2  16  19 
1231	6  37  28 
1235	2  18  10 
1235	6  46  40 
1237	2  28   7 
1239	2  30   9 
1235	6  13  12 
1239	6  43  42 
1241	2  21  30 
1241	2   8   9 
1243	2  21   8 
1241	6  39  25 
1245	2  15  30 
1241	6  12  11 
1247	2  44  46 
1247	2  15   8 
1247	6  27  24 
1249	2  44  43 
1249	2  48  46 
1247	6  29  28 
1249	6   9   8 
1253	2  34  46 
1253	2  29  24 
1255	2  45  46 
1255	2  25  30 
1255	6  20  12 
1257	2  47  46 
1257	2  25   9 
1259	2  39  36 
1261	2  39  38 
1259	6  17  16 
1263	2  39  37 
1261	6  26  25 
1265	2  36  38 
1255	6  21  14 
1261	6  13   4 
1265	6  23  21 
1267	2  36  37 
1269	2  38  37 
1265	6  48  47 
1265	6   9   8 
1267	6  18  12 
1267	6   4   3 
1271	6  46  43 
1271	6  28  21 
1271	6  31  30 
1273	6   8   3 
1277	2  47  46 
1277	2  35  43 
1273	6  26  12 
1277	6  30  29 
1279	2  34  46 
1281	2  45  46 
1281	2  17  33 
1279	6  43  35 
1283	2  30  18 
1283	2  48  46 
1283	6  15  14 
1285	2  43  46 
1285	2  17  10 
1287	2  28  35 
1287	6  44  39 
1289	2  42  35 
1291	2  21  35 
1287	6  26  24 
1287	6  10   2 
1293	2  39  40 
1293	2  29  35 
1293	6  15  10 
1295	2  47  40 
1295	2  44  35 
1297	2  34  40 
1297	2  36  35 
1293	6  20  19 
1297	6  46  45 
1299	2  30  15 
1301	2  30  32 
1299	6  18  11 
1303	2  46  40 
1293	6   1   0 
1299	6   2   1 
1301	6  15   7 
1305	2  48  40 
1305	2  18  31 
1303	6  36  28 
1307	2  18   3 
1305	6  45  44 
1309	2  25  22 
1311	2  36  44 
1311	2  25  16 
1307	6  47  40 
1313	2  42  44 
1313	2   8  22 
1313	6  32  19 
1315	2   8  16 
1313	6  47  46 
1315	6  44  36 
1319	2  25  23 
1315	6   3   2 
1321	2  30  32 
1321	6  11   3 
1323	2  43  46 
1323	2  24  22 
1325	2  44  46 
1325	2   8  23 
1323	6  27  26 
1327	2  21  36 
1327	2  24  16 
1327	6  18  11 
1329	2  29  36 
1329	2  24  23 
1331	2  45  36 
1329	6  32  26 
1333	2  17  22 
1333	6  44  42 
1335	2  25   9 
1337	2  10  25 
1335	6  29  21 
1339	2  44  46 
1339	2   8   9 
1339	2  18  31 
1337	6  27  20 
1341	2  30  32 
1341	2  17  16 
1341	6  11   4 
1343	2  28  36 
1343	2  24   9 
1345	2  38  35 
1343	6  27  26 
1347	2  10   8 
1347	2  38  36 
1349	2  17  23 
1349	2  37  35 
1349	6  32  26 
1351	2  17   9 
1351	2  37  36 
1353	2  35  36 
1351	6  22  14 
1355	2  10  24 
1351	6  46  45 
1357	2  30  32 
1357	2  10  17 
1357	6  14   1 
1359	2  30  33 
1359	6  12  10 
1363	2  29  45 
1363	6   7   1 
1365	6  30  21 
1369	2  18   2 
1371	2  21  14 
1371	2  30  45 
1371	6  12   3 
1373	2  21   7 
1373	2  46  45 
1375	6  31  15 
1361	6  48  41 
1375	6  36  28 
1377	6  26  20 
1381	2  39  31 
1381	2  21  16 
1377	6   3   2 
1381	6  43  35 
1383	2  39  26 
1383	2  21  23 
1385	2  40  31 
1385	6  15   2 
1387	2  40  26 
1387	2  36  45 
1389	2  34  31 
1383	6  13  12 
1389	6  42  28 
1391	2  34  26 
1391	2  47  31 
1391	2  11   2 
1393	2  47  26 
1393	2   0   2 
1395	2  22  25 
1395	2  38  45 
1395	6  41  40 
1397	2  22   8 
1397	2  37  45 
1397	2  11   3 
1399	2  10  25 
1399	2  43  45 
1395	6  20  13 
1399	6  21  15 
1401	2  40  31 
1403	2  40  26 
1399	6   1   0 
1401	6  36  35 
1405	2  22  24 
1405	2   1   3 
1405	6  33  20 
1407	2  10   8 
1407	2  42  45 
1409	2  15   9 
1409	6  37  35 
1411	2  39  33 
1411	2  21  15 
1411	2  10  24 
1413	2  41  33 
1413	2  22  17 
1409	6   7   0 
1415	2  34  33 
1415	2  36  31 
1415	2  22  15 
1415	2  10  17 
1417	2  47  33 
1417	2   5   2 
1417	6  36  23 
1419	2  40  33 
1419	2   5   3 
1417	6  14   7 
1419	6  25  18 
1421	6   5   2 
1425	2  28  31 
1427	2  23  26 
1427	6  36  35 
1429	2   4  18 
1431	2  25  18 
1431	2  12   5 
1427	6   2   1 
1429	6  22  14 
1433	2  44  31 
1433	2  11  18 
1433	6   9   1 
1435	2  29  31 
1437	2  30  31 
1433	6  33  26 
1435	6  44  42 
1439	2  23  26 
1435	6   4   3 
1441	2  46  31 
1441	2   3   8 
1441	6  29  28 
1443	2  37  31 
1443	2  10  15 
1445	2  38  31 
1445	2   2  18 
1447	2  36  31 
1447	2  12   4 
1447	6  16   8 
1449	2  43  31 
1449	2   5   4 
1451	2  44  31 
1453	2   3  24 
1455	2  25  16 
1455	6  30  29 
1457	2   3  17 
1459	2  25  24 
1451	6  42  35 
1455	6  39  38 
1441	6  41  34 
1447	6  34  27 
1457	6  27  19 
1461	2  38  22 
1457	6  43  35 
1459	6  10   2 
1463	2  30  33 
1465	2  11  16 
1465	2  45  31 
1465	6  40  27 
1467	2   3  15 
1469	2  25  17 
1465	6  43  36 
1467	6  31  30 
1471	2  10  16 
1471	6  46  34 
1473	2  11  24 
1475	2   9  18 
1473	6  37  36 
1477	2  11  17 
1475	6  23  22 
1479	2  38  40 
1479	2  12  18 
1481	2  38  46 
1481	2  10  24 
1481	6  34  13 
1483	2   9  16 
1485	2  10  17 
1483	6  39  38 
1487	2   9  24 
1487	6  12  11 
1489	2  39  34 
1489	2   9  17 
1491	2  39  32 
1489	6  22  15 
1493	2  31  26 
1493	6  10   5 
1495	6  39  27 
1499	2  11  16 
1491	6   7   1 
1499	6   2   1 
1501	2  27  20 
1501	2  10  18 
1503	2  25  22 
1501	6  38  37 
1505	2  11  24 
1505	6  29  28 
1507	2  38  33 
1507	2  10  16 
1509	2  38  26 
1509	2  11  17 
1509	6   3   2 
1511	6  24  12 
1511	6  37  29 
1511	6  39  33 
1517	2  37  39 
1517	2  24  22 
1517	6   5   3 
1517	6  27  20 
1509	6   8   0 
1519	6  39  37 
1523	2  20   5 
1519	6  22   8 
1525	2  39  26 
1525	2   3   8 
1525	6  30  28 
1527	2   4  18 
1527	2   9   8 
1529	2  10  12 
1529	6  32  26 
1531	2  30  37 
1531	2  10  17 
1533	2   4  16 
1531	6  20  13 
1535	2  30  32 
1535	6   8   3 
1537	6  32  20 
1541	2  11   3 
1537	6  44  36 
1541	6  22   8 
1543	2  32  37 
1543	2   4  12 
1545	2  32  20 
1545	2  44  37 
1545	2  10   3 
1547	2  29  37 
1547	2  18  16 
1547	6  13   5 
1549	2  43  37 
1551	2  35  37 
1549	6  10   8 
1553	2  36  37 
1549	6  24  23 
1547	6  46  33 
1553	6  33  20 
1555	2  45  37 
1555	2   4  17 
1557	2  28  37 
1557	2   4   3 
1555	6   1   0 
1559	2  19  24 
1559	6  47  44 
1561	2   5  10 
1563	2  18  12 
1561	6  31  24 
1565	2  19  40 
1563	6   2   1 
1567	2  19  20 
1567	2  47  33 
1565	6  42  21 
1569	2  19  34 
1567	6   5   4 
1571	2  19  26 
1569	6  39  31 
1573	2  19  27 
1573	2   4   2 
1571	6  21  15 
1575	2  41  39 
1575	2  19  13 
1571	6  44  37 
1575	6   4   2 
1577	2  41  40 
1577	2  18  17 
1579	2  37  39 
1571	6  42  35 
1577	6  35  28 
1581	2  41  20 
1581	2   2  15 
1581	6  37  31 
1583	2  46  39 
1583	2  41  34 
1583	2  19  10 
1585	2  41  26 
1585	2   2   7 
1583	6  28  22 
1587	2  31  40 
1587	2  19   4 
1585	6  17  16 
1589	2  46  40 
1587	6   8   2 
1591	2  41  27 
1591	2  17  12 
1589	6  37  21 
1593	2  18   3 
1593	6  27  13 
1595	2  37  39 
1595	2  22   8 
1597	2  24  39 
1597	2  14   8 
1595	6  11  10 
1599	2  37  40 
1599	2   0   8 
1599	6  22  21 
1601	2  38  39 
1601	2  41  27 
1601	2   1   8 
1601	2  17  16 
1603	2  17   3 
1603	6  41  20 
1603	6  32  31 
1603	6  45  37 
1605	6  17   8 
1605	6  28  22 
1609	6  46  41 
1611	2  20  11 
1613	2  20   4 
1613	2  25  17 
1611	6  30  28 
1615	6  45  39 
1617	2  23  17 
1619	2  22  17 
1615	6  27  13 
1621	2  32  46 
1621	2   9  17 
1621	6  37  28 
1623	2  32  34 
1623	2  10  17 
1625	2  32  26 
1625	2   2  17 
1621	6  20  13 
1627	2  41  46 
1627	2   5  17 
1627	6  32  26 
1629	2  41  34 
1629	2  30  45 
1629	2  18  17 
1631	2  37  45 
1631	2   8  17 
1629	6  12   4 
1633	2  39  46 
1633	2  26  27 
1633	6  15   9 
1635	2  24  40 
1637	2  41  32 
1633	6  37  29 
1635	6  19  11 
1639	2  39  34 
1639	6   7   2 
1641	2  38  40 
1641	2  26  20 
1643	2  41  27 
1643	2  39  32 
1639	6  22  21 
1643	6  13   5 
1645	2  26  19 
1645	2  31  45 
1647	2  47  45 
1645	6  10   9 
1649	2  41  20 
1645	6  22  15 
1647	6  31  24 
1651	2  11  10 
1651	6  41  20 
1649	6  45  37 
1651	6  15   8 
1653	6  11  10 
1657	2  31  46 
1657	2  20  19 
1655	6  44  43 
1659	2  31  34 
1659	2  10   2 
1657	6  15  14 
1661	2  38  46 
1661	2   5  11 
1661	6  27  25 
1663	2   8  10 
1665	2   5   2 
1663	6  40  38 
1667	2  15  10 
1661	6  36  29 
1667	6  26  19 
1669	2  30  38 
1669	2  40  34 
1671	2  31  32 
1671	2   4  16 
1667	6   1   0 
1671	6  46  44 
1673	2  19  12 
1673	2   1  10 
1675	2  19  11 
1667	6  42  35 
1673	6  33  31 
1677	2  20  12 
1677	2   4   3 
1673	6  35  29 
1675	6   9   8 
1679	2  39  25 
1679	2  30  44 
1679	6  11   5 
1681	2  36  38 
1681	2  33  25 
1683	2  39  41 
1683	2  36  44 
1681	6   8   0 
1685	2  40  32 
1685	2  20   5 
1685	6  35  23 
1687	2  39  26 
1689	2  33  41 
1687	6   4   2 
1691	2  24  38 
1691	2  33  26 
1691	6  42  36 
1693	2  45  31 
1693	2   9  11 
1695	2  40  25 
1695	2   8  10 
1697	2  47  38 
1697	2  19   4 
1697	6  17   9 
1699	2  45  37 
1699	2  40  41 
1699	2  20   4 
1701	2  46  31 
1697	6  28  22 
1701	6  27  12 
1703	2  45  38 
1703	2   2   9 
1705	2  46  37 
1703	6  35  28 
1707	2  39  27 
1707	2  16   3 
1709	2  29  31 
1709	2  33  27 
1709	2  12  10 
1711	2  17  19 
1711	2  46  38 
1711	6  28   7 
1713	2  40  26 
1715	2  40  27 
1713	6  17  11 
1717	2  29  37 
1717	6  39  34 
1719	2  15  17 
1721	2   1  17 
1719	6  13   5 
1723	2  30  39 
1723	2  16   9 
1717	6  42  35 
1721	6  21  14 
1725	2  30  32 
1725	2  11  20 
1727	2  30  25 
1727	2   3   9 
1725	6  47  41 
1729	2  23  31 
1725	6  45  44 
1727	6  20  13 
1731	2  24  45 
1729	6  14   2 
1733	2  34  20 
1723	6  42  35 
1733	6  39  30 
1735	2   7  10 
1737	2   2  10 
1735	6  34  20 
1739	2  42  30 
1739	2  39  47 
1739	6  10   7 
1741	2  33  34 
1741	2  29  38 
1743	2  39  26 
1743	6  44  42 
1745	2  24  30 
1745	2  20   4 
1747	2  22  31 
1747	2  11  20 
1747	2  40  34 
1749	2  44  32 
1749	6  21   7 
1751	2  24  32 
1753	2  39  27 
1749	6   5   3 
1755	2  23  37 
1755	6  19   4 
1757	2  23  38 
1759	2  22  37 
1755	6  47  41 
1759	6  39  32 
1761	2   8  17 
1761	2  35  21 
1763	2  12  17 
1763	2   0  21 
1765	2  47  45 
1765	2  32  34 
1765	2  10  17 
1765	2  28  21 
1767	2  42  45 
1767	2  33  19 
1767	6  15   3 
1769	2  46  45 
1769	2  36  31 
1771	2  36  37 
1769	6  13  12 
1773	2   3   4 
1773	2  29  45 
1769	6  33  26 
1771	6  24  18 
1775	2  15  21 
1775	6   5   3 
1777	2  22  38 
1779	2  43  31 
1779	6  21  15 
1781	2   5  12 
1781	2  36  38 
1781	2   2  17 
1783	2  11  26 
1783	2  43  37 
1783	6  47  39 
1785	2   1   4 
1787	2   5  20 
1787	2  24  15 
1785	6  42  36 
1789	2  40  19 
1789	2   7  15 
1785	6  45  44 
1787	6   2   1 
1791	2  39  30 
1791	2  14  15 
1791	6  27  11 
1793	2  39  47 
1793	2  36  30 
1793	2  16  15 
1795	2  46  30 
1797	2  29  30 
1797	2  27  40 
1797	6   4   2 
1799	2  23  44 
1801	2  32  19 
1801	2  23  30 
1801	6  44  36 
1803	2   4  12 
1803	2   8   2 
1803	2  27  32 
1805	2   5  26 
1801	6  47  46 
1803	6  17  16 
1807	2  44  46 
1807	2   4  20 
1807	6  35  21 
1809	2  47  46 
1809	2  31  37 
1809	6  13   4 
1813	2  22  36 
1809	6   9   8 
1811	6  40  25 
1815	2   4   2 
1815	2  22  30 
1817	2  45  40 
1817	2   9  12 
1817	2  42  36 
1817	6  21  14 
1819	2  13  26 
1819	2  10   2 
1819	2  43  38 
1821	2   4  12 
1821	2   1   2 
1821	2  42  30 
1819	6  47  41 
1823	2  10  12 
1823	2  43  36 
1823	2  31  38 
1823	6  28  22 
1825	2  45  47 
1827	2  45  33 
1825	6   4   1 
1829	2  43  30 
1829	6  40  26 
1831	2  14  16 
1831	2   4  12 
1831	2  31  36 
1833	2  14   2 
1833	2  37  38 
1833	6  17  11 
1835	2  31  30 
1837	2  37  36 
1835	6  14   2 
1839	2  18  26 
1839	2  37  30 
1835	6  47  40 
1839	6  12   5 
1841	2  39  26 
1841	2   0  16 
1843	2   0  14 
1843	2  38  36 
1843	6  24  17 
1845	2   2   5 
1845	2  38  30 
1847	2  36  30 
1843	6  40  34 
1847	6   5   2 
1847	6  45  38 
1849	6  32  26 
1853	2  22  16 
1853	2   0   2 
1849	6  35  28 
1853	6  46  44 
1855	2  18  34 
1855	2  22  14 
1857	2  18  33 
1855	6   9   2 
1859	2  38  24 
1857	6  20  13 
1861	2  39  34 
1861	2  18  24 
1861	2  22   9 
1863	2  46  32 
1863	2  28  16 
1863	6  13   4 
1865	2  38  40 
1865	2  28  14 
1865	2  17  16 
1867	2  39  33 
1867	2  29  44 
1867	6  15   9 
1869	2  46  34 
1871	2  41  32 
1869	6  19  18 
1873	2   2   4 
1873	2  46  33 
1873	2  28  15 
1875	2  12  25 
1875	2  41  34 
1875	2   3   9 
1877	2  19  40 
1877	2   7  16 
1879	2  39  24 
1879	2   1   4 
1881	2  29  32 
1881	2  10   4 
1881	6   1   0 
1883	2  23  44 
1883	2  12  26 
1883	2  39  40 
1885	2  20  25 
1885	2  35  44 
1885	6  47  39 
1887	2  20  26 
1887	2  42  44 
1887	2  21  16 
1889	2  13   4 
1889	2  43  44 
1889	2   8   9 
1889	6  34  25 
1891	2   5   4 
1893	2   1   4 
1889	6  35  28 
1895	2  41  33 
1895	2  31  44 
1895	6  11   2 
1897	2  23  32 
1897	2  37  44 
1899	2  45  44 
1899	6  32  29 
1901	6  10   4 
1905	2  32  25 
1905	2  28  29 
1905	6  46  40 
1907	2  23  25 
1907	2  36  44 
1909	2  42  29 
1909	2   2  16 
1909	6  26  11 
1911	2  43  29 
1913	2  31  29 
1911	6   2   0 
1915	2  26  39 
1915	2  37  29 
1917	2  40  24 
1917	6   3   1 
1919	2  26  34 
1919	2  45  29 
1921	2  40  46 
1921	2  36  29 
1921	6  31  18 
1921	6  34  27 
1923	6  36  28 
1927	2  38  31 
1927	2  26  11 
1929	2  19  31 
1929	6  35  28 
1931	2  47  31 
1933	2  32  33 
1933	2  30  44 
1929	6   3   2 
1935	2  40  31 
1935	6  19   3 
1937	2  30  29 
1939	2  44  29 
1937	6  32  24 
1937	6  41  40 
1941	6  26  19 
1943	2  40  32 
1943	2  22  10 
1945	2  40  46 
1945	2   1  16 
1945	6  36  30 
1947	2  26  39 
1947	2   8  16 
1949	2  26  27 
1949	2   9  16 
1947	6  12   4 
1951	2  24  32 
1951	6  42  37 
1953	2  26  11 
1955	2  17  14 
1953	6  46  40 
1957	2  30  25 
1957	2   7  14 
1957	6  44  43 
1959	2  46  31 
1959	2  21  14 
1961	2  24  40 
1961	2   0  14 
1957	6  20  12 
1961	6  29  28 
1963	2  24  31 
1963	2   1  14 
1965	2  17  15 
1963	6  46  34 
1967	2   7  15 
1963	6  12   4 
1967	6  29  24 
1969	2  46  38 
1969	2   8  14 
1969	6  26  20 
1973	2  24  10 
1973	2  21  15 
1971	6  46  40 
1975	2  37  25 
1975	2   0  15 
1975	6  20  13 
1977	2  17  10 
1977	2   1  15 
1979	2   7  10 
1977	6  44  32 
1981	2   8  15 
1981	6  19  12 
1983	2  32  25 
1983	2   9  14 
1985	2   9  15 
1983	6  42  37 
1987	2  18  25 
1987	2  16  14 
1983	6  40  34 
1985	6   4   3 
1989	2  26  39 
1989	2  16  15 
1991	2  26  27 
1991	2  14  15 
1991	6  45  31 
1993	2  26  11 
1989	6  35  29 
1995	6  34  20 
1991	6  48  47 
1995	6  21   9 
1997	6  38  25 
2001	2   9  10 
2001	6  48  41 
2003	2  20   4 
2003	2  37  38 
2005	2  19  25 
2005	2  31  38 
2001	6   1   0 
2001	6  28  22 
2005	6  10   3 
2007	2  20  41 
2007	2  29  38 
2009	2  34  39 
2009	6  21  15 
2011	2  19   4 
2011	2  36  38 
2013	2  10  25 
2013	2  34  27 
2011	6  48  40 
2015	2  10   4 
2015	2  43  38 
2015	6  27  19 
2017	2   1   3 
2017	2  22  38 
2019	2   0   3 
2019	6  39  23 
2017	6  43  42 
2021	6  19   4 
2025	2  39  33 
2021	6  14   7 
2023	6  43  36 
2027	2  27  41 
2027	2   8   3 
2025	6  23  17 
2029	2  39  44 
2027	6  28  21 
2031	2  12  25 
2031	2  39  46 
2029	6   3   1 
2033	2  30  33 
2035	2  12  19 
2035	2  30  44 
2035	2  15   1 
2035	6  40  33 
2037	2   5  17 
2039	2   5   4 
2039	2   2  17 
2037	6  38  36 
2041	2  20  33 
2041	2   2   4 
2037	6  22  21 
2037	6   7   0 
2043	2  27  33 
2043	2  30  46 
2043	6   7   1 
2045	2  13  25 
2047	2  38  40 
2047	2  13  19 
2047	2  22  17 
2049	2  26  25 
2049	2  39  45 
2049	2  16   7 
2049	6  13  11 
2051	2  38  44 
2051	2   0   7 
2053	2  32  40 
2053	2  30  45 
2055	2  34  13 
2055	2  38  46 
2055	2  24  17 
2055	2  28   7 
2057	2  26  19 
2057	2   5  13 
2057	2  38  45 
2057	2  23  17 
2057	6   7   0 
2059	2  34  25 
2061	2  32  44 
2059	6   4   2 
2063	2  34  19 
2059	6  23  22 
2065	2   4  13 
2065	2  32  46 
2065	6  17   9 
2067	2  32  45 
2065	6  28  22 
2065	6  41  34 
2067	6  19   5 
2071	2  23   2 
2071	6  48  41 
2073	2  19  25 
2073	2  14   9 
2075	2  19   5 
2075	2  17   9 
2071	6  44  35 
2077	2  20  41 
2077	2   3   9 
2077	6  44  31 
2079	2  27  41 
2079	2   1   9 
2081	2   8   9 
2079	6  13  12 
2083	2  15   9 
2081	6  40  26 
2085	2  16   9 
2077	6  35  29 
2083	6  30  29 
2087	2  18  26 
2087	2   7   9 
2087	6  46  39 
2089	2  18  30 
2091	2  22   9 
2089	6  34  27 
2093	2  18  39 
2093	6   9   2 
2093	6  28  14 
2095	6  31  26 
2099	2   0   2 
2095	6  46  40 
2095	6  12  11 
2099	6  28  15 
2101	2  20  26 
2101	2  37  31 
2103	2  34  26 
2103	2  37  30 
2101	6  11  10 
2105	2  44  31 
2101	6  47  46 
2105	6  34  20 
2107	2  23  10 
2109	2  24   9 
2109	2  37  39 
2105	6  28  21 
2111	2  11  27 
2111	2  44  30 
2113	2  13  27 
2113	2  24  10 
2113	2  44  39 
2113	6  22  14 
2115	2  34  40 
2117	2  12  27 
2115	6  36  31 
2115	6  46  45 
2119	6  41  20 
2121	2  22   9 
2121	2  35  36 
2123	2  22  10 
2125	2  41  40 
2125	2   4  25 
2125	2  43  36 
2127	2   4   5 
2127	2  23  25 
2127	2  42  36 
2127	6  47  34 
2129	2  24  25 
2129	2  15   9 
2129	2  28  36 
2131	2  35  30 
2131	2  17   9 
2129	6  13   4 
2133	2  34  27 
2133	2  43  30 
2133	6  46  39 
2135	2  15  10 
2137	2  17  10 
2137	2  42  30 
2135	6  33  26 
2139	2   3   9 
2139	2  28  30 
2135	6  12   5 
2139	6  47  45 
2141	2  11  26 
2141	2   1   9 
2143	2  11  20 
2143	2   8   9 
2141	6  43  35 
2145	2  48  27 
2145	2   3  10 
2141	6  24  23 
2145	6  45  38 
2147	2  19  27 
2147	2   1  10 
2149	2  13  27 
2149	2   8  10 
2147	6  41  40 
2151	2  38  29 
2147	6  25  24 
2151	6  10   1 
2153	2  38  45 
2155	2  38  32 
2151	6  19  12 
2153	6  42  35 
2157	2  18  39 
2157	6  14   1 
2159	2  25  19 
2159	2  37  39 
2161	2  25  27 
2161	2  43  46 
2161	6  12   4 
2163	2  22  24 
2163	2  44  39 
2165	2  15  24 
2163	6  48  41 
2167	2  12  26 
2167	2  17  24 
2165	6  45  42 
2169	2  12  20 
2167	6  15   7 
2171	2   5  26 
2171	2  45  46 
2171	6  37  29 
2173	2   5  20 
2175	2  34  26 
2171	6  42  35 
2173	6  46  45 
2177	2  34  20 
2177	2  31  36 
2173	6  18  17 
2179	2  40  37 
2179	6  18   4 
2181	2  42  45 
2183	2  31  30 
2183	6  45  43 
2185	2  41  26 
2185	2  21   9 
2187	2  41  20 
2187	2  21  14 
2187	2  16   9 
2189	2  38  17 
2191	2  18  26 
2191	2  38  29 
2191	2  16  14 
2193	2  18  20 
2193	2  38  44 
2193	2  15   9 
2193	6  35  29 
2195	2  13  26 
2195	2  45  39 
2195	2  15  14 
2195	2   1   9 
2197	2  13  20 
2197	2  25  26 
2197	2  38  45 
2197	2   1  14 
2199	2  25  20 
2199	2  46  39 
2199	2  28  43 
2199	2   0   9 
2201	2  38  46 
2201	2   0  14 
2201	2   2   9 
2201	6  26  11 
2203	2  36  30 
2189	6  48  41 
2203	6   9   1 
2207	2  26  33 
2203	6  45  39 
2205	6  42  30 
2209	2  26  41 
2207	6  11   5 
2211	2  30  45 
2211	2   2  14 
2211	6  41  27 
2213	2   3  24 
2215	2  38  30 
2215	2   1  14 
2215	6  18  11 
2217	2  31  43 
2219	2  36  43 
2217	6   2   0 
2221	2  12  33 
2221	2  42  43 
2219	6  45  38 
2223	2  12  27 
2217	6  28  22 
2223	6  24   9 
2223	6  43  42 
2223	6  29  22 
2225	6  19  11 
2229	2  29  38 
2223	6  47  41 
2231	2  18  33 
2231	2  45  29 
2231	6  20  13 
2233	2  34  33 
2233	2  10   9 
2233	2  31  38 
2235	2  48  33 
2235	2   8   9 
2235	2  36  38 
2235	6  17  11 
2237	2  45  31 
2239	2  45  36 
2237	6  40  26 
2241	2  23  17 
2241	6  44  42 
2243	2  18  27 
2245	2  34  27 
2245	2  21   9 
2243	6  47  39 
2247	2  16   9 
2241	6   5   4 
2247	6  18  12 
2249	2  40  37 
2249	2  15   9 
2251	2  23  39 
2247	6   4   3 
2253	2  48  27 
2253	2  43  38 
2253	6  22  17 
2255	2  45  43 
2257	2  44  38 
2253	6   5   4 
2257	6  36  35 
2259	2  26  17 
2259	2  45  44 
2261	2  26  32 
2261	2  45  38 
2261	6  16   4 
2263	6  39  36 
2267	6  10   5 
2269	2  28  22 
2271	2  28  36 
2267	6  14   7 
2269	6  40  31 
2273	2  14  22 
2273	6  44  42 
2275	2  31  17 
2277	2  26  11 
2277	2  16  22 
2279	2  31  32 
2279	2  10  22 
2279	6  47  44 
2281	2  24   9 
2283	2   2   9 
2281	6  28  14 
2285	2  26  39 
2281	6   5   4 
2283	6  23  17 
2287	2  19  33 
2287	2  28  36 
2287	6  14   8 
2289	2  26  47 
2291	2  19  27 
2291	2  17   3 
2289	6  36  30 
2293	2  20  33 
2293	2   8   3 
2291	6  45  44 
2295	2  20  27 
2295	2  25  33 
2295	2  16  30 
2293	6  28  21 
2297	2  25  27 
2297	2   0   9 
2297	6  45  40 
2299	2   1   9 
2301	2   7   9 
2297	6  13  12 
2297	6  30  23 
2299	6  27  25 
2303	6   8   3 
2305	2  26  40 
2303	6  37  30 
2303	6  22  21 
2307	6  39  26 
2309	2  22   8 
2311	2  16   8 
2309	6   4   3 
2313	2  39  46 
2311	6  37  29 
2315	2  17  12 
2311	6  21  14 
2313	6  33  26 
2317	2   4  12 
2317	6  38  35 
2319	2  17  26 
2317	6  14   1 
2319	6  12   4 
2323	2  39  36 
2321	6  23  16 
2325	2  12  26 
2325	2   3   1 
2325	2  39  37 
2323	6  21  14 
2327	2  18  30 
2327	2  39  45 
2327	6   9   1 
2329	2  39  38 
2329	6  23  18 
2329	6  27  13 
2329	6  44  43 
2329	6  28  21 
2331	6  39  38 
2335	2  23  29 
2335	2  14   9 
2335	6  33  27 
2337	2  10  16 
2337	2  38  44 
2339	2  10   8 
2339	6  38  29 
2341	2  17  25 
2341	6   4   2 
2345	2  33  30 
2347	2  23  32 
2347	6  18  11 
2349	2  33  38 
2351	2  33  32 
2351	2  29  42 
2347	6   7   2 
2353	2  31  18 
2353	2  29  35 
2353	6  33  27 
2355	2  23  18 
2357	2  22   7 
2353	6   5   4 
2355	6  42  35 
2359	2  31  33 
2359	2   3  16 
2361	2  31  47 
2361	2   3   8 
2361	6  26  18 
2363	2  31  40 
2363	2  14  16 
2365	2  31  46 
2365	2  21   9 
2367	2  27  26 
2367	2  31  36 
2367	2  14   8 
2367	6  10   5 
2369	2  31  37 
2371	2  31  45 
2369	6  28  14 
2373	2  12  25 
2369	6  40  34 
2373	6  38  30 
2375	2  21  16 
2377	2   4   9 
2375	6  33  25 
2379	2  21   8 
2375	6  36  35 
2375	6  47  46 
2379	6   4   3 
2381	2  40  38 
2381	2  23  25 
2383	2  27  25 
2383	2  15   9 
2383	2  43  29 
2383	6  40  38 
2385	2   3  16 
2387	2   3   8 
2385	6  27  20 
2389	2  38  30 
2389	2  48  40 
2389	2  15  16 
2385	6  43  42 
2389	6  11   3 
2391	2  38  32 
2391	2  15   8 
2393	2  38  26 
2391	6  48  47 
2395	2  38  25 
2391	6  42  28 
2393	6  15   7 
2397	2  19  40 
2399	2  27  40 
2399	2   3  15 
2399	6  38  30 
2401	6  40  25 
2401	6  15   3 
2397	6  42  35 
2405	6  37  35 
2407	2  13  25 
2409	2  17  25 
2409	2   5   3 
2411	2  47  38 
2411	2   4   3 
2407	6  22  15 
2411	6  25  19 
2409	6  34  27 
2413	6  37  23 
2417	2  47  32 
2417	2  12  19 
2419	2  37  46 
2419	2  15  18 
2419	6  41  34 
2421	2  25  38 
2423	2  25  32 
2421	6  15   3 
2425	2  47  26 
2423	6  37  30 
2427	2  47  40 
2427	2  25  26 
2427	6  11   3 
2429	2  41  38 
2431	2  41  32 
2431	2  23  15 
2433	2  25  40 
2433	2  21  15 
2431	6  27  20 
2435	2  31  39 
2435	2   3  15 
2437	2  41  26 
2437	2   7  15 
2437	6  31  30 
2439	2  41  40 
2437	6  13  11 
2441	6  46  34 
2443	2  24   9 
2445	2  24  16 
2443	6  19  13 
2447	2  27  34 
2447	2  30  44 
2447	2  10   9 
2449	2  19  33 
2449	2  30  36 
2449	2  10  16 
2451	2  19  13 
2451	2  30  43 
2451	2   0   9 
2451	6  46  34 
2453	2  24   8 
2455	2  28  30 
2455	2  10   8 
2457	2  37  46 
2457	2   0  16 
2457	6  26  20 
2459	2  47  46 
2459	2  24  15 
2461	2  14   9 
2461	2  29  30 
2461	6  48  39 
2463	2  10  15 
2465	2   0   8 
2457	6  42  35 
2463	6  35  29 
2467	2  31  26 
2467	2  14  16 
2469	2  31  39 
2469	2  27  26 
2469	2   2   9 
2469	6  42  36 
2471	2  27  39 
2471	2   0  15 
2473	2  25  46 
2473	2  14   8 
2475	2  31  29 
2475	2  41  46 
2475	2   2  16 
2477	2  31  36 
2477	2   1   9 
2477	2  14  15 
2475	6  27  19 
2479	2  31  45 
2479	2   2   8 
2477	6  48  40 
2481	2   1  16 
2479	6  42  36 
2483	2  31  40 
2483	2   2  15 
2481	6  19  11 
2485	2  31  44 
2485	2   1   8 
2487	2  31  36 
2487	2   9  16 
2487	6  40  26 
2489	2   1  15 
2491	2   9   8 
2489	6  35  30 
2493	2   9  15 
2493	6  33  19 
2495	2  16   8 
2497	2  16  15 
2493	6  48  46 
2495	6  37  31 
2499	2   8  15 
2499	6  26  12 
2501	2  37  43 
2503	2  28  37 
2505	2  33  38 
2505	6  16  11 
2507	2  33  32 
2507	2  30  37 
2509	2  35  37 
2509	6  34  27 
2511	2  17  38 
2513	2  16  29 
2515	2  31  40 
2511	6  43  42 
2515	6  22  16 
2517	2  31  39 
2519	2  47  40 
2511	6  13  12 
2517	6  12   3 
2521	2  22  43 
2521	2  47  39 
2523	2  16  18 
2523	2  31  29 
2523	6  40  34 
2525	2   5  18 
2527	2   4  18 
2523	6  45  44 
2525	6  31  29 
2529	6  18  16 
2531	2  29  43 
2529	6  47  46 
2533	6  44  29 
2535	2  33  20 
2537	2  17  32 
2539	2  26  38 
2539	2  22  29 
2541	2  18  19 
2541	2  33  47 
2541	2  23  16 
2541	6  43  37 
2543	2  25  34 
2545	2  17  20 
2543	6  46  45 
2547	2  26  32 
2547	2  41  34 
2547	2  21  16 
2547	6  13  11 
2549	2  40  38 
2551	2  45  31 
2549	6  22   8 
2553	2  18   3 
2553	2  40  32 
2553	2  45  37 
2553	6  27  20 
2555	2  25  39 
2555	2  44  29 
2557	2   8  11 
2557	2  41  39 
2557	6  44  30 
2559	2   5  19 
2561	2  33  48 
2561	2   5   3 
2559	6  15   8 
2563	2  26  27 
2563	6  30  17 
2565	2  33  34 
2567	2  40  27 
2569	2   4  19 
2569	2  45  29 
2569	6  41  40 
2571	2  25  31 
2571	2   4   3 
2573	2  17  11 
2571	6  29  15 
2575	2  33  39 
2575	6  24  19 
2575	6  10   3 
2577	6  39  37 
2581	2  23  24 
2577	6  21   8 
2581	6  26  11 
2583	6  46  30 
2583	6  15   9 
2587	6  19  11 
2589	2  46  47 
2589	2  29  30 
2591	2  46  48 
2591	2   8  24 
2591	2  29  36 
2593	2  25  39 
2593	2  29  42 
2593	6  16  10 
2595	2  40  31 
2595	2  28  29 
2597	2  46  34 
2593	6   1   0 
2597	6  25  18 
2599	2  23  16 
2599	2  40  39 
2601	2  46  37 
2601	2   8  16 
2593	6  13   5 
2599	6  20  13 
2603	2  25  38 
2603	6  14   2 
2605	2  25  32 
2607	2  25  27 
2603	6  47  41 
2603	6  36  29 
2609	2  12  10 
2609	2  33  31 
2609	2  44  36 
2609	6  22   7 
2611	2  33  39 
2611	2  35  36 
2613	2  43  36 
2611	6  20  19 
2615	2  17  30 
2613	6  48  34 
2617	2  18   9 
2613	6  45  39 
2615	6  42  35 
2619	2  20  41 
2619	2  22  10 
2619	6  38  31 
2621	2  20  34 
2621	2  11  10 
2623	2  47  41 
2623	2   3  10 
2621	6  15   1 
2625	2  19  31 
2621	6  35  28 
2627	2  19  32 
2627	6  17  16 
2629	2  39  26 
2631	2  47  34 
2627	6  35  21 
2627	6  44  37 
2631	6  32  31 
2633	2  19  27 
2633	2  16  29 
2635	2  18  26 
2633	6  44  42 
2637	2  25  41 
2633	6  14   7 
2635	6  10   9 
2639	2  39  30 
2627	6   5   4 
2635	6  13   5 
2639	6  26  19 
2641	2  46  38 
2641	2  16  28 
2643	2  46  45 
2643	2  21  16 
2643	6  40  32 
2645	2  15   9 
2647	2   2   9 
2643	6  36  35 
2645	6  27  13 
2649	2  37  16 
2649	6  32  25 
2651	2   7   9 
2653	2   0   9 
2651	6  41  20 
2655	2   1   9 
2651	6  44  29 
2657	2  27  40 
2657	2  29  16 
2657	6  44  38 
2659	2  41  48 
2659	2  25  10 
2661	2  47  48 
2661	2  26  20 
2661	2   4   9 
2659	6  42  29 
2663	2  32  34 
2663	6  15   9 
2665	2  12  24 
2667	2  39  38 
2667	2  25  19 
2663	6  48  47 
2665	6  43  28 
2669	2  12  17 
2669	2  26  34 
2669	2  14  15 
2669	6  45  39 
2671	2  22  24 
2673	2  18  30 
2671	6   8   2 
2675	2  32  47 
2671	6  34  27 
2675	6  35  21 
2677	2  34  31 
2679	2  34  13 
2679	6  24  10 
2681	2  34  20 
2681	2  45  43 
2683	2  34  27 
2677	6   1   0 
2683	6  44  35 
2685	2  33  24 
2685	2  11  10 
2687	2  33  19 
2687	2   3  10 
2687	6  31  23 
2689	2  44  45 
2689	2   9  10 
2691	2   8  10 
2689	6  40  26 
2693	2  22  17 
2693	2  37  45 
2689	6  13  12 
2695	2  31  26 
2695	2  40  47 
2695	2  11  17 
2697	2  31  23 
2697	2  34  47 
2695	6  45  44 
2699	2  25  30 
2697	6  10   2 
2701	2  33  30 
2697	6  20  13 
2703	2  10  26 
2703	2  42  44 
2703	6  30  29 
2705	2  20  26 
2705	2   3  17 
2707	2   9  17 
2703	6  46  39 
2705	6  44  42 
2709	2  10  23 
2707	6  41  33 
2711	2  28  16 
2707	6  20  19 
2713	2  33  30 
2713	2   7   2 
2713	6  12  11 
2715	2  39  24 
2715	2  28  42 
2715	2   1   2 
2717	2  21  16 
2715	6  27  20 
2719	2   8  17 
2715	6  48  41 
2717	6  38  30 
2721	2   0   2 
2717	6  43  35 
2721	6  26  11 
2723	2  21  42 
2725	2  36  15 
2721	6  48  47 
2723	6  31  24 
2727	2   4   2 
2727	6  22  16 
2729	2  41  38 
2731	2  32  38 
2727	6  35  28 
2727	6  20  13 
2727	6  14   7 
2733	2  24  26 
2733	2   7   2 
2731	6  44  43 
2735	2  10  26 
2731	6  47  46 
2733	6  28  22 
2737	2  39  27 
2735	6   7   0 
2739	2  18  30 
2739	6  47  34 
2741	2  16  11 
2741	2  28  42 
2743	2  12  11 
2741	6  45  44 
2745	2  25  30 
2745	2   3  11 
2743	6  15   7 
2747	2  33  45 
2747	6  24  18 
2749	2  33  34 
2751	2  40  38 
2747	6  36  29 
2749	6  14   2 
2753	2  18  20 
2753	2  33  31 
2753	6  46  45 
2755	2  24  22 
2755	2  33  27 
2755	2   9  11 
2757	2  18  13 
2757	2  29  14 
2757	6   3   1 
2759	2  41  46 
2759	2  25  22 
2761	2  41  34 
2761	2  32  46 
2759	6  44  37 
2763	2  32  34 
2763	2   8  11 
2765	2  37  24 
2765	2  40  46 
2765	2   7  14 
2765	6  11  10 
2767	2  45  30 
2767	2  40  34 
2769	2  39  36 
2765	6  26  19 
2767	6   8   0 
2771	2  11  20 
2771	2  47  38 
2771	6  29  22 
2773	2  11  13 
2773	2  47  46 
2775	2  47  34 
2775	2   2  17 
2773	6  44  38 
2777	2   2  10 
2773	6  14   7 
2777	6  48  27 
2779	2  38  24 
2781	2   3  17 
2777	6  36  29 
2779	6   7   1 
2783	2  26  23 
2783	2   3  10 
2783	6  46  44 
2785	2  26  19 
2785	2  16  23 
2787	2  18  27 
2785	6  32  31 
2789	2  26  20 
2789	2  45  36 
2789	2  15  17 
2791	2  41  32 
2791	2  15  10 
2791	6  44  43 
2793	2  16  19 
2793	2  41  48 
2793	2  31  32 
2795	2  39  30 
2795	2  11  27 
2795	6  15  14 
2797	2  37  25 
2799	2  26  13 
2799	2  37  45 
2797	6  48  41 
2801	2  38  25 
2801	6  12  11 
2803	2  39  36 
2803	2  26  27 
2805	2  40  32 
2805	2  38  45 
2797	6   2   0 
2801	6  23  16 
2807	2  11  16 
2807	2  37  39 
2807	6  26  20 
2809	2   7  16 
2809	2  38  39 
2811	2   9  16 
2809	6  30  29 
2813	2  11  19 
2813	2  47  32 
2813	2   2  16 
2815	2  33  30 
2815	6   9   7 
2815	6  13  12 
2817	6  33  30 
2821	6   9   4 
2823	2  30  29 
2823	2  48  33 
2825	2  30  36 
2823	6  19  18 
2827	2  37  30 
2825	6  48  39 
2829	2   4  18 
2829	6  44  30 
2831	2   9  17 
2833	2   9  10 
2827	6  35  21 
2831	6  33  19 
2835	2  30  24 
2831	6  48  47 
2833	6  35  28 
2837	2  33  46 
2837	2   0  16 
2837	6  43  37 
2839	2   3  16 
2841	2  14  16 
2837	6  19  13 
2839	6  46  33 
2843	2   8  17 
2843	6  12   4 
2845	2  46  37 
2845	2   9  16 
2847	2  30  25 
2845	6  41  34 
2849	2  21  24 
2849	6   4   2 
2851	2  23  26 
2853	2  31  34 
2855	2  19  33 
2855	2  23   2 
2851	6  14   7 
2857	2  11  26 
2857	2  30  45 
2859	2  40  34 
2859	2  11   2 
2859	2  38  44 
2859	6  24  23 
2861	2  46  41 
2861	2  12  26 
2863	2  20  33 
2863	2   8  10 
2859	6  36  29 
2865	2  39  36 
2865	2   8  16 
2865	6  12   3 
2867	2  28  23 
2867	2  48  34 
2869	2  46  32 
2867	6  14   8 
2871	2  24  27 
2871	2   3   2 
2867	6  43  42 
2871	6  47  45 
2873	2  11  27 
2875	2  35  23 
2873	6   8   2 
2877	2  24  33 
2875	6  13  11 
2879	2  30  45 
2879	6   8   0 
2881	2  46  34 
2881	2  22  17 
2883	2  30  44 
2883	6  26  11 
2883	6  48  41 
2883	6  46  39 
2885	6  37  23 
2885	6   9   8 
2889	6  27  13 
2891	2  43  37 
2891	2  22  10 
2893	2  15  17 
2889	6  40  32 
2891	6  46  45 
2895	2  31  26 
2895	2  22  16 
2893	6  43  42 
2897	2   2  18 
2897	2  27  33 
2895	6  13   5 
2899	2  45  29 
2899	2  32  26 
2895	6  14   7 
2901	2  31  36 
2901	2   2  11 
2901	6  22  21 
2903	2   4  18 
2903	2  43  45 
2905	2  41  26 
2905	2   3   5 
2905	2  38  45 
2903	6   8   0 
2907	2  31  29 
2907	2   4  11 
2907	6  33  26 
2909	2   2   8 
2909	2  30  45 
2911	2   2   5 
2911	6  37  22 
2913	2  39  33 
2913	6   4   2 
2917	2  37  25 
2915	6  47  46 
2919	2   9  18 
2917	6  28  22 
2921	2  37  46 
2921	2   2   8 
2921	2  12  18 
2923	2  22  25 
2923	6   5   3 
2925	2  43  31 
2927	2  38  31 
2923	6  47  46 
2925	6  26  19 
2929	2  37  46 
2929	2   2   3 
2927	6  35  28 
2931	2  26  23 
2929	6  48  41 
2933	2   5  19 
2933	2  37  44 
2933	2  15  10 
2933	6  29  28 
2935	2  26  41 
2935	2   9  11 
2935	2  37  45 
2937	2  26  40 
2937	2   9   8 
2937	2  12  11 
2935	6  24  23 
2939	2  26  34 
2939	2   9   3 
2939	6  47  38 
2941	2  26  33 
2941	2   1  17 
2943	2   4  19 
2943	2  15  16 
2945	2  22  38 
2945	2   1  10 
2945	6  26  20 
2947	2  30  31 
2947	2   1  16 
2949	2  37  31 
2949	2  17  10 
2945	6  12   5 
2947	6  46  39 
2951	2  26  24 
2949	6  15  14 
2953	2  26  41 
2953	2  23  24 
2949	6   1   0 
2951	6   5   3 
2955	2  26  40 
2955	2  17  16 
2951	6  37  36 
2957	2  32  37 
2957	2   3   8 
2955	6  28  22 
2959	2  26  34 
2959	2   3   5 
2957	6  48  47 
2961	2  27  24 
2961	6  44  28 
2963	2  12  24 
2965	2  26  33 
2965	2  10  16 
2959	6   8   1 
2967	2  44  39 
2967	2  15  18 
2969	2  44  28 
2969	6  18   2 
2971	2  44  45 
2967	6  41  34 
2969	6  47  39 
2971	6  30  22 
2975	2  18  19 
2975	2   8   2 
2973	6  34  33 
2977	2   7   2 
2977	2  44  31 
2977	6  20  18 
2979	2  39  37 
2981	2  46  37 
2977	6  22  21 
2979	6   8   2 
2983	2  32  30 
2983	6  19   4 
2985	2  39  30 
2987	2  46  30 
2989	2  19  24 
2989	6  46  43 
2991	2   9   4 
2993	2   3   4 
2993	2  22   8 
2991	6  24  18 
2995	2  14   8 
2991	6  33  26 
2995	6  48  45 
2997	2  20  18 
2997	2   0   8 
2999	2   9  18 
2995	6  29  22 
2995	6  42  35 
3001	2  22  25 
3001	6  38  37 
3003	2   3  18 
3005	2  17   8 
3003	6  35  29 
3007	2  46  32 
3007	2  10   8 
3009	2  23  26 
3009	2  46  39 
3009	6  11  10 
3011	2  22  37 
3011	2  27  26 
3013	2  45  32 
3013	2  16   8 
3013	6  35  21 
3015	2  24  38 
3017	2  12  26 
3017	2  45  39 
3017	2  24  30 
3015	6  10   9 
3019	2  46  43 
3019	2  19  26 
3019	6  31  24 
3021	2  15   9 
3021	2  45  43 
3021	2  20  26 
3023	2  15   1 
3019	6   5   4 
3023	6  47  44 
3025	2   2   9 
3027	2   2   1 
3023	6  26  18 
3023	6  35  28 
3025	6  24  23 
3029	2  33  38 
3029	2   7   9 
3029	6  19  12 
3031	2  24  40 
3031	2   7   1 
3033	2  46  31 
3033	2  21   9 
3031	6  44  36 
3035	2  27  40 
3035	2  10  18 
3035	6  15   1 
3037	2  19  40 
3039	2  45  31 
3037	6   4   3 
3041	2  22  36 
3039	6  40  26 
3043	2  22  35 
3043	2   1   3 
3041	6  31  24 
3045	2  12  26 
3045	2   2   3 
3045	2  21  15 
3045	6  48  46 
3047	2  20  26 
3047	2  14   9 
3049	2  10  26 
3049	2  14  15 
3047	6  29  23 
3051	2   4  18 
3051	2   0   9 
3045	6  43  42 
3051	6  43  38 
3053	2  23  25 
3055	2   0  15 
3051	6  41  40 
3053	6   5   4 
3057	2  23  37 
3057	6  41  27 
3059	2  23  36 
3059	2   1   4 
3061	2  23  35 
3061	2   2   4 
3057	6  46  39 
3063	2  38  25 
3063	6  15   3 
3065	2  31  40 
3067	2  38  37 
3067	2  41  40 
3063	6  20  12 
3067	6  32  24 
3069	2   7  15 
3071	2  21  15 
3069	6   4   2 
3073	2  31  34 
3073	2  14  15 
3069	6  44  43 
3075	2  38  36 
3075	2  41  34 
3075	2   7   2 
3075	6  25  23 
3077	6   4   1 
3081	2  23  37 
3077	6  46  41 
3077	6  27  20 
3077	6  21  14 
3083	2  33  30 
3083	6  10   1 
3085	2  31  44 
3087	2  48  33 
3087	2  31  30 
3083	6  20  13 
3085	6  28  22 
3089	2  19  40 
3089	6   7   2 
3091	2  22  24 
3091	2  46  44 
3091	2  19  34 
3093	2  38  35 
3093	6  26  12 
3095	2  23  36 
3095	2  14   7 
3097	2  23  35 
3093	6  48  47 
3095	6  39  38 
3099	2   4  13 
3099	2  17   9 
3099	2  21   7 
3101	2  27  40 
3101	2  37  36 
3101	2   5  12 
3101	2   0  15 
3103	2  47  31 
3103	2  27  34 
3103	2  11   9 
3103	2   0   7 
3103	6  43  28 
3105	2  26  40 
3105	2  17   3 
3107	2  26  34 
3107	2  17  15 
3105	6  13   5 
3109	2  43  38 
3109	2  16   9 
3109	6  41  26 
3111	2  43  29 
3111	2  10   5 
3113	2  37  35 
3113	2   2   5 
3109	6  14   7 
3115	2  25  38 
3115	2  36  35 
3115	2  11   3 
3115	2   8   9 
3117	2  45  33 
3117	2  16   3 
3117	6   7   1 
3119	2  39  38 
3119	2   4  18 
3121	2  46  30 
3121	2   4  12 
3123	2  47  46 
3123	2  10  18 
3123	6  44  31 
3125	2  10  12 
3127	2   8   3 
3119	6  33  27 
3123	6  28  21 
3125	6  48  34 
3129	2  21  24 
3129	2  45  44 
3129	6   3   1 
3131	2  19  31 
3133	2  23  38 
3131	6  28  21 
3135	2  33  31 
3135	2  45  46 
3135	2   3   5 
3135	6  16   7 
3137	2  37  38 
3139	2  36  38 
3137	6   5   3 
3141	2  35  38 
3137	6  34  33 
3141	6  23  22 
3143	2   2  18 
3145	2   5  18 
3145	2   9   1 
3143	6  41  38 
3143	6  42  35 
3147	6  15   3 
3149	2  38  31 
3149	6  43  36 
3153	2  23  26 
3153	6   4   2 
3155	2  23  35 
3157	2  33  24 
3157	2  21  15 
3153	6   7   0 
3159	2  23  32 
3159	2   4  12 
3161	2  36  24 
3161	2   5  12 
3161	2   7  15 
3161	6  33  27 
3163	2  17  14 
3165	2  11   3 
3165	6  29  24 
3167	2   0   3 
3169	2   8   3 
3163	6  44  43 
3167	6  33  19 
3171	2   9   3 
3169	6  44  38 
3173	2  25  24 
3173	2   1   3 
3171	6  42  35 
3175	2  39  24 
3175	6  11   9 
3177	2  33  30 
3179	2  47  33 
3179	2  22  24 
3179	6  36  35 
3181	2  45  33 
3181	2  17  15 
3183	2   9  14 
3183	6  34  31 
3185	2   9  15 
3187	2   0  14 
3187	6  11   9 
3189	2  31  30 
3191	2  47  31 
3189	6  28  22 
3193	2  37  24 
3189	6  14   7 
3193	6  41  33 
3195	2  44  30 
3195	2   0  15 
3197	2  45  31 
3197	2   8   7 
3193	6   3   2 
3193	6  19  11 
3199	2  23  11 
3199	6  40  32 
3201	2   8  15 
3203	2   9   7 
3197	6  43  35 
3201	6  19  13 
3205	2  16  32 
3205	2   1   7 
3207	2  23  35 
3207	2   2   7 
3207	6  48  39 
3209	2   9  15 
3211	2   1  15 
3209	6  30  29 
3213	2  19  32 
3213	2   2  15 
3213	6  48  41 
3215	2  25  30 
3215	2   7  15 
3217	2  38  24 
3215	6  11   3 
3219	2  47  44 
3217	6  21  15 
3221	2  11  32 
3221	2  45  44 
3223	2  36  24 
3223	6  12   3 
3225	2  33  24 
3223	6  14   8 
3223	6  46  45 
3227	6  33  30 
3229	6  17  10 
3233	2  41  33 
3229	6  12   4 
3229	6   8   2 
3233	6  45  30 
3235	6   9   0 
3239	2  23  30 
3235	6  32  26 
3235	6  13   5 
3235	6  48  47 
3239	6  36  28 
3241	2  17  26 
3243	2  12  26 
3241	6  47  38 
3245	2  15  18 
3247	2  23  38 
3247	2  13  26 
3247	6  14   8 
3249	2  23  31 
3249	6  45  36 
3253	2  15   3 
3249	6  26  25 
3255	2  45  33 
3255	6  11   8 
3257	6  37  32 
3255	6  42  28 
3257	6  41  27 
3261	6  17  15 
3263	2  32  33 
3265	2  47  33 
3261	6   1   0 
3261	6  42  35 
3265	6  37  31 
3267	2   2  18 
3269	2   2   3 
3267	6  46  41 
3271	2  17  25 
3267	6  29  28 
3271	6   4   2 
3273	2  22  31 
3275	2  22  29 
3275	2  46  31 
3277	2  43  31 
3277	2  10  18 
3273	6  34  27 
3277	6   2   1 
3279	2  26  31 
3281	2  34  31 
3279	6  36  35 
3283	2  45  31 
3283	2  10   3 
3283	6  15   0 
3285	2  32  31 
3285	2   5  18 
3287	2  47  31 
3287	2   5   3 
3285	6  44  36 
3289	2   4  25 
3289	6  14   8 
3291	2  23  36 
3293	2  10  25 
3291	6  46  38 
3295	2   9  18 
3291	6  13   5 
3293	6  23  22 
3297	2   9   3 
3297	2  11  18 
3295	6  40  33 
3299	2  38  29 
3299	2  11   3 
3299	6  24  16 
3301	2  43  29 
3301	6  39  26 
3301	6   4   2 
3303	6  37  29 
3307	2  24  26 
3307	6  46  40 
3309	2  19  26 
3311	2  13  25 
3307	6  14   2 
3309	6  43  35 
3313	2  24  27 
3313	6  46  45 
3315	2  19  27 
3317	2   9  25 
3315	6  28  22 
3319	2  39  37 
3319	2   4  18 
3315	6  48  41 
3319	6   9   8 
3321	2  24  22 
3321	2  44  45 
3321	2   4   3 
3323	2  44  31 
3321	6  40  34 
3325	2  43  45 
3325	2  11  25 
3325	6  30  16 
3325	6   7   1 
3327	6  26  11 
3331	2  30  45 
3331	6   8   0 
3333	2  40  37 
3335	2  46  37 
3335	2   4  25 
3335	6  41  34 
3337	2   2  11 
3337	2  32  37 
3339	2   8  11 
3339	2  43  31 
3337	6  47  46 
3341	2  12  11 
3341	2  30  31 
3341	6  16  14 
3343	2  46  37 
3343	2   5  11 
3345	2  44  37 
3341	6  34  26 
3341	6   3   2 
3345	6  48  39 
3347	2  26  24 
3347	2  43  37 
3349	2  17  11 
3349	2  30  37 
3347	6   8   0 
3351	2  39  24 
3347	6  28  21 
3349	6  34  26 
3353	2  16  11 
3353	2  45  31 
3355	2  21  24 
3355	6  12   3 
3357	2  45  37 
3359	2  31  37 
3357	6  22  16 
3361	2  12  27 
3353	6   1   0 
3355	6  40  39 
3359	6   7   0 
3363	2  19  16 
3365	2  34  19 
3365	6   3   1 
3367	2  40  19 
3365	6  30  21 
3369	6  27   6 
3371	2  10  11 
3371	6  30  24 
3375	2   3   6 
3375	6  33  32 
3377	2  13  11 
3379	2   8  11 
3361	6  43  35 
3367	6  44  43 
3373	6  45  43 
3379	6  35  30 
3381	2  26  11 
3383	2   4  11 
3381	6   8   0 
3385	2  23  32 
3385	6   6   4 
3387	2  23   8 
3387	2  38  32 
3389	2  44  32 
3385	6  28  21 
3389	6  16   8 
3391	2  48  32 
3393	2  39  32 
3391	6  42  29 
3395	2  47  32 
3395	2   1   4 
3397	2  23  29 
3397	2  33  32 
3397	2   5   4 
3397	6  18  10 
3399	2  23  14 
3399	2  46  32 
3401	2  45  32 
3399	6  36  28 
3403	2  24  19 
3399	6  41  34 
3403	6   8   3 
3405	2  30  32 
3405	6  41  27 
3409	2  12   3 
3407	6  36  31 
3411	2  27  12 
3409	6  22  16 
3413	2  31  32 
3413	6  27  12 
3415	2  38  22 
3417	2  38  29 
3417	6  16  10 
3419	2  40  27 
3417	6  25  24 
3419	6  44  29 
3423	2   8   3 
3423	2  25  27 
3419	6  13   6 
3421	6  48  40 
3425	2  29  22 
3425	2   1   3 
3425	6  43  38 
3427	2   5   3 
3427	2  15  16 
3429	2  17   4 
3427	6  34  26 
3431	2  29  44 
3431	2  17   3 
3427	6   1   0 
3431	6  40  39 
3433	2  10   4 
3435	2  10   3 
3433	6  43  22 
3437	2  18   4 
3433	6  34  27 
3437	6  39  38 
3439	2  23  26 
3439	2   6   4 
3441	2  22  14 
3441	2  18   3 
3439	6  42  35 
3443	2  39  32 
3443	2   6   3 
3443	6  23  22 
3445	2  38  43 
3445	2   1   4 
3447	2  38  44 
3447	2   1   3 
3445	6  26  25 
3449	2  22  35 
3449	6  45  40 
3451	2  23  25 
3453	2  29  14 
3453	2   9  16 
3449	6  12   4 
3451	6  27  20 
3455	2  45  43 
3455	2  22  28 
3453	6  31  25 
3457	2  45  44 
3457	2  15   2 
3457	2  20  12 
3459	2  23  35 
3459	2  13  12 
3459	6   8   2 
3461	2  29  31 
3463	2  23  28 
3455	6  48  40 
3461	6  40  26 
3465	2   4   2 
3465	2  29  35 
3461	6  44  43 
3465	6  17  15 
3467	2  47  44 
3467	2  29  28 
3467	6   4   2 
3471	2  17  24 
3467	6  26  13 
3469	6  47  44 
3473	2   2   0 
3473	2  17  11 
3471	6  28  22 
3475	2  44  43 
3475	2  33  47 
3475	2  13   4 
3475	2   9   8 
3475	6  31  30 
3477	2  28  42 
3477	2  46  47 
3477	2   2   5 
3479	2  48  47 
3479	2   2  15 
3477	6  33  25 
3481	2   2  10 
3479	6  20   5 
3483	2  31  47 
3479	6  42  35 
3481	6  22  14 
3485	2  33  47 
3485	2   5   3 
3483	6   1   0 
3487	2  38  22 
3487	6  13   4 
3489	2  38  30 
3489	2   7  16 
3491	2  23  35 
3491	2  39  47 
3491	2   7   8 
3493	2   4   1 
3493	2  29  35 
3493	6  40  27 
3495	2   9  24 
3497	2  21  16 
3491	6  45  44 
3495	6   6   5 
3499	2   2  18 
3497	6  42  37 
3501	2  27  13 
3501	2  21   8 
3501	6  11   3 
3503	2  38  37 
3503	2  16   8 
3501	6  32  25 
3503	6  29  22 
3507	2   4  20 
3505	6  45  43 
3509	2   2   5 
3509	6  28  23 
3511	2   2   0 
3511	2  26  11 
3513	2   9   3 
3513	6  19  18 
3515	2  44  29 
3517	2  44  30 
3513	6   6   5 
3513	6  40  34 
3515	6   3   1 
3519	2  23  18 
3519	2  44  37 
3517	6  21  14 
3521	2  32  45 
3521	2   2   5 
3519	6  27  20 
3523	2  43  29 
3523	2  46  45 
3521	6  18  17 
3525	2  43  30 
3523	6   4   2 
3527	2  32  29 
3523	6  14   7 
3525	6  20  13 
3529	2  43  37 
3529	2   2  15 
3529	6  40  25 
3531	2   2  10 
3531	6  28  15 
3535	2  48  45 
3535	2  18  12 
3531	6  27  20 
3533	6   4   3 
3537	2  23  25 
3537	6  38  36 
3539	2  15  17 
3539	2  13   4 
3541	2  13  20 
3541	2  18  11 
3541	6  24  23 
3543	2  36  21 
3545	2  36  35 
3545	2  38  40 
3543	6  19   3 
3547	2  31  45 
3547	6  36  21 
3549	2  24  27 
3549	2   2   3 
3551	2  19  26 
3549	6   6   5 
3553	2  22  17 
3553	2  44  36 
3549	6  46  39 
3555	2  32  30 
3555	2   2   5 
3557	2  44  35 
3557	2   2   0 
3557	2  19  18 
3557	6  23  15 
3559	2  43  36 
3559	2  38  47 
3561	2  32  37 
3557	6   6   5 
3559	6  10   2 
3563	2  23  25 
3563	2  43  35 
3563	6  20  13 
3565	2  22  25 
3567	2  33  45 
3567	2  14  15 
3567	6  23  17 
3569	2  46  45 
3569	2  14   1 
3571	2  38  45 
3567	6  36  29 
3569	6  19   4 
3573	2  39  36 
3573	2   7  15 
3575	2  24  19 
3575	2   7   1 
3575	6  48  45 
3577	2  21  23 
3577	2  10   5 
3579	2   9  12 
3579	6  25  24 
3581	2  45  36 
3581	2   9  11 
3583	2  16  15 
3583	6  38  29 
3585	2  10  26 
3587	2   4   9 
3583	6  43  42 
3587	6  27  25 
3589	2  16   1 
3591	2   8  15 
3587	6  47  40 
3589	6  35  29 
3593	2  17  25 
3593	2  27  13 
3593	2   8   1 
3593	6  47  46 
3595	2  17  19 
3595	2  32  38 
3597	2  22  25 
3595	6  42  35 
3599	2  39  30 
3599	2  10  18 
3599	2  15   1 
3601	2  21  24 
3597	6  13   5 
3601	6  47  40 
3603	2  44  23 
3605	2  45  30 
3605	2  10   9 
3603	6  26  20 
3607	2  39  37 
3607	2  17   5 
3607	6  14   8 
3609	2  31  36 
3611	2  35  23 
3611	2  39  38 
3609	6  12   3 
3613	2  32  29 
3613	6   7   1 
3615	2  45  37 
3615	2  32  23 
3617	2  31  30 
3617	2  43  46 
3615	6  10   4 
3619	2  45  38 
3615	6  19  18 
3619	6  28  23 
3619	6  33  32 
3619	6  14   7 
3621	6  11   2 
3625	2  31  37 
3615	6  13   6 
3621	6  47  46 
3625	6  21  15 
3627	2  43  46 
3629	2  31  38 
3629	2  47  46 
3625	6   7   0 
3627	6  26  11 
3629	6  44  36 
3633	2  11  23 
3631	6  48  46 
3635	2  11  26 
3631	6   8   2 
3635	6  24  23 
3637	2  11  12 
3637	2  43  46 
3637	2   2   3 
3639	2  11  13 
3639	2  47  46 
3639	2   2   8 
3635	6  21  14 
3641	2  27  24 
3641	2  48  46 
3641	2   1   3 
3643	2  36  23 
3643	2  27  26 
3643	2  10   2 
3643	6  46  40 
3645	2  17  24 
3645	2  27  12 
3645	2   1   8 
3647	2  35  23 
3647	2  27  13 
3647	2   4   2 
3649	2  32  44 
3649	2  16   3 
3649	6  19  13 
3651	2  32  30 
3651	2  10   1 
3653	2  46  44 
3653	2  16   8 
3653	6  31  29 
3655	2  42  44 
3655	2   0   3 
3657	2  43  44 
3657	2  10  16 
3655	6  48  40 
3659	2  17  26 
3659	2   0   8 
3659	6  36  28 
3661	2  39  31 
3661	2  17  12 
3663	2  45  31 
3663	2   4   1 
3665	2  39  36 
3665	2  17  19 
3665	6   7   2 
3667	2  32  37 
3669	2  46  30 
3667	6  27  19 
3671	2  45  36 
3671	2   4  16 
3671	6   1   0 
3673	2  29  31 
3675	2  32  38 
3675	2  29  36 
3673	6  18  16 
3677	2  46  37 
3677	6   3   2 
3679	2  22  16 
3679	2  32  31 
3679	2  47  44 
3681	2  42  30 
3679	6  18   5 
3683	2  46  38 
3683	2  14   2 
3685	2  11   3 
3685	2  42  37 
3685	2  14   8 
3685	6  47  39 
3687	2  11   6 
3687	2  43  30 
3689	2  19   3 
3689	2  43  37 
3687	6  14   8 
3691	2  11  20 
3691	2  46  31 
3691	6  43  42 
3693	2  19   6 
3693	2  39  30 
3695	2  17   3 
3695	2  19  20 
3693	6  21   7 
3697	2  43  38 
3697	2  11  13 
3697	6  25  24 
3699	2  39  37 
3699	2  11   9 
3701	2  19  13 
3701	2  10   1 
3701	6  38  36 
3703	2   7   2 
3705	2  10   8 
3701	6  47  40 
3703	6  24  23 
3707	2  32  38 
3707	2  42  36 
3707	2   4   1 
3709	2  15  23 
3709	2  47  44 
3709	6  18  17 
3711	2  46  38 
3711	2   7  14 
3713	2  39  36 
3713	2   2  14 
3715	2  22  17 
3715	6  47  44 
3717	2  15  16 
3719	2  28  23 
3715	6   4   2 
3717	6  19  18 
3721	2  35  23 
3721	2  48  47 
3721	2   2   8 
3721	6  39  33 
3723	2  15  17 
3723	2  44  30 
3725	2  28  16 
3725	2  19   6 
3725	2  44  37 
3723	6  48  47 
3727	2  22  25 
3727	6  44  42 
3729	2  39  24 
3729	2  19  20 
3731	2  40  24 
3731	2  19  13 
3729	6  21   8 
3733	2  45  24 
3733	6  36  35 
3735	2  39  23 
3737	2  11   8 
3737	6  47  39 
3739	2  29  24 
3741	2  18   9 
3741	2  42  35 
3743	2  32  24 
3743	6  11   9 
3745	2  43  31 
3747	2  43  38 
3743	6  48  47 
3743	6  28  21 
3747	6  25  24 
3749	2   9   0 
3749	2  19  11 
3749	6  39  37 
3753	2  15  24 
3749	6  42  28 
3751	6   5   3 
3755	2  46  25 
3755	2  37  30 
3755	6  21  15 
3757	2  44  31 
3759	2  44  38 
3757	6  47  46 
3761	2  15  17 
3759	6  36  29 
3763	2  15  24 
3763	6  48  27 
3765	2  29  16 
3767	2  29  17 
3769	2  29  24 
3769	2   9   3 
3769	6  27  19 
3771	2  37  39 
3771	2   9   1 
3773	2  46  30 
3769	6  15  14 
3773	6  43  35 
3775	2  19  16 
3775	2  46  39 
3777	2  19  17 
3777	2  30  39 
3779	2  19  24 
3779	2  37  43 
3779	6   9   8 
3781	2  33  31 
3783	2  33  38 
3779	6  29  28 
3781	6  18  17 
3785	2  29  31 
3785	6  14   8 
3787	2  29  38 
3789	2  37  31 
3785	6  40  33 
3785	6  27  20 
3787	6  17  16 
3791	2  46  43 
3791	6  20  12 
3793	2  16   9 
3793	2  37  38 
3795	2  16   0 
3791	6  26  25 
3793	6  42  28 
3797	2  12   9 
3797	2  46  31 
3799	2  22  25 
3799	6  45  43 
3801	2  10   7 
3803	2  16   3 
3801	6  32  26 
3805	2  30  45 
3805	2  10   4 
3805	6   8   0 
3807	2  46  38 
3809	2  30  31 
3809	2  39  45 
3805	6  43  35 
3807	6  20  18 
3811	2   2   7 
3811	2  30  38 
3811	6  44  43 
3813	2  14  28 
3813	2   2   4 
3813	2  39  31 
3815	2  16   1 
3815	2  39  38 
3815	6  12  11 
3817	2  44  32 
3817	2  14   7 
3819	2  16  28 
3819	6  43  37 
3821	2  11   8 
3823	2  11   3 
3823	2  16   7 
3819	6  39  33 
3825	2  39  23 
3825	6   4   1 
3827	2  35  23 
3829	2  36  23 
3827	6  47  33 
3831	2  10  15 
3831	6  30  28 
3833	2  11   4 
3833	2   2  15 
3831	6  44  43 
3833	6  25  17 
3837	2  14   1 
3823	6  20  19 
3837	6  36  35 
3839	2  39  25 
3839	2  14  15 
3841	2  26  23 
3839	6  11  10 
3843	2  37  32 
3843	6  21   8 
3845	2  40  32 
3847	2  45  31 
3843	6  27  19 
3845	6  17  10 
3849	2  39  27 
3849	6  43  28 
3851	2   8  10 
3851	2  45  38 
3853	2  39  24 
3853	6   3   0 
3855	2  29  32 
3857	2  44  32 
3859	2   3  10 
3859	2  46  32 
3859	6  42  21 
3861	2  31  38 
3861	6  18   9 
3851	6  48  41 
3859	6  41  27 
3863	6  38  32 
3867	2  22   9 
3867	6  27  26 
3869	2   8   9 
3869	2  43  38 
3871	2   3   9 
3871	2  47  38 
3869	6  24  23 
3873	2  45  38 
3869	6  29  28 
3873	6   9   7 
3875	2  33  24 
3877	2  29  24 
3879	2  37  24 
3879	6  21   8 
3881	2  40  24 
3883	2  31  38 
3873	6  20  12 
3879	6  12  11 
3885	2   8  10 
3885	2  32  38 
3885	6  28  23 
3887	2   8   7 
3887	2  11  10 
3887	6  39  26 
3891	2  23  24 
3887	6  44  37 
3889	6   7   2 
3893	2  37  24 
3895	2  11   2 
3895	6  39  36 
3897	2  16   1 
3899	2  16  15 
3897	6  11   5 
3901	2  22  36 
3901	2  39  25 
3899	6   3   2 
3903	2  21  36 
3903	2  39  41 
3903	6  26  12 
3905	2  17  30 
3907	2  17   9 
3907	6  35  30 
3909	2  12  10 
3911	2  12   3 
3905	6  41  40 
3905	6  46  45 
3911	6  40  32 
3913	2  17   1 
3915	2  17  15 
3913	6  37  28 
3909	6  27  26 
3917	6  16  11 
3919	2  39  37 
3913	6  13   6 
3921	6  31  29 
3921	6  46  44 
3923	6  18  13 
3927	2  22  16 
3923	6   7   2 
3927	6  43  38 
3929	2  21  16 
3927	6  47  40 
3931	6  22  10 
3929	6   6   5 
3933	6  44  39 
3937	2  10  18 
3937	6  28   7 
3939	2  10  19 
3941	2  10   5 
3939	6  44  43 
3943	2  30  25 
3943	6  12  10 
3945	2  28  36 
3945	2  26  25 
3947	2  30  32 
3943	6  15   7 
3947	6  42  35 
3949	2  30  37 
3949	2  26  32 
3951	2  33  25 
3951	2  12  20 
3949	6  21   8 
3953	2  33  32 
3953	2  12  13 
3949	6  10   3 
3953	6  43  35 
3955	2  31  25 
3957	2  31  32 
3955	6  10   8 
3959	2  21  36 
3955	6  20   6 
3959	6  47  33 
3961	2  10  18 
3961	2  35  22 
3963	2  28  16 
3961	6  37  31 
3965	2  10  19 
3965	6  14   8 
3967	2  10   5 
3967	2  26  31 
3969	2  47  31 
3967	6  44  36 
3971	2  21  16 
3969	6   6   4 
3973	2  35  14 
3973	2  46  25 
3971	6  41  34 
3975	2  30  22 
3975	2  10   4 
3975	2  46  32 
3975	6  19  12 
3977	2  30  14 
3979	2  37  31 
3979	6  28  16 
3981	6  41  20 
3981	6  43  37 
3985	6  21   9 
3987	2  34  25 
3989	2  46  31 
3991	2  16  18 
3991	6  47  44 
3993	2   9  18 
3995	2  10  13 
3997	2  41  47 
3997	2  23  25 
3997	6  12   3 
3999	2  34  32 
4001	2  34  31 
3997	6  43  28 
4003	2  16   3 
4003	6  46  43 
4005	2   9   3 
4003	6  26  18 
4007	6  16   3 
4009	2  41  46 
4011	2  41  26 
4003	6  13  12 
4009	6  37  30 
4013	2   3   5 
4013	6  25  16 
4015	2   3   4 
4015	6  45  37 
4019	2  41  25 
4019	2  15  16 
4015	6  20  13 
4017	6   5   4 
4021	2  23  32 
4021	6  41  27 
4023	2   9   4 
4023	2  23  31 
4025	2   3  12 
4025	2  37  24 
4027	2  37  16 
4027	6  41  20 
4029	2  38  24 
4027	6   5   4 
4029	6  43  35 
4033	2  41  47 
4033	2   9   4 
4031	6  38  24 
4033	6  27  13 
4037	2  24  16 
4037	2  40  38 
4039	2  41  46 
4039	2  13   5 
4039	6  30  18 
4035	6   2   0 
4041	6  13   5 
4045	2  30  22 
4045	2  19  18 
4045	2  39  38 
4041	6  41  34 
4045	6  44  43 
4047	2  34  26 
4047	2   5   4 
4049	2  10  18 
4047	6  47  31 
4051	2   9  12 
4047	6  21  14 
4049	6  34  27 
4053	2  44  31 
4053	2   5  12 
4053	6  35  21 
4055	2  44  46 
4055	2  27  25 
4057	2  45  31 
4057	2   3  18 
4057	2  27  13 
4057	6  47  41 
4059	2  30  35 
4059	2   9  18 
4061	2  43  22 
4061	2   5  18 
4059	6  27  20 
4063	2  45  46 
4063	2  30  31 
4063	2  43  35 
4061	6   3   2 
4065	2  28  22 
4065	2  43  31 
4065	6  20  12 
4067	2  30  46 
4069	2  28  35 
4067	6  26  25 
4071	2  21  22 
4071	2  12   4 
4071	2  43  46 
4069	6  31  30 
4073	2  19   3 
4073	2  21  35 
4073	6  46  44 
4075	2  19   6 
4075	2  10   3 
4077	2   2   3 
4077	2  12  20 
4075	6  31  22 
4079	2   9   3 
4079	2  12  18 
4075	6  42  35 
4079	6  46  40 
4081	2  28  30 
4081	2   5   3 
4083	2  21  30 
4083	2  12   3 
4081	6  32  25 
4085	2  28  44 
4081	6  17  16 
4085	6  27  13 
4087	2  40  32 
4089	2  45  32 
4085	6  11   4 
4087	6  35  21 
4091	2  40  26 
4091	6   6   3 
4093	2  40  27 
4093	2  35  44 
4095	2  47  31 
4093	6  16  15 
4097	2  10   3 
4097	2  29  38 
4095	6  43  42 
4099	2  16  25 
4099	2   2   3 
4097	6  41  34 
4101	2  23  31 
4101	2   9   3 
4099	6  46  39 
4103	2   5   3 
4101	6  44  43 
4105	2  12   3 
4103	6  34  26 
4103	6  21  15 
4103	6  31  30 
4105	6  47  46 
4109	2  37  25 
4109	6  15   3 
4111	2  46  44 
4111	2  24  25 
4113	2  46  31 
4109	6  41  34 
4113	6  26  18 
4115	2  46  43 
4115	6  15  14 
4119	2  19   3 
4115	6  30  23 
4117	6  46  41 
4121	2  10   3 
4117	6  44  36 
4121	6  24  22 
4123	2  45  46 
4123	2   2   3 
4125	2   9   3 
4121	6  27  26 
4123	6  42  35 
4127	2  24  32 
4127	2   5   3 
4125	6  46  45 
4129	2  16  18 
4129	2  30  36 
4129	6  40  33 
4131	2  24  45 
4131	2  12   3 
4133	2  16  23 
4131	6  36  29 
4135	2  40  38 
4133	6  19  11 
4137	2  30  31 
4133	6  13   6 
4135	6  15   9 
4139	2  33  19 
4139	2  30  43 
4139	6   5   4 
4141	2  33  20 
4141	2  16  29 
4141	2  44  38 
4143	2  33  27 
4143	2  16  31 
4137	6  47  46 
4143	6  43  28 
4145	2  11   9 
4147	2  47  26 
4147	2  10   9 
4149	2  24  26 
4149	2   2   9 
4149	6  44  35 
4151	2  15   9 
4153	2   4   9 
4149	6  47  40 
4151	6  27  13 
4155	2  16  28 
4151	6  32  31 
4155	6  11   3 
4157	2  44  31 
4157	2  33  27 
4159	2  44  45 
4121	6   7   0 
4157	6  16  14 
4161	2   3   1 
4161	2  40  19 
4157	6  42  35 
4159	6  31  30 
4163	2   3   0 
4161	6  45  44 
4165	2  10   1 
4163	6  40  26 
4167	2  43  30 
4167	2   2   1 
4169	2  26  20 
4169	2  45  40 
4169	2  15   1 
4167	6  12  11 
4171	2  43  44 
4169	6  24  17 
4173	2  26  13 
4171	6   2   0 
4175	2  39  24 
4175	2  26  27 
4173	6  44  43 
4177	2  17  19 
4177	6  41  32 
4179	2  10   2 
4181	2   0   2 
4179	6  37  23 
4183	2   4   1 
4183	6  46  40 
4185	2  23  18 
4187	2  35  30 
4187	2  11   9 
4189	2  23  37 
4189	6  40  19 
4191	2  35  43 
4191	2  15   2 
4193	2  23  29 
4193	6   3   1 
4195	2  39  25 
4197	2  19  24 
4197	2  45  40 
4195	6  43  35 
4199	2  17  20 
4199	6  45  40 
4201	2  19  25 
4201	2   4   2 
4203	2  11   3 
4201	6  35  29 
4205	2  44  46 
4205	2  11   2 
4193	6  21  14 
4203	6  26  20 
4207	2  44  45 
4203	6  24  23 
4205	6  41  34 
4209	2  32  30 
4207	6  35  21 
4211	2  40  26 
4211	2  31  30 
4209	6  13  11 
4213	2  36  23 
4213	6  40  26 
4215	2  17  11 
4215	2  35  30 
4217	6  22  10 
4217	6  37  31 
4219	6  47  40 
4223	2  10  18 
4219	6  27  20 
4223	6  43  38 
4225	2  17  20 
4227	2  26  11 
4223	6  22  21 
4229	2  10  31 
4229	6  34  27 
4231	2  39  18 
4233	2  38  46 
4233	2  10  22 
4235	2  32  29 
4235	6  12  10 
4237	2  39  31 
4239	2  44  47 
4237	6  28  15 
4241	2  19  18 
4241	2  38  45 
4241	6  40  32 
4243	2  37  29 
4245	2  35  29 
4243	6  15  10 
4247	2  40  46 
4247	2  26  20 
4245	6  44  37 
4249	2  24  27 
4247	6  42  28 
4251	2  32  23 
4251	6  18  12 
4253	2  28  23 
4253	2  40  45 
4255	2  38  47 
4255	6  29  23 
4257	2  18  27 
4257	2  44  46 
4259	2  40  47 
4259	2  44  45 
4255	6  42  35 
4259	6  26  11 
4261	2  43  29 
4263	2  44  47 
4265	2  24  10 
4265	6  45  42 
4267	2  18  10 
4263	6  29  22 
4265	6  33  26 
4269	6  16  11 
4271	2  45  46 
4273	2  45  42 
4271	6  34  20 
4275	2  24  30 
4275	2  45  47 
4275	6  15  10 
4277	6  39  36 
4281	2  24  23 
4277	6  20  12 
4283	2  26  11 
4283	2  36  29 
4283	6  46  38 
4285	2  26  10 
4287	2  12  11 
4285	6  42  21 
4289	2  39  25 
4289	2  12  10 
4287	6  34  27 
4291	2  32  25 
4291	2  17  11 
4291	6  45  36 
4293	2  17  10 
4295	2  16  11 
4291	6  47  40 
4293	6  31  25 
4297	2  16  10 
4293	6  27  20 
4297	6  47  45 
4299	2  19  25 
4297	6  36  28 
4299	6  10   9 
4303	2  39  27 
4303	6  36  22 
4305	2  26  10 
4307	2  47  34 
4307	2  12  10 
4309	2  39  25 
4309	6  29  15 
4311	2  32  27 
4311	2  17  10 
4313	2  32  25 
4311	6  47  45 
4315	2  16  10 
4315	6  27  25 
4317	2  45  29 
4317	6  12   3 
4321	2  22  31 
4319	6  44  43 
4323	2  26  12 
4323	6  10   2 
4325	2  44  31 
4327	2  24  38 
4329	2  18  30 
4325	6  40  33 
4329	6  15   9 
4331	2  37  40 
4333	2  46  40 
4333	2  36  31 
4331	6  19  11 
4335	2  47  40 
4335	2  45  30 
4333	6  34  27 
4337	2  11   9 
4337	6  46  43 
4339	2  11  27 
4341	2  26  10 
4343	2  22  25 
4345	2   3  12 
4345	2  46  40 
4345	2  24  21 
4347	2  18  23 
4347	6  40  38 
4349	2   3  10 
4351	2  17  12 
4347	6  36  28 
4353	2  17  10 
4353	2  36  38 
4353	6  26  20 
4353	6  23  22 
4355	6  39  37 
4355	6  17  11 
4359	6  34  26 
4361	2  17  29 
4363	2  17  30 
4361	6  39  32 
4361	6  45  44 
4361	6  12   4 
4365	6  30  15 
4367	6  46  34 
4371	2  16   4 
4371	6  31  25 
4373	2  16  10 
4371	6  37  36 
4373	6  40  27 
4377	2  45  31 
4373	6  22  21 
4375	6  11   2 
4379	2  32  46 
4379	6  36  21 
4381	2  32  19 
4383	2  18  27 
4381	6  16   9 
4385	2  43  46 
4385	6  20   4 
4387	2  21  16 
4387	2  47  46 
4387	2  44  36 
4389	2  32  30 
4389	6  17  16 
4391	2  34  46 
4393	2  37  46 
4393	6  32  26 
4395	6  28  16 
4395	6  43  37 
4395	6  46  45 
4399	6  33  19 
4401	2  28  36 
4401	6  23  17 
4403	6  36  21 
4407	2  17  32 
4405	6  41  27 
4409	2  46  32 
4409	6  22  17 
4411	6  47  44 
4415	2  26  11 
4415	6  29  28 
4417	2  16  31 
4417	2  47  41 
4417	2  26  20 
4419	2  24  19 
4419	6  45  40 
4421	2  18  17 
4423	2  25  31 
4425	2  36  45 
4425	2  18  19 
4425	6  47  41 
4427	2  36  28 
4427	2  16  32 
4429	2  36  15 
4429	2  25  32 
4431	2  39  23 
4431	6  36  28 
4433	2  39  45 
4433	2  22  23 
4433	2  26  10 
4435	2  24  38 
4435	6  41  20 
4437	2  28  21 
4437	2  31  32 
4437	6  45  37 
4441	2  20  17 
4441	6  33  32 
4443	2  22  37 
4443	2  20  19 
4443	6  17  11 
4447	2  45  32 
4449	2  45  30 
4449	6  34  18 
4451	6  45  29 
4455	6  25  11 
4457	2  45  47 
4457	6  16  15 
4461	2  44  32 
4457	6  35  28 
4463	2  39  36 
4463	6  17  16 
4465	2  44  30 
4465	6  39  34 
4469	2  29  16 
4461	6  20  19 
4467	6  44  43 
4471	2  18  32 
4471	6  34  27 
4473	2  22  36 
4473	2  39  38 
4475	2  18  30 
4475	6  43  35 
4477	2  24  40 
4479	2  39  40 
4477	6  27  19 
4481	2  44  32 
4475	6  21  15 
4481	6  15  10 
4483	2  44  30 
4485	2  24  32 
4481	6  35  28 
4483	6  41  40 
4487	2  19  17 
4485	6  44  37 
4489	2  28  16 
4489	2  39  32 
4489	6  27  26 
4491	2  22  17 
4493	2  24  30 
4491	6  45  40 
4495	2  19  10 
4493	6  42  28 
4497	2  40  25 
4497	6  27  20 
4499	2  29  45 
4501	2  29  15 
4499	6  18  17 
4503	2  42  45 
4503	6  21  15 
4505	2  26  38 
4507	2  40  27 
4507	6  45  31 
4509	2  17  16 
4509	2  42  21 
4509	2  26  41 
4511	6  21   9 
4513	2  40  38 
4515	2  26  32 
4515	2  40  41 
4515	6  45  43 
4517	2  22  10 
4517	2  40  32 
4517	6  26  19 
4521	2  45  47 
4519	6  29  22 
4523	2  26  47 
4525	2  17  31 
4525	6  46  44 
4527	2  17   9 
4525	6  22  15 
4525	6  26  19 
4529	6  17   9 
4531	2  39  30 
4531	6  26  25 
4535	2  37  16 
4537	2  44  23 
4537	6  40  26 
4539	2  22  23 
4539	2  37  31 
4541	2  24  16 
4541	6  43  29 
4543	2  24  31 
4543	6  46  45 
4547	2  11  23 
4543	6  41  27 
4549	2  44  45 
4549	2  29  23 
4549	6  34  19 
4551	2  44  36 
4549	6  39  32 
4551	6  23  17 
4555	2  46  40 
4553	6  44  43 
4557	2  46  41 
4557	2  25  30 
4559	2  34  40 
4559	2  37  23 
4561	2  44  47 
4561	2  24  23 
4563	2  33  17 
4563	2  46  38 
4563	6  43  29 
4565	2  34  41 
4565	6  18  16 
4565	6  39  38 
4567	6  33  27 
4571	2  29  16 
4571	6  45  44 
4573	2  32  18 
4575	2  32  31 
4567	6  48  41 
4573	6  29  22 
4577	2  45  40 
4577	2  25  18 
4575	6  10   9 
4579	2  29  44 
4579	2  25  31 
4579	6  40  34 
4581	2  29  36 
4583	2  22   9 
4581	6  18  11 
4585	2  29  16 
4585	2  46  33 
4587	2  40  39 
4587	6  30  18 
4589	2  40  33 
4587	6  15   9 
4591	6  46  39 
4593	2  30  44 
4593	2  26  18 
4595	2  30  36 
4595	2  26  11 
4597	2  43  44 
4597	2  29  15 
4597	2  39  38 
4597	6  24  11 
4599	2  43  36 
4601	2  45  48 
4603	2  30  16 
4603	2  45  46 
4603	6  26  18 
4605	2  30  15 
4607	2  40  38 
4603	6  43  35 
4607	6  21  16 
4609	2  39  26 
4611	2  45  33 
4613	2  35  21 
4613	2  18  31 
4613	6  33  27 
4615	2  45  38 
4615	6  28  15 
4619	2  40  26 
4617	6  44  38 
4621	2  35  28 
4621	6  40  26 
4623	6  37  22 
4627	6  47  46 
4629	2  32  23 
4631	2  25  23 
4629	6  44  36 
4633	2  39  24 
4635	2  37  46 
4635	2  26  24 
4637	2  33  38 
4637	6  43  29 
4639	2  39  31 
4641	6  38  33 
4643	6  29  21 
4647	2  38  44 
4647	2  17  33 
4649	2  43  46 
4649	2  18  23 
4649	6  34  33 
4651	2  30  46 
4653	2  38  29 
4651	6  25  17 
4655	2  45  40 
4655	6  30  28 
4657	6  39  25 
4657	6  48  34 
4661	6  43  35 
4663	2  38  30 
4665	2  25  23 
4663	6  48  47 
4667	2  26  31 
4669	2  39  44 
4669	6  30  29 
4671	6  45  33 
4667	6  42  35 
4675	6  36  28 
4677	2  33  24 
4679	2  33  31 
4681	2  37  45 
4681	6  34  32 
4681	6  23  17 
4683	6  45  37 
4687	2  26  17 
4681	6  42  28 
4687	6  28  22 
4689	2  45  32 
4691	2  45  48 
4691	6  27  25 
4693	2  22  37 
4695	2  36  37 
4695	6  45  39 
4695	6  23  22 
4693	6  48  41 
4697	6  42  35 
4701	2  23  32 
4699	6  41  27 
4703	2  45  30 
4705	2  43  46 
4705	6  23  18 
4707	2  47  44 
4709	2  43  37 
4709	6  47  40 
4711	2  18  27 
4711	6  44  35 
4715	2  39  25 
4717	2  38  46 
4717	2  18  25 
4717	6  36  23 
4719	6  27  11 
4723	2  45  29 
4725	2  23  32 
4725	2  45  46 
4725	6  43  36 
4727	2  23  11 
4729	2  23  25 
4731	2  39  44 
4731	6  23  18 
4733	2  38  37 
4735	2  39  47 
4735	6  44  37 
4737	2  39  24 
4739	2  33  17 
4741	2  23  37 
4741	6  47  26 
4743	6  37  30 
4747	6  33  17 
4749	2  45  44 
4749	6  36  29 
4753	2  39  31 
4753	6  16  11 
4755	2  40  37 
4757	2  35  37 
4757	2  39  33 
4759	2  29  32 
4761	2  29  16 
4761	2  38  32 
4763	2  23  26 
4765	2  18  30 
4765	6  40  39 
4767	2  23  24 
4767	2  18  26 
4769	2  23  31 
4763	6  43  35 
4771	2  39  36 
4773	2  39  46 
4773	2  43  36 
4773	2  18  24 
4775	2  45  32 
4775	6  29  16 
4777	6  26  18 
4781	2  38  29 
4783	2  16  25 
4783	2  43  46 
4785	2  39  44 
4785	6  23  18 
4787	2  37  36 
4787	2  39  32 
4789	2  43  44 
4791	2  16  30 
4791	6  39  25 
4793	2  16  23 
4793	6  44  36 
4797	2  38  39 
4797	2  16  24 
4797	6  33  26 
4799	2  45  29 
4801	2  37  46 
4799	6  17  16 
4803	2  38  30 
4805	2  45  39 
4805	2  37  36 
4805	2  18  26 
4807	2  44  46 
4807	2  33  31 
4809	2  38  23 
4809	2  33  26 
4809	6  43  36 
4811	2  17  31 
4813	2  38  24 
4815	2  45  30 
4817	2  44  43 
4817	2  17  26 
4817	2  38  31 
4819	2  46  43 
4819	6  25  23 
4821	6  37  36 
4821	6  46  45 
4825	6  32  24 
4827	6  45  44 
4831	2  23  29 
4831	6  40  26 
4837	2  37  24 
4839	2  23  39 
4841	2  37  29 
4843	2  36  24 
4845	2  46  25 
4845	2  36  29 
4847	2  23  30 
4847	2  46  32 
4849	2  37  39 
4851	2  45  24 
4853	2  23  25 
4853	2  38  40 
4855	2  37  30 
4857	2  36  39 
4857	6  24  23 
4859	6  38  36 
4865	2  45  29 
4865	2  24  32 
4867	2  44  23 
4869	2  46  31 
4869	6  43  28 
4871	2  38  30 
4873	2  45  39 
4873	2  24  31 
4875	2  37  25 
4875	2  46  40 
4875	6  28  22 
4877	2  37  32 
4879	2  38  25 
4881	2  44  29 
4883	2  22  23 
4883	2  44  39 
4885	2  45  30 
4887	2  22  29 
4887	2  37  31 
4889	2  24  40 
4891	2  38  32 
4891	2  23  29 
4893	2  44  30 
4893	6  39  25 
4895	6  30  22 
4899	2  45  39 
4899	6  25  24 
4901	2  37  40 
4903	2  44  39 
4905	2  30  24 
4905	6  46  44 
4907	2  30  22 
4909	2  23  24 
4911	2  38  31 
4911	2  23  22 
4911	6  46  40 
4913	2  29  24 
4915	2  29  22 
4917	2  45  32 
4919	2  38  46 
4919	2  24  22 
4921	2  45  31 
4923	2  40  32 
4923	2  45  46 
4923	6  37  29 
4929	2  30  39 
4931	2  40  31 
4931	6  36  22 
4933	2  40  46 
4935	6  46  25 
4941	2  30  32 
4943	2  23  39 
4945	2  30  31 
4943	6  44  36 
4947	2  23  32 
4949	2  37  39 
4951	2  30  25 
4951	6  45  44 
4953	2  23  31 
4955	2  23  25 
4957	2  37  32 
4959	2  24  39 
4961	2  37  31 
4963	2  24  32 
4963	6  45  38 
4969	2  38  39 
4971	2  37  25 
4973	2  24  31 
4975	2  38  32 
4977	2  24  25 
4979	2  38  31 
4981	2  39  32 
4983	2  38  25 
4985	2  39  31 
4987	2  39  25 
4989	2  32  31 
4991	2  32  25 
4993	2  31  25 
