   1	6  33  19 
   1	6  23  11 
   7	2  33  34 
   7	6  20  18 
   9	6  32  31 
   9	6  28  23 
  15	2  33  22 
  17	2  33  32 
  13	6  19  14 
  19	2  34  22 
  19	6  26  13 
  25	2  33  28 
  25	6  15   8 
  27	2  34  32 
  29	2  34  28 
  29	6  31  24 
  31	2  33  20 
  33	2  34  20 
  35	2  22  32 
  35	6  13  12 
  37	2  22  28 
  39	2  32  28 
  41	2  33  19 
  43	2  33  26 
  43	6  14  13 
  45	6  34  26 
  51	2  26  19 
  51	6  28  15 
  57	2  22  20 
  59	2  33  28 
  59	6  21  15 
  61	2  33  31 
  63	6  31  25 
  65	2  33  27 
  65	6  15  14 
  69	2  26  34 
  53	6  18  12 
  69	6  30  18 
  71	2  26  28 
  73	2  33  15 
  75	2  22  19 
  77	2  32  20 
  79	2  22  34 
  79	2  26  25 
  75	6   9   8 
  81	2  32  19 
  81	2  22  28 
  83	2  21  20 
  83	2  32  34 
  83	6  16   9 
  85	2  26  27 
  87	2  32  28 
  89	2  21  19 
  89	6  34  32 
  91	2  20  19 
  91	6  22  16 
  95	2  33  30 
  97	2  21  32 
  97	6  24  18 
  99	2  26  15 
 101	2  21  28 
 103	2  20  32 
 103	6  28  16 
 105	2  19  32 
 107	6  32  24 
 109	6  14   4 
 109	6  29  23 
 113	6  34  27 
 113	6  31  30 
 115	6  16  14 
 119	2  26  31 
 121	2  28  25 
 123	2  28  34 
 123	2  20  14 
 123	6  23  16 
 125	2  27  25 
 127	2  27  34 
 127	2  19  14 
 121	6   9   3 
 129	2  33  22 
 131	2  28  15 
 131	6  31  19 
 133	2  27  15 
 135	6  27  23 
 137	6  13   9 
 141	2  33  32 
 141	6  28  22 
 143	2  24  14 
 145	6  19   9 
 147	2  33  29 
 149	2  33  27 
 151	2  21  25 
 153	2  26  28 
 153	6  14  13 
 155	2  26  32 
 157	2  33  35 
 159	2  22   9 
 159	2  20  25 
 159	6  33  32 
 161	2  22  28 
 163	2  23   9 
 161	6  24  19 
 165	2  21  34 
 165	6   8   2 
 167	2  21  15 
 167	2  31  25 
 167	2  23  28 
 169	2  26  29 
 171	2  20  34 
 173	2  22  33 
 173	2  19  25 
 175	2  21   9 
 175	2  13  25 
 175	6  29  23 
 177	2  20  15 
 177	2  32  30 
 179	2  26  27 
 179	6  18   8 
 181	2  22  23 
 183	2  29  33 
 183	6  17  16 
 185	2  31  34 
 187	2  21  28 
 187	6  32  19 
 189	2  29  23 
 193	2  20   9 
 195	2  32  34 
 195	2  19  14 
 197	2  22  27 
 197	2  19  18 
 197	6  15  14 
 199	2  29  27 
 199	6  31  18 
 201	6  35  34 
 205	2  18  14 
 207	2  26  34 
 207	6   9   6 
 209	2  26  30 
 209	6  35  29 
 213	2  21  33 
 213	2  18   6 
 215	2  20  28 
 215	6  12   6 
 217	2  22  34 
 219	2  21  23 
 219	2  35  34 
 215	6  30  24 
 221	2  32  14 
 221	6  29  17 
 223	2  20  33 
 225	2  21  27 
 221	6  24  18 
 225	6  14  13 
 225	6  32  31 
 227	6  22  21 
 227	6  35  29 
 227	6  17  10 
 231	6  31  18 
 233	2  22  34 
 233	6  10   9 
 237	2  18  12 
 235	6  33  28 
 239	2  14   9 
 239	6  25  24 
 241	2  14  13 
 243	2  14  12 
 241	6  23  22 
 245	2  25  33 
 245	6  14   9 
 247	6  33  31 
 251	2  20  22 
 251	6   9   7 
 253	2  25  28 
 255	2  18  31 
 255	2  20  27 
 257	2  24  14 
 257	6  27  22 
 259	2  24  13 
 261	2  24  12 
 263	2  26  15 
 263	6  12   7 
 265	2  21  33 
 267	2  26  32 
 267	2  21  15 
 269	2  29  33 
 269	2  14  13 
 269	6  31  24 
 271	2  29  15 
 273	2  20  34 
 275	2  25  27 
 275	2  14   7 
 277	2  12  24 
 277	2  21  32 
 277	6  34  29 
 279	2  31  24 
 279	2  13   7 
 281	2  14  24 
 283	2  23  33 
 283	2  13  24 
 285	2  34  32 
 285	2  23  15 
 285	6  19   7 
 287	6  32  28 
 291	2  19  24 
 287	6  16   9 
 293	2   7   9 
 293	2  20  33 
 295	2  18  32 
 295	2  23  28 
 295	6  14   7 
 297	6  32  18 
 297	6  35  23 
 303	2  14  16 
 303	2  32  27 
 303	2  12  18 
 305	2  14   1 
 305	6  27  25 
 305	6  23  16 
 307	6   9   8 
 311	2  27  22 
 311	2  12  25 
 313	2  26   8 
 315	2  21   8 
 315	2  31  18 
 315	6  34  29 
 317	2  14   0 
 317	2  31  25 
 319	2  20  15 
 319	2   7  18 
 321	2  27  34 
 321	2  14  16 
 323	2  32  22 
 323	2  13  18 
 325	2  27  33 
 325	2  19  18 
 325	6  16   8 
 327	2  32  34 
 327	2  24  18 
 329	2  32  33 
 331	2  29  16 
 331	2   7  25 
 333	2  20  28 
 335	2  27  15 
 333	6  12   7 
 337	2  27  28 
 337	6  23  16 
 339	2  13  25 
 341	2  19  25 
 341	6  14   7 
 343	2  35  23 
 343	2  24  25 
 345	2  18  25 
 341	6  33  32 
 345	6  22  21 
 347	6  13   1 
 347	6  34  32 
 351	6  22  15 
 353	6  18   0 
 357	2  33  22 
 359	2  26  16 
 361	2  26  13 
 361	2  15  16 
 361	6  34  28 
 363	2  14  21 
 365	2  26  18 
 367	2  15  13 
 367	2  33  34 
 369	2  29  16 
 369	6  26  13 
 371	6  29  16 
 375	2  13   8 
 377	2  14  32 
 377	2  35  29 
 379	2  31  21 
 379	2   7  13 
 381	2  16  26 
 381	6  18  13 
 383	2  31  32 
 379	6  34  29 
 383	6  16   2 
 385	6  35  32 
 389	2  15  13 
 391	2  20  23 
 393	2  14  28 
 393	6  32  25 
 395	2  15   8 
 397	2   2  13 
 395	6  29  17 
 399	2  25  26 
 399	2   2   8 
 401	2  20  34 
 403	2  27  23 
 403	6  18   8 
 405	2  27  34 
 407	2  33  23 
 409	2  14  22 
 409	2  33  34 
 409	6  25  18 
 411	2   7  15 
 413	2   7   2 
 411	6  33  32 
 415	2  18  13 
 413	6  23  16 
 417	2  20  26 
 417	6  34  28 
 419	2  14  17 
 421	2   8  15 
 421	2  18  25 
 423	2  31  34 
 423	2  14  16 
 423	6  18  12 
 425	2  27  26 
 425	2   8   2 
 427	2  32  26 
 427	2  15   2 
 425	6  35  34 
 429	2  18  21 
 429	6  32  31 
 431	2  20  13 
 433	2   7  12 
 431	6  35  17 
 435	2  20  25 
 435	2   8  12 
 437	2  32  22 
 437	6  19  18 
 439	2  32  35 
 437	6   3   1 
 439	6  22  16 
 443	2   7  20 
 441	6  34  33 
 445	2   8  20 
 443	6  31  24 
 447	2   3  21 
 445	6   6   0 
 449	2  19  33 
 449	6  17   3 
 451	6  19   6 
 451	6  35  33 
 455	6   8   3 
 457	2  17  35 
 459	2  32  22 
 461	2   6   8 
 461	6  35  33 
 463	2  15  12 
 465	2  15  20 
 465	2   2  12 
 467	2  18  21 
 469	2  31  21 
 465	6  17  11 
 469	6   6   2 
 471	2  19  21 
 473	2  34  21 
 473	6  19  18 
 475	2   2  16 
 477	2  11   8 
 475	6  33  31 
 479	2  11  16 
 475	6  35  29 
 479	6  20   7 
 479	6   9   3 
 481	6  29  17 
 485	2  19  31 
 485	2   6   7 
 487	2  27  13 
 485	6   3   2 
 489	2  33  31 
 489	2  12   7 
 489	6  22  15 
 491	2  24  13 
 493	2  18  31 
 493	6   7   6 
 495	2   3  17 
 495	2  27  25 
 497	2   3  15 
 497	2  11  17 
 497	2  24  25 
 499	2  14  28 
 499	6  10   3 
 501	2  14  26 
 503	2  32  28 
 503	2  14  13 
 499	6  24  18 
 505	2  19   8 
 505	6  28  17 
 507	2  32  26 
 509	2  14  25 
 511	2  20  27 
 511	2  10  17 
 513	2  11  15 
 513	2  34  31 
 515	2  20  18 
 515	2  11  17 
 517	2   9  27 
 517	6  19  13 
 519	2  22  27 
 519	6   9   8 
 523	2  32  19 
 525	2  13  16 
 525	6  27  26 
 527	2   8  18 
 529	6  16  13 
 535	2  16  28 
 535	2  20  14 
 535	2  32  25 
 537	2  16  15 
 537	6  26  18 
 539	2  16  17 
 539	2   8  14 
 541	6  23   9 
 543	6  32  19 
 547	6  15  10 
 549	2  33  23 
 549	2  20  19 
 551	2   7  18 
 551	6  33  23 
 553	2   8  19 
 555	2  12  18 
 555	6  20  15 
 557	2   6  18 
 557	6  33  31 
 557	6  23  11 
 559	6  13   7 
 563	2  24  31 
 563	2  20  27 
 563	6  11   9 
 565	2  34  31 
 567	2  20  32 
 567	6  28  23 
 569	2   9   7 
 569	2  20  25 
 571	2  15  20 
 571	6  18   7 
 573	2  21  33 
 575	2  28  27 
 575	6  23  16 
 577	2  24  18 
 577	2   8  20 
 577	6  33  32 
 581	2   9  16 
 579	6  24   6 
 583	2   9  10 
 583	2  28  33 
 585	2  21  31 
 585	6   6   2 
 587	2  22  26 
 589	2  23  27 
 591	2   2  16 
 591	2  32  31 
 593	2   9  17 
 593	6  26  18 
 595	2   2  10 
 597	6  17   3 
 599	2  34  26 
 599	2  13  18 
 601	2  21  26 
 601	2  12  18 
 603	2  34  16 
 603	2   2   3 
 603	2  24  18 
 605	2  22  14 
 605	2  32  26 
 605	6   3   2 
 607	2  28  25 
 609	2  23  33 
 609	2  13  14 
 611	2   9  27 
 613	2  21  16 
 613	2   7  18 
 613	6  32  26 
 615	2  15  28 
 617	2  12  14 
 617	6  34  23 
 619	2  31  32 
 621	2  24  14 
 623	2  23  10 
 623	2   7  14 
 623	6  33  25 
 625	6  23  15 
 629	2  34  33 
 629	6  25  12 
 631	2  15   2 
 633	2  23  34 
 633	6  15   3 
 635	6  34  31 
 635	6  12   7 
 639	6  17   3 
 641	6  33  32 
 645	2  22  19 
 645	6   3   2 
 647	2  15  27 
 647	2  13  19 
 649	2  26  16 
 651	2   9   7 
 651	2  22  20 
 653	2  21  10 
 653	2  25  19 
 655	2  15   7 
 655	2  24  19 
 655	6  33  28 
 657	2  13  20 
 659	2  25  20 
 657	6  15   9 
 661	2  12  19 
 661	6  22  17 
 663	2  24  20 
 665	2  18  14 
 661	6  33  32 
 667	2  15  33 
 667	2  18  19 
 669	2  22  27 
 669	2  14  19 
 671	2  21   3 
 671	6  13   7 
 673	2  34  16 
 675	2  23  15 
 675	6  32  25 
 677	2  21  27 
 679	2  28  16 
 677	6  13   8 
 681	6  26  16 
 681	6  34  29 
 687	2  13  25 
 687	2  16  10 
 687	6  29  23 
 689	2  13  31 
 691	2  13  15 
 689	6   4   3 
 693	2  12  20 
 693	6  23  17 
 695	2  18  20 
 697	2  14  20 
 699	2  22   8 
 697	6  32  25 
 701	2  16   4 
 703	2  17  10 
 703	2  21   8 
 703	6  34  32 
 705	2  17   4 
 705	2  19  20 
 705	6  15   8 
 709	2  23  34 
 707	6  11   4 
 709	6  32  31 
 713	2  28  10 
 711	6  19   7 
 715	2  16  27 
 717	2  16  15 
 717	6  33  19 
 717	6  29  23 
 719	6  15  10 
 723	2  33  34 
 723	6  20  19 
 725	6  34  32 
 725	6  11  10 
 729	6  19  12 
 731	2  29  34 
 733	2  33  34 
 735	2   9  20 
 735	6  34  33 
 737	2  23   9 
 739	2  22  20 
 735	6  31  24 
 739	6   9   8 
 741	2  23  22 
 741	2  25  32 
 743	2  21  20 
 743	2  31  32 
 743	6  24  18 
 745	2  13   8 
 745	2  17  27 
 747	2  28  10 
 747	6  13   7 
 749	2  26  15 
 749	2  17  11 
 751	2  23  21 
 751	6  32  24 
 751	6  10   9 
 753	6  20  14 
 757	2  28  27 
 759	2  25  33 
 759	2  16  14 
 761	2  23  16 
 761	2  31  33 
 761	6   8   7 
 763	2  19  24 
 765	2  32  24 
 763	6  29  11 
 767	2  20  24 
 767	6   7   2 
 769	2  11  10 
 769	2  28  29 
 767	6  33  32 
 771	6  22  10 
 773	2  19  32 
 775	2  33  32 
 775	2  13  24 
 777	2   8  10 
 777	2  12  24 
 777	6  27  22 
 779	6   5   2 
 783	2  34  27 
 785	2  11   5 
 785	2   8  21 
 785	6  34  29 
 787	2  11  10 
 787	2  20  32 
 789	2   8  16 
 789	6  32  25 
 791	2  11  21 
 793	2  11  16 
 779	6  18  12 
 793	6   9   8 
 795	2  32  27 
 797	2  31  27 
 799	2  26   8 
 801	2  17  14 
 803	2  26  22 
 803	6  10   5 
 805	2  23  17 
 805	2  26  34 
 807	2  28  14 
 807	6  25  18 
 809	2  15   8 
 809	2  23  28 
 811	2  15  22 
 813	2   9  17 
 813	2  19  27 
 815	2  26  14 
 815	2  11  17 
 817	2   8  22 
 819	2  33  27 
 819	2  13  18 
 819	6  29  16 
 821	2  20  27 
 823	2  25  18 
 825	2  16  10 
 825	2  13  27 
 827	2  16   5 
 827	2  25  27 
 829	2  16  21 
 829	2  24  18 
 831	2  16  29 
 831	6  27  26 
 833	2  16  17 
 835	6  14  10 
 831	6  31  24 
 837	2  31  26 
 833	6  34  29 
 839	6  29  22 
 841	2  18  26 
 841	6   5   2 
 845	2  23  27 
 847	2  32  14 
 847	6  29  17 
 849	2  24  14 
 851	2  19  14 
 849	6  33  27 
 853	2  15  22 
 851	6   6   2 
 855	2  15  10 
 853	6  31  19 
 857	2  23  15 
 859	2   8  22 
 859	6  32  24 
 861	2   8  10 
 863	2  17  22 
 861	6  12   6 
 865	2  27  14 
 865	2  17  10 
 867	2  24  12 
 867	2  20  14 
 867	2  22  10 
 869	2  13  14 
 869	6  32  24 
 869	6  28  16 
 875	2   9  16 
 875	2  24  12 
 875	6  33  29 
 877	2  11  16 
 875	6  21  20 
 877	6  31  24 
 881	2  28  16 
 883	2  32  20 
 883	2  24  12 
 883	6  29  16 
 885	6  26  12 
 889	2   9  16 
 889	6  35  29 
 891	2  31  20 
 891	2  11  16 
 893	2   9  15 
 893	2  27  26 
 895	2  32  34 
 895	2  11  15 
 897	2  32  33 
 897	2  24  20 
 897	6  23  10 
 899	2  27  20 
 901	2  21  26 
 903	2  10   8 
 903	2  31  34 
 903	2  21  20 
 905	2  10  17 
 905	2  32  35 
 907	2   9   8 
 907	2  31  33 
 907	6  21  16 
 909	6  33  31 
 913	2  10  22 
 915	2  28  21 
 915	2   9  17 
 915	6  31  24 
 917	2  11   8 
 917	2  33  35 
 919	2  28  15 
 919	2  11  17 
 921	2  31  34 
 921	6  15  13 
 923	2  31  24 
 923	2  27  34 
 925	6  32  27 
 927	2  10  23 
 931	2  27  21 
 931	6  32  31 
 933	2   9  22 
 935	2   9  23 
 937	2  15  26 
 939	2  25  14 
 937	6  34  29 
 941	2  31  24 
 941	2  15  20 
 943	2  27  13 
 943	2  10   9 
 945	2  33  21 
 945	6  24  13 
 947	2  16  29 
 949	2  11  22 
 947	6  33  32 
 951	2  19  14 
 951	2  11  23 
 953	2  33  35 
 953	2  16  13 
 955	2  25  26 
 955	2  15  29 
 957	2  32  24 
 957	2  15  13 
 957	6  35  34 
 959	2  25  20 
 959	2  10  11 
 961	2  19  26 
 961	2   9  11 
 963	2  33  21 
 963	6  10   8 
 965	2  31  34 
 967	2  19  20 
 967	6  33  30 
 969	6   9   8 
 973	2  30  24 
 973	6  29  27 
 975	2  18  14 
 977	2  12  14 
 979	2  28  10 
 979	6  18  13 
 981	2  28  17 
 983	2  28  22 
 983	6  17  10 
 985	2  31  21 
 987	2  25  27 
 989	2  29  17 
 989	2  13  26 
 991	2  16  34 
 991	2  31  24 
 993	2  28  23 
 993	2  25  18 
 993	6  16  15 
 995	2  19  27 
 997	2  13  20 
 995	6  29  23 
 999	2  15  21 
 999	2  19  18 
 997	6  33  32 
1001	2  23  10 
1001	6  24  19 
1003	2  23  22 
1005	2  16  34 
1007	2  12  26 
1007	2  23  29 
1009	2  15  19 
1009	6  34  32 
1011	2  16  21 
1011	6  19  13 
1013	6  22  17 
1017	2  25  32 
1013	6  15   9 
1019	2  33  22 
1019	6  31  30 
1021	2  15  28 
1023	2  19  27 
1023	6  15  10 
1025	2  24  32 
1027	2  19  18 
1023	6  23  17 
1027	6  31  27 
1029	2  10  17 
1029	6  18  12 
1033	2  33  15 
1035	2  27  22 
1035	6  31  19 
1037	2  27  15 
1039	6  28  10 
1041	2  31  32 
1043	6  31  30 
1045	2  18  20 
1047	2   8  10 
1047	2  18  19 
1047	6  27  22 
1049	2  11  10 
1049	2  18  12 
1051	6  10   8 
1053	2  31  27 
1055	2  25  21 
1057	2  33  23 
1057	6   8   4 
1059	2  33  29 
1061	2  22  23 
1061	2  18  32 
1063	2  14  26 
1063	2  10  17 
1063	6  24  18 
1065	2   9  27 
1067	2  14  20 
1067	2  28  33 
1067	2  11  17 
1069	2  16  13 
1069	6  30  24 
1071	2  22  29 
1071	2  14  19 
1073	2  16  27 
1075	2  25  13 
1075	2  28  22 
1077	2  18  21 
1079	2  26  20 
1079	2  18  13 
1079	2   4  17 
1079	6  33  28 
1081	2  14  12 
1081	6  16  11 
1085	2  25  27 
1083	6  13  12 
1087	2  10  28 
1087	6  25  24 
1089	2  10  22 
1091	2  16  28 
1093	2  25  21 
1093	6  10   4 
1095	2  26  19 
1097	2  25  12 
1097	6  27  21 
1099	6  25  13 
1103	2  16  22 
1105	2  18  21 
1107	2  14  32 
1109	2  26  25 
1109	6  21  15 
1111	2  26  32 
1107	6  35  23 
1113	6  34  31 
1115	2  13  15 
1117	6  16   4 
1119	2  20  19 
1121	2  20  25 
1119	6  35  33 
1123	2  19  25 
1123	6  15   4 
1125	6  26  24 
1129	6  23   9 
1131	6  27  26 
1135	6   8   4 
1137	2  30  26 
1141	2  34  21 
1141	2  30  12 
1143	2  34  33 
1143	2  23  21 
1143	6  13   8 
1145	2  34  29 
1145	2  11  21 
1147	2  23  33 
1149	2  35  34 
1149	2  27  21 
1149	6  31  13 
1151	2  23  29 
1153	2  35  23 
1155	2  16  34 
1155	2  30  31 
1157	2  10  28 
1157	6  31  18 
1159	2  16  23 
1161	2  10  22 
1159	6  34  33 
1163	6  23  11 
1165	2  14  26 
1167	2  14  12 
1169	2  23  34 
1169	2  24  26 
1169	6  10   8 
1171	2  23  29 
1171	2  27  34 
1171	2  24  12 
1173	2  35  23 
1173	6  24  12 
1175	2  15  33 
1177	2  17  28 
1177	2  20  32 
1177	6   9   8 
1179	2  27  29 
1181	2  35  27 
1181	2  16  23 
1183	2  31  21 
1183	6  35  29 
1185	2  10  21 
1187	2  15  11 
1187	6  33  31 
1189	2  17  22 
1189	2  14  18 
1191	2  15  23 
1191	2  12  18 
1193	2  33  34 
1193	2  20  26 
1193	6  23  10 
1195	2  19  32 
1197	2  20  24 
1199	2  33  35 
1199	2  20  18 
1201	2  23  34 
1201	2  19  26 
1199	6   9   7 
1203	2  29  33 
1203	2  19  24 
1205	2  16  27 
1205	2  19  18 
1205	6  14   7 
1207	2  28  22 
1207	2  25  32 
1209	2  23  35 
1209	2  25  26 
1211	2  29  23 
1211	2  15  27 
1211	2  25  24 
1213	2  32  26 
1213	6  28  16 
1215	2  25  18 
1217	2  32  24 
1213	6  14  13 
1219	2  13  31 
1219	6  22  17 
1221	2  32  18 
1223	2  26  24 
1223	6  13   9 
1225	2  28  33 
1227	2  28  23 
1225	6  30  25 
1229	2   9  11 
1229	6  33  22 
1231	2   9  10 
1229	6  13  12 
1235	2  25  21 
1235	6  17  11 
1237	2  33  31 
1237	2  15  22 
1239	2   7  21 
1239	6  32  25 
1241	2  13  21 
1243	2  20  21 
1241	6  23  17 
1245	2  32  34 
1245	2  19  21 
1247	2  33  23 
1243	6   8   7 
1247	6  30  19 
1249	2  15  17 
1249	6  34  29 
1253	2  19  21 
1251	6  10   8 
1255	2  32  35 
1257	2  34  32 
1257	6  23  10 
1259	2  26  18 
1261	2  24  18 
1257	6  14   8 
1261	6  26  21 
1263	2  23  29 
1265	2  23  35 
1263	6  14  13 
1267	2  34  23 
1267	2  25  26 
1269	2   9  27 
1271	2  28  32 
1269	6  19  13 
1273	2   9  22 
1275	2  33  19 
1275	2   9  17 
1277	2  33  27 
1277	6  16  14 
1277	6  31  18 
1279	6  29  28 
1283	2  14  18 
1285	2  14  10 
1285	2  29  23 
1285	6  30  25 
1287	2  16  28 
1289	2  33  22 
1285	6  18  12 
1289	6  11   9 
1291	2  20  28 
1293	2  25  28 
1295	2  14  19 
1291	6  12   6 
1295	6  35  17 
1297	6   8   6 
1301	2  16  17 
1301	2  33  35 
1297	6  21  20 
1303	2   9   8 
1303	2  21  17 
1303	6  19  13 
1305	2   9  10 
1307	2  34  16 
1309	2  14  27 
1309	6  35  23 
1311	2   9  13 
1313	2   8  10 
1313	2  20  26 
1315	2  34  21 
1315	2   8  13 
1317	2  29  16 
1317	2  24  26 
1317	6  13   8 
1319	2  29  21 
1321	2  31  26 
1321	6  23  16 
1323	6  32  19 
1327	2  10   8 
1321	6  35  34 
1327	6  34  28 
1329	2  15  19 
1329	6  31  30 
1333	2  15  28 
1329	6  11   4 
1331	6  19   7 
1335	2  32  34 
1335	2  15  23 
1337	2  14  22 
1335	6   4   3 
1339	2  14  16 
1339	2  31  34 
1341	2   3   7 
1341	2  15  21 
1341	6  34  31 
1341	6  23  17 
1343	6  15   3 
1343	6  12   7 
1347	6  33  25 
1349	6  16   3 
1353	2  25  12 
1355	2   9  27 
1357	2  33  23 
1357	2  14  12 
1359	2  35  33 
1359	2   9  22 
1359	6  25  20 
1361	2  29  33 
1361	2   9   3 
1359	6  12   7 
1363	6  33  23 
1365	2   9   7 
1369	2  15  28 
1369	2  25  31 
1371	2  13  27 
1371	2  16  23 
1371	2  24  31 
1373	2  32  33 
1373	2  15  17 
1373	6  24  19 
1375	2  34  33 
1375	2  15  21 
1377	2  15  23 
1377	6  35  34 
1379	2  30  31 
1381	2  26  31 
1379	6  22   9 
1383	6  33  32 
1385	2  13   9 
1387	2  13   3 
1385	6  28  21 
1389	2  25  32 
1389	2  13   7 
1385	6  23  17 
1391	2  34  33 
1391	2  20  21 
1389	6  10   9 
1393	2  34  35 
1393	2  14  21 
1393	6  32  25 
1395	2  22  21 
1397	2  13  21 
1395	6  35  29 
1399	2  19  25 
1399	6  27  16 
1401	2  30  25 
1399	6   7   2 
1403	6  31  19 
1405	2   9  16 
1407	2   9  10 
1407	6  22  17 
1409	2  35  33 
1409	2   9   3 
1411	2  34  32 
1411	2   9   2 
1413	2  20  23 
1415	2   8  16 
1415	2  35  29 
1415	2  27  33 
1417	2  20  28 
1419	2   8  10 
1419	2  34  31 
1421	2  35  32 
1421	2   8   3 
1421	2  16  10 
1423	2  27  29 
1423	2   8   2 
1425	2  15  33 
1427	2  20  22 
1427	6  33  31 
1429	2  16   3 
1431	2  16   2 
1433	2  35  33 
1433	2  10   3 
1433	6  22  14 
1435	2  26  25 
1437	6  31  26 
1439	2  22  23 
1439	2  10   2 
1441	2  22  28 
1441	2   3   2 
1443	2  17  23 
1443	2  27  32 
1443	2  19  25 
1443	6   7   2 
1445	2  15  29 
1447	2  20  26 
1447	2  17  28 
1445	6  31  30 
1449	2  22  14 
1451	2  34  31 
1451	6  15  13 
1453	2  27  33 
1453	6  30  25 
1457	2  15  23 
1455	6  34  27 
1459	6  23   9 
1459	6  32  31 
1461	6  27  20 
1465	6  10   8 
1467	2  23  21 
1469	2  20  25 
1467	6  33  32 
1471	2  17  14 
1473	2  35  33 
1473	2  20  19 
1475	2  13  31 
1475	6  28  17 
1477	6  32  25 
1481	2  15  17 
1483	2  27  29 
1483	2  15  14 
1485	2  22  26 
1487	2  23   9 
1487	2  34  33 
1487	6  31  19 
1489	2  22  29 
1491	2  23  17 
1493	2  10  21 
1493	2  13  25 
1495	2  35  32 
1495	2  10   9 
1497	2  27  19 
1497	2  10  17 
1499	2  28  26 
1499	6  10   8 
1501	2  34  32 
1503	2  27  25 
1505	2  16  21 
1505	2  28  29 
1505	6  25  13 
1507	2  16   9 
1509	2  10  21 
1507	6  35  34 
1511	2  20  30 
1511	2  16  17 
1513	2  34  31 
1513	2  10   9 
1515	2  25  33 
1515	2  10  17 
1515	6  21  14 
1517	2  25  32 
1517	6  17  10 
1521	2  27  33 
1519	6  30  25 
1523	2  23  21 
1521	6  13   8 
1525	2  27  32 
1527	2  22  19 
1529	2  15  26 
1531	2  22   8 
1533	2  15  29 
1535	2  13  21 
1535	6  34  32 
1537	2   3  14 
1539	2  16  21 
1539	2   3   9 
1541	2  32  25 
1541	2   7  14 
1541	2   3  10 
1541	6  28  27 
1543	2   7   9 
1545	2   7  10 
1543	6  32  31 
1547	2  17  21 
1549	2  35  32 
1549	2  14   9 
1551	2  27  19 
1551	6  15   8 
1553	2  30  32 
1555	2  28  32 
1557	2  22  33 
1557	2   8  19 
1559	2  27  15 
1561	2  22  34 
1561	6  25  20 
1563	2  27  33 
1563	6  16   8 
1567	2  27  34 
1569	2  16  15 
1569	6  29  26 
1575	2  23  29 
1575	2  14  10 
1575	6  27  26 
1577	2   9  10 
1577	6  35  34 
1581	2   3  21 
1583	2  34  20 
1585	2  23  27 
1587	2  30  20 
1587	6  33  28 
1589	6  19  15 
1593	6  28  23 
1595	6  25  13 
1599	2  16  23 
1599	6  28  27 
1601	6  23  16 
1605	2  33  20 
1607	2  27  15 
1607	2  23  35 
1609	2  22  32 
1611	2  27  19 
1613	2  22  20 
1615	2  26  32 
1615	6  34  23 
1617	2  26  20 
1619	6  26  25 
1615	6  10   8 
1621	6  23  10 
1625	2  34  32 
1627	2  26  29 
1627	6  11   3 
1629	2  26  28 
1631	2  23  29 
1621	6  13   7 
1631	2  13  21 
1633	2  26  15 
1633	2  23  28 
1635	2  17  29 
1635	2  26  19 
1637	2  27  16 
1639	2  23  15 
1641	2  17  28 
1637	6  19  13 
1643	2  11  29 
1643	6  13   8 
1645	2  27  35 
1647	2  26  16 
1649	2  17  15 
1649	2  27  32 
1651	2  14  21 
1651	6  23  11 
1653	6  27  19 
1653	6   8   3 
1659	2  11   3 
1659	2  23  28 
1661	2  27  29 
1661	2  11  16 
1661	6   4   3 
1663	2  34  20 
1665	2  23  15 
1665	6  33  26 
1667	2  17   4 
1669	2  17  16 
1671	2  33  35 
1671	2  19  20 
1671	6  17   4 
1673	2  27  28 
1675	2  33  32 
1675	6  21  14 
1677	2  23  17 
1679	6  23  11 
1681	2   9  14 
1683	2  27  15 
1685	2  21  29 
1685	6  10   4 
1687	2  23  35 
1687	2  13  14 
1689	2  21  28 
1685	6  33  32 
1691	2  32  20 
1691	2  11  16 
1691	6  35  28 
1693	2  21  15 
1695	6  20  10 
1701	2  23  33 
1703	2  20  28 
1705	2  27  17 
1707	2  23  10 
1707	2  20  33 
1709	2  27  16 
1711	2  21  17 
1713	2  20  10 
1713	6  28  23 
1715	6  15   9 
1719	2  11  23 
1715	6  26  13 
1721	2  15  29 
1723	2  26  29 
1725	2  27  23 
1727	2  21  16 
1727	6  33  29 
1729	6  20  14 
1733	2  11  29 
1735	2  20  33 
1735	2  11  10 
1737	2  27  29 
1737	6  14  10 
1739	6  35  28 
1743	6  16   9 
1745	6  28  26 
1751	2  15  26 
1753	2  15  16 
1753	2  28  26 
1755	2  15  17 
1757	2  28  16 
1757	2  20  26 
1759	2  21  23 
1761	2  15   9 
1761	2  28  17 
1763	2  20  16 
1765	2  33  26 
1765	2  15  23 
1767	2  27  14 
1767	6  17  16 
1769	6  28  20 
1775	2  21  29 
1777	2  20   9 
1777	6  22  17 
1777	6  34  33 
1779	6  20   9 
1783	6  29  17 
1785	2  21  14 
1787	6  26  21 
1793	2  28  16 
1795	2  34  22 
1797	2  15  17 
1797	6  34  27 
1799	2   9  23 
1801	2  15  14 
1803	2  28  20 
1805	2  27  16 
1807	2  21  22 
1809	2   9  17 
1809	2  27  20 
1811	2  28  23 
1811	2   9  14 
1813	2  21  16 
1815	2  28  17 
1815	6  20  15 
1821	2  27  23 
1823	2  21  15 
1825	2  22  16 
1827	2  28  14 
1829	2  27  17 
1831	2  21  23 
1833	2  22  15 
1835	2  27  14 
1837	2  21  17 
1839	2  22  23 
1841	2  16  15 
1843	2  21  14 
1845	2  22  17 
1845	6  14   9 
1851	2  16  23 
1853	2  22   9 
1855	2  16  17 
1857	2  15  23 
1859	2  16   9 
1861	2  15  17 
1863	2  15   9 
1863	2  23  17 
1865	2  23   9 
1867	2  17   9 
