   1	6   3   1 
   1	6  23  18 
   7	2   9   3 
   9	2   9  13 
  11	2   9   7 
  13	2   3  13 
  15	2   9  19 
  17	2   3   7 
  17	2   9  14 
  19	2  13   7 
  21	6  19   9 
  15	6  22  17 
  13	6  15   5 
  21	6  16  15 
  27	2   3   9 
  27	2  19  18 
  27	6  16  12 
  29	6  14   4 
  35	2   3   4 
  35	2  19  17 
  37	2  13   9 
  39	2   7   9 
  39	6  19  18 
  41	6   7   1 
  41	6   9   4 
  47	2  13   9 
  47	6   2   1 
  49	2  18  12 
  49	6   9   8 
  51	6  18  12 
  33	6  15  10 
  39	6  20  15 
  45	6  16  15 
  55	6   9   3 
  57	2  12   7 
  59	2  12  10 
  61	2   9  19 
  61	2  12  16 
  63	2  13  19 
  63	6   7   2 
  65	6  19   9 
  69	6  12   2 
  61	6   5   0 
  63	6  21  15 
  69	6  15   5 
  75	2  19  17 
  75	2   7   8 
  77	2  19  18 
  77	2   7   9 
  79	2  13  17 
  79	2   2   3 
  79	6   6   5 
  81	2   4   8 
  83	2  13  18 
  83	2   4   9 
  75	6  20  15 
  81	6  16  15 
  85	2   8   9 
  85	6  18  12 
  87	2   2   0 
  89	2   2   1 
  87	6   9   4 
  91	2  19  18 
  91	2   2   6 
  87	6  15  10 
  93	2   7  17 
  93	6  14   9 
  95	2   7  12 
  95	6  21  15 
  99	2  13  18 
  97	6   6   2 
 101	6  19  17 
 101	6   9   8 
 101	6  15  10 
 107	2  17  21 
 107	2  14  19 
 107	6   8   3 
 109	2  17  15 
 111	2   6  16 
 113	2  14  12 
 113	6  23  21 
 115	6  12   8 
 113	6   5   0 
 119	6  21  15 
 121	2  13  23 
 123	2   9  19 
 123	2  17  12 
 119	6   6   5 
 125	2   9   8 
 125	2   5  15 
 125	6  18  12 
 127	6   9   8 
 127	6  21  16 
 131	6  23  18 
 133	2   7  12 
 133	6   9   4 
 135	6  16   6 
 139	2   9  19 
 141	2  14  12 
 141	6   5   1 
 143	2  17  16 
 143	2   9   4 
 145	2   8  12 
 145	6  19  14 
 147	6  17   7 
 151	2  14   4 
 153	2  17  18 
 153	2   7   5 
 153	6  14   9 
 155	2   7   2 
 153	6  21  15 
 157	6   7   6 
 159	2  19  18 
 159	6  15  10 
 163	2  13   7 
 165	2  13  23 
 165	2   6  10 
 167	2  17   7 
 169	2  17  23 
 169	6   9   7 
 171	6  17  16 
 175	2  19   9 
 167	6  10   5 
 175	6  10   6 
 177	2  13  17 
 179	2   8  18 
 181	2  14  12 
 177	6  21  20 
 181	6   5   1 
 183	2  16  17 
 183	2  19  23 
 183	2   8   9 
 185	2  14  18 
 185	2   7  12 
 185	6   4   3 
 187	2  19  17 
 187	2  10  20 
 189	2   5  10 
 189	6  13   7 
 189	6  22  20 
 195	2   7   6 
 195	2  14   9 
 195	6  22  17 
 197	2   7   2 
 199	2   7   1 
 197	6  11  10 
 201	2  13  18 
 203	2  16   6 
 203	2  13   9 
 205	2   7  17 
 205	6  19  14 
 207	2   5   7 
 209	2  11   7 
 211	6  12   2 
 211	6  23  19 
 217	2   3   2 
 217	2  16  12 
 219	6  18   8 
 219	6  11   1 
 225	2  18  19 
 225	2   3   8 
 225	2  16  11 
 227	2  18  22 
 227	2   3   9 
 227	6  11   5 
 229	2  23  19 
 229	2   2   8 
 231	2  23  22 
 231	2  13  19 
 231	6   4   2 
 233	2  16  17 
 235	2  11  16 
 233	6  19  13 
 237	2   4   9 
 235	6  23  22 
 239	2   3  13 
 237	6  16  11 
 241	2  19  23 
 241	2   8   9 
 243	2   1  11 
 243	6   8   4 
 243	6  23  18 
 245	6  11   6 
 249	2   8  13 
 251	2   7   6 
 251	6  18  14 
 251	6   4   3 
 253	6  12  11 
 257	2   4  14 
 257	6  23  22 
 259	2   8  14 
 261	2   3  13 
 259	6  16  11 
 263	2   9  13 
 265	2  18  12 
 265	6   9   3 
 267	2  18  16 
 269	2  22  12 
 269	6  15   5 
 271	2   9  14 
 271	6  18  12 
 273	6   9   3 
 277	2  22  16 
 279	2  23  18 
 279	2   9  14 
 279	6  15  11 
 281	2  19  18 
 283	2  13  14 
 281	6  22  21 
 285	2  12  11 
 285	6  14   4 
 287	2  12  17 
 289	2  21  11 
 291	2  21  17 
 291	6   7   3 
 293	2  14  18 
 291	6  15  10 
 295	6  23  17 
 297	6   6   1 
 301	2  17  16 
 301	6  19  13 
 303	6  21  11 
 307	2   8  18 
 309	2  10  12 
 309	6   3   2 
 311	2  17  21 
 311	2  10  11 
 313	2   6  12 
 313	6  15  10 
 315	2  17  23 
 317	2   2  12 
 319	2  15  17 
 319	6   2   1 
 321	6  17  13 
 325	2   6  11 
 327	2  17  16 
 327	6  13   7 
 329	6  22  16 
 333	2  13  18 
 333	2   6   7 
 335	2  17  21 
 335	6  11   6 
 337	2  17  23 
 335	6  14  13 
 339	6  23  22 
 341	2   1   6 
 343	2   2  12 
 341	6  14   9 
 345	2  15  17 
 345	2   1   7 
 347	2  13  23 
 347	2   2   6 
 347	6  21  16 
 349	2  14  18 
 349	2   2   7 
 351	2  19  18 
 351	2  12   6 
 351	6   9   4 
 353	2  11  17 
 355	2  12   7 
 355	6  23  19 
 357	2   6   7 
 357	6  17  16 
 359	6   6   1 
 363	2  13  17 
 365	2   6  16 
 365	6  19   9 
 367	6  12   2 
 371	6  23  19 
 373	2   8   9 
 373	2  12  16 
 375	2   4   9 
 375	6  12   2 
 377	2  14   9 
 379	2  19   9 
 381	2  23  18 
 381	2  12  16 
 381	6   6   1 
 381	6  14   9 
 383	6  22  18 
 383	6  15  10 
 387	6  12   7 
 389	6  18  14 
 393	2   6  16 
 395	2  13  14 
 395	6  11  10 
 397	2  23  18 
 399	2  22  18 
 397	6   8   7 
 403	2   7  17 
 403	6  14   4 
 405	2  12  16 
 407	6  10   6 
 407	6  17  12 
 409	6   8   4 
 415	2  11  13 
 417	2   7   8 
 419	2  14  12 
 421	2  11   7 
 423	2  14   8 
 423	6  17  11 
 425	6   9   8 
 429	6  19  17 
 431	6   7   6 
 435	2  19  14 
 435	6  23  22 
 437	2   7  13 
 439	2   8  12 
 439	6   2   1 
 441	2   8   9 
 441	2  17  12 
 443	2  22  12 
 443	6  19   9 
 445	2   7   6 
 447	6  22  12 
 449	6   3   2 
 453	2  17  19 
 455	2   3  13 
 455	2  23  22 
 455	6   6   1 
 457	2   9   8 
 457	2  18  22 
 459	6  19  17 
 461	2   3   1 
 463	6   8   6 
 469	2   8  13 
 469	6   2   1 
 471	2   9  19 
 471	2  12  17 
 473	2  23  17 
 473	6  14   4 
 473	6  11  10 
 475	6   7   2 
 479	2  14  13 
 479	6  16  10 
 481	2   2   4 
 483	2   3   4 
 481	6  13  12 
 485	2   2   6 
 475	6  24  23 
 481	6  24  19 
 487	2   8   7 
 487	2  18  17 
 489	2   9  13 
 489	2  22  17 
 489	6   6   2 
 491	2   9  19 
 493	6  13   9 
 495	2   3   2 
 491	6  22  17 
 493	6  24  19 
 497	6  16   6 
 499	2   8   4 
 501	2  13  18 
 503	2  11  12 
 503	2   8   2 
 503	6  22  18 
 505	6   9   7 
 509	6  22  16 
 511	2  14   9 
 513	2  14   4 
 511	6   7   2 
 515	2  13  17 
 517	2   6  12 
 517	6  23  19 
 519	2  10  12 
 517	6   9   3 
 521	6  11   1 
 523	2  22  23 
 525	2  13  18 
 527	2   1   3 
 527	6  22  12 
 527	6  24  19 
 529	6   3   1 
 533	6  19  13 
 535	2   3   4 
 535	2   6   1 
 537	6   5   1 
 533	6  22  20 
 537	6   4   3 
 539	6  23  19 
 543	2  12   2 
 543	2  10   5 
 545	2   9  19 
 545	6  15   5 
 547	2  12  13 
 547	6   3   2 
 551	2  12  16 
 547	6  23  22 
 549	6  19  14 
 553	2   6   2 
 553	2  12  17 
 553	2  20  15 
 555	2   9   3 
 555	2  12  18 
 555	6  10   0 
 557	2   8  14 
 559	2   9  13 
 555	6  21  20 
 561	2   8   3 
 561	6  21  11 
 563	2   8  13 
 565	2   0   2 
 565	6  19  13 
 567	6   6   2 
 567	6  17  16 
 571	6  19   9 
 573	2  11   6 
 575	2  22  12 
 575	6  15   5 
 577	2  13   7 
 579	2  13  14 
 579	6   4   2 
 581	2  19  17 
 583	6  18  16 
 585	2   2   7 
 587	2   5   6 
 587	6   8   2 
 589	2  19  18 
 589	6  22  16 
 593	2  13   3 
 595	2   8  14 
 595	6  24  22 
 597	2  13   9 
 599	2   8   3 
 601	2  19  24 
 601	2   8   9 
 601	6  17  12 
 601	6   6   2 
 603	6  23  19 
 607	2   6  12 
 603	6   9   4 
 609	2   9   7 
 609	6  18  16 
 609	6   5   0 
 615	2   9  14 
 615	2   5   7 
 615	2  18  23 
 617	2   6  16 
 617	2   9   3 
 617	6  24  18 
 619	2  11   7 
 619	2   9   4 
 619	6   1   0 
 623	2  13  12 
 625	2   8  12 
 627	2   1   7 
 627	2  17  23 
 627	6  14   9 
 629	2   2   7 
 629	6  11   5 
 629	6  18  17 
 633	6   9   8 
 635	6  16   6 
 635	6  24  18 
 641	2  16  17 
 641	6   8   6 
 641	6  24  23 
 647	2  11   6 
 647	2  13   8 
 647	6  23  21 
 649	2   5   6 
 649	2   9   8 
 651	2  14  12 
 653	2  18  16 
 653	2   1   6 
 653	6   9   8 
 655	2  21  16 
 655	2   2   6 
 655	6  24  23 
 659	2  13  17 
 659	2   7   6 
 661	2  18  13 
 661	6   7   3 
 663	2  14   9 
 661	6  22  16 
 665	6  18  13 
 667	2  11   7 
 667	6   9   4 
 671	2   5   7 
 671	2  23  22 
 673	2   1   7 
 673	6  18  16 
 675	2   2   7 
 677	2   3   7 
 679	2  21  16 
 679	2   6   7 
 679	6  13   9 
 681	6  22  16 
 681	6   6   5 
 685	6   4   3 
 687	2  11  13 
 687	2  23  22 
 689	2  11  12 
 691	2  16  22 
 691	6   7   3 
 697	2  11   7 
 693	6  18  17 
 699	2   8  18 
 699	6  21  11 
 701	2   9   8 
 703	2  14  18 
 705	2   9  14 
 705	6  12   6 
 705	6  23  21 
 707	6  14   9 
 711	2  23  18 
 711	6  11   7 
 713	6  23  19 
 717	2  12  13 
 717	6   3   1 
 719	2  14  19 
 717	6  21  16 
 723	2  12   6 
 725	2   3  13 
 725	6   6   1 
 727	6  18  16 
 731	2   7   8 
 733	2  12  11 
 733	2   3   1 
 733	6  18  14 
 733	6  22  21 
 735	6   7   3 
 739	6  22  17 
 741	2   3   9 
 743	2  14   8 
 745	2  12  16 
 745	2  14   9 
 747	2   7  11 
 747	6  19   9 
 749	6  11   7 
 753	6  18  17 
 755	2   3   9 
 757	2  14   9 
 757	6   7   3 
 759	2  11  16 
 759	6  18  14 
 761	6  21  16 
 765	2  14   8 
 767	2  17  12 
 767	2  14  19 
 767	6   8   2 
 769	2  17  11 
 771	6  18  16 
 773	6   3   1 
 777	6  18  17 
 779	2  14   9 
 779	6   6   2 
 783	2   8  13 
 785	2   8   3 
 785	6  16   6 
 783	6  23  19 
 787	6   8   4 
 791	2  17  16 
 791	6   2   1 
 793	2   8  13 
 793	2  17  23 
 791	6  10   5 
 795	6  17  13 
 797	2   4   2 
 797	6  15  10 
 801	2   8   3 
 801	6  23  22 
 803	2   7  12 
 805	2   8   2 
 807	2  15  17 
 807	6   8   4 
 809	2  16  22 
 807	6   5   1 
 811	6  17  15 
 813	6  14   8 
 817	2   5  15 
 819	2   7  11 
 819	6  18  14 
 819	6  22  21 
 821	6  11   7 
 825	2  18  22 
 827	2  14  18 
 827	6  16  11 
 829	2  13   9 
 827	6   3   2 
 829	6  23  22 
 833	2   6  12 
 831	6  14   9 
 835	2   6   7 
 835	6  18  17 
 837	6   9   4 
 841	2  16  17 
 841	6  23  19 
 843	2   8  12 
 845	2   8   7 
 845	6  17  16 
 847	2   9  19 
 849	2   4   9 
 851	2   6  16 
 851	6  18  14 
 853	6   4   2 
 857	2  13  12 
 853	6   5   0 
 859	2  14   4 
 859	6  16  12 
 859	6   1   0 
 861	6  14   9 
 865	6  18  17 
 867	2   9   3 
 869	6   4   2 
 871	2  18  14 
 873	2  11  17 
 873	6  19  14 
 875	2   1   2 
 875	2   8  12 
 877	2   1   3 
 877	2  11  16 
 879	2   9  14 
 879	2  21  17 
 879	6   6   2 
 881	2   4   9 
 881	2  21  16 
 883	2  17  16 
 883	6  19   9 
 885	6  10   6 
 889	2  18  19 
 885	6  21  16 
 889	6   3   2 
 891	2  15  10 
 891	6  19  14 
 893	6  15   5 
 897	2   3   9 
 897	6  19  18 
 899	2   8   9 
 899	6   2   1 
 901	6   9   8 
 905	2   5   1 
 903	6  17  16 
 907	2  13   7 
 907	6  10   5 
 909	2  13  12 
 911	2  13   8 
 913	2   5   1 
 913	6  18   8 
 915	6  10   6 
 919	6  19   9 
 921	2  11   7 
 923	2  11  12 
 923	6   5   1 
 925	6   9   3 
 925	6  16  12 
 931	2   2   8 
 931	6  21  11 
 933	2   4   2 
 935	2   3   2 
 935	2   9  14 
 925	6  23  18 
 937	2   6   8 
 937	2  21  23 
 939	2  19  14 
 939	2  17   7 
 941	2  13  14 
 941	2  17  16 
 941	6   4   2 
 943	2  17  23 
 943	6  19  14 
 947	2   2   6 
 945	6  23  17 
 949	2   9   4 
 949	6   6   2 
 951	2  14   4 
 951	6  23  21 
 955	2   3   2 
 953	6  13   9 
 957	6  16   6 
 959	2   9   4 
 959	2  23  19 
 961	6  23  19 
 963	2  12   7 
 965	2  12   6 
 961	6   9   4 
 967	2  11   7 
 967	2  19   9 
 967	6  22  21 
 969	2  11   6 
 971	2   7   6 
 969	6  13   9 
 973	2  22  23 
 973	6   3   2 
 975	2  12  17 
 977	2  11  17 
 979	2   9   3 
 979	6  22  12 
 981	6   9   3 
 985	2  12  13 
 985	2  22  23 
 987	2  14   9 
 987	2   7  17 
 989	2   4   9 
 989	6  17  11 
 991	2  19   9 
 989	6   2   1 
 993	6  14   9 
 995	2  17  23 
 995	2   6  11 
 997	6  16   6 
 997	6  23  18 
 999	6   9   4 
1003	6  18  13 
1003	6  11   5 
1009	2   2   8 
1009	2  22  18 
1011	2   6   2 
1011	2  17  18 
1013	2   1   2 
1013	2  12  14 
1013	6  23  22 
1015	2   3   2 
1017	2   4   2 
1015	6  13  11 
1019	6   4   2 
1019	6  24  23 
1025	2  13   8 
1027	2   9   4 
1027	2   7  11 
1027	6  18  17 
1029	6   8   6 
1035	2   8  13 
1035	2  16  11 
1035	6   2   1 
1037	2  24  14 
1037	2   5  11 
1039	2  18  14 
1039	6  11   5 
1041	6  14   4 
1045	2   7  17 
1045	6  10   5 
1047	2  19  14 
1047	2  16  17 
1049	2  12  14 
1047	6   4   3 
1051	2  24  14 
1051	2  11  17 
1053	2   8   6 
1053	6  17  16 
1055	2   7   3 
1057	6  13   7 
1059	2  10  16 
1057	6   4   3 
1063	2   2   7 
1063	2  18  14 
1065	2   2   6 
1065	2  13  14 
1067	2   3   7 
1067	6  19  17 
1069	2   1   7 
1071	6   3   1 
1073	6  24  14 
1077	2   1   6 
1079	2   9   7 
1081	2  17   7 
1081	6  14   4 
1083	2  12   7 
1085	6   6   2 
1087	2  19  14 
1089	2  19  24 
1089	6   9   8 
1085	6  17  12 
1091	6  17  11 
1095	2   3   2 
1095	6  14  13 
1091	6  24  23 
1097	6   7   3 
1097	6  16  10 
1101	6  18  13 
1103	2   4   3 
1103	6  11   1 
1105	6   9   3 
1109	2  17  18 
1109	6  11  10 
1111	2   8   2 
1111	2  17  23 
1113	2  13   9 
1113	6  23  21 
1115	2  12   2 
1115	2  14   9 
1117	2   1   2 
1117	6  13   9 
1119	6   3   2 
1123	2  19  13 
1125	2   4   3 
1125	2  16  18 
1127	2   9   3 
1127	2  16  21 
1127	6  18  12 
1129	6   9   3 
1133	2  11  12 
1135	2  14   9 
1135	2  11  21 
1137	2  19   9 
1137	6  16  12 
1139	6  19   9 
1143	2  16  21 
1145	2  17  13 
1147	2  17  19 
1149	2  12  13 
1151	2  11  13 
1153	6  13  12 
1149	6  22  21 
1159	2  13  19 
1161	2  16  12 
1161	6  19  18 
1167	2  22  12 
1169	6  13  11 
1175	2  13  18 
1177	2  16  18 
1179	2  22  18 
1181	2  12  18 
