   1	2  18  34 
   1	6  44  30 
   3	2  18   4 
   5	2  18  10 
   1	6  42  35 
   3	6  34  27 
   7	2  18  30 
   9	6  30  18 
   1	6  15   7 
   3	6  48  40 
   9	6  40  39 
  15	2  30  35 
  15	6  20   4 
  17	2  30  37 
  19	2  30  15 
  21	2  27  20 
  21	2  30  22 
  21	6  25  10 
  17	6  43  35 
  23	6  46  43 
  27	2  27  25 
  29	2  27  18 
  29	2  30  39 
  31	2  20  25 
  31	2  30  28 
  31	6  46  41 
  33	2  20  18 
  35	2  25  18 
  35	2  30  16 
  37	2  27  41 
  37	2  30  36 
  37	6  32  18 
  39	6  37  23 
  43	2  20  41 
  45	2  25  41 
  45	6  38  30 
  47	6  27  25 
  45	6  16  15 
  51	6  30  28 
  51	6  15  10 
  53	6  46  34 
  57	6  36  24 
  59	6  20  19 
  63	2  32  41 
  63	6  36  21 
  65	2  38  46 
  57	6   8   0 
  63	6  23  17 
  63	6   9   8 
  65	6  27  12 
  69	2  25  17 
  69	2  38  36 
  65	6  41  40 
  69	6  23  22 
  71	6  12  10 
  71	6  38  36 
  71	6  40  33 
  77	2  25  16 
  77	6  36  29 
  79	2  19  17 
  81	2  19  16 
  83	2  25  23 
  85	2  10  17 
  85	6  29  15 
  87	2  25  39 
  89	6  33  18 
  91	2  15   9 
  91	6  44  29 
  95	2  10  16 
  95	6  41  26 
  97	2  15  29 
  99	6  31  29 
 101	6  19  10 
 105	6  39  30 
 107	6  19  11 
 111	6  30  15 
 113	2  25  39 
 115	6  39  33 
 117	2  10  23 
 119	2  10  15 
 121	2  32  17 
 123	2  11  23 
 123	6  33  26 
 125	2  18  17 
 123	6  46  39 
 125	6  15   2 
 129	2  25  12 
 131	2  32  16 
 133	2  10  26 
 135	2  11   2 
 135	2  32  23 
 137	2  18  16 
 137	6   3   2 
 139	2  25  24 
 141	2  18  23 
 143	2  10  12 
 143	2  25  39 
 145	2  11  26 
 145	6   8   2 
 147	2  17  16 
 147	2  11  12 
 149	2  17  23 
 147	6  39  26 
 151	2  16  23 
 153	2  10  24 
 153	6  15   8 
 155	2  25  38 
 157	2  11  24 
 159	2  10  26 
 159	6  23  15 
 161	2  11  26 
 163	6  18   3 
 165	6  38  22 
 165	6   7   1 
 169	6  26  12 
 171	6  28   7 
 175	2  32  18 
 177	2  32  39 
 177	2   3  18 
 177	6  37  28 
 179	2  32  26 
 179	2  17  18 
 181	2  25   9 
 183	2  10  22 
 183	2  25  31 
 183	6  45  40 
 185	2  16  18 
 187	2  10   9 
 183	6   7   0 
 187	6  19  12 
 189	2  32  24 
 189	6  22   7 
 193	2  32  19 
 189	6  48  47 
 189	6   9   3 
 195	2  30  33 
 195	6  11   9 
 197	2  30  38 
 197	2  25  33 
 199	2  30  23 
 197	6  47  46 
 201	2   9   7 
 201	2  30  37 
 199	6  33  26 
 203	2   9   3 
 203	2  30  45 
 203	6  21   7 
 205	2  10  31 
 207	2  25  38 
 207	6  16   9 
 209	2  30  22 
 207	6   4   3 
 209	6  45  32 
 211	6  29  21 
 215	2  10  26 
 217	2  15  18 
 217	6  31  30 
 219	6  26  10 
 223	2  45  29 
 225	2  16  30 
 225	6  39  26 
 227	2  16  10 
 229	6  30  16 
 231	2  11  26 
 233	6  26  11 
 235	2  39  38 
 237	2  30  38 
 235	6  16  15 
 239	2  26  33 
 239	2  31  46 
 239	6  10   4 
 241	2  26  24 
 243	2  26  19 
 241	6  45  38 
 245	2  17  11 
 245	6  33  26 
 247	2   9  11 
 249	2  16  11 
 247	6  31  29 
 251	2  18  11 
 251	6   9   3 
 253	2  33  31 
 255	2  25  23 
 257	2  17  26 
 257	6  29  14 
 259	2  17  24 
 261	2  17  19 
 255	6  46  40 
 257	6   4   3 
 261	6  46  44 
 263	2  17  31 
 265	2  14   9 
 263	6  26  12 
 267	6  38  22 
 269	2   4  12 
 267	6  17   9 
 269	6  33  26 
 273	2  22  10 
 275	2  22  15 
 275	2  26  10 
 273	6  44  42 
 277	2   9  10 
 277	6  26  24 
 277	6  29  14 
 277	6  12   4 
 279	6  44  42 
 283	2  12  26 
 283	6  31  17 
 285	2  12  19 
 283	6  22   8 
 289	2  16   4 
 289	6  45  33 
 291	2   8   3 
 293	2  12  17 
 289	6  36  29 
 295	2  18   4 
 295	2  36  44 
 295	6  48  46 
 297	2  24  15 
 297	2  11   4 
 299	2  24   3 
 297	6  44  36 
 301	2  39  23 
 299	6  14   7 
 303	2  25  37 
 301	6  12   4 
 305	2  25  32 
 305	2  30  23 
 305	2   9  15 
 305	2  44  45 
 307	2  39  37 
 307	2   4  10 
 307	6  26  24 
 309	2   9   3 
 309	2  44  43 
 311	2  44  46 
 307	6  28  14 
 311	6   9   4 
 313	2  25  38 
 315	2  39  32 
 315	2  30  37 
 317	2  16  24 
 317	2  39  38 
 317	6  14   1 
 319	2  18  24 
 321	2  11  24 
 317	6  44  36 
 317	6  33  26 
 323	2  16  19 
 323	2  36  28 
 323	6  45  44 
 325	2  16  17 
 325	2  30  32 
 327	2  18  19 
 327	2   9  15 
 327	6  32  30 
 329	2  16  10 
 331	2  18  17 
 331	2   9   3 
 329	6  21  14 
 333	2  11  19 
 333	2  32  38 
 333	6  16   8 
 335	2  25  40 
 335	2  36  21 
 337	2  25  31 
 337	2  39  40 
 337	2  36  29 
 335	6   5   4 
 339	2   8  15 
 339	2  18  10 
 339	2  39  31 
 339	2  36  42 
 341	2  12  24 
 341	6  15   9 
 343	2  12  19 
 343	2  32  40 
 345	2  24  19 
 341	6  36  29 
 341	6  46  45 
 347	2  11  17 
 347	2  32  31 
 347	6  29  15 
 349	2  11  10 
 351	2  25  46 
 351	6   4   2 
 353	2  39  46 
 355	2  32  46 
 353	6  44  37 
 357	2   8   3 
 357	6  31  25 
 359	2  15   2 
 359	6  44  43 
 363	2  18   9 
 353	6  29  28 
 361	6  22  21 
 365	2  12  17 
 365	2  31  37 
 365	6  43  42 
 367	2  18   3 
 369	2  11   9 
 367	6  38  29 
 371	2  12  10 
 369	6  26  25 
 373	2  11   3 
 373	2  39  37 
 373	6  42  28 
 375	2  16  25 
 377	2  16  23 
 377	2  33  25 
 375	6  11   5 
 379	2  16  28 
 379	6  40  26 
 381	2  16  30 
 383	2  16  29 
 385	2  11  25 
 385	6  42  29 
 387	2  24  17 
 389	2  12   9 
 391	2  24  10 
 391	6  39  37 
 393	2  19  17 
 395	2  12   3 
 395	6  24  15 
 397	6  19  11 
 401	2  31  44 
 401	2  15   9 
 403	2  11  10 
 403	2  31  45 
 403	6  20  19 
 405	2  37  44 
 405	2  32  39 
 405	2  15   3 
 407	2  17  10 
 407	2  31  38 
 407	6  33  25 
 409	2  11   9 
 409	2  37  45 
 411	2  11   3 
 411	2  37  38 
 407	6  28  21 
 413	2  25  23 
 409	6  27  20 
 413	6  10   2 
 415	2  32  44 
 417	2  31  22 
 415	6  13  12 
 419	2  17   9 
 419	2  32  45 
 419	6  30  22 
 421	2  17   3 
 423	2   2   9 
 421	6  26  12 
 425	2  31  36 
 425	2   2   3 
 425	6  22  21 
 427	2  37  30 
 427	2   9   3 
 429	2  32  38 
 427	6  27  18 
 431	2  37  36 
 431	6  21  15 
 433	2  31  43 
 435	2  32  30 
 433	6  12   3 
 437	2  37  43 
 437	6  33  24 
 439	6  44  35 
 443	2  18  23 
 439	6   5   4 
 443	6  40  39 
 445	2  29  24 
 447	2  29  23 
 445	6  11   4 
 449	2   8  24 
 445	6  45  44 
 449	6  34  20 
 451	2  16   3 
 453	2   8  23 
 451	6  38  36 
 455	2  33  19 
 455	6  23  10 
 457	2  32  38 
 459	2  33  26 
 455	6  14   8 
 457	6  13  12 
 461	2  25  22 
 457	6  44  43 
 457	6  48  41 
 463	2  27  24 
 463	6   9   8 
 465	2  11  24 
 465	2  33  34 
 467	2  12  24 
 467	6  41  40 
 469	2  21  24 
 471	2  31  23 
 469	6  27  12 
 473	2  37  23 
 475	2  12  10 
 475	2  32  44 
 477	2  11  10 
 477	2  32  23 
 477	6  27  13 
 471	6  21  14 
 477	6  14   8 
 479	6  39  23 
 479	6  11   4 
 483	6   8   2 
 485	2  16  23 
 485	2  33  47 
 487	2  11  24 
 485	6  38  37 
 489	2  13  10 
 485	6  21  14 
 491	2   2  10 
 491	2  31  19 
 493	2  11  10 
 493	2  31  26 
 491	6  21  15 
 495	2  17  24 
 495	2  33  45 
 497	2  17  10 
 497	2  33  40 
 497	6  30  21 
 477	6  42  35 
 497	6  27  19 
 497	6  43  35 
 499	6  17   9 
 499	6  46  39 
 499	6  48  41 
 503	6  43  37 
 505	2   8  24 
 507	2   8  10 
 505	6  41  27 
 509	2  15  24 
 509	6  39  38 
 511	2  15  10 
 513	2  19  24 
 513	6   9   7 
 515	2  25  30 
 517	2  25  37 
 519	2  39  41 
 519	2  19  10 
 519	6  23  22 
 521	2  39  26 
 523	2  32  41 
 521	6  11   3 
 525	2  31  34 
 527	2  18  23 
 527	2  39  34 
 529	2  18  30 
 531	2  29  23 
 531	2  25  11 
 531	6  38  37 
 533	2  14  23 
 533	2  32  26 
 535	2  25  22 
 529	6  48  41 
 537	2  29  30 
 537	2  32  34 
 537	6  12   9 
 539	2  31  47 
 541	2  31  45 
 539	6  36  28 
 543	2   9  23 
 543	2  39  47 
 539	6  34  27 
 543	6  11   4 
 545	2  16  37 
 547	2  14  30 
 547	2  39  45 
 543	6  19  13 
 549	2  25  37 
 551	2   9  30 
 551	6  41  26 
 553	6  30   9 
 557	6  25  18 
 549	6  21  14 
 557	6  27  20 
 559	6  30  21 
 559	6   9   4 
 563	6  26  18 
 565	2  31  40 
 567	2  39  40 
 551	6  42  35 
 565	6  35  21 
 569	2  25  38 
 571	2  25   9 
 571	6  42  28 
 573	2  16  18 
 575	2  26  18 
 571	6  38  30 
 575	6  15   9 
 577	2  29  30 
 577	2  32  47 
 579	2  38  30 
 577	6  43  42 
 581	2  25  22 
 583	2  29  15 
 583	2  24  10 
 585	2  11  23 
 585	6  43  35 
 587	2  16  21 
 587	2  11   4 
 587	2  32  45 
 589	2  29  22 
 589	2  33  17 
 591	2  25  37 
 591	6  22  16 
 593	2  25  18 
 593	2  33  34 
 595	2  33  27 
 593	6  38  36 
 573	6   1   0 
 585	6   2   1 
 591	6   4   2 
 595	6  25  18 
 599	2  36  15 
 597	6  13   4 
 601	2  43  30 
 601	2  32  40 
 601	6  21  15 
 603	2  31  17 
 605	2  31  34 
 605	6  19  18 
 607	2  22  28 
 609	2  29  37 
 603	6  43  42 
 607	6   9   1 
 611	2  18  23 
 607	6  39  32 
 611	6  44  37 
 613	2  18   2 
 613	2  22  35 
 615	2   9  23 
 615	2  33  12 
 617	2  42  21 
 617	2   9   2 
 617	2  33  38 
 617	6  19  13 
 619	2  22  14 
 619	2  32  17 
 621	2  22  43 
 621	2  32  34 
 621	6  10   3 
 623	2  22  37 
 623	2  33  19 
 625	6  30  25 
 625	6  20   6 
 619	6   1   0 
 625	6  14   0 
 625	6  46  45 
 627	6   4   3 
 631	2  29  30 
 631	2  33  20 
 631	6  16  15 
 633	2  11  25 
 635	2  18  25 
 623	6  42  35 
 631	6  45  38 
 631	6  48  47 
 633	6  35  29 
 637	2   9  25 
 637	6  47  45 
 639	2  10  23 
 641	2  10   2 
 641	2   7  23 
 639	6  33  27 
 643	2  36  15 
 639	6  19  12 
 643	6  25  24 
 645	2  36  44 
 645	2   7   2 
 647	2  29  15 
 645	6  27  12 
 649	2  36  30 
 647	6   2   1 
 651	2  29  44 
 649	6  15   7 
 653	2  29  30 
 649	6  25  17 
 651	6  12   4 
 655	2   8  23 
 651	6  40  27 
 653	6  45  43 
 657	2  10  24 
 657	2   8   1 
 657	6  26  19 
 659	2  15  24 
 659	2   4   2 
 661	2  14  23 
 657	6  41  34 
 659	6  36  28 
 663	2  19  16 
 665	2  22  38 
 665	6  18  13 
 667	2  14   1 
 667	2  31  33 
 669	2  22  43 
 669	2  32  33 
 671	2  18  16 
 671	6  36  30 
 673	2  39  25 
 675	2  39  41 
 671	6  21  14 
 671	6  27  20 
 673	6   9   3 
 677	2  31  26 
 677	6  35  29 
 679	2   8  24 
 679	2  39  33 
 681	2  32  26 
 681	6  16  14 
 683	2  39  26 
 677	6  13   5 
 683	6   5   3 
 687	2  29  14 
 685	6  34  25 
 689	2  28  14 
 689	6   5   2 
 691	2  31  47 
 693	2  31  40 
 691	6  27  26 
 695	2  11  16 
 697	2   3  16 
 697	2  32  47 
 695	6  13   6 
 699	2   2  16 
 699	2  31  26 
 701	2  35  14 
 701	2  32  40 
 701	6  18  13 
 703	2   9  23 
 703	2  39  47 
 705	2   9   1 
 705	2  39  40 
 707	2  10  16 
 707	2  32  26 
 707	6   5   4 
 709	2  15  16 
 709	2  39  26 
 711	2   8  16 
 711	6  31  18 
 707	6  48  41 
 713	6   7   2 
 717	2  17  23 
 703	6  44  36 
 709	6  36  29 
 713	6  41  33 
 717	6  12   4 
 719	2  21  24 
 721	2  21  16 
 721	6  38  33 
 723	2  11   2 
 725	2   3   2 
 725	2  18  12 
 723	6  21  14 
 727	2   9  24 
 727	6  46  43 
 729	2   7   2 
 729	2   5  18 
 731	2  10   2 
 727	6  27  20 
 729	6  31  30 
 733	2  15   2 
 733	6  18  13 
 735	2   8   2 
 737	2  14   2 
 733	6  44  42 
 733	6  33  27 
 735	6  30  29 
 739	2  17   1 
 739	6  44  39 
 741	2   9  16 
 743	2  17  24 
 743	2   9   2 
 739	6  20  12 
 741	6  30  22 
 745	2  17  16 
 745	6  32  19 
 741	6   7   0 
 745	6  45  44 
 745	6   4   2 
 747	6  22   7 
 751	2  32  31 
 751	2  19  20 
 751	6  11  10 
 753	2  32  39 
 755	2  30  25 
 739	6  42  35 
 753	6  35  21 
 757	2  18  31 
 753	6   8   7 
 753	6  27  20 
 755	6  46  45 
 759	2  36  31 
 759	2  10   8 
 759	2   5  19 
 759	6  40  34 
 761	2   3   8 
 761	2  30  29 
 761	2  13  19 
 763	2   0   8 
 763	2  30  38 
 763	2  17   4 
 763	6  43  28 
 765	2  18  39 
 767	2  11   8 
 765	6  34  27 
 769	2  36  39 
 769	2  15   8 
 769	6  18   5 
 771	2   7   8 
 771	2  30  28 
 771	2  46  34 
 773	2  14   8 
 773	6  39  30 
 775	2   9   8 
 773	6  42  35 
 775	6  26  12 
 779	2   2  23 
 779	6  36  35 
 781	2   2   1 
 781	2  39  33 
 783	2  17   8 
 783	2  39  40 
 781	6  19  12 
 785	2  43  31 
 785	6  21   9 
 787	2  39  48 
 789	2  39  41 
 787	6  24  18 
 791	2  10   9 
 787	6  44  42 
 791	6  40  39 
 793	2  43  30 
 793	2   3   9 
 795	2   0   9 
 795	6  44  30 
 797	2  11   9 
 797	2  40  26 
 799	2  15   9 
 799	2  40  47 
 801	2  36  31 
 801	2   7   9 
 803	2  36  44 
 803	2   2  18 
 803	6  23  15 
 805	2  40  27 
 807	2  40  19 
 805	6   4   3 
 809	2  15   1 
 809	2  40  34 
 809	6  38  24 
 811	2  14   9 
 809	6  19  13 
 813	6   3   1 
 815	2  38  46 
 817	2  38  40 
 815	6  25  19 
 819	2   2  16 
 819	6  46  34 
 821	2  21   9 
 823	2   2   1 
 819	6  31  30 
 821	6  19  12 
 825	2  17   9 
 825	6  31  22 
 827	2   2   8 
 829	2   2   9 
 805	6  42  36 
 825	6  44  36 
 827	6  26  12 
 831	6  30  17 
 833	6   4   2 
 837	2  32  31 
 837	6  36  28 
 839	2  25  34 
 841	2  25  40 
 837	6  23  22 
 829	6   7   0 
 835	6  14   7 
 839	6  12   5 
 843	2  32  44 
 841	6   7   0 
 845	2  32  37 
 843	6  28  21 
 847	2  10  23 
 847	6  37  36 
 849	2  32  20 
 849	2  10  17 
 851	2  15  18 
 853	2   2  23 
 853	2  19  34 
 855	2  32  45 
 855	2  15  16 
 855	6  20   5 
 857	2   2  17 
 859	2  14  23 
 861	2  32  26 
 861	2  11  23 
 863	2  14  17 
 865	2  32  29 
 865	6   2   0 
 867	2  11  17 
 867	2  22  23 
 869	2  32  24 
 869	6  11   4 
 871	2   7  23 
 873	2  32  37 
 873	2  15   1 
 875	2  22  17 
 875	2  32  33 
 877	2   2  23 
 877	2  32  39 
 879	2   3  18 
 879	2  15   8 
 879	6  33  31 
 881	2   3  16 
 883	2   3   1 
 883	2  18  16 
 875	6  36  35 
 875	6  45  44 
 881	6  44  36 
 885	2  12  33 
 885	2  15   9 
 887	2  28  23 
 887	2  19  40 
 887	6   3   1 
 889	2  30  23 
 889	2  34  40 
 891	2  32  48 
 887	6  45  44 
 889	6  19  13 
 893	2   1   8 
 893	2  32  41 
 889	6  21  14 
 891	6  17  16 
 895	2  45  33 
 895	6  14   8 
 897	2  11  23 
 899	2  18   3 
 897	6  44  39 
 901	2  10   8 
 903	2   0   8 
 903	2  17   3 
 903	6  45  33 
 905	2  21   8 
 907	2   7  16 
 905	6   4   3 
 909	2  43  45 
 909	2  15  23 
 907	6  28  21 
 911	2   3   8 
 911	2  32  20 
 911	6  45  37 
 913	2  22   8 
 913	2  32  47 
 915	2   7   8 
 915	2  32  27 
 913	6  18  10 
 917	2  42  37 
 917	6  27  13 
 919	2   2  16 
 921	2   2   8 
 919	6  37  31 
 923	2  21  16 
 923	6  26  12 
 925	2  21   8 
 927	2  30  16 
 925	6  45  43 
 929	2  11  16 
 927	6   7   0 
 931	2  26  39 
 931	2  15  16 
 931	6  44  42 
 933	2  33  39 
 933	2   1   9 
 935	2  18  31 
 933	6  15  14 
 937	2  45  39 
 931	6   4   3 
 937	6  26  24 
 939	2  44  39 
 937	6  35  29 
 937	6  11   5 
 939	6  14   1 
 943	2  18  39 
 943	6  30  29 
 945	2  10  15 
 947	2  10   9 
 947	2  32  19 
 947	6   5   4 
 949	2  24  30 
 951	2  33  30 
 953	2  24  11 
 953	6  37  35 
 955	2  17  15 
 955	2  32  46 
 957	2  17   9 
 957	6  22   7 
 959	2  38  32 
 961	2  25  32 
 955	6  20   5 
 961	6   4   2 
 963	2  24  36 
 965	2  45  30 
 961	6  20  19 
 965	6  33  25 
 967	2  44  30 
 969	2  29   8 
 969	6  45  38 
 971	2  25  11 
 971	2   2   8 
 973	2  14  23 
 975	2  24  12 
 975	2   1   8 
 971	6  43  36 
 977	2  22  31 
 977	6  44  43 
 979	2  28  31 
 981	2  19  31 
 977	6   3   2 
 981	6  21   7 
 983	2  24  37 
 985	2  24  26 
 985	6  44  39 
 987	2  14  16 
 989	2  10  23 
 989	2  14   8 
 987	6  35  28 
 991	2  25  39 
 991	2   2  15 
 993	2  25  12 
 993	2  10  16 
 993	6  44  29 
 995	2   2   9 
 995	2  27  32 
 997	2  10   8 
 997	2  34  32 
 999	2  18  30 
 999	2  15   9 
1001	2  22  29 
1001	2  40  32 
1001	6  18  11 
1003	2  22  30 
1005	2  35  29 
1005	6  38  32 
1007	2  17  23 
1009	2  17  16 
1001	6  44  43 
1007	6  27  12 
1011	2  24  36 
1013	2  32  18 
1013	6  36  30 
1015	2  32  39 
1015	2  17   8 
1017	2  32  27 
1013	6  22  21 
1013	6  45  44 
1017	6   3   0 
1019	2  25  37 
1021	2  25  26 
1021	2  35  36 
1021	6  45  39 
1023	2  25  30 
1025	2   2  23 
1027	2  39  18 
1027	6  36  28 
1029	2  39  45 
1029	2  11  18 
1029	2   2  16 
1031	2  39  27 
1031	2  15  23 
1031	6  10   3 
1033	2  32  37 
1033	2  15  16 
1035	2  22  31 
1033	6  42  35 
1037	2  32  26 
1037	2   2   8 
1037	6  17   4 
1039	2  39  37 
1039	2  15   8 
1041	2  32  30 
1039	6  35  28 
1043	2  10  31 
1041	6  14   7 
1045	2  24  36 
1045	6  19  11 
1047	2   9  23 
1049	2   9  16 
1045	6  46  45 
1047	6  37  36 
1051	2  39  26 
1051	2   9   8 
1047	6  21  14 
1053	2  25  37 
1053	6  14   9 
1055	2  32  37 
1057	2  39  30 
1055	6  42  35 
1059	2   9  18 
1059	2  39  37 
1059	6  22  21 
1061	2  17  31 
1059	6   7   0 
1061	6  46  40 
1065	2  22  31 
1061	6  26  19 
1061	6  44  36 
1063	6  17  11 
1067	2  26  40 
1067	6  42  30 
1069	2  26  27 
1067	6  15   7 
1065	6   2   1 
1069	6  40  39 
1073	2  17  29 
1075	2  17  30 
1073	6  45  44 
1077	2  21  29 
1077	2  23  16 
1075	6  32  26 
1079	2  21  30 
1077	6  11   2 
1081	2  32  45 
1081	6  35  22 
1083	2  32  19 
1083	6  17   9 
1085	6  45  32 
1087	6  23  22 
1091	2  45  42 
1089	6  18  17 
1093	2  45  37 
1093	2  22   8 
1091	6  27  26 
1095	2  23  17 
1095	6  42  37 
1097	2   9  17 
1099	2  16   8 
1095	6  21  14 
1099	6  25  11 
1101	6  29  16 
1101	6   7   0 
1105	6  39  25 
1107	2  10  16 
1109	2   2  16 
1107	6  35  21 
1111	2  18  25 
1111	6  30  16 
1113	2  18  26 
1115	6  26  11 
1117	2  21  30 
1117	6   8   7 
1121	2  23  25 
1119	6  43  36 
1123	2  18  32 
1123	6  21   8 
1125	2  18  19 
1125	6  24  23 
1125	6  48  33 
1125	6  38  37 
1129	6  29  21 
1131	2  24  11 
1133	2   9  25 
1135	2  23  28 
1135	6  32  18 
1125	6  43  42 
1131	6  45  43 
1135	6   9   3 
1137	6  36  22 
1141	2  24  18 
1141	6  39  32 
1143	2  14  17 
1145	2  10  16 
1145	6  37  28 
1147	2   3  11 
1149	2  10  17 
1147	6  33  26 
1151	2   2  16 
1151	2  39  38 
1131	6  47  41 
1153	2  23  26 
1153	6  10   3 
1155	2  22  31 
1157	2  24  19 
1157	2  39  45 
1159	2  10  18 
1159	2  22  30 
1159	6  45  33 
1161	2   2  17 
1163	2   8  16 
1165	2  45  37 
1165	2  10  19 
1161	6  21  14 
1167	2  15  31 
1165	6  47  40 
1169	2  24  38 
1167	6  34  27 
1171	2   8  17 
1171	2  32  31 
1171	6  47  45 
1173	2  22  16 
1175	2  15  30 
1173	6  34  26 
1177	2  22  17 
1177	6  39  37 
1179	2  15  16 
1181	2  15  17 
1183	2  47  34 
1183	2  29  31 
1183	6  44  43 
1185	2  26  39 
1187	2  26  34 
1183	6  15   9 
1167	6  12   4 
1183	6  12  11 
1187	6  31  24 
1189	2  45  39 
1189	6   9   1 
1193	2  44  39 
1189	6  22  21 
1189	6  18  12 
1189	6  48  34 
1189	6   4   3 
1195	2  22  25 
1195	6  46  44 
1197	2   4  25 
1199	2  31  33 
1195	6   1   0 
1199	6  18  10 
1201	2  45  48 
1203	2  46  48 
1201	6   8   1 
1205	2  37  39 
1197	6  35  28 
1203	6  28  21 
1207	2  32  30 
1205	6  12   3 
1209	2  31  39 
1207	6  48  47 
1211	2  22  10 
1211	6  45  37 
1213	2   4  10 
1213	2  15  24 
1215	2  32  16 
1217	2  45  47 
1217	2  29  30 
1217	2  32  17 
1217	6   3   2 
1219	2  31  47 
1221	2  29  16 
1221	6  25  18 
1223	2  15  30 
1225	2  15  16 
1221	6  47  34 
1223	6   2   1 
1227	2  25  38 
1227	6  16  14 
1229	2  25  33 
1231	2  25  39 
1233	2  22   1 
1233	2  25  34 
1235	2   3  18 
1235	6  40  37 
1237	2   4   1 
1239	2   3  10 
1239	6  12   5 
1241	2  23  37 
1241	2   3   1 
1243	2  29  17 
1241	6  48  46 
1245	2   2  18 
1243	6  14   7 
1247	2  46  37 
1247	2   2  10 
1247	6  25  12 
1249	2   2   1 
1247	6  41  34 
1249	6  30  16 
1251	6   7   1 
1255	2  23  25 
1253	6  40  34 
1257	2  11  24 
1255	6  38  37 
1259	2  11  16 
1257	6   2   1 
1261	2  46  25 
1257	6  29  28 
1263	2  26  38 
1263	6  29  23 
1265	2  26  25 
1265	2  11   2 
1265	6  40  38 
1269	2  23  18 
1265	6  20  13 
1267	6   1   0 
1271	2  29  38 
1271	2  34  40 
1271	6  18   3 
1273	2  46  38 
1275	2  48  40 
1273	6  36  22 
1277	2  34  25 
1277	2   1   3 
1277	6  20  12 
1279	2  45  40 
1279	2  23  10 
1281	2  31  40 
1281	2   1  10 
1283	2  26  38 
1283	6  10   3 
1285	2  23   7 
1287	2   1   7 
1283	6  48  41 
1285	6  18  12 
1285	6  45  39 
1285	6  27  20 
1287	6  36  23 
1291	2  27  40 
1293	2  41  25 
1293	6  29  14 
1295	2  39  25 
1297	2  31  25 
1297	6  46  34 
1299	2   9  24 
1301	2  15  17 
1303	2  46  38 
1303	2   9  16 
1303	2  27  25 
1305	2  41  38 
1305	2  11  17 
1305	2   9   2 
1305	6  21  15 
1307	2  39  38 
1309	2  31  38 
1307	6  18  10 
1307	6  33  27 
1307	6   2   1 
1311	6  24  23 
1313	2  33  38 
1307	6  48  47 
1311	6  28  21 
1313	6   2   0 
1317	2  24  19 
1315	6  47  39 
1319	2  24  37 
1319	6  10   2 
1315	6  34  33 
1319	6  13   5 
1319	6  14   0 
1321	6  36  31 
1325	2   0   2 
1321	6  33  26 
1325	6  11   4 
1327	2  24  27 
1329	2  24  45 
1325	6  21  14 
1327	6   2   0 
1331	2  11  19 
1331	2  24  39 
1331	6  43  28 
1333	2   2   5 
1333	2  24  40 
1335	2  12  19 
1335	2  24  25 
1335	6   2   0 
1337	2  32  18 
1339	2  24  38 
1337	6  28  21 
1341	2  10  19 
1337	6  42  36 
1341	6  32  24 
1343	2   0  21 
1343	6  26  19 
1347	2   8  23 
1343	6  11  10 
1343	6  38  37 
1349	2  31  26 
1349	2   8  16 
1349	6  36  28 
1351	2  24   3 
1353	2  15  23 
1353	6  18   2 
1355	2  22  23 
1357	2  30  23 
1347	6  46  40 
1353	6  13   5 
1353	6  33  27 
1355	6  14   7 
1359	2  19  18 
1359	2  29  23 
1359	6  40  32 
1361	2  19  13 
1361	2   7   2 
1363	2  27  18 
1363	2   8   1 
1361	6  43  37 
1365	2  27  13 
1365	2  32  18 
1365	2  15  16 
1361	6  28  21 
1365	6   7   1 
1367	2  22  16 
1369	2  30  16 
1365	6  48  47 
1367	6  32  26 
1371	2  21   0 
1371	6  47  45 
1373	2  26  13 
1373	2   1   3 
1373	2  29  16 
1375	2   9  17 
1375	6  30  28 
1377	2   8  17 
1379	2  15   7 
1375	6  26  19 
1377	6  41  34 
1381	2  15  17 
1377	6  45  43 
1381	6  32  30 
1383	6  15   0 
1387	2  26  32 
1387	2  36  30 
1383	6  48  41 
1387	6  24  17 
1389	2  22   7 
1391	2  28   7 
1389	6  41  20 
1393	2  22  24 
1393	6  42  36 
1395	2  27  32 
1395	2  23  16 
1397	2  34  18 
1393	6   8   1 
1397	6  38  31 
1399	2  34  13 
1401	2  20  18 
1397	6  22  21 
1399	6   9   2 
1403	2  19  32 
1399	6  43  35 
1403	6  30  22 
1405	2  34  32 
1405	2  20  13 
1405	6  18  10 
1405	6  35  28 
1401	6   5   4 
1407	6  47  34 
1411	2  18  31 
1411	2  28  15 
1411	6   4   3 
1413	2  18  33 
1415	2  20  32 
1413	6  28   7 
1417	2  18  34 
1417	6  46  38 
1419	2   3  15 
1421	2  17  14 
1419	6  41  33 
1423	2  17  22 
1419	6  36  35 
1423	6  19  12 
1425	2   8  14 
1425	2  36  24 
1427	2   8  22 
1425	6  41  34 
1429	2  19  31 
1429	6  35  14 
1431	2  19  34 
1433	2  18  39 
1435	2  29  28 
1435	6  31  18 
1433	6  34  27 
1435	6  14   8 
1435	6  48  40 
1435	6  13   5 
1441	2  11  18 
1441	2  31  38 
1441	6  22   9 
1443	2  31  25 
1445	2  31  45 
1441	6  41  34 
1441	6  20  13 
1445	6  26  18 
1447	2  37  22 
1449	2  23  28 
1443	6   5   4 
1447	6   8   2 
1451	2  30  18 
1447	6  46  40 
1449	6  43  42 
1453	2  19  34 
1453	2   2  10 
1453	6  46  30 
1455	2  11  27 
1457	2   2   4 
1453	6  14   7 
1457	6  34  19 
1459	2  16  28 
1459	6  37  31 
1463	2  46  41 
1463	2  11  19 
1461	6  14   9 
1465	2  40  26 
1465	6  43  37 
1467	2   9  18 
1467	2  34  39 
1469	2   3  18 
1465	6  13   5 
1467	6  28  21 
1471	2  40  27 
1471	6  17   2 
1471	6  13  12 
1473	6  46  34 
1477	2  29  24 
1477	6  10   9 
1479	2  34  13 
1479	2  46  38 
1479	2  23  24 
1481	2  34  47 
1481	6  24  22 
1481	6  13   5 
1481	6  38  37 
1483	6  41  27 
1487	2  30   9 
1489	2  38  26 
1489	2  16  22 
1489	6   4   2 
1491	2  38  41 
1491	2  21  22 
1493	2  17  32 
1493	6  27  19 
1493	6  30  22 
1493	6  48  41 
1495	6  32  17 
1495	6   8   2 
1495	6   5   4 
1499	6  41  27 
1501	2  22   8 
1503	2  22  17 
1503	6   8   7 
1505	2  10  19 
1505	2  40  41 
1507	2  10   4 
1507	2  38  41 
1505	6  23  22 
1509	2   3  19 
1509	6  47  38 
1511	2   5  26 
1513	2   3   4 
1511	6  16   8 
1515	2  34  13 
1515	6  38  30 
1517	6  27  11 
1509	6  43  36 
1517	6   8   7 
1521	6  36  22 
1523	2  27  39 
1523	2  11   9 
1525	2  46  25 
1527	2  40  39 
1527	2  11   8 
1527	6  30  23 
1529	2  34  32 
1529	2  46  45 
1529	2  11  17 
1531	2  47  39 
1529	6  20  19 
1533	2  10  23 
1533	6  39  34 
1535	2  10  13 
1537	2  22   9 
1537	6  18  12 
1539	2  39  30 
1541	2  22   8 
1527	6  43  35 
1533	6  44  43 
1539	6  48  34 
1543	2  31  18 
1541	6  45  44 
1545	2  19  24 
1543	6  15   9 
1547	2  31  45 
1547	2  19  18 
1547	6  34  27 
1549	2  22  17 
1547	6  13   5 
1549	6  39  37 
1553	2  13  27 
1549	6   8   2 
1551	6  23  17 
1555	2  34  39 
1551	6  21  14 
1555	6  20  13 
1557	2   8  24 
1557	2  40  39 
1559	2   3  17 
1559	2  47  39 
1557	6  29  21 
1561	2  34  25 
1561	2   3   5 
1557	6  45  44 
1561	6  47  39 
1559	6   8   1 
1565	2   8  24 
1563	6  27  20 
1567	2  31  29 
1567	6  18   9 
1569	2  27  41 
1567	6  46  44 
1567	6  14   0 
1571	6  33  27 
1573	2   1   9 
1575	2   8   9 
1563	6   5   4 
1569	6   6   5 
1573	6  43  30 
1577	2  27  18 
1573	6  46  45 
1573	6  21  14 
1579	2  27  12 
1579	2  21  24 
1579	6  44  42 
1581	2  27  13 
1581	2  21   9 
1583	2  27   6 
1581	6  30  24 
1585	2  34  46 
1583	6  21   9 
1587	2  24  18 
1587	2  33  48 
1587	6  44  38 
1589	2  40  25 
1591	2  33  47 
1587	6  20  13 
1589	6  22   7 
1593	2  40  46 
1589	6  11  10 
1593	6  27  19 
1595	2  28  30 
1597	2  28  21 
1593	6  32  25 
1593	6  44  43 
1595	6  16  10 
1599	2  39  32 
1599	2  35  30 
1595	6   8   7 
1599	6  41  27 
1601	2  37  16 
1603	2  39  46 
1603	2  35  21 
1601	6   7   0 
1605	2  24  12 
1605	6  45  40 
1607	2  11  25 
1609	2  19  17 
1605	6  42  28 
1607	6   7   2 
1611	2  41  40 
1611	6  31  18 
1613	2  28  15 
1615	2  28   7 
1611	6  27  20 
1609	6   6   5 
1611	6  45  44 
1613	6  47  41 
1617	2  38  31 
1617	2  10  26 
1617	6  23  15 
1619	2  18  26 
1621	2  19   4 
1621	2  33  32 
1617	6  36  29 
1619	6  47  45 
1623	2  24  27 
1619	6   9   2 
1623	6  43  35 
1625	2  10  13 
1625	2  14  30 
1625	2  33  46 
1627	2  18  13 
1627	2  14  21 
1627	2  29  30 
1627	6  47  33 
1629	2  28  15 
1631	2  29  21 
1627	6   2   1 
1629	6  20  11 
1633	2  45  36 
1631	6  24  16 
1635	2  10  11 
1635	2  20  33 
1633	6  48  47 
1637	2  18  11 
1637	2  22  30 
1637	6  45  32 
1639	2  22  21 
1637	6  27  13 
1637	6  16   9 
1639	6  47  41 
1643	2  32  26 
1643	2  16  30 
1643	6   5   3 
1645	2  32  27 
1645	2  16  21 
1647	2  35  30 
1647	6  41  26 
1649	2   9   3 
1649	2  35  21 
1651	2   9  17 
1651	2  30  21 
1649	6  13   5 
1653	2  10  26 
1653	6  37  22 
1655	2  13  25 
1657	2  19  25 
1653	6  47  41 
1655	6   3   2 
1659	2  18  26 
1659	6  39  23 
1659	6  20  13 
1659	6  14   7 
1661	6  18  10 
1665	2  34  39 
1665	2  22   8 
1667	2  20  33 
1667	2   9   4 
1667	2  22  28 
1667	6  24  18 
1669	2  44  39 
1669	6  13   4 
1673	2  23  39 
1669	6   8   2 
1669	6  34  27 
1675	2   4  18 
1675	2  48  39 
1675	6  23  14 
1677	2   4   2 
1677	2  19  33 
1679	2  20  18 
1679	6  41  39 
1681	2  19  18 
1679	6   4   3 
1681	6  28  15 
1685	2  32  11 
1687	2  24  39 
1687	6  20   4 
1689	2  24  45 
1687	6  15   8 
1691	6  39  24 
1693	2   3   8 
1695	2   4   2 
1693	6  34  20 
1697	2  10  24 
1697	2  39  46 
1691	6  37  36 
1697	6  15   0 
1699	2  34  40 
1701	2  32  26 
1699	6  45  37 
1703	2   9  25 
1703	6  40  34 
1705	6   4   2 
1709	2  40  45 
1705	6  25  23 
1705	6  36  28 
1711	2  40  47 
1711	2  27  25 
1711	2   2   8 
1711	6  44  30 
1713	2  19   4 
1713	2  39  41 
1713	6  17   9 
1715	6  40  27 
1715	6  12  11 
1717	6  37  22 
1721	2  27  20 
1721	2  32  24 
1719	6   9   8 
1723	2  30  25 
1723	6  46  40 
1725	2  27  12 
1727	2  10  22 
1727	2  27  26 
1725	6  38  31 
1729	6  19  10 
1729	6  23  15 
1729	6  44  36 
1729	6  41  34 
1731	6  32  31 
1735	2  46  44 
1735	2  10   9 
1735	6  20   5 
1737	2  37  46 
1739	2  30  44 
1725	6   1   0 
1735	6  15  14 
1737	6  10   3 
1741	2  37  30 
1741	2  19  40 
1741	6  16  15 
1743	2  32  11 
1745	2  32  20 
1743	6  44  29 
1747	2  17  33 
1743	6   2   1 
1749	2  16  25 
1749	6  46  41 
1751	2  17  18 
1753	2  16  29 
1749	6   3   2 
1751	6  27  26 
1755	2  31  22 
1753	6  18  11 
1757	2  31  40 
1757	6  22  16 
1759	2  19  34 
1759	6  46  31 
1749	6   7   0 
1755	6   8   7 
1759	6  10   3 
1761	6  41  27 
1765	2  23  31 
1763	6  15   8 
1767	2  26  24 
1749	6  43  42 
1755	6  42  36 
1765	6  11   3 
1769	2  15  31 
1767	6  48  40 
1771	2  43  31 
1771	2  11  27 
1771	6  15   0 
1773	2  36  31 
1775	2  40  25 
1773	6  11  10 
1777	2  15  31 
1773	6  27  20 
1777	6  46  40 
1779	2  44  31 
1781	2  37  22 
1779	6  20  11 
1783	2  28  31 
1779	6   2   1 
1785	2  32  20 
1785	6  22   7 
1787	2  39  25 
1789	2  19  25 
1789	2  40  34 
1785	6  11  10 
1789	6  45  37 
1791	2   2  10 
1791	2  40  25 
1793	2  17   4 
1791	6  14   0 
1795	2  23  37 
1793	6  47  33 
1797	2   1  10 
1797	6  37  22 
1799	2  17   9 
1801	2  17  10 
1791	6  20  13 
1799	6  26  25 
1803	2  14  22 
1799	6  48  40 
1799	6   1   0 
1803	6  17  11 
1805	2  32  37 
1807	2  32  20 
1805	6   7   2 
1807	6  44  29 
1809	6  32  18 
1813	2  43  22 
1809	6  41  27 
1811	6   3   1 
1815	2  38  32 
1815	2  36  22 
1815	6  27  13 
1817	2  18   3 
1817	2  15  22 
1817	2  46  44 
1819	2  17  30 
1819	2  45  46 
1819	6  15   7 
1821	2  38  41 
1821	2  17   2 
1823	2  32  41 
1823	6  30  23 
1825	2  39  44 
1827	2  45  39 
1821	6  12   5 
1825	6   9   0 
1829	2  30  33 
1825	6  21  14 
1831	2  25  16 
1831	6  40  38 
1833	2  29  22 
1835	2  15  23 
1833	6  26  18 
1837	2  28  22 
1831	6   3   1 
1837	6  46  37 
1839	2  15   2 
1839	6  34  20 
1843	2  25  38 
1841	6  15   1 
1845	2  40  27 
1841	6  10   3 
1845	6  37  24 
1847	2  40  46 
1849	2  40  34 
1847	6  22  21 
1851	2  32  27 
1847	6  12   4 
1847	6   7   0 
1851	6  44  37 
1853	2  32  46 
1853	2  41  27 
1853	2   9  23 
1855	2  26  47 
1855	2   9   2 
1853	6  14   7 
1857	2  32  34 
1857	6   9   4 
1859	2  41  46 
1859	2  25  20 
1861	2  41  34 
1861	2  25  18 
1857	6  30  22 
1857	6  44  43 
1863	2  22   9 
1863	6  46  33 
1865	2  17  24 
1867	2  11  23 
1863	6  43  36 
1859	6   7   0 
1865	6  14   8 
1869	2  30  46 
1869	2  27  33 
1869	6  18   5 
1871	2  44  46 
1871	2  27  34 
1873	2  43  46 
1873	2  33  34 
1871	6  23   9 
1871	6  21  14 
1875	6  40  19 
1877	2  30  23 
1875	6  43  36 
1877	6   9   1 
1881	2  40  37 
1877	6  14   7 
1877	6   4   3 
1881	6  18  17 
1883	2  45  40 
1881	6  20  13 
1883	6  29  14 
1887	2  26  10 
1885	6  48  45 
1889	2  22  17 
1889	2  26  12 
1891	2  30  17 
1891	6  48  33 
1893	2  44  23 
1893	2  11   2 
1895	2  36  23 
1895	6  10   8 
1897	2  45  37 
1899	2  33  45 
1895	6  20  12 
1897	6  23  21 
1899	6  36  35 
1903	2  23  31 
1903	2  26  10 
1901	6  46  45 
1905	2  23   7 
1905	6  19   4 
1907	2  29  45 
1909	2  29  21 
1905	6  40  32 
1907	6  24  17 
1911	2  26  19 
1907	6   2   1 
1909	6  45  43 
1913	2   9  17 
1911	6  28  14 
1915	2  18  39 
1915	6  43  42 
1917	2  18  32 
1919	2   3  17 
1913	6   1   0 
1917	6  29  14 
1921	2  11  17 
1919	6  46  32 
1923	2  28  42 
1923	6  16   4 
1925	2  28  21 
1925	6  47  38 
1929	2  16  15 
1925	6  26  19 
1927	6  42  28 
1931	2  18  32 
1929	6   3   2 
1933	2  29  28 
1931	6  23  15 
1935	2  19   3 
1931	6  45  44 
1933	6  40  32 
1937	2  29  21 
1937	6  12   9 
1939	2  36  31 
1941	2  43  31 
1939	6  41  40 
1943	2  22   9 
1943	6  26  12 
1945	2  30   9 
1947	2  15  28 
1945	6  46  40 
1949	2  25  37 
1949	2  15  21 
1947	6  10   2 
1951	2  32  23 
1951	6  44  35 
1953	2  33  25 
1955	2  18  25 
1951	6  14   7 
1953	6   4   2 
1957	2  22  35 
1957	2  26  39 
1957	6  44  37 
1959	2  26  40 
1961	2  26  41 
1959	6  22   1 
1963	2  26  25 
1959	6  17  10 
1963	6  47  40 
1965	2   1   2 
1965	2  30  35 
1967	2  22  31 
1965	6  19   4 
1967	6   8   2 
1971	2  45  24 
1969	6  21  14 
1973	2  37  24 
1969	6  40  33 
1973	6   4   1 
1975	2  36  21 
1977	2  36  28 
1975	6  45  31 
1979	2   1   0 
1975	6  33  26 
1979	6  36  21 
1981	2   1  10 
1981	6  31  23 
1985	2  43  36 
1985	2  21  14 
1981	6  33  27 
1975	6  48  47 
1983	6  18   4 
1987	2  46  31 
1987	2  43  28 
1987	6  15   7 
1989	2  33  31 
1991	2  18  26 
1991	2  47  31 
1989	6  43  42 
1993	2  23   9 
1993	2  18  13 
1993	6  21  14 
1995	2  34  31 
1997	2  18   5 
1997	6  37  23 
1997	6  39  32 
1995	6   2   1 
1997	6  48  34 
2001	6  10   2 
2003	2  37  35 
2003	2  15  24 
2005	2  22  36 
2003	6  34  26 
2007	2  23   9 
2007	2  45  36 
2009	2  23  35 
2009	6  41  33 
2011	2  15   9 
2013	2  42  21 
2009	6  19  11 
2011	6  38  24 
2015	2  22  28 
2013	6   9   1 
2017	2  43  38 
2017	2  22  21 
2015	6  20  11 
2019	2  16  24 
2019	2  29  38 
2021	2  16   9 
2019	6  14   7 
2023	2  39  24 
2021	6  43  28 
2025	2  16  11 
2025	6  39  31 
2025	6   7   1 
2027	6  35  21 
2031	2  17  32 
2027	6  45  44 
2027	6  20  12 
2033	2  15  21 
2033	2  17  26 
2033	2  44  43 
2033	6  46  39 
2035	2  28   7 
2037	2  28  21 
2037	2  36  43 
2033	6  12   4 
2035	6  31  24 
2039	2  44  35 
2035	6  41  34 
2037	6  15   7 
2041	2  39  31 
2041	2  36  35 
2039	6  20  12 
2043	2  24   9 
2043	2  43  35 
2041	6  48  41 
2045	2  16   4 
2043	6  45  38 
2047	2  24  11 
2047	2  29  15 
2047	6  41  40 
2049	2  29  21 
2049	6  16   4 
2045	6   1   0 
2049	6  45  43 
2055	2  34  31 
2055	2   4  12 
2055	6  43  28 
2057	2  24  16 
2057	2   4   3 
2059	2  47  31 
2059	2   4   1 
2061	2  24  12 
2061	2  14  28 
2063	2  40  31 
2063	2  14  15 
2063	2   4   2 
2065	2  19  32 
2065	2  14  21 
2065	6  16   1 
2067	2  19  26 
2065	6  30  29 
2065	6  48  47 
2069	6  25  18 
2071	2  29   8 
2067	6  39  38 
2073	6  38  29 
2069	6  13  12 
2073	6  14   0 
2075	6  26  10 
2079	2  38  47 
2079	2  14  28 
2081	2  25  39 
2081	2  14  15 
2081	2  42  28 
2081	6  37  30 
2083	2  41  25 
2083	2  14  21 
2085	2  20  25 
2085	2  22  28 
2085	6  11   4 
2087	2  46  31 
2089	2  26  32 
2089	2  44  28 
2083	6   9   8 
2089	6  23  15 
2091	2  27  25 
2091	2  36  28 
2093	2  26  10 
2091	6  47  38 
2093	6  42  28 
2097	2  24   3 
2095	6  34  20 
2099	2  29   8 
2099	6  47  39 
2101	2  24  16 
2103	2  28  23 
2099	6   4   3 
2101	6  20  12 
2105	2  30   9 
2105	6  40  39 
2107	2  15   9 
2107	2  28  21 
2109	2   7   9 
2109	2  22  23 
2107	6  45  37 
2111	2  17  33 
2111	2  22  21 
2107	6  12   4 
2111	6   8   2 
2113	2  30  38 
2113	2  17  18 
2115	2  19  33 
2115	2  37  42 
2113	6  28  21 
2117	2   4   2 
2117	2  17  25 
2113	6  48  47 
2117	6  43  30 
2119	2  19  18 
2121	2  26  33 
2117	6  45  39 
2119	6  16   9 
2123	2  19  25 
2123	2  35  42 
2123	6  40  34 
2125	2  30  16 
2127	2  24   8 
2125	6  45  43 
2129	2  34  20 
2119	6   6   5 
2129	6  29  23 
2131	2  26  18 
2133	2  26  25 
2129	6   9   3 
2131	6  45  40 
2135	2  23   9 
2131	6  13   6 
2137	2   4   9 
2137	2  44  29 
2137	6  33  20 
2139	2  44  28 
2141	2  36  29 
2139	6  23  15 
2143	2  34  13 
2143	2  36  28 
2139	6   9   2 
2141	6  46  45 
2145	2  15   1 
2145	2  40  33 
2145	2  37  29 
2145	6  19   6 
2147	2  23  38 
2147	2  34  48 
2149	2  41  34 
2149	2  37  28 
2147	6  14   7 
2151	2  46  34 
2151	2  35  29 
2151	6  25  17 
2153	2  27  34 
2153	2  35  28 
2155	2  42  29 
2151	6  12   6 
2153	6  47  45 
2157	2   4   1 
2157	2  25  34 
2157	2  42  28 
2159	2  11  32 
2159	2  29  28 
2159	6  16  15 
2161	2  11  10 
2161	2  24  32 
2163	2  11  20 
2161	6  45  37 
2165	2  16  19 
2161	6  41  40 
2167	2   4  19 
2167	6  39  23 
2169	2  11  18 
2167	6  44  36 
2169	6  27  13 
2173	2  23  15 
2173	6  44  28 
2175	2  41  27 
2175	2  24  10 
2177	2  39  33 
2177	2  41  48 
2177	2  11  17 
2175	6   6   5 
2179	2  39  27 
2179	2   0  15 
2179	6  24  18 
2181	2  40  41 
2181	2   7  15 
2183	2  39  48 
2183	2  21  15 
2181	6  27  13 
2185	2  40  39 
2185	2  22  15 
2181	6  37  30 
2179	6  43  35 
2185	6  10   2 
2187	2  46  41 
2189	2  46  39 
2189	2  27  41 
2187	6  35  14 
2191	2  27  39 
2187	6  30  23 
2187	6   5   4 
2193	2  23   9 
2193	2  18  20 
2193	6  47  33 
2195	2  23  10 
2197	2  14   9 
2197	2  18  24 
2193	6  44  35 
2195	6  13  12 
2199	2  44  38 
2199	2  25  41 
2199	6  21   0 
2201	2  44  47 
2201	2  18  17 
2203	2  37  38 
2203	2  13  34 
2203	6  10   9 
2205	2  30  38 
2205	2  26  34 
2207	2  25  39 
2205	6  20  13 
2209	2  16   4 
2205	6  28  21 
2205	6   7   1 
2207	6  44  37 
2211	2  14   9 
2211	2   5   4 
2211	2  20  41 
2211	6  29  28 
2213	2  16   3 
2213	2  44  47 
2215	2  16   8 
2215	2   5   3 
2215	2  26  41 
2215	6  45  31 
2217	6  13  10 
2221	2  29  38 
2217	6  33  26 
2223	2  23   7 
2223	2  26  13 
2223	6  47  45 
2225	2  14   7 
2223	6  43  35 
2225	6  26  23 
2223	6  11   4 
2227	6   8   1 
2231	2  26  19 
2231	2  30  45 
2229	6   5   3 
2233	2  29  45 
2233	6  34  20 
2235	2  23   9 
2237	2  23   7 
2235	6  35  28 
2239	2  26  11 
2239	6  23   8 
2241	2  26   5 
2243	2  34  39 
2241	6  42  35 
2245	2  16  32 
2243	6  19  11 
2247	2  23  38 
2245	6   7   0 
2249	2  16   2 
2249	2  33  39 
2245	6  48  47 
2249	6  18  12 
2251	2   3   1 
2253	2  36  15 
2251	6  48  34 
2255	2  16  10 
2255	6  45  30 
2257	2  34  13 
2257	2  21  15 
2259	2   4  20 
2259	6  35  21 
2261	2  23  30 
2261	2  12  20 
2263	2  16  24 
2259	6  41  33 
2259	6   8   1 
2261	6  10   3 
2265	2  31  15 
2263	6  20  19 
2267	2  16  17 
2265	6  42  36 
2269	2  16  19 
2267	6  38  31 
2271	2  28  15 
2271	6  33  18 
2273	2  21  15 
2275	2  36  15 
2277	2   4  18 
2277	6  36  15 
2279	2  12  18 
2277	6  39  33 
2279	6  31  24 
2283	2  43  36 
2281	6  19   4 
2285	2  37  39 
2283	6  22   7 
2287	2  44  39 
2285	6  17   9 
2289	2  45  39 
2287	6  26  25 
2289	6  15  14 
2293	2  19  33 
2289	6  30  29 
2291	6  47  46 
2295	2  22  24 
2291	6  44  38 
2295	6  11   9 
2297	2  37  46 
2299	2  40  37 
2297	6  14   7 
2301	2  38  46 
2301	2  22  29 
2301	6  33  17 
2303	2  45  46 
2295	6  20  13 
2301	6  13   5 
2303	6  21   0 
2307	2  34  33 
2307	2  12  17 
2305	6  46  38 
2309	2  15   9 
2309	2  20  33 
2309	6  11   5 
2311	2   1   9 
2311	2  40  46 
2313	2  30  39 
2313	6  15   9 
2315	2  40  45 
2317	2  30  38 
2315	6  13   4 
2319	2  23  39 
2317	6  34  26 
2321	2   9  11 
2321	6  39  30 
2323	2   9   4 
2325	6  11   8 
2327	2  40  39 
2327	6  24  23 
2331	2   1   8 
2309	6  42  35 
2327	6  42  28 
2327	6  45  37 
2323	6  34  27 
2329	6  40  39 
2333	2  25  11 
2333	2  22  30 
2333	6   2   1 
2335	2  47  45 
2335	2  14  23 
2337	2  47  46 
2337	2  14  29 
2333	6  43  42 
2335	6  32  26 
2339	2   9  11 
2337	6  41  34 
2341	2   2   4 
2341	2  24  38 
2339	6  43  36 
2343	2  10  26 
2339	6   7   0 
2341	6  21  15 
2345	2  10   1 
2345	2  25  26 
2343	6  47  45 
2347	2  10   3 
2347	2  35  23 
2347	6   8   0 
2349	2  41  47 
2349	2  45  37 
2349	2  28  23 
2351	2  41  46 
2351	2  35  29 
2347	6  26  12 
2349	6   3   2 
2353	2  39  24 
2353	2  28  29 
2353	6  34  27 
2355	2   9  12 
2357	2   3  11 
2357	2  22  38 
2353	6  43  42 
2355	6  48  47 
2359	2  10  31 
2359	6  21   7 
2361	2  34  48 
2361	2   3  12 
2363	2  45  40 
2363	2  10   5 
2359	6  43  35 
2363	6  26  19 
2365	2  47  48 
2365	2  14  30 
2367	2  43  30 
2365	6   9   1 
2369	2  34  46 
2369	2  28  30 
2369	6  43  42 
2371	2  25   9 
2371	2  47  46 
2373	2   1   9 
2373	2  27  48 
2371	6  38  37 
2375	2   3   9 
2373	6  28  14 
2377	2  41  38 
2377	2  10  13 
2379	2  45  24 
2379	2  41  40 
2379	6   9   2 
2381	2  28  37 
2383	2  42  37 
2379	6  12   5 
2381	6  41  26 
2385	2  44  23 
2385	6   3   1 
2387	2  26  24 
2387	2  41  48 
2387	2  44  29 
2389	2  16  18 
2389	6  46  34 
2391	2  36  23 
2391	2  10  18 
2393	2  16  17 
2393	2  36  29 
2395	2  25   9 
2395	2  46  38 
2395	6  43  28 
2397	2  25  31 
2397	2   3   9 
2397	2  46  40 
2397	2  27  34 
2399	2  25  12 
2399	2   1   9 
2399	2  41  34 
2399	6  39  38 
2401	2  21  23 
2403	2  10  17 
2403	2  21  29 
2401	6  48  27 
2405	2  38  22 
2405	6  10   3 
2407	2  38  43 
2407	2  19  27 
2409	2  47  39 
2409	2  44  30 
2409	2  19  34 
2401	6   7   1 
2407	6  15   8 
2411	2  47  40 
2411	2  25  13 
2411	2  36  30 
2411	6  45  38 
2413	2  25  18 
2413	2  15  23 
2415	2  25  17 
2415	2  15  29 
2417	2  38  22 
2413	6  27  20 
2419	2  10  31 
2419	6  26  19 
2421	2  45  42 
2423	2  38  43 
2421	6  16   4 
2425	2  48  39 
2425	6  44  42 
2427	2  10  12 
2427	2  48  40 
2429	2  41  39 
2429	2   4  20 
2427	6  22   7 
2431	2  38  44 
2431	2  10  13 
2431	2  41  40 
2433	2  22  31 
2433	2  10  18 
2433	6  20   5 
2435	2  21  30 
2435	2  10  17 
2437	2  35  23 
2433	6   7   1 
2433	6  34  33 
2433	6  46  45 
2439	2  45  24 
2439	2   3   5 
2439	6  21  14 
2441	2  26  39 
2441	2  35  29 
2443	2  26  40 
2441	6  10   1 
2445	2  21  37 
2441	6  12   5 
2445	6  32  24 
2447	2  19  10 
2447	2  42  37 
2449	2  36  37 
2447	6  22  14 
2451	2  47  32 
2449	6   5   2 
2453	2  48  32 
2449	6  27  20 
2451	6  43  36 
2455	2  24   8 
2455	6  20   4 
2457	2  41  32 
2459	2  22  37 
2457	6   9   1 
2461	2  20  33 
2461	2  28  23 
2461	6  46  38 
2463	2  14   2 
2463	2  25  12 
2465	2   9  12 
2465	2  28  29 
2467	2  15  30 
2467	2  26  32 
2467	6  13  11 
2469	2  35  30 
2471	2  28  30 
2469	6  33  25 
2473	2  23  29 
2469	6   8   2 
2473	6  17  10 
2475	2  23  30 
2477	2  29  30 
2473	6  27  20 
2473	6  45  38 
2475	6  14   8 
2479	2  27  39 
2479	6  36  23 
2481	2   4   2 
2481	2  27  40 
2481	6  25  18 
2481	6  14   7 
2483	6   5   2 
2487	2  27  32 
2483	6  47  46 
2485	6  37  29 
2489	2   8  11 
2489	6  24  23 
2489	6  34  27 
2489	6  39  32 
2491	6   4   1 
2491	6  45  44 
2491	6  35  21 
2495	6  32  24 
2497	2  44  35 
2499	2  44  42 
2499	2  15  29 
2495	6  27  20 
2497	6  11   3 
2501	2  23  14 
2501	2  44  43 
2497	6  47  46 
2497	6   1   0 
2501	6  26  19 
2503	2   0  14 
2505	2  21  29 
2503	6  31  17 
2507	2  20   5 
2507	2  28  29 
2503	6  46  45 
2503	6  40  34 
2505	6  15   8 
2509	2  26  32 
2509	2  11  18 
2509	2  36  29 
2509	6  48  46 
2511	2  11  24 
2511	2  37  29 
2513	2  33  18 
2513	2  30  29 
2511	6  14   1 
2515	2  38  31 
2509	6  20  13 
2511	6  42  35 
2515	6  41  26 
2517	2  23  14 
2517	2  45  42 
2519	2  23  16 
2519	2   0  14 
2515	6  13  11 
2519	6  45  42 
2521	2   0  16 
2521	2  41  48 
2523	2  13  34 
2523	6  10   1 
2525	2  38  32 
2525	2  42  35 
2527	2  47  31 
2527	2  42  43 
2525	6  27  13 
2529	2  11  10 
2529	2  47  32 
2529	6  43  22 
2531	2   5  10 
2531	2  27  39 
2533	6  41  39 
2535	2  44  43 
2535	2   9  18 
2537	2  42  43 
2537	6  23  11 
2539	2  39  45 
2537	6  14   8 
2539	6  36  35 
2543	2  11  20 
2543	2  23   8 
2539	6  48  47 
2541	6  45  39 
2545	2  11  13 
2545	2  23  16 
2545	6  28  14 
2547	2  11   2 
2547	2  38  47 
2549	2  11   4 
2549	2  46  31 
2547	6  20   6 
2551	2  11  17 
2551	2  45  36 
2551	2  48  47 
2549	6   1   0 
2553	2  38  39 
2553	6  44  36 
2555	2  46  32 
2557	2  26  31 
2557	2  46  47 
2553	6  10   5 
2559	2  10   8 
2559	2  36  28 
2559	2  48  39 
2561	2  10  16 
2561	2  38  44 
2561	2  42  28 
2559	6  12   6 
2563	2  26  32 
2563	2  36  21 
2561	6   2   1 
2565	2  19  31 
2565	2  42  21 
2567	2  33  24 
2567	6   5   2 
2569	2  46  39 
2569	2  33  34 
2571	2  40  31 
2567	6  28  14 
2571	6  45  44 
2573	2   5  12 
2573	2   2   8 
2573	2  36  28 
2573	2  33  41 
2575	2   5  13 
2575	2   2  16 
2575	2  36  35 
2575	6  31  26 
2577	2   8  16 
2577	2  42  28 
2579	2  42  35 
2577	6   5   3 
2581	2  48  45 
2581	2  27  26 
2579	6   8   7 
2583	2  31  47 
2583	6  12  10 
2585	2  46  45 
2585	2  33  26 
2585	2  36  37 
2587	2  31  39 
2581	6  28  22 
2587	2  44  28 
2587	6  34  26 
2589	2  23  10 
2589	2  44  43 
2591	2   3   1 
2591	2  31  45 
2589	6  21  14 
2593	2  12  10 
2593	2  36  30 
2593	6  47  34 
2595	2   3   4 
2595	2  42  37 
2597	2   2  10 
2597	2  36  29 
2595	6  13  12 
2599	2   3  17 
2599	6  44  28 
2601	2  11   8 
2603	2  11   5 
2603	2   9  24 
2599	6  48  47 
2603	6  26  19 
2605	2   7  10 
2605	2  38  44 
2607	2   3   8 
2607	2  28  21 
2607	2  38  43 
2607	6  23  17 
2609	2   3   5 
2609	2  26  32 
2609	2  28  14 
2611	2  47  44 
2611	6   3   1 
2613	2  26  34 
2613	2  46  44 
2613	2  28  22 
2615	2  40  32 
2615	2  28  35 
2615	6  19  18 
2617	2  16  10 
2617	2  40  34 
2617	2  31  44 
2619	2  42  30 
2619	6   4   2 
2621	2  26  39 
2621	2  42  29 
2623	2  27  32 
2623	2  36  42 
2621	6  16  15 
2625	2  40  39 
2625	2  27  34 
2625	2  28  37 
2625	6   6   4 
2627	2  16  25 
2629	2  16   0 
2629	2  33  32 
2627	6  47  45 
2631	2  17  12 
2631	2  33  34 
2631	2  28  30 
2631	6  15   7 
2633	2  17   3 
2633	2  13  12 
2633	2  45  43 
2633	2  28  29 
2635	2  17   2 
2635	2   6  12 
2635	2  46  43 
2633	6  34  27 
2637	2  17  23 
2637	2  36  28 
2637	6  12   3 
2639	2  31  43 
2641	2  34  39 
2641	2  42  28 
2637	6   7   1 
2643	2  13  12 
2643	2  15   3 
2643	2  33  39 
2641	6  44  37 
2645	2   6  12 
2645	2  17   8 
2645	6  41  33 
2647	2   1   3 
2649	2  16   4 
2645	6  29  21 
2645	6  46  39 
2649	6   1   0 
2651	2  11  25 
2651	2  38  29 
2653	2  17   5 
2653	6  38  29 
2655	2  10   3 
2657	2   9  18 
2655	6  13   5 
2659	2  29  14 
2659	2  45  38 
2659	6  33  17 
2661	2  29  22 
2663	2  29  35 
2661	6   8   7 
2665	2  26  47 
2665	2  29  44 
2661	6   5   4 
2665	6  10   2 
2667	2  39  38 
2667	2  29  30 
2669	2  40  47 
2669	2  31  38 
2669	2  29  21 
2667	6   6   5 
2671	2   9  17 
2671	2  34  47 
2671	2  36  29 
2671	6  21  14 
2673	2   4  10 
2673	2  41  47 
2675	2   5  10 
2671	6  45  38 
2673	6  25  23 
2675	6  48  34 
2679	2   8  23 
2677	6  38  37 
2681	2   4  25 
2681	6   8   7 
2683	2  26  38 
2685	2  40  38 
2685	2  42  29 
2683	6  10   4 
2687	2  37  21 
2685	6  25  19 
2689	2  10   8 
2689	2  28  29 
2687	6  48  40 
2691	2   5  19 
2691	2  37  22 
2691	6  17   9 
2693	2  37  35 
2695	2  40  38 
2693	6  22  14 
2697	2  10  13 
2697	2  37  44 
2697	6  34  32 
2699	2  37  30 
2701	2  37  22 
2699	6   5   2 
2703	2  41  38 
2699	6  18  17 
2703	6  22  21 
2705	2   2   8 
2705	2  18  32 
2705	2  36  37 
2707	2  18  34 
2707	2  42  37 
2705	6  13   5 
2709	2  16  25 
2709	2  28  37 
2709	6   3   1 
2711	2  16  24 
2711	2  29  37 
2713	2  16  17 
2707	6  46  39 
2711	6  34  19 
2715	2  16   9 
2713	6  46  43 
2717	2  11   3 
2711	6  21  14 
2717	6   7   1 
2719	2  11   6 
2721	2  11  25 
2717	6  28  21 
2717	6  27  20 
2719	6  46  40 
2723	2   1   3 
2723	2  43  22 
2723	2  18  20 
2725	2   2   5 
2725	2  26  40 
2725	2  43  28 
2725	6  31  23 
2727	2  48  40 
2727	2  43  35 
2729	2  46  40 
2729	2  43  44 
2727	6   6   3 
2731	2  33  31 
2727	6  21  14 
2731	6  43  36 
2733	2   1   3 
2733	2  23  22 
2733	2  41  40 
2735	2  10  31 
2733	6  20   6 
2737	2  11  24 
2735	6  47  40 
2739	2  11  17 
2739	2  36  30 
2737	6  15   1 
2741	2  33  20 
2737	6  45  38 
2739	6   6   5 
2743	2  16  32 
2741	6  48  47 
2745	2  11   9 
2745	2  36  21 
2745	6  26  24 
2747	2  43  36 
2749	2  42  36 
2747	6   4   1 
2751	2  24  38 
2751	6  43  29 
2753	2   4  12 
2753	2  47  38 
2755	2   4   1 
2755	2  46  38 
2751	6  34  26 
2753	6  17  16 
2757	2  41  38 
2757	6  12   3 
2759	2  23  28 
2761	2  24  22 
2757	6  43  42 
2759	6  47  45 
2763	2   0   3 
2763	2  23  35 
2763	6  26  13 
2765	2   0   1 
2765	2  23  44 
2767	2  23  30 
2767	6   9   0 
2769	2  33  12 
2767	6  36  28 
2767	6  45  38 
2769	6  23  22 
2773	2   4  13 
2771	6  26  18 
2775	2  38  23 
2775	2  14  28 
2771	6  48  41 
2773	6   9   2 
2777	2  26  39 
2777	2  22  21 
2775	6  13  12 
2779	2  26  40 
2779	2  29  22 
2777	6   7   0 
2781	2  18   3 
2781	2  43  22 
2781	6  39  33 
2783	2   0   3 
2783	2  42  28 
2785	2  17  19 
2785	2  14  22 
2785	6   4   2 
2787	2  24  36 
2789	2  26  47 
2789	2  37  28 
2789	6  16  15 
2791	2   4  12 
2791	2  38  36 
2791	2  26  41 
2793	2  11  32 
2793	6  42  29 
2795	2   2   8 
2795	2  17   5 
2797	2  11  19 
2795	6  40  32 
2799	2  11   5 
2799	2  29  22 
2795	6  46  45 
2795	6  34  27 
2797	6   8   1 
2801	2  17  33 
2801	6  35  29 
2803	2  16  25 
2805	2   4   1 
2805	2  39  25 
2801	6  20  13 
2807	2  10  13 
2807	2  37  22 
2807	6  33  26 
2809	2  24  29 
2811	2  38  29 
2807	6  47  41 
2809	6   5   2 
2813	2  33  46 
2813	2  28  22 
2811	6  18  17 
2815	2   5   6 
2813	6  44  37 
2817	2  17   8 
2817	2   4   6 
2815	6  41  33 
2819	2  17  12 
2819	2   0   8 
2815	6  29  21 
2815	6  42  35 
2815	6  47  46 
2821	2  17   1 
2821	6  12   4 
2823	2  24  37 
2825	2  24  30 
2821	6  46  39 
2821	6  33  27 
2821	6  35  28 
2823	6   2   0 
2827	2  18  32 
2827	6  28  23 
2829	2   2   4 
2829	2  38  37 
2831	2   2   1 
2831	2  11  26 
2827	6  47  41 
2827	6  13   6 
2831	6  45  43 
2833	2   3   8 
2835	2   3   4 
2835	2  18  27 
2833	6  31  23 
2837	2   3   1 
2837	2  43  28 
2833	6  48  40 
2835	6  15  14 
2839	2  11  32 
2839	2  43  36 
2841	2   9  23 
2841	6  33  18 
2843	2  38  30 
2839	6  48  47 
2841	6  43  28 
2841	6  20  13 
2843	6   9   3 
2847	2  33  39 
2847	2  28  21 
2847	6  23  18 
2849	2  33  41 
2847	6  42  36 
2847	6  13   5 
2849	6   9   8 
2853	2  13  18 
2853	2  28  37 
2851	6  47  33 
2855	2  16  23 
2855	2   3   6 
2855	6  45  37 
2857	2  10   5 
2859	2  16  14 
2859	2   3   5 
2857	6  39  32 
2861	2  13   6 
2861	2  16   7 
2857	6  41  34 
2861	6  19  11 
2863	2  24  29 
2865	2  31  24 
2861	6  44  43 
2861	6   3   2 
2863	6  46  40 
2867	2  10  25 
2867	2  13   5 
2867	2  28  30 
2869	2  12  18 
2869	2  46  44 
2869	6  24  23 
2871	2  12   6 
2873	2   9   4 
2873	2  19  27 
2869	6  33  32 
2869	6  21  14 
2871	6  46  44 
2875	2  17  20 
2875	6  22  21 
2877	2  17  18 
2877	2  12   5 
2877	2   9   1 
2877	2  44  42 
2879	2   4   1 
2879	2  48  46 
2879	6  26  19 
2881	2  47  46 
2881	2  37  23 
2883	2  38  29 
2881	6   6   3 
2885	2  26  33 
2885	2  31  38 
2885	2  28  29 
2885	2  15  23 
2883	6  48  47 
2887	2   6  20 
2887	2  16  32 
2883	6  43  42 
2889	2  40  24 
2889	6  44  28 
2891	2  10  24 
2891	2  26  34 
2893	2  17   3 
2893	6  40  26 
2895	2  16  11 
2895	2  37  38 
2897	2  16   0 
2895	6  42  35 
2899	2   6  18 
2899	2  40  46 
2897	6  38  31 
2901	2   6   3 
2901	2  28  14 
2901	6  47  46 
2903	2  17   5 
2903	2  38  44 
2905	2   6   5 
2905	2  37  44 
2903	6  42  28 
2907	2  16  19 
2907	6  46  37 
2909	6  25  16 
2913	2  37  43 
2909	6  13   4 
2913	6  48  46 
2915	2   2  16 
2917	2   4  16 
2915	6  37  35 
2915	6  33  25 
2915	6  20  19 
2919	6  10   8 
2921	2  33  39 
2921	2  36  23 
2923	2  33  27 
2923	2  42  45 
2925	2  10  19 
2925	2  35  14 
2925	6  40  39 
2927	2  10  18 
2927	2  42  30 
2929	2  10   3 
2929	2  42  29 
2929	6  24  16 
2931	2  46  43 
2927	6  20   6 
2933	6  43  38 
2935	2   2  16 
2935	2  33  25 
2937	2   4  16 
2937	2  33  34 
2933	6  29  21 
2939	2  12  24 
2939	2  43  42 
2939	6  48  40 
2941	2  17  24 
2943	2  10   5 
2943	2  37  23 
2939	6  21  14 
2943	6  26  25 
2945	2  39  38 
2945	2  28  23 
2947	2  29  23 
2945	6   7   2 
2949	2  33  47 
2945	6  12  11 
2945	6  43  42 
2951	2  25  22 
2951	6  45  43 
2953	2   8  22 
2955	2   7  22 
2951	6   4   3 
2953	6  20  18 
2957	2  35  43 
2957	2  33  38 
2957	6   9   3 
2959	2  18  24 
2959	2  40  45 
2961	2  35  30 
2959	6  20   5 
2963	2   9  22 
2961	6  40  39 
2965	2   3  19 
2965	2  35  14 
2967	2  11  16 
2967	2  42  35 
2967	6  39  37 
2969	2   3   5 
2969	2  17  16 
2971	2  13  19 
2971	2   3   4 
2971	6  22  17 
2973	2  13   5 
2973	2  37  35 
2969	6   8   1 
2973	6  46  32 
2977	2  11  17 
2975	6  44  36 
2979	2  22  17 
2975	6  20   6 
2975	6   8   2 
2981	2  18  16 
2981	6  45  37 
2983	2  10  24 
2985	2   3   6 
2983	6  22  21 
2987	2  13   4 
2987	2  18  17 
2987	6  37  30 
2989	2  10  16 
2989	2  13   6 
2991	2  10  17 
2989	6  35  21 
2993	2   3  24 
2991	6  13  12 
2995	2   3  16 
2993	6  44  37 
2997	2  12  24 
2997	6   9   8 
2987	6  46  40 
2993	6  40  33 
2999	6  33  18 
2999	6  35  22 
3005	2  25   9 
3005	6  44  35 
3007	2  25  18 
3007	2   1   9 
3009	2  25  13 
3009	2   7   9 
3005	6  47  40 
3011	2   8   9 
3011	2  32  44 
3011	6  19  12 
3013	2   3  17 
3013	2  46  44 
3015	2  15  31 
3015	6  10   2 
3017	2  47  44 
3019	2  37  31 
3017	6  14   0 
3021	2  10  12 
3021	2  39  31 
3019	6  33  26 
3023	2  11   9 
3021	6  44  43 
3025	2  10   5 
3025	2  28  31 
3025	6   8   1 
3027	2  10   4 
3027	2  32  44 
3029	2  12   5 
3029	2  46  44 
3029	2  29  31 
3029	6  18  10 
3031	2  47  44 
3033	2  23  31 
3033	6  44  35 
3035	2   8  10 
3037	2   7  10 
3035	6  26  13 
3039	2   1  10 
3039	6  39  38 
3041	2  11  10 
3043	2  22   9 
3043	2  12   4 
3041	6  25  24 
3045	2   5   4 
3045	2  15  36 
3047	2  22  10 
3047	2  32  44 
3047	6   1   0 
3049	2  18   6 
3049	2  46  44 
3051	2  19  16 
3051	2  37  36 
3053	2  18  25 
3053	2  12   6 
3053	2  15  30 
3053	6   2   1 
3055	2  19  17 
3055	2   5   6 
3055	2  47  44 
3055	2  15  21 
3057	2  18  16 
3057	2  37  30 
3057	6  13   5 
3059	2  18  17 
3059	2  38  36 
3061	2  37  21 
3059	6   9   3 
3063	2  12  25 
3063	2  38  30 
3063	6  15  14 
3065	2   5   3 
3065	2  28  36 
3067	2   5  10 
3067	2  28  30 
3065	6  26  20 
3069	2  24  15 
3069	2   4   6 
3069	2  29  36 
3057	6  48  40 
3071	2  24  26 
3071	2   1   3 
3071	6  22  21 
3073	2   1  10 
3075	2   9   3 
3075	2  13  25 
3077	2  24  40 
3077	6  20   4 
3079	2  38  22 
3081	2  28  22 
3081	6  32  24 
3083	2   9  10 
3083	2  29  30 
3085	2  19   3 
3085	2  29  22 
3081	6  45  43 
3087	2  32  27 
3087	6  16   4 
3089	2  32  33 
3091	2  32  34 
3087	6  37  35 
3093	2   8  16 
3093	2  32  48 
3093	2  12   4 
3095	2   8  15 
3095	2  32  39 
3095	2  19  10 
3097	2   7  16 
3097	2  13   4 
3097	2  32  45 
3099	2   7  15 
3099	2  18   3 
3101	2   0  16 
3101	2  32  37 
3101	6  19  13 
3103	2   0  15 
3103	2  32  44 
3105	2  23  36 
3101	6   5   4 
3107	2  11  16 
3107	6  26  25 
3109	2  21  16 
3111	2   4  16 
3113	2   1  16 
3113	2  20  26 
3113	6  11   3 
3115	2   9  16 
3115	2  31  36 
3117	2  23  30 
3113	6   6   5 
3117	6   9   8 
3119	2  20   6 
3119	2  23  22 
3121	2   5  26 
3121	2  31  30 
3123	2   9  25 
3123	2   5   6 
3123	2  36  30 
3125	2   3  15 
3125	6  26  13 
3127	2  21  15 
3125	6  40  39 
3127	6   4   2 
3131	2  13   6 
3131	2  31  22 
3131	6  18  17 
3133	2   2  15 
3135	2   1  15 
3133	6  39  31 
3137	2  12  18 
3137	2   8  15 
3139	2  17  10 
3139	2  36  22 
3139	6   8   7 
3141	2  12  11 
3141	2  30  22 
3143	2  19  18 
3143	6  24  16 
3145	2  19  11 
3139	6  46  33 
3141	6  42  35 
3145	6  33  32 
3149	2  16   4 
3147	6  35  29 
3151	2  26  24 
3151	6  10   4 
3151	6  15   8 
3153	6  43  30 
3157	2  12   4 
3153	6  32  26 
3145	6  47  41 
3151	6  41  40 
3157	6  15   9 
3159	2  17  24 
3159	2  19   4 
3161	2  20  18 
3157	6   1   0 
3159	6  42  28 
3163	2   9  25 
3159	6  40  34 
3165	2  15  31 
3165	2  20  11 
3167	2  29  16 
3167	2  20   4 
3169	2  26  10 
3169	6  38  29 
3171	2   5  18 
3173	2   5  11 
3165	6  43  42 
3171	6  15   9 
3175	2  38  26 
3175	2   5   4 
3177	2  15  31 
3175	6  43  35 
3179	2  30  16 
3177	6  34  20 
3181	2  14  16 
3179	6   3   1 
3183	2  13  18 
3181	6  31  30 
3185	2  13  11 
3181	6  36  35 
3183	6  22  16 
3187	2  31  26 
3189	2  12  24 
3189	6  15  14 
3191	2  19  24 
3193	2   6  18 
3189	6  34  33 
3189	6   9   3 
3191	6  39  38 
3195	2  28  22 
3195	2  13   4 
3195	6  26  24 
3197	2  29  22 
3197	2   6  11 
3199	2   6   4 
3195	6   2   1 
3199	6  42  21 
3201	2  33  26 
3201	2  18  11 
3203	2   5  26 
3205	2   9  25 
3205	6  20  12 
3207	2   9  30 
3209	2  15  24 
3207	6  34  33 
3211	2  12  10 
3211	2  36  22 
3211	6  39  31 
3213	2  13  26 
3215	2  18   4 
3213	6  28  15 
3217	2  11   4 
3215	6  27  13 
3219	2  15  24 
3217	6  43  37 
3219	6  11   3 
3223	2  29  24 
3217	6  46  39 
3221	6  20   6 
3225	2  36  24 
3221	6  15  14 
3223	6  39  33 
3227	2  11  13 
3227	2  37  22 
3225	6   9   2 
3229	2  20  26 
3229	2  37  24 
3229	6  12  11 
3231	2  23  22 
3233	2  23  24 
3229	6  35  28 
3231	6  40  27 
3233	6  15   8 
3237	2  12  33 
3235	6  42  37 
3239	2   9  25 
3239	6  13  12 
3241	2   9  30 
3243	2  37  25 
3239	6  48  41 
3243	6   9   1 
3245	2  13  27 
3245	2  37  30 
3247	2  18  26 
3247	2  38  22 
3243	6   4   3 
3247	6  20  13 
3249	2   9  25 
3249	2  28  22 
3251	2   9  30 
3251	6  48  34 
3253	2  38  24 
3253	2  21  22 
3255	2  16  22 
3253	6  19   4 
3253	6   1   0 
3255	6  31  24 
3259	2  20  41 
3255	6  46  45 
3257	6  29  21 
3261	2  20  34 
3261	2  24  11 
3259	6   9   1 
3263	2  19  26 
3263	2  28  31 
3265	2   9  25 
3261	6  47  46 
3265	6  12   4 
3267	2  29  31 
3269	2  16  31 
3267	6  47  34 
3271	2   9  30 
3273	2  20  34 
3273	2  22  31 
3273	6   4   1 
3273	6  44  43 
3275	6  33  24 
3279	2   8   1 
3275	6  20  19 
3279	6  44  38 
3281	2   2   1 
3283	2   0   1 
3281	6  26  11 
3281	6  23  15 
3281	6  13   6 
3285	6  37  28 
3287	2   3  11 
3287	6  16   7 
3287	6  40  26 
3289	6  13  11 
3293	2  32  23 
3291	6  44  35 
3295	2   8  24 
3295	6  27  19 
3297	2  17  23 
3297	2  45  40 
3297	6  14   1 
3295	6   4   3 
3299	6  40  38 
3303	2  28  14 
3299	6  24  16 
3301	6  19   4 
3305	2  44  38 
3305	6  14   1 
3307	2  24  25 
3307	2  27  40 
3309	2  24  30 
3307	6  45  43 
3311	2   2  16 
3311	2  32  25 
3309	6  41  27 
3313	2   0  16 
3313	6  38  35 
3315	2   3   1 
3317	2   9   1 
3315	6  18  12 
3319	2  32  30 
3315	6  48  47 
3319	6   8   3 
3321	2  17  25 
3315	6  27  20 
3321	6  47  45 
3325	2   3   4 
3325	2  28  16 
3321	6  20  12 
3325	6   1   0 
3327	2   3  12 
3327	2  41  47 
3329	2  11  23 
3327	6  39  32 
3331	2   2   4 
3331	2  17  30 
3327	6  45  44 
3329	6  48  34 
3333	2   1   4 
3331	6  28  21 
3335	2   8  16 
3335	2  11  25 
3333	6  44  38 
3337	2   9  16 
3335	6  34  20 
3339	2  14  35 
3337	6   4   3 
3341	2  18  23 
3341	2  28  35 
3335	6  48  47 
3341	6  47  33 
3343	2  38  23 
3343	2  36  35 
3345	2  42  35 
3341	6   8   0 
3343	6  12   4 
3347	2  24   8 
3347	6  40  27 
3349	2   2   4 
3349	2  24  16 
3351	2   1   4 
3347	6  35  29 
3349	6  21  14 
3353	2  12  20 
3353	2  18  25 
3351	6  23  16 
3355	2  12  33 
3353	6   3   2 
3357	2  12  27 
3357	2  15  29 
3357	6  39  31 
3359	2  14   2 
3361	2   0   2 
3361	2  44  29 
3357	6  48  41 
3359	6  20  12 
3363	2   9   2 
3363	2  38  25 
3361	6  15  14 
3365	2   3  12 
3365	2  37  29 
3365	6  33  25 
3367	2  35  29 
3367	6  16   4 
3369	6  29  21 
3373	2  15  16 
3373	2  20  41 
3373	2   5   4 
3373	6   2   1 
3375	6  26   5 
3379	2   0  16 
3375	6  39  38 
3381	2   9  16 
3381	2  26  33 
3381	2   5   4 
3381	2   7  21 
3381	6  38  36 
3383	2   6   4 
3383	2  22  21 
3383	6  34  19 
3387	2  36  21 
3383	6  16   8 
3389	2  31  16 
3389	2  19   4 
3391	2  31  23 
3389	6  40  34 
3393	2  17  16 
3391	6  12   3 
3395	2  17  23 
3391	6   8   1 
3395	6  34  26 
3397	2   2   3 
3399	2  15   3 
3397	6  31  30 
3401	2   0   3 
3401	6  41  20 
3403	2  24   8 
3405	2   9   3 
3405	6  30  14 
3407	6  26   5 
3411	2  14   8 
3407	6  17  10 
3407	6  48  46 
3411	6  43  30 
3413	2  10   8 
3413	2  26  33 
3415	2   5   4 
3413	6  46  39 
3417	2  12  25 
3415	6  10   2 
3419	2  12  27 
3415	6  16  15 
3415	6   7   0 
3417	6  37  28 
3421	2  10  25 
3421	2  12  20 
3421	6  15   1 
3421	6  40  34 
3423	6  25  10 
3423	6  44  42 
3423	6  12   6 
3427	6  14   8 
3429	2  32  17 
3431	2  47  32 
3429	6  27  19 
3433	2  30  32 
3433	2  16  10 
3429	6   5   4 
3433	6   7   1 
3435	2  25  19 
3437	2  45  32 
3435	6  16   4 
3435	6  34  27 
3435	6  43  36 
3439	6  38  32 
3441	2   4  19 
3443	2   1  10 
3441	6  43  42 
3445	2  25  20 
3445	2   9  10 
3441	6  28  22 
3447	2  24  15 
3447	2   4  20 
3449	2  29  38 
3449	2   8  15 
3449	6  19   5 
3451	2  37  38 
3451	2   2  15 
3453	2  32  38 
3449	6  24  17 
3441	6  41  40 
3453	6  15   0 
3455	2  12  33 
3457	2  44  38 
3457	2  34  33 
3457	6  18   6 
3459	2  36  38 
3461	2  43  38 
3459	6  23  15 
3463	2  27  19 
3463	6  37  28 
3465	2  17   3 
3465	2  13  19 
3467	2  17  10 
3463	6  33  32 
3467	6  19  13 
3469	2  39  24 
3469	2   8   3 
3471	2  47  39 
3471	2   8  10 
3469	6  44  42 
3473	2  40  24 
3473	2   2   3 
3469	6  28  21 
3473	6  20  13 
3475	2  47  40 
3475	2  18  24 
3477	2  30  39 
3477	2   2  10 
3475	6   5   4 
3479	2  45  39 
3479	2  25  24 
3479	6   8   2 
3479	6  36  28 
3481	6  24  11 
3481	6  47  33 
3481	6  13   6 
3485	6  15   7 
3487	2  24  31 
3487	2   5  11 
3489	2  33  18 
3489	6  45  30 
3491	2   1   4 
3491	2  33  25 
3493	2   9   4 
3493	6  33  19 
3495	2  24  15 
3495	6   4   2 
3499	2  45  40 
3497	6  24  15 
3501	2  19   5 
3501	6  45  40 
3503	2  15   7 
3503	2  17   2 
3505	2  15  14 
3505	2   4   2 
3503	6  19  13 
3507	2  30  45 
3507	2   8   2 
3507	6  47  41 
3509	2  19  31 
3509	2  15   0 
3511	2  19  24 
3511	6   3   1 
3513	2  46  31 
3515	2  47  31 
3511	6   6   5 
3513	6  26  18 
3517	2   3   5 
3517	2  22  38 
3519	2  40  26 
3519	2   3  11 
3519	2  15   1 
3519	6  31  24 
3521	2  15  10 
3523	2  15   2 
3519	6  13   6 
3521	6  40  27 
3525	2  18  24 
3525	6   5   3 
3527	2  46  31 
3529	2  27  25 
3525	6   7   1 
3529	6  45  29 
3531	2   9   3 
3531	2   6   5 
3533	2  27  13 
3533	2  17   3 
3535	2  45  39 
3535	2   9  11 
3535	6  26  24 
3537	2   4   3 
3539	2   8   3 
3535	6  22  21 
3537	6  39  37 
3541	2  12  26 
3541	6   3   1 
3543	2  30  24 
3543	2  34  26 
3545	2  45  29 
3543	6  13   5 
3547	2  22  37 
3545	6  26  18 
3549	2  47  31 
3549	2  15   1 
3547	6  10   3 
3551	2  30  25 
3549	6   6   5 
3553	2  19  10 
3553	2  22  29 
3551	6  46  41 
3555	2  17  11 
3555	6  14   2 
3557	2  45  24 
3557	2  27  13 
3559	2  46  37 
3559	6  19   6 
3561	2  22  24 
3561	2  42  37 
3563	2  28  37 
3559	6  41  34 
3561	6   9   3 
3565	2  26  31 
3565	6  46  45 
3567	2   5   3 
3567	2  43  37 
3569	2   5  17 
3567	6  34  26 
3571	2  45  29 
3571	2   4  11 
3571	6   9   8 
3573	2  46  25 
3573	2  42  29 
3573	2   5   4 
3575	2  45  24 
3575	2  28  29 
3575	6  27  12 
3577	2  43  29 
3579	2  21  37 
3577	6  17  10 
3581	2  35  38 
3581	6  34  27 
3583	2  12   3 
3583	2  21  29 
3585	2  12  10 
3585	2  35  37 
3581	6  15   8 
3583	6  47  46 
3587	2  26  17 
3587	2  12   4 
3587	2  35  29 
3589	2  34  31 
3589	2   9  11 
3589	6  42  28 
3591	2  16  32 
3593	2  16  18 
3593	2  40  32 
3591	6   5   4 
3595	2  22  25 
3595	6  46  41 
3597	2   4   9 
3599	2   8  11 
3601	2  46  31 
3601	2  12   9 
3597	6  28  21 
3595	6  43  42 
3601	6  41  34 
3603	2  21  24 
3605	2  16  31 
3603	6   3   2 
3607	2  33  32 
3603	6   6   5 
3605	6  19  18 
3609	2   5   3 
3609	2  23  38 
3607	6  47  41 
3611	2  30  18 
3609	6   1   0 
3613	2  40  19 
3613	2  23  37 
3613	6   4   3 
3615	2  40  31 
3617	2  33  19 
3617	2  23  29 
3615	6   9   8 
3619	2  20  32 
3619	6  43  29 
3621	2   3   9 
3621	2  20  19 
3621	2  39  38 
3623	2  12   9 
3623	6  45  39 
3625	2  29  24 
3621	6  41  34 
3627	2  34  18 
3625	6   2   1 
3629	2  39  25 
3625	6  15   7 
3627	6  42  29 
3631	2   5   2 
3631	2  44  38 
3629	6  41  34 
3633	2  29  24 
3633	6   5   2 
3635	2  33  31 
3637	2  45  37 
3635	6  18  17 
3639	2   2  15 
3639	2  45  43 
3635	6  29  28 
3637	6  47  40 
3641	2   2   7 
3641	2  29  24 
3637	6  27  20 
3639	6  12   4 
3643	2  22  17 
3643	2  44  37 
3643	6  40  27 
3645	2   2  14 
3645	2  44  43 
3647	2   2   0 
3645	6  30  24 
3649	2  26  12 
3647	6  22  21 
3651	2  34  18 
3651	2  36  38 
3653	2  26   5 
3653	2  35  30 
3653	6  16  15 
3655	2  20  18 
3655	2  40  31 
3657	2  27  18 
3657	2  36  37 
3657	6  46  40 
3659	2   2  11 
3659	2  23  30 
3659	2  36  43 
3661	2   3   2 
3661	2  38  37 
3659	6  34  27 
3663	2   4   2 
3663	2  45  30 
3661	6  25  17 
3665	2  27  12 
3665	2  44  30 
3661	6  42  35 
3667	2  20  12 
3667	2  39  25 
3667	2  36  30 
3669	2  22  17 
3669	2  38  43 
3669	6  34  13 
3671	2  38  30 
3673	2  37  43 
3671	6  17  16 
3675	2  13  12 
3675	2  37  30 
3665	6   8   7 
3671	6  35  28 
3671	6   8   2 
3675	6  34  33 
3677	2  28  16 
3679	2  43  30 
3677	6  20   5 
3679	6  25  17 
3683	2  27  20 
3679	6  15   1 
3681	6  41  39 
3685	2  26  25 
3681	6  35  30 
3683	6  12   6 
3687	2  24  33 
3685	6   9   7 
3689	2  39  33 
3689	2   5  20 
3687	6  42  36 
3691	2  24  15 
3691	2  13  20 
3691	6  11   5 
3693	2  27  25 
3693	2  30  16 
3695	2  29  16 
3691	6   3   2 
3693	6  14   7 
3697	2  24  10 
3695	6  40  27 
3699	2  22  17 
3699	6   2   1 
3701	2  27  18 
3703	2  11  25 
3701	6  30  21 
3705	2  27   6 
3701	6  47  40 
3705	6  10   3 
3707	2  30  33 
3709	2  41  33 
3709	2  27  20 
3705	6   8   7 
3707	6   6   5 
3711	2  26  10 
3709	6  36  22 
3713	2   2  18 
3709	6  45  38 
3711	6  47  41 
3715	2  24  12 
3715	6  45  36 
3717	2  13  25 
3717	2  22  16 
3719	2   2   5 
3719	2  27  25 
3719	6  22  14 
3721	2  24   9 
3723	2  45  33 
3721	6  20  12 
3725	2  24  22 
3723	6   3   2 
3727	2  32  19 
3727	2  23  16 
3725	6  41  34 
3729	2   3  12 
3729	2  32  31 
3727	6  28   7 
3729	6  17  16 
3725	6  44  37 
3731	6  33  31 
3735	2   7  16 
3731	6  11   3 
3737	2  21  16 
3737	2  11  25 
3737	6  34  20 
3739	2  29  16 
3741	2  14  16 
3739	6  39  25 
3743	2  23  16 
3741	6  29  28 
3745	2  19  33 
3743	6  14   7 
3747	2  24  29 
3743	6  10   4 
3747	6  27  19 
3747	6  40  33 
3749	6  37  16 
3753	6  19   5 
3753	6  41  34 
3755	6  31  15 
3759	2  20   4 
3755	6  42  36 
3759	6  46  40 
3761	2  25  31 
3761	2   3   4 
3761	2  14  15 
3763	2  30  31 
3763	2  13   4 
3763	2  21  15 
3761	6  34  27 
3765	2  47  31 
3765	2   5   4 
3765	2  28  15 
3765	6  10   2 
3767	2  45  31 
3767	2   7  15 
3769	2  23  15 
3767	6  40  26 
3771	2  11   4 
3767	6  36  29 
3771	6  31  23 
3773	2  33  18 
3775	2  33  19 
3773	6  44  42 
3777	2  25  10 
3777	6  40  39 
3779	2  27  18 
3781	2  27  19 
3781	2  14  23 
3779	6  45  44 
3783	2  25  41 
3783	6  13   4 
3785	2  26  18 
3785	2  21  23 
3787	2  28  23 
3785	6  46  41 
3789	2  25   9 
3789	6  20  13 
3791	2  25  22 
3793	2  32  18 
3793	6  36  15 
3795	2  33  12 
3797	2  33  40 
3797	6  25  18 
3799	6  30   9 
3803	2  27  12 
3791	6  46  45 
3805	2   9  10 
3805	2  26  19 
3805	6  39  24 
3805	6  21   0 
3805	6  13   5 
3807	6  11  10 
3811	2  33  20 
3811	2   7  23 
3813	2  24   8 
3813	2  27  40 
3813	6   6   4 
3815	2  24  21 
3815	2  27  20 
3817	2  32  19 
3811	6  45  44 
3815	6   9   8 
3819	2  26  12 
3819	2  31  23 
3817	6  44  28 
3821	2  34  25 
3821	6   9   4 
3823	2  26  40 
3825	2  41  25 
3823	6  28  14 
3827	2   5   4 
3827	2  24   9 
3827	2  26  20 
3827	6  47  39 
3829	2   3   4 
3829	2   8  14 
3829	2  34  19 
3831	2   6   4 
3829	6  30  23 
3833	2  13   4 
3831	6   9   1 
3831	6  33  26 
3831	6  21  14 
3835	6  24  11 
3837	6  47  33 
3841	2   9  11 
3837	6  28  21 
3837	6   7   0 
3843	2  39  24 
3843	2  10   4 
3843	6  26  19 
3845	2   8  23 
3847	2   8  22 
3845	6   5   3 
3849	2  45  24 
3849	6  14   8 
3851	2  19   4 
3853	2  41  26 
3851	6  28  23 
3855	2   2  11 
3855	2  25  26 
3851	6  45  44 
3857	2   3   8 
3857	6  31  28 
3859	2   3   1 
3861	2   9   3 
3857	6  27  13 
3855	6  47  40 
3863	2  39  23 
3863	2   2   3 
3863	6  19  11 
3865	2  39  31 
3867	2  44  23 
3865	6   7   2 
3869	2  33  19 
3869	6  24  16 
3871	2  13   4 
3869	6  45  44 
3871	6  40  26 
3875	2  21  16 
3875	2  45  31 
3873	6   5   3 
3877	2  21  23 
3871	6   7   0 
3877	6  33  20 
3879	2   3   8 
3881	2   3   1 
3877	6  46  45 
3879	6  23  17 
3883	2  20   5 
3879	6  28  21 
3883	6   8   2 
3885	2  38  23 
3887	2  28  31 
3885	6  20  11 
3889	2   8  16 
3889	2  38  37 
3889	6  32  25 
3891	2   9   3 
3893	2   0   3 
3883	6  47  40 
3891	6  34  20 
3895	2  11   3 
3895	2  24  23 
3895	2  38  36 
3895	6   9   8 
3897	2  25  12 
3897	2  29  23 
3899	2  25  40 
3899	2  20  12 
3899	2  38  30 
3901	2  18  15 
3901	6  40  34 
3903	2  18  19 
3903	2  14  15 
3905	2  18   5 
3901	6  45  38 
3897	6  42  35 
3903	6  43  28 
3907	2   9  17 
3907	2  20  34 
3905	6  15  14 
3909	2  18   3 
3907	6   6   5 
3911	2  24  37 
3909	6  41  34 
3913	2   5   2 
3913	2  24  36 
3915	2  25  33 
3915	2  29  37 
3915	6   5   2 
3917	2  38  23 
3919	2  24  30 
3915	6  27  20 
3915	6  43  42 
3919	6  39  32 
3921	2   2   1 
3921	2  20   5 
3921	2  29  36 
3923	2   8   2 
3923	2  35  23 
3923	6  19   4 
3925	2  38  37 
3925	2  28  23 
3927	2  29  30 
3927	6  15   9 
3929	2  26  19 
3929	2  38  36 
3931	2  25  19 
3931	2  35  37 
3933	2  10   5 
3933	2  27  33 
3933	2  38  30 
3933	2  35  36 
3935	2   0   2 
3935	2  27  19 
3935	2  28  37 
3935	6  32  24 
3937	2   9   4 
3937	2  28  36 
3939	2  11   2 
3935	6  13   6 
3937	6  34  27 
3941	2  24  22 
3937	6  46  45 
3939	6  43  37 
3943	2  27  12 
3941	6   3   1 
3945	2  27  41 
3945	2  37  23 
3943	6  39  32 
3947	2  35  30 
3943	6  21  14 
3945	6  13   5 
3949	2  24  21 
3947	6  45  44 
3951	2  18   2 
3951	2  27  33 
3951	2  28  30 
3953	2  15  31 
3953	2  27  19 
3953	6   5   3 
3955	2  37  43 
3957	2  37  36 
3955	6  40  27 
3959	2   9   3 
3959	2  37  30 
3955	6  24  18 
3955	6  28  22 
3961	2  20   5 
3961	2  44  28 
3961	2   9   1 
3961	6  40  33 
3963	2  10   5 
3963	2  42  28 
3965	2  18   4 
3965	2  15  28 
3963	6  45  31 
3967	2  27  13 
3967	2  18   3 
3967	6  36  21 
3969	2   6  13 
3969	2   9   2 
3971	2  26  13 
3969	6  46  38 
3973	2  25  13 
3971	6   3   1 
3975	2  31  16 
3975	2  44  36 
3975	2  34  13 
3977	2  31  17 
3977	2  42  36 
3977	6  27  13 
3979	2   7  16 
3979	2  31  45 
3981	2  14  16 
3977	6   4   3 
3981	6  44  31 
3983	2  13   5 
3983	2  33  27 
3985	2   6   5 
3983	6  10   8 
3987	2  44  28 
3985	6  20  19 
3989	2  15  36 
3987	6  31  24 
3991	2  10  19 
3991	2  44  36 
3991	6  15   1 
3993	2  18   4 
3995	2  26   5 
3993	6  43  30 
3997	2  10   8 
3997	6  19   5 
3999	2  23  30 
4001	2  23  21 
3999	6   9   3 
4003	2  25  19 
4003	2  30  21 
3999	6   1   0 
3999	6  42  35 
4005	2  10  13 
4005	6  35  22 
4007	2  18   2 
4009	2  34  19 
4005	6  44  37 
4009	6  10   4 
4011	2  33  19 
4009	6   8   0 
4011	6  37  23 
4015	2   4   6 
4011	6  28  21 
4013	6  32  19 
4017	2  37  43 
4013	6  41  34 
4017	6   3   1 
4019	2  19  12 
4019	2  30  43 
4021	2  19  34 
4021	2  28  43 
4017	6  17  16 
4021	6  38  30 
4023	2   3   5 
4023	2   7  16 
4025	2   3   0 
4023	6  47  33 
4027	2  11   5 
4027	2  24   9 
4027	6  45  37 
4029	2  24  15 
4031	2  22   9 
4031	2  33  12 
4033	2  14  16 
4033	2  19  40 
4033	6  37  29 
4035	2  24  10 
4035	2  33  34 
4035	2  19  20 
4037	2   8   9 
4037	2  33  40 
4037	2  19  27 
4037	6  24  17 
4039	2  22  15 
4039	2  33  20 
4041	2   8  15 
4041	2  33  27 
4035	6  46  45 
4023	6  42  35 
4037	6  11   4 
4039	6  36  35 
4043	2  30  24 
4043	2  11  26 
4041	6  39  38 
4045	2  11  25 
4041	6  13   6 
4043	6  21   7 
4047	2   3   6 
4047	2  38  24 
4045	6  34  27 
4049	2  21  29 
4049	2  17   2 
4045	6  43  42 
4049	6  13   5 
4051	2  21   7 
4051	2  30  16 
4053	2  14  29 
4051	6  40  25 
4055	2   3   5 
4055	2  21  35 
4053	6   1   0 
4057	2  22  10 
4057	6  26  13 
4059	2  23   9 
4059	2  14   7 
4061	2  30  29 
4061	2   8  10 
4057	6  41  39 
4057	6  44  43 
4063	2   4   1 
4063	2  31  26 
4065	2   4   6 
4065	2  37  24 
4065	6  21   7 
4067	2   4   5 
4067	2  45  24 
4069	2  12  27 
4069	6  31  16 
4071	6  26  12 
4075	2  16   1 
4075	2  38  31 
4071	6  35  21 
4077	2  23  15 
4077	2  26  25 
4077	6   6   3 
4079	2  14  21 
4079	2  30  35 
4079	2  27  25 
4081	2  38  29 
4083	2   6  13 
4083	2  16   3 
4083	2  37  31 
4083	6   1   0 
4085	2   4  13 
4085	2  30  21 
4087	2  23  10 
4087	2  26  20 
4085	6  43  35 
4089	2   7   9 
4089	2  45  31 
4089	2  26  34 
4087	6  12   5 
4091	2   7  15 
4091	2  38  43 
4091	2  27  20 
4091	6   2   1 
4093	2  37  29 
4093	2  19  32 
4095	2  36  24 
4095	2  27  34 
4093	6   5   4 
4097	2  22   1 
4097	2  33  32 
4097	6  44  38 
4099	2   2   4 
4099	2  25  20 
4101	2   2   0 
4101	2  25  34 
4099	6  35  21 
4103	2  18   4 
4103	2   8   1 
4099	6  23  16 
4101	6  13   6 
4105	2   2   3 
4105	2  44  35 
4105	2  26  32 
4105	6  16  14 
4107	2  37  43 
4107	2  27  32 
4109	2  36  31 
4109	2  20  34 
4105	6  18  11 
4111	2  18  39 
4111	2  14   1 
4113	2  17   4 
4113	2  45  29 
4113	6  27  13 
4115	2  16   9 
4115	2  37  35 
4115	2  25  32 
4117	2   7  10 
4117	2  45  43 
4115	6  47  41 
4119	2  16  15 
4119	2   7   1 
4119	2  36  29 
4119	2  20  32 
4119	6  11   3 
4121	2  27  40 
4121	2  36  43 
4123	2  27  39 
4121	6  30  24 
4125	2   3   0 
4121	6  22  15 
4123	6  36  35 
4127	2   3  11 
4127	2  38  30 
4125	6  41  26 
4129	2  16  10 
4129	2  38  31 
4127	6   8   1 
4131	2  18  26 
4131	2  21  30 
4129	6  13   5 
4133	2  18  19 
4133	2  16   8 
4133	2  45  36 
4133	2  34  32 
4135	2  27  26 
4135	2  24   9 
4135	2  35  36 
4135	6  47  39 
4137	2  27  19 
4137	2  24  22 
4139	2  24  10 
4135	6   7   0 
4137	6  44  37 
4141	2  18  33 
4139	6  20  13 
4143	2  38  29 
4141	6  15   9 
4145	2  27  33 
4145	2  46  30 
4141	6   4   3 
4143	6  25  18 
4147	2   9   3 
4147	2  38  43 
4147	6  34  20 
4149	2   1   3 
4149	2  39  30 
4151	2  24   8 
4151	6  37  29 
4153	2  34  40 
4155	2  34  47 
4151	6  11   5 
4153	6  14   2 
4157	2  34  26 
4157	2  38  36 
4157	6  23  17 
4159	2   2   3 
4159	2  34  19 
4161	2  34  33 
4159	6  44  28 
4163	2  17  12 
4165	2  23   7 
4165	6  26  11 
4167	2  29  15 
4169	2  29  22 
4165	6  45  38 
4169	6  14   8 
4171	2  25  41 
4173	2  25  26 
4173	2  44  30 
4171	6   6   4 
4175	2   9   7 
4175	2  27  41 
4175	2  25  18 
4175	2  42  30 
4177	2  17   4 
4177	2   1   7 
4177	2  27  26 
4177	6  38  30 
4179	2   2   7 
4179	2  34  41 
4179	2  25  13 
4181	2   0   3 
4181	2  34  26 
4177	6  28  21 
4183	2  21  15 
4183	2   0   7 
4183	2  27  18 
4183	6  45  42 
4185	2  16   3 
4185	2  27  13 
4187	2  21  22 
4187	2  25  20 
4187	6  10   8 
4189	2  28  31 
4189	2  27  20 
4191	2  28  37 
4191	2  25  32 
4193	2  10  12 
4193	2  30  15 
4193	6  40  32 
4195	2  10   4 
4195	2  30  22 
4197	2   6  12 
4197	2  29   8 
4197	6  24  17 
4199	2   6   4 
4199	2  29  14 
4199	2  27  40 
4201	2  21   8 
4201	6  11   5 
4203	2  24  32 
4203	2  28  43 
4205	2  46  31 
4205	2  21  14 
4203	6   2   1 
4207	2  23  11 
4207	2  28  36 
4207	6  47  33 
4209	2   9  11 
4211	2   2  11 
4207	6  14   7 
4209	6  30  22 
4213	2  17   3 
4209	6  35  28 
4213	6  26  12 
4215	2  16  14 
4215	2  46  37 
4217	2  28  15 
4217	2  39  31 
4215	6   2   1 
4219	2  24  33 
4219	6  29  15 
4221	2   2  11 
4223	2  34  18 
4223	6   2   0 
4225	2  23  26 
4227	2  28  30 
4227	2  34  13 
4229	2   2  11 
4229	2  42  29 
4229	2  34  20 
4229	6  32  25 
4231	2  16  11 
4231	2  35  29 
4231	2  34  40 
4233	2  15   3 
4231	6  20   6 
4235	2  10  25 
4235	2  46  43 
4235	6  14   8 
4237	2  20  25 
4239	2  39  37 
4237	6  11  10 
4241	2  22  14 
4241	2  44  31 
4239	6  26  19 
4243	2  17   8 
4243	2  44  37 
4245	2  17  10 
4245	2  15   8 
4245	2  42  30 
4245	6  26   5 
4247	2  22   7 
4249	2  28  14 
4243	6  46  39 
4247	6  10   9 
4251	2  24  26 
4251	2  46  43 
4251	6  21  14 
4253	2  10  19 
4253	2  39  36 
4255	2  45  31 
4255	6   3   1 
4257	2  42  21 
4257	2  38  31 
4259	2  35  30 
4255	6  33  26 
4255	6  12   5 
4261	2  11  26 
4261	2  14   1 
4261	2  44  43 
4261	6  31  29 
4263	2  20  26 
4263	2  15   9 
4265	2   3  19 
4265	2  14   8 
4261	6  47  40 
4267	2  24  12 
4267	2  28   7 
4267	6  46  44 
4269	2  22   1 
4271	2  14   9 
4267	6  41  34 
4269	6  19  11 
4273	2  24  40 
4273	2  44  36 
4273	6  14   1 
4275	2  19  33 
4275	2  45  37 
4277	2  19  12 
4277	2  39  31 
4275	6  10   4 
4279	2  20  33 
4279	2  22   8 
4279	2  45  43 
4281	2  23  10 
4281	2  20  12 
4281	2  28  14 
4281	2  38  37 
4281	6  40  34 
4283	2  23  25 
4283	2   4  10 
4283	2  38  43 
4285	2   3  10 
4285	2  35  21 
4285	2  44  31 
4281	6   1   0 
4285	6  12   5 
4287	2  24  40 
4287	2  29  37 
4289	2  39  30 
4287	6  14   8 
4291	2   4  25 
4291	2  29  43 
4291	6  46  45 
4293	2  23  26 
4295	2  19  34 
4295	2  22   9 
4295	2  37  43 
4297	2  24  12 
4297	2  45  36 
4297	6  15   9 
4299	2  19  40 
4299	2  44  30 
4301	2  20  34 
4301	2  24  18 
4299	6  42  35 
4303	2  19  12 
4303	2  45  31 
4303	6  10   1 
4305	2  28  14 
4307	2  45  30 
4303	6  40  34 
4305	6  13  12 
4309	2  28  15 
4309	6  33  31 
4311	2  10  11 
4313	2  10   1 
4309	6  46  44 
4311	6  35  21 
4315	2  23  31 
4315	2   2  11 
4315	2  20  34 
4317	2   2   1 
4317	2  16  11 
4317	2  20  13 
4317	2  44  36 
4317	6  46  33 
4319	2  16   1 
4319	2  19  18 
4321	2  17  11 
4321	2  21   7 
4319	6  42  35 
4323	2  24  12 
4323	2  21   8 
4323	2  44  46 
4325	2  17   1 
4325	2  21  14 
4325	2  38  36 
4325	6  27   6 
4327	2  21  15 
4327	2  44  30 
4329	2  38  46 
4329	2  29  36 
4327	6  17   3 
4331	2  19  12 
4331	2  38  30 
4329	6   8   0 
4333	2  17  25 
4333	2  37  36 
4331	6  47  40 
4335	2  10  25 
4335	2  43  36 
4335	6  21   7 
4337	2  24  27 
4339	2  20  18 
4337	6  44  42 
4341	2   9  11 
4339	6  33  31 
4343	2   9   1 
4343	2  35  21 
4343	2  20  12 
4345	2   8  11 
4345	2  39  44 
4345	6  35  28 
4347	2  24  40 
4347	2  19  27 
4347	2   8   1 
4349	2  31  44 
4349	2  20  27 
4347	6   5   3 
4351	2  45  44 
4349	6  14   0 
4353	2  19  40 
4353	2  42  44 
4351	6  23  16 
4355	2  28  14 
4355	2  38  44 
4355	6  19   4 
4355	6  40  34 
4357	6  28   7 
4361	2  19  26 
4357	6  46  45 
4361	6  24  10 
4363	2  19  33 
4363	2   7   0 
4365	2  20  34 
4365	2   7  15 
4363	6  47  46 
4367	2  16   3 
4363	6  28  21 
4369	2  17  26 
4369	2  29  45 
4369	6   4   2 
4371	2  24  26 
4371	2  37  45 
4373	2  29  30 
4373	2  43  45 
4373	6  26  18 
4375	2  29  44 
4377	2  37  30 
4375	6  12   5 
4379	2  17  33 
4379	2  37  44 
4379	6  29  28 
4381	2  19   3 
4383	2   4  25 
4385	2  17   3 
4385	2  43  30 
4381	6  15   8 
4385	6  33  26 
4387	2  36  45 
4389	2  43  44 
4387	6  17  15 
4391	2  36  30 
4389	6  39  38 
4393	2  24  26 
4393	2  36  44 
4393	6  11   9 
4395	2  38  29 
4397	2  31  29 
4399	2   4  18 
4399	2  22   9 
4395	6  47  40 
4399	6  38  31 
4401	2  22   1 
4401	6  19   4 
4405	2  45  30 
4403	6  35  21 
4407	2  24   3 
4407	2  45  44 
4407	6  40  39 
4409	2  23  25 
4411	2  19  26 
4411	2  21   9 
4413	2  23  18 
4413	6  46  38 
4415	2  12  25 
4417	2  19   3 
4413	6  21  14 
4413	6  36  35 
4417	6  24  16 
4419	2  14   1 
4419	6  39  37 
4423	2  12  18 
4419	6  10   3 
4423	6  22  16 
4425	2  11  25 
4427	2  11  18 
4425	6  47  39 
4429	2  17  25 
4429	2  37  29 
4425	6  20  13 
4429	6  15  14 
4431	2  24  38 
4431	2  42  29 
4433	2  24  39 
4429	6   4   3 
4431	6  20  19 
4435	2  30  44 
4435	6  15   9 
4437	2  24  19 
4439	2  24  33 
4435	6   5   4 
4435	6  28  21 
4421	6   1   0 
4437	6  46  44 
4441	2  23  26 
4441	6   8   1 
4443	2  23  10 
4445	2  12  26 
4443	6  36  28 
4447	2  12  10 
4443	6  40  39 
4445	6  31  23 
4449	2  11  26 
4447	6  14   0 
4451	2  23  36 
4451	2  11  10 
4451	6  38  32 
4453	2  17  18 
4453	2  28  15 
4455	2  23   8 
4453	6  12   4 
4457	2  16  25 
4457	2  44  36 
4455	6  28  21 
4459	2  24  12 
4459	2   7  15 
4459	2  37  36 
4457	6  40  34 
4461	2  16  18 
4461	2  21  14 
4461	2  42  36 
4457	6   2   1 
4463	2  24  27 
4463	2   7  14 
4463	6  44  36 
4465	2  24  40 
4467	2  17  26 
4465	6  14   8 
4469	2  17  10 
4467	6  39  31 
4469	6  36  28 
4473	2   9  25 
4473	6  47  45 
4475	2  23   2 
4477	2  28  14 
4477	2   9  18 
4479	2  23  15 
4479	6  18   3 
4481	2  31  29 
4483	2  36  29 
4479	6  47  46 
4479	6   1   0 
4481	6  15  14 
4485	2  18  32 
4485	6   9   1 
4487	2  18  34 
4487	2  45  29 
4489	2  18  19 
4489	2  31  44 
4489	6  28  14 
4491	2  18  33 
4493	2  18  12 
4491	6  23   9 
4495	2  18  27 
4495	2  36  44 
4497	2  23  32 
4497	2   9   8 
4497	2  45  44 
4499	2  14   2 
4499	6  34  31 
4501	2  14  28 
4503	2  14   8 
4497	6  19  18 
4505	2  23  31 
4505	6  26  10 
4507	2  43  29 
4509	2  43  44 
4509	2  35  29 
4505	6  46  39 
4511	2  23  18 
4511	2  35  44 
4513	2  19  40 
4513	6  37  22 
4511	6   8   2 
4513	6  42  35 
4515	6  19   4 
4519	2  22  15 
4517	6   9   2 
4521	2  37  32 
4521	6  21  15 
4523	2  37  31 
4525	2  20  32 
4527	2  46  32 
4527	2  16  10 
4527	2  35  21 
4527	6  37  30 
4529	2  19  32 
4531	2   1  10 
4529	6  35  21 
4533	2  11  32 
4531	6  27  20 
4535	2  17  32 
4535	2  22   8 
4535	6  37  35 
4537	6  25  16 
4537	6   3   1 
4537	6  40  34 
4543	2  30  18 
4543	6  14   8 
4545	2  25  26 
4547	2  25  32 
4545	6  45  29 
4545	6  12   3 
4549	6  27  25 
4551	2  15  16 
4551	2  39  45 
4553	2  15   1 
4551	6  35  30 
4555	2  12  26 
4555	2  21  14 
4553	6  46  40 
4557	2  25  31 
4557	2   7  16 
4557	6  27  12 
4559	2   7   1 
4559	2  22  28 
4559	2  46  37 
4561	2   2  16 
4561	2  21  28 
4561	2  36  37 
4561	6  40  32 
4563	2  15  10 
4563	2  29  37 
4565	2   7  10 
4565	2  43  37 
4567	2  25  18 
4567	2  27  40 
4567	2   2   1 
4567	2  42  37 
4567	6  21  14 
4569	2  32  31 
4569	2   8  16 
4571	2  32  18 
4571	2   8   1 
4573	2  19  31 
4573	2   2  10 
4573	6  42  21 
4575	2  19  18 
4575	6  33  31 
4579	2  22   9 
4577	6  19  11 
4581	2  23  31 
4581	2  14   9 
4579	6  36  35 
4583	2  19  33 
4583	2  22  16 
4583	6  46  38 
4585	2  19  18 
4585	2  22   1 
4587	2  17  33 
4585	6  43  42 
4589	2  17  18 
4589	2  30  45 
4587	6  28  21 
4591	2  12  33 
4591	6  23   9 
4593	2  38  43 
4593	2  12  18 
4593	2  27  33 
4595	2  35  43 
4595	2  27  18 
4595	2  47  45 
4597	2   9   3 
4597	2  36  31 
4597	6  20  18 
4599	2  29  43 
4601	2  42  43 
4597	6  34  33 
4597	6  47  46 
4599	6   8   3 
4603	2  25  31 
4603	2  28  43 
4605	2   9  18 
4605	2  32  31 
4605	6  36  21 
4607	2   3  10 
4607	6  33  24 
4611	2  21   8 
4611	6  45  43 
4613	2   9  24 
4615	2  14  16 
4609	6  19  11 
4615	6  25  11 
4617	2  38  36 
4617	2  14   1 
4619	2  35  36 
4619	6  21  16 
4621	2  39  44 
4623	2  39  37 
4621	6  26  12 
4625	2  38  23 
4625	6  42  28 
4627	2  16  18 
4627	2  39  45 
4629	2  11   8 
4629	6  33  27 
4631	2  16  24 
4631	2  11  18 
4631	2  29  36 
4633	2  11  24 
4633	2  28  36 
4631	6  14   1 
4635	2  19  31 
4635	2  42  36 
4637	2  25  31 
4637	2  22  10 
4639	2  17  31 
4639	6  42  21 
4641	2  26  31 
4641	2   1  10 
4643	2  33  31 
4643	6  12  10 
4645	2  30  44 
4647	2  30  37 
4645	6  40  25 
4645	6  15   8 
4651	2   8  10 
4651	2  46  44 
4651	6  32  24 
4653	2  46  37 
4655	2  43  44 
4653	6  16  15 
4657	2  39  36 
4659	2  24  16 
4659	2  43  37 
4659	6  40  26 
4661	2   7  10 
4661	2  30  45 
4663	2   2  10 
4663	2  35  23 
4665	2  24  18 
4665	2   3  10 
4665	2  46  45 
4665	6  22   8 
4667	2  24  32 
4667	2  43  45 
4669	2  44  37 
4669	6  26  17 
4671	2  30  36 
4671	2  44  45 
4673	2  37  45 
4671	6  15   7 
4673	6  43  42 
4677	2  19  16 
4675	6  46  45 
4679	2  19  18 
4679	2  29  23 
4679	6  34  33 
4681	2  17  16 
4681	2  38  43 
4683	2  17  18 
4683	2  35  43 
4683	6  38  22 
4685	6  18  12 
4689	2  22  14 
4689	2  45  36 
4685	6  27  20 
4691	2  38  25 
4691	2   8  10 
4691	2  29  43 
4691	6  34  27 
4693	2   1  10 
4693	2  42  36 
4695	2  35  14 
4693	6  45  31 
4695	6  18  17 
4699	2  38  33 
4697	6  35  14 
4701	2  19  32 
4701	6  46  45 
4703	2  18  32 
4703	2  28  23 
4705	2  22  17 
4701	6  41  34 
4703	6  43  42 
4707	2  38  41 
4707	6  17  15 
4709	2  38  46 
4709	2  29  35 
4711	2  28  42 
4695	6   3   2 
4701	6   4   3 
4705	6  26  19 
4707	6   3   2 
4711	6  41  26 
4713	2  22  10 
4715	2  14  15 
4715	2  28  35 
4711	6  46  38 
4715	6  11   3 
4717	2  21  23 
4717	2  44  36 
4719	2  29  15 
4719	6  33  24 
4721	2  21  42 
4723	2  21  35 
4721	6  10   9 
4725	2  37  36 
4725	6  24  18 
4727	2  14   9 
4727	2  45  36 
4729	2  28  15 
4725	6  40  33 
4729	6  43  37 
4731	2  19  16 
4733	2  17  25 
4733	2  19  12 
4733	2  21  15 
4735	2  17  18 
4735	6  39  36 
4735	6  12   4 
4735	6   9   8 
4741	2  12  25 
4741	2  29   8 
4743	2  19  32 
4743	6  21   8 
4745	2  12  18 
4747	2  11  25 
4743	6  43  42 
4749	2  17  26 
4749	2  28  21 
4751	2  17  38 
4749	6   2   1 
4753	2  12  26 
4753	2  36  23 
4753	6  39  38 
4755	2  11  18 
4755	2  36  43 
4755	2  30  23 
4755	2   8  21 
4757	2  11  26 
4757	2  36  35 
4757	6  24  16 
4759	6  26  12 
4763	2  30  43 
4759	6   3   2 
4759	6  46  40 
4765	2  33  24 
4765	6  12   4 
4767	2   9  25 
4769	2  26  39 
4769	2  36  15 
4771	2  33  12 
4771	2  30  35 
4773	2  27  24 
4773	2  36  21 
4775	2  33  32 
4775	2   9  18 
4775	6  42  29 
4777	2  27  12 
4779	2  27  32 
4779	2   9   4 
4781	2  40  24 
4781	6  19  12 
4783	2  17  24 
4785	2  31  23 
4781	6  36  35 
4781	6   9   3 
4787	2  40  19 
4787	2  37  23 
4787	6  14   8 
4789	2  40  32 
4789	2  17  19 
4791	2  26  24 
4789	6  45  38 
4793	2   9  25 
4795	2   9  18 
4795	6  30  21 
4797	2  26  19 
4797	2   9   4 
4799	6  10   8 
4801	2  31  43 
4803	2  31  36 
4805	2  22  25 
4805	6  42  35 
4807	2  17  32 
4807	2  21  15 
4809	2  10  25 
4809	6  22  15 
4811	2  26  32 
4811	2  37  43 
4813	2  37  36 
4811	6  17   4 
4813	6  39  32 
4817	2  44  23 
4815	6  35  28 
4819	2  11  32 
4819	2  44  43 
4821	2  11  24 
4821	2  44  36 
4821	6  39  33 
4823	2  11  19 
4823	2  21  30 
4825	2  29  23 
4825	6  18   3 
4827	2  29  43 
4829	2  29  36 
4827	6  33  27 
4831	2  15   3 
4831	6  25  24 
4833	2  10   3 
4831	6  44  36 
4835	6  16   9 
4837	2  18  32 
4839	2  18  25 
4833	6  28  21 
4837	6  45  44 
4841	2  16  32 
4839	6  35  28 
4843	2  15  17 
4843	6  27  12 
4845	2  21  24 
4847	2  10  17 
4847	2  31  22 
4849	2  11  12 
4849	2  16  25 
4849	6  21   7 
4851	2  18  19 
4851	2  31  30 
4853	2  18  12 
4849	6   3   2 
4853	6  32  31 
4855	2   7   2 
4857	2  16  19 
4855	6  28  21 
4859	2  38  23 
4859	6   7   2 
4861	2  38  43 
4863	2  44  23 
4859	6  12  11 
4865	2  15  31 
4865	2  44  43 
4867	2  21  24 
4867	6   9   2 
4869	2  21   7 
4869	2  38  45 
4871	2  37  22 
4873	2  10  31 
4873	6  43  28 
4875	2   9  17 
4877	2  16  11 
4879	2  37  30 
4879	6  17  14 
4881	2  44  45 
4879	6  42  35 
4883	6  45  37 
4885	2  17  24 
4885	2  21  14 
4887	2  23  28 
4887	6   7   2 
4889	2  36  22 
4891	2  36  30 
4887	6  25  18 
4893	2  15  18 
4893	6  44  35 
4895	2  10  18 
4897	2  17   2 
4899	2  17  14 
4899	6  44  39 
4901	2  29  22 
4903	2  29  30 
4901	6  18   2 
4905	2  38  22 
4907	2  39  24 
4905	6  43  42 
4909	2  39  18 
4909	6  29  14 
4911	6  19  17 
4915	2  38  30 
4911	6  44  43 
4917	2  15  17 
4917	6  39  36 
4919	2  10  17 
4921	6  11   8 
4923	2  36  29 
4923	6  31  24 
4927	2  15   8 
4925	6  44  29 
4929	2  10   8 
4931	2   9  24 
4933	2   9   2 
4933	2  21  24 
4935	2  29  31 
4935	2   9  17 
4935	6  15  14 
4937	2  19  24 
4939	2  32  31 
4937	6   2   0 
4941	2  36  24 
4939	6  19  11 
4943	2  21   0 
4943	2  45  31 
4945	2   9   8 
4945	2  39  31 
4945	2  35  22 
4945	6  11   3 
4947	2  15  31 
4949	2  23  37 
4949	6   8   0 
4951	2  38  31 
4951	2  23  22 
4953	2  35  30 
4951	6  25  18 
4955	2   3   8 
4955	2  28  37 
4957	2  23  30 
4957	6  21   8 
4957	6  43  35 
4957	6  32  25 
4963	2  29  32 
4965	2   8  17 
4965	2  29  44 
4967	2  25  32 
4967	2   8   0 
4967	2  36  21 
4969	2   3  17 
4969	2  45  32 
4969	2  28  22 
4971	2  29  24 
4971	2   3   0 
4971	6  44  38 
4973	2  29  21 
4973	6  16  15 
4977	2  25  38 
4975	6  29  21 
4979	2  25  24 
4979	2  45  38 
4981	2  39  32 
4981	2  28  30 
4981	6  17  15 
4983	2  39  38 
4983	6  36  28 
4987	2  16  32 
4987	6   7   0 
4989	2  45  24 
4991	2  39  24 
4993	2  28  15 
4993	2  44  32 
4995	2  28   7 
4995	6  38  25 
4997	2  21  15 
4999	2  21   7 
5001	2  38  29 
5003	2  45  29 
5005	2  16  25 
5005	6  46  43 
5007	2  16  24 
5009	6  24  15 
5011	6  45  36 
5015	6  16   7 
5017	6  44  39 
5021	6  28   7 
5023	2  38  24 
5025	2  46  31 
5025	6  17  16 
5027	2  44  29 
5029	2  46  32 
5029	2  28  29 
5031	2  38  17 
5033	2  36  24 
5035	2  39  25 
5035	6  36  15 
5041	2  23  31 
5041	6  44  36 
5043	2  15  17 
5045	2  23  32 
5047	2  37  22 
5049	2  36  24 
5049	6  45  39 
5051	2  37  30 
5053	2  22  30 
5051	6  17  16 
5055	2  45  44 
5055	2  39  31 
5055	6  36  29 
5057	2  46  25 
5059	2  39  32 
5061	2  29  16 
5061	2  46  44 
5063	2  45  36 
5063	2  23  25 
5065	2  37  31 
5065	6  28  16 
5067	6  46  38 
5071	2  16  24 
5071	6  29  28 
5073	2  45  24 
5075	2  39  25 
5077	2  16  29 
5079	2  38  36 
5081	2  23  44 
5083	2  37  32 
5085	2  22  31 
5087	2  45  29 
5089	2  38  24 
5091	2  23  36 
5093	2  39  44 
5093	2  23  24 
5095	2  37  25 
5097	2  30  31 
5099	2  38  29 
5101	2  39  36 
5103	2  37  44 
5103	2  23  29 
5103	6  32  31 
5105	2  37  36 
5107	6  44  29 
5113	2  22  31 
5115	2  22  25 
5117	2  30  31 
5119	2  39  24 
5119	2  22  29 
5121	2  30  25 
5123	2  32  31 
5123	2  22  36 
5125	2  39  44 
5125	2  30  29 
5127	2  37  24 
5129	2  32  25 
5129	2  37  44 
5129	6  29  23 
5131	6  38  32 
5131	6  44  43 
5137	2  22  24 
5137	6  37  36 
5139	2  31  25 
5143	2  30  37 
5145	2  38  23 
5145	6  43  36 
5147	2  30  24 
5149	2  31  23 
5151	2  22  36 
5153	2  38  37 
5153	2  25  23 
5155	2  30  36 
5157	2  38  24 
5159	2  31  37 
5161	2  38  36 
5163	2  31  24 
5163	6  36  22 
5169	2  25  37 
5171	2  31  22 
5173	2  25  24 
5175	2  23  37 
5177	2  25  22 
5179	2  23  24 
5181	2  23  22 
5183	2  37  24 
5185	2  37  22 
5187	2  24  22 
