   1	2   9  24 
   3	6  25   9 
   1	6  12   5 
   9	2  25  26 
   9	6  11   3 
  11	2  24  26 
  13	6  32  30 
  15	6  17   4 
  21	2  25  12 
  23	2  25  32 
  23	6  10   5 
   9	6  15  14 
  19	6  22  15 
  29	2  24  12 
  31	2  25  11 
  31	6  20  13 
  33	2  24  32 
  35	2  25  17 
  37	2  26  12 
  37	6  16   3 
  39	2  26  32 
   1	6  45  43 
  19	6  45  37 
  25	6  46  44 
  41	6  32  20 
  47	2  24  11 
  47	6  41  33 
  49	2  24  17 
  49	2  12  20 
  49	6  30  22 
  53	2  25  10 
  55	2  26  11 
  55	6  31  30 
  57	2  26  17 
  59	2  12  11 
  61	2  25  32 
  61	2  20  11 
  63	2  24  10 
  63	6  20   5 
  65	2  25  33 
  67	2  24  32 
  69	2  26  10 
  71	2  12  17 
  71	2  26  32 
  73	2  25  38 
  73	2  12  10 
  75	2  24  33 
  75	6  19  12 
  77	2  25  31 
  79	2  24  38 
  81	2   5  17 
  81	2  26  33 
  81	6  39  38 
  83	2   5  10 
  85	2  11  17 
  87	2  19  32 
  89	2  25  16 
  89	6  11   3 
  91	2  24  31 
  93	2  26  39 
  93	2  24  16 
  95	2  19  33 
  95	2   3  10 
  95	6  24  16 
  95	6  46  38 
  97	6  33  19 
 101	2  17  10 
 101	6  38  30 
 101	6  47  46 
 103	6  18   5 
 107	2  33  39 
 109	2  18  32 
 111	2  25  23 
 111	6  46  38 
 113	2  18  19 
 113	2  16  23 
 111	6  10   3 
 113	6  33  32 
 117	6  19  10 
 117	6  46  45 
  31	6  43  36 
 113	6  36  29 
 119	6  29  22 
 123	2  26  31 
 123	6  47  40 
 125	2  25   4 
 127	2  26  24 
  91	6   8   1 
 125	6  15   8 
 129	2  19  33 
 131	2  32  31 
 131	2  19  10 
 133	2  18  39 
 135	2  17  33 
 137	2  25   9 
 139	2  16   4 
 139	6  39  27 
 141	2  17  10 
 143	2  16   9 
 141	6  12   4 
 145	2  32  24 
 145	6  10   9 
 147	2  19  27 
 149	2  25  37 
 151	2  26  23 
 151	6   5   3 
 153	2  18  31 
 155	2  32  23 
 153	6  27  20 
 157	2  18  24 
 159	2  26  12 
 159	2  16  37 
 161	2  19  31 
 163	2  17  20 
 163	6  39  37 
 165	2  19  24 
 167	6  18  15 
 173	2  25  30 
 173	6   9   1 
 175	2  25  11 
 177	2  25  38 
 175	6  43  29 
 179	2  26  10 
 181	2  15  23 
 181	2  26  39 
 181	6  10   5 
 183	6  32  26 
 187	2  16  30 
 189	2  26  12 
 189	2  17  31 
 191	2  26   5 
 191	6  38  29 
 193	2  17  24 
 181	6  43  42 
 193	6  33  19 
 187	6   2   1 
 193	6   4   2 
 195	6  24  16 
 199	2  26  39 
 197	6  43  37 
 201	2  10  19 
 193	6   7   0 
 199	6   8   7 
 203	2  10   4 
 203	2  32  30 
 205	2  19   4 
 205	6  46  31 
 205	6  16   8 
 205	6  21  14 
 207	6  20   4 
 211	2  25  31 
 211	6  46  39 
 213	2  10   4 
 215	2  19   4 
 211	6  21   8 
 217	2  24  11 
 217	6  39  33 
 219	2  20   4 
 219	2  24  29 
 221	2  24  31 
 217	6  15   8 
 221	6  12  10 
 223	6  39  30 
 227	2   8  10 
 227	6  27  13 
 229	2  30  23 
 231	2  17  23 
 229	6   8   3 
 233	2  26  39 
 233	6  23  21 
 235	2  12  33 
 237	2   3   5 
 237	6  33  20 
 235	6  46  45 
 239	6  23  10 
 243	2  19  20 
 239	6  21  14 
 243	6  45  39 
 245	2  30  23 
 245	2  12  10 
 247	2  17  23 
 245	6  14   8 
 249	2  32  11 
 249	6  23  22 
 251	2  19  10 
 253	2  33  20 
 253	6   8   3 
 255	2  25  23 
 257	2  32  29 
 259	2  12   3 
 259	2  24  23 
 259	6  39  36 
 261	2  19   3 
 263	2   4  20 
 259	6  14   8 
 265	2  26  11 
 265	6  35  14 
 267	2  25  40 
 269	2  32  31 
 265	6  45  44 
 267	6  12  10 
 271	2  35  36 
 271	2  32  23 
 273	2  35  44 
 273	2  33  12 
 273	6  23   9 
 275	2   4  12 
 275	2  25  18 
 277	2  20  12 
 275	6  35  28 
 279	2  24  40 
 279	6  12   3 
 281	2  25  23 
 283	2  32  40 
 281	6  28  14 
 285	2  33  12 
 287	2  10  22 
 287	6  39  26 
 289	2   4  12 
 289	6  14   9 
 293	2  24  18 
 289	6  30  29 
 291	6   5   4 
 295	2  39  30 
 295	6  19  17 
 297	2  39  31 
 295	6  21  14 
 297	6   4   2 
 301	2  17  22 
 299	6  39  37 
 303	2   9  11 
 303	2  24  23 
 305	2   9  30 
 305	2  20  12 
 307	2  37  21 
 307	2  25  27 
 307	2   3  12 
 309	2  32  18 
 309	6  29   8 
 311	6  19   4 
 315	2   8   2 
 315	2  37  40 
 317	2   4   2 
 317	2  25  38 
 317	6  36  29 
 319	2  10   2 
 319	2  25  39 
 321	2  17   2 
 321	6  39  33 
 323	2   8  29 
 323	6  25  18 
 323	6   4   3 
 325	6  29   8 
 327	6  40  27 
 331	2  29  44 
 331	2   3   8 
 333	2  10   8 
 333	2  32  23 
 333	6  41  27 
 335	2  17   8 
 337	2  18  16 
 333	6  44  36 
 337	6   3   1 
 339	2  24  40 
 341	2  37  25 
 343	2  24  38 
 343	6  14   1 
 345	2  32  40 
 345	2  37  23 
 347	2  24  33 
 343	6  11  10 
 347	6  36  28 
 349	2  32  38 
 351	2  24  16 
 351	2  32  33 
 349	6   7   2 
 353	2  37  40 
 353	6  17  11 
 355	2  14  28 
 355	2  37  38 
 357	6  31  22 
 355	6  41  34 
 357	6   8   7 
 355	6   3   2 
 359	6  19   5 
 363	2  39  31 
 363	2   9  22 
 365	2  19  31 
 365	2   9  21 
 367	2  18  15 
 367	6  39  37 
 369	2  18  27 
 371	2  24  15 
 369	6   2   1 
 373	2  39  33 
 371	6  20  19 
 375	2  32  16 
 371	6  11   4 
 373	6  37  29 
 377	2  18   3 
 377	6  46  40 
 379	2  29   8 
 381	2  19  31 
 381	6  21   7 
 383	2  24  27 
 385	2  24   3 
 385	6  20  19 
 387	2  29  21 
 385	6  40  33 
 387	6  24   9 
 389	6  28  22 
 393	2  18   2 
 387	6  38  37 
 393	6  39  37 
 395	2  17  22 
 397	2   9   2 
 391	6  34  27 
 397	6  19  11 
 397	6  22  15 
 397	6  35  28 
 399	6  33  31 
 403	2  11   8 
 399	6  46  45 
 403	6  29  28 
 405	2  24  27 
 407	2  19  33 
 405	6   8   3 
 409	2  24  25 
 409	6  20  12 
 411	2  24  23 
 413	2  24  45 
 411	6   4   3 
 415	2  20  33 
 415	2  37  16 
 417	2   3  15 
 417	6  38  25 
 419	2  28  15 
 419	2  12   4 
 421	6  21   9 
 421	6  12   4 
 423	6  37  32 
 427	2  11   9 
 417	6  41  34 
 423	6  47  41 
 427	6  23  22 
 429	2  25  10 
 431	2   4   9 
 427	6  35  28 
 427	6  14   7 
 429	6  47  44 
 433	2   7  10 
 433	6  29  22 
 435	2  17  10 
 435	2  19  12 
 437	2   3  10 
 437	2  20  12 
 437	2  24  39 
 435	6  14   7 
 439	2  25  30 
 439	6   9   3 
 441	2  14  30 
 443	2  37  23 
 439	6  20  12 
 441	6  33  26 
 445	2  17  30 
 443	6  35  28 
 447	2  19   3 
 447	2  37  44 
 445	6  15   8 
 449	2  12   3 
 449	2  24  40 
 449	6  35  29 
 451	2  11   8 
 453	2  26  20 
 453	2  24  16 
 451	6  44  38 
 453	6   4   2 
 457	2  32  23 
 455	6  28  14 
 459	2  18  31 
 459	6   5   3 
 461	2  32  38 
 461	2  24  23 
 463	2  24  38 
 461	6  21  15 
 465	2  26   5 
 467	2   9  30 
 467	2  20   5 
 469	2   2   8 
 469	2  37  21 
 469	6  17   4 
 471	6  32  30 
 471	6  14   1 
 475	6  19   4 
 477	2  15  31 
 479	2  30  21 
 479	6   9   1 
 481	6  37  25 
 485	2   9  10 
 481	6  14   7 
 487	2  37  29 
 487	2  11  10 
 487	6  26  19 
 489	2  28  29 
 489	2   2  10 
 491	6  37  21 
 493	2  18   3 
 495	2  25  17 
 491	6   8   1 
 495	6  12  11 
 497	2  21  14 
 497	2  25  31 
 499	2  28  14 
 499	2  24  37 
 495	6  40  27 
 497	6   2   1 
 501	2  30  17 
 501	6  32  26 
 503	2   4   2 
 503	2  24  17 
 505	2   4  10 
 501	6  35  21 
 507	2  32  29 
 507	2  11   2 
 509	2   8  29 
 509	6  45  40 
 511	2  11  10 
 511	2  30  31 
 513	2  15   3 
 513	2  24  31 
 511	6  43  35 
 515	6  25   9 
 517	2  43  45 
 519	2  43  44 
 515	6  30  22 
 519	6  35  28 
 521	2  25  26 
 521	2   9   3 
 523	2  12  26 
 521	6  23  14 
 521	6  45  37 
 523	6   3   1 
 527	2  35  37 
 525	6  26  12 
 529	2  35  44 
 527	6  24  16 
 531	2   3  12 
 531	6  36  21 
 533	2   4  12 
 535	2  11  12 
 521	6  40  39 
 531	6  45  39 
 533	6  25  24 
 537	2  43  36 
 535	6   3   2 
 539	2  32  23 
 539	2  43  45 
 537	6  20   5 
 541	2  32  37 
 537	6  14   8 
 541	6  18  17 
 543	2  35  36 
 545	2  22   1 
 543	6  40  38 
 547	2  14  23 
 547	2  19   3 
 549	2  24  29 
 549	2   5   3 
 549	6  40  27 
 551	2  24  23 
 553	2  17  30 
 549	6  45  44 
 551	6  21  15 
 555	2  32  45 
 551	6   4   3 
 557	2  43  38 
 557	2  19  10 
 557	6  28  14 
 559	2  19  12 
 561	2   5  10 
 559	6  45  43 
 563	2  20   4 
 563	2  21  30 
 559	6  32  25 
 565	2  28  37 
 565	2   5  12 
 565	2  17  15 
 565	6  40  39 
 567	2  35  44 
 567	2  21  15 
 569	2  28  43 
 569	2  16   1 
 567	6  20   4 
 571	2  24  37 
 571	6  42  28 
 573	2  45  39 
 573	2   4  10 
 575	2  45  32 
 575	2   4  12 
 571	6  14   8 
 575	6  23  17 
 577	6  28  14 
 577	6  39  37 
 577	6  20   4 
 583	2  35  38 
 583	2   4  10 
 585	2  35  37 
 585	2   4  12 
 585	6  26  17 
 585	6   8   2 
 587	6  38  35 
 591	2  10  12 
 593	2  17  29 
 593	2  38  32 
 595	2  17  26 
 595	6  45  36 
 595	6   3   2 
 597	6  26  17 
 601	2  36  28 
 601	6  39  31 
 603	6  44  28 
 603	6  17   8 
 603	6  27  19 
 609	2  17  29 
 609	2  38  44 
 609	6   8   2 
 611	2  26  31 
 611	6  11  10 
 615	2  23  14 
 611	6  44  43 
 613	6  32  25 
 617	2   8  29 
 619	2  32  45 
 619	2  21  14 
 619	6  19  18 
 621	2  42  45 
 621	2  23  21 
 623	2   9  30 
 625	2  17   2 
 625	2  22  30 
 625	6  44  39 
 627	2   8   2 
 629	2   9  15 
 627	6  25  18 
 631	2   9  14 
 627	6  29  28 
 631	6  45  40 
 633	2  22  15 
 635	2  16  30 
 637	2  32  29 
 637	6  10   8 
 639	2  42  29 
 639	6  39  25 
 643	2  22  14 
 641	6  44  35 
 645	2  24  25 
 645	2  16  15 
 645	6  40  33 
 647	2  17  31 
 649	2  23   9 
 651	2  32  44 
 651	2  23  22 
 651	6  14   8 
 653	2  24  33 
 653	2  42  44 
 655	2  26  25 
 655	6  42  30 
 657	2  26  33 
 659	2  17  25 
 659	6  40  27 
 661	2  14  28 
 663	2  24  29 
 661	6  44  43 
 665	2  10  31 
 663	6  15  14 
 667	2  32  37 
 667	6  19  17 
 669	2  36  39 
 671	2  30  37 
 671	6  46  40 
 673	2  15   2 
 675	2  10  25 
 671	6  42  28 
 675	6  23  15 
 677	2  32  18 
 677	2  36  45 
 679	2  19  33 
 679	6  42  37 
 681	2  21   9 
 683	2  16   8 
 683	2  21  22 
 677	6   5   4 
 681	6  46  32 
 685	2  15  16 
 683	6  19   4 
 687	2  23  31 
 687	2  46  44 
 689	2  32  37 
 689	2  21  16 
 689	6   3   2 
 691	2  38  39 
 691	2  23  25 
 693	2  30  18 
 693	2  46  39 
 695	2  38  45 
 695	2   9  22 
 695	6  33  19 
 697	2  30  44 
 697	2   9  16 
 699	2  46  45 
 699	2  22  16 
 699	6  37  31 
 701	2  10  19 
 703	6  18   3 
 705	2  33  31 
 707	2  30  39 
 705	6  44  43 
 709	2  32  18 
 707	6  27  20 
 711	2  32  37 
 711	6  23  17 
 713	2  32  25 
 697	6   7   1 
 703	6  21   7 
 709	6  15  14 
 713	6  46  37 
 717	2  17  19 
 715	6  14   8 
 719	2  33  18 
 719	2  30  45 
 721	2  36  23 
 721	2  33  46 
 723	2  36  35 
 723	2  38  23 
 723	2  33  25 
 725	2  32  19 
 725	2  36  21 
 727	2  38  35 
 727	6  26  17 
 729	2  36  28 
 709	6   4   3 
 715	6   3   2 
 721	6   8   2 
 729	6  45  44 
 733	2  17  29 
 733	6  33  27 
 735	2   8  29 
 737	2  37  23 
 721	6   5   4 
 727	6  12   4 
 735	6  12  11 
 739	2  24  45 
 737	6  28  14 
 741	2  33  31 
 737	6   9   2 
 741	6  43  42 
 743	2  33  18 
 743	2  30  23 
 745	2  33  46 
 745	6  22  10 
 747	2  27  19 
 749	2  33  25 
 747	6  43  38 
 751	2  22  29 
 751	2  33  19 
 751	6  16   9 
 753	2  37  35 
 755	2  30  35 
 751	6   5   4 
 753	6  32  26 
 757	2  36  15 
 757	6  18  11 
 759	2  36  28 
 753	6  46  41 
 759	6  45  32 
 759	6  41  27 
 759	6  23  16 
 759	6  14   7 
 761	6  43  35 
 765	2  24  38 
 763	6  10   4 
 767	2  45  29 
 767	6  32  26 
 769	2  35  21 
 771	2  37  21 
 765	6  41  40 
 769	6  16   8 
 773	2  18  31 
 773	6  35  21 
 775	2  17  26 
 777	2  24  10 
 773	6  46  40 
 779	2  17  38 
 779	2  21   7 
 781	2  17  10 
 781	2  32  29 
 781	6   8   7 
 783	2  18  11 
 783	2  30  35 
 785	2  18  27 
 783	6  46  45 
 787	2  18  25 
 787	2  21  15 
 785	6  42  30 
 789	2  18  19 
 789	6  39  33 
 791	2  24  30 
 791	2  21  28 
 793	2  17  30 
 789	6  15   8 
 791	6  19  12 
 795	2  24  33 
 795	6  37  29 
 797	2  17  33 
 793	6  42  35 
 797	6   5   4 
 801	2  45  37 
 799	6  18  16 
 803	2  39  37 
 805	2  18  26 
 805	2  29  15 
 805	6  31  24 
 807	6  35  14 
 811	2  19  24 
 803	6   4   3 
 809	6   9   2 
 813	2  19  11 
 813	2  31  44 
 813	2  14  15 
 815	2   3  24 
 815	6  27  13 
 817	2   3  11 
 817	2  23  36 
 819	2  16  37 
 819	6   4   3 
 821	2  19  13 
 821	2  29   8 
 823	2  19  25 
 823	2  23  21 
 823	2  35  36 
 823	6   8   7 
 825	2   4  13 
 825	2  29  28 
 827	2  24  11 
 827	2  35  21 
 821	6  39  38 
 827	6  44  38 
 829	2  19  12 
 829	2  14   7 
 829	2  23  29 
 831	2  14  28 
 831	6  24  19 
 833	2  35  29 
 833	6  15   9 
 837	2  19  13 
 837	2  24  37 
 839	2  18  39 
 839	6  23  22 
 841	2  18  10 
 843	2  11  13 
 841	6  46  32 
 845	2  15  36 
 845	6   5   3 
 847	2  23  26 
 849	2  23  39 
 851	2  32  26 
 851	2  23  10 
 849	6  36  28 
 853	2  32  39 
 853	6  16   3 
 853	6  34  26 
 855	6  45  39 
 859	2  18  30 
 859	2  15  21 
 859	6   9   2 
 861	2  46  34 
 861	2  23  30 
 863	2  18  33 
 863	2  46  45 
 863	2  22  14 
 863	6  37  30 
 865	2  39  34 
 867	2  39  45 
 865	6  21   9 
 865	6  24  18 
 869	6  46  34 
 871	2  16  28 
 873	2  35  14 
 873	6  18   3 
 875	2  44  46 
 875	2  15  29 
 877	2  44  45 
 877	2  21  28 
 877	6  31  23 
 879	2  15  14 
 879	6  26  10 
 879	6  43  36 
 883	6  28  22 
 885	2  32  26 
 885	2  16   9 
 887	2  31  33 
 885	6  45  44 
 889	2  23   8 
 889	2  34  26 
 889	6  42  28 
 891	2  17  38 
 893	2  17   8 
 893	6  46  34 
 895	2  23  36 
 897	2  23  28 
 895	6   6   3 
 899	2  24  38 
 899	6  29  15 
 901	2   4  25 
 903	2  31  38 
 903	2  18  34 
 905	2  32  37 
 905	2   4  12 
 905	2  16  15 
 905	6  34  27 
 907	2  24   8 
 909	2  46  37 
 909	2  19  25 
 909	2  21   9 
 911	2  32  33 
 911	2  23   2 
 911	2  19  12 
 911	6  43  35 
 913	2  39  26 
 913	2  23   7 
 915	2  32  38 
 915	2  16  14 
 915	6  19   4 
 917	2  39  37 
 917	2  21  15 
 919	2  23  35 
 919	6  45  40 
 921	2  11  25 
 921	2  21  14 
 923	2  11  12 
 923	2  22   9 
 921	6  42  35 
 925	2  46  33 
 925	2  22  15 
 923	6  31  24 
 927	2  40  26 
 927	2  22  14 
 927	6  45  44 
 929	2  24   8 
 929	2  39  33 
 931	2   6  27 
 931	2  35  23 
 933	2  46  38 
 933	2  13  25 
 933	2   9  15 
 933	6  43  29 
 935	2  39  38 
 935	2  13  12 
 935	2   9  14 
 937	2  25  12 
 937	2  15  14 
 937	6  45  39 
 939	2  29  23 
 939	6  27   6 
 939	6  10   8 
 941	6  36  23 
 945	6  32  18 
 947	2  43  36 
 947	6  28  22 
 951	2  32  39 
 951	2  18  10 
 945	6   8   7 
 949	6  44  42 
 953	2  17  23 
 953	2  32  26 
 953	6   9   2 
 955	2  31  23 
 957	2  24  23 
 957	2  27  39 
 955	6  36  21 
 959	2  27  26 
 959	6   8   2 
 961	2  17  22 
 963	2  31  22 
 961	6  27  26 
 965	2  17   9 
 961	6  45  44 
 965	6  31  22 
 967	6  19  10 
 971	2  40  37 
 971	6  22  15 
 973	2  17   2 
 973	2  40  33 
 975	2  24  31 
 973	6  45  37 
 977	2  15   9 
 973	6  27  19 
 977	6  24  17 
 979	2  15   2 
 979	2  40  38 
 979	6  35  29 
 983	2  32  45 
 983	2  17   9 
 981	6  41  27 
 985	2  18  23 
 985	6  45  39 
 987	2  17   2 
 989	2  16  21 
 985	6  36  35 
 991	2  46  41 
 991	2  35  21 
 991	6  30  24 
 993	2  32  33 
 993	2  28  21 
 995	2  26  39 
 995	2   8  21 
 945	6   6   5 
 987	6  12   4 
 997	2  10  24 
 997	2  26  33 
 997	2  22  21 
 993	6  48  41 
 997	6  46  44 
 999	2  10   5 
 999	2  14  21 
1001	2  12  24 
1001	6  21   8 
1003	2  12   5 
1003	2  30  37 
1003	2  46  48 
1005	2  11  24 
1005	2  40  48 
1005	6  20  13 
1007	2  18  31 
1009	2  44  23 
1009	2  11   5 
1007	6  48  34 
1011	2  29  30 
1011	2  18   9 
1011	2  32  38 
1013	2  44  31 
1013	6  17  10 
1015	2  36  30 
1015	2  32  34 
1017	2  26  38 
1013	6  21  15 
1017	6  43  35 
1019	2  18   2 
1021	2  26  34 
1019	6  31  23 
1019	6  46  39 
1021	6   9   8 
1025	2  21  37 
1023	6  20  18 
1027	2  39  31 
1027	2  29  21 
1021	6   4   3 
1029	2  18  24 
1029	2  36  21 
1029	6  45  38 
1031	2  18   5 
1033	2  25  24 
1029	6  40  33 
1031	6  29   8 
1033	6  11   5 
1037	2  44  29 
1035	6  46  40 
1039	2  25  11 
1039	2  35  30 
1037	6   8   2 
1041	2  39  23 
1041	6  18  12 
1043	2  33  31 
1043	2  35  21 
1045	2  32  31 
1045	6  44  29 
1047	6  33  17 
1051	6  29  21 
1053	2  33  38 
1055	2  33  19 
1053	6  24  17 
1057	2  33  40 
1057	2  21   8 
1059	2  33  46 
1059	2   3  17 
1059	6  21   8 
1061	2  39  44 
1061	2  24  23 
1061	2   3  11 
1063	2  33  45 
1063	2  17  11 
1065	2  16  30 
1065	2  33  34 
1065	6  25  18 
1067	2  16  29 
1069	2  43  30 
1065	6  45  39 
1065	6  20   5 
1069	6  16  10 
1071	2  25  38 
1071	2  43  29 
1073	2  25  19 
1073	2  28  30 
1071	6   5   4 
1075	2  16  37 
1075	6  41  20 
1077	2   2  16 
1077	2  28  29 
1079	2  15  30 
1077	6  45  43 
1081	2  25  40 
1081	2  22  30 
1077	6  11   4 
1083	2  41  38 
1083	6  28  16 
1083	6  20  12 
1085	6  38  33 
1089	2  36  28 
1083	6   4   3 
1089	6  16  11 
1091	2  35  28 
1091	6  41  27 
1095	2  16  37 
1093	6  28  21 
1097	2  27  19 
1097	2   2  16 
1095	6  11   4 
1099	2  20  33 
1099	2  43  28 
1099	6  38  24 
1101	2  20  19 
1101	2  15  29 
1103	2  22  29 
1101	6  40  34 
1105	2  38  44 
1103	6  19  11 
1107	2  27  34 
1107	2  32  23 
1105	6  21  14 
1109	2  25  46 
1109	6   5   3 
1111	2  18  33 
1111	2  21  30 
1113	2  26  31 
1113	2  21  29 
1111	6  45  44 
1115	2  20  34 
1115	2  18  11 
1115	2  24  31 
1111	6  16   8 
1115	6  36  28 
1117	2  25  39 
1119	2  19  33 
1117	6  14   9 
1121	2  38  36 
1121	2  19  11 
1121	6  34  27 
1123	2  16  37 
1125	2   2  16 
1125	2  43  37 
1123	6  12   5 
1127	2  34  46 
1127	2  10   9 
1123	6  28  21 
1127	6  24  23 
1129	2  21   8 
1129	2  34  39 
1131	2  38  37 
1129	6  20  19 
1133	2  32  45 
1133	2  21  16 
1135	2  26  24 
1133	6  43  36 
1137	2  25  40 
1135	6  21   8 
1139	2  18  27 
1135	6  45  38 
1141	2  17  33 
1141	2  35  21 
1141	6   8   2 
1143	2  26  38 
1143	2  17  11 
1145	2  23  24 
1145	2  34  40 
1143	6  35  28 
1147	2  25  31 
1147	2  20  27 
1145	6  44  37 
1149	2  12  33 
1149	2  28  16 
1151	2  23  38 
1151	2  12  11 
1151	6  34  26 
1153	2  14  30 
1155	2  14  29 
1153	6  46  39 
1157	2  25  24 
1157	2  30  29 
1153	6  10   9 
1155	6  44  43 
1159	2   9  21 
1159	2  26  31 
1161	2  32  44 
1161	2   9  16 
1161	6  27  19 
1163	6  44  32 
1163	6  22   8 
1167	6  19  11 
1169	2  22  36 
1169	2  34  32 
1171	2  44  43 
1171	2  23  32 
1169	6   8   2 
1173	2  27  39 
1173	2  17  11 
1173	6  36  22 
1175	2  18  39 
1177	2  12  11 
1177	6  39  27 
1179	2   8  22 
1181	2  28  22 
1179	6  44  43 
1183	2  39  46 
1183	2  20  27 
1183	2   9  22 
1179	6  12  11 
1185	2  36  45 
1185	2  26  24 
1185	6  15   8 
1187	2  39  40 
1187	2  36  43 
1189	2  25  38 
1187	6  27  20 
1191	2  39  31 
1191	6  22  10 
1193	2  25  32 
1191	6  45  44 
1193	6  47  34 
1197	2  37  22 
1197	6   4   1 
1199	2  37  21 
1201	2  47  45 
1201	6  31  23 
1203	2  33  19 
1201	6  21  14 
1203	6  44  36 
1207	2  17  20 
1205	6  46  40 
1209	2  15  36 
1209	2  11  20 
1211	2   1  22 
1211	2  33  12 
1213	2  44  47 
1213	2   1  14 
1213	2  19  12 
1215	2  28  36 
1215	2  31  45 
1213	6  17  10 
1217	2   8  22 
1217	2  26  38 
1217	6  43  35 
1219	2  39  24 
1219	2   8  14 
1221	2  26  32 
1221	6  22   9 
1223	2  39  38 
1225	2  33  20 
1225	6  37  31 
1227	2   2   9 
1227	2  19  20 
1229	2   2  14 
1229	2  12  20 
1225	6  46  45 
1227	6  40  33 
1231	2  31  16 
1231	6  35  21 
1233	2  18  33 
1233	2  44  37 
1235	2  27  33 
1235	2  31  17 
1237	2  15  21 
1237	2  25  46 
1237	6  36  29 
1239	2   1  16 
1239	2  39  32 
1241	2   1  17 
1241	6  47  38 
1243	2  28  21 
1243	2   8  16 
1245	2  22  29 
1245	2   8  17 
1239	6  34  26 
1245	6  33  26 
1247	2  22  21 
1249	2  31  29 
1249	2   2  16 
1251	2  10  26 
1251	6  30  21 
1253	2  11  26 
1255	2  34  46 
1251	6   7   1 
1251	6  43  35 
1253	6  16   9 
1257	2  40  26 
1257	2  31  30 
1257	6  21   7 
1259	2  39  46 
1259	2  19  26 
1259	2   2  17 
1261	2  12  26 
1257	6  36  35 
1261	6  45  31 
1263	2  21  29 
1263	2  20  26 
1261	6  47  40 
1261	6   9   2 
1265	6  36  22 
1267	2  18  31 
1267	6  33  27 
1271	2  18  23 
1267	6   7   2 
1271	6  43  37 
1273	2  18  24 
1275	2  22  16 
1271	6  35  28 
1273	6  33  32 
1277	2  22  14 
1275	6  19  11 
1279	2  32  31 
1279	2  22   7 
1277	6  46  44 
1281	2  22  17 
1283	2  32  23 
1283	6  28  14 
1285	2  10  31 
1287	2  46  25 
1289	2  32  24 
1289	6  29  15 
1291	2  46  34 
1293	2  46  39 
1289	6  19  18 
1295	2  29  38 
1295	2   8  15 
1295	6  17  11 
1297	2  29  43 
1299	2  35  38 
1295	6  26  19 
1297	6   8   2 
1301	2  26  40 
1301	2  35  43 
1301	2  21  30 
1301	6  12  11 
1303	2  36  38 
1303	2  26  33 
1303	2   9  15 
1305	2  37  16 
1305	6  40  26 
1307	2  10  23 
1307	2  36  43 
1307	2  45  38 
1309	2  37  28 
1309	2   8  16 
1311	2  18  31 
1311	2  22  15 
1311	6  46  44 
1313	2  32  26 
1313	2  14  16 
1315	2  10  24 
1315	6  28   7 
1317	2  40  46 
1319	2  32  33 
1315	6  19  12 
1319	6  44  38 
1321	2  18  23 
1321	2   8   7 
1323	2  10  26 
1323	2  14   7 
1323	6  30  23 
1325	2  45  43 
1327	2  32  46 
1325	6  19  10 
1329	2  47  31 
1325	6  14   8 
1327	6  44  36 
1331	2  18  24 
1331	6  15   2 
1333	2  38  40 
1333	2  18  26 
1335	2  19  33 
1333	6  43  35 
1337	2  17  31 
1335	6  47  46 
1339	2  21  36 
1339	2  38  32 
1337	6  26  19 
1341	2  46  30 
1337	6   8   7 
1343	2  15  23 
1343	2  37  28 
1343	2  26  47 
1345	2  17  30 
1345	2  21  35 
1345	6  47  34 
1347	2  15  36 
1349	2   9  23 
1349	2  14  28 
1347	6  25  18 
1351	2  22  23 
1351	6  46  39 
1353	2  25  33 
1353	2   7  28 
1355	2  16   8 
1355	2  25  34 
1355	6  35  21 
1357	2  39  24 
1359	2  17  24 
1359	6  39  26 
1361	2  15  21 
1363	2  16  28 
1365	2  26  19 
1365	2  38  39 
1365	6  29   8 
1367	2  26  33 
1369	2  26  34 
1367	6  18  17 
1371	2  29  28 
1367	6  47  39 
1371	6  15   9 
1373	2  18  19 
1375	2  38  25 
1373	6  43  29 
1377	2   8  17 
1377	6  39  32 
1379	2  29  17 
1381	2  15  36 
1383	2  15  21 
1383	2  18  33 
1383	6  44  30 
1385	2  18  34 
1385	6   9   8 
1389	2  22  36 
1387	6  25  11 
1391	2  22  21 
1387	6  34  20 
1389	6  45  39 
1393	2  30  17 
1393	6  19  12 
1395	2  25  31 
1397	2  34  31 
1395	6  15  10 
1399	2  38  26 
1401	2  19  31 
1401	6  22  15 
1401	6  10   2 
1403	6  38  25 
1401	6  40  34 
1403	6  20  12 
1407	6  10   9 
1409	2  37  22 
1409	2  25  18 
1411	2  38  44 
1411	2  14  22 
1407	6  47  40 
1409	6  27  20 
1413	2  38  24 
1413	6  15   9 
1415	2  47  44 
1415	6  24  19 
1417	6  37  29 
1417	6  47  40 
1421	6  25  10 
1423	2  29  15 
1425	2  29  23 
1425	2  14  15 
1423	6  40  34 
1427	2  25  32 
1427	2   7  22 
1423	6  45  38 
1427	6  43  35 
1429	2  25  46 
1429	2   7  15 
1431	2  25  40 
1431	2  16  22 
1433	2  37  32 
1433	2  16  15 
1433	6  41  27 
1435	2  37  46 
1437	2  30  32 
1435	6  15  14 
1439	2  25  38 
1439	2  29  36 
1439	6  47  41 
1441	2  15  23 
1443	2  29  21 
1435	6  12  10 
1441	6  44  32 
1445	6  21   7 
1447	2  37  40 
1449	2  25  41 
1449	2  37  38 
1451	2  30  46 
1451	2  34  19 
1453	2  45  47 
1453	2  24  32 
1453	2  35  22 
1455	2  25  11 
1455	2  34  47 
1455	2  15  36 
1457	2  45  33 
1457	2  21  23 
1459	2  24  19 
1459	2  34  33 
1459	2  15   7 
1459	6  45  37 
1461	2  31  32 
1461	2  16  23 
1463	2  25  26 
1463	2  28  22 
1461	6  47  41 
1465	2  31  19 
1465	2  35  14 
1467	2  45  47 
1467	2  25  18 
1467	2  21  36 
1463	6  10   9 
1469	2  32  19 
1469	2  21   7 
1469	6  37  30 
1471	2  28  14 
1473	2  22  14 
1469	6  47  46 
1471	6  34  18 
1475	6  39  31 
1475	6  43  29 
1475	6  15   8 
1477	6  41  26 
1481	2  31  17 
1481	6  36  21 
1483	2  24  26 
1485	2  24  33 
1481	6  46  45 
1483	6  12  11 
1487	2  31  44 
1487	6  46  40 
1489	2  29  17 
1491	2  29  44 
1489	6  20  12 
1493	2  37  46 
1493	2  15  17 
1495	2  31  47 
1495	6  44  36 
1497	2  31  46 
1499	2   2  17 
1495	6  27  20 
1499	6  47  46 
1501	2  37  38 
1501	2  10  17 
1503	2  15  36 
1503	6  27  25 
1505	2  37  45 
1505	2  16  21 
1507	2  16   7 
1505	6  47  41 
1509	2  31  38 
1507	6  43  29 
1511	2  40  25 
1509	6  16   2 
1513	2  43  46 
1513	6  18  11 
1515	2  40  47 
1515	2  31  45 
1517	2  40  34 
1517	2  35  23 
1517	6  44  38 
1519	2  29  17 
1521	2   8  17 
1521	2  35  21 
1519	6  41  40 
1523	2  30   9 
1521	6  27  19 
1525	2  28  23 
1523	6  46  45 
1527	2  18  30 
1529	2  37  25 
1529	2  28  21 
1529	6  46  40 
1531	2  11   9 
1531	2  31  25 
1531	2  22  23 
1533	2  18  11 
1533	2  22  21 
1531	6  44  43 
1535	2  39  26 
1535	2  14  23 
1535	6  35  28 
1537	2  44  46 
1537	2  24   9 
1539	2  44  43 
1539	2  39  33 
1539	2  18  24 
1541	2  32  26 
1541	2  28   7 
1541	6  46  44 
1543	2  32  33 
1543	2  14  21 
1545	2  27  26 
1545	2  23  21 
1543	6  10   9 
1547	2  46  40 
1547	6  35  14 
1549	2  46  25 
1551	2  27  33 
1551	6  24  10 
1553	2  14   7 
1553	2  26  33 
1551	6  47  46 
1553	6  36  29 
1557	2  39  24 
1555	6  14   7 
1559	2  16  29 
1559	6  39  34 
1561	2  22  14 
1563	2  35  14 
1559	6  25  19 
1565	2  25  30 
1565	6  41  40 
1567	2  25  11 
1569	2  25  10 
1565	6  45  43 
1565	6  21  15 
1571	2  37  46 
1571	2  18  34 
1571	6  28  21 
1573	2  37  39 
1575	2  31  46 
1575	6  43  36 
1577	2  31  39 
1579	2  47  46 
1579	2  32  24 
1577	6  21   9 
1581	2  25  34 
1581	2  47  39 
1583	2  28  36 
1583	2  18  32 
1583	2  23  14 
1585	2  28  44 
1585	2  27  24 
1585	6  40  39 
1587	2  21  29 
1587	2  18  27 
1589	2  43  29 
1589	2  26  24 
1589	2  15  14 
1591	2  39  30 
1591	2  18  26 
1591	6  15   7 
1593	2  37  30 
1593	2  25  32 
1595	2  31  30 
1591	6  35  28 
1593	6  19  11 
1597	2   8  29 
1593	6  47  46 
1599	2  38  17 
1599	6  28  14 
1601	2   2  17 
1603	2   9  17 
1601	6  45  43 
1605	2  15  17 
1601	6  41  40 
1601	6  27  19 
1607	2  35  43 
1607	2  39  27 
1607	2  22  17 
1607	6   8   2 
1609	2  38  29 
1609	2  25  19 
1611	2  46  30 
1611	2  25  26 
1611	6  43  35 
1613	2  33  24 
1615	2  18  33 
1613	6   9   7 
1617	2  18  24 
1613	6  29  22 
1613	6  38  37 
1617	6  46  40 
1619	2   8  22 
1621	2   7  22 
1617	6  27  26 
1619	6  43  37 
1623	2  15  22 
1623	2  25  33 
1619	6  11  10 
1625	2  37  46 
1625	2  14  17 
1627	2  38  26 
1627	2  29  22 
1629	2  31  26 
1629	2  14  22 
1631	2  40  26 
1631	2  23  17 
1631	6  36  21 
1633	2  25  24 
1635	2   9  17 
1631	6  45  38 
1637	2  16  21 
1637	2  18  25 
1637	6  38  30 
1639	6  14   2 
1637	6  43  35 
1639	6  18  11 
1643	6  45  31 
1645	2  36  21 
1645	6  26  19 
1649	2  30  21 
1645	6  17  16 
1645	6   2   0 
1651	2  14  21 
1651	2  39  18 
1653	2  35  21 
1653	2  39  34 
1653	6  44  30 
1655	2   8  21 
1655	2  39  32 
1657	2   7  21 
1657	2  39  26 
1659	2  17  30 
1659	2  15  21 
1659	6  40  27 
1661	2  36  30 
1663	2  44  30 
1661	6  15  10 
1665	2  39  40 
1665	6  43  36 
1667	2  31  18 
1669	2  31  34 
1667	6   9   8 
1671	2  31  32 
1671	2  29  21 
1671	6  19  11 
1673	2  14  30 
1673	2  39  33 
1675	2  35  30 
1675	6  39  33 
1677	2   0  21 
1679	2  23  22 
1677	6  37  36 
1681	2  33  24 
1679	6  14   7 
1683	2  31  26 
1681	6  47  46 
1685	2  36  15 
1685	2  19  33 
1687	2   9  30 
1687	6  46  45 
1689	2  14  30 
1689	2  25  33 
1691	2  23  21 
1691	6  32  18 
1693	2  36  45 
1695	2   8  22 
1693	6  47  41 
1697	2  28  16 
1699	2  46  32 
1699	2   8  21 
1699	6  44  36 
1701	2  27  32 
1703	2  31  40 
1701	6  15  10 
1705	2  44  47 
1701	6   1   0 
1707	2  44  38 
1707	2  28  22 
1707	6  26  11 
1709	2  15  30 
1711	2  29  30 
1709	6  46  40 
1713	2  28  21 
1711	6   9   1 
1715	2  40  34 
1713	6  37  23 
1717	2  27  34 
1713	6  19  18 
1717	6  40  32 
1719	2  17  23 
1721	2  16  22 
1719	6  43  36 
1723	2  32  19 
1723	2  16  21 
1723	6  41  34 
1725	2  36  23 
1727	2  31  39 
1727	2  22  21 
1727	6  16   8 
1729	2  27  19 
1729	2  31  24 
1731	2  18  31 
1727	6  43  36 
1729	6  46  40 
1733	2  36  23 
1733	6  27  26 
1735	2   7  23 
1737	2  35  23 
1735	6  44  38 
1739	6  23   8 
1739	6  34  19 
1741	6  46  43 
1745	2  17  19 
1745	2   1   8 
1747	2  17  10 
1747	2  14   8 
1747	2  25  31 
1747	6  46  34 
1749	2  15   8 
1751	2  29   8 
1753	2  34  19 
1753	2   9  30 
1755	2  32  11 
1755	6  36  22 
1757	2  32  40 
1757	2   9   8 
1759	2  26  11 
1757	6  45  38 
1761	2  26  40 
1761	6  29   8 
1763	2  32  39 
1765	2  26  39 
1767	2  17  38 
1767	6  34  27 
1769	2  37  30 
1769	2  32  24 
1771	2  37  29 
1771	2  18  32 
1769	6  46  45 
1773	2  16  30 
1773	2  25  32 
1773	6  27  12 
1775	2  16  29 
1777	2  28  30 
1775	6  47  39 
1779	2  12  10 
1779	2  28  29 
1781	2  46  34 
1781	2  23  30 
1781	6  19  11 
1783	2  46  43 
1785	2  46  41 
1785	2  23  29 
1787	2  46  45 
1787	2  26  24 
1787	6  11   9 
1789	2  33  31 
1791	2  33  32 
1791	2  36  30 
1793	2  22   9 
1793	2  18  26 
1793	2  31  32 
1793	6  46  40 
1795	2  22  10 
1795	2  25  26 
1797	2   7   9 
1797	2  36  29 
1797	6  25  12 
1799	6  35  14 
1803	2  25  38 
1799	6  10   2 
1805	2  22  38 
1805	2  33  26 
1807	2   7   2 
1807	2  40  19 
1807	6  35  23 
1809	2  40  46 
1811	2  40  47 
1809	6  14   7 
1813	2  40  24 
1815	2   7   9 
1815	2  31  26 
1817	2   7   2 
1817	2  32  26 
1817	6  24  17 
1819	2   1   9 
1821	2   1   2 
1813	6  44  36 
1819	6  37  22 
1819	6  40  26 
1825	2  24  39 
1825	6  28  14 
1827	2  25  39 
1829	2  37  39 
1829	2  18  26 
1831	2  24  36 
1833	2  23   9 
1833	2  12  26 
1833	6  38  36 
1835	2  15   9 
1835	2  33  26 
1837	2   8   9 
1837	6  34  18 
1839	2  28  36 
1841	2  21  30 
1839	6  45  39 
1843	2  24  18 
1843	2  21  29 
1845	2  25  38 
1845	6  22   7 
1847	2  25  18 
1847	2  37  38 
1849	6  45  43 
1851	2  23   2 
1853	2  15   2 
1853	2  30  29 
1847	6  41  33 
1853	6  32  18 
1855	2  28  43 
1855	2   8   2 
1857	2  22  36 
1857	6   8   1 
1859	2  24  45 
1861	2  24  33 
1859	6  35  21 
1863	2  24  39 
1863	2  11   9 
1865	2  37  32 
1865	2  11   2 
1865	6  21  15 
1867	2  24  19 
1869	2  31  26 
1867	6  36  29 
1871	2   7   9 
1871	2  18  26 
1867	6  46  45 
1873	2  25  46 
1873	2   7   2 
1873	6  43  28 
1875	2  25  33 
1875	2  16   9 
1877	2  25  39 
1877	2  16   2 
1879	2  43  38 
1879	2  22  28 
1879	2  25  19 
1879	6  16   9 
1881	2  37  46 
1883	2  40  26 
1879	6   7   1 
1881	6  28  21 
1885	2  24  45 
1887	2   8  29 
1887	6  45  32 
1889	2   8  21 
1891	2  23  29 
1891	6  10   8 
1893	2  43  45 
1893	2  23  21 
1893	2  25  32 
1895	2  43  46 
1897	2  22  38 
1897	6  17  10 
1899	2  28  29 
1901	2  28  21 
1897	6  33  25 
1899	6  45  43 
1903	2  14  16 
1903	6  32  19 
1905	2  22  43 
1907	2  14   2 
1907	6  43  36 
1909	2  15  16 
1911	2  15   2 
1907	6  46  45 
1909	6  33  19 
1909	6  31  24 
1913	6  44  28 
1913	6   8   2 
1915	6  40  19 
1919	6  28   7 
1919	6  45  44 
1921	6  24  12 
1925	2  28  29 
1921	6  41  33 
1927	2  37  25 
1927	2  28  21 
1927	6  16  15 
1929	2  37  39 
1931	2  46  25 
1929	6  35  28 
1933	2  17  38 
1935	2  23  38 
1935	6  28  14 
1937	2  31  47 
1939	2  37  32 
1935	6  18  10 
1939	6  47  41 
1941	2  45  38 
1941	2   7  15 
1943	2  31  18 
1943	2   7   8 
1941	6  43  28 
1945	2  46  39 
1945	2  14  15 
1945	6  25  12 
1947	2  40  41 
1947	2  14   8 
1945	6  30  23 
1947	6  44  35 
1951	2  23  15 
1949	6  47  39 
1953	2  22  35 
1951	6  34  18 
1955	2  44  38 
1955	2  28  15 
1957	2  37  39 
1957	6  22  17 
1959	2  46  32 
1961	2  40  34 
1957	6  12   4 
1961	6  45  37 
1963	2  17   4 
1965	2  23   8 
1963	6  40  26 
1967	2  22  36 
1967	6   9   4 
1969	2  30  36 
1969	2  46  39 
1971	2  37  36 
1969	6  28  21 
1973	2  18  31 
1973	2  44  36 
1971	6  47  41 
1975	2  22  35 
1975	2  18  26 
1975	2  24  31 
1977	2  22   9 
1977	2  45  47 
1977	6  34  32 
1979	2  46  47 
1979	2  21   8 
1981	2  15   8 
1979	6  17  11 
1983	2  30  35 
1983	6  15   1 
1985	2  37  35 
1985	2  24  26 
1987	2  45  32 
1985	6   4   3 
1989	2  44  35 
1989	2  33  31 
1989	6  16   9 
1991	2  46  32 
1993	2  33  26 
1991	6  28  22 
1995	2  25  31 
1991	6  13  11 
1995	6  41  34 
1997	2  17  29 
1999	2  17  22 
1997	6  45  39 
2001	2  15  29 
2001	2  25  26 
1997	6  20  13 
1999	6   3   2 
2003	2  20  34 
2003	2  30  16 
2003	6  39  25 
2005	2  15  22 
2005	6  36  30 
2009	2  20  41 
2005	6   9   2 
2007	6  22  15 
2011	2  18  25 
2009	6  46  45 
2013	2  24  25 
2011	6  34  20 
2015	2  17  38 
2011	6  35  28 
2017	2  34  46 
2017	2  17  30 
2017	6  35  21 
2019	2  34  47 
2019	2  10  31 
2021	2  34  32 
2021	6  23  17 
2021	6  20  12 
2021	6   9   8 
2023	6  45  32 
2027	2   8  29 
2027	6  12  11 
2029	2  37  16 
2031	2  22  38 
2031	2  33  25 
2031	6   9   2 
2033	2  43  29 
2033	2  18  32 
2035	2  23  28 
2035	6  44  37 
2037	2   8  15 
2037	2  18  34 
2039	2  24  32 
2037	6  29  21 
2041	2  33  32 
2039	6  11  10 
2043	2  22  30 
2043	2  39  25 
2043	6  43  36 
2045	2   9  21 
2045	2  19  31 
2047	2  22  28 
2047	2  11  26 
2049	2  37  16 
2049	2  19  26 
2051	2  36  15 
2051	2  39  32 
2053	2  23  16 
2053	2   7  21 
2053	2  11  25 
2053	6  38  36 
2055	2   9  15 
2055	2  19  25 
2057	2  22  16 
2051	6  34  27 
2059	2   7  15 
2059	2  40  31 
2059	6  36  28 
2061	2  24  27 
2063	2  33  27 
2063	6  23  10 
2065	2  14  21 
2065	2  39  27 
2067	2  40  26 
2065	6  43  36 
2069	2  14  15 
2069	2  11  32 
2071	2  29  23 
2071	2  11  27 
2071	6  14   8 
2073	2  36  23 
2075	2  19  32 
2073	6  47  41 
2077	2  44  23 
2077	2  19  27 
2079	2  14  28 
2079	2  37  23 
2079	6  47  39 
2081	2  14  30 
2083	2  10  23 
2079	6  34  27 
2081	6  43  35 
2085	2  22  23 
2085	2  40  25 
2085	6  38  37 
2087	2  40  32 
2089	2  40  34 
2085	6   9   7 
2087	6  28  22 
2091	2  31  26 
2091	6  17   9 
2093	2  37  22 
2095	2  37  30 
2097	2  14  35 
2097	2  31  25 
2099	2   7  22 
2099	2  37  35 
2099	2  26  25 
2101	2  14  16 
2101	2  31  32 
2101	6  43  29 
2103	2  26  32 
2105	2  25  32 
2101	6   1   0 
2107	2  17  22 
2107	6  43  38 
2109	2   9  21 
2111	2   8  22 
2109	6  24  18 
2113	2  38  39 
2113	2   9  15 
2115	2  38  46 
2115	2  14  23 
2115	6   2   1 
2117	2  36  39 
2119	2  38  41 
2117	6  14   7 
2121	2  44  39 
2119	6  35  28 
2123	2  38  45 
2123	6   7   1 
2125	2  24  38 
2125	2  29  21 
2127	2  31  34 
2127	6  44  43 
2129	2   9  22 
2129	2  26  34 
2131	2  29  15 
2131	2  25  34 
2133	2  44  39 
2133	2   0  21 
2133	6  24  10 
2135	2  29  22 
2137	2   0  15 
2135	6  46  44 
2139	2   7  21 
2135	6  41  33 
2139	6  31  18 
2141	2  36  44 
2141	2   7  15 
2143	2  43  44 
2143	2  21  15 
2143	6   7   0 
2145	2  46  44 
2147	2  24  39 
2145	6  22  15 
2149	2  31  38 
2145	6  19  11 
2147	6  44  36 
2151	2   7  15 
2151	2  32  34 
2153	2  14  30 
2153	6  46  33 
2155	2  14  28 
2157	2  17  30 
2159	2  44  46 
2159	2   0  15 
2159	6  25  19 
2161	2  44  45 
2161	2  21  15 
2163	2  43  46 
2163	2  22  15 
2159	6  17  10 
2165	2  43  45 
2165	6  30  17 
2167	2  33  46 
2163	6   7   1 
2165	6  28  21 
2169	6  46  41 
2171	2  24  36 
2173	2   8  17 
2173	6  36  35 
2175	2  46  38 
2175	2   9  17 
2177	2  33  45 
2173	6  22  21 
2177	6   3   0 
2179	2  30  44 
2181	2  36  39 
2183	2  37  16 
2183	6  41  26 
2185	2  30  43 
2187	2  36  35 
2187	2  14  16 
2187	6  39  38 
2189	2  24  26 
2191	2  10  22 
2193	2  31  44 
2193	2  10  16 
2193	6  21   7 
2195	2  31  43 
2197	2  46  44 
2195	6  27  11 
2199	2  37  23 
2199	2  47  39 
2199	6  28  21 
2201	2  24  45 
2203	2  46  43 
2203	6  34  19 
2205	2  14  23 
2207	2   8  22 
2205	6  45  43 
2209	2  10  23 
2209	6  26  19 
2211	2  47  44 
2211	2   8  16 
2213	2   9  22 
2213	2  47  45 
2215	2  30  33 
2215	6  10   1 
2217	2  30  24 
2219	2  31  33 
2215	6  21  14 
2217	6  45  44 
2221	2  29  17 
2223	2  25  39 
2223	2   9  16 
2223	2  29  22 
2221	6   7   1 
2225	2  31  24 
2225	2  46  33 
2225	6  36  28 
2227	2  27  39 
2227	2   8  23 
2229	2  10  17 
2229	2  47  33 
2231	2  36  38 
2231	2   9  23 
2231	6  19  11 
2233	2  36  35 
2233	2  40  39 
2235	2  37  38 
2233	6  22   9 
2237	2  37  35 
2233	6  25  24 
2235	6  47  34 
2239	2  29  16 
2239	6  44  38 
2241	2  10   9 
2241	2  29  23 
2243	2   3  17 
2241	6  40  27 
2245	2  10  16 
2243	6  29  21 
2247	2  46  25 
2247	2   3   9 
2249	2  29  44 
2249	2  34  25 
2249	6   8   3 
2251	2  24  45 
2253	2  29  35 
2253	2  24  38 
2251	6  34  27 
2255	2  18  39 
2255	6  28   7 
2257	2  40  45 
2259	2  24  33 
2257	6  11   3 
2261	2  28  44 
2261	2  24  25 
2261	2   8  16 
2261	6  48  34 
2263	2  28  35 
2263	2  10  23 
2265	2  14  17 
2263	6  46  38 
2267	2  14   9 
2267	6  41  25 
2269	6   3   0 
2273	2  40  46 
2265	6  43  35 
2271	6  36  21 
2275	2   7   0 
2275	2  40  33 
2275	6  24  11 
2277	2  21   0 
2277	2  48  45 
2279	2  48  46 
2279	6  28   7 
2281	2  25  39 
2283	2  40  41 
2283	6  38  24 
2285	2  28  35 
2285	2  48  33 
2287	2  21  35 
2287	2  48  41 
2285	6   7   0 
2289	2  30  28 
2289	2  47  39 
2289	6  25  18 
2291	2  30  21 
2293	2  38  44 
2293	2   8  23 
2295	2  31  28 
2295	6   8   1 
2297	2  38  43 
2299	2  32  39 
2297	6  28  22 
2301	2   8  17 
2295	6  27  19 
2299	6  37  30 
2303	2  14  16 
2303	2  26  39 
2305	2  24  22 
2305	2   8   9 
2305	6  45  39 
2307	2  15  17 
2309	2  14  23 
2309	6  19   3 
2311	2  28  44 
2311	2   8  16 
2313	2  28  43 
2313	6  14   7 
2315	2  25  39 
2315	2  36  44 
2317	2  25  46 
2317	2  36  43 
2315	6   3   2 
2319	2  30  14 
2319	2  25  33 
2321	2  30  35 
2321	2  15   9 
2321	6  33  18 
2323	2  29  14 
2325	2  37  30 
2325	2   0  14 
2325	6  35  28 
2327	2  33  39 
2327	2   8  23 
2329	2  33  46 
2329	2  15  16 
2329	6   7   0 
2331	2  29  28 
2331	2  47  39 
2331	2  17   9 
2333	2  37  29 
2333	2  25  41 
2335	2   7  28 
2335	2  33  18 
2335	2  47  46 
2335	6  44  38 
2337	2  33  41 
2337	2  15  23 
2339	2  17  16 
2339	6  29  14 
2341	2  32  39 
2341	2   9  16 
2343	2  32  46 
2343	6  19  10 
2345	2  44  29 
2347	2  44  28 
2345	6  15   7 
2349	2  35  29 
2349	2  26  39 
2351	2  35  28 
2351	2  45  39 
2351	2  17  23 
2351	6   8   2 
2353	2  36  29 
2355	2  36  28 
2351	6  33  26 
2353	6  24  11 
2353	6  47  39 
2357	6  29  15 
2359	2  39  18 
2361	2  39  41 
2361	6  25  19 
2363	2   8  22 
2365	2  37  29 
2363	6  40  39 
2367	2  24  22 
2367	2  37  44 
2365	6   8   1 
2369	2  25  38 
2369	6  29  21 
2371	2  32  18 
2373	2  33  46 
2371	6  15   8 
2375	2  31  29 
2375	2  45  46 
2373	6  17  11 
2377	2  31  30 
2377	2  47  46 
2377	6   8   1 
2379	2  17  29 
2381	2  17  30 
2379	6  45  39 
2383	2   8  29 
2383	6  34  18 
2385	2  37  35 
2387	2  37  36 
2385	6  23  15 
2389	2  32  41 
2385	6   7   0 
2389	6  45  43 
2391	2  33  34 
2391	2   9  15 
2393	2  33  41 
2393	2  16  15 
2391	6  31  24 
2395	6  28   7 
2397	2  39  34 
2399	2  39  41 
2397	6  24  23 
2401	2  47  34 
2401	6  37  28 
2403	2  47  41 
2401	6  10   2 
2401	6  15   8 
2403	6  32  25 
2407	2  23  14 
2405	6  48  46 
2409	2  23  21 
2407	6   9   1 
2411	2  31  29 
2411	2  48  34 
2413	2  17  14 
2413	2  48  41 
2413	6  46  39 
2415	2  15  30 
2415	2  34  41 
2417	2  43  22 
2415	6  18  10 
2419	2  32  45 
2419	2  15  14 
2421	2  24  38 
2421	2  43  29 
2421	6  15  14 
2423	2  31  30 
2425	2  24  45 
2427	2  23  44 
2429	2  37  38 
2429	6  22  17 
2431	2  37  45 
2433	6  38  33 
2435	2  22  21 
2437	2  14  21 
2415	6   1   0 
2421	6   2   1 
2427	6   4   2 
2433	6  12   4 
2435	6  24  17 
2439	6  44  29 
2441	2  18  33 
2443	2  12  33 
2441	6  16   9 
2445	2  22  29 
2445	6  33  18 
2447	2  43  30 
2449	2  14  29 
2433	6   1   0 
2445	6  46  45 
2447	6   3   1 
2451	2  39  24 
2451	6  36  21 
2453	2  19  24 
2455	2  26  24 
2453	6  46  41 
2457	2  23  35 
2457	2  11  18 
2453	6   8   2 
2459	2  32  16 
2459	6  43  28 
2461	2  17  16 
2461	2  33  41 
2463	2  40  24 
2459	6  20  12 
2461	6   8   7 
2465	2  39  44 
2465	2  23  21 
2465	2   3  18 
2467	2  31  15 
2467	2  20  41 
2469	2  22  35 
2469	2  25  24 
2469	6  41  20 
2471	2  31  36 
2471	2  22  21 
2473	2  28  15 
2473	2  38  24 
2467	6   4   3 
2475	2  39  30 
2475	2  11  20 
2477	2  37  16 
2477	6  33  19 
2479	2  14  35 
2481	2  28  36 
2477	6  47  46 
2479	6  31  30 
2483	2  14  21 
2483	2   4  20 
2481	6  17   9 
2485	2  30  29 
2483	6  46  44 
2487	2  19  16 
2487	2  28  29 
2485	6  41  34 
2489	2  30  35 
2489	2  17  18 
2489	6   5   2 
2491	2  33  46 
2491	2  30  21 
2493	2  33  31 
2493	2  28  35 
2495	2  28  21 
2495	2  45  24 
2495	6  34  33 
2497	2   5  18 
2495	6   9   8 
2497	6  44  30 
2497	6  48  47 
2501	6  33  26 
2503	2  30  24 
2501	6  11   9 
2503	6  44  43 
2507	2  32  11 
2505	6  29  22 
2509	2  44  32 
2509	6  17  11 
2511	2  33  46 
2513	2  33  31 
2509	6   9   8 
2511	6  22  14 
2515	2   9  17 
2515	2  40  46 
2511	6  44  36 
2517	2  23  32 
2517	2  11  20 
2519	2  29  32 
2519	2   5  20 
2519	6  17  16 
2521	2  40  31 
2521	6  36  29 
2525	2  26  17 
2523	6  47  40 
2527	2  37  16 
2529	2  19  16 
2529	6  39  37 
2531	2   8  17 
2533	2   4  17 
2529	6  41  34 
2535	2  25  46 
2533	6  22  15 
2537	2  25  31 
2537	6  34  33 
2539	2  37  22 
2539	2  11  17 
2541	2  37  44 
2541	2   5  17 
2537	6  48  47 
2541	6  28  14 
2543	2  38  46 
2543	2  18  20 
2545	2  38  31 
2545	2  18  17 
2543	6  41  34 
2547	2  37  28 
2547	6  32  24 
2549	2  37  35 
2551	2  37  21 
2547	6  16   9 
2547	6  26  19 
2553	2  29  16 
2553	2  45  46 
2553	2  40  32 
2553	6  19  11 
2555	2  23  16 
2555	2  33  32 
2557	2  15  24 
2555	6  43  37 
2559	2  11   9 
2559	2  47  32 
2559	6  23  22 
2561	2   8   9 
2563	2   4   9 
2561	6  34  25 
2561	6  44  38 
2565	6  16  14 
2567	2  45  31 
2565	6  36  29 
2567	6  19  11 
2571	2  36  39 
2571	6  24  23 
2573	2  11   9 
2573	6  39  36 
2575	6   5   2 
2579	2  25  24 
2579	2  22  36 
2579	6  41  39 
2581	2  29  14 
2581	2   2   9 
2583	2  29  36 
2583	2  15  14 
2581	6  20  11 
2585	2  37  23 
2585	6  28  14 
2587	2  41  26 
2587	2  16  23 
2589	2  25  38 
2589	6  48  34 
2591	2  39  24 
2593	2  39  38 
2593	2  18   9 
2591	6  43  29 
2595	2  11  17 
2595	6  41  27 
2597	2  15  36 
2599	2  37  28 
2599	2  11   9 
2597	6  25  24 
2601	2  27  19 
2601	2  37  36 
2601	6  22  16 
2603	2  34  25 
2603	6  39  38 
2607	2  22  28 
2607	2  17   9 
2605	6  26  25 
2609	2  29  23 
2603	6  44  43 
2605	6  48  41 
2609	6  43  38 
2611	2  41  26 
2611	2  29  28 
2609	6  10   8 
2611	6  24  23 
2615	2  34  39 
2615	6  28  14 
2617	2  41  39 
2619	2  38  26 
2615	6  11  10 
2615	6  43  42 
2621	2  16  25 
2621	2  38  39 
2621	6  13   4 
2623	2  23  28 
2625	2  23  35 
2623	6  45  33 
2627	2  42  28 
2627	6  16   4 
2629	2  42  35 
2629	2  33  26 
2631	2  33  39 
2629	6  44  37 
2633	2  27  11 
2633	2  23  21 
2631	6  42  35 
2635	2   4  19 
2635	2  30  46 
2635	6  34  33 
2637	2   4  11 
2637	2  22  36 
2639	2  23  24 
2639	2  35  21 
2635	6   9   2 
2639	6  19  18 
2641	2  30  31 
2641	2  40  46 
2643	2  29  36 
2643	2  40  31 
2641	6  16  15 
2645	2  37  25 
2647	2  27  13 
2647	2  23  14 
2647	2  45  46 
2647	6  36  28 
2649	2  16  25 
2649	2  27  20 
2649	2  47  46 
2651	2   4  13 
2651	2  45  31 
2651	6  17   9 
2653	2   4  20 
2653	2  32  46 
2653	6  35  22 
2655	6  38  33 
2657	6  18  17 
2661	2  38  36 
2661	6  41  40 
2663	2  27  18 
2665	2  22  24 
2665	2  27  19 
2663	6  44  38 
2667	2   4  18 
2667	2  23  28 
2669	2  38  25 
2669	2  22  14 
2667	6  27  20 
2671	2  44  42 
2671	2  22  28 
2669	6  11  10 
2673	2  47  31 
2673	6  44  36 
2675	2  20  11 
2675	2  32  31 
2677	2   4  19 
2677	2  46  31 
2673	6  22  14 
2679	2  36  21 
2679	2   4  11 
2679	6  31  25 
2677	6  17  16 
2679	6  46  40 
2679	6  20  19 
2681	6  35  29 
2685	2  46  44 
2683	6  10   9 
2687	2  29  31 
2685	6  19  18 
2687	6  46  44 
2691	2  18  10 
2689	6  31  30 
2693	2  44  42 
2693	2  18   2 
2695	2  37  16 
2695	6  40  26 
2697	2  17  16 
2697	2  35  30 
2699	2  23  30 
2699	2   4  10 
2699	6  44  42 
2701	2  31  40 
2701	2   4   2 
2703	2  31  39 
2703	6  23  16 
2705	2  33  46 
2707	2  34  46 
2705	6  42  28 
2709	2  38  23 
2709	2  41  40 
2711	2  29  23 
2711	2  41  39 
2711	6  18   9 
2713	2  28  21 
2713	2  45  40 
2715	2  45  39 
2715	6  30  28 
2717	2  47  40 
2719	2  47  39 
2717	6  18  17 
2721	2  31  46 
2721	2  14  28 
2717	6  34  26 
2723	2  36  24 
2723	2  41  46 
2725	2  35  23 
2725	2  45  46 
2725	2  32  40 
2727	2  36  22 
2727	2  47  46 
2727	6  31  17 
2729	2  36  42 
2729	2  34  40 
2731	2  36  28 
2709	6  20  13 
2723	6  20  19 
2729	6  45  44 
2733	2  30  24 
2733	2  32  39 
2733	6  21   9 
2735	2  37  31 
2737	2  33  45 
2739	2  18  31 
2739	6  43  35 
2741	2  38  31 
2741	2  16  23 
2743	2  30  22 
2743	2  32  46 
2743	6  17   9 
2745	2  29  31 
2747	2  30  42 
2745	6  33  26 
2749	2  14  23 
2749	6  45  38 
2751	2  26  17 
2753	2  26  24 
2751	6  29  14 
2755	2  34  39 
2755	6  19  17 
2757	2  30  28 
2759	6  37  22 
2761	2  25  40 
2761	6  10   9 
2765	2  33  38 
2767	2  22  17 
2767	2  34  46 
2769	2  18  17 
2769	6  38  22 
2769	6  41  27 
2775	2  38  41 
2775	6  22  17 
2777	6  41  20 
2781	2  43  31 
2783	2  38  41 
2783	2  18  20 
2785	2  33  19 
2785	2  10  17 
2785	6  45  29 
2787	2  10  19 
2787	6  41  34 
2791	2  29  22 
2791	2  25  39 
2789	6  13  12 
2793	2  14  22 
2793	2  33  24 
2793	6  45  37 
2795	2  18  34 
2797	2  10  24 
2797	2  40  39 
2797	6  27  19 
2799	2  43  22 
2801	2  16  31 
2803	2  19  17 
2803	2  37  31 
2805	2  16  22 
2805	2  19  27 
2805	6  45  32 
2801	6  43  42 
2805	6  11  10 
2807	6  29  23 
2811	2  26  32 
2811	6  45  43 
2813	2  33  32 
2815	2  19  24 
2817	2  36  29 
2817	2  11  32 
2819	2  37  22 
2819	6  33  12 
2821	2  30  29 
2819	6  24  17 
2823	6  44  29 
2825	2  19  32 
2825	6  17  10 
2829	2  38  33 
2827	6  20  19 
2831	2  29  24 
2831	6  45  40 
2831	6  15   9 
2833	6  24  19 
2837	6  29  15 
2839	2  18  33 
2841	2  26  40 
2841	6  10   2 
2843	2  23  24 
2845	2  36  31 
2843	6  34  19 
2847	2  36  22 
2849	2  38  17 
2849	6  34  33 
2851	2  38  29 
2851	2  18  17 
2853	2  30  31 
2851	6  20  12 
2855	2  47  33 
2855	2  30  22 
2853	6  17  10 
2853	6  44  43 
2857	6  40  27 
2857	6  30  28 
2857	6  14   8 
2859	6  43  42 
2863	2   8  24 
2863	2  20  27 
2865	2  38  17 
2867	2  11  27 
2867	6  31  15 
2869	2  12  27 
2867	6  43  36 
2869	6  10   2 
2873	2  31  40 
2873	6  29  22 
2875	2  47  40 
2877	2  25  46 
2879	2  36  24 
2879	2  45  46 
2881	2  16  24 
2881	2  39  46 
2881	6  43  29 
2879	6  19  11 
2879	6  34  27 
2883	6  47  38 
2885	6  27  25 
2883	6  16   8 
2887	6  28  21 
2891	2  37  24 
2891	6  39  33 
2893	2  23  11 
2895	2  16  11 
2895	6  37  36 
2897	2  23  25 
2899	2  16  25 
2897	6  46  40 
2901	2  23   2 
2903	2  16   2 
2903	2  44  39 
2901	6  18  11 
2905	2  44  46 
2905	6  22   9 
2907	2  41  39 
2909	2  41  46 
2907	6  26  25 
2911	2  11   9 
2901	6  42  35 
2907	6  36  35 
2911	6  46  41 
2913	2  25  30 
2915	2  11  17 
2915	6  26  20 
2917	2  23   9 
2919	2  23  17 
2915	6  37  36 
2917	6  46  45 
2921	2  16   9 
2921	6  30  25 
2923	6  16  10 
2927	2  30  37 
2927	2  26  25 
2929	2  31  16 
2931	2  29  24 
2933	2  30  15 
2933	2  19  25 
2933	2  10  17 
2935	2  31  32 
2935	6  36  15 
2937	2  12  25 
2939	6  20  11 
2941	2  30  43 
2941	6  15   9 
2945	2  31  34 
2947	2   9  18 
2947	6  38  29 
2949	2   9  11 
2951	2   9   2 
2951	6  34  19 
2953	2  29  16 
2955	2   9  15 
2953	6  44  38 
2957	2   9  17 
2959	2  21  24 
2959	6   9   8 
2961	2  29  32 
2963	2  27  39 
2963	2  30  24 
2963	6  35  21 
2965	2   9  18 
2965	2  27  41 
2965	2  46  39 
2967	2   9  11 
2967	2  31  25 
2967	2  46  41 
2969	2   9   2 
2969	2  33  39 
2969	6  23  18 
2971	2  33  41 
2973	2  40  39 
2975	2  21  23 
2975	2  40  41 
2975	6  32  26 
2977	2   9  15 
2979	2   9  17 
2969	6  44  36 
2975	6  45  43 
2979	6  22  21 
2981	2  32  37 
2983	2  32  44 
2981	6  11   9 
2985	2  32  45 
2985	6  36  28 
2987	2  32  24 
2989	2  39  41 
2987	6  15   2 
2987	6  19  18 
2991	6  34  31 
2993	6  21   9 
2997	2  31  37 
2993	6  19  12 
2999	2  22  21 
2999	2  31  44 
2999	6   8   2 
3001	2  28  23 
3003	2  28  21 
3003	2  31  45 
2999	6  26  19 
3005	2  22  15 
3005	2  31  24 
3005	6  40  26 
3007	2  35  23 
3009	2  22   8 
3005	6  45  44 
3011	2  40  37 
3011	6  18  16 
3013	2  35  21 
3013	2  40  45 
3015	6  40  37 
3015	6  28  21 
3021	2  29  16 
3021	2  34  40 
3017	6  25  18 
3023	2  38  25 
3023	2  21  15 
3023	6  40  34 
3025	2  30  23 
3025	2  21   8 
3027	2  22  17 
3027	2  37  44 
3025	6  26  19 
3029	2  30  28 
3029	2  40  45 
3029	6  17  16 
3031	2  38  26 
3031	6  28  22 
3035	2  37  24 
3033	6  46  40 
3037	2  21  16 
3037	6  32  25 
3039	2  46  44 
3039	6  29  15 
3033	6  34  27 
3039	6  27  19 
3041	6  44  43 
3045	2  15  18 
3045	6  35  28 
3047	2  44  32 
3049	2  38  17 
3051	2  34  32 
3051	2  28  29 
3047	6   8   7 
3051	6  19  17 
3053	2  40  32 
3053	2  28   7 
3055	2  30  29 
3055	2  33  32 
3051	6  45  44 
3055	6  14   7 
3057	2  25  23 
3059	2  31  23 
3057	6  45  40 
3061	2  15  17 
3063	2  40  26 
3063	2  28  16 
3065	2  40  19 
3065	2  30  14 
3067	2  34  26 
3067	2  37  23 
3069	2  25  22 
3069	6  47  45 
3071	2  34  19 
3071	2  30  16 
3073	2  27  32 
3073	6  29  15 
3075	2  47  26 
3077	2  33  26 
3077	6  38  24 
3079	2  27  26 
3081	6  33  19 
3083	2  29  44 
3085	2  46  38 
3085	2  29  43 
3079	6  15   9 
3085	6  16  14 
3087	2  47  33 
3087	2  29  38 
3089	2  19  33 
3089	6  46  38 
3091	2  24  18 
3091	2  27  33 
3093	2  24  17 
3091	6  15  14 
3095	2  39  32 
3095	6  44  30 
3097	2  39  26 
3099	2  39  33 
3095	6  17   9 
3101	2  25  17 
3101	6  40  27 
3103	2  24  30 
3101	6  43  36 
3103	6  11   9 
3107	2  31  22 
3107	6  34  20 
3109	2  25  16 
3111	2  31  17 
3107	6  46  45 
3113	2  27  18 
3113	2  37  22 
3113	6  47  39 
3115	2  27  11 
3117	2  20  18 
3115	6  31  30 
3119	2  20  11 
3119	6  40  34 
3121	2  38  23 
3123	2  24  36 
3121	6  19  11 
3125	2  30  16 
3125	6  47  40 
3127	2  29  23 
3127	6  25  10 
3125	6  34  27 
3129	6  38  36 
3133	2  10  15 
3131	6  40  34 
3135	2  36  22 
3133	6  25  19 
3137	2  30  15 
3139	2  40  31 
3139	2  29  22 
3139	6  20  19 
3141	2  24  45 
3143	2  40  38 
3143	2  24  23 
3145	2  39  18 
3147	2  19  31 
3149	2  39  25 
3149	6  37  30 
3151	2  11  18 
3151	2  41  32 
3153	2  11  25 
3155	2  30  17 
3157	2  30  16 
3157	2  40  45 
3157	6  25  19 
3159	2  30  15 
3159	6  11  10 
3163	2  25  38 
3161	6  36  29 
3165	2  39  31 
3165	2  27  18 
3167	2  29  17 
3167	2  39  38 
3169	2  41  26 
3169	2  29  16 
3169	6  45  39 
3171	2  24  22 
3171	2  27  19 
3173	2  34  18 
3173	2  29  15 
3175	2  25  39 
3175	6  36  15 
3177	2  41  33 
3179	2  32  26 
3181	2  15  17 
3181	2  45  39 
3181	6  41  27 
3183	2  10  31 
3185	2  15  16 
3185	6  38  31 
3187	2  34  19 
3189	2  27  18 
3191	2  24  17 
3191	2  32  33 
3191	2  27  19 
3191	6  46  38 
3193	2  24  16 
3193	2  26  33 
3195	6  25  10 
3197	2  41  46 
3195	6  30  23 
3199	6  46  41 
3201	2  25  31 
3203	2  15  36 
3205	2  25  39 
3205	2  34  41 
3207	2  46  31 
3207	2  27  41 
3209	2  32  18 
3209	6  41  27 
3211	2  24  36 
3211	2  46  39 
3213	6  38  30 
3215	2  26  18 
3217	2  33  18 
3219	2  40  38 
3219	6  23  10 
3221	6  39  34 
3225	6  24  22 
3227	6  46  37 
3227	6  41  34 
3233	2  40  24 
3235	2  23  38 
3235	6  40  34 
3237	2  23  24 
3237	2  45  38 
3239	2  25  38 
3241	2  45  24 
3241	6  34  20 
3243	2  39  31 
3245	2  25  24 
3245	2  37  38 
3243	6  16  10 
3247	2  32  19 
3249	2  20  17 
3249	2  39  41 
3251	2  23  17 
3251	2  32  27 
3253	2  40  31 
3253	2  26  19 
3253	6  10   5 
3255	2  39  38 
3255	2  26  27 
3257	2  40  41 
3257	2  32  31 
3247	6  36  29 
3253	6  29  22 
3259	2  20   5 
3259	2  37  24 
3259	6  41  34 
3261	2  39  24 
3261	6  11   5 
3265	2  40  38 
3263	6  25  20 
3267	6  45  29 
3269	2  33  19 
3271	2  33  27 
3271	2  18  19 
3273	2  25  22 
3275	2  23  11 
3277	2  29  17 
3279	2  23  22 
3279	2  32  34 
3279	6  11   9 
3281	2  26  31 
3283	2  32  38 
3281	6  29  22 
3285	2  20  17 
3287	2  22   9 
3287	2  26  34 
3287	6  32  31 
3289	2  22  29 
3289	2  18  27 
3291	2  19  27 
3291	6   9   4 
3293	2  33  32 
3295	2  26  38 
3291	6  29  23 
3297	2  20   4 
3297	2  40  24 
3299	2  31  24 
3299	2  33  34 
3299	6  20  11 
3297	6  37  29 
3303	6  29   8 
3305	2  18  32 
3307	2  18  34 
3309	2   8  17 
3309	2  33  38 
3309	6   4   3 
3311	2  26  24 
3313	2  19  32 
3315	2  11  23 
3317	2   8   3 
3317	2  33  24 
3319	2   8  23 
3319	2  19  34 
3321	2  27  32 
3323	2  27  34 
3323	6  38  17 
3329	2  39  38 
3329	2  18  17 
3325	6  27  20 
3329	6   9   3 
3331	2  40  38 
3331	2  18  24 
3333	2  31  38 
3333	6  34  18 
3335	6  39  31 
3339	2  19  17 
3341	2  26  38 
3341	6  16   9 
3343	2  33  38 
3345	2  32  18 
3347	2  31  16 
3347	6  40  26 
3349	2  31  23 
3351	6  16  11 
3353	6  39  34 
3357	6  25  19 
3359	2  39  38 
3359	6  34  27 
3363	2  25  24 
3363	6  19  11 
3365	6  32  23 
3369	6  20  11 
3371	6  38  31 
3375	2  26  19 
3375	2  11  17 
3377	2  26  32 
3377	2  23  17 
3379	2  27  19 
3381	2  27  32 
3381	2  18  17 
3383	2  40  19 
3385	2  40  32 
3385	6  26  19 
3385	6  11  10 
3391	2  33  26 
3391	2  10  24 
3393	2  33  32 
3393	2  23  24 
3393	6  19  10 
3399	2  39  26 
3401	2  25  31 
3403	2  39  32 
3403	2  18  24 
3405	2  25  26 
3407	2  19  31 
3409	2  25  32 
3411	2  19  26 
3411	2  23  31 
3413	2  19  32 
3415	2  23  26 
3417	2  18  31 
3419	2  17  24 
3421	2  23  32 
3423	2  18  26 
3425	2  17  31 
3427	2  18  32 
3429	2  17  26 
3431	2  24  31 
3433	2  17  32 
3435	2  24  26 
3437	2  24  32 
3439	2  31  26 
3441	2  31  32 
3443	2  26  32 
