   1	6   1   0 
   1	6  15  11 
   7	2   1   0 
   7	6  11   6 
  13	2   1   6 
  15	6   6   1 
   1	6  12   8 
   7	6   9   8 
  13	6  15  11 
  21	6   1   0 
  21	2   6   9 
  23	2   6  10 
  25	2   6  11 
  27	2   6   5 
  29	2   1   0 
  29	6   9   6 
  35	2   9   8 
  37	2   9  14 
  39	2   1   6 
  41	6   9   1 
  47	2   1   4 
  47	2   9  10 
  49	2   9  11 
  49	6   2   0 
  55	2   9   5 
  55	6   7   2 
  57	2   9   8 
  59	2   9  14 
  61	2   9   4 
  63	2   1   3 
  65	2   7   6 
  63	6  15  13 
  67	2   1   2 
  69	2   1   0 
  69	2   7  10 
  71	2   7  11 
  71	6   9   1 
  77	2   9  13 
  79	2   6  10 
  81	6   7   5 
  81	6  14  13 
  87	2   5   7 
  89	2   1   3 
  91	2   1   2 
  93	2   5   8 
  95	2   1   0 
  97	2   5  13 
  99	6   3   2 
  99	2   5   4 
 105	2   5   2 
 107	6   5   1 
 113	2   6  11 
 115	2   6   7 
  99	6  14  13 
 107	6  13   8 
 117	6   9   6 
 123	6   8   4 
 123	2  10  11 
 125	2  10   7 
 127	2  11   7 
 129	2   1   3 
 131	2   1   0 
 129	2   9  13 
 131	2   9  14 
 133	6  15  13 
 133	2   5   4 
 135	2   1   4 
 139	2  10  15 
 141	2   9   8 
 143	2   6   5 
 141	2  11  15 
 143	6  14  11 
 149	2  10  11 
 145	6   5   2 
 151	2   6   1 
 153	6   3   1 
 153	2  10   8 
 155	2  14  11 
 155	6  12   8 
 159	2   7  15 
 161	6  10   5 
 167	2  14  12 
 161	2   2   3 
 169	6  13  12 
 175	2   9  10 
 177	2   9   1 
 177	2   7  11 
 179	2   5  10 
 181	6   9   1 
 187	2   5   9 
 181	2  15  11 
 189	6  14   9 
 189	2   1   0 
 195	6  14  13 
 195	2   1   4 
 197	2   5   0 
 199	2   5   4 
 183	6  11   7 
 201	2   9  10 
 203	2   9  13 
 205	2  11  14 
 201	6   3   1 
 207	2   6   3 
 207	2  15  14 
 205	6   9   8 
 209	2   2   3 
 211	2   1   3 
 213	2   6   5 
 209	6  14  11 
 215	6  15  13 
 215	2   2   5 
 217	2   1   5 
 219	6   3   1 
 225	2   8   0 
 227	2   8   4 
 229	2   1   5 
 221	2  14  10 
 223	2  14  15 
 227	2  13  10 
 229	2  13  15 
 231	6   8   0 
 231	2   7  11 
 233	2   7  10 
 235	2   7  15 
 237	6  14   9 
 243	2  11  10 
 237	6   1   0 
 243	6  13   8 
 245	2   6   1 
 247	2   2   1 
 245	2  11  15 
 249	2   9  13 
 251	2   9   4 
 247	6  11   7 
 253	6   9   6 
 259	2   9   6 
 261	2   3   1 
 261	2   8  13 
 253	6  15  11 
 263	2   8   4 
 261	2  10  11 
 263	2   2   6 
 263	6  15  14 
 265	2   9   8 
 265	2   0   1 
 267	2   5   1 
 269	6   8   4 
 269	2   3   6 
 269	2  14  13 
 275	6   4   1 
 271	6  15   7 
 281	2   2   1 
 283	2   3   1 
 277	2  15  13 
 279	2  10  13 
 285	6   1   0 
 281	6  14   9 
 287	2   9   8 
 289	2  14   9 
 291	2   1   6 
 293	2   1   0 
 295	6   6   1 
 301	6   6   2 
 291	6  15  13 
 297	2  11  15 
 297	2  13   8 
 299	2  14  13 
 301	6  13   8 
 307	2   6   9 
 301	6  15  11 
 309	2   5   1 
 311	2   4   1 
 309	2  10  13 
 311	2  14  10 
 313	2   5   0 
 315	2   4   0 
 317	2   1   0 
 313	2  15  13 
 315	2  14  15 
 309	6   7   3 
 315	6   9   6 
 321	2   9   8 
 321	2   7   6 
 317	6  15  14 
 323	2   9  10 
 325	6  14  13 
 325	2   2   6 
 327	2   5   6 
 331	2  11  14 
 329	6   8   5 
 333	2  15  11 
 335	2   9  13 
 337	2  15  14 
 337	2   4   6 
 339	2   9  11 
 341	6  14  13 
 341	2   7   5 
 343	2   2   5 
 347	2   7  10 
 349	6  15   7 
 355	2  15  14 
 349	2   8   5 
 351	2   4   5 
 355	2   1   6 
 357	2   9  13 
 357	2  15  11 
 357	6   6   2 
 359	2  15  13 
 363	2   1   5 
 365	2   6  10 
 367	2   8  10 
 369	6  13   8 
 369	2   0   2 
 371	6  10   6 
 377	2  10  14 
 377	2   0   5 
 379	6  11   9 
 385	6  14  12 
 391	2   7  11 
 391	2  13  12 
 393	2   4   6 
 395	2  10   9 
 397	6  12   4 
 397	2   7  15 
 403	2  12   4 
 399	2  11  15 
 399	6   6   2 
 405	2   1   2 
 405	2  13   9 
 407	2   1   4 
 409	2  12   9 
 411	2  10   8 
 413	2   7  10 
 415	2   1   9 
 417	6   9   1 
 415	6  15   7 
 423	2  13   8 
 425	2  12   8 
 423	2  11  10 
 425	2   7  10 
 427	2   9   8 
 427	2   0   2 
 429	2   0   4 
 429	2  15  13 
 431	6  11   9 
 431	2   0   1 
 437	2   6   5 
 439	2   6   2 
 441	2   5   2 
 437	6  14  12 
 443	2  15  14 
 443	2   6   4 
 445	6  15   7 
 451	2   6   1 
 453	2   7  11 
 445	2   9  13 
 453	2   5   4 
 455	6   7   3 
 455	2   0   8 
 457	2   5   1 
 457	2  15  13 
 459	2  10  13 
 461	6   2   1 
 461	2   9  14 
 463	2   9  11 
 465	2  15  14 
 465	6   9   8 
 467	2  15  11 
 467	6   2   0 
 473	2   3   2 
 471	2  10  14 
 473	2  10  11 
 473	6   8   5 
 479	2   6   9 
 481	6  14  13 
 481	2   1   4 
 483	2   3   6 
 485	2   5   2 
 487	6  10   8 
 493	2  10   9 
 487	2   1   0 
 493	2   4   0 
 495	6   8   0 
 489	6   3   2 
 501	2   5   6 
 503	2   2  10 
 505	2  14  13 
 507	2  14  11 
 505	6   2   0 
 509	6  15  11 
 511	2   1   9 
 513	2   4   9 
 515	2  13  15 
 515	2   0   1 
 517	2   0   4 
 519	2   8   9 
 517	2  11   3 
 519	2  11   6 
 521	2   5  10 
 523	2   0   8 
 523	2  11  10 
 521	2   2   3 
 525	6  11   3 
 531	2   2   6 
 531	2  14  11 
 533	6  14   6 
 539	2   5   1 
 539	6  14  11 
 541	2   5   4 
 543	2   3   1 
 545	2   2  10 
 547	2   6  11 
 547	2  13  14 
 549	6   3   1 
 549	2  15  14 
 555	6   5   4 
 555	2   2   3 
 551	6  14  11 
 561	2   6  10 
 563	2   1   5 
 563	2  13  14 
 565	6   9   1 
 571	2   0   1 
 571	2  13  10 
 563	6   7   3 
 573	2   2   5 
 575	2   6   7 
 575	2   4   8 
 577	2   4   1 
 573	2  15  14 
 577	2  15  10 
 579	2  11  14 
 579	2   9   8 
 581	2  11  10 
 579	6   2   0 
 585	2   9   1 
 587	2   6   5 
 587	6  15  13 
 593	6   8   4 
 593	2  15   7 
 599	2   0   4 
 601	2   0   1 
 595	2  14  10 
 597	6  15   7 
 603	2   7   5 
 605	6   9   5 
 605	6   7   2 
 611	2   6   4 
 613	2   6   1 
 611	2  13  15 
 613	2  13   9 
 613	2  11  15 
 615	2  11   9 
 615	6   2   1 
 617	2  14  15 
 619	2  14   9 
 621	2   1   4 
 623	2   1   2 
 621	2  10  15 
 623	2  10   9 
 625	6  12   4 
 625	6  10   2 
 631	6  11   9 
 637	2  13  12 
 639	2  13  10 
 641	2   9  12 
 641	2  15  11 
 631	6   2   0 
 643	2   9  10 
 645	2  14  12 
 647	2  14  10 
 637	6   4   0 
 647	2   4  12 
 649	6  14  12 
 655	2  15  14 
 657	2  11  14 
 649	6   5   4 
 659	2   5  10 
 661	2  15  10 
 663	2  11  10 
 665	2  14  10 
