   1	6  47  38 
   1	6  11   6 
   1	6  43  29 
   7	6  24  11 
  13	2  29  38 
  15	2  29  22 
   7	6  20   6 
  17	2  38  22 
  13	6  20  18 
  19	2  29  24 
  21	2  38  24 
  23	2  22  24 
  25	6  29  23 
  19	6  13   4 
  25	6   9   4 
  25	6  38  25 
  31	2  23  18 
  33	2  23  11 
  35	6  39  27 
  35	2  23   9 
  41	2  25  18 
  37	6   8   1 
  37	6  22  16 
  43	2  16  18 
   7	6  43  42 
  45	2  24  18 
  43	6  39  32 
  49	2  25  11 
  43	6  44  29 
  51	2  23  32 
  53	2  23  10 
  55	2  25   9 
  57	2  25  32 
  57	2  16  11 
  59	2  16   9 
  61	6  25   9 
  67	2  24  11 
  59	6  29  22 
  49	6  43  35 
  65	6  35  21 
  69	2   9  10 
  69	2  24  25 
  53	6  48  40 
  71	2  16  32 
  73	6  40  26 
  73	2  23  22 
  75	2   9  22 
  77	2  23   8 
  71	6  37  36 
  79	6  37  30 
  79	2   9   8 
  79	2  24  32 
  79	2  18  11 
  81	2  16  10 
  85	2  23  21 
  81	2  18  25 
  83	2  18  32 
  85	6  18  10 
  87	6  21  15 
  91	2  24  18 
  85	6  33  20 
  93	2  10  18 
  93	6  33  31 
  95	2  16  22 
  97	2  16   8 
  99	2  24  22 
  95	6  12   3 
 101	2  23   2 
 103	2  23  30 
 103	2   9  15 
 105	2  16  15 
 103	2  11  25 
 105	2  11  32 
 107	2   9   2 
 107	2  11  18 
 109	2  24   8 
 111	6  26  17 
 117	6  24  22 
 123	2  23  17 
 123	2  25  32 
 125	2  23  31 
 125	2  25  18 
 111	6   8   2 
 117	6   4   2 
 127	2  16   8 
 127	2  32  18 
 123	6   3   2 
 129	2  23  14 
 131	2   9  30 
 129	6  12   5 
 133	2   9  17 
 133	2  22  15 
 135	2  10  24 
 137	2  16  30 
 139	2  23   2 
 135	6  19  12 
 141	2  22   8 
 141	2  10   4 
 143	2  11  24 
 143	6  15   9 
 145	2  11   4 
 145	2  25  24 
 147	2  32  24 
 149	6  38  23 
 155	2  38  23 
 157	2  38  26 
 149	2  10   9 
 159	2  18  24 
 151	6   8   2 
 157	6  10   9 
 163	2  15  31 
 163	2  11  10 
 165	6  11   4 
 165	2  15  14 
 165	2   9   2 
 167	2  15   8 
 169	2  15  23 
 171	6  30  15 
 177	2  16  17 
 171	2   4   2 
 173	6   4   2 
 165	6  32  26 
 177	2  30  32 
 179	6  31  30 
 179	2  22  15 
 181	2   9  15 
 183	2   2  15 
 179	6  26   5 
 185	2  16  30 
 185	2  25  11 
 187	2  22  17 
 187	6  38  33 
 189	2   5  11 
 193	2  33  19 
 193	2  22  30 
 195	2  25  10 
 195	6  20   6 
 197	2  16  14 
 199	2   9  17 
 199	2  22  14 
 187	6  36  35 
 195	6  44  36 
 201	2   5  10 
 197	6  32  31 
 203	2   2  17 
 205	2  16   8 
 205	2  32  19 
 207	6  15   2 
 207	2  33  20 
 209	2  32  20 
 213	2  22   8 
 213	2  25   4 
 215	6  25  12 
 215	2  16  23 
 217	2  22  23 
 201	6  44  37 
 215	6   3   2 
 211	6  38  37 
 201	6  42  35 
 207	6  43  35 
 217	6  46  43 
 221	2  12   3 
 223	2   5   4 
 223	2  33  45 
 221	6  24  16 
 225	2  33  38 
 225	2  18  11 
 227	6  26  20 
 233	2  32  45 
 227	2  16  11 
 229	2   5   3 
 233	2  18  10 
 235	2  33  27 
 235	2  18   4 
 229	6  30  22 
 235	2   9  22 
 237	2  16  10 
 237	2  32  38 
 239	6  46  39 
 239	2  24  31 
 241	2  12  17 
 243	2   5  17 
 239	6  37  29 
 245	2  33  40 
 247	2  32  27 
 245	2   9  14 
 247	2  11  10 
 247	2  15  22 
 245	6  45  37 
 249	2  24  19 
 249	2  15  14 
 251	6  31  30 
 251	2  33  25 
 257	2  31  30 
 253	2  33  39 
 251	2   9   8 
 253	2  15   8 
 253	2  18   3 
 255	2  18  17 
 247	6  48  41 
 225	6  43  42 
 251	6  44  43 
 255	6  47  33 
 259	2  16   4 
 257	6  42  36 
 261	2  11   4 
 261	2  32  40 
 261	2   9  23 
 263	6  43  36 
 263	2  32  25 
 263	2  47  45 
 263	2  16   3 
 265	2  15  23 
 267	2  16  17 
 265	2  32  39 
 265	2  47  41 
 267	2  32  45 
 265	2  11   3 
 269	2  31  19 
 269	2  10   4 
 269	6  22  15 
 271	2  47  44 
 271	2  24  26 
 273	2  24  37 
 271	2  10   3 
 273	2   4   3 
 273	6  33  27 
 275	2   9  30 
 277	2  22  30 
 277	2  11  17 
 273	6  47  46 
 279	2  31  26 
 281	2  24  38 
 279	6  12   4 
 283	2  31  37 
 285	2  31  38 
 283	2  10  17 
 287	2  24  33 
 289	2  31  33 
 279	6  15   1 
 291	2  24  40 
 285	2   4   1 
 293	2  31  40 
 287	6  11   5 
 287	6  14   2 
 295	2  24  25 
 297	2  24  39 
 293	2   4   2 
 285	6  20  13 
 299	2  32  41 
 301	2  32  44 
 303	6  39  24 
 295	6   4   1 
 301	2   1   8 
 301	2  11   4 
 303	6  11   9 
 309	2  46  43 
 311	2  39  45 
 309	2   9   2 
 313	2  31  25 
 311	2   9   8 
 291	6  27  20 
 303	6  34  27 
 313	2  46  34 
 309	6  12  11 
 293	6  21  14 
 299	6  28  21 
 309	6  23  22 
 313	6   9   8 
 315	2  18   4 
 315	2  39  41 
 317	2  31  24 
 317	2  12  19 
 311	6  36  28 
 317	6  46  43 
 323	2  39  44 
 325	2  43  36 
 319	2  18   2 
 327	2  43  35 
 321	2  16   4 
 323	2  16   2 
 325	2  31  45 
 327	2  32  46 
 329	2  18   9 
 329	2  39  46 
 323	2   5   4 
 323	6  14   7 
 327	6  30  23 
 331	2  12  26 
 329	6  43  28 
 333	2  16   9 
 333	2  32  34 
 335	2  39  34 
 335	2  28  14 
 335	2  11  17 
 337	6  33  12 
 337	2  28   7 
 339	2  28  29 
 341	2   1  22 
 343	6  13  12 
 343	2  10   4 
 343	2   8  22 
 345	2   3  17 
 345	6  28  14 
 349	2   5   2 
 337	6  38  37 
 343	2  33  38 
 351	2  10   2 
 345	6  37  32 
 351	2  33  32 
 351	2  37  36 
 353	6  37  35 
 353	2  11   4 
 355	2  11   2 
 357	2   3   4 
 351	6  23  15 
 357	2   1  15 
 359	6  30  24 
 359	2   3   2 
 359	2   8  15 
 345	6  47  41 
 351	6  20  13 
 357	2  33  20 
 359	2  33  40 
 359	6  19  11 
 361	6  44  39 
 365	2  17   4 
 361	6  21   7 
 365	6  20  19 
 367	2  33  25 
 369	2  17   2 
 367	2  35  37 
 369	2  35  28 
 367	6  15  14 
 371	2  44  36 
 371	2  24  11 
 373	6  23  18 
 379	2  23  22 
 381	2  33  30 
 379	2   4   2 
 381	6  11   9 
 383	2  35  21 
 383	2  24  26 
 385	2  35  29 
 383	2  44  37 
 385	2  24  38 
 387	6  35  21 
 387	2  24  32 
 387	2   5  11 
 393	2  44  28 
 389	2  24  19 
 387	2   1   9 
 395	2  33  45 
 395	2  23  14 
 391	2  10  11 
 393	6   5   2 
 397	2  44  35 
 397	2  24  40 
 399	6  22  10 
 405	6  18  15 
 399	6  47  40 
 399	6  43  35 
 405	6  38  36 
 411	2  31  40 
 411	2   8   9 
 411	2  20  11 
 413	6  20  19 
 413	2  24  25 
 419	2  18  12 
 413	2  33  40 
 415	2  23   9 
 417	2  31  39 
 421	2  16  10 
 417	2  44  29 
 419	2  33  39 
 421	2  31  46 
 423	2  31  34 
 423	2   2  10 
 419	6  21   7 
 421	6  19  18 
 425	2  33  46 
 425	2  16  14 
 425	6  37  31 
 431	2  37  38 
 427	2  33  34 
 427	2  22  10 
 433	2  37  31 
 429	2  16   9 
 429	2   3  11 
 431	2   2  14 
 433	2   2   9 
 431	2  17  11 
 433	2  22  14 
 433	2   4  11 
 429	6  41  27 
 435	6  15  14 
 435	2  33  38 
 435	2  18  10 
 437	2  19  27 
 437	2  24  30 
 437	2   3  10 
 439	2  17  10 
 439	2  37  28 
 437	6  33  32 
 441	2  37  43 
 441	2  22   9 
 441	2   5  11 
 443	6  37  35 
 443	2  18  15 
 445	2  18   9 
 447	2   3  15 
 449	6  38  24 
 455	2  32  31 
 449	2   3   9 
 451	2   4  10 
 449	2  35  29 
 457	2  38  45 
 455	2  17  15 
 457	2  17   9 
 459	6  26  17 
 465	6  24  19 
 437	6  48  41 
 459	6  15   8 
 465	6  10   4 
 451	6  36  28 
 465	6  28  14 
 459	6  39  38 
 465	2  39  40 
 467	2  39  38 
 469	2  39  46 
 471	6  38  36 
 477	2  32  38 
 471	2   1  17 
 473	2   1  14 
 471	2   5   4 
 473	2  11   4 
 475	2  15  17 
 477	2  15  14 
 477	2  23  17 
 473	6  26  19 
 479	2  23  14 
 481	2  24  37 
 467	6  41  34 
 475	6   5   4 
 479	6  34  26 
 485	2  24  21 
 487	6  33  24 
 487	6  15   7 
 493	2  39  41 
 493	2  16  17 
 483	6  44  43 
 489	6  36  28 
 481	6  12  11 
 487	6  11   3 
 493	6   4   1 
 499	2  15   3 
 495	2  39  34 
 497	2  39  31 
 501	2  10   8 
 497	2  33  26 
 499	2  32  44 
 501	2  32  29 
 503	6  43  28 
 503	2  10   9 
 503	2  39  38 
 505	2   1   8 
 507	2   1   9 
 509	6  38  29 
 509	2  16  14 
 511	2   2  17 
 503	6  12   4 
 503	6  47  41 
 503	6  27  26 
 509	6  26  12 
 511	6  15   7 
 515	2  39  44 
 515	2  26  24 
 513	6   9   2 
 517	2  26  20 
 517	2  39  38 
 519	6   8   3 
 519	2  26  41 
 521	2  26  25 
 519	6  31  30 
 519	6  45  39 
 515	6  28  21 
 525	2  15  24 
 525	2   4   3 
 525	6  43  37 
 527	2   5   3 
 527	2  21   8 
 529	2   4   2 
 527	2  23  24 
 529	2  16  24 
 525	6  39  33 
 529	6  35  28 
 531	2  26  31 
 531	2   9  14 
 533	2  26  33 
 533	2   9  24 
 535	6  24  15 
 531	6  12   4 
 533	6  38  37 
 535	6  33  26 
 537	6   4   2 
 541	2  39  36 
 543	6   2   0 
 549	2   7   0 
 543	2  33  40 
 543	2  22  17 
 545	2  33  38 
 547	2  33  46 
 551	2  22  14 
 553	2  22  15 
 545	2  18  17 
 547	2  11  17 
 549	2  19  17 
 551	2  33  47 
 551	2  10  17 
 549	2   5   4 
 553	2  33  34 
 553	2   3   4 
 543	6  43  35 
 551	6  20  19 
 555	2  21   0 
 553	6  39  31 
 555	6  41  34 
 559	2  24  19 
 557	6  28   7 
 563	6  18  16 
 563	2  28  35 
 565	2  21  35 
 567	2  28  43 
 569	6  19  18 
 569	2  16  14 
 571	2   7   8 
 573	2  16  15 
 573	2   7   0 
 561	6  33  31 
 567	2  31  30 
 569	2  31  29 
 571	2  31  44 
 573	2  31  37 
 567	6  33  27 
 575	6  11   9 
 575	6  14   7 
 575	6  33  24 
 581	6  32  23 
 575	6  43  37 
 581	6  28  14 
 575	6  20  13 
 581	6   4   2 
 587	2  23   8 
 587	2  28  35 
 587	2  33  34 
 589	6  24  22 
 595	2  21  37 
 597	2  14  22 
 595	2  33  25 
 597	2  33  39 
 597	2   1  17 
 587	6  12   4 
 593	6  13  12 
 597	6  36  35 
 599	2  32  18 
 603	2  28  37 
 599	2  27  13 
 601	2  32  34 
 601	2  19  18 
 599	2   9   7 
 603	2  27  20 
 603	2  32  25 
 601	2   9  15 
 601	6   7   0 
 607	2  23   7 
 609	2  14  35 
 605	2  32  39 
 605	2  19  34 
 607	2  33  26 
 607	2  11  18 
 609	2  19  25 
 609	2  33  40 
 611	2   4  17 
 611	2  21  22 
 611	2  32  26 
 605	6  45  44 
 613	6  13  11 
 613	2  32  40 
 613	2  23  36 
 619	2   5  17 
 615	2  21  35 
 621	2   3  17 
 617	2  28  22 
 623	2  24  18 
 619	2  28  35 
 615	2  33  38 
 617	2  33  46 
 619	2  33  47 
 621	2  33  41 
 621	6  21   8 
 625	2  32  38 
 617	6  44  43 
 623	6  43  36 
 627	2  13  34 
 627	2   2  17 
 627	6  15   7 
 629	2  13  25 
 631	2  32  46 
 627	6  28  21 
 631	6  12   3 
 633	2  36  28 
 635	2  23  37 
 637	2   3   0 
 637	2  33  30 
 639	6  31  29 
 645	2  36  15 
 647	2  23  22 
 649	2  23  35 
 639	6  34  19 
 651	2  29  28 
 653	2  29  15 
 645	2  34  39 
 647	2  34  26 
 651	2  24  19 
 649	2  34  40 
 653	2  24  25 
 639	6   3   2 
 645	6  10   3 
 647	6   1   0 
 651	6  39  33 
 657	2  39  31 
 659	2  32  47 
 655	2   2   7 
 655	2  36  43 
 657	2  36  37 
 661	2  16  18 
 659	2  29  43 
 657	2   3   1 
 663	2   9  18 
 661	2  39  45 
 663	2  39  44 
 653	6  20  13 
 659	6  27  20 
 665	6  39  38 
 665	2  36  22 
 665	2  27  33 
 667	2  36  35 
 665	2   2  18 
 667	2  16  19 
 667	2   0   1 
 669	2  16  25 
 671	6  33  24 
 671	2  29  37 
 677	2  27  26 
 671	2   4   1 
 673	2  29  22 
 675	2  29  35 
 671	6  48  46 
 673	6   3   1 
 675	6  15  14 
 679	2   5   3 
 679	2  33  24 
 677	6  36  28 
 681	2  16  24 
 681	2  34  39 
 681	2   1   7 
 681	2  12   3 
 683	6  38  29 
 689	2  29  36 
 683	2  34  48 
 685	2  33  26 
 689	2  27  40 
 683	2   0   7 
 683	2  10   3 
 685	2  17   3 
 685	6   8   7 
 687	6  18  10 
 691	2  29  14 
 693	2  29  43 
 691	2  34  47 
 695	2  29  37 
 693	2   1  10 
 693	2  32  41 
 695	2  33  40 
 697	6  38  32 
 703	2  38  30 
 697	2  34  41 
 695	6  19  17 
 701	2   9  17 
 703	2   9  25 
 699	6  47  41 
 705	6  11   8 
 705	2  38  31 
 707	2  38  45 
 709	2  38  44 
 705	6  47  34 
 711	2  29  22 
 711	2  27  39 
 711	2   2  17 
 713	6  38  36 
 713	2   1  17 
 715	2   4  11 
 717	2   5  11 
 715	2  15   8 
 717	2   7   8 
 719	2  29  35 
 719	2  12  11 
 721	2  21   8 
 723	2  23   8 
 725	2   9  24 
 713	2  27  48 
 715	2  27  41 
 717	2  27  34 
 719	2  33  39 
 721	6  47  44 
 727	6  15   9 
 727	2  18  11 
 727	2  36  38 
 729	2  19  11 
 729	2  44  30 
 731	2  44  31 
 733	6  39  27 
 739	2  39  30 
 741	2  33  48 
 743	2  33  41 
 733	2   3  11 
 745	2  39  31 
 741	2  44  45 
 747	2  39  45 
 745	2  33  34 
 727	6   1   0 
 735	2   1  10 
 737	2   4  10 
 739	2   5  10 
 741	2  12  10 
 743	2  18  10 
 745	2  19  10 
 747	2   1  17 
 729	6  28  21 
 735	6  21  14 
 743	2  36  21 
 745	2  36  43 
 747	2  36  37 
 745	6  28  21 
 749	2   4  17 
 749	2  44  47 
 749	6  15   8 
 751	2  33  30 
 751	2   3  10 
 753	2  33  31 
 753	2  11  10 
 755	6  32  16 
 753	6  36  28 
 755	6  13   4 
 755	6   7   1 
 759	6  43  37 
 761	2  32  26 
 763	2  32  40 
 761	2  28  22 
 763	2  28  35 
 761	2   5  17 
 763	2  14  15 
 763	2  12  17 
 765	6   4   2 
 765	2  44  38 
 767	2  33  45 
 769	2  32  27 
 771	2  32  48 
 765	2  16  15 
 773	2  39  47 
 775	2  33  47 
 767	2  29  15 
 771	2   9   2 
 773	2   1   2 
 769	2  44  36 
 773	2  28  15 
 773	2  18  17 
 771	2  44  37 
 773	2  44  43 
 771	6  20   5 
 775	6  16   0 
 777	2  32  41 
 779	2  32  34 
 775	6  44  36 
 777	6  12   4 
 781	2  32  30 
 781	6   7   2 
 787	2  21   7 
 783	2  12  25 
 789	2  23   7 
 783	2  39  38 
 785	2  39  44 
 785	6  26  18 
 785	6   5   4 
 787	6  44  39 
 791	2  14   7 
 793	2  12  24 
 793	2   0   7 
 795	2  36  22 
 795	2  32  31 
 797	2  33  38 
 799	2  44  37 
 799	2  16  25 
 797	6  21   7 
 801	2  44  43 
 803	2  29  21 
 801	2  33  39 
 801	2  16  24 
 803	2  32  45 
 803	2  19  17 
 801	6   4   2 
 805	2  32  47 
 805	2  28  21 
 805	6  23  15 
 807	2   2   9 
 807	2  36  35 
 807	2  32  38 
 811	2  36  23 
 813	2  36  21 
 809	2   2   1 
 809	2  32  39 
 813	2   4  25 
 815	6  38  37 
 815	2   2   7 
 815	2  13  25 
 817	2  20  25 
 819	2   3  17 
 815	6  29  22 
 819	6  12   5 
 821	2   9   1 
 823	2   2  15 
 825	2   9   7 
 825	2  12  25 
 825	2  44  29 
 827	6  24  11 
 827	2   9  15 
 833	2   4  11 
 833	2  24  17 
 829	2   1   7 
 835	2  10  17 
 837	2  13  11 
 831	2   1  15 
 827	2  44  35 
 833	2  33  38 
 835	2  26  25 
 833	2   7  15 
 837	2  32  38 
 835	6   8   2 
 839	2  20  11 
 841	6  45  33 
 841	2  12  11 
 841	2   8  14 
 847	2  45  43 
 843	2   8   0 
 849	2  45  29 
 847	2  26  11 
 851	2   9  14 
 849	2  19  25 
 851	2  19  11 
 853	2   2  18 
 849	6  40  33 
 851	6  44  35 
 855	2   5  18 
 855	2   1  14 
 855	6  32  31 
 857	2   9   0 
 859	2   7  14 
 857	2  45  44 
 859	2  16  18 
 859	6  45  37 
 861	2   4  18 
 863	2  13  18 
 865	2  20  18 
 861	2  15  14 
 863	2   8  22 
 867	2  35  23 
 865	2   1   0 
 867	2   7   0 
 867	2  12  18 
 861	6  33  32 
 867	6  10   3 
 869	2  15   0 
 871	2  14   0 
 869	2  26  18 
 869	2  31  43 
 871	2  31  29 
 873	2  35  21 
 871	2  19  18 
 873	2  10  25 
 875	6  17   2 
 881	6  32  17 
 881	6  22   8 
 887	2   9   8 
 887	2  22  28 
 887	2  24  25 
 875	6  19  13 
 881	6   4   3 
 889	2   4  25 
 891	2  10  11 
 891	2  31  44 
 893	2  24  11 
 889	2   1   8 
 891	2   7   8 
 895	2  32  17 
 897	2  32  27 
 899	2   5  17 
 893	6  44  43 
 893	6  28   7 
 899	6  36  21 
 901	2  16  17 
 903	2  10  18 
 901	6  20   5 
 905	2   9   7 
 907	2   1   7 
 905	2  22  21 
 909	2  28   7 
 905	2  24  18 
 907	2   4  11 
 907	2  20  27 
 907	2  32  48 
 909	2  32  41 
 909	2   3  17 
 911	6  17  12 
 911	2  15   8 
 913	2  15   7 
 911	2  32  34 
 915	2  14   8 
 913	2  32  30 
 917	2  19  12 
 917	2  37  23 
 919	2   9  21 
 919	2  37  36 
 915	2  32  33 
 921	2  22  35 
 921	2   0   8 
 917	2  32  40 
 919	2  32  47 
 919	2   5  12 
 921	2  32  45 
 919	6  27  20 
 925	2  17  12 
 927	2  26  12 
 923	2  14   7 
 925	2   0   7 
 927	2   8   7 
 927	2  31  23 
 921	6   3   2 
 923	6  45  43 
 929	6  17   3 
 929	2  22  37 
 929	2  27  48 
 929	2  32  39 
 931	2  32  38 
 931	2  27  41 
 931	2  13  12 
 933	2  27  34 
 929	6   7   1 
 933	6  32  30 
 935	2   7  21 
 937	2  28  21 
 935	2  10  12 
 939	6  21  15 
 939	2  31  36 
 945	2  21  15 
 941	2  27  32 
 943	2  27  33 
 947	2  14  15 
 943	2  24  12 
 949	2   0  15 
 945	2  17  25 
 945	2  30  44 
 947	2  30  29 
 945	2  27  40 
 947	2  17  11 
 949	2   4  18 
 947	6  34  27 
 951	2   8  15 
 951	2  30  45 
 951	2   4  12 
 951	2  17  18 
 949	6  35  28 
 953	2  30  23 
 953	2  25  11 
 953	2  34  47 
 953	6  15   9 
 955	2  30  36 
 955	2  25  18 
 957	2  11  18 
 955	6  46  34 
 959	2  17  12 
 957	6  37  29 
 961	2   1   9 
 963	2  22  31 
 961	6  20  18 
 965	2  46  43 
 963	6   8   0 
 967	2  46  39 
 967	2  22  30 
 967	2  25  12 
 967	6  48  34 
 969	2  46  38 
 969	2  16  18 
 971	2   2  18 
 973	6  32  16 
 979	2  15  28 
 973	2  11  12 
 981	2  15  29 
 983	2   7  28 
 979	2  32  34 
 979	2  19  18 
 981	2  32  41 
 983	2  32  27 
 979	6  46  45 
 985	6  31  23 
 985	2  45  44 
 985	2  35  28 
 987	2  21  28 
 989	2  14  28 
 985	2   5  18 
 987	2   3  18 
 989	2  26  18 
 987	6  44  43 
 991	2  32  16 
 991	2  20  12 
 991	6  29  21 
 997	2  45  37 
 997	2   7  21 
 999	2  15  23 
 999	2  45  46 
1001	2  35  21 
 993	2  32  33 
 993	2  13  18 
 995	2  10  18 
 995	2  32  40 
1001	2  32  47 
 997	6  10   2 
1003	6  28   7 
1003	2  24  18 
1005	2  45  31 
1009	2  15  30 
1011	2  28  23 
1011	2   8   7 
1005	2   4  18 
 995	6  34  27 
1001	6  27  13 
1007	6  12  10 
1007	6  45  44 
1013	6  30  22 
1013	2  32  45 
1013	2   0   7 
1015	2   1   7 
1015	2  32  39 
1013	2  12  13 
1013	2  17  18 
1017	2   9   7 
1015	2  19  13 
1017	2   5  13 
1017	2  25  18 
1007	6  41  34 
1013	6  34  27 
1013	6  43  36 
1019	6   9   0 
1019	2  11  18 
1019	2  28  22 
1025	2  35  23 
1019	2  32  38 
1021	2  12  27 
1023	2  19  27 
1021	6  38  32 
1025	6  27  12 
1027	2  38  36 
1029	2  38  37 
1029	2  29  21 
1025	6   7   1 
1027	6  24  16 
1031	2  14  21 
1031	2  44  43 
1033	2  30  44 
1033	2   8  21 
1033	2  20  18 
1013	6  48  47 
1031	6   4   3 
1035	2  35  22 
1035	2  38  46 
1035	2  27  41 
1037	6  21   8 
1037	2  27  24 
1039	2  38  31 
1037	2   5  12 
1039	2  27  33 
1039	2   4  13 
1041	2   4  12 
1041	2  27  40 
1037	6  44  36 
1043	2   9   8 
1043	2  29  23 
1045	2  15  36 
1047	2  38  43 
1047	2   7   8 
1049	2  14  23 
1049	2  28  36 
1043	2  26  13 
1051	2  35  36 
1051	2  30  38 
1053	2  29  22 
1045	2  34  13 
1055	2  29  36 
1051	2   0   8 
1053	2   1   8 
1047	2  27  48 
1049	2  26  12 
1051	2  10  18 
1051	6  41  27 
1051	6  13   5 
1053	6  24  18 
1057	2  14  22 
1053	6  45  39 
1055	6  16   9 
1059	2  41  39 
1059	2  19  27 
1061	6  47  41 
1061	2  19  18 
1061	2  21  23 
1063	2  21  22 
1063	2  13  27 
1065	2  13  18 
1065	2  16  23 
1067	6  33  19 
1067	2  16  22 
1069	2   7  23 
1071	2   7  22 
1061	6  44  38 
1071	6  10   9 
1073	2  47  45 
1075	2  47  32 
1073	6  27  20 
1077	2  47  38 
1077	2   2   5 
1073	6  36  29 
1079	2  14  29 
1079	2  33  19 
1079	6   1   0 
1081	2  21  29 
1083	2  16  29 
1081	2  33  40 
1081	2   4  20 
1083	2  13  19 
1083	2  33  48 
1085	6  29  15 
1085	2   4  18 
1087	2  10   5 
1085	2  33  39 
1089	2   4  19 
1079	6  44  42 
1091	6  42  35 
1091	2  26  20 
1093	2  26  18 
1091	2   3   5 
1091	2   7  15 
1095	2  26  19 
1087	6  47  38 
1093	2  38  37 
1095	2  38  46 
1093	6  22   1 
1097	2  33  45 
1097	6  20  13 
1099	2  29  35 
1101	2  28  35 
1101	2  22  23 
1103	2  22   1 
1103	2  42  35 
1105	2  36  35 
1099	2  33  32 
1101	2  38  31 
1105	2  22  15 
1101	2  33  47 
1107	6  23   7 
1103	6  45  33 
1107	6  36  28 
1103	6  18  12 
1113	6  22  16 
1113	2   0   7 
1113	2  38  43 
1115	2  45  37 
1117	2  45  46 
1115	2   8   7 
1117	2   0   1 
1109	6  34  20 
1119	2  45  31 
1119	2   0  15 
1115	2  20  18 
1121	2  45  43 
1121	2   8   1 
1117	2  20  13 
1115	2  34  40 
1119	2  20  12 
1123	2  30  38 
1117	2  34  48 
1121	2  20  19 
1123	2   2  18 
1119	6  40  34 
1123	6  35  21 
1125	2   7   1 
1125	2  30  45 
1129	2  29  38 
1131	2  14  21 
1131	2  36  38 
1133	2  35  21 
1125	2  10  18 
1133	2  40  39 
1127	2   3  18 
1129	2  17   5 
1131	2  17  18 
1125	6  34  27 
1131	6  13   4 
1135	2  40  33 
1135	2  29  45 
1137	6  44  38 
1137	2  22  21 
1139	2   8  15 
1137	2  13  27 
1141	2  23  21 
1139	2  26  27 
1141	2  20  27 
1141	2   2   4 
1141	6  25  18 
1143	2   7  15 
1143	2  36  45 
1143	2  10   4 
1145	2   3   4 
1145	2  16  21 
1147	2  17   4 
1145	2  42  44 
1147	2  40  32 
1147	2   0  21 
1143	6  27  13 
1147	6  45  43 
1149	2  27  48 
1151	2  40  47 
1149	2   8  21 
1151	2   7  21 
1151	2  18   5 
1151	6  34  27 
1153	2  18  25 
1153	2  42  43 
1153	2   1  15 
1155	2  18   4 
1155	2  28  44 
1157	6  44  29 
1157	2  11   5 
1159	2  11  25 
1161	2  11   4 
1153	6  40  39 
1163	2  39  37 
1163	6  12   9 
1165	2  28  43 
1165	2  39  46 
1167	2  34  40 
1169	6  19   5 
1169	2  14  29 
1169	2  39  31 
1169	2  34  33 
1169	2   2   9 
1171	2  35  29 
1173	2  22  29 
1171	2  10   9 
1175	2  23  29 
1171	2  39  45 
1177	2  16  29 
1173	2  34  32 
1175	2  34  47 
1177	2  27  19 
1179	6  40  26 
1185	2  40  48 
1179	2   2   5 
1181	2   3   9 
1183	2  10   5 
1185	2   3   5 
1185	2  27  25 
1173	6  43  42 
1187	2  40  26 
1187	2  17   9 
1187	6  13   4 
1193	2  12  19 
1195	2  12  25 
1179	6  45  37 
1185	6  29  14 
1191	2  29  42 
1193	2  35  42 
1191	2   0  14 
1193	2   8  14 
1195	2   7  14 
1185	6  45  38 
1189	6  48  34 
1193	6  29  22 
1197	2   2   4 
1197	2  20  34 
1191	6  39  38 
1195	6  42  35 
1199	2  20  26 
1201	2  40  33 
1199	2  10   4 
1201	2  24  19 
1201	2  29  35 
1203	2  40  32 
1201	2   3   4 
1203	2  17   5 
1199	6   8   1 
1197	6  38  37 
1203	2  30  37 
1203	6  27  20 
1205	2  40  47 
1209	2  27  33 
1205	2  18   9 
1207	2  17   4 
1205	2  44  37 
1209	2   8  21 
1207	2  36  37 
1209	2  18   5 
1209	2  43  37 
1207	6  48  46 
1211	2  11   9 
1213	2  15  21 
1215	2   8  14 
1213	2  18   4 
1213	2  46  39 
1215	2  24  25 
1217	2  19  25 
1215	2  40  39 
1215	2  28  37 
1217	2  22  37 
1217	2  46  48 
1211	6  34  27 
1215	6   3   2 
1219	2  23  35 
1221	2  42  37 
1221	2  15  14 
1223	2  29  37 
1221	2  34  32 
1223	2  21  14 
1219	2  11   5 
1223	2  34  47 
1225	2  46  31 
1219	2  20  13 
1221	2  12  13 
1223	2  11   4 
1225	6  27  13 
1231	2  34  39 
1221	6  17   9 
1227	6  11   3 
1233	6  13   4 
1233	2  23  37 
1233	2  40  48 
1235	2  34  48 
1237	2  40  31 
1239	6  46  44 
1239	2  20  17 
1241	2  20   5 
1243	2  11   4 
1243	2  20  13 
1245	6  39  34 
1245	2  10   4 
1247	2   2   4 
1249	2   9   4 
1245	6  37  30 
1235	6  35  21 
1225	6   7   0 
1251	6  35  22 
1251	2  11  26 
1251	2  44  38 
1253	2  39  31 
1253	2  37  44 
1253	2  10  26 
1255	2  18   4 
1255	2  40  38 
1255	6   8   1 
1257	2  37  40 
1259	2  46  44 
1257	2  12  17 
1259	2  24  27 
1259	2   3   4 
1261	6   3   2 
1261	2  24  17 
1261	2  36  44 
1261	2  39  38 
1263	2  37  39 
1263	2  16  21 
1265	2  16  30 
1265	2  43  44 
1265	2  46  40 
1267	2  46  39 
1261	2  19  27 
1265	2  25  27 
1265	2   7  21 
1263	2  12   5 
1265	2  12  13 
1267	2   8  21 
1267	2  20   4 
1269	6  21   7 
1269	2  19  17 
1271	2  12   4 
1271	2  25  17 
1269	6  46  40 
1267	6  44  36 
1271	6  30  23 
1275	2  44  46 
1275	2   0   7 
1277	6  39  37 
1283	2  44  37 
1285	2  28  36 
1277	2   1   7 
1287	2  43  46 
1279	2  15   7 
1287	2  22   7 
1273	6  10   5 
1279	6  26  11 
1285	2   3  11 
1285	2  26  33 
1285	6  24  17 
1289	2  43  37 
1289	2  14   7 
1291	2  35  36 
1289	2  26  32 
1291	2   9  11 
1289	6  46  45 
1293	2  42  36 
1293	2  21  23 
1293	2  18  11 
1285	6  20  13 
1289	6  48  41 
1295	2   2  11 
1295	2  29  36 
1291	6  33  26 
1291	6   7   0 
1295	6  23  16 
1301	2  17  10 
1303	2  13  11 
1301	2  30  36 
1303	2   8  16 
1297	2  33  47 
1305	2   7  16 
1305	2  12  11 
1307	2  19  10 
1299	2  33  34 
1301	2  33  41 
1295	6  45  44 
1303	2  28  44 
1305	2  28  37 
1307	2  35  44 
1303	6  39  33 
1307	6  14   8 
1309	2  35  37 
1311	2  23  36 
1309	2   5  26 
1313	6  36  23 
1319	2  21  23 
1319	2  42  44 
1311	6  26   5 
1317	2  26  32 
1317	2   3   5 
1319	2  26  47 
1321	2  39  31 
1323	2  27  24 
1319	6   5   3 
1321	6  44  28 
1325	2  26  34 
1325	2   9   3 
1325	6  13   5 
1327	2  39  38 
1327	2  18   3 
1329	2  42  37 
1329	2   2   3 
1329	2  26  41 
1327	6  23  15 
1331	2   5   3 
1331	2  33  39 
1331	2  29  28 
1331	6  25  18 
1333	2  14  15 
1333	2  40  39 
1333	2  29  37 
1335	2  45  39 
1335	2   1  16 
1333	6  27  13 
1337	2  30  28 
1337	2   7  15 
1337	2  18  10 
1337	6  45  39 
1339	2  13  10 
1341	2  12   3 
1339	2  36  28 
1341	2  30  37 
1341	2  21  28 
1335	6  48  47 
1339	6  33  26 
1343	2  43  45 
1343	2  24  10 
1343	2  14  28 
1343	6  20  12 
1345	2  33  31 
1345	2   1  15 
1347	2  23  16 
1349	2  17  12 
1347	2   7  28 
1347	2  33  38 
1349	2  26  33 
1351	2  22  16 
1351	2  27  32 
1349	2  44  45 
1351	2  36  37 
1353	6  28  21 
1353	2  27  48 
1353	2  23  15 
1355	2  27  34 
1357	2  27  41 
1355	2  17   4 
1357	2  17  11 
1349	6   1   0 
1353	6  32  31 
1353	6  45  43 
1355	6   7   1 
1359	2  22  15 
1359	2  17   3 
1359	2  19  12 
1359	2  40  33 
1359	2  35  43 
1359	6  37  30 
1361	2   0  21 
1363	2   8  16 
1365	2   7  16 
1361	2  39  33 
1361	2  19   4 
1363	2  19  11 
1361	2  42  43 
1367	2  28  30 
1367	2   8  15 
1365	2  18  12 
1369	2  14  30 
1367	2  19   3 
1369	2  13  12 
1369	6  40  27 
1371	2  18   4 
1373	2  18  11 
1371	2  29  43 
1373	2  37  43 
1375	2  36  43 
1375	2  40  32 
1375	2  18   3 
1371	2   7  15 
1373	2  16  15 
1375	2  23  21 
1377	6  17   9 
1377	2  13   4 
1377	2  22  21 
1379	2  28  43 
1381	2  45  33 
1383	6  24  17 
1383	2   8  21 
1389	2  17  12 
1391	2  17   4 
1385	2   7  21 
1393	2  24  31 
1393	2  13  11 
1383	6  43  35 
1389	2  14  35 
1383	6  48  33 
1389	6  34  26 
1391	6  14   1 
1395	2  24  33 
1389	6  48  46 
1397	2  24  26 
1395	2  44  46 
1397	2  43  46 
1397	6   8   0 
1399	2  10  12 
1401	2  10   4 
1399	2  25  31 
1401	2  40  38 
1403	6  18   2 
1403	2  34  40 
1403	6  30  23 
1405	6  46  44 
1409	2  17  11 
1401	6  13   6 
1411	6  43  37 
1411	2  27  40 
1411	2  12   4 
1411	2  14  23 
1413	2   6   3 
1415	2   8  23 
1413	2  25  33 
1415	2  25  26 
1415	2  39  40 
1415	2  10  11 
1399	6  35  28 
1417	2  42  44 
1417	2  18  31 
1417	6  21   8 
1419	2  30  23 
1419	2  18  33 
1421	2  18  26 
1421	2  45  40 
1423	6  44  36 
1423	2  46  40 
1423	2  16   8 
1429	2  29  36 
1423	2  12  11 
1431	2  43  36 
1433	2  14  28 
1425	2  17   3 
1427	2  10   3 
1429	2  12   3 
1431	2   4  11 
1433	2   4   3 
1425	6   1   0 
1423	6  32  31 
1425	6  46  40 
1433	2  37  46 
1429	6  32  25 
1431	6   9   1 
1435	2  44  36 
1435	2  21  28 
1431	6  41  27 
1435	6  25  18 
1437	2  35  36 
1437	2  22  23 
1439	2  30  28 
1439	2  15   8 
1435	6  12   5 
1441	2  22  28 
1443	2   9  23 
1441	2  12  18 
1443	2  12  33 
1443	6  14   0 
1445	2  24  27 
1447	2  24  31 
1447	2  12  26 
1437	6  46  45 
1449	6  28  14 
1449	2  11   3 
1451	2  20  18 
1453	2  24  38 
1455	2   7  23 
1455	2  42  45 
1457	2  28  36 
1453	2  20  33 
1455	2  20  26 
1457	2  32  27 
1457	2  16  23 
1459	6  40  24 
1459	6  36  28 
1465	2  25  27 
1465	2   9  14 
1467	6  18  10 
1467	2   7  14 
1467	2  34  40 
1469	2  41  40 
1467	2  29  45 
1469	2  43  45 
1469	2  32  31 
1471	2  39  40 
1471	2  44  45 
1469	2  15  23 
1471	2   8  23 
1449	6   6   5 
1469	6  28  21 
1473	2  46  40 
1473	2  25  31 
1473	2   1  10 
1471	6  42  36 
1475	2  32  38 
1475	2  19  10 
1477	6  33  12 
1483	2  33  27 
1477	2   0  21 
1479	2  28  21 
1483	2   2  10 
1481	2  30  21 
1483	2  22  21 
1485	6  26  20 
1485	2   9  21 
1487	2   5  10 
1489	2  17  10 
1487	2   7  21 
1477	6  45  43 
1487	2  35  43 
1489	2  42  43 
1485	6  40  38 
1489	6   6   5 
1491	2  34  32 
1491	2  18  10 
1493	2  25  40 
1495	2  33  31 
1495	2   5  10 
1491	6  43  28 
1489	6   7   0 
1497	2   7  28 
1497	2  24  38 
1497	2  26  27 
1497	2   4  10 
1499	6   4   1 
1499	2  43  28 
1505	2  16  14 
1499	2  26  31 
1507	2  15  14 
1509	2   8  14 
1501	2  34  25 
1501	2  37  38 
1503	2  41  32 
1505	2  33  40 
1505	2  36  38 
1507	2  39  32 
1507	2  30  28 
1509	2  34  33 
1505	2   4  12 
1507	2  19  12 
1509	2  29  38 
1511	2  41  25 
1511	2  45  38 
1511	2  22  28 
1507	6  43  42 
1509	6  12   4 
1513	2  16  21 
1513	2  46  32 
1515	6  28  14 
1515	2  12  20 
1515	2  41  33 
1517	2  12  27 
1519	2  11  10 
1515	2  44  38 
1521	2  15  21 
1517	2  24  32 
1521	2   2   4 
1519	2  37  32 
1519	2  19  20 
1521	2  39  25 
1523	6  38  37 
1523	2  19  27 
1523	2   9  14 
1525	2   8  21 
1527	2   0  14 
1525	2  26  40 
1523	2   6   4 
1527	2  34  26 
1527	2  17   4 
1529	6  38  32 
1529	2  18   4 
1529	2  23  28 
1531	2   5   4 
1535	2  39  33 
1531	2  16  14 
1533	2  23  21 
1535	2  15  14 
1533	2   3  10 
1537	2  46  25 
1537	2   8  14 
1527	6  20  13 
1533	6  13   5 
1539	2  28  21 
1539	2   2   5 
1539	2  46  33 
1535	6  37  36 
1541	6   9   1 
1541	2  24  25 
1543	2  41  26 
1541	2   6   5 
1541	2  37  38 
1543	2  29  38 
1545	2  35  36 
1545	2  23  14 
1547	2  43  36 
1545	2  39  26 
1547	2  17   5 
1547	2  45  38 
1547	6  21   7 
1549	2  44  38 
1549	2  18   5 
1551	2  24  33 
1551	2  13   5 
1549	6   9   2 
1553	2  32  25 
1553	2  21  36 
1549	6  47  46 
1553	6  27  12 
1559	2   2   4 
1561	2   2   5 
1563	2  11   4 
1555	2  35  38 
1557	2  28  14 
1559	2  42  36 
1561	2  30  36 
1559	2   7  14 
1563	2  43  38 
1559	6  34  27 
1557	6  25  24 
1565	6  36  21 
1565	2   9  12 
1567	2  47  26 
1571	2  34  31 
1569	2  11   5 
1571	2  22  21 
1571	2   6  12 
1573	2  19  31 
1575	2  37  24 
1571	2   3   4 
1575	2   3   5 
1577	2  32  33 
1577	2  17  12 
1567	6   7   1 
1573	2   7  21 
1575	2   0  21 
1577	6  44  38 
1579	2  16  21 
1581	2  29  24 
1583	2  36  44 
1579	2  34  40 
1583	2  18  12 
1583	2  15  21 
1581	2  27  34 
1583	2  41  34 
1577	6   3   2 
1583	6  31  24 
1585	2  42  44 
1585	2   8  21 
1589	2  23  21 
1585	2  10   4 
1585	2  13  12 
1591	2  28  21 
1591	2   9  24 
1585	6  39  33 
1591	2  33  34 
1587	6  44  36 
1587	6  12   4 
1593	6  21   7 
1593	2  19  40 
1595	2  27  19 
1597	2  25  26 
1593	2  30  36 
1593	2   3   4 
1595	2  37  39 
1595	2  11   4 
1597	2   2   4 
1595	6  13   6 
1599	2  22  36 
1599	2   1   7 
1599	2  47  34 
1601	6  24  11 
1601	2  14   7 
1603	2  21  36 
1601	6  41  27 
1607	6  40  26 
1607	2  45  31 
1607	2  13  11 
1609	2  10   5 
1609	2  38  31 
1611	2  17  11 
1603	6   7   0 
1605	6  36  21 
1611	2   7  21 
1613	6  31  29 
1619	2  35  29 
1613	2  27  19 
1615	2  12   5 
1619	2  33  19 
1617	2  10   4 
1613	6  14   7 
1619	6  17   9 
1621	2  32  40 
1621	2  43  29 
1621	2  12   4 
1623	2   5   4 
1623	2  37  40 
1619	6   1   0 
1625	2  31  39 
1625	2  44  29 
1625	2  17  26 
1627	6  24  17 
1627	2  42  29 
1629	2  30  29 
1627	2  13  26 
1627	2  45  39 
1631	2  22  29 
1633	2  16  21 
1629	2  38  39 
1633	2  18  11 
1629	6  34  33 
1635	6  41  27 
1635	2  36  29 
1635	2   6  11 
1635	2  15  21 
1637	2  14  29 
1639	2   8  21 
1637	2   3  11 
1639	2  17  11 
1631	6  39  38 
1637	6  44  38 
1641	2  23  21 
1641	2  25  33 
1641	2   2  11 
1639	6  36  35 
1643	2  27  24 
1645	6  46  40 
1645	2  16  29 
1645	2  27  13 
1647	2  15  29 
1649	2  28  21 
1647	2  10  11 
1649	2  36  44 
1649	2  12  11 
1647	6  26  24 
1651	2   0  21 
1653	2   9  24 
1655	2   8  29 
1657	2  31  46 
1657	2  43  44 
1651	2   5  11 
1653	2   4  11 
1657	2   7  21 
1653	6  27  13 
1657	6  10   9 
1659	2  32  33 
1661	2  41  26 
1659	2  23  29 
1661	2  28  29 
1659	2  45  46 
1661	2  39  46 
1659	6   7   0 
1663	2  13  10 
1663	2  38  44 
1663	6  47  33 
1665	2  42  44 
1665	2  18  24 
1667	2  13  18 
1669	2  41  27 
1667	2  30  44 
1665	6  21   7 
1669	6  46  37 
1671	2  33  19 
1671	2   1   7 
1673	2  34  26 
1669	6  24  10 
1675	6  44  28 
1675	2  25  19 
1677	2  33  26 
1679	2  34  27 
1673	6   7   0 
1675	6  47  39 
1675	6  10   4 
1681	6  29  22 
1681	2  46  39 
1681	2  33  27 
1681	2   6   4 
1683	2   3   4 
1683	2  32  19 
1685	2  31  39 
1685	2  17   4 
1685	2  13   6 
1681	6  44  43 
1679	6   8   0 
1683	6  41  34 
1687	2  25  26 
1687	2  21  22 
1687	2  45  39 
1687	2   2   4 
1689	2   9   4 
1689	2  25  27 
1689	2  47  39 
1687	2  36  37 
1689	2  44  37 
1689	2  29  28 
1687	6  13   6 
1691	2  35  28 
1691	2  32  26 
1691	2  38  37 
1693	6  33  24 
1693	2  14  28 
1693	2  12   4 
1695	2   5   4 
1697	2  10   4 
1699	6  24  19 
1699	2  34  33 
1701	2  41  33 
1695	6  28  14 
1699	6   6   5 
1699	6  10   9 
1693	6  46  38 
1693	6  43  42 
1699	2  43  37 
1701	6  42  21 
1705	2  34  18 
1705	2  30  37 
1703	6  45  39 
1707	2  11   4 
1707	2  16  14 
1707	6  41  27 
1713	2  27  18 
1709	2   5   3 
1715	2  34  13 
1709	2   7  22 
1711	2  36  45 
1713	2  44  45 
1715	2  38  24 
1711	2  15  14 
1713	2   0  14 
1711	6   9   3 
1713	6  36  35 
1717	2  31  24 
1717	2  19  33 
1717	2  46  45 
1719	6  32  26 
1719	2   5  17 
1721	2   5   2 
1723	2   5  10 
1719	2  29  37 
1725	2  19  18 
1721	2  43  45 
1725	2  38  32 
1727	2  31  32 
1727	2  36  37 
1727	2  27  13 
1719	6  41  40 
1715	6  21  14 
1721	6  22  15 
1727	2   1  15 
1725	6  47  46 
1729	2  25  33 
1731	2  19  13 
1733	2  25  18 
1729	2  28  37 
1731	2  30  45 
1733	2   5  12 
1729	2   8  15 
1733	2  29  45 
1731	6   8   0 
1735	2   5   6 
1737	2   5   3 
1735	2  36  45 
1735	2  26  40 
1737	2  26  33 
1735	2  23  21 
1737	2  14  21 
1737	6  37  24 
1739	2   5  11 
1743	2  16  24 
1741	2   5   4 
1743	2  39  37 
1739	6  34  20 
1737	6   1   0 
1739	6  42  28 
1745	6   9   4 
1745	2  28  21 
1751	2   7  21 
1745	2  26  18 
1745	2  38  40 
1747	2  38  33 
1751	2  20   4 
1749	2  31  40 
1751	2  46  37 
1751	6  24  16 
1753	2  39  32 
1755	2  39  40 
1757	2  46  32 
1757	2   0  21 
1759	6  38  32 
1759	2  22  16 
1761	2   8  16 
1763	2  23  16 
1753	6  27  19 
1759	2  19   4 
1759	6  36  35 
1759	6  47  46 
1761	6  20   4 
1765	2  36  37 
1767	2   4  17 
1769	2  32  18 
1767	2  27  20 
1767	2  44  37 
1771	6  32  18 
1763	6   7   1 
1769	2   7  21 
1771	2  15  21 
1769	6  27  13 
1769	6  45  36 
1775	2  42  36 
1777	6  27  26 
1777	2  47  40 
1783	2  25  26 
1785	2  19  17 
1777	2   4   2 
1779	2  46  37 
1787	2   4  10 
1781	2  45  38 
1783	2  45  40 
1787	2  25  20 
1785	2  44  38 
1787	2  46  38 
1779	6  21   8 
1785	6  36  29 
1789	2   4  12 
1789	2  27  26 
1789	2  14  16 
1789	6  45  40 
1791	2  24  29 
1791	2  27  20 
1795	2  31  33 
1793	2  22  29 
1791	2   4   6 
1795	2  21  29 
1795	2  44  45 
1793	2   4   3 
1795	2   4  11 
1797	6  31  25 
1797	2   4   9 
1799	2   5   4 
1799	2  28  16 
1797	2  46  45 
1801	2   1  16 
1797	6  40  33 
1799	6  45  44 
1803	2  18  26 
1803	2  23  29 
1803	2  39  40 
1805	2   0  16 
1805	2  25  32 
1807	2  25  26 
1805	2  47  40 
1805	2  43  37 
1807	2   7  16 
1807	2  43  38 
1801	6  13   4 
1809	6  19  11 
1815	2  18  20 
1809	2  39  32 
1817	2  11   2 
1811	2  33  40 
1819	2  25  20 
1821	2   4  17 
1823	2  39  26 
1809	2  43  44 
1823	2  11  10 
1809	2  14  29 
1811	2  28  29 
1813	2  30  37 
1815	2  36  37 
1823	2  15  16 
1817	6  29  21 
1819	6   7   1 
1823	6  37  29 
1825	2  47  32 
1825	2   4   2 
1829	2  45  40 
1827	2   8  16 
1827	2  11  12 
1829	2  35  29 
1829	2  11   6 
1825	6  27  20 
1825	6  21  14 
1827	6  31  24 
1831	2  46  40 
1831	2  42  29 
1831	2  11   3 
1831	2   7  14 
1833	6  40  26 
1833	2   0  14 
1835	2   1  14 
1839	2  11  19 
1833	2  24  17 
1841	2   4  10 
1843	2  11   9 
1839	2  47  40 
1845	2   5  11 
1833	2  30  38 
1835	2  30  44 
1837	2  31  29 
1839	2  36  38 
1841	2  36  44 
1841	2  39  27 
1847	2  13  11 
1843	2  22  29 
1845	2  15  14 
1843	2  33  32 
1847	2   8  14 
1845	2  33  40 
1845	2  37  29 
1847	2  45  32 
1847	2  23  29 
1849	6  43  38 
1849	2  20  17 
1851	2   4  12 
1853	2   4   6 
1849	2  21  29 
1851	2  18  17 
1853	2  25  17 
1851	2  28  29 
1849	6   8   7 
1847	6  47  41 
1853	2  41  27 
1853	6  29  22 
1855	2  35  43 
1857	2  42  43 
1855	2   4   3 
1855	2  33  27 
1857	2   4  19 
1857	2  45  40 
1855	6  24  17 
1859	2  35  44 
1859	2   8  22 
1861	2  17   2 
1861	2  42  44 
1863	2  17  10 
1863	2  38  26 
1859	6  13   6 
1861	6  22  14 
1865	2   4   9 
1865	2  31  43 
1865	6  19  13 
1867	2  46  32 
1867	2  16  22 
1869	2  46  40 
1871	2  39  24 
1867	2   5   4 
1871	2   6   4 
1869	2  29  43 
1873	2  17  12 
1869	2   0  14 
1871	2  37  43 
1873	2  38  32 
1871	2   1  14 
1873	2  15  14 
1865	6  34  27 
1871	6  41  34 
1875	2   7  14 
1875	2  17  19 
1873	6  43  29 
1877	2  17   3 
1877	2  38  40 
1877	6  20  12 
1879	2  16  14 
1881	2  23  29 
1879	6  39  34 
1885	2  31  44 
1883	2  11   4 
1883	2  21  29 
1885	2  28  29 
1881	6   7   0 
1883	6  19  13 
1887	2  39  24 
1887	2  22  14 
1889	2  17  19 
1891	2  33  24 
1887	2  43  44 
1889	2  37  44 
1885	6   4   2 
1891	2  12   4 
1893	2  12  10 
1889	6  29  21 
1891	6  46  45 
1895	2  18   4 
1895	2   8  21 
1893	6  41  40 
1897	2  17   9 
1897	2  12  20 
1899	2  46  40 
1897	2   7  21 
1899	2  12  13 
1899	2  18  10 
1895	6  31  30 
1897	6  44  36 
1901	2  25   4 
1899	6  21   8 
1905	2   1   8 
1903	2  18  20 
1903	2  45  40 
1905	2  38  40 
1905	2   5  17 
1907	6  39  24 
1913	2  46  39 
1907	2  15   8 
1913	2  23  36 
1909	2   0   8 
1907	2  12   3 
1909	2  12  19 
1907	6  34  27 
1911	6  12   4 
1915	2  29  36 
1915	2  31  26 
1915	2  16   8 
1917	6  27  13 
1917	2  28  36 
1917	2   4   9 
1917	2  45  39 
1919	2  31  32 
1919	2  21  36 
1921	2  38  39 
1921	2  22   8 
1919	6  17   3 
1923	2  14   8 
1925	2   5   4 
1927	2   6   3 
1923	6  41  26 
1925	6  36  21 
1929	2  18  27 
1931	6  15   1 
1931	2  11   3 
1933	2  13  12 
1931	2  31  26 
1933	2  25  10 
1935	2  25  20 
1929	6  47  41 
1937	2   7  21 
1937	2  13  10 
1935	2  44  47 
1937	2  44  32 
1939	6  47  44 
1939	2   2   3 
1945	2  31  40 
1939	2  15  21 
1939	2  18  17 
1941	2   6   4 
1947	2  35  44 
1943	2  13  20 
1949	2  42  44 
1943	2  11   4 
1945	2  18  19 
1947	2  31  39 
1945	2   2   4 
1947	2  18   9 
1949	2  24  12 
1949	6  46  40 
1951	2   3   4 
1951	2  30  44 
1953	2  43  44 
1951	2  25  27 
1953	2  24  10 
1953	2  13  27 
1941	6  21  14 
1949	2   1  14 
1951	2   0  14 
1955	6  27  12 
1955	2  25  17 
1955	2  37  44 
1957	2  23  44 
1959	2  29  44 
1959	2  16  14 
1961	6  13   5 
1961	2  33  27 
1963	2  40  27 
1961	2  28  44 
1963	2  36  44 
1963	2  22  14 
1965	2  21  14 
1961	6  24  10 
1965	6  44  35 
1967	2  33  24 
1967	2   8  14 
1969	2  47  26 
1971	6  35  21 
1971	2  25  19 
1973	2   5  17 
1971	2  47  46 
1975	2   5  19 
1973	2  47  39 
1977	6  20   4 
1977	2   7  21 
1979	2  15  21 
1977	2  40  24 
1971	6  44  37 
1983	2  10   4 
1985	2  10  12 
1987	2  10  17 
1979	2  37  32 
1981	6  21  15 
1987	2   1  15 
1981	6  37  32 
1987	2  42  37 
1987	2  32  26 
1987	6  12   6 
1989	2  25   9 
1993	2  13  18 
1995	2  32  46 
1995	2  10  19 
1997	2  13  25 
1999	2  32  39 
1999	2  12  18 
2001	2  11  18 
1997	2   0  15 
2003	2   2  18 
2005	2   3  18 
1989	2  30  37 
2005	2  16  15 
1991	2  43  37 
1993	2  44  37 
1999	6  34  27 
1989	6  35  28 
1995	6  43  42 
1995	6  37  29 
2001	6  45  38 
2007	6   5   3 
2007	2  20  18 
2007	2  23  29 
2009	2  37  29 
2011	2  35  29 
2005	6  40  34 
2011	2  38  40 
2009	6  25  17 
2013	2  45  40 
2013	2  36  29 
2013	6  20   4 
2015	2  31  40 
2017	2  47  40 
2017	2  38  24 
2015	2  22  15 
2019	2  45  24 
2021	2  28  15 
2021	2  33  20 
2021	2  31  24 
2021	6  43  37 
2023	2   3   9 
2023	2  32  40 
2025	2  10   9 
2027	2  12  17 
2027	2   8  15 
2023	6  29  28 
2025	6  33  26 
2029	2  11  17 
2029	2   7  28 
2025	6  47  39 
2029	6  13   6 
2031	2  39  24 
2031	2  21  28 
2033	2   2  17 
2033	2  14  15 
2033	6  39  33 
2035	2   6   3 
2037	2  12   3 
2031	6  44  42 
2035	6  28  22 
2039	2  11   3 
2039	2  26  13 
2039	2  37  39 
2041	6  34  20 
2041	2   2   3 
2041	2  30  39 
2043	2  32  24 
2043	2  37  46 
2045	2  30  46 
2035	6   7   0 
2043	6  10   5 
2049	2  10  17 
2047	2  44  39 
2047	2  20  34 
2049	2  26  25 
2049	2  44  46 
2049	2  20  13 
2051	2   4  17 
2051	2  26  19 
2051	6  44  39 
2053	2   6   5 
2055	2  12   5 
2053	2  10   3 
2055	2   1  22 
2055	2  18  17 
2049	6  41  34 
2057	6  26  25 
2057	2  38  41 
2057	2   7  22 
2059	2  42  44 
2057	2  11   5 
2059	2   2   5 
2061	2  10   5 
2059	6  41  39 
2063	2  20  26 
2065	2  25   9 
2067	6  42  30 
2067	2   4   3 
2069	2   4   5 
2067	2  45  39 
2067	2  20  19 
2071	2  18   3 
2067	6   7   0 
2069	6  20  13 
2073	2  31  39 
2073	2  17   3 
2073	6  21   7 
2075	2  33  39 
2077	2  32  39 
2075	2  18   5 
2077	2  17   5 
2073	6  44  36 
2079	6  12   6 
2079	2  23  36 
2081	2  30  46 
2083	2  43  36 
2083	2  16  22 
2079	6  25  18 
2085	2  12  18 
2085	2  28  22 
2075	6  27  20 
2081	6  33  27 
2083	6  47  45 
2087	2  35  36 
2087	2   6  18 
2089	2  11  18 
2089	2  44  36 
2091	6  41  38 
2097	2  41  33 
2091	2   2  18 
2093	2  10  18 
2099	2  41  26 
2095	2   3   5 
2097	2  37  45 
2101	2  37  40 
2103	2  42  45 
2103	2  29  22 
2101	2   4  18 
2103	2  25  18 
2103	6   9   4 
2105	2  21  36 
2105	2  38  45 
2105	2  47  33 
2107	2  47  26 
2107	6  36  21 
2109	2  13   4 
2111	2  12  13 
2109	2  17  18 
2109	2  31  33 
2111	2  27  33 
2109	6   9   1 
2113	2  31  26 
2113	2   6  13 
2115	6  13   5 
2115	2   3  18 
2115	2  30  45 
2115	2  32  33 
2115	2   7  21 
2117	2  27  26 
2117	2  37  24 
2119	2   8  22 
2119	2  32  26 
2119	6  46  37 
2121	2  11   5 
2121	2  14  22 
2123	2   2   5 
2123	2  15  22 
2119	6  41  34 
2121	6  32  26 
2125	2  10   5 
2125	2  23  37 
2125	6  47  40 
2127	2  43  37 
2127	2   9  21 
2129	2  13  18 
2129	2  35  37 
2129	6   3   1 
2135	2   0  21 
2131	2  44  37 
2133	2  36  37 
2131	2  34  19 
2131	2  46  39 
2133	2  40  19 
2135	2  31  19 
2135	6  46  40 
2137	2  16  21 
2137	2   3   5 
2139	2  28  21 
2137	2  27  19 
2139	2  26  19 
2137	6  37  30 
2143	2  29  21 
2141	2  40  33 
2143	2  40  32 
2145	6  34  20 
2145	2   8  21 
2147	2  14  21 
2149	2  15  21 
2139	6  11   5 
2145	2  25  11 
2147	2  17  11 
2147	6  30  29 
2151	2  20   4 
2135	6  43  42 
2143	6  45  43 
2149	2  45  47 
2151	6  45  32 
2153	2  12  20 
2153	2  22  21 
2157	2  32  24 
2155	2   6  20 
2157	2   5  20 
2159	6  20   4 
2159	2  32  39 
2161	2  32  33 
2163	2  32  45 
2155	6  29  14 
2161	2   7  14 
2151	6   9   1 
2163	2   1  14 
2161	6  29  23 
2165	2   2   4 
2165	2  38  47 
2165	6  34  20 
2167	2  38  24 
2167	2  10   4 
2169	2   9  11 
2167	2   0  14 
2171	2  13  11 
2171	2  46  34 
2173	2  18  11 
2167	2  29  43 
2169	2  42  43 
2171	2  16  14 
2173	2  31  34 
2171	2  35  43 
2173	2  44  43 
2173	2  28  14 
2173	6  47  46 
2175	2  36  43 
2177	2  30  14 
2175	2   3   4 
2175	2  27  34 
2177	2  26  34 
2177	6  43  35 
2179	2  40  19 
2181	2  32  19 
2183	2  38  39 
2179	2   8  14 
2183	2  23  14 
2181	6  47  41 
2185	2  25   4 
2185	2  15  14 
2183	6  35  28 
2187	2  22  14 
2189	2  21  14 
2191	2   7  28 
2187	2  17   4 
2193	2   9   4 
2193	2  37  46 
2187	6  41  27 
2193	6  28  14 
2195	2  37  24 
2195	2  12  27 
2197	2   6  27 
2197	2  37  39 
2199	6  43  29 
2199	2  13   4 
2201	2  18   4 
2199	2  38  33 
2203	2  11   4 
2201	2  38  45 
2199	2   1  14 
2201	2  40  34 
2203	2  32  34 
2201	2   0  14 
2203	2  16  14 
2205	2  35  14 
2203	6  46  45 
2207	2  30  14 
2209	6  30  24 
2209	2  43  45 
2209	2   8  14 
2211	6  45  43 
2215	2  23  14 
2205	6  26  12 
2211	6  27   6 
2217	6  40  19 
2217	2  15  14 
2217	2  42  43 
2219	2  29  43 
2221	2  44  43 
2221	2  22  14 
2217	6  31  24 
2223	6  33  24 
2223	2   5   6 
2223	2  21  14 
2223	2  36  43 
2229	2  38  40 
2225	2  28  14 
2225	6  13   5 
2227	6  21   7 
2231	2  26  33 
2231	2  45  30 
2225	6  43  42 
2205	6   3   2 
2231	2   3   6 
2231	6  42  35 
2233	2  27  33 
2233	2  37  24 
2235	2  45  39 
2235	2  26  41 
2233	6   6   3 
2237	2  27  41 
2237	2  43  30 
2237	6  45  39 
2239	2  29  30 
2239	2  10   3 
2241	2   2   3 
2243	2  44  30 
2245	2  39  24 
2241	2  21  35 
2239	6  41  34 
2247	6  45  43 
2247	2  26  12 
2249	2  26  19 
2251	2  27  12 
2247	6  31  24 
2247	6  47  41 
2243	6  10   3 
2253	2  26  32 
2253	2  37  46 
2243	6   7   1 
2255	6  41  38 
2253	6  20  13 
2243	6  28  21 
2249	6  21   7 
2255	2  21  35 
2255	6   7   0 
2257	6  35  21 
2261	2  20  33 
2261	6  37  31 
2263	2   7  21 
2263	2  39  46 
2265	2  16  21 
2267	2  31  40 
2267	2  42  21 
2263	2  27  19 
2263	6  13   6 
2269	2  20  34 
2269	2  45  43 
2269	2  25  10 
2265	6   1   0 
2269	6  21  15 
2275	2  24  15 
2271	2  39  40 
2271	2  20  12 
2273	2  20  19 
2273	2  41  47 
2271	2  45  37 
2275	2  45  46 
2275	6  33  27 
2281	2  33  32 
2277	2  17  10 
2283	2  26  41 
2277	2  29  43 
2277	2   8  15 
2279	2  29  37 
2281	2  44  43 
2279	2   9  10 
2281	2   5  10 
2281	2  23  15 
2283	2  21  15 
2283	2  36  30 
2283	6  11   3 
2285	2  13  27 
2285	2  36  43 
2285	2  31  47 
2285	2  22  15 
2287	2  20  32 
2289	2  33  41 
2289	2  18  10 
2291	2  13  34 
2293	2  26  31 
2287	2   0  15 
2289	2   1  15 
2291	2  14  15 
2293	2  13  12 
2291	2   3  10 
2293	2   4  10 
2289	6  46  45 
2295	6  27  11 
2295	2  28  30 
2297	2  35  30 
2301	2  33  31 
2301	2  13  19 
2299	2  28  43 
2301	2  35  43 
2293	6  15   7 
2295	6  47  46 
2301	6  21   8 
2303	2  27  11 
2303	2  47  40 
2305	2  27  34 
2305	2  39  46 
2303	2  44  37 
2305	2  36  37 
2307	6  34  20 
2307	2   2  11 
2309	2  25  11 
2311	2  17  11 
2313	2  27  12 
2315	2  34  41 
2307	2  28  37 
2307	2  47  46 
2309	2  29  45 
2311	2  44  45 
2311	2  15  30 
2313	2  16  30 
2315	2  42  30 
2315	2   9  11 
2317	6  43  29 
2317	2  27  19 
2323	2  36  45 
2319	2   5  11 
2321	2  18  11 
2323	2   3  11 
2317	6  47  40 
2319	6  32  26 
2319	6  20  13 
2325	6  45  43 
2325	2  20  26 
2327	2  27  26 
2329	2  20  41 
2331	2  27  41 
2325	2  24  30 
2331	2  32  39 
2325	2   4  11 
2327	2  10  11 
2327	2  21  30 
2333	2  33  39 
2331	2  35  37 
2335	2  45  47 
2337	2  44  47 
2329	6  22  15 
2335	2  22  29 
2335	6  26  20 
2339	2  45  46 
2339	2  28  43 
2339	2  23  30 
2329	6   4   2 
2331	6  18  17 
2335	6   9   3 
2341	6  30  16 
2341	2   4  13 
2341	2  32  40 
2343	2  33  40 
2343	2   4  12 
2341	2  35  43 
2345	2   4  19 
2341	6  46  45 
2347	6  13  10 
2347	2  32  46 
2349	2  44  45 
2347	2  30  29 
2349	2  42  29 
2353	2  25  10 
2355	2   4  20 
2355	2   8  16 
2351	6  47  44 
2351	6  29  22 
2357	6  13   4 
2357	2  34  31 
2359	2  36  44 
2357	2  15  16 
2359	2  24  22 
2361	2  32  47 
2361	2  28  44 
2361	6  16   8 
2363	2  25  12 
2365	2  25  19 
2367	2  18  10 
2363	2  35  44 
2369	2  18  12 
2367	2   0   8 
2365	2  29  37 
2367	2  33  46 
2367	2  30  37 
2367	2  21  22 
2369	2   1   8 
2371	2  25  20 
2369	2  29  43 
2369	2   3  10 
2371	2  36  45 
2371	2  23  22 
2371	2  14   8 
2369	6  41  34 
2373	2   7   8 
2373	2  29  44 
2373	2   5  10 
2375	6  45  24 
2375	2   3  12 
2377	2   5  12 
2375	6  34  27 
2381	6  29  24 
2381	2  41  39 
2383	2  13  27 
2385	2  33  47 
2379	6   4   3 
2375	6  14   0 
2381	6   8   0 
2385	6  12   4 
2387	2  26  31 
2387	2  17  10 
2389	2  25  27 
2389	2  42  37 
2387	2  41  40 
2389	2   9  10 
2387	6  22  15 
2391	2  26  39 
2391	2   2  10 
2391	6  36  30 
2393	2  16  15 
2393	2  41  46 
2393	2   3  10 
2395	2  22  15 
2397	2  36  43 
2399	2  42  43 
2393	2  18  19 
2395	2  26  40 
2399	2  45  37 
2401	2  36  44 
2397	2  14  15 
2395	2  17   4 
2399	2   1  15 
2401	2   8  15 
2397	2  41  47 
2397	2  12  19 
2399	2  18  20 
2401	2   5  19 
2401	6  46  41 
2403	2   7  15 
2405	2   0  15 
2403	2  12  20 
2405	2   5  20 
2403	2  28  29 
2405	2  35  29 
2397	6  32  31 
2407	6  19  17 
2407	2  42  44 
2409	2  45  43 
2407	2  34  32 
2411	2  34  39 
2411	6  37  29 
2413	2  26  41 
2415	2  18  27 
2417	6  43  35 
2417	2  26  47 
2419	2  19  17 
2421	2  19  20 
2417	2  31  30 
2419	2  34  40 
2421	2   9   4 
2421	2  34  41 
2419	6  29  22 
2423	2  34  47 
2423	2  45  44 
2423	2  11  10 
2421	6  32  25 
2425	2  21  22 
2425	2   9  17 
2427	2  24  37 
2427	2   2   4 
2423	6  20  13 
2429	6  38  30 
2429	2   3   4 
2429	2  21  35 
2429	2  20  25 
2431	2  32  25 
2431	2  12  27 
2433	2  18  25 
2431	6  35  21 
2435	2   2  17 
2435	2  33  38 
2433	6  13   5 
2437	2  31  28 
2437	6   9   3 
2439	2  13  27 
2439	2  35  44 
2441	2  31  43 
2441	2  19  27 
2443	6  39  33 
2443	2  31  24 
2443	2   3   5 
2445	2   2   5 
2447	2   9  17 
2447	2  11   4 
2445	2  23  22 
2443	2  36  37 
2445	2  42  37 
2443	6  27  20 
2447	6  44  28 
2449	2  27  33 
2453	2  16  22 
2453	2  46  38 
2455	2  39  44 
2455	2  10   4 
2455	2  29  22 
2449	6  25  18 
2451	6  41  34 
2451	6  20  13 
2457	2  23  21 
2457	2  27  40 
2459	2  32  33 
2457	2  12  18 
2459	2  20  18 
2457	2  45  37 
2459	2  23  28 
2459	2  46  44 
2457	6   4   3 
2461	2  16  21 
2461	2  26  38 
2461	6  47  41 
2463	2  19  18 
2463	2  14  22 
2463	2  35  37 
2465	2  16  28 
2465	2   4  13 
2465	6  39  38 
2471	2  31  36 
2467	2   4  18 
2467	2  27  34 
2469	2  27  41 
2469	2  11  17 
2471	2  10  17 
2467	6  22  14 
2471	6  40  26 
2473	2  23  37 
2473	2   1  14 
2475	2  16  37 
2477	6  46  30 
2477	2   8  14 
2477	2  25  33 
2479	2   7  14 
2481	2   0  14 
2473	6  13   4 
2477	6  42  35 
2479	6   9   4 
2483	2  38  43 
2483	2  29  21 
2479	6  33  25 
2485	6   7   1 
2485	2  30  43 
2485	2  32  26 
2487	2  38  24 
2487	2  29  28 
2489	2  47  39 
2487	2  33  26 
2489	2  22  21 
2485	2   4   5 
2489	2  12  25 
2489	6  37  35 
2491	2  15  14 
2491	2  32  34 
2491	2   2   9 
2495	2  22  28 
2493	2  32  41 
2491	2  11   5 
2497	2  29  35 
2495	2  12  26 
2497	2   4   9 
2497	2  20  25 
2499	6  28  14 
2499	2  27  39 
2501	2  31  37 
2501	2  33  34 
2499	2  11   9 
2501	2   2  18 
2503	2  31  45 
2505	2  32  39 
2503	2  10   5 
2505	2   7  21 
2505	2   4  18 
2499	6  43  42 
2503	6  34  27 
2509	2  12  27 
2511	2  20  26 
2507	2  31  43 
2509	2   3  17 
2513	2  19  25 
2507	2   7  14 
2511	2   3   5 
2509	2  38  36 
2515	2  19  26 
2509	2   8  21 
2517	2  13  25 
2511	2  22  35 
2511	2  38  37 
2519	2  11  18 
2513	2  38  45 
2519	2  38  43 
2519	2  33  41 
2521	2  33  39 
2513	2   8  14 
2519	2  20  27 
2521	2  17   5 
2515	6  21   7 
2521	2  21  35 
2521	2   1   7 
2523	2  30  24 
2523	2  13  26 
2525	2  30  36 
2525	2  19  27 
2523	2  10   9 
2525	2   3   9 
2523	2   0   7 
2521	6  45  44 
2523	6  40  39 
2527	2  30  37 
2527	2  10  18 
2527	2  13  27 
2527	2   1  14 
2529	6  25  16 
2529	2  39  45 
2531	2  47  45 
2529	6  20  12 
2533	6  45  39 
2535	2   2  16 
2537	2  17   9 
2539	2  30  44 
2541	2  45  42 
2537	2   0  14 
2539	2  15   7 
2541	2   4  16 
2535	6  26  19 
2533	6  41  34 
2541	2  20  34 
2543	2  45  24 
2543	2  15  14 
2543	6  34  20 
2545	2  31  23 
2547	2  11  16 
2545	2  45  36 
2547	2  45  37 
2547	6  35  21 
2549	2  12  20 
2551	2   3  18 
2549	2  41  39 
2551	2  45  44 
2553	2  30  43 
2551	2  32  39 
2553	2  33  39 
2553	2  17  18 
2541	6   1   0 
2553	6   5   2 
2555	2  34  40 
2555	2  45  43 
2555	2  31  25 
2557	2  34  39 
2559	6  47  46 
2559	2  31  29 
2559	2   5  19 
2561	2  26  20 
2563	2  13  20 
2559	2  10  16 
2561	2   2   9 
2561	2  31  22 
2563	2   3  16 
2557	6  44  42 
2563	6  31  29 
2569	2  29  35 
2565	2  46  44 
2565	2   4  19 
2565	2  17  16 
2567	2  11  19 
2569	2  10  19 
2563	6  41  33 
2567	6  46  44 
2571	2   8  21 
2571	6  27  12 
2573	2  29   8 
2575	2   0  21 
2575	6  44  37 
2577	2  33  46 
2577	2   5  12 
2579	2   5  20 
2579	2  32  46 
2577	2  28   7 
2579	2  28  14 
2577	6  18  10 
2581	2  38  23 
2581	2   7  14 
2581	6  40  34 
2583	2   3  19 
2585	2  17  19 
2583	6  29  22 
2587	2  41  46 
2587	2   2  10 
2589	6  46  40 
2589	2  37  24 
2589	2  27  34 
2591	2  37  36 
2589	2   4  12 
2593	2  37  44 
2589	2   9  10 
2591	2   4  20 
2593	2   2  16 
2595	2  38  25 
2593	2  11  12 
2595	2   9  16 
2583	6   7   0 
2589	6  21   7 
2597	2  46  40 
2597	2  18  12 
2595	2   1   7 
2595	2  22  21 
2597	2  30  23 
2597	2  15   7 
2593	6  34  27 
2595	6   4   3 
2599	2  33  24 
2599	2  28   7 
2599	6  19  13 
2601	2   0   7 
2601	2  37  42 
2603	2  37  43 
2601	2  10  16 
2603	2  34  39 
2605	2  34  40 
2605	2  22   1 
2605	2  38  31 
2607	2  26  27 
2605	2   4  12 
2607	2  32  24 
2607	2  14   7 
2607	6  45  36 
2609	2  19  27 
2611	2  11  20 
2609	2  22  15 
2609	6  25  24 
2613	2  38  29 
2613	6  27  19 
2615	2  30  24 
2619	2   5  19 
2617	2  22  28 
2617	2  30  31 
2619	2  36  23 
2609	6   7   0 
2613	6  10   2 
2609	6  40  33 
2615	6  47  45 
2621	6  13   4 
2621	2  41  25 
2623	2  46  25 
2625	2  36  24 
2627	2  18  20 
2625	2  40  47 
2627	2  38  35 
2621	6  15   8 
2627	6  22  15 
2629	2  36  31 
2629	2  10   4 
2631	2   3  19 
2631	6  39  32 
2633	2  11  19 
2633	2  37  23 
2635	2   9   4 
2637	2  15   7 
2639	2  15  14 
2637	2  34  25 
2639	2  18  19 
2637	2   2   4 
2635	2  30  29 
2637	2  36  29 
2639	2  30  35 
2637	2  39  47 
2639	2  41  47 
2635	6  45  44 
2639	6   4   2 
2641	2  13  20 
2641	2  36  35 
2641	2  40  45 
2643	2  13  19 
2643	2  39  45 
2641	6  23  21 
2645	2  46  47 
2645	2  26  32 
2643	6  43  42 
2647	2  26  33 
2647	2  38  22 
2645	6  12  10 
2649	2  30  22 
2649	2  27  32 
2647	6  47  41 
2651	2  37  24 
2645	6   7   1 
2651	6  20   5 
2653	2  17  10 
2657	2  27  33 
2655	2  16   2 
2653	2  47  45 
2657	2  17   5 
2655	2  46  45 
2651	6  21   7 
2657	6  38  29 
2663	2  29  23 
2665	2  29  21 
2659	2  26  25 
2659	2  34  41 
2659	2  12  10 
2661	2  12   5 
2661	2   9  10 
2663	2   4  10 
2661	2  27  25 
2663	2  26  41 
2665	2  17  19 
2657	6   7   1 
2663	6  45  39 
2667	2  30  23 
2667	2  27  41 
2663	6  15   8 
2667	6   5   3 
2669	2  37  31 
2673	2   9   3 
2675	2   4   3 
2671	2  36  22 
2671	2  34  39 
2673	2  20  32 
2675	2  37  38 
2675	2  20  33 
2675	2   8   0 
2673	6  29  21 
2677	2  16  10 
2677	2  26  39 
2679	6  40  39 
2679	2  21  15 
2679	2  30  29 
2681	2  37  35 
2683	2  36  23 
2679	2  12  19 
2679	2   2  10 
2681	6  19   5 
2685	2  37  22 
2687	6  22  15 
2687	2  20  25 
2689	2  19  32 
2691	2  19  33 
2681	6   9   3 
2687	6   5   4 
2687	6  45  43 
2693	6  41  34 
2693	2  36  29 
2695	2  21  28 
2693	2  16   9 
2693	2   3   4 
2695	2   5   4 
2695	2   2   9 
2693	2  19  25 
2693	2  39  45 
2695	2  43  45 
2697	2  16   4 
2695	6  32  25 
2699	2   2   4 
2699	2  30  22 
2699	2  20  34 
2699	2  47  45 
2697	6  43  42 
2701	2  11  25 
2701	2  46  45 
2701	2  30  28 
2703	6  25  11 
2703	2  21   7 
2705	2  21  14 
2707	2  21   0 
2703	6  45  39 
2701	6  34  20 
2709	6  30  21 
2709	2  18  11 
2709	2  45  43 
2711	2  42  43 
2711	2  13  11 
2713	2  17  11 
2711	2  41  39 
2713	2  27  40 
2709	6   8   1 
2713	6  45  43 
2715	2  21   7 
2715	2  10   9 
2717	2  10   4 
2715	2  19  20 
2717	2  21  14 
2719	2  36  22 
2721	2  36  28 
2719	2  12  11 
2721	2   3  11 
2715	2  25  33 
2723	2   5  11 
2725	2   9   4 
2719	2  47  45 
2721	2  46  45 
2723	2  26  39 
2725	2  27  39 
2723	6  43  29 
2727	2  25  32 
2727	2  34  40 
2727	2  16  11 
2729	2  25  20 
2729	2  29   8 
2731	6  33  27 
2731	2  29  24 
2733	2   2  11 
2733	2  29  31 
2735	2  10  11 
2735	2  29  38 
2731	6  14   7 
2737	6  48  45 
2737	2  29  35 
2737	2  18  27 
2739	2  29  15 
2739	2  13  27 
2741	2  21   0 
2739	6  32  25 
2745	2  19  40 
2747	2  34  39 
2747	2   9  11 
2749	6  39  24 
2749	2  41  48 
2755	2  19  24 
2751	6  48  41 
2743	6  42  21 
2749	2  21   8 
2751	6  35  14 
2757	6  16   8 
2757	2   4  11 
2757	2  36  35 
2757	2  26  41 
2759	2  33  41 
2759	2  18  25 
2761	2  18  20 
2761	2  34  41 
2755	6  39  38 
2759	6  36  21 
2765	2  36  38 
2767	2  32  40 
2767	2  37  23 
2763	6  27  11 
2769	6  32  16 
2769	2  37  43 
2775	6  37  35 
2775	2  47  32 
2777	2  46  32 
2779	2  16  24 
2775	6  21  14 
2769	6  27  19 
2777	2  27  41 
2779	6  40  26 
2781	2  29  23 
2783	2  17  11 
2781	2  14   7 
2783	2  35  22 
2785	2  13  25 
2785	2  29  43 
2785	2  14   0 
2781	6  45  38 
2787	6  14   7 
2787	2  48  32 
2789	2  17  25 
2787	2  35  28 
2789	2  35  37 
2791	2  47  45 
2787	2  13  20 
2791	2  18  26 
2791	2  29  22 
2793	6  30  21 
2793	2  12  11 
2793	2  46  45 
2793	2  40  32 
2795	2  33  32 
2799	2  34  32 
2799	2  29  28 
2795	2   3  11 
2801	2  35  14 
2797	2   5  11 
2801	2  13  26 
2795	6  47  45 
2803	2  36  31 
2805	2  45  31 
2803	2   8  11 
2801	2  48  47 
2805	2   2  11 
2803	2  40  47 
2805	6  35  14 
2807	2  46  31 
2807	2  10  11 
2809	2  33  47 
2809	2  18  24 
2809	6  10   3 
2811	2  36  39 
2811	2  14   0 
2813	2  12  25 
2815	2   9  11 
2813	2  36  30 
2813	2  45  39 
2815	2  45  30 
2817	6  45  30 
2817	2   4  11 
2819	2  19  11 
2815	6  41  33 
2813	6  14   0 
2823	2  27  32 
2823	2  36  15 
2821	6  47  41 
2825	2  36  23 
2821	6  11   5 
2825	6  20  19 
2827	2  46  39 
2829	2  46  45 
2827	2  30  15 
2829	2  29  37 
2827	2  34  41 
2827	6  25  17 
2831	2  30  23 
2831	2  27  41 
2833	2  10  17 
2831	2  36  43 
2833	2  30  43 
2835	2  11  17 
2835	2  29  35 
2835	6  33  31 
2837	2  36  22 
2839	2  36  28 
2829	6   8   2 
2841	6  31  16 
2847	2  31  16 
2837	6  13  11 
2841	6  21  14 
2847	2  29  21 
2831	6  46  45 
2837	6  48  46 
2843	6  45  44 
2849	2  18  16 
2849	2  46  33 
2849	2  36  37 
2851	6   4   2 
2851	2  25  19 
2851	2  30  22 
2853	2  25  26 
2857	2  12  19 
2859	2  10  19 
2861	2  12  26 
2851	2  36  35 
2853	2  36  21 
2855	2  30  28 
2857	2  30  37 
2859	2  30  35 
2851	2  46  39 
2861	2  30  21 
2853	2  46  48 
2855	6  41  39 
2861	6   8   2 
2863	2   4  17 
2863	2  40  33 
2865	2  11  24 
2865	2  47  33 
2867	6  19  12 
2867	2  40  41 
2867	2   2  17 
2869	2  47  41 
2871	2  40  48 
2867	2  31  32 
2869	2   3  17 
2871	2  25  24 
2863	6  44  37 
2867	6  22  15 
2871	6   3   2 
2873	2  34  33 
2873	2  13  12 
2873	2  37  22 
2875	2  18  32 
2875	2  37  23 
2873	2  47  48 
2877	2  37  43 
2875	2  34  41 
2877	2  27  33 
2877	2  11  16 
2879	6  36  22 
2879	2  34  48 
2881	2  27  41 
2879	2  31  39 
2883	2  31  33 
2879	2   4  12 
2881	2   3  12 
2883	2   9  17 
2881	6  46  45 
2885	2  25  16 
2883	6  12   4 
2887	2   8  17 
2889	2  19  24 
2891	2  18  39 
2893	6  26  11 
2899	2  18  33 
2893	2  45  36 
2901	6  39  31 
2901	2   2   4 
2903	2  10  11 
2905	2  13  11 
2889	6  22  15 
2895	6  44  36 
2901	6  45  44 
2901	6  48  34 
2901	6  29  22 
2907	6  24  10 
2907	2  39  41 
2909	2  27  34 
2913	2   9   4 
2915	2  12  11 
2907	2  37  29 
2909	2  37  28 
2911	2  40  45 
2913	2  47  45 
2913	2  26  32 
2915	2  44  23 
2915	6  41  27 
2917	2  25  32 
2921	2  20  17 
2923	2  19  16 
2917	2  37  36 
2919	2  44  43 
2921	2  48  45 
2923	2  37  35 
2923	6  46  41 
2925	2  24  10 
2927	2  24  16 
2927	2   3  11 
2925	6  44  36 
2929	2  26  31 
2925	6   8   1 
2929	6  11   3 
2931	2  39  34 
2933	2  37  21 
2935	2   2   3 
2935	2  36  29 
2937	2  36  28 
2933	2  26  33 
2935	2  46  45 
2935	2  18  27 
2937	2  25  31 
2937	2   9   3 
2937	6  45  40 
2939	2  26  27 
2943	2  25  33 
2939	2   1   4 
2945	2  39  40 
2941	2  20   4 
2945	2  13  10 
2943	2  36  44 
2945	2  36  35 
2939	6  30  23 
2947	2  18  34 
2947	2  45  30 
2947	6  35  28 
2949	2  19  32 
2951	2  25  27 
2949	2   1   3 
2951	2  12  10 
2949	6  45  37 
2953	2  24  32 
2953	2  11  10 
2953	6  20   6 
2955	2  37  43 
2957	2  37  29 
2955	2   2  10 
2957	2   9  10 
2955	6  40  25 
2959	2  37  35 
2959	2   6   3 
2961	2  19  31 
2963	6  47  38 
2963	2  18  25 
2969	2  37  44 
2971	2  38  30 
2973	2  38  43 
2965	2   5  17 
2967	2   5   4 
2975	2  37  28 
2969	2   1  10 
2965	2  26  34 
2967	2  26  25 
2969	2  19  33 
2971	2  40  34 
2971	2  17   4 
2975	2  40  25 
2973	2   5   3 
2975	6  12  10 
2981	2   6  12 
2977	2  38  29 
2979	2  38  35 
2981	2  36  21 
2981	2  24  31 
2977	6  48  47 
2977	6  34  26 
2981	6  16  10 
2983	2  37  21 
2985	2  38  44 
2983	2  19  27 
2985	2  19  26 
2983	6  47  46 
2987	2  13  10 
2989	6  34  13 
2989	2  16  10 
2991	2  17   3 
2993	2   4   3 
2987	6  38  30 
2995	2  11  10 
2995	2  34  32 
2987	6  44  43 
2993	6  37  29 
2999	2  46  38 
2997	2   5  12 
2999	2  17  12 
2993	6  42  35 
2999	6  43  42 
3001	2  19  25 
3003	2   4  12 
3003	2  34  31 
3005	6  32  24 
3005	2  46  44 
3011	2  47  38 
3013	2  46  37 
3013	2  32  33 
3015	2  32  27 
3005	2   2  10 
3007	2   9  10 
3009	2   1  10 
3005	6   6   5 
3011	2   5  10 
3013	6   6   3 
3017	2  47  44 
3013	6  23  16 
3019	6  42  36 
3019	2  39  38 
3025	2  39  44 
3027	2  46  43 
3019	2  23  24 
3027	2  34  33 
3019	2   6  12 
3019	2   3  10 
3027	2  11  24 
3021	6   9   2 
3021	6  13   6 
3029	6  24   8 
3029	2  34  27 
3029	6  47  45 
3035	6   8   2 
3035	2  30  28 
3037	2  45  37 
3035	2  17  10 
3039	2  45  43 
3035	2  32  26 
3037	2  32  25 
3039	2  23  31 
3039	2  34  26 
3041	6  33  18 
3047	2  34  25 
3047	2   4  10 
3049	6  38  33 
3049	2   9   2 
3051	2   8   2 
3053	2   1   2 
3055	6  31  16 
3049	6  19  13 
3041	6  43  36 
3055	6  27   6 
3047	6  29  28 
3055	6   3   2 
3055	6  46  44 
3053	6  35  21 
3061	6  20   6 
3061	2  11  16 
3063	2   9  16 
3061	2  44  43 
3067	2   5   3 
3063	2  38  33 
3065	2   8  16 
3069	2  19  10 
3065	2  39  37 
3067	2  38  46 
3069	2  30  35 
3069	6  46  41 
3075	2  38  37 
3077	2  45  43 
3071	2  23  18 
3073	2  11  18 
3071	2   2   3 
3075	2   9  18 
3079	2  44  29 
3077	2  17   3 
3075	2  27  33 
3077	2  27  41 
3081	2  39  36 
3083	2  45  29 
3085	2  38  36 
3079	2   4   3 
3081	2  19   3 
3083	2  40  33 
3085	2  40  41 
3083	2  12  10 
3087	2  44  35 
3085	2  12   3 
3087	2   1  16 
3089	6  23  18 
3087	6  41  27 
3089	6  44  35 
3087	6  46  39 
3089	6   7   1 
3087	6   5   4 
3093	6  41  39 
3095	2  18  20 
3097	2   4  16 
3099	6  40  37 
3099	2  11  20 
3099	2   2  16 
3101	2  17  16 
3103	2  10   3 
3101	6  19  13 
3105	2  46  43 
3105	2   8  23 
3105	6  10   4 
3107	2   7  23 
3107	2  45  44 
3107	2  19  33 
3109	2  19  27 
3109	2  32  33 
3109	6  45  43 
3111	2  18  26 
3113	2  32  27 
3109	6  30  29 
3111	6  16   2 
3115	2  18  25 
3115	2  39  40 
3111	6  13  12 
3117	2  39  36 
3119	2  46  30 
3121	2  37  40 
3117	2   5   2 
3119	6  25  18 
3123	2  46  44 
3123	2  34  33 
3119	6   5   2 
3125	6  23  16 
3125	2  38  45 
3127	2  39  45 
3131	2  38  30 
3133	2  38  44 
3125	2  11  26 
3127	2  11  18 
3131	2  10  16 
3133	2  23  16 
3135	2  17  16 
3129	2  12   5 
3131	2  13   5 
3135	2  39  30 
3127	2  34  27 
3137	2  39  44 
3133	2   4   5 
3135	2   3   5 
3137	2   2  16 
3131	6  26  19 
3139	6  38  26 
3145	6  33  25 
3145	2  37  36 
3147	2  37  45 
3149	2  37  30 
3139	6   9   4 
3145	2   4  20 
3147	6  20   4 
3151	2  38  40 
3145	6   9   8 
3151	6  17   9 
3153	2  32  40 
3157	2  33  25 
3153	2  20  19 
3153	2  37  44 
3155	2  38  36 
3157	2  38  45 
3153	6   4   3 
3157	6   7   1 
3159	2  34  40 
3161	2  33  27 
3159	2  38  30 
3159	2  17   3 
3161	2  38  44 
3163	6  23   8 
3163	2  20  18 
3163	2  33  40 
3165	6  19  11 
3163	6  38  36 
3171	2   1   3 
3173	2  17  11 
3175	2  19  25 
3175	2  10   3 
3165	6  40  34 
3169	6  31  30 
3171	6  45  40 
3177	6  18  16 
3183	2  19  27 
3183	2   8   3 
3185	2  20  25 
3185	2   9   3 
3177	6  46  44 
3187	6  11  10 
3187	2  32  38 
3187	2  20  27 
3189	2  32  40 
3189	2  45  38 
3191	2  32  31 
3187	6  15   1 
3189	6  27  19 
3193	2  45  40 
3193	2   2   3 
3193	2  17  16 
3195	6  41  27 
3195	2  12  18 
3197	2  12   3 
3195	2  32  46 
3197	2  17  25 
3199	2  15  10 
3199	2  45  31 
3199	6  13   5 
3201	2  15  16 
3201	2  11  10 
3201	2  33  38 
3205	2  17  19 
3203	2  45  46 
3207	2   5  18 
3209	2   8  10 
3211	2  11  16 
3203	2  41  34 
3205	2  33  40 
3213	2  23  18 
3215	2  20  34 
3213	2   5   3 
3215	2   8  16 
3207	6  38  32 
3215	6  39  31 
3221	2  33  39 
3217	2   9  10 
3223	2  33  46 
3219	2   4  18 
3219	2   9  16 
3221	2   2  10 
3223	2   2  16 
3223	6  18  12 
3225	2  41  32 
3227	2  41  40 
3225	6  15   3 
3229	2  20  32 
3231	2  41  39 
3231	2  13  12 
3233	2  41  46 
3231	2  23  15 
3231	2  18  10 
3233	2  18  16 
3233	6   5   3 
3235	6  25  17 
3235	6  15   8 
3241	2   5  17 
3233	6  27  20 
3239	2  27  40 
3241	2  27  39 
3241	6   8   2 
3243	2  25  34 
3245	2   5  19 
3247	6  13   5 
3247	2  25  32 
3249	2  25  40 
3251	2  25  39 
3247	2   3  10 
3251	2   3  16 
3253	2  11  17 
3255	6  19  11 
3253	6  32  25 
3261	2  19  11 
3263	6  11   2 
3263	6  40  27 
3269	6  34  26 
3269	2  15  17 
3271	2   9  17 
3271	2   4  11 
3273	2   8  17 
3269	6  20  13 
3269	6  40  39 
3275	6  40  33 
3275	2   5  11 
3277	2  18  17 
3279	2   3  17 
3275	6  46  38 
3275	6  27  20 
3281	6  40  38 
3287	2  39  40 
3281	2  15   2 
3283	2  23  10 
3285	2  23  16 
3287	2   9   2 
3281	2  27  26 
3287	2  23  17 
3283	2  19  26 
3285	2  12  11 
3285	6  26  25 
3291	2  32  40 
3291	2  27  26 
3289	2   4  10 
3291	2   4  16 
3293	6  16   4 
3299	2   5  10 
3301	2  12  10 
3293	6  31  25 
3303	2   8   2 
3303	2   5   4 
3305	2  18   2 
3299	6  31  30 
3305	6  30  22 
3307	2  27  20 
3307	2  12   4 
3309	2   3   2 
3309	2  19  26 
3311	2  27  33 
3307	2  16  17 
3313	2  27  40 
3315	2  19  20 
3311	2  15  22 
3313	2   9  22 
3315	2   8  22 
3315	2  11  10 
3317	6  18  15 
3323	6  25   9 
3315	6  40  34 
3329	6   9   3 
3329	2  18  26 
3335	2   5  17 
3337	6   8   3 
3337	2  19  33 
3339	2  18  20 
3343	2  12  17 
3343	2  15  22 
3345	6  26  18 
3345	2   9  22 
3351	2  25  18 
3347	6   5   3 
3347	6  30  15 
3353	6  20  19 
3359	2  20  34 
3361	2  26  33 
3353	2  23   2 
3355	2  11   4 
3355	2  23  22 
3357	2  16   2 
3359	2  16  22 
3359	2   3   2 
3361	2  11  17 
3361	6   3   2 
3363	2   5  18 
3365	2  25  19 
3361	6  22  15 
3367	2  26  34 
3367	2   2  15 
3357	6  31  30 
3369	6  12   9 
3375	2  31  18 
3375	2   9   3 
3377	6  24  23 
3377	2   5  19 
3379	2  12  18 
3381	2  10   4 
3377	6  15   8 
3379	6  33  26 
3383	2  24  18 
3385	2  16  18 
3387	2  10  17 
3387	2  25  26 
3389	2  25  34 
3389	2  11   3 
3391	2   4  17 
3393	2   2  18 
3395	2   9   8 
3397	2   9  18 
3391	6  34  27 
3393	6  13   5 
3399	2  11   8 
3395	6  32  31 
3401	2  32  19 
3403	2  13  26 
3401	2  10   3 
3403	2  10   8 
3405	6  25  16 
3411	2  13  27 
3411	2  11  18 
3411	6   9   8 
3413	2  12  19 
3415	2  24  19 
3413	2   4   3 
3417	2   4   9 
3417	2  25  19 
3419	2  10  18 
3421	6  19  11 
3421	6  16   2 
3427	2  16  11 
3427	2  32  26 
3429	2  12  26 
3431	2   4  18 
3429	6  23  16 
3433	2  32  27 
3435	2  12  27 
3437	2  24  26 
3439	2  17   3 
3441	2   8  11 
3439	6  32  27 
3445	2  19  11 
3447	2  25  26 
3447	2  10  11 
3443	6  22   8 
3449	6  22  16 
3449	2   4  11 
3449	6  31  26 
3455	2  24  32 
3457	2  25  32 
3457	2  17   9 
3459	2  23  31 
3459	2   3   9 
3461	2  23  32 
3463	2  16  31 
3465	2  16  32 
3467	6  32  24 
3461	6  12   4 
3467	6  27  12 
3473	2  19  31 
3475	2  19  24 
3477	2  10  31 
3479	2  10  24 
3481	2  17  18 
3477	6  27  26 
3483	2  26  31 
3483	2  17  11 
3485	2   3  18 
3487	2   3  11 
3489	2   9  18 
3485	6  31  23 
3491	2  26  24 
3491	2   9  11 
3493	2  17  23 
3495	2  17  24 
3493	6   8   3 
3499	2  18  11 
3499	2   8  23 
3501	2   8  24 
3503	2   9  23 
3505	2   9  24 
3507	2  18  23 
3509	2  18  24 
3511	2  11  23 
3513	2  11  24 
3515	2  23  24 
