   1	6  35  21 
   7	6   9   3 
   1	6  31  18 
   7	6  20  18 
  13	2   9  21 
   1	6  11   5 
  15	2   9  10 
  17	2   9  20 
  19	6  28  17 
  19	6  25  14 
  25	2  21  10 
  27	2   9  11 
  27	2  21  20 
  29	2   9  22 
  31	2  21  11 
  25	6  13   6 
  33	2  10  20 
  35	2  21  22 
  35	2   9   8 
  37	2  21   8 
  37	2  10  11 
  39	2  10  22 
  35	6  31  18 
  41	2   9  27 
  43	2  21  27 
  43	2   9  17 
  45	2   9  14 
  47	2  21  17 
  49	2   9  23 
  51	2  10   8 
  41	6  18  12 
  47	6  19  12 
  53	2   9  13 
  55	2   9  15 
  51	6  27  22 
  57	2  21  14 
  53	6  17  11 
  59	2  10  22 
  61	2  21  23 
  61	2  10  11 
  59	6  13   8 
  65	2   9   4 
  67	2  21   8 
  63	6  23  17 
  69	2  20  23 
  71	6  21  14 
  77	6  26  13 
  77	6  28  23 
  69	6   5   3 
  75	2   9   3 
  77	6   2   1 
  83	2   9   2 
  83	2  20  27 
  83	6  23  11 
  85	2  20  26 
  89	2  10  21 
  91	6  34  16 
  83	6  18   6 
  89	6  19  13 
  97	2  20  22 
  99	2  20  23 
 101	2  10  17 
 103	2  10   8 
 101	2  20  21 
 105	2   9  13 
 107	2   9  11 
 109	2   9  16 
 103	2  28  27 
 105	2  28  26 
 107	2  27  26 
 109	6  34  26 
 111	2   9   6 
 113	2   9   1 
 115	2  28  22 
 115	2  14  15 
 117	6  20   9 
 117	2  28  23 
 119	6  34  29 
 123	2  20  26 
 125	2  14   4 
 125	2  27  22 
 127	2  10  15 
 127	2  27  23 
 129	2   9  17 
 129	2  28  21 
 131	2  14   3 
 131	2  28  17 
 115	6   1   0 
 121	6   6   1 
 133	2  20  12 
 133	2   9   8 
 133	2  29  22 
 135	6  13   8 
 135	2  27  21 
 137	2  27  17 
 141	2   9  15 
 141	2  20  19 
 143	2  10   4 
 139	2  29  23 
 143	2  29  21 
 143	6  25  13 
 145	2  10   3 
 147	2   9   4 
 147	2  29  17 
 149	2  28  25 
 151	2  14   2 
 151	2  22  23 
 153	2  28  15 
 155	2  22  21 
 155	2  14   8 
 149	6  11   4 
 157	2  14   4 
 157	2  22  17 
 159	2  14  16 
 159	2  27  25 
 161	2  10   2 
 161	2  23  21 
 161	6  32  25 
 163	2   9   3 
 163	2  23  17 
 165	2  10   8 
 167	2  10   4 
 167	2  14   1 
 169	2  14   0 
 171	2   9   2 
 171	2  20  24 
 165	6  28  23 
 171	2  23  11 
 167	6  33  32 
 173	2  27  15 
 173	6  23  11 
 175	2  14  26 
 177	2  14  12 
 179	6   4   2 
 179	2  14  19 
 185	2   9   8 
 179	2  27  23 
 181	2  20  13 
 181	2  29  33 
 183	2  21  17 
 187	2  20  34 
 187	2  11   3 
 189	2   9   2 
 191	2  11   4 
 189	2  22  33 
 191	2  29  15 
 193	6  27  15 
 199	2  14  24 
 193	2  29  23 
 199	2  22  27 
 193	6  11   4 
 201	2  20   7 
 201	2  10  16 
 203	2  22  23 
 203	2  14  13 
 203	6  34  26 
 205	2   9  16 
 207	2   4   8 
 209	2  14  26 
 211	6  14  13 
 211	2   4   2 
 217	2  13   7 
 213	2   4  16 
 219	2  20  31 
 211	2  28  33 
 215	6  29  17 
 215	6   9   3 
 221	6  17  11 
 221	2  28  27 
 223	2  21  33 
 225	2  29  33 
 225	2  15   9 
 227	2  21  27 
 227	2  11   9 
 219	6   7   1 
 229	2  22   9 
 225	6  25  13 
 231	6  18   6 
 237	2  20  32 
 239	2  20  13 
 239	2  25  31 
 231	2  28  23 
 231	6  10   2 
 233	6  28  23 
 239	2  23   9 
 241	6   7   2 
 247	2   7   2 
 241	2  21  28 
 241	2  25  32 
 243	2  15  17 
 245	2  11  17 
 245	2  29  27 
 247	2  22  17 
 247	2  33  27 
 249	6  34  26 
 249	2  15   8 
 251	2  11   8 
 253	2   7   0 
 253	2  15  10 
 255	2  20  30 
 253	2   3   2 
 255	2   3   0 
 253	2  23  17 
 255	2  29  28 
 257	6  23   9 
 257	6   1   0 
 263	6   3   2 
 263	2  15  16 
 263	2  33  28 
 265	2  11  10 
 269	2  22   8 
 265	6  26  19 
 271	2   7  19 
 271	2   4   3 
 271	2  27  28 
 271	2  11  16 
 273	6  34  33 
 273	2  20  18 
 273	2   4   1 
 275	2  21  23 
 277	2  15   3 
 275	2   7  12 
 277	2  29  23 
 277	6  19   7 
 279	2  22  10 
 281	2  22  16 
 283	2  21  17 
 283	2  25  13 
 279	6  35  34 
 281	6   4   3 
 285	2  19  26 
 285	2  29  17 
 285	6  15   8 
 287	2  35  23 
 289	2  27  23 
 287	2  11   4 
 291	2  22   4 
 287	2  25  30 
 289	2  19  24 
 291	2  25  18 
 285	6   6   0 
 293	6  29  17 
 293	2   2   7 
 293	2  20  25 
 295	2   2  12 
 297	2   3   7 
 299	6  35  23 
 299	2   9  15 
 301	2   8   1 
 301	2  21  15 
 303	2   9  10 
 303	2  19  14 
 299	6  12   6 
 303	6   2   1 
 305	2  19  33 
 307	2  19  12 
 309	2   8   7 
 309	2  19  31 
 305	2  23  29 
 307	2  28  35 
 309	2  27  29 
 307	6  17  10 
 311	2  28  29 
 311	2  19  32 
 311	6   3   2 
 313	2  21  17 
 313	2  19  13 
 313	2  35  29 
 315	2  10  15 
 315	2  19  30 
 315	6  35  29 
 317	2   9  16 
 317	2  19  18 
 319	2   2   6 
 319	2  20  19 
 319	2  10  17 
 321	6  22  15 
 321	2  11   3 
 321	2  25  19 
 321	6   7   1 
 323	6  26  19 
 327	2  23  22 
 329	2  21  16 
 327	2   8   6 
 329	2   7  19 
 331	6  15   4 
 337	2  10  16 
 331	6  19   7 
 337	2   2   7 
 339	2  23  17 
 337	2  19  24 
 339	2   9  15 
 341	6  11   5 
 341	2  19  14 
 341	2  27  22 
 343	2  28  22 
 345	2  23  16 
 345	2  19  33 
 347	6  23  17 
 353	2  27  23 
 347	2  19  12 
 355	2  28  23 
 349	2  19  31 
 347	2   8   7 
 355	2  21  15 
 355	2  19  32 
 347	2   4   3 
 349	6   4   1 
 355	2   5   4 
 355	6   7   2 
 357	2  27  16 
 359	2  29  22 
 361	6  21  16 
 361	2  19  13 
 361	2  29  23 
 361	2   9   3 
 363	2  19  30 
 365	2  19  18 
 363	6   8   6 
 367	2  28  21 
 359	6  11   5 
 369	6  24   6 
 369	2  16   3 
 371	2  10  15 
 373	2  10   3 
 375	2   7   6 
 373	2  35  22 
 375	2  17  15 
 377	2  29  21 
 377	2  24   6 
 377	6  11   3 
 379	2   7  14 
 383	2  35  23 
 381	2  20  19 
 383	2  25  19 
 383	2  27  15 
 385	2  26  19 
 385	2  17  11 
 385	2  28  15 
 387	6  27  15 
 387	6  17  11 
 387	6  19   7 
 393	2  22  23 
 393	2  24  14 
 395	2   3   8 
 395	2  29  27 
 397	2  35  21 
 397	2   1   4 
 395	6  31  24 
 399	2   9   4 
 401	2   1   8 
 399	2  35  27 
 401	2  16   4 
 401	2  19  33 
 403	2  15  17 
 403	2  31  33 
 405	2   9   8 
 405	2  22  21 
 403	2  19  12 
 405	2  19  24 
 405	6  11   4 
 407	2  19  32 
 409	2  19  13 
 409	2  22  27 
 405	6   6   0 
 407	6   9   8 
 411	2  28  17 
 411	2  19  30 
 413	6  26  12 
 413	2  29  17 
 419	2  19  18 
 419	2  31  26 
 413	2   3   2 
 415	2  16   9 
 417	2  10  11 
 415	2   1   2 
 417	2   8   2 
 419	2   3   0 
 419	6  29  28 
 421	2  31  24 
 423	2  31  32 
 421	2   3  14 
 423	2  20  19 
 425	2  25  19 
 423	2   4  11 
 421	2   1   0 
 423	2   8   0 
 425	2  15  11 
 427	6  29  17 
 427	2   1  14 
 429	2   8  14 
 429	2  12  19 
 431	2   7  19 
 433	6  17  11 
 439	2  11  17 
 433	2  31  13 
 433	2  35  29 
 435	2  31  30 
 437	2  31  18 
 439	2  20  31 
 435	2  22  29 
 435	6   3   0 
 441	2  25  31 
 441	2  23  21 
 441	2  10   9 
 443	6  11   8 
 449	2  16   2 
 443	6  31  25 
 449	2  12  25 
 451	6  13   0 
 451	2  28  17 
 451	2   4   9 
 453	2  16   3 
 455	2  15   9 
 455	2  23  27 
 457	6  25  13 
 457	2  23  29 
 457	2  10   2 
 457	2  21  27 
 459	2  10   3 
 461	2   4   2 
 459	2  21  29 
 463	2  25  33 
 463	2  15   2 
 465	6   6   1 
 465	2   4   3 
 465	2  25  26 
 467	2  25  24 
 469	2  25  32 
 465	2  16  14 
 467	2   8   9 
 467	2  35  17 
 469	2  15   3 
 471	6  25  18 
 471	2  27  29 
 471	2   8   2 
 473	2   7  13 
 477	2  18   0 
 479	2  18  30 
 481	2  18  25 
 473	2  22  17 
 475	2  23  17 
 477	2  21  17 
 479	2  10  14 
 481	2   4  14 
 479	6  28  22 
 485	2  22   9 
 487	2  20  18 
 487	2   8   3 
 473	6  33  32 
 487	6  35  17 
 489	2  31  18 
 491	2  12  18 
 493	2  27  35 
 493	2  15  14 
 489	6   3   2 
 493	6  24   6 
 495	2  17   9 
 495	2  29  35 
 497	6  22   9 
 499	2  24  32 
 501	2  24  26 
 503	6  15   3 
 503	2  24   6 
 505	2   7  18 
 507	2  19  13 
 505	6  33  26 
 509	2  28  22 
 509	2  19  18 
 509	2   8  14 
 507	6   6   0 
 511	2  24  26 
 511	2  23  22 
 513	2  24   6 
 511	2   9  15 
 513	2  17  15 
 515	6  17  11 
 515	2   9   2 
 515	2  24  30 
 517	2  24  25 
 517	2   9  14 
 519	2  20  24 
 521	6  11   9 
 521	2  31  24 
 523	2  12  24 
 521	2  21  22 
 525	2  13  18 
 523	2  27  22 
 525	2  29  22 
 527	6  32  20 
 527	2   9   2 
 527	6  24  18 
 527	6  28  17 
 533	2  28  20 
 529	6   4   2 
 535	6  20  16 
 541	2   7  18 
 543	2   9  14 
 535	2  28  33 
 545	2  20  16 
 537	6  33  28 
 543	6  12   0 
 547	2  35  22 
 549	6  28  14 
 535	6   5   4 
 555	2  10  16 
 555	2  20  14 
 557	2  10  14 
 555	6  33  30 
 559	2   2  16 
 561	6  35  33 
 561	2  30  12 
 561	2   3  16 
 563	2  20  12 
 565	2  17  15 
 567	2   2  14 
 567	2  17   5 
 565	6  12   6 
 569	2  30  26 
 569	2   8  16 
 567	6  35  34 
 571	2  20  26 
 571	2  30  12 
 573	2  19  18 
 575	2   3  14 
 577	2  20  12 
 571	2  11  16 
 579	2  13  18 
 577	2   9  16 
 579	2  23  15 
 573	6  11   5 
 573	6  31  30 
 581	6   7   0 
 581	2  31  34 
 581	2  21  15 
 583	2  20  34 
 585	2  24  18 
 585	2  17  28 
 579	6   5   4 
 587	6   6   1 
 587	2  23  11 
 589	2  23  28 
 587	2   8  14 
 587	2  31  25 
 589	2  32  31 
 589	2   4  14 
 591	2  30  31 
 593	2  20  25 
 595	2  21  11 
 597	6  27  15 
 595	6  31  24 
 597	6  23  11 
 593	6   2   1 
 603	2  32  20 
 605	2  15  27 
 599	6  12   7 
 605	2  12  24 
 607	6   6   0 
 607	2  30  20 
 607	2  10   2 
 609	2   9  14 
 609	2  17  16 
 609	2  29  27 
 611	2  17  14 
 611	2  33  27 
 613	6  34  33 
 613	2  12  20 
 613	2   1   2 
 615	2   6  24 
 617	2  19  24 
 613	2  11  16 
 615	2   3   2 
 615	2  15  23 
 619	2  21  28 
 621	2  15  28 
 623	6  26  13 
 623	2  29  23 
 625	2  29  28 
 625	6  17   5 
 629	2   8   2 
 631	2   4   2 
 629	2  26  24 
 631	2  21  16 
 633	2   6  20 
 635	2  19  20 
 633	2  34  23 
 633	2   9   2 
 631	2  31  24 
 637	2  18  24 
 635	2  34  28 
 635	2   5   2 
 637	2  26  20 
 635	2  15  16 
 637	2  29  16 
 639	2  22  27 
 639	6  14  10 
 645	2  34  16 
 647	6   9   2 
 647	2  31  20 
 649	2  14  13 
 653	2  11  10 
 647	2  22  23 
 649	2  27  23 
 651	2  22  28 
 653	2  14   7 
 655	2  18  20 
 655	2  22  16 
 657	6  26  14 
 657	6  29  22 
 663	6  13   1 
 669	2  13   1 
 663	2  21  10 
 665	2  11   9 
 667	2  15  10 
 665	2  26  33 
 669	2  22  10 
 667	2  26  25 
 669	2  32  26 
 671	6  22  10 
 671	2  13   7 
 671	2  30  26 
 673	6  26  13 
 677	2  34  22 
 673	6   2   1 
 679	2  26  33 
 679	2  12  13 
 679	2  29  22 
 679	2   3   2 
 681	6  34  29 
 681	2   6  13 
 683	2  24  20 
 685	2  26  25 
 687	2  32  26 
 689	2  30  26 
 681	2   8   2 
 683	2   4   2 
 685	2   3   7 
 687	2   8   7 
 691	2  12  26 
 689	2   1   2 
 687	6  29  17 
 691	6   4   2 
 697	2   5   4 
 693	2  19  13 
 699	2  11   4 
 701	2  21   9 
 703	6   5   4 
 703	2   2   7 
 703	2  27  28 
 705	2   1   7 
 703	2  15   9 
 705	2  27  16 
 707	2  14  13 
 709	2  10   9 
 707	2  23  28 
 711	2  17   9 
 707	6  26  24 
 709	6  34  29 
 713	2   6  24 
 713	6  21   9 
 715	2  19  24 
 713	6  17   5 
 719	2   9  17 
 715	6   7   1 
 721	2   4   1 
 723	2  15  17 
 719	6  33  25 
 725	6  25  13 
 725	2  23  16 
 727	2  10  17 
 729	2  28  16 
 723	6   2   1 
 731	2   3  13 
 733	2   8  13 
 733	2  31  25 
 733	2   5  17 
 735	6  33  19 
 735	6   4   2 
 741	2   1  13 
 741	2  11   4 
 741	2  29  21 
 743	6   3   1 
 743	2  18  25 
 743	2  27  22 
 745	2  29  17 
 745	2  26  25 
 747	2  27  21 
 747	6  19  14 
 749	2  27  17 
 751	2  23  22 
 749	6   6   1 
 753	2  23  21 
 753	2  19  24 
 753	2   9   4 
 755	6  13   8 
 755	2  31  24 
 757	2  18  24 
 759	2  26  24 
 761	2   6  14 
 755	2  23  17 
 757	2  28  22 
 759	2  16  22 
 757	6  11   4 
 761	6  32  26 
 763	2  28  21 
 763	2  13  14 
 765	2   3  14 
 765	2  28  17 
 765	6  18   6 
 767	2  15  11 
 769	2  10  11 
 767	6  28  27 
 771	2  20  25 
 771	2   7   8 
 773	2   7  14 
 771	2   5  11 
 773	2  29  11 
 775	2  16  21 
 775	2   2   8 
 777	2   4   8 
 777	2  22  21 
 773	6  30  25 
 779	6   6   1 
 779	2   9   8 
 779	2  16  17 
 779	2  26  18 
 781	2  25  18 
 783	2  20  24 
 781	2  22  17 
 781	6   9   8 
 785	2  12  18 
 787	2   6  18 
 785	2  21  17 
 787	2   2  14 
 781	6  33  32 
 787	6  29  11 
 789	2  26  13 
 789	2  30  24 
 791	2  25  13 
 789	6   1   0 
 793	2  28  29 
 793	2  32  18 
 795	2   4  14 
 795	2  23  29 
 797	6  28  22 
 797	2  12  13 
 797	2  15   9 
 799	2   6  13 
 801	2   8  14 
 803	2  15  14 
 805	2  10   9 
 801	2  19  18 
 803	2  31  18 
 807	2  10  14 
 809	2   0  18 
 809	2   5   9 
 811	2  11   9 
 803	2  27  29 
 805	6  33  32 
 811	2  32  18 
 813	6  26  13 
 819	2  33  26 
 819	2  22   9 
 813	6  11   5 
 811	6   1   0 
 819	6  13   1 
 821	2  16  29 
 823	2  28  29 
 823	6  16   9 
 825	2  19  26 
 827	2  31  26 
 829	6   3   0 
 829	2  21  29 
 835	2  23  16 
 835	2   1   0 
 831	2  20  18 
 833	2  30  18 
 835	2  13  26 
 837	6  15  14 
 837	2  17  29 
 837	2   1   7 
 839	2   1   2 
 837	2  24  18 
 841	2   1   4 
 837	2  32  26 
 843	6   3   1 
 843	2  27  16 
 849	2  11  15 
 851	2   9  16 
 851	2  20  26 
 853	2   3   8 
 853	2  30  26 
 849	6  12   0 
 855	2  28  16 
 857	2   5  15 
 859	2  21  16 
 855	2  25  12 
 857	2   0  12 
 861	2   3  14 
 863	2  25   7 
 865	2  22  15 
 865	2   0   7 
 865	2  24  26 
 865	6  11   3 
 867	2   6  12 
 871	2  11  10 
 873	2  11   3 
 869	2   6   7 
 875	2  17  16 
 877	2  29  16 
 879	2  11   5 
 869	2  18  26 
 879	2  23  15 
 871	6  25  12 
 879	2  33  25 
 881	2  19  25 
 881	2  11  22 
 883	2  27  15 
 883	2  31  25 
 883	2  11  23 
 885	6  22  11 
 891	2   9  15 
 885	2  13  25 
 887	2  32  25 
 889	2  20  25 
 891	2  22  27 
 891	2  30  25 
 887	6  12   7 
 893	6   4   1 
 899	2  28  15 
 899	2   7   2 
 901	2   0   2 
 901	2  21  15 
 893	2  24  25 
 895	2  18  25 
 897	2  26  25 
 901	6  33  26 
 903	2   6   2 
 905	2   7   1 
 903	2  17  15 
 905	2  29  15 
 907	6  14   2 
 913	2  22   9 
 913	2   0   1 
 905	6  18  12 
 905	6  11   5 
 915	6  11   4 
 915	2   7   8 
 917	2   7   2 
 915	2  26  18 
 921	2   7  10 
 923	6  10   7 
 929	6   6   1 
 929	2  26  14 
 931	2  16  15 
 935	2   0   8 
 933	2  22  28 
 931	2  19  18 
 937	2  10   3 
 939	2  10   4 
 937	2   1   6 
 935	2  22  21 
 939	2   0   2 
 933	2  31  18 
 939	2  22  17 
 937	2  19  14 
 939	2  13  18 
 935	6  33  31 
 941	2  10   5 
 941	2  22  29 
 943	2  10  23 
 941	2   0   7 
 943	2   1   8 
 941	2  32  18 
 943	2  20  18 
 945	6  22  10 
 945	2  30  18 
 945	2   1   2 
 947	2   1   7 
 947	2  24  18 
 949	2  12  18 
 949	6  26  14 
 951	2  10  16 
 955	6  19   6 
 955	2  22  27 
 957	2  22   9 
 959	2  10  15 
 961	2  14  19 
 959	2  22  28 
 961	2  22  21 
 961	6   3   1 
 963	2  22  17 
 967	2  14   8 
 963	2  33  26 
 965	2  22  29 
 967	2  22  16 
 969	2  22  15 
 967	2   0   1 
 969	2   6  19 
 965	6  33  27 
 971	2  10  22 
 971	2  31  18 
 971	2  14   2 
 973	6   2   0 
 973	2  27  19 
 975	2  13  26 
 979	2  14   7 
 977	2  32  26 
 981	2   6   8 
 983	2   2   4 
 983	2   6   0 
 983	2  13  19 
 973	6  23  16 
 979	6  33  22 
 985	6  22  15 
 985	2  32  19 
 985	2   3   1 
 987	2   3   4 
 987	2   6   7 
 987	2  20  26 
 989	2  20  19 
 989	6   4   2 
 991	2  30  26 
 993	2  30  19 
 995	6  14   8 
 995	2  24  26 
 995	2   4   5 
 997	2  24  19 
 997	2   4  16 
1001	2   8   1 
1001	2  12  26 
1003	2   8   2 
1003	2  12  19 
 999	6  16   4 
1003	6  30  24 
1005	2  27  14 
1007	2  13  14 
1005	2   6   1 
1009	2  16  15 
1011	2  32  14 
1013	6  34  33 
1013	2  25  18 
1013	2  16   9 
1015	2  31  26 
1017	2  20  14 
1019	2  16  28 
1019	2  31  19 
1021	2  25  26 
1015	2   3   5 
1017	2   3   4 
1019	2   6   2 
1021	2   3  15 
1021	6   7   0 
1023	2   3   9 
1023	2  25  19 
1023	2  16  21 
1025	2  18  26 
1025	2  16  17 
1027	2  18  19 
1027	2  16  29 
1029	2  16  23 
1029	2  26  19 
1025	6   5   3 
1031	6  19   7 
1031	2  16  22 
1037	2   8   3 
1033	2  10  16 
1039	2  24  14 
1041	6  24  14 
1037	6   6   0 
1033	6  28  23 
1047	2  30  24 
1047	2  34  16 
1049	6  15   8 
1049	2  27  19 
1051	2  13  19 
1053	2  32  19 
1043	6   1   0 
1049	6  17   5 
1055	6   2   1 
1061	2   2   3 
1055	2  17  23 
1055	2  20  19 
1057	2  17  21 
1059	2  17   5 
1061	2  17  29 
1057	2  12  24 
1059	2  31  24 
1061	2  25  24 
1059	6  27  20 
1063	2  18  24 
1063	6  23  16 
1065	2  20   6 
1069	2  15   4 
1067	2  13   6 
1067	2  26  24 
1063	6  35  34 
1069	6  24   6 
1071	2  17  28 
1073	2  17  22 
1071	6  20  14 
1075	2  32  24 
1075	2   2   4 
1077	2  14   0 
1079	2  14   1 
1081	2  14   3 
1083	2  13   0 
1083	2  10  17 
1077	6  32  27 
1085	2  20  19 
1087	2  13   1 
1085	2  35  17 
1087	2  23  17 
1089	2  30  19 
1089	2  15   8 
1091	2  15   9 
1091	2  12  19 
1087	6  35  33 
1093	2  14   4 
1093	2  32  24 
1089	6   1   0 
1095	2  20  24 
1097	2  30  24 
1095	2   2   8 
1097	2  13   3 
1099	2  15  16 
1099	2  12  24 
1101	6   4   1 
1101	2  31  19 
1103	2  31  24 
1101	2  15  21 
1105	2  25  19 
1103	6  27  23 
1107	2  18  19 
1107	2   7   6 
1109	2  25  24 
1107	2   2   9 
1109	2  14   8 
1109	6  23   5 
1111	2  13   1 
1113	2  13   8 
1113	2  18  24 
1115	2  14   9 
1115	2   5   4 
1113	6   1   0 
1117	2  13   9 
1119	6  32  20 
1119	6   5   2 
1125	2   2   1 
1125	2   5  16 
1127	2  15  23 
1125	2  26  19 
1127	2   7  19 
1127	6  11   5 
1129	2   2   3 
1131	2   2   0 
1133	2   2   8 
1129	2  26  24 
1133	2  11  21 
1131	6  24  18 
1135	2  14  16 
1135	6   4   3 
1137	2  14  21 
1139	2   7  18 
1141	2  15  29 
1143	2  11  23 
1143	2   2   9 
1145	2  15  28 
1147	6  29  11 
1147	2   6  19 
1149	2   6  18 
1151	2  19  18 
1153	6  20   2 
1159	2  29  11 
1159	2   2   3 
1159	6  32  18 
1161	2   2   1 
1161	2  29  28 
1163	2  15  22 
1163	2   2   4 
1165	2   2   0 
1165	2  10  15 
1165	6  23  22 
1171	2  29  23 
1173	2  14  22 
1167	6   3   1 
1175	2   2   8 
1165	6  18  12 
1165	6  30  25 
1171	6  25  18 
1173	6  11  10 
1177	2  12   1 
1177	6  21  14 
1183	6  22  15 
1179	6  12   1 
1189	2  33  22 
1185	2   1   3 
1189	2   1   4 
1191	2  21  10 
1191	2   1   0 
1185	2  18  12 
1187	6  18  12 
1193	2  13  16 
1195	6   3   1 
1195	2  20  16 
1201	2   2   9 
1197	2  27  22 
1203	2   2  16 
1205	2  21  28 
1207	2  11  29 
1209	2  17  22 
1197	2  25  18 
1199	2  31  18 
1201	2  30  18 
1211	2  33  29 
1203	2  24  18 
1205	2  12   1 
1207	2  13  14 
1209	2   3   8 
1211	2  13  15 
1213	2   3   9 
1213	2  21  23 
1215	6  13   9 
1215	2  27  29 
1221	2  20  14 
1217	2  17  29 
1221	2   9  10 
1219	2  22  29 
1221	6  12   1 
1223	2  11  21 
1225	2  33  21 
1227	6  16   9 
1233	2   3   9 
1227	2  25  12 
1235	2  16  28 
1229	6  25  12 
1235	2  31  25 
1237	2  16  23 
1237	2  30  25 
1237	2   2  14 
1239	6  12   7 
1239	2  20  15 
1239	2  24  25 
1241	2  20  10 
1243	2  11  16 
1245	2   2  15 
1247	2  26  18 
1247	2   1   4 
1249	6  14   2 
1249	2  26  25 
1249	2  12  18 
1251	2   6  18 
1249	6  23  16 
1255	6  20  16 
1261	2  12  25 
1255	2   3   2 
1257	2   1   0 
1261	2  16  28 
1263	2  19  18 
1259	2   1   8 
1263	2   3  15 
1263	6  34  33 
1265	2   1  13 
1267	2   1   9 
1267	6  25  18 
1269	2  34  23 
1273	2  16  20 
1269	2   1   2 
1271	6   7   2 
1275	2  32  25 
1275	2  11  16 
1275	2  27  21 
1277	2   2   4 
1279	2  34  16 
1277	2   6  18 
1281	2  17  21 
1279	2   2   0 
1281	2   2   8 
1279	2  19  18 
1281	6  31  18 
1283	2   1  15 
1285	2  22  21 
1287	2  29  21 
1287	2  32  31 
1285	6   4   1 
1289	2  25  31 
1289	2  27  23 
1291	2  14  10 
1293	6  21  11 
1299	6  26  14 
1299	2  17  23 
1301	2  22  23 
1299	2   3  10 
1303	2  29  23 
1301	2   4  10 
1287	6  18  12 
1293	6  30  24 
1293	6   6   1 
1299	2  12   6 
1301	6  18   6 
1305	2  26  28 
1303	6  10   3 
1307	2  26  20 
1307	2  12   0 
1309	6   7   1 
1309	2  21  26 
1309	2  11  23 
1311	2  10  28 
1309	2  24  18 
1311	2  30  18 
1313	2  10  20 
1315	2  27  16 
1317	2  17  16 
1317	2  14  18 
1319	6  28  10 
1319	2   6  18 
1321	2   7  18 
1323	2  19  18 
1323	6   6   0 
1325	2  21  28 
1327	2  34  26 
1327	2  22  16 
1325	6  30  18 
1329	2   4  10 
1329	2  34  28 
1331	6  14  12 
1337	2   2  13 
1331	2  27  26 
1339	2  24   6 
1341	2   2   9 
1341	2  18   6 
1333	2  27  28 
1339	6  21  20 
1343	2   2   1 
1343	2  12   6 
1343	2  32  30 
1345	6  27  17 
1351	2  27  26 
1345	2   0   6 
1347	2   7   6 
1353	2  22  26 
1349	2  14   8 
1351	2  14  13 
1353	2  14   9 
1345	6  24  18 
1353	6  18   6 
1355	2  27  28 
1355	2   2  15 
1357	2  29  16 
1359	2  11  16 
1357	2   2   3 
1359	2   6   8 
1359	2  25  30 
1361	6  24  19 
1361	2  22  28 
1361	2   2  10 
1363	2  23  16 
1363	6   8   6 
1367	2  31  30 
1365	6  17   4 
1369	2   8  13 
1369	2  24  18 
1371	6  16  11 
1371	2   8   9 
1371	2  19   6 
1373	2  32  18 
1375	2  14   1 
1377	2  14  15 
1377	2  12   6 
1375	6  27  26 
1379	2  14   3 
1379	2   0   6 
1377	6  22  17 
1381	2  19  13 
1381	2   8   1 
1383	2  19   9 
1385	6   9   2 
1385	2  12  13 
1385	2  29  27 
1387	2  22  21 
1387	2   0  13 
1389	2   7   6 
1389	2  20  22 
1389	6  24  18 
1391	2   9  21 
1391	2   7  13 
1393	2   8  15 
1395	2  19   1 
1393	2  29  28 
1397	2  12   2 
1399	2  12   1 
1395	2  34  22 
1397	2  16  27 
1401	2   0   2 
1399	2  25  24 
1399	2  16  28 
1401	2  19  15 
1403	2  14  10 
1403	2  18   6 
1401	6  34  27 
1405	2   0   1 
1405	2  31  24 
1405	2   8   3 
1405	6  19  13 
1407	2  30  24 
1407	2   4  22 
1409	2  23  34 
1411	6  12   2 
1411	2  26  22 
1417	2  14  21 
1417	2  18  19 
1419	6  15   8 
1419	2  23  28 
1419	6  18   6 
1421	6  34  28 
1425	2  20   9 
1425	2   7  12 
1427	6  28  23 
1427	2  13   3 
1429	2  32  18 
1429	2  15  10 
1433	2  27   9 
1431	2   6  12 
1433	6  24  12 
1435	2   2   8 
1435	2  15  21 
1437	2  20  14 
1439	2   7   1 
1435	2  11  23 
1439	2  20  15 
1441	6  10   9 
1447	2   4  10 
1441	2  17  22 
1441	2  25  18 
1447	2   0   8 
1443	2  31  18 
1443	2  29  22 
1445	2  30  18 
1447	2  12  18 
1445	6  26  21 
1449	2  13   9 
1445	6  34  23 
1449	6   1   0 
1455	2   6   0 
1451	2  27  14 
1453	2  32  19 
1455	2   2   3 
1451	2  11  23 
1455	2  32  24 
1453	2  16  22 
1455	2  28  22 
1455	6  17  10 
1457	2  13  26 
1461	2  11  22 
1459	2  25  19 
1461	2  25  24 
1459	2   7   8 
1461	2  20  13 
1461	2   2   9 
1463	2  34  23 
1463	2   4  14 
1465	6   3   1 
1465	2  21  17 
1467	2  34  22 
1471	2  10  17 
1471	2   6   8 
1473	2  27  15 
1467	2  31  19 
1469	2  30  19 
1471	2  31  24 
1473	2  30  24 
1473	2  12  19 
1473	6   4   2 
1475	2  21  14 
1479	2   2  15 
1481	2  21  15 
1475	2  18  19 
1481	2   3   1 
1477	2  12  24 
1481	2  29  17 
1483	2  16  17 
1483	2   3   9 
1483	2   7   1 
1479	2  18  24 
1481	2  19  24 
1479	6  32  31 
1483	6  21  14 
1485	2   6   1 
1483	6  35  34 
1485	6  31  18 
1489	2   7   9 
1489	2  28  17 
1491	2  18   0 
1491	2  23  22 
1493	6   6   1 
1493	2  10  21 
1495	2  10  15 
1497	2  29  21 
1497	2  11  17 
1499	6  26   8 
1505	6  16  15 
1511	2  29  16 
1513	2  35  17 
1505	2  18  26 
1515	2  15  21 
1517	2  15  16 
1507	2  18   6 
1509	6  18   0 
1515	2  25  18 
1517	2  25  26 
1515	6  35  29 
1519	2  32  18 
1521	2  30  18 
1521	2  32  26 
1521	2  28  21 
1519	2   4   8 
1521	2   1   9 
1523	2  27  13 
1521	2  23  17 
1523	6   9   2 
1529	2  28  16 
1529	2   3   8 
1531	2  11  21 
1525	2  12  18 
1531	2   7   8 
1527	2  31  18 
1529	6  25  18 
1533	2   1   8 
1533	2  11  16 
1533	6   4   3 
1535	2  22  17 
1537	2  29  21 
1535	2  18   6 
1537	2  19  25 
1539	6  13   8 
1539	2  30  26 
1541	2  23  21 
1543	2  29  16 
1545	2   9   8 
1545	2  22  21 
1547	2  23  16 
1541	2  24  25 
1549	2  22  16 
1547	2  14   8 
1549	2  12  26 
1551	6  12   6 
1551	2  17  21 
1553	2  10   8 
1553	2  31  26 
1555	2  17  16 
1555	2  19  26 
1557	6  20   8 
1557	6  18  12 
1545	6  35  34 
1557	6  11  10 
1557	6  29  22 
1563	6  27  15 
1569	2  21  16 
1569	2  32  18 
1563	2   0   2 
1571	2  34  20 
1565	6   2   0 
1573	2   8   3 
1575	2   2  13 
1577	2   8   4 
1577	2  27  20 
1577	2  12   0 
1579	6  34  23 
1579	2  15   3 
1579	2  24  26 
1579	2  12  13 
1581	2   8   7 
1583	2   9   3 
1581	2  30  18 
1583	2   6  18 
1581	6  21  20 
1585	2  31  18 
1585	2   8   1 
1585	6  23  10 
1587	2   8   2 
1591	2  15   4 
1593	2   9   4 
1595	2   8  12 
1597	2  14   3 
1587	2  25  26 
1599	2  14   4 
1589	6  32  30 
1595	6  27  22 
1597	6   6   0 
1601	2  28  21 
1601	2  19  18 
1601	2  11   3 
1603	2  15   7 
1603	2  11   4 
1603	2  24  18 
1605	6  30  24 
1605	2  23  21 
1607	2  27  21 
1609	2  15   1 
1611	2   9   7 
1613	2  10   3 
1611	2  25  18 
1613	2  34  21 
1613	2  24   6 
1615	2  15   2 
1617	6  12   8 
1617	2  10   4 
1617	6  22  17 
1615	6  32  25 
1623	6  25  13 
1629	2  14   7 
1629	2  26  18 
1623	2  17   3 
1625	2  17   4 
1627	6  11   3 
1631	2  24  25 
1631	2  29  21 
1631	2  13   6 
1633	6  17  11 
1633	2  12  24 
1635	2  13  25 
1637	2   9   1 
1633	2  22  21 
1637	2  12  13 
1639	2   3   7 
1637	2  20  21 
1641	2  10   7 
1637	6  31  24 
1633	6  34  29 
1643	6  30  18 
1643	2  28  17 
1643	2  15   8 
1645	2   9   2 
1643	2   0   6 
1647	2  14   1 
1645	2  23  17 
1643	6  32  26 
1647	6  28  17 
1649	2   9   8 
1651	2  14   2 
1643	6   5   4 
1649	6  18   6 
1653	2  14   8 
1655	2  24  18 
1657	2  19  18 
1653	2  17   5 
1655	2  23   5 
1657	2   3   1 
1657	2  27  28 
1659	6  10   7 
1659	2  29  28 
1661	2  34  28 
1665	6  23   5 
1665	2   6  18 
1667	2   7   1 
1671	2   3   2 
1671	2  11  10 
1671	2  27  23 
1667	6  25  18 
1665	6  15  14 
1673	6   3   1 
1673	2  29  23 
1673	2  16  21 
1675	2  34  23 
1677	2  22  28 
1673	2  26  25 
1675	2  32  25 
1677	2  30  25 
1671	6  14  13 
1679	2  22  23 
1679	2   1   8 
1681	2   7   2 
1681	2  17  10 
1681	2  20  28 
1683	6  11   3 
1683	2  13  31 
1685	2   0  18 
1687	2  12   0 
1685	6  27  22 
1689	2  13  14 
1689	2   5  10 
1689	2  24  18 
1691	2   3  11 
1691	2  13   0 
1685	6  32  31 
1691	6  32  27 
1693	2  12  24 
1693	2   3   2 
1693	2  17  11 
1695	2  19  18 
1697	2  12  19 
1699	2  20  23 
1695	6   4   2 
1701	6  17  10 
1701	2  13  24 
1707	2  10   4 
1707	2  22  17 
1709	2   9  27 
1711	2   5  11 
1703	2   6  18 
1705	2  12   6 
1707	2  13  19 
1711	2  26  18 
1711	2   9  14 
1707	6   1   0 
1711	6  35  34 
1713	2  13   6 
1715	2  31  18 
1713	2   5   4 
1715	2   9   1 
1715	6  27  20 
1717	2   7   8 
1719	2   3   8 
1717	2  30  18 
1717	2  29  17 
1719	6  24  12 
1721	2  10   8 
1725	2  25  18 
1723	2  16  28 
1725	2  35  17 
1727	6  22  11 
1727	2  24  26 
1729	2  24  31 
1731	2  24  30 
1725	6   6   0 
1729	6  19  13 
1733	2  11  22 
1723	6   8   3 
1729	6   9   2 
1735	2  29  22 
1735	2  24  25 
1737	2  15  20 
1737	2   2  12 
1739	2   2  13 
1739	2  11   4 
1739	2  35  22 
1731	6  33  32 
1741	6  29  17 
1741	2  24  18 
1741	2   2   0 
1741	2  15  14 
1743	2   6  20 
1745	2   6  14 
1747	6   2   0 
1747	2  21  28 
1749	2  19  26 
1749	2  16  23 
1751	2  19  31 
1741	6   5   4 
1751	2  17   5 
1753	6   4   3 
1753	2   7  20 
1755	2  19  30 
1757	2  19  25 
1757	2   7  14 
1755	2  33  29 
1757	2  33  22 
1759	6  11   5 
1759	2  15   1 
1759	2  19  18 
1761	2  15  12 
1763	2   6   1 
1763	2  27  29 
1765	6  20   9 
1771	2  16  29 
1765	2   6  12 
1773	2  21  23 
1773	2   8   9 
1767	6  12   0 
1763	6  31  24 
1775	6  10   3 
1775	2   7   1 
1777	2   8  14 
1779	2   7   0 
1781	2   8   1 
1783	2   3   9 
1775	2  27  22 
1777	2  28  23 
1779	2  21  29 
1781	2  12  26 
1783	2  12  24 
1781	2  16  22 
1783	2  21  22 
1785	2  15  13 
1785	2  28  29 
1787	6  24  19 
1787	2   8   0 
1787	2  10   4 
1793	2   6  13 
1789	2   5   4 
1787	2  28  22 
1789	2  15   2 
1791	2  10   9 
1789	2  23  29 
1791	2  23  22 
1793	2  17   4 
1795	6  23  11 
1801	2  35  23 
1795	2  15  26 
1801	2   5   9 
1803	2  29  22 
1795	2   7  13 
1803	2   3  14 
1805	6  15  14 
1805	2  33  23 
1807	2  27  23 
1805	2   6   2 
1807	2   3   1 
1809	2   7   2 
1793	6  30  24 
1811	2  10  15 
1813	2  16  23 
1811	2  12  24 
1813	2  14  19 
1815	2  21  23 
1815	2  12  25 
1813	6   3   1 
1817	2  28  23 
1817	2  12  18 
1817	6  26  14 
1819	2  10   3 
1819	2   1   0 
1821	2  11  23 
1823	2   5  15 
1823	2  29  23 
1821	6  12   6 
1825	2  26  24 
1825	2  17   9 
1827	6  13   7 
1827	2  26  25 
1827	2   5   3 
1827	2  22  23 
1829	2  17  15 
1831	2  17   3 
1829	6  35  28 
1833	2  12  14 
1833	6  17   4 
1835	2  26  18 
1839	2  28  17 
1837	2  13  14 
1839	2  12  19 
1841	2  12  24 
1843	2  13  19 
1839	6  15   9 
1841	6  28  17 
1845	2   8   7 
1847	6  24  12 
1847	2  33  28 
1853	2  24  25 
1855	2  24  18 
1847	2  17  15 
1849	2  27  28 
1849	2   8   2 
1851	2  16  28 
1853	2  21  28 
1851	2   8  14 
1853	2   1   7 
1855	2   1   2 
1855	2  35  28 
1857	6  10   7 
1857	6  35  29 
1863	6  25  20 
1863	2  13  12 
1865	2   7   0 
1863	2  17   9 
1865	2  17   3 
1867	6   3   0 
1867	6  33  22 
1873	6  22  15 
1873	2   5   3 
1875	2   4   3 
1873	6   6   1 
1879	2   7  10 
1879	6  29  23 
1881	2   8  19 
1881	2   5  10 
1883	2   6  14 
1883	2   4  10 
1885	2   7   2 
1885	2  15  22 
1887	6  15   9 
1893	2   9  15 
1887	2  27  22 
1895	2  27  15 
1887	2   6  19 
1889	6   1   0 
1885	6  17  11 
1897	2  16  22 
1897	2  13  20 
1899	2  13  18 
1899	2  16  15 
1895	6   4   2 
1897	6  35  33 
1901	2   7  14 
1901	2  21  22 
1901	2  11   3 
1903	6  16  14 
1903	2   5   4 
1903	6  27  25 
1909	6  35  34 
1909	2   8  12 
1911	2   5  16 
1911	2   7  19 
1913	2   9   1 
1913	2  23  22 
1915	6  25  13 
1921	2   6  12 
1915	2  21  15 
1915	2   2   4 
1921	2  23  15 
1923	6  19   1 
1929	2  13  19 
1929	2   2  16 
1931	2  11  10 
1931	2   8  20 
1933	6  27  23 
1933	2   8  18 
1933	2  11   4 
1935	2   9   3 
1935	2   7  12 
1937	2  14  19 
1939	2  13   3 
1939	2  11  16 
1941	6  13   3 
1941	2  17  28 
1943	2  33  28 
1945	2  17  22 
1947	6  23  15 
1947	6   2   1 
1953	6  12   7 
1953	2  34  28 
1955	2  29  28 
1957	2  17  23 
1953	2   9  10 
1955	2   9   4 
1957	2   3  10 
1953	6  20  19 
1959	6  27  20 
1965	2   6  19 
1965	2  33  22 
1967	2   6  18 
1959	2   3   4 
1967	2  34  22 
1961	6   5   3 
1969	2  21  27 
1971	2  20  27 
1973	2  12  19 
1969	2   9  16 
1971	2   3   2 
1973	2  29  22 
1973	2   1   2 
1967	6  11   5 
1975	6   3   2 
1975	2  33  23 
1977	2  11  16 
1975	2  14  13 
1979	2  21  13 
1981	6  21  10 
1981	2   2   7 
1981	2  12  18 
1983	2   1   7 
1985	6   7   2 
1987	2  17  27 
1989	2  33  27 
1983	6  18  12 
1989	6  17  15 
1995	2  28  22 
1995	2   5   3 
1991	2   7  19 
1993	2   7  12 
1995	2  20  13 
1997	6  19   7 
1997	2  34  23 
1999	2  34  27 
1999	2  29  23 
2003	2  15  13 
2001	2  28  23 
2005	2   9   3 
2005	2   1   7 
2005	2  29  27 
2007	6  25  13 
2013	2  14  21 
2007	2  11   3 
2013	2   1  12 
2015	2   5   2 
2015	2  28  27 
2017	6  20  15 
2017	2  22  23 
2017	6  11   5 
2013	6  31  25 
2019	2  33  31 
2017	6   8   7 
2021	6  29  28 
2023	2  11   8 
2025	2   9   2 
2025	6  19  12 
2027	2  10  21 
2029	2  15  21 
2029	2   5   2 
2029	6  33  28 
2031	2   9   8 
2033	2  14   4 
2035	6  32  31 
2035	2  14  16 
2037	2  20  21 
2037	2  10   4 
2039	2  15   4 
2039	6  19   7 
2041	2  10  16 
2041	2  28  21 
2043	2  15  16 
2043	2  34  32 
2045	6   9   8 
2045	2  34  21 
2047	2  33  32 
2049	2  33  21 
2051	6  22  20 
2051	2   5   9 
2057	6  34  32 
2063	2  20  27 
2053	6   8   7 
2053	6  11   4 
2059	2   4   8 
2061	2   7   8 
2065	2  14   3 
2065	2  29  34 
2057	6  22  16 
2063	2  16  11 
2065	2  16  22 
2067	6  28  23 
2067	2  10   3 
2073	2  29  21 
2069	6  10   8 
2067	6  33  32 
2075	2  14   2 
2075	2  23  11 
2077	2  28  27 
2077	2  14   9 
2079	6  35  33 
2079	2   5  10 
2081	2  15   3 
2085	2  20  34 
2083	6   5   3 
2089	2   8   2 
2087	2  20  21 
2089	2  16   5 
2091	2   8   9 
2091	2  23  22 
2093	6  23  11 
2093	2  15   2 
2095	2  15   9 
2099	6  35  23 
2099	2  14  10 
2101	2   8  10 
2105	2  16   2 
2107	6  11   4 
2107	2  28  34 
2109	2  23  35 
2111	2  28  21 
2109	6  33  32 
2113	2  15  10 
2113	2  23  22 
2113	6   3   2 
2115	2  33  35 
2117	2  27  34 
2117	6  23  11 
2119	2  27  21 
2121	6  33  20 
2123	2  29  35 
2127	2  33  35 
2123	2   4   5 
2125	2  11   5 
2127	2   4   3 
2127	2  20  22 
2129	6   5   2 
2135	2  20   2 
2137	6  20   2 
2143	2  16   9 
2145	2  16  10 
2143	2  28  35 
2147	2   4   9 
2145	2  27  35 
2147	2  29  22 
2147	6  33  20 
2153	2  34  21 
2155	2  29  33 
2149	2   4  10 
2151	2  11   3 
2155	2  11   9 
2157	6  29  17 
2163	2  34  35 
2163	2  20  22 
2165	2  20  33 
2157	2   2   3 
2163	2  11  10 
2167	2  21  35 
2169	2  28  22 
2171	2  28  33 
2171	2  17   3 
2173	6  20   7 
2173	6  28  16 
2179	6  14   3 
2179	2  27  22 
2181	2  34  22 
2185	2   7  14 
2185	2  21  22 
2187	2  16  14 
2187	2  27  33 
2189	6  27  22 
2189	2   2   9 
2191	2   2  10 
2189	6  20  14 
2195	6  35  28 
2195	2  17   9 
2197	2   7   9 
2201	2  28  27 
2199	2  17  10 
2201	2   7  10 
2203	2  34  33 
2203	2  22  20 
2205	2  21  33 
2207	6  23   9 
2213	2  34  20 
2213	2  16  23 
2215	2  28  33 
2215	2  16  10 
2215	2  21  20 
2217	2  22  23 
2219	2  28  20 
2221	6  34  29 
2221	6  15  10 
2227	2  22  15 
2227	2  27  33 
2229	2  29  23 
2229	2  27  20 
2231	2  33  20 
2233	2  29  15 
2235	2  21  23 
2237	2  21  15 
2237	2  28  23 
2239	2  28  15 
2241	2  27  23 
2243	2  27  15 
2245	2  33  23 
2247	2  33  15 
2249	2  20  23 
2251	2  20  15 
2253	2  23  15 
