   1	6  24  14 
   1	6   3   1 
   7	6   9   3 
  13	2  14  13 
   7	6  24  22 
  15	6   8   7 
  13	6  17  16 
  15	6  24  19 
  21	2  14   9 
  23	2  14  19 
  25	6  14  12 
  21	6   3   2 
  31	2  12   8 
  33	2  13   9 
  35	2  12  18 
  37	2  12  17 
  39	2  12   2 
  37	6  19  14 
  43	2  13  14 
  45	2   9  14 
  41	6   3   2 
  39	6  23  22 
  45	2  12  22 
  47	6  23  22 
  47	2  12  16 
  49	2  12   2 
  51	2  13   8 
  53	2   9   8 
  53	6  12   6 
  55	6  19   9 
  59	2   6   1 
  61	2   6   5 
  61	2  13  18 
  63	2  13  17 
  65	2  13   3 
  67	2  13  23 
  69	2  19  18 
  71	6  17  13 
  67	6   4   3 
  49	6  20  15 
  63	6  10   6 
  69	2  10  15 
  71	6  20  10 
  77	2  17  16 
  77	2  19  13 
  73	6   7   2 
  73	6   9   4 
  79	2  20  22 
  79	2  19   9 
  79	6  11   1 
  85	2  20  10 
  81	2  14   8 
  83	2  19  23 
  85	2  14  18 
  87	2  17   7 
  87	6  20  10 
  93	2  17  11 
  89	2  14  13 
  91	2  14   9 
  95	6  23  19 
  95	6  17  16 
  93	6   3   1 
 101	6  23  17 
 101	2  14  19 
 107	6  18  14 
 113	2  17  23 
 115	2  18  23 
 113	2   8  14 
  99	6  10   5 
 105	2   5   1 
 107	2   5   0 
 115	2  16  10 
 109	6   6   1 
 115	6  14   8 
 117	2  16  15 
 119	2  16  22 
 121	2  16  20 
 121	2  14  13 
 115	6   2   1 
 121	2   5   1 
 123	2  16   6 
 123	2  14   9 
 125	2   8  13 
 127	2   8   9 
 121	6  24  23 
 125	6   5   0 
 129	2  17   7 
 131	2  17  11 
 129	2  14  19 
 131	2  14  24 
 133	6  11  10 
 133	2  13   9 
 139	6  16  10 
 131	6   1   0 
 135	6  18   8 
 141	2   8   7 
 141	2  18  19 
 143	2  18  24 
 145	2  17  11 
 147	2  17  15 
 143	6   8   7 
 149	6  21  20 
 155	2  17  22 
 149	2  13  19 
 151	2   9  19 
 157	2  17  21 
 149	2  10   5 
 151	2  10   0 
 153	2  14   8 
 153	6  10   0 
 159	6  17   7 
 165	2   7   6 
 165	2  17  16 
 167	6   7   5 
 155	6  24  14 
 165	6  24  23 
 167	6  21  16 
 173	2   1   0 
 173	2  13  14 
 175	2   5   7 
 173	2  23  21 
 177	2  17  11 
 179	2  17  15 
 181	2   5  10 
 183	2   1   5 
 181	2  18   8 
 185	2   0   5 
 183	2  13   8 
 183	2  17  22 
 185	2  17  16 
 185	2   9  14 
 187	2   9   8 
 189	2  19  14 
 191	6  14   8 
 187	6  17  11 
 193	2  11   6 
 193	2  23  17 
 187	6  20  15 
 195	6  23  21 
 197	2  11   7 
 199	2  11  10 
 201	6  23  13 
 201	2  21  20 
 207	2  21  22 
 207	2   1  11 
 207	2  18  13 
 209	6  18  17 
 209	6  10   6 
 215	2  21  16 
 215	2  23  13 
 217	2  17  18 
 219	2  23  18 
 221	2   9  13 
 215	6   6   0 
 221	2   6  11 
 217	6  21  15 
 223	2  15  10 
 223	2  19  14 
 223	6  21  17 
 225	2   8  14 
 225	6  15  10 
 229	2  19  13 
 227	6   7   6 
 231	2  21  20 
 231	6  13   9 
 233	2  10   6 
 233	2  21  22 
 235	2  21  16 
 235	6  10   6 
 237	2  13  18 
 239	2  19  18 
 239	2   8   9 
 241	6  18  13 
 241	2   6   0 
 243	2   1   6 
 241	2  21  15 
 245	2   5  11 
 247	2   7   6 
 249	2   5   6 
 249	2   8  13 
 243	6  21  20 
 249	2  23  21 
 251	2  20  10 
 253	2  11   6 
 251	2  23  22 
 251	2  14   9 
 253	2  14  13 
 255	6   5   0 
 255	2   9  13 
 253	6  23  21 
 259	2  18  23 
 259	2  21  16 
 257	6  12   8 
 261	2  21  15 
 261	2  19  23 
 263	6  22  18 
 263	6  15  10 
 269	6  23  13 
 269	2  21  15 
 271	6  20  10 
 275	2  22  18 
 261	6   1   0 
 277	2  19  18 
 277	2  10   5 
 277	2  22  16 
 279	6  19  17 
 285	2  22  20 
 285	2  12  13 
 287	2  17  16 
 287	2  14  13 
 279	6  10   6 
 285	2   0   6 
 287	2   7   6 
 289	2   1   6 
 289	2  12  18 
 289	6  21  15 
 291	2   9  13 
 291	2  11   6 
 295	2  12  16 
 297	6  22  16 
 297	6  18  13 
 295	6  10   5 
 303	2  23  18 
 301	2   5   6 
 303	2  15  10 
 305	6  21  17 
 305	2  14  13 
 305	6   5   0 
 311	6  15   5 
 311	2   9  13 
 317	2  21  20 
 313	2  23  13 
 315	2  18  13 
 319	2  16  17 
 321	2  15   5 
 323	2  16  10 
 325	6  16  10 
 321	6  23  22 
 331	2   7   5 
 331	2  21  17 
 333	6  22  20 
 333	2   1   5 
 335	2  11   5 
 337	2   0   5 
 339	2  15  10 
 339	2  12  22 
 317	6  19  14 
 327	6  24  19 
 333	6  19   9 
 341	2   6   5 
 341	2  21  16 
 341	2  24  23 
 343	6  24  22 
 343	6  11   7 
 343	6   1   0 
 349	6   6   0 
 349	2  15  21 
 349	2  19  23 
 349	2  12  17 
 351	2  22  24 
 355	2  12  16 
 357	2  22  17 
 353	2  19  24 
 359	2  19  17 
 357	6  10   6 
 361	6  19  13 
 363	2  22  16 
 365	2  11   6 
 367	2  10   6 
 369	2   7   6 
 371	2   1   6 
 365	6  22  20 
 371	2  22  23 
 373	2  18  23 
 373	2   0   6 
 375	6  21  11 
 381	2  21  11 
 383	2   5   6 
 383	2  22  24 
 385	6  16  12 
 391	2  10  11 
 391	2  22  17 
 393	2   7  11 
 393	2  18  24 
 395	6  11   7 
 401	2  15  16 
 401	2   1   7 
 403	2  15  20 
 403	2  13  12 
 405	2  22  12 
 407	2  21  16 
 407	2  19  23 
 403	6   5   1 
 409	2  21  20 
 409	2  19  24 
 407	6  13  12 
 411	2  10  16 
 411	2  23  24 
 413	6  16  12 
 409	6   1   0 
 419	6  12   6 
 419	2  15  16 
 421	2  21  16 
 423	6  21  15 
 425	2  11   6 
 425	2  18  17 
 427	2   5   6 
 429	2   1   7 
 427	2  18  13 
 429	2  10  20 
 429	2  19  17 
 431	6  20  15 
 431	2  19  13 
 437	2  10  16 
 431	2   1   6 
 433	6   1   0 
 433	6  23  18 
 439	2   1   7 
 439	2  18  17 
 441	6  15  11 
 441	2  18  13 
 441	2  21  22 
 447	2  15  11 
 443	6  22  21 
 443	6  24  19 
 449	6  23  22 
 449	2  15  16 
 449	2   1   6 
 455	2  19  17 
 457	6  24  18 
 457	2   5  11 
 457	2  20  21 
 459	2  12   7 
 459	6  16  10 
 463	2  23  22 
 463	2  19  13 
 459	6   1   0 
 465	2  20  22 
 465	2   1  11 
 467	2  12   6 
 467	2  23  18 
 467	2  16  21 
 469	2   7   6 
 469	2  23  24 
 469	2  15  21 
 471	6  10   0 
 471	2  23  19 
 473	2  17  13 
 475	2  23  17 
 477	6  22  20 
 483	2  22  18 
 477	2  10  11 
 479	2  12  11 
 479	2   5   0 
 481	2   1   0 
 481	2   7  11 
 483	2  10   0 
 483	6  12   7 
 485	2  16  20 
 487	2  22  24 
 487	2  15  20 
 489	2  16  18 
 485	6   1   0 
 491	2   6  11 
 491	2  23  13 
 493	6  23  19 
 493	2   7   1 
 491	6  21  15 
 499	2  22  23 
 501	2  22  17 
 497	2   5  15 
 503	6  12   7 
 499	6  15   5 
 505	2  15  20 
 505	2   0   5 
 509	2   7   1 
 507	2  10   5 
 509	6  20  15 
 511	2   6   1 
 513	6   7   5 
 515	6  18  16 
 521	2  18  24 
 521	2  21  16 
 521	2  12   7 
 523	6  15  10 
 523	2  18  23 
 529	2  11   1 
 525	6  24  22 
 525	6  14  13 
 531	6  24  14 
 531	2   5   7 
 537	2  14  24 
 531	2  21  22 
 533	2   6   7 
 533	2  20  16 
 535	2   0  10 
 537	2  15  10 
 535	6  22  21 
 539	2  12  10 
 541	2  11   7 
 541	2  22  23 
 539	2  19  14 
 543	6  21  20 
 543	2   5  10 
 543	2  18  17 
 545	2  18  24 
 543	2   1   7 
 547	2  19  18 
 545	2   6  10 
 547	2  11  10 
 549	6  16   6 
 549	2  14  18 
 555	2  21  20 
 555	2   0   6 
 551	6  24  18 
 557	2  22  17 
 559	6  23  21 
 565	2  22  18 
 567	2  23  21 
 557	6  10   0 
 563	2   1   0 
 565	6  11   6 
 571	2  10  20 
 573	2  15  11 
 575	6  20  10 
 581	2  15  10 
 575	2  23  17 
 577	2  23  18 
 571	6   7   2 
 581	2   2   0 
 579	6  22  18 
 585	2  19  18 
 587	2  19  23 
 589	2  14  18 
 591	2  24  18 
 585	2  20  21 
 583	2  12  11 
 585	2   5  11 
 587	2  16  11 
 589	2  15  21 
 589	2   6  11 
 591	2   1  11 
 593	2  12  10 
 595	2   5  10 
 595	6  22  20 
 593	6  24  19 
 599	6  19  14 
 601	2  22  17 
 605	2  19  23 
 607	2  15  17 
 609	2  16  10 
 597	6   1   0 
 603	6   7   2 
 609	6  23  19 
 611	2   6  10 
 613	2   0  10 
 611	6  17  12 
 615	2  14  19 
 615	6  10   5 
 617	2  22  20 
 619	2  18  19 
 621	2  17  21 
 623	2  15  20 
 623	2  24  22 
 623	2   7  11 
 625	2  23  22 
 625	2   1  11 
 621	6  14  13 
 627	6  21  15 
 633	2  10  15 
 627	2  17  12 
 629	6  23  13 
 635	2  23  22 
 635	2  16  15 
 635	2   7   5 
 637	6  23  21 
 637	2  10  12 
 643	2  24  23 
 643	2  16  12 
 639	2   1   5 
 645	6  15   5 
 645	2  18  22 
 647	2  13  23 
 649	6  12   2 
 651	2  21  23 
 655	6  24  22 
 661	2  18  23 
 655	2   6   5 
 657	2   0   5 
 659	2   6   2 
 661	2  11  15 
 661	2   0   2 
 663	6  20  16 
 663	2  19  24 
 665	2  19  23 
 669	2  17  16 
 671	2  10  16 
 673	2  20  16 
 667	2  24  23 
 675	2  22  17 
 677	2   6  16 
 679	6  16  10 
 685	6  10   6 
 685	2  13  17 
 687	2  21  17 
 691	2   0   6 
 689	2  18  17 
 691	2  22  16 
 693	6  18  16 
 699	2  19  17 
 701	2  13  18 
 693	6   6   2 
 699	6  15  10 
 703	6  23  13 
 709	6  22  21 
 709	2   7   5 
 711	2   7   6 
 713	2   7   2 
 713	6  10   0 
 715	2  21  20 
 719	2  21  15 
 719	2   1   5 
 721	6  21  20 
 721	2  11   5 
 723	2   1   6 
 725	2   0   5 
 727	6  20  10 
 727	2  22  18 
 733	2  10  20 
 727	2   1   2 
 729	6   2   1 
 729	6  19  17 
 735	2  23  21 
 737	2  22  21 
 735	2  11   6 
 737	2  11   1 
 737	2  24  19 
 739	2   0   6 
 739	2  13  19 
 741	6   7   5 
 747	2   7   6 
 749	2  10   5 
 739	6  23  22 
 745	6  22  16 
 751	6  12  10 
 751	2   0   1 
 751	6  23  21 
 757	6  21  15 
 757	2   7   1 
 759	2  12   2 
 761	2  12  11 
 763	2  22  18 
 765	2  16  21 
 763	2   6   1 
 767	2  22  23 
 767	2  16  20 
 765	6  12   7 
 769	2  15  21 
 771	2  17  18 
 773	2  17  23 
 775	2  22  21 
 775	2  24  18 
 771	6   6   0 
 777	6  16  10 
 783	2  10   5 
 785	2  15  20 
 777	2  24  23 
 779	2  13  18 
 781	2  13  23 
 785	2   7   6 
 787	2  17  21 
 787	6  10   6 
 793	2  15   5 
 795	2  22  20 
 793	2   7  12 
 795	2   6   2 
 797	6  22  20 
 803	2  19  18 
 805	2  19  23 
 807	2  18  23 
 809	2  17  22 
 797	2   6  11 
 799	2   6  10 
 811	6  24  18 
 803	6  15  10 
 809	6  20  15 
 815	2  15   5 
 801	6   7   2 
 811	6  12   7 
 817	2   6   7 
 817	6  23  21 
 819	2  10  12 
 821	2   2   0 
 823	2   2   1 
 825	2   6   0 
 823	2  18  23 
 825	2  18  22 
 827	6  18  13 
 827	2  10  11 
 833	2  18  23 
 829	2  10  20 
 831	2   6   1 
 835	2  19  23 
 831	6  16  15 
 833	6   7   5 
 839	2  10   5 
 837	2  24  23 
 839	2  16  12 
 839	6  23  22 
 841	2  16  11 
 843	2  16  20 
 845	2  21  22 
 845	2  10   0 
 841	6  13   7 
 847	6  10   5 
 847	2  17  13 
 849	2  18  23 
 853	2  16  10 
 851	2   7  13 
 853	2  18  13 
 855	6   5   0 
 861	2   0   1 
 855	2  17  12 
 857	2   7  12 
 859	2  18  12 
 861	2  17  11 
 863	6  18  12 
 855	6  20  15 
 863	6  16  15 
 869	2  17  16 
 869	2  19  23 
 871	6  19  13 
 877	2  24  23 
 871	2  15   5 
 879	2  13  19 
 873	6  16  10 
 879	2  17  16 
 873	6   6   1 
 881	2  13  18 
 881	2   7  11 
 883	6  24  14 
 883	2  12  11 
 889	2  14  19 
 885	6  10   6 
 885	6  21  17 
 891	2  13  11 
 893	6  11   7 
 893	2  14  18 
 895	6  22  18 
 899	2  15  10 
 901	2  11   6 
 901	2  17  23 
 895	6  14   9 
 903	2  12   6 
 905	2   9   7 
 903	2  18  23 
 903	6  21  15 
 909	2  17  19 
 911	6  13   7 
 911	2  11  16 
 913	2  17  22 
 917	2  17  13 
 913	2  15   5 
 915	2  15  10 
 917	2   7   6 
 919	6   9   8 
 919	2  12  16 
 921	2  11   5 
 923	2  11  10 
 925	2   8   6 
 919	2  18  19 
 921	2  18  22 
 923	2  23  19 
 925	2  23  22 
 927	6  16   6 
 927	2  18  13 
 929	2  23  13 
 933	2   7   6 
 935	2   8   6 
 933	2  17  16 
 937	2  18  16 
 939	6  23  22 
 937	6   7   6 
 945	6  17   7 
 951	2   7  17 
 943	6  10   5 
 953	6  18  16 
 953	6   8   2 
 959	2  22  18 
 959	6  10   6 
 961	2  16  17 
 961	2  19  23 
 963	2  22  17 
 965	2  12   6 
 967	2  10   6 
 967	2  19  13 
 969	6   7   5 
 969	2  19  18 
 965	6  22  21 
 975	2  19  17 
 977	2  12   7 
 979	2  23  13 
 979	2   2   6 
 981	2   5   6 
 981	2  23  18 
 977	6  21  15 
 983	2  16   6 
 985	2  23  17 
 985	6  10   6 
 991	2  15  10 
 991	2   6   7 
 993	2   2   7 
 987	2  13  18 
 989	2  13  17 
 995	2   5   7 
 991	2  18  17 
 997	6  12  10 
 993	6  19  14 
1003	2  14  12 
 993	6  23  22 
1005	6  17   7 
1011	2  16  17 
1013	2  15  17 
1015	2  22  12 
1005	6  19  14 
1017	2  19  17 
1019	2  22  17 
1021	2  13  12 
1023	2  18  12 
1025	2   7  12 
1027	2  13  17 
1029	2  18  17 
1031	2   7  17 
1033	2  12  17 
