   1	6  18   6 
   1	6  41  40 
   7	2  18  25 
   7	6  12   5 
   7	6  40  27 
   1	6   9   3 
   7	6  16  10 
  13	2  18  12 
  15	2  18  27 
  17	2  18   9 
  13	6  30  23 
   1	6  45  38 
  13	6  38  32 
  19	2  18  10 
  21	2  18  23 
  23	2  18  31 
  19	6  40  33 
  25	2  25  12 
  27	2  25  27 
  29	2  12  27 
  19	6   8   7 
  25	6  16   8 
  31	2  18  32 
  33	2  25   9 
  35	2  25  10 
  31	6  13   6 
  31	6  22  14 
  37	2  12   9 
  39	2  25  23 
  41	2  25  31 
  39	2  12  10 
  43	6  24  15 
  41	6  27  12 
  47	6  27  26 
  53	6  19  16 
  59	6  12   3 
  59	2  25  32 
  65	2  18  33 
  65	2   3   9 
  59	6  22  15 
  67	2  26  23 
  67	2   3  10 
  69	2   9  10 
  69	2  26  31 
  71	2  18  11 
  71	2  26  32 
  73	2  18  19 
  75	2  25  33 
  77	2  18  17 
  77	2  26  33 
  73	6   8   3 
  79	6  45  32 
  79	6  29   8 
  85	6  15  10 
  85	6  38  33 
  91	6  40  34 
  91	2  29  23 
  91	2  25  11 
  93	2   9  23 
  93	2  18  13 
  95	2  15  23 
  95	2  25  19 
  97	2  25  17 
  99	2  25  13 
  97	6  30  29 
 101	2  26  11 
 103	2  26  19 
 103	2  30  31 
  99	6  16   9 
  97	6  41  40 
  91	6  45  44 
 103	6  44  36 
 105	2  16  31 
 107	2  15  31 
 103	6  11   3 
 109	6  22  16 
 109	6  19   4 
 109	6  38  37 
 115	2  23  31 
 115	6   8   3 
 117	2  30  36 
 119	2  18  24 
 119	2  30  37 
 121	6   4   2 
 121	2  26  17 
 123	2  25  24 
 125	2  26  13 
 121	2  22  36 
 123	2  22  37 
 127	2  15  36 
 127	6  20   4 
 129	2  23  36 
 131	2  31  36 
 127	6  40  33 
 133	2  26  24 
 129	6   9   1 
 135	2  18  10 
 137	2  18  19 
 139	2  18  11 
 131	6  22  15 
 137	2  22  37 
 139	2  23  37 
 141	2  25  10 
 141	6  30  22 
 143	2  26  10 
 147	2  31  37 
 145	2  18  20 
 149	2  18  32 
 151	2  25  19 
 153	2  25  11 
 155	2  25  20 
 157	2  25  32 
 159	2  26  19 
 149	2  36  37 
 147	2  22   8 
 149	2  15   8 
 151	6  46  38 
 151	6  22   8 
 157	2  30  22 
 157	2   8   2 
 159	2   8  17 
 157	6  13   5 
 161	2  18  34 
 163	2  18  33 
 165	2  25  34 
 167	2  25  33 
 161	2  23  22 
 163	2  15   2 
 165	6  30  23 
 169	2  26  11 
 165	6   8   2 
 165	6  39  38 
 171	6  19   4 
 177	2  26  20 
 171	2  23   8 
 173	2  31  22 
 175	2  36  22 
 177	2  15  17 
 171	6  46  40 
 179	2   2   5 
 179	2  37  22 
 179	2  26  32 
 179	6  24  17 
 181	2  26  34 
 183	2  26  33 
 181	6  29   8 
 185	2  18  19 
 187	2  18   9 
 189	2  23  24 
 189	6  26  18 
 191	2  30  29 
 195	2  25  19 
 195	6  40  33 
 201	2  26  39 
 197	2  30  24 
 189	6   5   3 
 195	2  15   3 
 197	6  15   3 
 199	6  30  24 
 203	2  18  19 
 205	2  26  27 
 205	2  31  29 
 203	6   4   2 
 209	2   4  17 
 211	2  25   9 
 207	2  36  29 
 213	2  18   9 
 215	2   4  10 
 215	2  23  15 
 217	2   4   2 
 217	2  37  29 
 215	2  25  39 
 217	2  24  15 
 219	2   3  17 
 221	2   3  10 
 223	2   4  11 
 219	2  31  30 
 221	2  25  27 
 223	2  31  15 
 225	6  24  17 
 225	2   3   2 
 227	2   4  20 
 229	2  26  33 
 229	2   3  11 
 225	2  22  29 
 227	2  36  30 
 229	2  37  30 
 229	6  28  15 
 231	2  18  39 
 235	2  36  28 
 235	2  23  24 
 235	6   9   1 
 237	2  17  24 
 239	2  25  33 
 241	2  31  24 
 243	6  31  15 
 233	6  20   4 
 249	2  37  28 
 251	2  36  24 
 239	2   3   4 
 241	6  41  40 
 241	6  12   3 
 247	6  27  12 
 253	2  20  32 
 249	6  15   9 
 255	6   4   1 
 255	2  20  34 
 257	2  27  32 
 261	2  20  41 
 261	2  23  10 
 263	2  18  12 
 263	2  27  34 
 265	2  18  33 
 263	2  22  30 
 265	2  29  30 
 267	2  22  28 
 267	2  20  19 
 267	2  37  24 
 265	6   5   4 
 269	2  27  41 
 269	2  29  28 
 269	2  17  10 
 261	6   8   1 
 271	6  34  33 
 271	2   9  10 
 271	2  22  24 
 271	2  20   5 
 273	2  23   2 
 275	2  23  11 
 277	2  27  19 
 277	2  30  28 
 277	2  17   2 
 277	6  41  39 
 279	2  17  11 
 281	2  23   8 
 277	6   6   5 
 279	6  26  25 
 283	2   9   2 
 285	6  26  23 
 291	6  23  10 
 291	2  20  41 
 293	2  26  32 
 295	2  20  12 
 297	2   9  11 
 297	2  29  24 
 297	2  20  34 
 299	6   8   2 
 299	2  36  23 
 299	2  26  33 
 301	2  26  39 
 301	2  30  24 
 305	2  17   2 
 303	2  26  19 
 305	2  27   6 
 307	6  14   8 
 307	2  27  41 
 307	2  37  23 
 309	2  17  32 
 311	2  27  12 
 311	2  22  23 
 311	6  25  17 
 313	2  27  34 
 313	2   9   2 
 309	6  36  28 
 317	2  25  33 
 315	2  28  14 
 317	2  29  23 
 319	2  17  15 
 315	6   1   0 
 315	6  43  42 
 313	6  12   6 
 319	2  26  12 
 319	6  37  29 
 321	2  10  15 
 321	2  25  39 
 323	2  26  41 
 323	6  11   9 
 329	2  11  32 
 331	2  17   1 
 325	6  28  21 
 325	6  37  36 
 333	6  31  17 
 333	6   7   2 
 331	6  27   6 
 337	2  26  27 
 331	6  44  42 
 337	6  36  28 
 339	2  10   1 
 339	2  30  23 
 339	2  25  19 
 341	2  25  12 
 341	6  15   9 
 347	2  18   9 
 347	6  28  14 
 349	2  26  34 
 351	2  25  41 
 353	6  20  19 
 353	2  31  43 
 355	2  29  28 
 355	2  31  38 
 357	2  21  15 
 357	2  37  24 
 349	6  10   9 
 355	6   3   1 
 361	2  21   7 
 361	2  19  10 
 359	2  31  40 
 363	2  25  27 
 365	2  18   3 
 363	2  22  28 
 365	2  29  15 
 367	6  26  11 
 373	2  19   3 
 375	2  26  33 
 367	2  22  15 
 369	2  14  28 
 369	2  37  23 
 371	2  14  15 
 377	2  26  39 
 371	2  24  23 
 373	2  30  28 
 379	6  24  21 
 375	6   8   1 
 375	6  43  36 
 385	6  30   9 
 385	2  26  20 
 387	2  26  12 
 389	2  26  41 
 391	6  32  24 
 391	2  26  27 
 391	2  37  28 
 393	2  21  28 
 391	2   9  15 
 393	6  11  10 
 397	2  32  24 
 393	6  37  30 
 395	6  21   7 
 401	2  23  28 
 403	2  25  34 
 403	2  29  21 
 405	6  24  16 
 405	2   6  11 
 407	2  10  11 
 411	2   6   3 
 405	2  37  36 
 405	2  32  33 
 407	2  26  34 
 407	2  32  39 
 411	2  30  15 
 413	6  32  18 
 419	2  25  11 
 413	2  22  21 
 419	2  37  38 
 421	2  26  11 
 423	2  18  20 
 415	2   7  15 
 417	2  14  21 
 423	2  37  40 
 425	6  45  32 
 425	2  29  16 
 427	2  22  16 
 425	2  18  12 
 427	2  10   3 
 429	2  14  16 
 425	6  41  34 
 431	6  17   3 
 431	2  45  36 
 433	2  45  38 
 435	2  45  40 
 431	6  26  19 
 433	6  22   8 
 437	2  31  44 
 437	6  41  20 
 439	2   9  21 
 439	2  37  44 
 441	2  30  21 
 441	2  45  44 
 443	2  18  34 
 443	2   7  21 
 445	6  45  29 
 445	2   9  16 
 447	2  25  17 
 449	2  18  27 
 451	6  36  24 
 451	6   6   4 
 451	6  45  39 
 457	6   9   4 
 457	2  26  24 
 463	2  19  17 
 465	2  30  16 
 459	2  39  33 
 461	2  39  45 
 463	2  39  41 
 465	6  39  26 
 471	2  31  22 
 471	2  26  12 
 471	6  47  46 
 477	2  39  38 
 473	2  23  15 
 475	2   7  16 
 479	2  39  40 
 477	2  28  15 
 473	2  26  34 
 475	2  26  27 
 477	2  18  20 
 479	2  26  20 
 479	2   9  24 
 481	6  27  13 
 481	2  39  44 
 481	2  18  11 
 481	2  23  21 
 483	2  31  46 
 483	2  18  17 
 483	2  28  21 
 485	2  37  22 
 481	6   9   8 
 487	2  37  46 
 487	2  10  24 
 487	2  15  21 
 487	6  33  19 
 489	2  29  22 
 493	2  31  32 
 491	2  23  16 
 493	2  28  16 
 489	6  46  44 
 493	6  19  11 
 495	2  25  24 
 495	2  15  16 
 495	2  29  44 
 497	2  21  16 
 497	2  37  32 
 499	6  45  32 
 499	2   9  11 
 499	6  36  22 
 505	6  32  17 
 505	6  15  14 
 493	6  41  34 
 499	6  34  27 
 493	6  13   6 
 511	2  33  24 
 511	6  11   9 
 517	2  11  17 
 519	2  18  24 
 513	2  29  45 
 519	2  15   9 
 513	6  41  40 
 505	6  20  13 
 513	6  27  20 
 515	6  38  29 
 521	6  32  27 
 521	2  15  17 
 523	2   4   9 
 527	2  39  36 
 529	2  31  34 
 525	6  15   9 
 531	6   9   4 
 531	2  31  32 
 533	2  39  44 
 535	2  39  45 
 531	2  26  19 
 537	2   8  29 
 537	2  11  20 
 531	6  41  34 
 539	6  20  18 
 545	2  26  27 
 545	2  11  12 
 539	2  30  15 
 541	2   7  15 
 543	2  23  15 
 545	2   9  17 
 545	6  22   7 
 547	2   4  18 
 549	2   4  12 
 537	6  41  39 
 543	2  37  39 
 545	2  38  39 
 547	2  41  39 
 549	6  31  17 
 545	6  36  35 
 549	6  40  27 
 551	6  12   4 
 555	2  30  31 
 555	2  28  15 
 557	6  29   8 
 557	6  25  24 
 557	6  20  11 
 563	6  31  23 
 563	2  20  27 
 563	2   9  18 
 565	2  10   8 
 565	2  20   6 
 567	2  12  27 
 567	2  14  15 
 563	6  36  29 
 555	6  47  41 
 569	6  30  18 
 569	2  21  15 
 575	2  18  30 
 571	6   9   3 
 561	6  41  40 
 567	6  40  39 
 573	6  40  34 
 577	2  24   8 
 577	2  12   6 
 577	2   3   4 
 577	6  45  36 
 579	2  18   4 
 581	2  26  25 
 579	2  20  13 
 579	2  22  23 
 581	2  12  13 
 581	2  16  15 
 583	6   4   1 
 583	2  31  23 
 583	2  45  40 
 585	2  45  46 
 585	2  22  30 
 583	2  20  19 
 587	2  31  30 
 583	6  43  35 
 585	6  41  26 
 589	2  45  43 
 589	2  22   1 
 591	6  11   3 
 591	2  28  23 
 591	2  45  44 
 593	2  45  36 
 591	2  20  26 
 595	2  28  30 
 593	2  20  25 
 591	6  41  34 
 591	6   7   1 
 595	6  39  32 
 597	2  14  23 
 599	2  21  23 
 601	2  14  30 
 603	2  37  39 
 605	2  38  39 
 597	2  12  19 
 599	2  11  27 
 603	2  16  23 
 601	2  11   6 
 603	2  11  13 
 605	2  17   9 
 605	2  12  26 
 601	6  48  41 
 605	6  30  22 
 607	2  18  27 
 609	2  18   6 
 607	2  47  39 
 611	6  30   9 
 617	6  31  10 
 617	2  21  22 
 611	6  27  13 
 623	2  10   7 
 623	2  31  40 
 625	6   9   4 
 625	2  45  48 
 627	2  37  30 
 629	2  38  30 
 617	6  27  20 
 625	6  26  18 
 631	6  12  10 
 631	2  31  46 
 633	2  31  43 
 635	2  45  39 
 635	2  15  23 
 627	6  48  41 
 637	2  28   7 
 637	2  24  40 
 637	2   4  13 
 639	6  45  24 
 639	2  14   7 
 645	2  26  20 
 645	2  31  44 
 647	2  45  46 
 647	2  31  36 
 641	2  21   7 
 647	2  11  19 
 649	2  12  13 
 645	2  16  22 
 647	2  15  22 
 649	2  17  29 
 639	6  41  40 
 649	6  47  46 
 651	2  37  29 
 651	2  17  32 
 655	2  45  43 
 653	2  23  22 
 651	2   4   6 
 653	2  10  25 
 655	2  17   1 
 657	2   4  20 
 657	2  17   9 
 657	2  46  30 
 659	6  15   1 
 659	2  37  32 
 661	2  31  40 
 663	2  31  39 
 665	2  38  29 
 661	2  26  19 
 665	2  17   2 
 663	2  12   6 
 665	2  12  20 
 667	6  28  15 
 667	2  24  30 
 669	2  31  30 
 667	2  11  18 
 667	2  45  44 
 669	2  26  18 
 671	2  11  25 
 669	6  46  44 
 673	2   4  19 
 673	2  16   7 
 675	2  37  28 
 675	2  26  25 
 675	2   1   7 
 675	6  13  11 
 677	2  44  29 
 679	2  24  29 
 681	6  37  21 
 687	2  45  36 
 681	2   4  18 
 683	2  12  19 
 685	2  12  18 
 687	2   4  25 
 689	2  31  29 
 677	6   9   8 
 691	6  21   7 
 691	2  12  25 
 693	2  38  32 
 695	2  45  40 
 683	6  16   9 
 693	6  18  16 
 699	2  23  21 
 699	2   7   8 
 699	2  33  18 
 693	6   5   3 
 691	6  43  36 
 697	6  38  36 
 701	2  33  41 
 701	2   5  18 
 701	2  22  21 
 701	2   7   2 
 703	6  43  30 
 703	2  45  39 
 703	2  34  18 
 705	2  33  47 
 707	2  27  18 
 703	6  15   9 
 703	6   6   5 
 709	6  20   6 
 709	2   9  11 
 709	2  33  38 
 709	2  36  28 
 711	2  10  18 
 713	2  44  32 
 715	6  39  33 
 715	2  44  28 
 721	2  24  32 
 721	2  45  43 
 713	6   7   2 
 719	6  11   9 
 723	2  39  46 
 717	6  28  22 
 723	2  24  22 
 721	6  41  27 
 725	2  14   9 
 727	2  20  27 
 725	2  31  32 
 725	2  11   5 
 729	2  34  27 
 727	2  45  29 
 727	2  17   2 
 729	2  39  30 
 729	2  13  18 
 729	6  14   2 
 731	2  41  27 
 731	2  45  32 
 733	2  39  40 
 733	2  26  18 
 731	6  36  29 
 735	2  39  33 
 737	2  31  22 
 735	2   2   5 
 739	2  29   8 
 737	2   4  18 
 739	2  11   6 
 735	6  27  20 
 733	6  45  44 
 741	2  11  19 
 739	6  39  38 
 743	2  11  16 
 741	6  44  36 
 745	2  12  18 
 747	6   5   2 
 747	2  38  43 
 749	2  36  22 
 751	2  38  44 
 737	6  47  41 
 743	2  27  41 
 753	2  38  32 
 755	2  38  22 
 745	2  34  41 
 757	2  27  39 
 753	2   5   6 
 753	6  18  10 
 757	6  23   8 
 759	2  34  39 
 759	2   5  19 
 761	2  18  20 
 761	2  47  41 
 763	6  37  23 
 769	2  23   9 
 769	2  45  37 
 771	2  11  25 
 771	2  47  39 
 763	2  13  20 
 771	2  15   9 
 757	6  28  21 
 763	6  41  34 
 769	6  34  27 
 773	2  24  37 
 773	2   1   9 
 775	6   6   3 
 781	2  11  10 
 775	2  31  37 
 775	2  34  46 
 777	2  41  46 
 777	2  36  37 
 781	2  26  20 
 779	2  47  46 
 783	2  18  27 
 779	2  38  37 
 783	2   8   9 
 773	6  28  22 
 779	6  21  14 
 781	6  46  30 
 785	2   4  20 
 787	6  27  19 
 787	2  14   9 
 789	2  23   2 
 791	2  15   2 
 787	6  45  43 
 791	6   5   4 
 793	2   1   2 
 795	2   8   2 
 793	2  13  19 
 793	2  34  46 
 795	2  26  19 
 795	2  34  40 
 793	6  23  17 
 797	2  41  46 
 799	2  41  40 
 801	2  18  39 
 791	6  29  28 
 799	2  28   7 
 801	6  22   7 
 803	2  34  33 
 805	2  41  33 
 803	2  17   3 
 807	2  43  22 
 803	2  47  46 
 807	2  47  40 
 809	2  24  22 
 803	2  12  20 
 809	2   7   9 
 805	2   5  19 
 809	2  47  33 
 807	2  12  19 
 811	2   4  16 
 809	6  20  13 
 813	2  15   3 
 809	6  43  37 
 811	6  39  34 
 815	2   1   3 
 817	2  39  45 
 817	2  20  34 
 815	2  23  28 
 817	2   8   3 
 819	2  23  37 
 821	2  31  22 
 819	2  26  34 
 823	2  14   2 
 823	2  23  24 
 823	2  39  44 
 819	6  13   5 
 821	6  34  26 
 825	2  21  28 
 825	2  39  32 
 825	2  11   5 
 825	2   7   2 
 825	6  30  24 
 831	2  36  22 
 827	2  13  26 
 827	2   9   2 
 829	2  12  26 
 831	2  18  24 
 827	6  47  45 
 829	6   3   1 
 833	2  21  37 
 833	2  41  47 
 833	6  27  18 
 835	2  28  37 
 839	2   4  25 
 837	2  45  47 
 841	2  21  30 
 841	2  17  18 
 835	6   9   8 
 843	6  31  29 
 843	2  11  19 
 843	2  17  16 
 843	2  14   1 
 845	2   7   1 
 845	2   4  10 
 847	2   4   5 
 847	2   8   1 
 839	6  46  41 
 849	2  23  29 
 845	2  46  44 
 849	2   2   1 
 847	2  45  44 
 845	2  27  41 
 847	2  27  40 
 849	2  27  33 
 847	6  18  10 
 851	2  21  29 
 851	2  39  31 
 853	6  24  18 
 853	6  14   8 
 849	6   5   4 
 849	6  44  43 
 855	2  39  44 
 857	6  40  27 
 859	2  15  10 
 861	2  23  36 
 863	2  38  22 
 865	2  15  16 
 861	2   3  10 
 865	2  28  30 
 863	2  20  18 
 865	2  20  41 
 865	6  10   2 
 867	2  23  38 
 869	2  21  36 
 869	2  46  32 
 871	2   9   2 
 871	2  28  29 
 867	2   5  19 
 871	2  34  18 
 871	6  43  38 
 873	2   3  16 
 877	2  28  36 
 875	2   8   2 
 873	2  40  47 
 873	2  20  27 
 875	2  34  41 
 877	2  34  27 
 875	2  13  18 
 877	2  17  25 
 877	2   7   2 
 875	6  23  22 
 879	2  20  33 
 877	6  46  38 
 881	2  14   2 
 883	2   9  16 
 881	2  34  33 
 883	2  38  31 
 883	2  40  46 
 885	2  37  30 
 881	2  12  18 
 883	2  11  26 
 885	2  17  24 
 887	6  24  15 
 887	2  10   2 
 889	2   1   2 
 887	2  37  29 
 889	2  38  44 
 891	2  37  36 
 885	6  41  20 
 891	2  13  20 
 891	2  41  47 
 893	6  37  21 
 893	2  13  27 
 893	2  24  25 
 895	2  34  47 
 893	2   8  16 
 895	2  17   4 
 897	2  12  20 
 897	6  25  17 
 899	2  12  27 
 899	2  30  29 
 901	2  37  43 
 903	2  39  23 
 903	2  11  18 
 899	6   7   1 
 901	6  27  13 
 905	2  24  15 
 903	6  43  35 
 907	2  45  32 
 907	2   3  17 
 905	6  47  41 
 909	2   3  15 
 909	2  28  35 
 909	2  25  19 
 909	6  45  37 
 911	2   1  16 
 911	2   5  26 
 913	2  14  16 
 915	2  30  36 
 915	2   5  18 
 917	2  38  23 
 919	2  21  35 
 919	2  37  31 
 913	2  27  33 
 915	2  27  41 
 919	2  47  46 
 917	2  11  20 
 919	2  25  26 
 919	2   9  17 
 919	6  20  12 
 921	2   9  15 
 921	2  29  36 
 923	2   8  17 
 923	2  37  44 
 921	2  40  32 
 919	6   4   3 
 923	6  46  40 
 925	2  25  18 
 925	2  10  16 
 929	2  20  33 
 931	2  34  40 
 927	2  37  23 
 929	2   8  15 
 929	2  30  35 
 933	2  27  40 
 931	2  24   3 
 933	2  29  35 
 933	2   4   3 
 933	2   7  16 
 935	6  40  34 
 935	2   9   3 
 937	2  11  13 
 935	2  36  35 
 937	2   2  16 
 939	2   8   3 
 939	2  24  19 
 929	6  45  44 
 935	6  46  45 
 941	2  45  31 
 941	2   5  12 
 939	6  29  22 
 943	2   4  19 
 943	2  45  46 
 945	6  33  19 
 941	6  17   9 
 951	2   5  13 
 951	2  24  26 
 953	2  11  19 
 947	2   1   9 
 949	2   1  15 
 953	2  47  32 
 951	2  14   9 
 953	2  14  15 
 945	6  37  29 
 955	2  17  33 
 957	6  13  11 
 957	2  37  39 
 959	2  37  38 
 961	2  44  39 
 963	6  45  29 
 969	2  44  38 
 971	2  37  45 
 963	2   1   3 
 965	2  10   9 
 967	2   7   9 
 963	2  25  12 
 965	2  20  41 
 967	2  24  18 
 967	2  20  34 
 969	2   5  19 
 971	2  40  32 
 969	2  10  15 
 973	2  25  11 
 973	2  44  45 
 975	2  25  19 
 971	2   7  15 
 971	2   2   9 
 973	2  29  23 
 975	2  37  29 
 975	2   2  15 
 977	6  39  23 
 977	6   3   0 
 971	6  34  27 
 983	6  26   5 
 983	2  28  23 
 985	2  21  23 
 987	2  44  29 
 987	2  14   0 
 987	2  16   9 
 983	6  47  46 
 989	6  41  27 
 989	2  30  23 
 991	2  46  31 
 989	2   4   5 
 991	2   4  18 
 993	2  17   5 
 993	6  45  44 
 995	2  40  31 
 997	2  22  23 
 999	2  46  47 
 995	2  17  18 
 995	2  13  27 
 999	2  24  12 
 989	6  36  28 
1001	6  38  35 
1001	2  16  15 
1001	2   4  12 
1003	2  17  12 
1005	2   9  15 
1001	2  26  27 
 989	6   1   0 
1003	6  33  26 
1007	2  46  39 
1007	2  36  35 
1007	2  24  11 
1007	6   9   8 
1009	2  34  32 
1009	2  36  44 
1011	2  21  35 
1013	2  10   1 
1013	2  30  35 
1015	2   4  11 
1015	2  28  23 
1015	2   7   1 
1011	2  40  47 
1013	2  40  39 
1011	6  26  13 
1017	6  39  34 
1017	2  17  11 
1017	2   2   1 
1017	2  36  29 
1019	2  16   1 
1021	2  22  35 
1021	2   8   1 
1019	6  13   4 
1023	2  28  35 
1025	2  26  41 
1025	2   9   4 
1023	2  39  31 
1025	6  44  28 
1027	2  39  47 
1031	2  21  28 
1027	2  25  27 
1029	2  33  41 
1029	2  24  19 
1031	2  20  32 
1027	6   3   0 
1031	6  44  36 
1037	2  21  29 
1039	2  37  46 
1033	2   3   4 
1033	2  26  32 
1035	2  13  19 
1037	2  17  19 
1035	2  33  32 
1039	2  15   1 
1037	6  41  33 
1041	2  45  46 
1041	2  30  28 
1043	2  37  40 
1035	6   4   3 
1039	6  20  18 
1041	6   9   3 
1045	2  44  46 
1045	2  22  28 
1045	2  18  31 
1045	6  20  13 
1047	2  30  29 
1047	2  39  34 
1047	2  14   9 
1049	2  10   9 
1049	2  36  28 
1049	2  38  23 
1051	2   7   9 
1051	2  22  29 
1049	2  25  33 
1051	2  26  31 
1051	6  46  44 
1053	2  24  27 
1055	2  20  27 
1053	2   3   5 
1055	2  25  32 
1057	2  37  39 
1055	2   4   5 
1055	2   2   9 
1057	2  16   9 
1053	6  14   0 
1059	6  33  18 
1059	2   8   9 
1061	2  15   9 
1063	2   1   9 
1059	2  36  29 
1061	6  44  36 
1065	2  24  18 
1067	2  45  40 
1069	2  46  40 
1069	2  21  36 
1071	2  33  47 
1071	2  30  36 
1067	2  20  18 
1057	6   5   4 
1063	6   4   3 
1073	2  33  34 
1073	2  45  39 
1069	2   4  13 
1071	2   4  12 
1073	2   5  13 
1073	2  22  36 
1065	6   7   1 
1069	6  18  17 
1073	6   9   3 
1075	2  26  47 
1077	2  38  35 
1077	2  18  27 
1079	6  22  21 
1079	2  26  34 
1079	2  46  39 
1079	2  44  36 
1081	2  24  32 
1079	2   0   9 
1079	2   4  11 
1081	2   5  12 
1081	2  10   9 
1083	2   1   9 
1083	2   4  19 
1081	6  38  37 
1085	2   2   9 
1087	2  37  28 
1085	2   5  11 
1087	2  18  17 
1085	6  32  26 
1089	2  23  35 
1081	6  47  41 
1091	2  38  33 
1091	2  16   9 
1087	6   1   0 
1087	6  13   4 
1093	2  20  26 
1093	2   1   4 
1093	2  47  31 
1095	6  23  22 
1095	2  13  27 
1095	2  10   4 
1095	2  47  41 
1097	2   5  19 
1099	2  45  33 
1097	2   8   9 
1099	6   4   1 
1101	2  38  32 
1103	2  46  33 
1103	2  37  29 
1105	6  12  10 
1105	2  25  31 
1107	2  45  32 
1111	2  25  41 
1105	2  22  28 
1107	2  22  29 
1113	2  46  32 
1109	2  37  36 
1115	2  18  26 
1111	2  35  28 
1105	2   0   1 
1111	2   2   1 
1113	2  16   1 
1113	2  35  29 
1115	2  24  31 
1115	2  22  36 
1115	2   8   1 
1111	6  13   5 
1115	6  45  40 
1117	2  28  29 
1119	2  35  36 
1117	2   4  10 
1121	2  28  36 
1119	2  15   9 
1117	2  13  27 
1121	2   7   9 
1121	2  47  34 
1119	2   4  11 
1117	6  31  24 
1119	6  19  13 
1123	2  38  47 
1123	2  29  36 
1123	2  15   1 
1125	6  45  29 
1125	2   4  13 
1127	2  12  10 
1131	2  40  47 
1131	2   5  17 
1125	2   7   1 
1127	6   8   0 
1129	6  26  20 
1133	2   8  10 
1133	2  46  47 
1135	2  19  17 
1131	6  35  21 
1133	6  32  31 
1137	2  23  29 
1137	2  12  11 
1139	2   5  20 
1141	2  12  13 
1137	2   3   9 
1139	2  23  39 
1139	2   2  10 
1141	2  30  29 
1141	2  16  10 
1141	2  25  34 
1135	6   7   0 
1141	6  39  38 
1147	2  30  38 
1143	2   3   1 
1149	2  35  29 
1143	2  19  20 
1149	2  32  41 
1145	2   8  11 
1147	2   2  11 
1149	2  16  11 
1151	6  33  25 
1151	2   9   1 
1151	2  44  29 
1153	2  37  29 
1157	2  23  25 
1145	6  27  20 
1153	6   5   2 
1159	2  26  24 
1159	2  22  29 
1155	6  38  37 
1155	6  43  35 
1159	6  11   2 
1161	2  43  37 
1161	2  39  33 
1163	2  21  29 
1163	2  44  37 
1163	2  32  34 
1165	6  39  25 
1165	2  28  29 
1165	6  10   8 
1165	6  44  43 
1165	6  20   5 
1171	6  45  43 
1171	2  40  33 
1173	2  26  41 
1171	2   7   8 
1175	2  10  13 
1177	2  30  39 
1177	2  15   8 
1179	2  44  39 
1177	2  20  13 
1181	2  43  29 
1183	2  36  29 
1177	2  26  34 
1179	2  18  24 
1181	2  25  32 
1179	2   7   2 
1183	2  23  31 
1183	2  25  26 
1177	2   4   5 
1179	2  12   5 
1181	2  10   5 
1181	2   0   8 
1183	2   3   8 
1179	6  41  34 
1183	6  13   5 
1185	2  38  37 
1187	2  30  31 
1185	2   9   8 
1187	2  46  33 
1187	2   1   8 
1189	6  34  26 
1189	2  45  39 
1191	2  38  39 
1189	2  11  24 
1189	2  20  13 
1191	2   4  17 
1193	2  12  17 
1193	6  44  39 
1195	2  10  17 
1197	2  15   2 
1199	2  39  31 
1201	2  19  24 
1199	2   0   2 
1201	2   3   2 
1199	6  44  35 
1203	2  18  26 
1203	2   9   2 
1195	6  41  34 
1201	6  47  39 
1205	2   1   2 
1205	2  22  37 
1205	2  18  34 
1207	6  27  11 
1213	2  27  26 
1207	2  21  37 
1215	2  27  34 
1213	2   4  11 
1207	2  40  32 
1209	2  22  35 
1209	2  45  31 
1207	2   8   2 
1211	2  38  31 
1213	2  23  39 
1215	2  25  18 
1215	2  30  39 
1215	2  21  35 
1215	6   5   2 
1221	2  16   2 
1217	2  47  39 
1217	2  28  37 
1219	2  28  35 
1221	2  12  11 
1217	2  25  27 
1219	2  43  37 
1221	2  36  37 
1223	2  43  35 
1223	2  10  11 
1219	2  40  41 
1221	2  46  32 
1223	2  46  41 
1223	2  19  26 
1223	6  31  23 
1229	2  22  23 
1229	2  45  39 
1225	2  19  34 
1231	2  38  39 
1225	2  36  35 
1229	2  25  19 
1231	2  21  23 
1225	6  10   4 
1231	6  25  18 
1233	2   7   2 
1233	2  29  37 
1235	2  28  23 
1227	6  34  27 
1233	6  46  41 
1237	2  10  24 
1239	2  10  26 
1241	2  15   2 
1237	2  29  35 
1241	2  40  25 
1239	2  37  35 
1241	6  43  37 
1243	2  41  25 
1245	2  12  24 
1243	2   0   2 
1247	2  20  17 
1249	6  39  30 
1249	2  20  11 
1251	2  12  26 
1251	2   3   2 
1253	2   9   2 
1253	6  26  19 
1255	2   1   2 
1257	2   8   2 
1255	2  40  34 
1257	2  41  34 
1255	2  22  30 
1257	2  21  30 
1247	6  43  35 
1253	6  44  43 
1253	6  11   4 
1259	6  13   4 
1259	2  37  23 
1261	2  28  30 
1259	2  40  26 
1263	2  36  23 
1259	6   7   1 
1265	6  17  16 
1265	2  41  26 
1267	2  31  33 
1269	2  31  32 
1265	6   4   2 
1271	2  11  24 
1273	2   5   4 
1271	2  39  33 
1273	2  31  46 
1275	6  31  25 
1275	6  10   5 
1269	6  27  20 
1275	6  40  34 
1281	2  17   2 
1281	2  39  32 
1283	2  25  31 
1285	2  47  33 
1287	2  47  32 
1285	2  37  30 
1289	2  45  33 
1283	2  17  16 
1287	2  36  30 
1283	2   1   2 
1285	2   1  16 
1287	2  15   2 
1289	2  29  23 
1289	2   0   2 
1281	6  13   5 
1291	2  29  30 
1291	2  39  46 
1293	2  39  31 
1287	2  13  20 
1295	2  47  46 
1289	2  12  20 
1291	2  18  13 
1297	2  38  33 
1291	2  15  16 
1293	2  11  19 
1293	2   0  16 
1295	2  18  12 
1297	2  17   5 
1295	6  29  22 
1299	2   3   2 
1299	2  45  32 
1301	6   3   1 
1301	2  45  46 
1301	2  27  24 
1303	2  34  13 
1303	2  17  24 
1307	2   3   5 
1309	2   9   2 
1305	2  25  40 
1307	2  39  40 
1307	2  27  19 
1309	2  47  31 
1311	2  38  32 
1311	2  47  40 
1313	2  38  46 
1311	2  35  23 
1315	2  45  31 
1309	2  11  20 
1311	2  18  11 
1311	2   7   2 
1317	2  45  40 
1313	2   1  16 
1311	2  27  20 
1315	2   9  16 
1317	2   7  16 
1317	2  25  26 
1313	6  20  12 
1319	6  45  33 
1325	2  34  20 
1319	2   8   2 
1325	2   3  24 
1321	6  15   8 
1313	6  28  21 
1319	6  36  28 
1325	6  45  36 
1331	2  44  23 
1327	6  19  11 
1327	6   8   1 
1333	2  17  11 
1333	2  39  26 
1333	2  29  36 
1335	6   5   3 
1335	2  38  31 
1335	2  15  16 
1335	2  18  27 
1337	2  29  32 
1339	2  45  36 
1339	6  41  27 
1341	2  17  12 
1343	2  35  30 
1345	2  38  40 
1347	2  21  36 
1349	2  37  36 
1343	2   5  11 
1347	2  34  19 
1345	2   1   3 
1349	2  27  13 
1347	2   0   3 
1349	2  10   2 
1347	6  32  31 
1351	2   8   3 
1351	2  28  36 
1351	2   5  12 
1353	2   9   3 
1353	2  22  36 
1351	2  18  17 
1355	2  10  16 
1351	2  27  20 
1355	2  35  36 
1353	2  45  31 
1355	2  47  26 
1357	6   9   7 
1357	2  34  41 
1359	2  33  26 
1361	2  18   5 
1357	2  44  30 
1359	2  44  36 
1359	2  23  30 
1361	6  31  29 
1363	2  27  19 
1365	2  27  41 
1363	2   9   3 
1365	2   4   2 
1361	6  46  45 
1365	6  18  17 
1371	2  23  36 
1367	6   9   1 
1367	6   6   5 
1371	6  39  26 
1373	2  21  29 
1375	2  30  36 
1377	2  38  39 
1377	2   9  24 
1373	6   7   0 
1379	2  31  45 
1379	2  15   3 
1377	6  34  13 
1381	2  46  45 
1381	2  37  29 
1381	2  10   3 
1381	6  24  15 
1387	2  25  34 
1383	2  28  29 
1389	2   4  16 
1389	2  26  34 
1391	2   2  16 
1389	2  31  32 
1391	2  25  20 
1383	6  45  37 
1383	6  48  47 
1391	6  40  38 
1393	2   9  11 
1395	2   4   3 
1393	2  22  29 
1395	2   7  15 
1397	2   2   3 
1397	2  31  38 
1395	2  35  29 
1399	2  44  29 
1393	2  26  20 
1395	2  13  18 
1397	2  13   6 
1397	2   8  15 
1397	2  25  19 
1397	2  48  34 
1399	2  33  34 
1399	2  31  39 
1401	2  21  37 
1403	2  46  32 
1403	2  23  29 
1399	6  11   9 
1405	6   7   2 
1405	2  27  18 
1407	2  25  41 
1409	2  26  19 
1405	2  46  38 
1411	2   2   9 
1409	2  40  34 
1411	2  26  41 
1413	2  25  18 
1413	2  16   3 
1411	2  46  39 
1405	2  30  29 
1413	2  45  37 
1413	6  27  20 
1419	2  48  27 
1415	2  28  37 
1417	2  36  29 
1415	2  11  12 
1415	2   8   9 
1421	2  20   6 
1417	2   0  15 
1417	2  17  11 
1419	2   0   9 
1421	2   1  15 
1417	6  32  31 
1423	2  33  27 
1423	2  22  37 
1423	2  13  11 
1423	2   1   9 
1425	6   4   2 
1425	2  26  18 
1427	2  24  15 
1425	2  35  37 
1427	2  40  27 
1431	2  10  15 
1429	2  32  34 
1431	2  32  27 
1427	2  44  37 
1425	6  13   6 
1433	6  33  27 
1433	2   4  12 
1433	2  24   9 
1435	2  23  37 
1439	2  25  13 
1441	2  20  11 
1437	2  30  37 
1439	2  36  37 
1441	2  29  37 
1431	6  48  41 
1435	6   8   2 
1441	2   8  15 
1439	6  41  34 
1443	2  17   4 
1443	2   7  15 
1441	6  46  39 
1445	2   6   4 
1445	2  34  19 
1445	2  16  15 
1443	6  31  30 
1447	2  34  48 
1447	2  10   9 
1447	6  12   4 
1449	2  21  30 
1449	2  39  41 
1453	2  26  13 
1449	2   8   9 
1453	2   3  15 
1451	6  38  35 
1455	2   2   4 
1457	2  21  35 
1455	2  27  19 
1457	2  17   2 
1457	2  20  12 
1457	2  39  33 
1459	2  25  11 
1459	2  45  30 
1459	6  34  20 
1461	2  28  30 
1463	2  22  30 
1461	2   7   9 
1463	2  16   9 
1461	6  45  43 
1465	2  27  48 
1465	2   3   9 
1463	6   1   0 
1467	2  43  35 
1467	2  15   9 
1467	2  38  30 
1467	2  20  18 
1461	6   6   5 
1467	6   4   3 
1469	2  20  13 
1469	2  44  30 
1471	2  40  19 
1473	2  26  11 
1469	2  28  35 
1471	2  22  35 
1473	2  23  30 
1473	2  40  48 
1469	6   9   1 
1475	6  17  15 
1475	2  38  35 
1477	2  44  35 
1477	2  31  30 
1479	2  36  30 
1475	6   4   2 
1475	6  26  19 
1479	6  46  45 
1481	2  29  30 
1481	2  25  12 
1483	2  27  18 
1485	2  32  26 
1483	2  37  30 
1481	2   9   3 
1483	2   5   4 
1483	2  15   9 
1485	2   0   3 
1487	2  19  12 
1485	2  23  35 
1487	2  24   3 
1487	6  40  33 
1489	2  20  11 
1489	2  15   0 
1491	2  10   3 
1491	2  15  24 
1491	2  20  12 
1493	6  34  18 
1493	6   9   3 
1487	6  45  36 
1493	2  21  36 
1495	2  43  36 
1497	2  28  36 
1493	6  31  23 
1499	6  41  26 
1499	2  22  36 
1501	2  38  36 
1501	2  15  10 
1503	2  44  36 
1503	2   5   3 
1503	6  23  21 
1505	2  33  34 
1507	2  39  41 
1505	2  18   4 
1505	2   8   9 
1507	2  18   3 
1505	6  43  37 
1509	2  15   8 
1509	2  25   4 
1505	6  20  13 
1511	6   5   3 
1511	2  27  20 
1513	2  23  26 
1515	2  31  36 
1517	6  45  37 
1517	2   3   0 
1517	2  33  20 
1519	2  27  11 
1517	2  21  35 
1521	2   7   9 
1521	2  19   4 
1519	6  40  39 
1523	2  21  36 
1523	2  16   9 
1525	2   3  24 
1527	6  27  12 
1527	2  23  39 
1529	2  37  35 
1527	2   3  10 
1531	2  37  36 
1529	2  15   7 
1529	2   2   9 
1531	2  17   9 
1533	6  38  26 
1533	2   1   9 
1535	2  15  16 
1537	2  15   2 
1533	2  29  35 
1539	2  29  36 
1539	2   3   8 
1539	2  32  48 
1533	6  13   5 
1539	6  27  20 
1541	2  15  17 
1541	2  45  38 
1541	2  43  35 
1541	2  40  48 
1541	2   5   4 
1543	2  45  39 
1543	2  15   1 
1543	2  30  35 
1543	6  25  11 
1545	2  15   9 
1545	2  43  36 
1547	2  30  36 
1545	6  40  34 
1549	2  11  13 
1551	2  12  20 
1551	2  33  25 
1553	2  19  13 
1553	2  32  40 
1549	2  35  36 
1547	6   8   7 
1553	2   3   8 
1549	6  30  23 
1551	6  36  28 
1555	2   5  13 
1555	2  32  27 
1555	2   3  16 
1557	6  33  26 
1557	2   3   2 
1559	2  12   4 
1561	2  12  13 
1561	2   3  17 
1557	2  36  38 
1563	6  33  30 
1563	2   3   1 
1565	2   3   9 
1559	6  46  45 
1569	2  36  39 
1571	6  39  36 
1563	6  18  17 
1567	6  12   4 
1565	6   1   0 
1571	2  17   1 
1573	2  17  24 
1575	2  17  10 
1573	6   2   1 
1577	2  33  41 
1577	2  22  38 
1573	6  19  12 
1579	6   8   7 
1579	2  46  41 
1579	2  22  36 
1581	2  30  38 
1583	2  30  36 
1579	2  26  20 
1581	2  32  25 
1581	2  34  40 
1583	2  33  48 
1579	6   3   2 
1581	6  17  16 
1585	2  39  41 
1587	2  44  38 
1587	2  34  27 
1585	2  11   3 
1587	2  11  24 
1589	6  32  27 
1589	2  16   8 
1595	2  46  48 
1589	2  44  36 
1597	2  33  40 
1599	2  46  40 
1589	2  11  10 
1591	2  16   7 
1593	2  11   8 
1595	2  12   3 
1597	2  12  24 
1599	2   5   3 
1599	2  16  17 
1599	2  31  38 
1599	2  27  20 
1601	6  38  22 
1607	2  16   1 
1601	2  26  19 
1603	2  27  19 
1609	2  12  10 
1607	2  33  32 
1609	2  34  25 
1609	2  21  22 
1601	6  48  47 
1609	2  39  47 
1609	6   7   1 
1611	2   4   3 
1611	2  38  41 
1611	2  16  18 
1613	2  37  22 
1613	2  34  20 
1613	6  11   3 
1615	2  38  47 
1617	2  31  36 
1615	6  34  20 
1619	2  15   2 
1619	6  24  18 
1621	2  21  36 
1621	2  39  40 
1621	2   3   1 
1623	2  29  22 
1623	2  38  40 
1621	6  27  13 
1625	2  37  36 
1625	2   3  17 
1625	2  46  32 
1623	6   7   1 
1627	2  20  19 
1627	2  29  36 
1629	2  43  22 
1631	2  43  36 
1631	2  23  22 
1633	2  35  22 
1627	2  33  25 
1629	2   5  18 
1629	2  33  34 
1631	2   5  10 
1631	2  39  32 
1631	2  26  27 
1633	2  26  11 
1631	6  47  41 
1635	2   4  18 
1637	2   3   1 
1635	2  28  22 
1635	2  38  32 
1639	2   4  10 
1635	2  13  27 
1641	2   3  24 
1637	2  20  27 
1637	6  47  45 
1643	6  41  40 
1643	2  30  45 
1643	2  26  18 
1645	2  44  45 
1645	2  13  11 
1647	2  31  45 
1647	2  13  18 
1643	6  16   8 
1645	6  29  21 
1649	2  46  25 
1649	2   8   0 
1651	6  32  30 
1651	2   8   9 
1651	2  20  11 
1653	2   3   0 
1655	2  15   8 
1649	6  41  34 
1651	6  45  44 
1655	6  12  10 
1657	2  39  25 
1657	2  29  44 
1661	2  10  16 
1659	2  37  44 
1661	2  38  25 
1663	6  39  34 
1663	2   2   8 
1663	2  23  36 
1665	2  35  36 
1667	2  28  36 
1665	2  10   7 
1667	2  10  17 
1669	6  40  38 
1669	2  20  18 
1669	2   3   9 
1671	2  15   3 
1673	2   2   3 
1671	6  26  19 
1677	2  33  26 
1675	2   8   3 
1677	2  10   1 
1679	2  19  12 
1679	2  33  27 
1677	2  22  36 
1679	2  10  24 
1675	6  47  46 
1679	6  44  29 
1681	2  47  41 
1683	2  47  26 
1679	6   8   0 
1681	6   5   3 
1685	2  34  41 
1685	2  21  29 
1685	2  32  38 
1681	6  17  16 
1687	6  16   3 
1687	2  32  39 
1687	2  34  26 
1687	2  13  12 
1689	2  45  38 
1693	2  16  17 
1689	2  20  12 
1693	2  32  30 
1695	2  16   7 
1695	2  43  29 
1695	2  45  39 
1697	6   7   1 
1697	2   4  17 
1699	2  19  17 
1697	2  31  38 
1697	2  40  41 
1701	2  32  25 
1699	2  45  30 
1701	2  16   3 
1701	2  44  38 
1699	6  47  41 
1703	2  23  29 
1703	2  37  38 
1703	2   4   1 
1703	6  33  26 
1705	2   4   3 
1705	2  16   7 
1705	2  31  39 
1707	2  31  30 
1707	2  10   8 
1701	6  20  13 
1707	6  45  39 
1713	2  44  45 
1709	2  16  24 
1709	2  26  11 
1711	2  41  27 
1711	2  10   9 
1713	2  26  18 
1713	2  16   8 
1715	2  34  27 
1715	2  32  47 
1715	2  37  45 
1717	2  40  33 
1715	2  16   9 
1717	2  15  10 
1719	2  40  27 
1719	2  15  16 
1719	2   2  10 
1717	2  44  30 
1719	2  37  30 
1711	6  13   5 
1721	6  44  38 
1721	2  35  29 
1721	2  26  12 
1723	2  20  17 
1725	2   5  17 
1723	2  28  29 
1723	2  32  33 
1725	2  22  29 
1719	6   7   0 
1721	6  47  46 
1725	6  33  32 
1727	2   7  10 
1731	2  39  25 
1733	2  39  46 
1727	2  36  29 
1733	2  31  25 
1729	2   2  16 
1731	2   7  16 
1731	6   4   3 
1735	2  26  17 
1737	6   9   3 
1737	2  38  25 
1739	2  33  27 
1739	2  31  46 
1741	2  38  46 
1741	6  41  27 
1743	2  39  32 
1743	2   9   0 
1745	2   9  24 
1729	6  13  12 
1729	6  29  21 
1737	6  12  11 
1743	6  44  36 
1747	2   9   8 
1747	2  27  12 
1747	2  31  32 
1747	6  41  40 
1749	2   9   3 
1749	2  29  36 
1749	2  38  32 
1749	2  27  18 
1751	2  27  13 
1751	2  11  10 
1751	2  29  45 
1753	6  26  17 
1753	2  39  40 
1753	2  43  36 
1755	2  29  30 
1755	2  43  45 
1751	6   8   1 
1753	6  13  12 
1757	6  45  29 
1759	2  27  26 
1763	2  23  36 
1761	2  34  13 
1763	6  19   3 
1769	2  34  18 
1765	2  43  30 
1767	2  23  29 
1769	2  23  30 
1769	2  35  36 
1771	2  35  29 
1771	2   3   8 
1771	2  31  40 
1771	6  20  12 
1773	2  15   9 
1773	2  38  40 
1775	2   2   9 
1773	2  28  36 
1777	2  34  20 
1777	2   7   9 
1775	2  22  36 
1777	2  35  30 
1775	6  39  25 
1781	2  11  16 
1779	2  28  29 
1783	2  11   9 
1781	2  34  26 
1781	2  37  39 
1783	2  28  30 
1783	2  45  39 
1779	6  20  13 
1785	6  39  37 
1785	2   3   4 
1787	2   3   0 
1789	2  10  16 
1783	6  41  34 
1789	2  34  20 
1789	6   7   0 
1791	2   3  24 
1793	2  34  18 
1795	2  34  13 
1791	2  39  46 
1791	2  44  36 
1793	2  45  46 
1797	2  33  20 
1799	2  39  32 
1793	2  22  29 
1795	2  44  29 
1795	2   3   1 
1797	2  43  37 
1799	2  23  37 
1797	2  10   9 
1799	2   3  19 
1801	6  46  45 
1801	2  21  36 
1801	2  33  18 
1807	2  43  45 
1809	2  46  32 
1801	2  16   9 
1803	2  15   3 
1805	2  22  30 
1807	2  21  29 
1809	2  36  29 
1805	2   2   3 
1807	2   0   3 
1809	2  11   3 
1803	6  27  13 
1809	6  16   8 
1811	2  10   3 
1811	2  25  20 
1813	2  34  26 
1811	2  39  40 
1811	2  35  37 
1813	2  28  37 
1813	6  12  11 
1815	2  33  27 
1817	2  33  26 
1815	2  22  37 
1817	2  44  30 
1815	6   7   1 
1819	2  11  16 
1819	2  44  37 
1819	2  46  40 
1819	6  32  31 
1821	2   8   3 
1823	2  11   4 
1821	6  45  43 
1825	2  21  30 
1825	2   9   3 
1827	2  36  30 
1825	2  25  18 
1829	2  45  31 
1827	6   5   2 
1831	2  29  30 
1833	2   2  16 
1831	2  25  27 
1833	2  32  20 
1829	6  43  35 
1835	6  11   3 
1835	2  17  16 
1835	2  25  26 
1835	2  21  37 
1837	2  45  40 
1837	2  23  35 
1839	2  36  37 
1839	2  23  31 
1837	6   8   7 
1843	2   3   1 
1841	2  43  35 
1843	2  28  35 
1841	2  32  18 
1845	2   2   4 
1845	2  22  35 
1847	2   3  24 
1847	2  44  35 
1843	6  34  20 
1849	6  24  23 
1849	2   3   8 
1851	2   2   1 
1849	2  29  37 
1855	2  30  37 
1853	2   3  19 
1855	2  15   3 
1857	2   5   3 
1859	2   2  23 
1849	6  40  39 
1855	6  46  34 
1855	6  19  18 
1861	6  43  37 
1861	2   2   8 
1867	2  21  35 
1861	2  32  27 
1863	2  17   4 
1865	2  17   1 
1867	2  17  23 
1863	2  32  26 
1869	2  17   8 
1867	2  38  46 
1869	2  37  31 
1869	2  40  46 
1865	6  12   4 
1869	6  29  28 
1871	2   2  18 
1873	2  34  46 
1873	2  17  18 
1873	2  15   2 
1871	6  37  31 
1875	2  45  46 
1875	2  15  17 
1873	6  13  12 
1877	2  24  39 
1877	2  36  35 
1879	2  29  37 
1879	2   5   2 
1881	6  39  38 
1881	2   0   3 
1881	2  28  35 
1883	2   5  17 
1885	2   0   2 
1885	6  17  16 
1891	2   0  16 
1887	2   4   3 
1887	2  31  38 
1875	6  41  34 
1881	6  34  26 
1887	6  33  19 
1889	6  38  36 
1893	2  12  17 
1893	6  41  27 
1895	2   4   2 
1897	2  10   3 
1897	2  12  13 
1895	2  22  37 
1897	2  29  36 
1895	6  32  24 
1899	2  22  36 
1899	2  10   2 
1893	6   7   0 
1899	6  47  45 
1901	2  26  17 
1903	2  30  35 
1903	2   0   3 
1905	2  20  17 
1907	2   4  16 
1909	2   0   2 
1909	2  19  17 
1911	2  10  16 
1907	2  39  33 
1911	2  26  13 
1905	2  44  37 
1913	2  20  13 
1913	2  25  17 
1909	2  39  41 
1913	2  40  33 
1915	2  24  17 
1915	2  19  13 
1911	2  21  37 
1915	2   9   3 
1913	2  38  37 
1917	2   9   2 
1915	2  39  34 
1917	2  32  46 
1913	2  43  35 
1919	2  31  46 
1921	2  25  13 
1923	2  11   3 
1921	2  40  41 
1915	2  44  36 
1923	2  27  33 
1921	2  21  36 
1923	2  38  36 
1923	2   0  16 
1925	6  25  13 
1925	2  40  34 
1925	2  28  37 
1927	2  28  36 
1925	2   9  16 
1929	2  30  37 
1927	6   3   1 
1931	2  30  36 
1931	2  27  41 
1931	2  24  25 
1927	6  46  45 
1933	6  23  17 
1933	2  27  34 
1933	2  12   3 
1935	2  47  33 
1937	2  47  41 
1937	2  32  33 
1933	2  43  37 
1939	2  11   2 
1939	2  32  41 
1941	2  12  17 
1941	2  47  34 
1943	2  11  16 
1941	2   1   2 
1943	2  31  33 
1945	2  39  23 
1947	2  29  45 
1949	6  40  31 
1949	2  43  36 
1945	6  12   3 
1951	2   3   8 
1951	6  18  17 
1957	2   3  17 
1959	2  15   3 
1961	2   1  16 
1955	2  40  41 
1957	2  32  34 
1955	2  35  37 
1957	2  35  36 
1959	2  37  36 
1959	2  39  25 
1961	2  26  12 
1961	6  45  36 
1963	2  31  23 
1965	2   2  16 
1963	2  40  34 
1965	2  26  18 
1967	6  33  31 
1967	2  20  12 
1969	2  20  18 
1969	2   5   3 
1967	2  22  36 
1971	2  19  12 
1969	2  44  36 
1971	2  21  36 
1967	6   7   1 
1973	6  46  41 
1973	2   1   3 
1975	2   4   3 
1973	2  19  18 
1975	2  13  12 
1977	2  13  18 
1973	2  29  31 
1975	6  31  29 
1981	2  24  12 
1975	6   7   1 
1983	6  39  27 
1983	2  10   3 
1983	2  24  18 
1985	2   0   3 
1983	2  22  29 
1989	2  38  36 
1987	2   9   3 
1989	2  27  12 
1991	6  38  23 
1991	2  11   3 
1993	2   1   3 
1991	2  33  25 
1991	2  28  36 
1995	2   2   3 
1993	6  26  12 
1997	2  39  38 
1997	2  16   3 
1997	2  30  36 
1999	6  12   3 
1999	2  44  29 
2001	2  47  38 
2001	2  21  29 
2003	2  23  29 
2003	2  32  38 
1997	6   7   1 
2003	6  47  34 
2009	2  33  26 
2005	2  28  29 
2007	2  30  29 
2005	2   3   8 
2007	2   3  17 
2009	2  15   3 
2009	2  43  36 
2009	2  31  46 
2011	6   7   2 
2011	2  27  18 
2011	2  35  36 
2011	2  40  38 
2013	2  43  29 
2013	2  39  25 
2015	2  35  29 
2015	2  34  25 
2015	6  46  44 
2017	2   5   3 
2017	2  33  18 
2019	2  32  25 
2019	2   1   3 
2017	6  30  22 
2021	2  40  25 
2021	2   4   3 
2023	6  20   5 
2023	2  37  36 
2025	2  37  29 
2027	2  31  47 
2023	2  10   3 
2029	6  10   5 
2029	2  31  38 
2031	2  30  44 
2031	2  39  26 
2033	2  34  26 
2033	2  46  44 
2027	6  35  21 
2021	6   7   1 
2035	6  47  46 
2035	2  31  25 
2035	2  10   8 
2037	2  10  17 
2037	2  32  26 
2035	2  35  44 
2039	2  15  10 
2035	6  20  13 
2037	6  44  35 
2041	2  13  10 
2039	6  32  25 
2043	2   0   3 
2043	2  45  36 
2045	6  39  26 
2051	2  45  29 
2045	2   7  10 
2047	2   9   3 
2049	2   4  10 
2053	2  23  35 
2051	2  11   3 
2053	2  26  18 
2055	2   5  10 
2055	2  36  29 
2053	2  40  39 
2055	2  31  39 
2047	6   7   0 
2057	6  31  23 
2057	2   2   3 
2057	2  28  35 
2059	2   1   3 
2063	2  16   3 
2053	6  45  44 
2057	6  26  18 
2063	2  34  26 
2059	6  44  28 
2065	6  19   4 
2065	2  30  46 
2067	2  30  38 
2069	2  30  32 
2067	2  47  46 
2069	2  45  46 
2065	6   8   1 
2071	6  46  30 
2077	2  31  30 
2071	2   7  10 
2073	2   9  10 
2071	2  25  26 
2075	2  11  10 
2077	2   4   1 
2079	2   4  17 
2081	2   2  10 
2079	2  44  30 
2081	2  22  35 
2083	2   8  10 
2077	2  40  26 
2079	2  46  39 
2083	2  43  35 
2083	2  22  30 
2085	6   4   2 
2085	2  47  38 
2085	2  21  35 
2087	2  23  26 
2087	2  45  38 
2089	2  37  35 
2089	2  47  32 
2079	6  13   6 
2089	6  20  19 
2091	2  28  35 
2091	2  15   2 
2093	2  16  10 
2091	2  45  32 
2093	2  47  39 
2093	2  36  35 
2091	6   6   5 
2095	2  31  38 
2095	2  29  35 
2095	6  47  26 
2097	2  43  30 
2099	2  21  30 
2093	6   8   1 
2099	6  16   8 
2101	2  12   3 
2101	2  46  47 
2101	2  31  32 
2103	2  37  30 
2103	2  26  47 
2105	6  25  16 
2105	2  45  39 
2111	2   5   2 
2113	2   0   2 
2111	2  31  39 
2113	2  45  47 
2113	2  19  25 
2113	2  28  30 
2115	6   4   2 
2115	2  19  17 
2121	2  12  10 
2115	2  44  38 
2117	2  22  38 
2119	2  43  38 
2121	2  31  47 
2121	6  35  21 
2123	2  20   4 
2123	2  24  25 
2125	2  27  25 
2125	2   6   4 
2121	6   7   1 
2127	2  36  30 
2127	2   1   4 
2127	2  24  17 
2123	6  45  39 
2129	2  29  30 
2129	2   9   4 
2129	2  33  25 
2129	6  44  38 
2135	2  35  44 
2131	2   3  10 
2131	2  18  25 
2133	2  34  25 
2135	2  16  25 
2133	2  11   4 
2135	6   4   3 
2137	2  37  44 
2139	2  21  30 
2131	6   7   1 
2137	6  19  17 
2141	2  38  32 
2143	2  40  25 
2143	2  38  45 
2145	2  23  25 
2145	2  38  47 
2141	2   2   3 
2143	2   1   3 
2145	2   8   3 
2143	6  12   5 
2147	2  15  17 
2143	6  27  20 
2149	6  30  15 
2149	2   5   3 
2149	2  20  19 
2151	2   4   3 
2151	2  33  19 
2153	2  10   3 
2153	2  18  19 
2155	6  32  30 
2155	2  12  17 
2147	6  45  43 
2155	6   2   0 
2157	6  17  11 
2161	2  22  30 
2163	6  42  21 
2163	2  46  25 
2169	2  28  44 
2165	2  32  24 
2171	2  36  44 
2165	2   2  11 
2167	2  27  11 
2169	2  12  24 
2171	2  32  20 
2173	2  32  33 
2173	2  22  43 
2175	2  34  19 
2175	2  45  30 
2169	6   9   2 
2173	6   6   4 
2177	2  35  30 
2179	2  45  43 
2177	2  26  25 
2181	2  35  43 
2179	2  16  19 
2181	2  12  20 
2181	2   9  24 
2183	6  17   9 
2183	2   4  11 
2183	2  37  30 
2185	2  28  30 
2187	2  36  30 
2183	6  34  26 
2181	6  47  46 
2185	6  11   4 
2189	2  27  24 
2191	2  11  24 
2191	2  37  43 
2193	6  24  15 
2187	6  46  45 
2193	6  33  19 
2193	6  45  37 
2199	2  39  25 
2199	2  28  43 
2193	6   4   2 
2199	2   7   2 
2201	6   4   3 
2207	2  17  20 
2201	2  29  44 
2201	2  40  33 
2209	2  32  18 
2203	2  36  43 
2205	2  29  30 
2209	2  22  37 
2211	2  12  19 
2211	2   7  15 
2209	2   3   2 
2211	2   9   2 
2211	2  29  43 
2211	2  31  25 
2213	2  32  26 
2213	2  46  37 
2213	2   3  15 
2215	6  24  23 
2215	2  42  44 
2217	2  35  37 
2215	2  12  18 
2215	2  27  20 
2221	2  17  19 
2215	2   0   2 
2219	2  45  37 
2223	2  11  20 
2217	2   1   2 
2221	2  28  37 
2219	2   8   2 
2223	2   9  15 
2223	2  36  37 
2223	6  31  25 
2225	2   0  15 
2227	2   1  15 
2225	6  20   4 
2229	2   8  15 
2229	2  38  31 
2225	6  36  35 
2231	6   7   1 
2231	2  24  33 
2233	2  32  16 
2235	2  42  30 
2233	2  27  19 
2237	2  23  44 
2239	2  29  37 
2239	2  42  43 
2235	2  47  33 
2235	2  11  19 
2237	2  12  26 
2239	2  17  18 
2239	2  32  40 
2239	2   5   2 
2241	6   4   2 
2241	2  42  37 
2241	2  32  24 
2243	2  32  47 
2245	2  17  26 
2243	6  43  28 
2247	2  23  30 
2247	2  27  18 
2249	2  22  31 
2251	2  46  31 
2249	2   6   4 
2249	2  34  33 
2251	2  27  26 
2251	2  11  18 
2253	2  32  34 
2247	2   1   2 
2253	2  23  28 
2255	2  39  33 
2257	2  32  39 
2251	2   3   2 
2255	2  44  30 
2257	2  23  37 
2253	2   9   2 
2255	2   0   2 
2257	2   7   2 
2253	6  19  11 
2259	2  25  33 
2259	2  10   4 
2259	2  44  28 
2261	6  18  12 
2261	2  30  28 
2267	2  18  16 
2263	2  38  33 
2265	2  36  31 
2267	2  45  31 
2265	6  40  33 
2269	2  17  16 
2269	2   8   2 
2269	2  44  37 
2267	6  35  29 
2271	2  18  33 
2273	6  16  11 
2279	2  27  11 
2281	2  20   4 
2283	2  19  26 
2273	2  30  37 
2275	2  28  37 
2279	2  43  31 
2281	2  29  31 
2281	2   1  16 
2283	2   3  16 
2283	6  31  29 
2285	2   9  16 
2285	2  19  11 
2273	6  46  40 
2279	6  47  40 
2287	6   3   1 
2289	2  35  29 
2291	2  42  29 
2289	2  18  24 
2291	2  32  25 
2293	6  12   3 
2293	2  32  38 
2293	2  23  29 
2295	2  44  29 
2299	2  12   3 
2297	2  30  29 
2299	2  28  29 
2295	6  40  32 
2293	6  15   8 
2301	2  17  33 
2301	2  37  29 
2297	6  46  45 
2301	6   5   4 
2303	2  18  32 
2305	2  17  24 
2305	2  27  33 
2301	6   8   2 
2303	6  37  22 
2307	2  12  26 
2307	2   1   3 
2301	6  42  35 
2309	6   6   5 
2309	2  18  34 
2311	2   0  16 
2311	2  19  33 
2313	2  18  39 
2315	6  26  17 
2321	2  18  25 
2323	2  27  24 
2323	2  12  11 
2313	6   8   0 
2315	6  44  35 
2313	6   3   2 
2321	2   9   2 
2323	2   8   2 
2325	6  20  13 
2325	2  26  32 
2327	2  26  34 
2325	2  37  45 
2325	2   1  17 
2327	2   9  17 
2329	2   7  16 
2331	2   8  17 
2327	2  47  45 
2327	2   4   3 
2333	2   7   2 
2329	2  40  37 
2333	2  26  39 
2331	6  37  36 
2335	2  27  32 
2337	2  40  47 
2335	2  15  16 
2335	2   5   3 
2337	2  10   3 
2337	2  37  45 
2339	2  15   2 
2341	2  19  24 
2339	2  46  45 
2341	2  43  45 
2343	6  45  37 
2343	2  12  33 
2345	2  27  34 
2345	2  12  24 
2347	2  19  32 
2347	6  17  16 
2349	2  27  39 
2351	2  19  34 
2351	2  31  37 
2353	6  31  18 
2353	6  36  29 
2341	6   2   0 
2347	6   4   3 
2353	2   3   2 
2353	6  33  27 
2347	6   8   0 
2353	6  16   8 
2355	6   5   4 
2361	2   4   2 
2359	2  40  45 
2359	2  26  25 
2361	2  33  25 
2361	2  31  38 
2359	6  29  23 
2363	2  26  38 
2363	2   7   8 
2363	2  13   5 
2363	2  10   2 
2365	6  32  26 
2365	2  42  37 
2365	2   6   5 
2365	2  15   8 
2365	2   3  17 
2367	2   3  16 
2369	2   4  17 
2371	2  33  38 
2373	2  31  23 
2375	2  31  47 
2371	2   3   8 
2371	6  20  12 
2373	6   4   3 
2377	2  20  26 
2377	2  40  46 
2377	2  44  37 
2379	2  32  23 
2381	6  39  26 
2381	2  29  37 
2381	2   3  16 
2383	2  10  17 
2385	2   3   8 
2387	6  23  18 
2387	6   9   1 
2387	6  40  38 
2393	6  38  36 
2393	2  19  26 
2395	2  20  34 
2399	2  32  47 
2399	2  36  43 
2401	2  20  26 
2401	2  31  45 
2403	2  31  46 
2393	2  10  16 
2395	2   9  11 
2397	2  10   8 
2399	6  11   2 
2405	6  47  34 
2405	2  31  43 
2407	2  36  23 
2409	2  36  42 
2405	2  13  11 
2407	2  19  25 
2409	2  31  23 
2409	2   6  11 
2411	2   5  11 
2411	2  36  44 
2413	2  35  37 
2405	2   1   2 
2413	2  19  40 
2415	2  36  29 
2417	2  36  35 
2419	2  30  37 
2415	2  33  18 
2417	2  33  34 
2417	2  19  18 
2419	2  19  34 
2421	2  36  30 
2421	2  20  25 
2407	2   0   2 
2411	2   7   2 
2413	2  15   2 
2417	2   4   2 
2419	2   3   2 
2421	2  10   2 
2417	6  45  39 
2423	6  27  11 
2423	2  32  39 
2423	2  28  37 
2425	2  22  37 
2427	2  36  28 
2429	6  11   2 
2429	2  32  46 
2429	2  36  22 
2431	2  33  39 
2433	2  33  46 
2435	6  45  42 
2441	2  38  37 
2435	2   9   2 
2437	2   9  24 
2439	2   1   2 
2441	2   0   2 
2439	6  24  16 
2443	2  36  38 
2445	2  31  45 
2443	2   7   2 
2445	2   1  16 
2435	6  34  20 
2441	2  34  40 
2441	6  13  11 
2445	6  42  28 
2447	2   0  16 
2449	2   7  16 
2447	6  39  26 
2451	2  15   2 
2451	2  36  37 
2451	2  11  17 
2447	6   6   5 
2453	6  46  40 
2453	2  15  16 
2453	2   4   2 
2453	2  19  26 
2453	2  31  44 
2455	2   4  16 
2457	2  11  24 
2459	6  37  31 
2459	2  34  18 
2459	2   3   2 
2461	2  11   8 
2463	2  34  20 
2463	2   3  16 
2453	6  28  21 
2463	6  21   7 
2465	2   5  17 
2467	2  10   2 
2465	2  34  26 
2459	6  47  46 
2465	6  46  43 
2469	2   9   7 
2471	6  24  12 
2471	2  37  29 
2471	2   1   7 
2473	2   0   7 
2475	2  21   7 
2477	6   9   7 
2477	2  37  35 
2479	2  37  30 
2477	2  32  46 
2479	2  33  46 
2481	2  37  42 
2477	2   5  12 
2481	2  19  40 
2481	6  24  23 
2483	2  34  40 
2483	2  11  13 
2483	2  15   9 
2485	2   4   9 
2483	6  43  28 
2487	2  32  24 
2487	2   3   9 
2489	6  28  15 
2489	2  32  45 
2495	2  10  16 
2491	2  32  44 
2485	6  13   6 
2491	6   5   4 
2485	6  27  19 
2491	6  19  13 
2493	6  44  32 
2497	2  11   2 
2499	2  11  16 
2495	6  14   7 
2501	6  18  17 
2501	2  14  15 
2501	2  44  29 
2503	2  44  35 
2505	2  44  30 
2503	2   1  15 
2505	2   0  15 
2501	6   4   3 
2499	6  40  27 
2505	2  40  46 
2507	6  39  30 
2513	2  33  24 
2513	2  44  42 
2507	2  21  15 
2507	2  10   9 
2509	2   3   8 
2511	2   3   6 
2513	2   3   2 
2513	6  29  22 
2515	2  34  46 
2515	2  19  18 
2517	2  19  12 
2515	6   8   3 
2521	2  19   3 
2521	2   8  16 
2523	2  13  18 
2519	2  37  29 
2523	2  28  15 
2521	2  37  38 
2525	2  19   6 
2523	2  37  31 
2525	2  14  30 
2523	6   4   3 
2527	2  13  12 
2527	2  40  24 
2529	2  33  45 
2529	2  13   4 
2527	6  14   1 
2531	2  40  45 
2531	2  18  12 
2529	6  30  23 
2533	2  11   9 
2533	2  33  32 
2533	2  13   6 
2535	6  15   9 
2535	2  44  29 
2535	2  18   4 
2535	2  40  32 
2537	2  44  38 
2537	2  18   6 
2539	2  44  31 
2539	2  12   4 
2533	6   7   0 
2541	6  25  22 
2541	6   9   2 
2541	6   5   4 
2537	6  47  46 
2543	6  46  44 
2547	2  12   6 
2547	2  33  25 
2547	2   1  22 
2549	6  11   9 
2555	2   4   2 
2555	2  14  23 
2549	6  34  32 
2549	6  44  35 
2555	6  45  33 
2561	2  45  44 
2557	2   5   6 
2557	2   7  23 
2559	2  21  23 
2561	2  28  23 
2563	2  32  24 
2561	2  19  11 
2563	2  13  11 
2563	2  14  22 
2565	6  16   4 
2565	2  45  39 
2567	2  45  42 
2567	2  32  33 
2569	2  32  34 
2571	2  45  29 
2571	2  18  11 
2571	2   3   2 
2573	6  15   1 
2579	2   8   1 
2573	2  45  38 
2573	2  40  25 
2573	2  12  11 
2575	2  45  31 
2579	2  16  23 
2575	2  19   4 
2577	2  32  25 
2577	2  13   4 
2579	2   5  11 
2581	6  17   1 
2573	6  35  29 
2579	6  47  44 
2585	2  40  47 
2587	2  40  39 
2587	2  10   2 
2587	2  15  29 
2579	6  26  20 
2585	6  44  42 
2589	2  18   4 
2589	2  15   1 
2589	6  46  40 
2591	2  14  29 
2591	2   9   2 
2595	2  32  47 
2591	2  12   4 
2593	2   8   2 
2593	2   5   4 
2597	2  32  39 
2595	2  14   1 
2597	2   7  22 
2593	2  19  17 
2595	2   6  11 
2597	2   6   4 
2593	6  37  35 
2597	6  19  17 
2599	2  46  44 
2601	2  46  37 
2599	2  21  22 
2601	2  28  22 
2603	6  15   3 
2609	2  17   2 
2611	2  16  22 
2603	2  13  19 
2611	2  11   4 
2603	2  46  38 
2611	2  32  44 
2605	6  13   6 
2609	6  14   7 
2613	2  32  37 
2613	2  18  19 
2615	6  18   3 
2615	2  14  29 
2615	2  32  38 
2617	2  15  23 
2619	2  15  22 
2621	6   3   2 
2621	2  46  31 
2621	2  21  29 
2623	2  32  31 
2621	2  18  26 
2623	2  18  20 
2625	2  18  27 
2623	2  28  29 
2623	6  23  16 
2627	2  12  19 
2627	2  14   1 
2615	6  43  42 
2629	6  26  18 
2635	2   5  19 
2629	2  23  29 
2635	2  10  16 
2631	6  43  31 
2629	6  14   1 
2635	2  21  14 
2637	6   6   4 
2643	2  10  22 
2643	2  13  19 
2637	6  44  38 
2645	6  22  10 
2637	6   7   1 
2645	6  13   6 
2651	2   9  16 
2651	2  26  31 
2653	2   8  16 
2651	2   4   3 
2655	2  15  29 
2653	2  11  19 
2655	2  26  24 
2653	2   2   3 
2655	6  11   3 
2657	2  26  33 
2659	2  26  34 
2661	2  26  25 
2657	2  28  14 
2657	2  17  16 
2661	2   9  10 
2659	2  23  14 
2661	2  15  14 
2663	6  16   4 
2669	2  16   4 
2663	2  26  47 
2665	2  26  39 
2671	2  12  11 
2671	2  22  29 
2667	6  26  25 
2673	6  38  25 
2673	2   5  11 
2673	2  22  14 
2679	2   6  11 
2675	6  22   1 
2681	6  16   9 
2681	2  38  25 
2683	2  38  37 
2685	2  38  44 
2681	2   3  11 
2683	2  13  19 
2685	2  13  11 
2681	6  29  22 
2687	6  32  29 
2693	2  38  43 
2687	2   8  10 
2689	2  17  10 
2691	2   2   4 
2693	2  16  22 
2693	2  19  11 
2695	6  45  43 
2695	2  32  18 
2695	2   8  22 
2697	2  16  14 
2697	2  12   4 
2699	2   5   4 
2699	2  17  22 
2701	6  18  15 
2707	6  22   7 
2707	2   9  10 
2707	2  32  20 
2709	2  32  27 
2713	2  22  15 
2711	2  32  31 
2713	2  32  24 
2709	2   2  10 
2711	2  12  10 
2713	2   5  10 
2715	6  22  17 
2721	2  21  15 
2715	2  32  33 
2715	2   6   4 
2717	2  32  34 
2723	2  17  20 
2723	6   7   1 
2725	2   3   4 
2727	2  13   4 
2725	2  32  26 
2727	2  32  47 
2723	6  36  21 
2725	6  18  17 
2729	2  32  39 
2729	2  28  15 
2729	6  12   4 
2731	2  32  25 
2735	2  18  27 
2737	2  18  31 
2731	2   8  14 
2739	2  23  15 
2739	2  19  12 
2739	2  32  37 
2733	6   2   1 
2739	2   9   2 
2729	6  47  41 
2741	6  33  20 
2741	2  18  24 
2741	2  22  14 
2741	2   1   2 
2743	2   4   2 
2743	2  17  15 
2745	2   7  15 
2745	6  10   4 
2751	2   5   2 
2753	2  18  20 
2753	2  16  15 
2741	6  38  36 
2747	2  38  33 
2747	6  29  28 
2749	6  38  33 
2755	6   5   2 
2761	2   9  14 
2755	2  32  44 
2763	2   8  15 
2761	2   6   4 
2757	2  33  27 
2759	2  32  45 
2761	2  33  31 
2763	2  29  38 
2763	2   6   5 
2763	2  18  34 
2765	6  14   8 
2765	2  23  38 
2765	2  18  26 
2771	2   1   8 
2765	2   3   4 
2767	2  11  12 
2773	2  10   8 
2767	6  38  29 
2773	6  39  27 
2775	2   2   8 
2779	2  38  39 
2775	2  17  29 
2777	2   3   5 
2779	2  13   4 
2781	2  13   5 
2781	2  33  24 
2783	2  33  20 
2777	2  22  15 
2783	2  38  31 
2779	2   9  15 
2785	2  19   4 
2781	2   1  15 
2785	2  23  39 
2787	6  41  27 
2787	2  38  24 
2787	2  11   4 
2793	2  18  27 
2789	2  23  31 
2791	6  39  38 
2795	2  33  34 
2795	2  23  24 
2795	2  19   5 
2783	6   8   2 
2787	6  29  28 
2793	2   7  28 
2789	6   3   2 
2795	6  15   9 
2797	2  11   5 
2799	2  12   4 
2801	2   6   3 
2797	2  33  26 
2799	2  33  27 
2795	6  28  21 
2803	2  12   5 
2803	2  17  38 
2801	6  41  27 
2805	2  17  31 
2805	2   2   3 
2807	2  17  24 
2809	2  18  27 
2807	2   4   5 
2805	6  28   7 
2811	6  24  18 
2811	2  10   9 
2811	2  33  27 
2817	2  24  25 
2813	2   8   9 
2807	6  38  37 
2813	2  28  37 
2809	6  13   5 
2815	2   5   3 
2813	6  40  39 
2815	6  37  28 
2819	2  33  25 
2817	6   5   3 
2821	2  37  31 
2823	2  19   5 
2821	2  16  21 
2823	2  16  28 
2825	6  37  25 
2825	2  14  21 
2827	2  22  21 
2829	2  15  21 
2821	6  40  34 
2815	6   1   0 
2825	6   6   3 
2827	6   7   0 
2831	2   3   9 
2831	2  25  18 
2831	2  34  20 
2831	6  31  23 
2833	2  34  40 
2833	2  14  28 
2835	2   7  21 
2833	2   2   9 
2835	2  34  26 
2833	2  11   5 
2835	2  12   5 
2831	6  44  37 
2835	6  10   9 
2837	2   4   5 
2837	2  24  38 
2839	2  24  37 
2837	2  34  41 
2841	2  33  38 
2843	2  34  27 
2843	2  24  45 
2839	2  13   5 
2841	6   6   4 
2845	2  16  23 
2847	6  18  17 
2847	2  22  28 
2849	2  15  28 
2853	2   9  21 
2845	6  45  37 
2851	2  33  45 
2847	6   6   5 
2853	6  34  31 
2855	2   4  10 
2855	2   8  21 
2853	6  19  18 
2857	6  21   9 
2863	2  18  10 
2859	2  31  44 
2861	2  31  38 
2863	2  14  23 
2859	2  34  20 
2861	2  34  40 
2865	6  11  10 
2865	2  31  45 
2865	2   7  28 
2865	2  19  20 
2867	2  34  26 
2869	2  34  41 
2869	2  25  20 
2867	2  22  23 
2869	2  15  23 
2869	2  21  28 
2867	6  46  44 
2871	2  34  27 
2871	2   3   9 
2873	6  27  19 
2873	2  16  17 
2875	2   2   9 
2877	2   7  23 
2877	2  10  11 
2873	6  38  32 
2873	6  47  46 
2879	6  38  37 
2879	2  14  17 
2879	2  27  40 
2881	2  22  17 
2883	2   4   9 
2881	2  27  26 
2883	2  25  40 
2885	6  32  20 
2885	6  11   5 
2885	6  48  47 
2885	6  17  16 
2891	6  24  17 
2891	2  34  48 
2891	2  12   5 
2893	2  27  41 
2895	2  27  19 
2891	6   9   3 
2883	6  28  14 
2891	6  45  39 
2889	6  14   0 
2889	6  29  28 
2895	6  30  22 
2897	2  18   3 
2899	2  25  26 
2897	2   8   0 
2899	2   9   0 
2899	2  11   5 
2897	6  41  39 
2903	2  24  32 
2903	2  34  20 
2905	2  27  48 
2901	2  10   3 
2903	2   2   0 
2901	2  15  16 
2905	2   7  16 
2907	2  27  20 
2907	2  24  40 
2901	6  37  29 
2905	6   4   3 
2909	2  24  26 
2907	6   1   0 
2911	2  37  32 
2911	2  12   4 
2911	2  34  41 
2909	6  22  15 
2913	2  13   5 
2913	2  25  39 
2913	2   3   1 
2913	6  48  34 
2915	2  25  19 
2915	2  21  23 
2917	2  24  39 
2915	2  11   4 
2917	2  13   4 
2919	6   3   1 
2919	2  27  41 
2919	2   6   5 
2919	2  30  32 
2921	2  37  40 
2921	2  21  16 
2923	2  33  38 
2923	6  48  47 
2925	2  31  38 
2925	2  18   3 
2927	2  25  34 
2927	2  10   3 
2923	6  23  15 
2929	2   6   4 
2929	2  24  19 
2929	2   8  15 
2927	6  39  38 
2933	2  47  39 
2931	2  25  20 
2931	2   5   4 
2931	2   8  16 
2933	2   9  15 
2933	6  26  24 
2935	2   2  15 
2937	2   1  15 
2933	6  12   4 
2939	6  13  12 
2939	2   4   3 
2939	2  26  34 
2939	2  37  24 
2941	2   9  16 
2941	2  25  41 
2943	2   2  16 
2941	2  37  38 
2943	6  40  37 
2949	2  27  39 
2951	2  30  37 
2945	2   1  16 
2945	2  11   3 
2951	2  26  20 
2947	6   5   3 
2953	6  15  10 
2953	2  25  39 
2955	2  30  24 
2959	2  40  19 
2961	6  32  23 
2961	2  12   5 
2961	2  18  10 
2963	2   6   5 
2965	2   3   5 
2959	6  14   7 
2961	6  27  20 
2957	6  37  36 
2963	6  36  28 
2967	2  15  10 
2967	2  13   5 
2969	2  18  16 
2971	2  26  41 
2971	2   4  10 
2971	2  22  23 
2973	6  23   7 
2973	2  26  39 
2975	2  40  34 
2979	2  30  38 
2979	2  15  16 
2977	2  40  27 
2973	2  11  10 
2979	2  40  41 
2975	6  11  10 
2981	6  18  16 
2987	2   4  18 
2981	2  40  39 
2981	2  14   7 
2983	2  21   7 
2987	2   8   7 
2987	2  22  28 
2981	6  31  30 
2987	6  33  31 
2989	2  14  28 
2989	2  10  18 
2991	2  12  11 
2991	2  21  28 
2991	2   9   7 
2993	6   9   7 
2999	2   6  11 
3001	2  33  19 
2993	2  22  24 
2999	2   2   9 
3001	2   1   9 
2995	6  24  22 
3001	2  24  38 
3001	2  14  22 
3003	6  28  14 
3003	2  16   9 
3009	2   8  14 
3003	2  12  18 
3003	2  33  34 
3005	2  24  19 
3011	2   7  14 
3007	2   6  18 
3007	2  33  27 
3009	2   3  11 
3011	2   3  18 
3009	2  33  41 
3013	2  15   9 
3013	2  13  11 
3011	2  33  39 
3009	6  37  28 
3015	6   4   3 
3015	2  37  38 
3015	2  13  18 
3015	2  21  22 
3021	2   2  14 
3023	2   3   9 
3025	6  10   9 
3017	6  34  26 
3023	2  24  26 
3025	6  41  26 
3017	6  38  37 
3025	2  21  37 
3027	6  37  21 
3031	2   9  10 
3017	6  13   6 
3033	6  32  19 
3033	2   8  22 
3035	2   8  21 
3037	2   7  22 
3039	6  32  31 
3039	2  12  10 
3039	2   1  14 
3041	2   7  21 
3041	2  13  10 
3043	2  16  14 
3043	2   5  11 
3031	6  47  41 
3037	6  47  45 
3045	6  12  10 
3045	2  38  31 
3047	2  38  45 
3049	2  37  31 
3045	2  15  14 
3045	6  33  27 
3047	6  14   1 
3051	2  24  33 
3051	2  37  45 
3051	2   4  12 
3053	6  39  37 
3053	2  24  26 
3053	2   3   1 
3055	2   9   1 
3053	2   6  12 
3055	2   5  18 
3057	2  11  18 
3059	6  31  24 
3059	2  10   1 
3059	2   5  12 
3061	2  11  12 
3063	2  18  12 
3053	6  22  15 
3061	2   2  15 
3063	2  14  15 
3059	6  45  36 
3065	2  16  15 
3065	2  38  33 
3063	6   3   1 
3067	2  31  37 
3069	2  39  33 
3067	2  22  15 
3069	2   8  24 
3071	6  24   8 
3069	6  11   3 
3077	6  15   2 
3083	2  15  21 
3077	2  38  26 
3085	2  14  21 
3079	2  38  37 
3081	2  39  26 
3083	2   1   2 
3085	2   9   2 
3079	2  13  11 
3083	2  24  36 
3081	2   4  11 
3085	2  24  33 
3083	6  13   4 
3089	2  10   2 
3087	2   7   8 
3087	2  39  37 
3089	2  15   8 
3087	2  24  26 
3091	2  14   8 
3089	2  24  37 
3093	2  16  21 
3095	2  16   8 
3095	2  22  21 
3095	2   6  11 
3091	6  36  30 
3097	2   5  11 
3097	2  22   8 
3099	6  21   7 
3099	2   4   2 
3105	2   1   7 
3107	2   9   7 
3099	6  30  23 
3109	2   1   8 
3109	2   3  11 
3109	2  21  23 
3089	6  39  33 
3095	6  39  38 
3099	6  13   6 
3105	6  38  37 
3111	6   4   2 
3111	2  15  23 
3113	2  14  23 
3115	2  16  23 
3117	2  22  23 
3117	2   6   4 
3117	2   9   8 
3095	6  26  25 
3115	6  31  25 
3119	2  13   4 
3111	6  37  36 
3119	2  21  36 
3119	6  23  16 
3121	2   5   4 
3123	2   3   4 
3119	6   7   1 
3125	6   3   1 
3125	6  13   5 
3121	6  36  21 
3127	2  15  21 
3131	2   7  16 
3133	2  14  21 
3133	2  10   3 
3133	2  36  31 
3131	6  19   6 
3135	2   2   3 
3135	2  15  31 
3137	6  30  14 
3143	2  23  21 
3143	2  36  38 
3145	2  30  31 
3145	2  22  21 
3147	2   7  21 
3145	2   9  16 
3137	2  18  11 
3139	2  18   4 
3141	2  12  11 
3147	2  23  31 
3149	2  22  31 
3143	2  12   4 
3145	2  11   4 
3147	2  19   3 
3149	2   5   3 
3151	6  23  21 
3151	2  10   8 
3153	2   2   8 
3151	6  38  36 
3151	6  13   5 
3155	6  10   8 
3161	2  19  10 
3157	6  31  28 
3163	6  28  14 
3163	2   9  23 
3165	2  13  10 
3169	2   7  14 
3171	2  15  36 
3173	2   8  16 
3175	2   8  23 
3177	2  30  36 
3177	2   9  14 
3167	6  26  13 
3173	6  32  26 
3179	2   2  16 
3181	2   5   3 
3183	2   2  23 
3185	2   8  14 
3185	2   5  10 
3187	2  21  36 
3189	2   2  14 
3191	6  36  15 
3191	6  26   5 
3197	2   1   3 
3199	2  18   3 
3201	2  19  16 
3203	6  19  16 
3209	2  22  15 
3209	2  32  19 
3211	2   7  15 
3211	2  26  19 
3209	6   2   1 
3213	2  16  23 
3211	6  32  31 
3215	2   9  15 
3213	6  19   5 
3217	2   8  15 
3217	2  31  23 
3219	2   1  15 
3219	6  31  30 
3221	2   2  10 
3223	2  16  14 
3223	2  12   3 
3225	2   2   5 
3219	6  26  25 
3225	2  25  23 
3227	2   2  23 
3229	2  30  14 
3231	2  16  15 
3229	2  18  10 
3231	2  11   3 
3233	6  25  23 
3233	2   4   3 
3235	2  12  10 
3239	2  30  15 
3237	2  11  10 
3239	2  18   5 
3241	6  16  14 
3247	2  23  16 
3241	2  12   5 
3249	2  23  15 
3243	2  11   5 
3245	2  18  25 
3247	2  12  25 
3249	2   4  10 
3251	2   3  10 
3251	6  25  12 
3257	2   4   5 
3253	2   2  16 
3255	2   2  15 
3257	2  18  16 
3259	2  25  16 
3259	2  11  12 
3261	2   4  12 
3261	6  17  15 
3267	2  18  17 
3269	2  25  17 
3267	2   3   5 
3269	2   3  12 
3271	2  11  16 
3273	2  11  17 
3275	2   4  16 
3277	2  10   5 
3279	2  10  12 
3281	6  16   4 
3287	2   3   4 
3287	2  16  17 
3289	2   3  17 
3289	2   5  12 
3291	2  10   4 
3293	2  10  17 
3293	2   5   4 
3295	2   5  17 
3297	2  12   4 
3299	2  12  17 
3301	2   4  17 
