   1	6  10   5 
   1	6  45  32 
   7	6  24  10 
  13	2  24  26 
   7	6  47  39 
   1	6  14   7 
  15	6  16  14 
  21	2  24  18 
   1	6  35  28 
   7	6  29  28 
  15	6  45  33 
  23	2  24  31 
  23	2  26  18 
  25	2  24  32 
  27	2  26  31 
  29	2  18  31 
  21	6  21   7 
   7	6   6   5 
  13	6   5   3 
  21	6  46  45 
  31	2  24  39 
  33	2  24  17 
  33	2  26  32 
  35	2  26  39 
  37	2  24  33 
  39	2  18  32 
  27	6  44  36 
  41	2  18  39 
  43	2  24  11 
  45	2  31  32 
  27	6  15  14 
  33	6  28  22 
  39	6  34  27 
  43	6  48  46 
  47	2  24  23 
  49	2  24  19 
  49	6  46  38 
  51	2  24  16 
  53	2  26  17 
  39	6  14   1 
  55	2  18  17 
  55	2  26  33 
  57	2  26  11 
  55	2  31  39 
  59	2  18  33 
  57	6  30  14 
  63	2  24  29 
  61	6  39  33 
  65	2  18  11 
  67	2  24  21 
  69	2  31  17 
  71	2  31  39 
  73	2  32  33 
  71	6  16  11 
  77	2  24   3 
  33	6  43  42 
  63	6  44  43 
  71	6  44  37 
  79	2  26  23 
  81	2  26  19 
  81	2  31  16 
  83	2  18  23 
  79	6   3   1 
  77	6  44  43 
  85	2  32  17 
  87	2  26  11 
  89	2  33  17 
  91	6  25  16 
  97	2  24   8 
  99	6  29  16 
  99	2  18  19 
 101	2  18  11 
 105	2  24  45 
 107	6  26  17 
 113	6  17  15 
 119	2  24   9 
 107	6  45  42 
 121	2  32  39 
 123	2  32  25 
 125	2  24  36 
 127	2  31  23 
 129	2  32  23 
 119	6  21  14 
 125	6  14   8 
 127	6  18  10 
 131	2  15  16 
 131	2  33  39 
 127	6  42  28 
 127	6  45  44 
 133	2  15   8 
 133	2  31  19 
 135	6  35  29 
 135	2  24  17 
 135	2  15   1 
 137	2  10  16 
 139	2  10   8 
 141	2  15  14 
 135	2  26  39 
 137	2  32  19 
 139	2  33  25 
 141	2  10   1 
 141	2  26  25 
 141	6  31  23 
 143	6  10   8 
 147	2  33  31 
 143	6  28  21 
 149	2  26  31 
 149	2  15  21 
 151	6  23  16 
 151	2  33  19 
 153	2  39  25 
 157	2  16  11 
 159	2   8  14 
 159	2  16  23 
 155	2  39  31 
 157	2  25  31 
 159	2  32  11 
 161	2  32  23 
 163	2  24  40 
 163	2  15   9 
 161	6  27  19 
 165	2  15  36 
 167	6  36  28 
 167	2  16  10 
 169	2  16   1 
 171	2  15  17 
 173	2   8  21 
 167	2  26  27 
 175	2   8   9 
 169	2  39  27 
 173	2  25  27 
 175	2  24  22 
 177	2  16  14 
 179	2  16  21 
 175	6  19  11 
 175	6  34  27 
 171	6  40  39 
 181	6  32  23 
 181	6  14   8 
 187	6  23   8 
 193	2   8  10 
 187	2  33  19 
 189	2  26  19 
 191	2  33  32 
 193	2  31  34 
 195	6  28  15 
 201	2   8   1 
 203	2  14  15 
 205	2   8  23 
 195	2  26  32 
 197	2  40  19 
 199	2  25  19 
 201	2  40  32 
 203	2  25  32 
 199	6  11  10 
 201	6  36  28 
 205	6  26  11 
 207	2  16   9 
 209	2  16  15 
 207	6  39  37 
 211	2  14  17 
 213	6  28  14 
 213	2  31  19 
 215	2  24  18 
 217	2  16  17 
 215	2  33  26 
 217	2  31  32 
 217	2  34  19 
 209	6   2   1 
 215	6   4   2 
 221	2  11  26 
 223	2  24  10 
 225	2  24  38 
 225	2   8  21 
 223	6  33  19 
 227	2  36  37 
 227	2   8   9 
 229	6  19  10 
 229	2  36  22 
 231	2  28  37 
 231	2   8  15 
 235	2  10   4 
 233	2  28  22 
 229	2  34  32 
 231	2  33  32 
 235	2  24  30 
 235	2  40  26 
 235	6  15   1 
 237	2  11   4 
 237	2  25  26 
 239	2  31  26 
 241	2  16  37 
 241	2  34  26 
 243	6  23  18 
 243	6  37  36 
 241	6   7   0 
 243	6  40  34 
 239	6   5   4 
 247	6  21  14 
 253	2   8  17 
 255	2  10  18 
 255	2  37  23 
 257	2  11  18 
 257	2  28  23 
 249	2  33  26 
 257	2  32  26 
 245	6  13   5 
 255	6  14   8 
 259	2  24  39 
 251	6  20  13 
 259	2  34  20 
 259	6  36  28 
 261	2  10   8 
 263	2  10   9 
 261	2  25  20 
 263	6  31  19 
 265	2  16  22 
 269	2  37  31 
 269	2  16  23 
 267	2  14  28 
 269	2  19  20 
 265	6   2   1 
 261	6  41  40 
 269	6  28  14 
 271	2  34  18 
 273	2  25  18 
 273	2  10   2 
 275	2  10  17 
 277	2  11   8 
 271	2  37  38 
 273	2  37  30 
 275	2  36  31 
 277	2  36  38 
 273	6  41  27 
 279	6  14   7 
 279	2  37  39 
 279	2  28  22 
 279	2  11   9 
 281	2  28  23 
 281	2  11   2 
 283	2  24   3 
 285	2  24  45 
 287	2  19  18 
 289	2  27  20 
 289	2  24  29 
 285	6   8   3 
 291	6  17  11 
 291	2  33  20 
 291	2  36  30 
 293	2  32  20 
 295	2  26  20 
 291	6   8   7 
 297	2  27  18 
 297	2  36  39 
 297	6  23  16 
 299	2  33  18 
 301	2  32  18 
 297	6   5   3 
 299	6  37  28 
 305	2  23  31 
 307	2  24  15 
 301	6  34  27 
 305	6  45  43 
 309	2  10   8 
 303	6  13   5 
 311	2  10  22 
 313	2  17  11 
 309	2  27  13 
 313	2  28   7 
 311	6  27  13 
 315	2  17   8 
 317	2  10  16 
 315	2  37  31 
 319	2  17  22 
 317	6  13  12 
 321	2  28  43 
 321	2  25  27 
 321	6  14   7 
 323	2  23  38 
 323	2  19  27 
 325	2  34  27 
 325	2  23  30 
 319	6   3   2 
 325	6  25  10 
 327	2  28  29 
 331	2  23  39 
 333	2  37  38 
 333	2  33  27 
 335	2  25  31 
 333	2  28  15 
 337	2  25  38 
 331	6  12   4 
 337	2   4   9 
 335	6  28  14 
 339	2   4   3 
 339	2  37  30 
 339	2  26  18 
 341	6  30  23 
 341	2   4  11 
 343	2  10   9 
 345	2  10   3 
 347	2  37  39 
 347	2  20  18 
 341	6  21   7 
 349	2  24  21 
 351	6   9   4 
 357	2  17  16 
 351	2  36  28 
 359	2  10  11 
 353	2  30  28 
 355	2  14  21 
 355	2  36  43 
 357	2  36  29 
 359	2  30  43 
 361	6  31  17 
 349	6  34  20 
 361	6  13   4 
 361	6  36  28 
 357	6   8   2 
 355	6  33  27 
 363	6  22  15 
 369	2  28  22 
 367	2   9   2 
 367	2  19  13 
 367	2  37  36 
 369	2  37  43 
 367	2  32  33 
 369	2  19   3 
 349	6  47  46 
 355	6  46  45 
 371	6   4   3 
 371	2  24  45 
 373	2   9  15 
 377	2  24   3 
 379	2  10   2 
 371	2  28  21 
 379	2  30  29 
 371	2  20  13 
 373	2  27  13 
 379	2  26  33 
 375	6  20  13 
 373	6  45  43 
 379	6  43  35 
 381	2  30  22 
 381	2   9  16 
 385	2  14  35 
 381	2  19  11 
 383	2  31  17 
 385	2  31  38 
 383	2  13   4 
 387	2  37  29 
 389	2  28  35 
 385	2  13  11 
 387	2  10  15 
 381	2  34  33 
 387	2  32  20 
 389	2  25  23 
 391	6  15   3 
 391	2  26  20 
 393	2  25  39 
 393	2  34  20 
 391	6  37  36 
 395	6  46  25 
 401	2  18  33 
 401	2  31  23 
 397	2  14  15 
 397	6   3   2 
 397	6  13   5 
 403	6  19   4 
 403	2  36  22 
 403	2  31  39 
 405	2  46  37 
 409	2  27  19 
 407	2  46  45 
 407	2  31  37 
 409	2   4   3 
 403	2   9  17 
 407	2  28  15 
 409	2  30  21 
 409	6  16   9 
 411	2  32  19 
 413	2  31  45 
 411	2  36  21 
 413	2  26  19 
 411	6   4   3 
 417	2  10   9 
 419	2  18  20 
 415	2  30  35 
 417	2  36  35 
 419	2  30  15 
 419	2   3   2 
 415	6  46  45 
 421	2  45  29 
 421	2  10  17 
 423	2   3   9 
 425	2  36  15 
 425	2   5   4 
 421	2  33  20 
 427	2  31  29 
 423	2  34  19 
 427	2   5   2 
 429	6  27  11 
 435	2  18  19 
 429	6  31  22 
 435	2  45  31 
 437	6  23  16 
 437	2  11  27 
 439	2  32  27 
 441	2  33  19 
 443	6  13   6 
 443	2  22  31 
 443	2  11   4 
 445	2  11   2 
 443	2  26  27 
 445	2  23  38 
 447	2  23  16 
 445	2  34  27 
 447	2  18  27 
 449	6  38  23 
 449	2  20  19 
 451	2  33  27 
 453	2  20  27 
 445	6  28  21 
 449	6  11   4 
 455	6  20  11 
 455	2  38  39 
 457	2  38  37 
 459	2  38  46 
 451	6  42  28 
 449	6   9   2 
 455	6  23   8 
 461	6  25   9 
 461	2  45  42 
 461	6  13  12 
 463	6  28  22 
 467	2  10   8 
 467	2  19  27 
 463	6  45  37 
 463	6  48  40 
 469	6   4   2 
 469	2  28  42 
 469	2  32  20 
 471	2  32  25 
 473	2  26  20 
 473	2  38  29 
 475	6  42  37 
 481	2  38  31 
 475	2  10  16 
 481	2  42  35 
 483	2  28  35 
 483	2  38  37 
 475	2  26  25 
 477	2  34  20 
 475	2   5   4 
 477	2   3  17 
 479	2   3   8 
 479	2  18  20 
 481	2   2   4 
 483	2  34  25 
 485	6  30  15 
 485	2  33  20 
 487	2  18  25 
 489	2  33  25 
 489	2  11  20 
 491	2   5  17 
 491	6  41  33 
 493	2  24  12 
 495	2  19  20 
 495	2   3  16 
 475	6  47  46 
 485	6  46  45 
 491	6  44  36 
 483	6   1   0 
 497	6  12   4 
 497	2  42  30 
 499	2  28  30 
 499	2   2  17 
 497	2  27  20 
 501	2  24  22 
 497	6  39  33 
 503	2  38  35 
 505	6  32  20 
 501	6   9   1 
 497	6  48  47 
 503	6  15  14 
 503	6   4   3 
 509	2  15   3 
 511	6   8   3 
 511	2  20  12 
 511	2  24  40 
 513	2  26  12 
 513	2  24  23 
 515	2  24  39 
 505	6  44  37 
 511	6  37  29 
 517	6  40  31 
 523	2  24  45 
 517	2   5   3 
 517	2  21   8 
 519	2  14   8 
 519	2   2   3 
 505	6  42  35 
 519	6  20  12 
 525	6  31  10 
 531	2  38  30 
 525	2  34  20 
 531	2  11  25 
 533	2  12  17 
 535	2  19  25 
 537	2  31  33 
 539	2  26  17 
 525	2  15  22 
 527	2  21  22 
 533	2  14  22 
 535	6   5   4 
 525	6  48  47 
 525	6  43  42 
 531	6  35  28 
 535	6  14   8 
 539	6  38  30 
 541	2  12   3 
 541	2  27  25 
 543	2  15  10 
 543	2  32  25 
 543	6  13   5 
 545	2  31  46 
 547	2  31  47 
 545	6  16  10 
 549	2  31  37 
 545	6  28  14 
 549	6  26  13 
 551	2   4  10 
 555	2  24  36 
 555	6  13   5 
 557	2   2  10 
 557	2  15  23 
 557	2  26  33 
 557	2  29  28 
 559	2  21  16 
 549	6  48  46 
 561	2  21  23 
 561	2  12  10 
 555	6  48  47 
 559	6  34  26 
 563	2   5   3 
 563	2  29  22 
 563	2   8  16 
 557	6  45  37 
 563	6  45  39 
 565	2  24   9 
 567	2   8  23 
 567	2  18  20 
 565	6  41  34 
 569	2  14  28 
 569	2   5  10 
 569	6  46  44 
 571	2  29  16 
 573	2  26  17 
 573	2  14  22 
 573	2  35  28 
 575	6  44  37 
 575	2  41  47 
 575	2  29  23 
 577	2  35  22 
 577	2  41  48 
 579	2  41  39 
 575	2  18  17 
 579	2  14  16 
 571	6  12   4 
 577	6  26  12 
 581	2  14  23 
 581	6  45  43 
 583	2  12   3 
 585	2  18   3 
 587	2  26  33 
 587	2  12  10 
 583	2  30  28 
 585	2  30  22 
 581	6  47  41 
 589	6  33  12 
 589	6  36  15 
 595	6  12   4 
 595	2  36  43 
 597	2  36  44 
 595	2  31  40 
 597	2  26  41 
 599	2  36  15 
 599	2  47  40 
 601	6  34  13 
 601	2  31  46 
 603	2  31  45 
 605	2  47  46 
 605	2  31  38 
 601	6  43  35 
 607	2  47  45 
 607	2  21  35 
 609	2  47  38 
 607	2   2   4 
 609	2  12   4 
 601	6  18  17 
 609	2  17  10 
 607	6  34  26 
 611	2   5   4 
 611	2  13  20 
 611	2  24  37 
 609	6  15   7 
 613	2  24  26 
 611	6  47  39 
 615	2  13  18 
 613	6  43  29 
 617	2  34  48 
 613	6   4   3 
 615	6  14   8 
 619	2  34  47 
 619	2  13   4 
 617	6  45  38 
 621	2  14  35 
 623	2  43  35 
 621	2  11  20 
 623	2  11  18 
 621	2  34  40 
 623	2  34  46 
 623	6  15   9 
 625	2  11   4 
 625	2  19  20 
 627	2  19  18 
 629	6  19   3 
 625	6  44  28 
 635	2  33  19 
 637	2  31  44 
 635	2   3   4 
 637	2  27  20 
 631	2  21  28 
 633	2  21   7 
 635	2  14  28 
 637	2  14   7 
 637	6  41  33 
 639	2  29  16 
 641	2  17  19 
 641	2  43  28 
 639	6  39  38 
 643	2  27  18 
 643	2  29  23 
 641	6  14   8 
 645	2  34  39 
 637	6   5   4 
 643	6  43  42 
 647	2  31  22 
 647	2  13  10 
 647	6  40  34 
 649	2  36  15 
 651	2  14  35 
 653	2  21  15 
 649	2  13  19 
 649	2  11  10 
 653	2  36  37 
 655	2  29  35 
 655	2   8  15 
 657	2  14  28 
 651	2  11  19 
 653	2   3  10 
 653	2  32  20 
 655	2  38  44 
 655	2  25  20 
 657	2  40  45 
 657	2  24   9 
 657	6  19   5 
 659	2  29  28 
 661	2  21  37 
 663	6  47  44 
 663	2   3   5 
 663	2  27  19 
 663	6  21   7 
 659	6  24  16 
 669	2  38  22 
 671	6  26  10 
 677	2  27  26 
 677	2  40  47 
 671	2  42  21 
 673	2  14  21 
 675	2  29  21 
 679	2  32  18 
 677	6  36  21 
 681	2  25  18 
 677	6  16   8 
 677	6   3   2 
 665	6  13   5 
 683	2  30  24 
 685	2  30  23 
 679	2  27  13 
 687	2  31  24 
 681	6  33  27 
 683	6  11   3 
 683	6  21  15 
 683	6  43  35 
 689	6  27  11 
 689	2  42  21 
 691	2  14  21 
 691	2  30  43 
 693	2  31  23 
 687	6  40  39 
 695	6  29  22 
 695	2  20  18 
 697	2  32  19 
 699	2  25  19 
 699	6  48  34 
 701	2  20  19 
 705	2  27  11 
 707	2  27  34 
 707	2  12  11 
 701	2  22  21 
 701	2  31  43 
 703	2  30  28 
 705	2  30  36 
 707	2  38  24 
 709	6  41  27 
 709	2  16  37 
 711	2  30  21 
 713	2  42  37 
 709	2   4  11 
 713	2  15  10 
 715	2  38  23 
 715	2  27  11 
 717	6  37  29 
 717	2  32  26 
 717	2  17  11 
 719	2  15   9 
 719	2  18  19 
 721	2   7  10 
 723	2  16  10 
 721	2  25  26 
 725	2   8  15 
 723	2  39  37 
 723	2  20  26 
 725	2  39  24 
 725	2   5  11 
 717	6  48  41 
 715	6  42  35 
 727	6  17  10 
 727	2  14  29 
 729	2  38  43 
 729	2  22  29 
 731	2  30  29 
 725	6  34  20 
 731	2  12  20 
 731	6  33  25 
 733	2   4  20 
 735	2   3  11 
 735	2  27  20 
 733	6  35  22 
 737	2   2  11 
 731	6  44  38 
 727	6  48  47 
 737	2  47  38 
 737	6  20  13 
 739	2   7   9 
 741	2   8   7 
 739	2  31  28 
 739	2  47  41 
 741	2  18  26 
 741	2  39  23 
 743	6  31  30 
 743	2  10  13 
 745	2  16   9 
 749	2  22  17 
 743	2  47  46 
 745	2  47  40 
 745	2  19  26 
 747	2  47  45 
 745	2   5  13 
 749	2  47  48 
 747	6  26  12 
 751	2  30  36 
 751	2   8  16 
 749	6  45  39 
 753	2  14  17 
 755	6  35  21 
 755	2  26  38 
 757	2  26  41 
 759	2  25  11 
 753	6  13   6 
 757	6  45  37 
 761	2  15   7 
 761	2   3   6 
 761	6  31  24 
 763	2  22   9 
 765	2  15  16 
 763	2  37  43 
 767	2  14   9 
 767	2  30  35 
 765	2  47  45 
 763	6   6   4 
 761	6  33  26 
 767	2  33  46 
 769	6  23  17 
 769	2   2   4 
 769	2  44  28 
 771	2  44  36 
 769	2  33  40 
 773	2  37  28 
 771	2  33  39 
 773	2  33  48 
 769	6  13   6 
 775	6  10   4 
 775	2   8  22 
 777	2  15  22 
 775	2  44  35 
 779	2   8  14 
 781	2  15  14 
 775	2  32  20 
 777	2  33  45 
 779	2  47  31 
 781	2  30  29 
 779	2  26  20 
 781	2  25  10 
 781	2  34  20 
 781	6  47  39 
 783	2  37  36 
 783	2  21  23 
 785	2  37  35 
 783	2  18  20 
 785	2   7  16 
 785	2  19  20 
 787	6  44  36 
 787	2  12  20 
 787	2  21   9 
 789	2   7  22 
 787	2  33  31 
 789	2  32  11 
 791	2  26  11 
 791	2  24  23 
 791	2   8  21 
 791	6  39  38 
 793	2  15  21 
 795	2  24   9 
 795	2   7  14 
 797	2  16  22 
 793	6  44  43 
 793	6  34  13 
 799	6  24   9 
 799	2  36  29 
 801	2  37  29 
 799	6  12   4 
 799	6  40  27 
 803	6  29  28 
 805	2   8   9 
 805	2  34  39 
 809	2   7  21 
 807	2  34  41 
 805	2  13  11 
 807	2  38  17 
 809	2  40  39 
 811	2  34  46 
 813	2  33  17 
 815	2  40  41 
 813	2  38  44 
 815	2  38  29 
 815	2  15   9 
 815	2  18  11 
 817	6  32  25 
 817	2  19  11 
 817	2   7   9 
 817	2  34  27 
 817	2  40  46 
 817	2  30  23 
 823	2  25  10 
 819	6  15   8 
 819	6  44  38 
 819	6  20  12 
 819	6  48  34 
 819	6  30  23 
 825	6  39  27 
 831	2  48  47 
 825	2  44  43 
 831	2  20  27 
 825	2  23  24 
 827	2  15  23 
 829	2  16  14 
 831	2  16  21 
 825	2   4  11 
 829	2  36  30 
 831	2  37  30 
 827	2  12  11 
 831	6  33  32 
 833	2  44  35 
 833	2   8  23 
 835	2  16   9 
 835	2  44  28 
 833	6  27  20 
 837	2  36  24 
 839	2  22  14 
 837	2  40  39 
 839	2  27  41 
 839	2  32  38 
 829	6  11   3 
 835	6  11   5 
 841	6  32  31 
 841	2  40  47 
 841	2  11  20 
 843	2   5  20 
 841	2  15  36 
 843	2  22  21 
 845	2  22   9 
 845	2  48  34 
 843	6  36  35 
 847	2  48  45 
 847	2   7  23 
 849	6  46  34 
 849	2  14  21 
 849	2  16  23 
 851	2  22  23 
 853	2  14   9 
 849	6  37  31 
 845	6  19  11 
 851	6  35  28 
 855	2  48  32 
 857	6  48  46 
 857	2  31  24 
 857	2  21   9 
 859	2  26  10 
 859	2  37  29 
 861	2  27  34 
 861	2  37  43 
 863	2  40  48 
 863	2  37  36 
 861	2  14  23 
 863	2  13  10 
 863	6  28  22 
 865	2  27  39 
 865	2  18  10 
 867	2  40  45 
 867	2  11  10 
 867	6  31  24 
 869	2   4  10 
 869	2   8  22 
 871	2   7  22 
 871	2  12  10 
 869	6  41  27 
 873	2  44  30 
 873	2   3  10 
 875	6  27  19 
 875	2  21  23 
 877	2  16  22 
 877	2  37  35 
 879	2  28  22 
 875	2  41  47 
 879	2  37  30 
 877	2  41  48 
 879	2  40  32 
 875	6   4   2 
 879	6  24  17 
 881	2  14  22 
 883	2  21  22 
 881	2   4  20 
 883	2  27  19 
 885	6  17   8 
 885	2  27  34 
 887	2  27  39 
 889	2  33  20 
 889	6  46  45 
 891	2   9  23 
 891	2   5  19 
 893	2   4  19 
 893	2  15   8 
 881	6  42  35 
 887	6  28  21 
 891	6  40  32 
 897	2  25  20 
 899	2  44  31 
 899	2  26  20 
 897	6  48  47 
 901	2  37  31 
 901	2  33  19 
 903	2  17   8 
 903	2  27  48 
 895	6   6   5 
 903	6  44  29 
 909	2  41  46 
 905	2  13  20 
 907	2  18  20 
 909	2  25  19 
 909	2  15  29 
 911	6  41  39 
 911	2  11  20 
 913	2   9  22 
 917	2  45  24 
 915	2   7   8 
 919	2  17  29 
 919	2  45  38 
 913	6  20   6 
 919	2  20  34 
 921	6  41  20 
 921	2  16   8 
 921	2  45  44 
 923	2  45  43 
 925	2  45  36 
 923	2  23  22 
 927	6  37  22 
 927	2  41  20 
 929	2  32  24 
 929	2  41  48 
 931	2  39  40 
 929	2  26  19 
 931	2  13  19 
 923	6   8   7 
 919	6   5   4 
 933	6   6   5 
 933	2   8  29 
 933	2  18  19 
 935	2  45  42 
 935	2  21   7 
 937	2  16  29 
 937	2  32  38 
 935	2  11  19 
 937	2  14   7 
 931	6  34  27 
 937	2  34  47 
 939	6  19   4 
 939	2  45  30 
 941	2  15  22 
 943	2  28   7 
 941	2  45  31 
 939	2  41  47 
 941	6  48  34 
 945	2  21  29 
 945	2   9   7 
 945	2  39  24 
 947	6  31  24 
 947	2  48  46 
 947	2   6  27 
 949	2  41  46 
 953	2  17  22 
 949	2   6  20 
 951	2  33  27 
 953	2  33  20 
 947	6  43  37 
 951	6  48  46 
 955	2  25  27 
 955	2   8  22 
 957	6  32  31 
 957	2   2   5 
 959	2  12   5 
 957	2  46  40 
 957	2  14  29 
 957	2  26  27 
 959	2  41  40 
 959	2  16  22 
 961	2   2   4 
 961	2  28  29 
 963	2   3   5 
 963	2  23   7 
 963	2  39  38 
 953	6  43  42 
 961	6  27  19 
 965	2  31  44 
 965	2  21  22 
 967	2  14  22 
 965	2  10   5 
 967	2  25  20 
 963	6  42  35 
 961	6  47  41 
 967	6  45  39 
 969	2  26  20 
 973	2  46  32 
 971	2  13  19 
 969	2  28  22 
 973	2  13  20 
 971	6  22   9 
 975	2  46  38 
 975	2  18  19 
 975	6  13   6 
 977	2  22  29 
 979	2  22   9 
 977	2  11  19 
 977	2  31  37 
 979	2  47  32 
 979	2  45  44 
 981	6  46  44 
 987	2  44  46 
 981	2  23  29 
 981	2  12   4 
 983	2  23   9 
 983	2  13  34 
 985	2  33  34 
 985	2   3   4 
 985	2  18  20 
 987	2  25  34 
 987	2  10   4 
 985	6  35  22 
 989	2   5   4 
 991	2  22   7 
 989	2  45  37 
 991	2  47  38 
 993	2  31  36 
 993	2  47  46 
 989	2  26  34 
 991	2  11  20 
 993	6  34  13 
 995	2  45  36 
 997	2  22  29 
 997	2  44  37 
 993	6  14   7 
 993	6  10   2 
 999	6  22   9 
 999	2  44  36 
 999	2  34  41 
1001	2  33  41 
 999	2   6  13 
1003	2  34  48 
 999	6  39  38 
1005	2  31  43 
1005	2  34  40 
1005	2  10  19 
1007	6  17   2 
1007	2  31  30 
1007	2  12  19 
1007	2  45  43 
1009	2  14  29 
1007	2  33  48 
1013	2   9  22 
1009	2  34  32 
1011	2  33  40 
1009	2  44  43 
1013	2  25  41 
1009	6  20  12 
1011	6  38  37 
1017	2  45  30 
1015	2  26  41 
1017	2   3  19 
1015	6  21  15 
1019	2  44  30 
1019	2  34  39 
1019	2  18  13 
1019	6   9   2 
1021	2  21  37 
1021	2  33  32 
1023	2  47  38 
1021	2  11  13 
1023	2  14  22 
1023	6  27   6 
1025	2  29  22 
1025	2  31  24 
1025	6  16   9 
1029	2  27  41 
1027	6  37  21 
1031	2  10  12 
1033	6  45  29 
1033	2  10  13 
1035	2  20  12 
1037	2   3  12 
1031	6  41  34 
1029	6  32  25 
1037	6  34  26 
1043	2  33  39 
1039	2  29  24 
1045	2  18  26 
1039	2  20  13 
1045	2  37  31 
1041	2  16  21 
1045	2  41  46 
1043	2   8  21 
1045	2   9  21 
1041	6  13   5 
1047	6  46  33 
1047	2   3   5 
1047	2  37  29 
1049	2  15  21 
1051	2   7  21 
1047	6  31  24 
1053	6  24  22 
1053	2  46  33 
1053	6   2   1 
1049	6  44  36 
1055	2  47  44 
1057	6  47  44 
1059	2  16  22 
1059	2  11  26 
1063	2  36  31 
1061	6  20  18 
1065	2  37  36 
1067	2  10  26 
1065	2  28  21 
1067	2  44  43 
1059	6   1   0 
1067	6  29  23 
1073	2  35  21 
1069	2  32  48 
1071	2  34  48 
1073	2  27  48 
1073	2  44  30 
1069	6  11   3 
1075	6  45  43 
1075	2   8  22 
1075	2  32  40 
1077	2  29  21 
1075	2  17  19 
1077	2  16  23 
1079	2   9  22 
1077	2  32  25 
1081	2  44  31 
1083	2  37  44 
1081	2  15  22 
1083	2   7  22 
1077	2  13  19 
1079	2  18  26 
1081	2  34  40 
1083	2  32  39 
1081	2   4  19 
1083	6  26  18 
1085	2  28  22 
1087	2  35  22 
1089	6  26  20 
1089	2   8  23 
1089	2  11  18 
1091	2   0  21 
1093	2   9  23 
1093	2  14  21 
1085	6  41  39 
1091	2  39  38 
1095	2  15  23 
1095	2  32  33 
1097	2  29  22 
1093	2  46  38 
1097	2  39  47 
1097	2  34  25 
1097	6   8   0 
1099	2  34  41 
1099	2  39  45 
1099	2  17  12 
1101	2  27  40 
1101	2  13  12 
1089	6  43  42 
1099	6  36  21 
1103	2  46  47 
1103	2  27  25 
1105	2  42  36 
1105	2  34  33 
1105	2  46  45 
1105	2  17   5 
1107	6  43  42 
1107	2  39  30 
1109	2  27  41 
1111	2  27  33 
1109	2  16  21 
1111	2  46  30 
1113	2   0  21 
1107	2  13   5 
1113	2  39  31 
1115	2   9  21 
1115	2  46  31 
1109	2   4  12 
1111	2  19  12 
1113	2   4   5 
1115	2  19   5 
1113	6  48  41 
1117	2  17  18 
1117	2  12   5 
1117	2  32  38 
1119	2  26  41 
1119	2   7  23 
1121	2  26  40 
1121	2  28  23 
1119	6  11   3 
1123	2  24  36 
1123	2  15  21 
1125	6  44  39 
1125	2  13  18 
1125	2   8  22 
1127	2   7  21 
1129	2  28  21 
1127	2  26  25 
1129	2   4  18 
1123	6  41  34 
1129	6  34  27 
1131	2  19  18 
1133	2  12  18 
1131	2  32  47 
1131	2  37  44 
1133	2  32  45 
1131	2  14  22 
1135	6  24  16 
1135	2  11  27 
1135	2  37  46 
1137	6  27  11 
1141	2  43  22 
1129	6   1   0 
1135	6   2   1 
1137	6  39  38 
1137	6  48  47 
1143	2  35  23 
1143	2  27  40 
1143	2  10  11 
1145	6   9   2 
1145	2  32  30 
1147	2  26  47 
1145	2  35  21 
1147	2  29  23 
1149	2  29  21 
1149	2  41  39 
1149	2  20  11 
1151	6  46  45 
1151	2  16  22 
1151	2   3  11 
1151	2  41  48 
1153	2  36  22 
1151	2  27  25 
1153	2  26  33 
1155	2  32  31 
1153	2  17  11 
1157	2  24  38 
1155	2  13  11 
1157	2   4  11 
1153	6  48  41 
1155	6  43  29 
1159	2  48  46 
1159	2  19  11 
1155	6  15   9 
1161	6  40  26 
1161	2  12  11 
1161	2   8  23 
1163	2  14  23 
1165	2   8  21 
1167	6  26  12 
1167	2  14  21 
1167	2  29  23 
1169	2  16  23 
1171	2  36  23 
1173	6  38  35 
1173	2  22  23 
1173	2  10  12 
1175	2  20  12 
1177	2   3  12 
1167	6  48  47 
1173	6  48  34 
1179	2  48  39 
1181	2  40  39 
1179	2  27  34 
1179	2  17  12 
1181	2  10  25 
1181	2  13  12 
1179	2  29  21 
1181	6  44  30 
1187	2  16  21 
1189	2  36  21 
1191	2  24  30 
1191	2  22  21 
1183	2  48  41 
1183	2  27  33 
1183	2   4  12 
1185	2  19  12 
1187	2  26  12 
1193	2  37  32 
1189	6  34  27 
1189	6   9   3 
1185	6  47  46 
1195	2  46  44 
1195	2  20  25 
1197	6  46  38 
1197	2   5  18 
1197	2  40  41 
1197	2  23  21 
1199	2   9  25 
1201	2  17  25 
1199	6  35  21 
1203	2  38  31 
1203	2   5  11 
1203	2  48  47 
1201	6   8   2 
1205	2  34  39 
1205	2   5  12 
1205	6  30  22 
1207	2  40  47 
1211	2  24  45 
1213	2  15  21 
1213	2  37  38 
1213	2  13  25 
1209	2  34  41 
1207	6   3   1 
1213	6  48  47 
1215	2  24  32 
1217	2  24  38 
1215	2  15  22 
1217	2   8  21 
1215	6  27  13 
1219	2  47  44 
1219	2   8  22 
1219	2  18  11 
1221	6  45  36 
1221	2  10  13 
1221	2  34  48 
1223	2  20  13 
1223	2   4  25 
1225	2  19  25 
1221	6  21   7 
1225	6   9   3 
1227	2  18  12 
1231	2   1   7 
1227	2  47  31 
1233	2  21   7 
1229	2  11  12 
1229	2  26  25 
1229	6  47  44 
1231	6  25  10 
1237	2   5  10 
1235	2  28   7 
1235	2  40  47 
1235	2  37  44 
1237	2  25  33 
1237	6  46  37 
1239	2  18  10 
1241	2  11  10 
1237	6  23  15 
1231	6  27  20 
1239	2  27  33 
1239	6  13   5 
1243	2   1  22 
1245	2   3   5 
1243	2  25  39 
1245	2  27  39 
1245	2  23  36 
1245	6  14   7 
1247	2  34  47 
1247	2  17   5 
1249	2  25  41 
1247	6  37  29 
1251	2  12  10 
1251	2  27  41 
1251	6  15   8 
1253	2  20   5 
1253	2  40  31 
1257	2  21  22 
1255	2  46  40 
1255	2   4   5 
1257	2  34  31 
1257	6   7   1 
1259	2  19   5 
1259	2  23  32 
1261	2  23  38 
1261	2  26   5 
1253	6  43  35 
1263	6  41  25 
1263	2  15  36 
1265	2  28  22 
1263	2  13   5 
1267	2  29  14 
1269	6  33  27 
1269	2  35  14 
1271	2   2  14 
1273	2   1  14 
1275	2  29  22 
1277	2  35  22 
1269	2  18   5 
1269	2  41  48 
1275	2  33  48 
1271	2  11   5 
1277	2  41  47 
1273	2  12   5 
1275	2  10   5 
1277	6  19   3 
1271	6  44  38 
1277	6  32  24 
1283	6  41  39 
1289	2  32  38 
1283	2  19  27 
1279	6  22   7 
1285	2  22  36 
1285	2   2   7 
1287	2  21  36 
1289	2  28  36 
1291	2  23  38 
1293	2  39  31 
1293	2  29  36 
1287	2   1   7 
1285	6  27  19 
1291	2  27  41 
1293	2  17  19 
1289	6   8   2 
1295	2  15  24 
1295	2  35  36 
1295	2  20  19 
1295	2  33  47 
1297	6  28  15 
1297	2   4  19 
1297	2  32  40 
1299	2  27  25 
1301	2  46  34 
1297	6  37  30 
1301	6  25  17 
1303	2  30  14 
1303	2  46  39 
1305	2  28  44 
1303	6  41  27 
1307	2  22  24 
1307	6  44  35 
1309	2  16  14 
1309	2  41  48 
1311	2  41  47 
1309	2  25  27 
1311	2  25  17 
1311	2  20  27 
1299	6   6   4 
1305	6   4   3 
1311	6  30  22 
1313	2   6  27 
1315	2  32  34 
1315	2   4  19 
1317	6  22  15 
1317	2  32  39 
1319	2  33  31 
1323	2  20  17 
1313	6  45  44 
1313	6  48  47 
1317	6  36  28 
1325	2  26  19 
1325	2  15   7 
1323	2  36  38 
1325	2  30  35 
1321	6  47  41 
1327	2  21  24 
1325	6   6   4 
1329	2  30  38 
1329	2  25  41 
1331	2   6  27 
1331	2  22  24 
1327	6  44  43 
1329	6   8   7 
1333	2  46  33 
1333	2  13  19 
1333	2   4  17 
1333	2  21  35 
1335	6  39  23 
1341	2  47  31 
1341	2  16   8 
1335	2  26  27 
1337	2  13  27 
1339	2  18  19 
1341	2  11  19 
1335	6  43  36 
1339	6  13   6 
1343	2  39  40 
1343	2  22  35 
1343	2  18  27 
1343	6  45  37 
1345	2  12  19 
1347	2  20  41 
1343	6   8   1 
1345	6  28  21 
1349	2  39  34 
1345	6  10   4 
1345	6  24  23 
1349	6  19  13 
1351	2  46  47 
1351	2  32  33 
1351	2  29  23 
1353	2  39  24 
1353	2  29  35 
1351	6  21  14 
1355	2  32  47 
1355	2  19  17 
1349	6  44  43 
1355	6   6   4 
1357	2  39  33 
1357	2  37  23 
1361	2   6  13 
1359	2  26  17 
1359	2  39  47 
1357	2   7  14 
1361	2   7  23 
1359	6  45  44 
1363	2   8  14 
1363	2   4  17 
1359	6  36  28 
1361	6  48  33 
1365	2  36  38 
1365	2   5  13 
1365	2   8  23 
1367	6   7   1 
1367	2  11  27 
1367	2  22  38 
1369	2  37  35 
1371	2  29  38 
1373	2  15  14 
1369	2  25  33 
1373	2  45  40 
1371	2  18  17 
1373	2  25  31 
1369	6  27  20 
1373	6  17  10 
1375	2  27  33 
1375	2  37  38 
1379	2  11  10 
1375	2  15  23 
1375	2  28  21 
1381	2  12  20 
1377	2  28   7 
1383	2   6  20 
1381	2  16  14 
1383	2  16  23 
1383	2  28  14 
1377	6  41  34 
1377	6  31  25 
1377	6  44  37 
1379	6   2   1 
1383	6  45  40 
1385	2   5  20 
1389	2  40  41 
1385	2  28  23 
1387	2  27  25 
1387	2  12  10 
1391	2  46  31 
1393	2  37  21 
1389	2  13  20 
1391	6  34  19 
1395	2  30  45 
1389	6   9   1 
1391	6   6   4 
1395	6  15   7 
1397	2  32  31 
1397	2  36  45 
1397	2  17  19 
1399	2  40  24 
1401	2  17  33 
1399	6  43  28 
1403	2  39  31 
1403	2  34  19 
1405	2  40  48 
1403	2   4  10 
1405	2  17  25 
1395	6   2   1 
1401	6   7   1 
1407	2   5  10 
1407	2  34  33 
1409	6  10   4 
1409	2  40  47 
1409	2  26  19 
1411	2  34  25 
1413	2  26  33 
1405	6  37  22 
1411	2  37  45 
1411	2  22  15 
1413	2  22  14 
1415	6  41  38 
1421	2  30  38 
1415	2  26  25 
1417	2   6  19 
1419	2  13   4 
1421	2  18  19 
1421	2   9  21 
1421	6  33  27 
1423	2  22  23 
1423	2  36  38 
1425	2  30  24 
1425	2   9  15 
1425	2  28  21 
1421	6  48  47 
1427	6  30  24 
1427	2   9  14 
1427	2  46  33 
1429	2  32  33 
1429	2  28  15 
1431	2  39  33 
1431	2  28  14 
1427	2  11  19 
1433	2  21  15 
1433	2  36  30 
1429	2  12  19 
1431	2  10  19 
1433	2   6  27 
1433	6  47  39 
1435	2   9  23 
1435	2  21  14 
1435	2  18  27 
1437	2  28  23 
1437	2  11  27 
1439	6  35  28 
1439	2  15  14 
1439	2  24  39 
1441	2  40  31 
1445	2  29  45 
1443	2  40  33 
1439	2   5  19 
1441	2  20   4 
1447	2  37  38 
1449	2  29  38 
1451	2  37  30 
1453	2  29  30 
1453	2  44  45 
1443	2  13  19 
1445	2  20  19 
1447	2   4  19 
1449	2  12  27 
1441	6  14   8 
1451	6  12   6 
1455	2   7  28 
1455	2  44  38 
1445	6  48  40 
1451	6  27  20 
1449	6  25  17 
1451	6  47  41 
1457	2  12  17 
1459	2  46  25 
1461	2  24  40 
1463	2  18  17 
1457	2  14  28 
1463	2  46  34 
1459	6   6   4 
1459	6  28   7 
1465	6  46  40 
1465	2   1   7 
1467	2  16   7 
1465	2  32  25 
1469	2  24  31 
1465	6  20  12 
1465	6  43  28 
1471	6  27  20 
1471	2  36  39 
1473	2  37  39 
1475	2  28   7 
1471	2  11  17 
1473	2   4  17 
1475	6  40  25 
1481	2  32  34 
1481	2  21  23 
1477	2  10  12 
1479	2   5  12 
1483	2  22   7 
1483	2  25  26 
1485	2  15  23 
1483	2  41  40 
1481	2  13  12 
1487	2   8  23 
1483	2  20  12 
1485	2  32  26 
1485	2  41  34 
1487	2  48  40 
1485	2   6  12 
1487	2  19  12 
1477	6  44  36 
1483	6  45  43 
1489	6  12   5 
1489	2  25  27 
1489	2  36  30 
1489	2  45  47 
1491	2  48  34 
1491	2  25  18 
1491	2  45  43 
1493	2  24  33 
1493	2  44  46 
1489	2   9   7 
1495	6  44  39 
1495	2  10  17 
1497	2  12  17 
1499	6  17   4 
1501	2  39  31 
1501	2  29  44 
1503	2  37  46 
1491	6  14   7 
1497	6  15   7 
1495	6  34  26 
1501	2  41  34 
1503	6  41  27 
1505	2  45  38 
1507	2  37  31 
1503	6  22  15 
1505	6  25  18 
1509	2  39  33 
1511	2  45  30 
1513	2  24  40 
1515	2  32  41 
1509	2  13   4 
1511	2  20   4 
1515	2  18  11 
1517	2  18  17 
1517	2  27  41 
1513	2  36  44 
1517	2   6   4 
1515	2  45  44 
1515	2  35  14 
1517	2  21  14 
1519	6  47  31 
1525	2  32  25 
1527	2  24  26 
1519	2   7  14 
1527	2  39  40 
1521	2   8  14 
1517	6  44  36 
1529	2  27  25 
1525	6  43  29 
1523	6   9   1 
1529	6  48  40 
1531	2  18  10 
1531	2  22  31 
1533	2  22  29 
1533	2  19   4 
1529	6  46  45 
1533	6  31  24 
1535	2   5   4 
1535	2  43  45 
1537	2  18  12 
1539	2  32  11 
1541	2  40  34 
1543	2  40  41 
1537	2  44  45 
1541	2  46  45 
1541	2   9  24 
1543	2  16  24 
1535	6  29  22 
1543	2  29  38 
1545	6  24  21 
1545	6  47  46 
1541	6  12  11 
1547	2  27  12 
1543	6   8   1 
1549	6  27  12 
1551	2  43  46 
1553	2  29  30 
1553	2  44  46 
1549	6   1   0 
1553	6  32  25 
1555	2  47  46 
1555	2   9  22 
1557	2  16  22 
1555	6  38  37 
1559	2  25  17 
1559	2  28  21 
1557	6  48  47 
1561	2  12  17 
1561	2  38  33 
1563	2  39  26 
1563	2  23  14 
1563	6   6   3 
1565	2  31  34 
1569	2  18  13 
1567	2  40  32 
1567	2  29  36 
1571	2  25  10 
1565	2  15  21 
1569	2  28  22 
1571	2  29  45 
1569	6  40  34 
1573	2  15  22 
1573	2  25  11 
1573	6  45  43 
1575	2  34  27 
1577	2  18  20 
1575	2   8  21 
1577	2   8  22 
1575	6  32  31 
1579	2  35  21 
1579	2  12  10 
1579	6  46  44 
1581	2  24  21 
1583	2  18   3 
1585	2  45  33 
1587	2  46  33 
1589	2  48  33 
1585	2  12  11 
1583	2  35  22 
1585	2   7  21 
1587	2  24  22 
1589	2  18  19 
1591	2  38  47 
1589	2   0  21 
1593	2  25  13 
1595	2  38  26 
1591	2   7  22 
1587	6  10   3 
1593	6  22   9 
1597	2  12  13 
1597	2  32  41 
1599	6  11   5 
1599	2  23  21 
1601	2  25  20 
1599	2  39  40 
1601	2  22  37 
1603	2  22  30 
1605	2  18  11 
1603	2  45  47 
1605	2  22  36 
1605	2  32  31 
1603	2   0   9 
1605	2  46  47 
1603	6  34  26 
1607	2  48  47 
1609	2  12  20 
1607	2  16  37 
1609	2  16  30 
1611	2  26  17 
1609	2  39  41 
1609	2  14  21 
1611	2  28  37 
1613	6  23  15 
1619	2  29  44 
1621	2  22  43 
1613	2  25  10 
1615	2  32  27 
1615	2  12  10 
1617	2  18   4 
1619	2  25  19 
1621	2  25  11 
1617	6  47  34 
1623	6  37  22 
1623	2  25   4 
1629	2  45  47 
1629	2  32  17 
1631	2  39  31 
1631	2  37  44 
1631	2  23  22 
1625	2  12  19 
1631	2  18  25 
1625	6  34  27 
1605	6   1   0 
1631	6  10   3 
1633	2  38  40 
1635	2  45  40 
1633	2   8  22 
1635	2  28  30 
1633	6  26  19 
1639	2  12  11 
1637	2  38  41 
1639	2  46  47 
1637	2  35  22 
1639	2  15   9 
1639	2  23  30 
1639	6  34  32 
1641	2  12   4 
1643	2  19  10 
1641	2  48  47 
1639	6  36  28 
1641	6  30  23 
1647	2  38  31 
1645	2  18  12 
1647	2  19   5 
1645	2  14   9 
1649	2  19  13 
1651	2  19  20 
1647	2  16  28 
1649	2   8  23 
1645	2  46  40 
1649	2  36  28 
1653	2  19   3 
1655	2  19  26 
1651	2  35  23 
1647	2  48  40 
1649	2  39  32 
1655	2  24  22 
1651	6   8   7 
1651	6  45  39 
1653	6  43  36 
1657	2  39  41 
1657	2  19  11 
1659	2  39  31 
1661	2  25  12 
1657	2   8  22 
1661	2  46  41 
1663	2  48  41 
1659	2  21   9 
1663	2  19   4 
1665	2  18  19 
1661	2  30  28 
1663	2  24  23 
1665	2   8  23 
1667	2   7  28 
1669	2  35  28 
1667	2  25  19 
1669	2  12  19 
1669	2  38  32 
1665	6  34  27 
1665	6  48  47 
1667	6  23  16 
1673	2  23  36 
1675	2   1  22 
1677	2  23  44 
1671	2  39  32 
1679	6  28   7 
1685	2   1  16 
1685	2  43  36 
1671	6  27  19 
1679	6  33  31 
1685	2  46  33 
1687	6  40  34 
1687	2  19  10 
1687	2  29  31 
1689	2  15  22 
1687	2  43  44 
1689	2  37  31 
1689	2  19   5 
1691	2  19  13 
1691	2  23  31 
1691	6   8   7 
1697	2  15  16 
1693	2  46  32 
1693	2  19  20 
1693	2  30  36 
1695	2  43  31 
1697	2  47  33 
1699	2  19   3 
1697	2  30  44 
1701	2  24   8 
1703	2  14  22 
1703	2  19  26 
1703	2  30  31 
1699	6  43  35 
1699	6  45  40 
1705	6  48  33 
1705	2  29  45 
1705	2   7   8 
1705	2  19  11 
1707	2  37  45 
1707	2   1   8 
1707	2  21  22 
1709	2  28  36 
1709	2  15   8 
1709	6  38  24 
1711	2  43  36 
1711	2  19   4 
1711	6  21   7 
1717	2   9  22 
1715	2  47  32 
1715	2  18  19 
1719	2  38  36 
1717	2  25  19 
1719	2  14  16 
1719	2  12  19 
1721	6  45  29 
1727	2  23  29 
1721	2  27  19 
1729	2  21  36 
1721	6   7   1 
1717	6  40  33 
1729	2  33  17 
1727	6  46  45 
1731	2  35  29 
1731	2  24  17 
1731	2  14   8 
1731	6  33  12 
1733	2  30  29 
1735	2  28  44 
1737	2  28  31 
1737	2  43  44 
1737	2  12  10 
1737	6  47  34 
1739	2  38  44 
1739	2  12   5 
1739	2  28  29 
1739	2  24  10 
1741	2  12  13 
1741	2  43  31 
1739	6  15   7 
1743	2  12  20 
1743	2  46  40 
1743	2  43  29 
1743	2  38  31 
1745	6  36  21 
1751	2  15  21 
1745	2  46  47 
1745	2  12   3 
1747	2  12  26 
1749	2  12  11 
1751	2  12   4 
1747	2  46  41 
1749	2  46  48 
1751	2  37  40 
1745	6  24  17 
1753	6  17  11 
1759	2  18  12 
1753	2  46  32 
1761	2  11   5 
1755	2  38  29 
1757	2   7  21 
1757	2  36  44 
1759	2  36  31 
1763	2  11  13 
1761	2  39  24 
1761	2  36  29 
1765	2  11  20 
1759	2  14  21 
1761	6  21  15 
1763	6  40  37 
1769	2  40  47 
1769	2  25  12 
1771	6  26  10 
1771	6  13   5 
1769	6  44  28 
1775	2  21  28 
1771	6  31  23 
1775	6  47  46 
1777	2  11   3 
1781	2  40  41 
1777	2   1  16 
1779	2  11  10 
1779	2   1   8 
1781	2  45  24 
1783	6  45  24 
1777	6  27  13 
1783	6  20   5 
1781	6  28  14 
1787	2   7  14 
1783	6  41  34 
1789	6  46  45 
1789	2   1  15 
1789	2  11  17 
1791	2  11   4 
1789	2  31  37 
1789	2  40  48 
1791	2  40  32 
1791	2   9  16 
1791	2  28  14 
1793	2  18  11 
1793	2   9   8 
1793	2  21  23 
1795	6  39  18 
1795	2  21  29 
1797	2   1  14 
1799	6  29  21 
1801	2  18  26 
1803	2  18  27 
1801	2  31  45 
1799	6   2   1 
1805	2  25  11 
1805	2  22  16 
1807	2   7  23 
1807	2  33  12 
1803	6  45  43 
1809	2  22   8 
1811	2  16   8 
1809	2  18  20 
1811	2  18   5 
1809	2  35  37 
1811	2  35  43 
1811	2  30  37 
1809	2  41  46 
1811	2  47  46 
1811	6  33  27 
1813	2   7  21 
1813	2  18   3 
1815	2  18  10 
1815	2  13  12 
1813	2  30  43 
1815	2  44  37 
1815	2  28  23 
1813	6  48  46 
1817	2  24  26 
1819	2   2  23 
1819	2  40  48 
1819	2  19  12 
1817	2  44  43 
1819	6  44  35 
1821	2   9  15 
1821	2  24  33 
1823	2  27  11 
1825	2  31  34 
1827	2  31  46 
1823	2  22  15 
1829	2  31  32 
1825	2  16  15 
1825	2  13  11 
1827	2  18  17 
1825	2  28  21 
1827	2   8  15 
1829	2  45  37 
1829	2   9  14 
1829	2  19  11 
1829	6  47  34 
1831	2  12  11 
1831	2  38  37 
1833	2  36  37 
1831	2   9  23 
1833	2  22  14 
1833	2  18   4 
1835	6  39  31 
1835	2  22  23 
1837	2  16  14 
1835	2  41  26 
1839	2  16  23 
1839	2   8  14 
1837	2  34  26 
1835	6  45  44 
1839	6  41  26 
1841	2   8  23 
1845	2  26  33 
1841	2  44  43 
1847	2  34  33 
1843	2  38  43 
1849	2  39  48 
1851	2  31  18 
1845	2  36  43 
1851	2  40  41 
1843	2  15  14 
1843	6   9   2 
1845	6  21   7 
1851	2   9   7 
1847	6  43  35 
1851	6  46  45 
1853	2  25  18 
1855	2  27  18 
1857	2  13  18 
1857	2  46  47 
1859	2  19  18 
1853	2   2   7 
1853	2  29  37 
1859	2  40  33 
1855	2  29  35 
1857	2  21  37 
1859	2  46  45 
1859	2  21  35 
1859	6  37  30 
1861	2  12  18 
1861	2  46  32 
1863	2  11  18 
1863	2  39  41 
1855	6  16   9 
1865	6  47  44 
1865	2  22   7 
1867	2   9   7 
1869	2   8   7 
1865	6  24  18 
1871	6  48  40 
1871	2  37  44 
1871	2  15  23 
1871	2  18  20 
1873	2  15   7 
1873	2  18   5 
1875	2  26  20 
1877	2  26   5 
1879	2  18   3 
1873	2  37  45 
1875	2  43  44 
1877	2  43  45 
1879	2  46  40 
1875	2  28  30 
1879	2  28  35 
1877	6  30  15 
1881	2  46  41 
1881	2  18  10 
1879	6  13   5 
1883	2  37  32 
1883	2  16  15 
1885	6  26   5 
1885	2   2  15 
1887	2  22  15 
1889	2   9  15 
1881	6  35  28 
1883	6  48  41 
1887	6  43  36 
1891	2  18  17 
1891	2  34  20 
1891	2   5   3 
1891	2   8  15 
1889	6  28  21 
1893	2   5  10 
1893	2  47  44 
1895	6  34  20 
1895	2  16  21 
1895	2  47  45 
1897	2  38  44 
1899	2  38  45 
1897	2  14  23 
1899	2  14   7 
1895	6   5   3 
1897	6  48  47 
1901	2  43  44 
1901	2  18   4 
1901	2  20  13 
1901	2  30  15 
1901	2  39  33 
1901	6   2   1 
1903	2  20   5 
1903	2  41  34 
1903	2  43  45 
1905	2  37  40 
1903	2  14  15 
1905	6  21  16 
1911	2  29  44 
1913	2  31  18 
1907	6  41  34 
1905	6  20  13 
1907	6  47  46 
1911	6  13   5 
1915	2   3  17 
1915	2  39  41 
1913	6  44  36 
1917	2   5  10 
1917	2  34  20 
1917	6  39  32 
1919	2   1  16 
1921	2   5  17 
1919	2  28  36 
1921	2  35  36 
1919	6  45  44 
1923	2  22  16 
1923	2  47  33 
1923	2   3   4 
1925	6  34  20 
1925	2  29  44 
1927	2  37  46 
1925	2   9  16 
1929	2  45  39 
1925	2   5   4 
1929	2  23   7 
1927	6  10   3 
1931	2  23  15 
1933	2   7  15 
1931	2  45  40 
1931	2  25  18 
1933	2  48  39 
1931	2  20  13 
1933	2  27  18 
1929	6  36  28 
1935	6  28  22 
1935	2  32  34 
1937	2  26  18 
1937	2  38  39 
1939	2  45  46 
1939	2  48  40 
1941	2  38  40 
1939	2  19  18 
1941	2  12  18 
1941	2  21  22 
1941	2   8  16 
1935	6  43  36 
1933	6   4   3 
1943	6  33  32 
1943	2  43  44 
1943	2  30  16 
1943	2  20   4 
1945	2  20  17 
1947	2   1  22 
1949	2  36  39 
1951	2  37  32 
1951	2  47  41 
1953	2  31  10 
1953	2  47  34 
1947	6  20  13 
1951	6  28  21 
1955	2  11  18 
1955	2  33  20 
1955	2  48  46 
1955	6  44  36 
1961	2  35  36 
1957	2  25  10 
1957	2  21  22 
1959	2  24  18 
1961	2  45  32 
1959	2   9  22 
1961	2   8  22 
1957	6  47  41 
1957	6  13   5 
1961	6  18  10 
1963	2  28  36 
1963	2  38  46 
1965	2  30  22 
1967	6  25  13 
1967	6  36  28 
1965	6  47  45 
1973	6  39  37 
1973	2  27  18 
1975	2  14  16 
1977	2  14  22 
1975	2  26  18 
1977	2  19  18 
1973	2   5   3 
1963	6   1   0 
1975	6   5   4 
1979	2  39  45 
1979	2  23  16 
1975	6  41  34 
1979	6   8   0 
1981	2  34  20 
1983	2  12  18 
1981	2  23  22 
1981	2  47  45 
1983	2  29  37 
1983	2  39  41 
1985	6  28  21 
1985	2  43  37 
1985	2   7  16 
1987	2  15  16 
1985	2  11  18 
1987	2  24  18 
1989	2  10  18 
1991	2   7  22 
1985	2  47  41 
1991	2  35  37 
1985	6  39  32 
1987	6  47  41 
1993	2  15  22 
1993	2  48  39 
1993	2  36  37 
1993	6  17   4 
1995	2  48  45 
1997	2  48  47 
1997	2  38  39 
1999	2   8  21 
1999	2  31  25 
2001	2  28  21 
2001	2  31  17 
1997	6  34  20 
1999	6  46  44 
2003	2  13  25 
2003	2  16  22 
2005	6  13   5 
2005	2  27  25 
2005	2  38  45 
2005	2   9  21 
2007	2  32  34 
2007	2   0  21 
2009	2  46  40 
2009	2  26  25 
2009	2  30  21 
2009	6  16   8 
2011	2  46  44 
2013	2  46  39 
2011	2  14  21 
2011	2  19  25 
2013	2  12  25 
2015	2  11  25 
2011	2  41  34 
2017	2   5  17 
2019	2  24  25 
2013	2  48  34 
2015	2  38  47 
2017	2  46  45 
2021	2  10  25 
2019	2  46  47 
2015	6  27  20 
2023	2  20  17 
2017	6  37  29 
2021	6  46  40 
2027	2  37  46 
2029	2  23  21 
2029	2  43  46 
2031	2  16  29 
2025	2  18  25 
2025	6  27  13 
2031	2  33  27 
2031	6  39  38 
2033	2  13  27 
2033	2  28  29 
2035	2  26  17 
2035	2   7  21 
2035	6  36  35 
2037	2  39  34 
2037	2  15  21 
2039	2  32  27 
2039	2   8  21 
2035	6  12   4 
2041	6  19   3 
2041	2  40  34 
2041	2  37  44 
2043	2  37  38 
2045	2  43  44 
2047	2   3  17 
2047	2  41  27 
2047	2  43  38 
2041	2  22  21 
2043	6  29  22 
2041	6   8   0 
2049	2   9  22 
2049	2  37  45 
2049	2  33  12 
2051	2  33  19 
2051	2  43  45 
2051	2   8  22 
2053	6  21   0 
2053	2  13  12 
2055	2  13  19 
2053	2  31  33 
2055	2   4  17 
2057	2  48  27 
2057	2  11  17 
2055	6  45  37 
2059	2  24  17 
2059	6  33  12 
2061	2  30  22 
2063	2  14  22 
2065	6  41  27 
2065	2   5  12 
2065	2  10  17 
2067	2  18  17 
2069	2  25  17 
2065	2  23  22 
2067	2   7  22 
2069	2  15  22 
2061	6  46  45 
2069	2  36  45 
2071	6  45  43 
2077	2  39  41 
2079	2  46  47 
2081	2  40  41 
2083	2  45  47 
2077	2  35  43 
2071	2  20  12 
2073	2  26  12 
2083	2  32  33 
2075	2   3  12 
2085	2  46  34 
2077	2   4  12 
2079	2  11  12 
2071	2  21  22 
2073	2  29  22 
2085	2  24  12 
2069	6   7   0 
2079	6  43  35 
2085	6  35  14 
2087	2  10  12 
2087	2  27  33 
2089	2  32  19 
2087	6  47  45 
2091	2  27  19 
2093	2  46  41 
2095	2  47  34 
2093	2  18  12 
2091	2   7  22 
2093	2  36  44 
2095	2  36  38 
2093	2  16  14 
2095	6  18  13 
2097	2  36  37 
2099	2  43  44 
2097	2  47  41 
2099	2  28  14 
2095	6  23  16 
2101	2  25  12 
2101	2   9  14 
2103	2   8  14 
2103	2  31  18 
2101	6  44  36 
2105	2  31  32 
2105	2   5  18 
2099	6  48  34 
2105	6  48  46 
2107	2  23  36 
2107	2  34  33 
2109	2  30  14 
2107	2  20  18 
2109	2  26  18 
2111	6  32  27 
2111	2  28  36 
2117	2  39  33 
2111	2  44  45 
2113	2  35  14 
2115	2  16  14 
2117	2   0  14 
2117	2   3  18 
2113	6  45  44 
2109	6  13   5 
2111	6  48  41 
2115	6  36  28 
2119	2  40  33 
2121	2  43  38 
2121	2  41  33 
2119	2  15  14 
2123	2  47  33 
2119	2   4  18 
2121	2  11  18 
2123	2  17  12 
2125	2  45  46 
2125	2  31  32 
2125	2  34  19 
2127	2  31  34 
2129	2  13  27 
2129	2  23  38 
2121	2  21  14 
2123	6  28  21 
2125	6   4   3 
2131	6   6   4 
2131	2  36  38 
2133	2  29  14 
2133	2  45  48 
2131	2  20  27 
2133	2  26  27 
2131	2  24  18 
2135	2  43  37 
2135	2   7  14 
2135	6  32  19 
2137	2  22  14 
2139	2  23  37 
2135	6  47  41 
2141	6  38  23 
2141	2  13  19 
2143	2   6  27 
2147	2   9  21 
2147	2  39  32 
2147	2  43  44 
2149	2  31  39 
2149	2  10  18 
2149	2   8  21 
2149	2  36  37 
2145	6  27  13 
2151	6  46  45 
2151	2   9  23 
2151	2  27  34 
2151	2   5  18 
2151	2  40  32 
2153	2  20  19 
2155	2  20  34 
2155	2  25  18 
2153	2   8  23 
2155	2  30  21 
2155	6   8   0 
2157	2  30  23 
2157	2  27  39 
2159	2  31  40 
2157	2  17  18 
2159	2  26  19 
2161	2  26  34 
2161	2  43  45 
2153	6   5   3 
2159	2   5  13 
2161	2  11  13 
2163	6  34  27 
2163	2  35  21 
2163	2  12  18 
2163	2  47  32 
2165	2  35  23 
2165	2  38  44 
2167	2  31  47 
2167	2  36  44 
2165	6  13  11 
2169	2  38  45 
2169	2  34  40 
2169	2  16  21 
2171	6  41  33 
2171	2  16  23 
2171	2   6  19 
2171	2  36  45 
2173	2   8  21 
2175	2  15  21 
2173	2   5  19 
2175	2  13  19 
2173	6  45  43 
2177	2  28  21 
2177	2  24  11 
2177	6  27  20 
2179	2   8  23 
2179	2  45  48 
2183	2   6  20 
2179	2  10  11 
2181	2   3  11 
2185	2   5  20 
2181	2  46  41 
2181	2  15  23 
2183	2  33  32 
2185	2  31  33 
2183	2  29  21 
2185	2   7  21 
2183	6  48  47 
2187	2  22  21 
2187	2  13  20 
2187	2  25  11 
2183	6  16   9 
2185	6  44  36 
2189	2  24  19 
2189	2  14  21 
2189	2  34  48 
2191	6  37  30 
2191	2  17  11 
2193	2  10  19 
2191	2  46  32 
2193	2  34  33 
2195	2   3  19 
2189	6   8   0 
2195	6  41  39 
2197	2  25  19 
2197	2  16  30 
2201	2  27  41 
2201	2  31  46 
2203	2  38  47 
2199	2  12  11 
2201	2  18  11 
2203	2  17  19 
2205	6  20  11 
2205	2  45  39 
2205	2  28  23 
2207	2  45  32 
2207	2  29  23 
2209	2  38  39 
2209	2   7  23 
2205	6  41  34 
2211	2  26  34 
2211	2  31  45 
2211	6  15   8 
2213	2  27  40 
2215	2  27  48 
2213	2  24  11 
2215	2  10  11 
2209	6  36  28 
2215	6  43  29 
2217	2  26  40 
2219	2  27  33 
2219	2  12  19 
2217	6  14   9 
2221	2  18  19 
2223	2  15  30 
2225	2  38  32 
2223	2  20  19 
2223	2   3  11 
2225	2  16  28 
2219	6  48  41 
2225	6  20   6 
2227	2  15  28 
2227	2  25  11 
2227	2  44  47 
2229	2  16  29 
2229	2  48  46 
2223	6   1   0 
2229	6   7   1 
2231	2  20  34 
2231	2  17  11 
2233	2  12  11 
2233	2  26  41 
2231	2  37  30 
2233	2  37  28 
2231	6  46  39 
2235	2  26  33 
2235	2  15  29 
2235	2  18  11 
2235	6  13   5 
2237	2  44  46 
2239	2  37  29 
2237	6  34  18 
2241	2  35  30 
2243	6  33  27 
2243	2  22  23 
2243	2  31  38 
2243	2  35  28 
2245	2  14  30 
2247	2  35  29 
2243	2  13  18 
2245	2   5  18 
2247	2  24  18 
2239	6  47  46 
2245	6  48  47 
2249	2  33  39 
2249	2  10  18 
2249	2  14  28 
2249	6  27  20 
2251	2  47  45 
2251	2  14  29 
2251	2   3  18 
2253	2   6  11 
2253	2  44  32 
2255	6  30  21 
2255	2  27  40 
2257	2  27  41 
2259	2  19  11 
2257	6  46  45 
2261	2  27  20 
2261	2   7  21 
2263	2   8  21 
2263	2  26  39 
2265	6  22   8 
2271	2  36  21 
2265	2  33  46 
2267	2  27  39 
2269	2  25  18 
2271	2  17  18 
2269	6  34  13 
2275	2  47  38 
2273	2   7  28 
2275	2  12  18 
2275	2   9  23 
2275	6  43  35 
2277	2  34  40 
2279	2  34  41 
2277	2  13  18 
2277	2  30  23 
2279	2   6  18 
2275	6  14   7 
2281	6  45  31 
2281	2  19  18 
2287	2  45  44 
2287	2  16  31 
2283	2  34  20 
2281	2  35  21 
2283	2  11  18 
2281	6   7   1 
2287	2   7  21 
2285	6  40  26 
2289	2  14  29 
2285	6  13   5 
2291	6  46  40 
2291	2   8  21 
2293	2   9  21 
2295	2  15  31 
2297	6  48  39 
2297	2  22  28 
2299	2  22  29 
2301	2  36  28 
2291	6  26  18 
2303	2  34  48 
2305	2  46  40 
2307	2  47  44 
2297	2  13  18 
2303	2  35  28 
2299	2  24  18 
2301	2  10  18 
2303	2   3  18 
2305	2  25  18 
2307	2  17  18 
2297	6  14   7 
2309	2  12  18 
2305	2  14  28 
2311	2   5  18 
2309	2  37  31 
2313	2  43  31 
2307	6  15   1 
2309	6  41  27 
2313	6  12  10 
2315	2  33  38 
2317	2  46  38 
2317	2  41  40 
2315	2  36  29 
2317	2  35  29 
2313	6   8   7 
2317	6  25  24 
2319	2   7  28 
2323	2  30  21 
2319	2  34  40 
2323	2   6  18 
2319	6  45  44 
2321	6  48  34 
2325	2  15  31 
2325	2  19  18 
2327	6  29  14 
2327	2  33  45 
2333	2  23  21 
2329	2  46  45 
2329	2  13  27 
2331	2  13  20 
2333	2  13  34 
2335	6  27  19 
2341	2  25  19 
2335	2  29  14 
2337	2   7  14 
2325	6   4   3 
2331	6  39  38 
2337	2  41  39 
2339	2  48  39 
2337	6  30  16 
2343	6  14   1 
2343	2  11  18 
2345	2  12  19 
2343	2  30  38 
2345	2  30  32 
2347	2  44  30 
2347	2  25  20 
2349	6  28  14 
2349	2  25  34 
2349	2  12  20 
2351	2   4  19 
2353	2   4  20 
2355	6  27  13 
2355	2   9  14 
2357	2   9   1 
2359	2  16  14 
2355	6  36  28 
2349	6  47  45 
2355	2  41  47 
2357	2  48  47 
2351	6  31  30 
2357	2  45  31 
2361	6  30  22 
2361	2  27  40 
2363	2  27  39 
2365	2  25  40 
2367	6  45  36 
2367	2  24  19 
2369	2  16   1 
2373	2  25  39 
2373	2   8  22 
2375	6  25  24 
2375	2  30  22 
2375	2  45  38 
2377	2  37  38 
2379	2  43  38 
2377	2  28  22 
2375	6  47  41 
2375	6   8   1 
2375	6  20  11 
2381	6  20  12 
2381	2  35  22 
2387	2  25  11 
2387	2  20  34 
2389	2  23  14 
2389	2  27  41 
2383	6  38  36 
2389	6  36  28 
2391	2  17  19 
2393	2  10  19 
2381	6   1   0 
2395	6  34  20 
2395	2  15  28 
2397	2  23   8 
2399	2  17  11 
2399	2  21  14 
2389	6  39  32 
2401	2  10  11 
2395	2  45  39 
2397	2  44  45 
2399	2  37  39 
2401	2  44  37 
2403	2  38  45 
2403	2   4  20 
2401	2  29  22 
2403	2   7  22 
2401	6  33  32 
2405	2  38  37 
2405	2   5  19 
2407	2  26  18 
2409	2  34  40 
2407	2  32  31 
2409	2  25  20 
2405	2   9  22 
2407	2  21   8 
2411	2  32  45 
2413	2  32  37 
2409	2   5  11 
2409	2  14   8 
2411	2  16  22 
2413	2  23  22 
2411	6  20   4 
2415	2  46  31 
2415	2  21  22 
2411	6   7   0 
2415	6  41  33 
2417	2  46  45 
2417	2  17   4 
2421	2  47  31 
2419	2  10   4 
2419	2   6  19 
2417	2  14  22 
2421	2  13  19 
2421	2   5   4 
2419	6  21   0 
2423	2  34  41 
2423	2  46  37 
2423	2   6  11 
2421	6  16   9 
2425	2   6   4 
2425	2  47  45 
2423	6  26  20 
2427	2   7  28 
2425	6  32  31 
2431	2  48  32 
2429	2  13  11 
2431	2  13   4 
2429	2   8  22 
2427	6  44  43 
2433	2  27  32 
2431	6  16  15 
2435	2  12  19 
2435	2  30  28 
2435	6  45  39 
2441	2  24  33 
2443	2  48  39 
2445	2  27  39 
2437	2  12  11 
2439	2  12   4 
2447	2  44  45 
2447	2  34  33 
2447	2  20  19 
2437	2  36  28 
2439	2  35  28 
2449	2  43  44 
2441	2  29  28 
2443	2  21  28 
2449	2  26  40 
2445	2  15  28 
2451	6  45  37 
2451	2  24  32 
2451	2  20  11 
2457	2  38  44 
2453	2  25  40 
2455	2  26  41 
2457	2  25  41 
2459	6  47  45 
2459	2  26  33 
2461	2  20   4 
2463	2  34  32 
2463	2  18  19 
2447	6  22   7 
2453	6  28  15 
2459	2   9  15 
2461	2  23  15 
2463	2   0  15 
2459	6  43  35 
2465	6  40  27 
2465	2  16  37 
2467	2  22  37 
2469	2  30  37 
2467	2  18  11 
2469	2  18   4 
2471	2  24  39 
2471	2  19  11 
2473	2  19   4 
2469	2  14  15 
2471	2  36  37 
2473	2  31  44 
2475	2  43  37 
2477	2  46  44 
2475	2  26  32 
2479	2  29  37 
2481	2  45  47 
2483	2  45  44 
2477	2  25  33 
2479	2  25  32 
2483	2  48  47 
2475	2  11   4 
2471	2   8  15 
2473	2   7  15 
2479	6  27  12 
2475	6  23  16 
2481	2  35  23 
2483	2  35  22 
2485	2  40  47 
2485	2  38  23 
2487	6  37  22 
2493	2  31  23 
2487	6  41  26 
2475	6   8   0 
2481	6   7   0 
2495	6  33  24 
2495	2  38  37 
2495	2  21  22 
2497	2  28  22 
2487	6   1   0 
2493	6   9   7 
2485	6  11   5 
2493	6  20   6 
2497	6  46  44 
2503	2  44  23 
2505	2  35  30 
2503	2  33  47 
2505	2  48  46 
2505	6  32  25 
2507	2  35  36 
2507	2  38  30 
2509	2   7  22 
2509	2  40  46 
2509	2  35  43 
2511	6  35  21 
2511	2  17  12 
2511	2  31  37 
2513	2  31  30 
2515	2  44  37 
2513	2  10  12 
2515	2  11  12 
2511	2  33  46 
2515	2  34  39 
2515	6  25  17 
2517	2  38  36 
2519	2  41  39 
2519	2  21  29 
2521	2  31  36 
2521	2  34  47 
2523	2  25  26 
2525	2  25  24 
2521	2  16  22 
2523	2  38  43 
2523	2   8  22 
2523	2  41  47 
2517	2  20  12 
2519	2  13  12 
2527	2  10  26 
2529	2  25  17 
2529	2  27  12 
2525	2  21  35 
2527	2  21  28 
2529	2  38  29 
2531	6  39  32 
2531	2  44  30 
2533	2  44  36 
2531	2   6  12 
2533	2  18  12 
2535	2  19  12 
2533	2  14  22 
2535	2  21   7 
2535	6  45  37 
2537	2  39  32 
2537	2   5  12 
2539	2  10  24 
2537	6  26  20 
2541	2  10  17 
2541	2  38  35 
2543	6  38  23 
2549	2  23  28 
2549	2  39  47 
2551	2  23   7 
2553	2  31  43 
2555	2  25  32 
2543	2   4  12 
2555	2  37  38 
2545	2  11  20 
2555	2  21  16 
2551	6  48  40 
2547	6  19  13 
2553	6   7   1 
2557	2  26  20 
2557	2  11  24 
2557	2  37  45 
2557	6  48  47 
2559	2  21   8 
2559	2  19  20 
2561	2  27  20 
2559	2  37  30 
2559	2  11  17 
2561	2  44  43 
2561	2  31  29 
2563	6  40  38 
2569	2  37  36 
2563	2   6  20 
2563	2  23  16 
2565	2  18  20 
2565	2  23   8 
2567	2  13  20 
2567	2   9  22 
2569	2  21  14 
2569	2  34  46 
2567	6  24  18 
2573	2  26  18 
2571	2  21   9 
2573	2   7  22 
2571	2  41  46 
2573	2  38  40 
2575	6  31  30 
2575	2  21   7 
2581	2  38  45 
2581	2  23  14 
2583	2  37  43 
2585	2  38  31 
2575	2  47  40 
2577	2  33  40 
2579	2  34  40 
2575	2  19  18 
2581	2  41  40 
2587	2  39  46 
2577	2   5  20 
2581	2   4  20 
2583	2  15  22 
2583	2  26  17 
2587	2  30  35 
2589	2  47  45 
2585	2  19  17 
2591	2  39  40 
2587	2  12  20 
2591	2  44  29 
2593	2  21  15 
2589	2  27  18 
2591	2   6  18 
2593	2  24  18 
2593	2  38  36 
2593	6  48  34 
2595	2  30  28 
2597	2  44  35 
2595	2  13  18 
2597	2   5  18 
2597	2  23   9 
2599	6  27  11 
2599	2  21  22 
2599	2  38  43 
2601	2  47  31 
2603	2  37  29 
2605	6  30  22 
2605	2  33  45 
2605	2  11  17 
2607	2  25  34 
2609	2   4  18 
2605	6  13   6 
2607	6  47  45 
2611	2  12  18 
2611	2  22   1 
2609	6  33  32 
2613	2  22  16 
2615	2  32  31 
2613	2  48  47 
2615	2  22   8 
2613	2  20  18 
2615	2  41  47 
2613	6  44  35 
2617	2  39  47 
2619	2  45  36 
2617	2  22  14 
2617	6   8   1 
2621	2  35  28 
2623	2  38  29 
2615	6  17  11 
2621	2  13  11 
2619	6  48  47 
2617	6  33  26 
2623	2  10  26 
2625	6  32  31 
2625	2  45  43 
2631	2  47  32 
2625	2  22   9 
2627	2  37  44 
2627	6  18  10 
2625	6  20   6 
2627	6  21   8 
2629	6  37  36 
2633	2  25  46 
2635	6  47  46 
2635	2  23   7 
2637	2  23  15 
2639	2  24  11 
2635	2  36  28 
2639	2  35  21 
2635	2  27  26 
2637	2  38  44 
2637	2  33  26 
2639	6  38  37 
2641	2  22   7 
2641	2  25  40 
2643	2  22  15 
2645	2  31  38 
2647	2  37  28 
2643	2  18  34 
2645	2  27  34 
2647	2  20  11 
2647	2  33  34 
2645	6  16  15 
2651	2  36  21 
2649	2   5  11 
2649	2  41  32 
2651	2  19  26 
2653	2  23  30 
2655	2  22  30 
2651	2   4  11 
2653	2  19  34 
2651	2  39  32 
2655	2  17  26 
2653	6  45  43 
2657	2  13  26 
2655	6  47  41 
2659	2  43  29 
2659	2  24  26 
2661	2  31  45 
2659	2  12  11 
2661	2  20  26 
2663	2  43  44 
2665	2  43  28 
2667	2  31  29 
2661	2   6  11 
2663	2  10  11 
2657	6  15  14 
2663	6  26  13 
2661	6  48  40 
2663	6   7   1 
2665	6  46  45 
2669	2  35  14 
2669	2   5  13 
2669	6  34  18 
2675	2   4  13 
2671	2  45  38 
2673	2  45  46 
2675	2  47  38 
2675	2  17  18 
2671	6  35  14 
2677	2  37  21 
2677	2  12  13 
2677	2  47  46 
2677	2  26  18 
2677	2  34  41 
2679	6  45  44 
2679	2   6  13 
2679	2  25  40 
2679	2  14   7 
2681	2  14  15 
2681	2  25  32 
2681	2  10  13 
2679	2  36  35 
2683	2  14   9 
2683	2  24  18 
2681	2  34  48 
2683	2  27  41 
2681	6  36  29 
2685	2  14   1 
2685	2  31  45 
2685	2  34  40 
2685	2  20  18 
2687	6  43  35 
2687	2  39  38 
2687	2  14  16 
2687	2  27  48 
2689	2  14  30 
2689	2  39  46 
2689	2   5  18 
2689	2  33  41 
2691	2  25  38 
2691	6  22   7 
2693	2  37  43 
2693	2  11  13 
2695	2  44  36 
2695	2   4  18 
2693	2  33  48 
2695	2  27  40 
2697	6  16   9 
2697	2  12  18 
2697	2  44  45 
2697	2  29  22 
2699	2  35  21 
2697	2  34  32 
2699	2  25  46 
2701	2  31  28 
2697	6   7   1 
2699	6  41  34 
2703	2   6  18 
2703	2  44  28 
2705	6  31  28 
2705	2  19  34 
2707	6  34  19 
2711	2  28  21 
2713	6  37  21 
2713	2  33  40 
2713	2  17  19 
2719	2  29  15 
2715	2  34  48 
2717	2  34  40 
2717	2  26  19 
2721	2  29  16 
2723	2  24  19 
2723	2  21  22 
2723	2  35  43 
2719	6  47  45 
2725	6  25  17 
2725	2  20  19 
2725	2  21  15 
2725	2  45  36 
2727	2  35  22 
2727	2  45  47 
2729	2  28  43 
2729	6  40  27 
2731	2  44  37 
2731	2  21  16 
2733	2  28  22 
2733	2  10  18 
2733	2  45  31 
2733	6  14   7 
2739	2  29  14 
2735	2   5  19 
2737	2   4  19 
2735	2  44  43 
2741	2  21  14 
2735	2  40  32 
2737	2  33  32 
2739	2  34  32 
2741	2  39  36 
2739	2  12  19 
2743	2  41  38 
2745	2  40  38 
2741	2   6  19 
2747	2  39  47 
2749	2  41  46 
2743	2  11  18 
2751	2  45  37 
2745	2  10  19 
2747	2  11  19 
2749	2  13  18 
2751	2  13  19 
2743	6  35  22 
2749	2  22  15 
2751	2  22  16 
2749	6  42  35 
2753	2  39  31 
2753	2  18  19 
2753	2  22  14 
2751	6  48  34 
2755	2  28  15 
2755	2  45  43 
2755	6  24  18 
2757	2  44  42 
2757	2  40  46 
2759	2  33  38 
2759	6  28  15 
2761	2  25  34 
2763	2  25  27 
2753	6  13   5 
2765	6  45  36 
2765	2  15  16 
2765	2  26  34 
2767	2  15  14 
2771	2  36  42 
2771	2  33  46 
2759	6   6   4 
2765	6  12   6 
2769	6  15   9 
2773	2  44  28 
2775	2  39  37 
2773	2  26  27 
2767	6  24  17 
2775	6  34  19 
2777	2  29  15 
2779	2  21  15 
2779	2  29  30 
2781	2  21  30 
2781	2  18  19 
2783	6  31  24 
2783	2  22  15 
2785	2   9  15 
2783	2  20  19 
2785	2  13  19 
2783	2  36  28 
2787	2  12  19 
2789	2  22  30 
2789	2  18  27 
2777	6  45  39 
2785	2  45  43 
2791	6  45  42 
2791	2  20  27 
2791	2  25  32 
2793	2  13  27 
2795	2  12  27 
2793	6  32  25 
2797	2  42  45 
2791	6  21  16 
2799	6  44  29 
2805	2  42  28 
2799	2  31  39 
2801	2  41  39 
2799	2  26  25 
2805	2  31  47 
2807	2  41  47 
2801	2   6  19 
2803	2   4  19 
2807	2  18  25 
2807	2   9  30 
2809	6  27  11 
2809	2  31  24 
2815	2  10  19 
2809	2  40  39 
2811	2  40  47 
2809	2  29  21 
2811	2  31  37 
2813	2  31  43 
2815	2  33  39 
2817	2  33  47 
2815	2  36  21 
2817	2   6  11 
2817	2  29  14 
2819	6  48  40 
2819	2  29  15 
2821	2  42  21 
2819	2  20  25 
2819	2   4  11 
2821	2  31  45 
2821	2  10  11 
2823	2  29  30 
2821	2  27  19 
2823	2  13  25 
2825	2  40  38 
2825	2  12  25 
2823	6  21  14 
2827	2  27  11 
2827	2  40  46 
2829	6  22  14 
2829	2  32  38 
2831	2  32  46 
2833	2  40  39 
2829	2   5  19 
2831	2  17  19 
2833	2   5  11 
2823	6  42  35 
2833	6  25  20 
2839	2  31  28 
2841	2  36  21 
2841	2  17  11 
2835	2  40  47 
2841	2  32  39 
2839	2   6  20 
2841	6  20  19 
2843	2  32  47 
2843	2  36  15 
2845	2  35  21 
2845	6  33  24 
2845	6  45  37 
2847	6  35  28 
2851	2   4  19 
2853	2  28  15 
2853	2  34  20 
2851	6  38  24 
2855	2  41  33 
2855	6  13  11 
2857	2  48  33 
2857	2  36  30 
2859	2  26  24 
2855	6  21  15 
2859	6  46  41 
2861	2  18  24 
2865	2  38  33 
2867	6  46  44 
2873	2  44  45 
2867	2  26  41 
2869	2  25  24 
2869	2  34  13 
2871	2  31  22 
2871	2  10  19 
2873	2  11  24 
2873	2  20  13 
2873	2  40  33 
2873	6  29  21 
2875	2  44  43 
2875	2  26  39 
2877	2  26  47 
2877	2  44  37 
2875	6   6   4 
2879	2  32  33 
2879	2  27  19 
2879	2  48  45 
2881	6  24  11 
2881	2  38  45 
2887	2  28  30 
2881	2  26  33 
2883	2  40  45 
2887	2  12  11 
2885	6  44  43 
2889	2  31  15 
2889	2   4  11 
2885	6  48  47 
2885	6  34  26 
2891	6  28  15 
2891	2   6  11 
2891	2  47  44 
2893	2   5  19 
2893	2  38  44 
2897	2  43  35 
2895	2  32  45 
2897	2  17  19 
2893	6  41  34 
2897	6  38  37 
2899	2  10  11 
2901	2  18  34 
2903	6  34  18 
2909	2  31  29 
2911	2  31  30 
2911	2  25  18 
2897	6  47  46 
2903	6  46  44 
2909	2  40  46 
2911	6  45  40 
2913	2  24  18 
2915	2  12  18 
2911	6  43  35 
2915	6  30  22 
2917	2   4  18 
2917	2  34  39 
2919	2  34  48 
2919	2  25  39 
2917	6  35  28 
2921	2  32  46 
2923	6  27  25 
2923	2  44  38 
2925	2  28  30 
2929	2   6  18 
2927	2  28  35 
2929	2  28  29 
2925	2  44  43 
2927	2  37  38 
2929	2  37  43 
2923	2  41  40 
2929	2  34  33 
2925	6  47  46 
2931	6  39  32 
2931	2  44  30 
2931	2  26  19 
2933	2  28  22 
2931	2  41  47 
2933	2  27  48 
2937	2  25  11 
2935	2  44  35 
2937	2  37  30 
2939	2  45  38 
2939	2   5  11 
2941	2  45  43 
2939	2  20  19 
2937	2  34  40 
2939	2  24  32 
2941	2  17  11 
2943	2  26  11 
2943	2  44  29 
2945	6  46  38 
2945	2  10  18 
2947	2  13  19 
2949	2  27  33 
2949	2  25  18 
2939	6  48  41 
2945	6  36  22 
2951	6  41  27 
2951	2   5  18 
2953	2  17  18 
2957	2  20  11 
2951	2  39  46 
2951	2  37  35 
2953	2  45  30 
2955	2  44  36 
2957	2  37  29 
2959	2  34  47 
2959	2  37  36 
2959	2  13  11 
2955	6  32  24 
2961	6  39  30 
2967	2  48  46 
2967	2  12  24 
2961	6  42  35 
2969	2  32  27 
2967	6  44  43 
2971	2  41  40 
2971	2  12  27 
2971	6  24   9 
2973	2  34  46 
2975	2  45  42 
2973	2  19  11 
2977	6  10   9 
2977	2  32  33 
2977	2  30  44 
2977	2  41  47 
2979	2  41  46 
2981	2  45  29 
2979	2  26  18 
2981	2  32  40 
2973	6   6   5 
2981	6  27  12 
2983	2  30  39 
2985	2  30  42 
2987	6  40  27 
2987	2  30  29 
2987	2   4  10 
2989	2   4  12 
2991	2   5  10 
2987	6  45  44 
2993	2  48  45 
2993	2   5  12 
2993	2   9  10 
2995	6  12  10 
2995	2  48  39 
2995	2  44  36 
2997	2  40  33 
2997	2  30  36 
3001	2  20  18 
2997	6  45  38 
2999	6  43  42 
3003	2  32  47 
3005	2  40  27 
3003	2   9  10 
3001	6   6   5 
3005	6  45  43 
3007	2  25  12 
3007	2  40  47 
3009	2  25  10 
3011	2  48  45 
3011	2  13  18 
3013	6  38  33 
3013	2   5  12 
3015	2  19  18 
3017	2   5  10 
3013	6  48  47 
2999	6  29  23 
3013	6  24  23 
3019	6  47  45 
3019	2  34  33 
3019	2  17  12 
3021	2  17  10 
3021	2  26  12 
3023	2  26  10 
3025	2  34  39 
3025	2  11  18 
3027	6  38  24 
3027	2  34  47 
3029	2  41  33 
3027	2  20  12 
3029	2  13  12 
3031	2  19  12 
3029	6  10   4 
3033	2  45  38 
3035	2  10  24 
3035	2  41  39 
3033	6  19   6 
3037	2  32  46 
3039	2  45  36 
3039	2  41  47 
3041	2  40  46 
3039	2  20   4 
3041	2  11  12 
3043	6  41  38 
3043	2  13   4 
3045	2   6   4 
3047	2  11   4 
3049	6  37  36 
3049	2  34  41 
3049	2  19  24 
3051	2  18  12 
3051	2  32  33 
3053	2  40  33 
3053	2   9  24 
3055	6  45  37 
3055	2  18   4 
3061	2  38  41 
3057	2  12   4 
3059	6  18  10 
3063	2  32  39 
3063	6  48  34 
3065	2  25  24 
3059	6  12   5 
3067	2  12  24 
3069	2  18  27 
3071	2  19  27 
3073	2  18  34 
3065	6   9   3 
3069	6  46  38 
3075	2  19  34 
3075	2  17  24 
3077	6  27  24 
3077	2  40  39 
3083	6  34  18 
3089	6  27  19 
3089	2  48  45 
3091	2  32  47 
3093	2  46  45 
3093	2  32  41 
3095	2  40  47 
3097	2  40  41 
3095	2   3  24 
3097	2   3  18 
3099	2  26  19 
3097	6  38  32 
3103	2  34  32 
3105	2  27  32 
3107	6  41  27 
3107	2  38  45 
3113	2  34  33 
3115	2  34  39 
3107	2  25  24 
3113	2  20  19 
3115	2  25  18 
3109	6  16   3 
3117	2  12  24 
3117	2  41  33 
3119	6  31  16 
3125	2  31  32 
3119	2  12  18 
3121	2  13  19 
3119	2  34  47 
3121	2  34  27 
3127	2  31  33 
3123	6  19  12 
3121	6  46  45 
3129	2  25  32 
3131	2  17  24 
3133	2  26  24 
3129	2   6  12 
3131	2  11  12 
3135	2  19  32 
3137	6  24  11 
3137	2  41  39 
3139	2  40  46 
3141	2  41  47 
3143	2  10  12 
3143	2  34  46 
3145	6  32  19 
3145	6  47  46 
3151	6  39  31 
3151	2  17  18 
3153	2  26  18 
3151	2   5  12 
3155	2  41  27 
3157	2  39  31 
3159	2  39  46 
3159	2  25  33 
3155	2   4  12 
3157	2  20  11 
3159	2  13  11 
3161	6  46  38 
3161	2  17  19 
3161	2  32  33 
3163	2  17  33 
3165	2  26  19 
3165	6  24  17 
3167	2  41  47 
3171	2   6  11 
3173	2  20  18 
3175	2  13  18 
3177	2   6  18 
3175	6  33  27 
3179	2  17  11 
3181	6  47  40 
3181	2  25  31 
3181	2  10  11 
3181	2  20  19 
3183	2   5  11 
3183	2  25  38 
3185	2  17  18 
3185	2  32  31 
3185	2  26  27 
3187	6  31  24 
3187	2  13  19 
3187	2   4  11 
3189	2   6  19 
3187	2  39  33 
3189	2  39  40 
3193	2  25  33 
3191	2  20  27 
3195	2  17  19 
3197	2  13  27 
3195	2  32  38 
3197	2  31  24 
3199	2  32  33 
3201	2  31  38 
3197	2  10  18 
3199	2  10  19 
3201	2   6  27 
3203	2  12  11 
3203	2  25  40 
3205	2  31  33 
3205	2   5  18 
3207	6  27  24 
3213	6  24  10 
3213	2  26  27 
3215	2  20  27 
3217	2   5  19 
3219	2  26  38 
3221	2  26  33 
3219	2  17  10 
3221	2  24  10 
3221	6  39  38 
3223	2  13  27 
3223	2   4  18 
3225	2   4  19 
3227	2   5  10 
3229	2   4  10 
3227	2  32  40 
3231	2  12  18 
3229	2  31  40 
3227	6  27  20 
3233	6  34  13 
3233	6  25  24 
3239	2  12  19 
3241	2  26  40 
3243	2  11  18 
3243	2   6  20 
3245	2  11  19 
3243	6  39  32 
3247	2  17  20 
3249	2  12  10 
3249	2  27  32 
3251	2  25  20 
3253	2  34  32 
3251	2  11  10 
3255	2  27  33 
3257	2  34  33 
3253	2  18  19 
3259	2  27  40 
3255	2  18  10 
3251	6   6   5 
3257	6  17   5 
3261	2  34  40 
3263	6  20  12 
3263	2  17  32 
3265	2  17  33 
3269	2  19  10 
3271	6  32  17 
3271	2   6  12 
3273	2   4  12 
3277	2  32  40 
3277	2   5  17 
3279	2  20  12 
3281	2  11  12 
3283	2  18  12 
3285	6  20   5 
3285	2  25  17 
3279	6  40  34 
3291	2  20  33 
3287	6  18  17 
3293	2  25  33 
3293	2  19  12 
3295	2  20  34 
3297	6  33  20 
3303	6  34  27 
3303	2   6  18 
3305	2   4  18 
3307	2   5  18 
3309	2  25  27 
3309	2  10  12 
3311	2   6  20 
3311	2  11  18 
3313	6  27   6 
3319	2  27   6 
3313	2  17  18 
3321	2   4  20 
3323	2   4   6 
3323	2  19  18 
3325	6  20  19 
3325	6   6   4 
3331	2   5  19 
3333	2   5   4 
3333	2  10  18 
3335	2  12  18 
3337	2  11  19 
3339	2  11   4 
3341	2  17  19 
3343	2  17   4 
3343	2  20  19 
3345	2  20   4 
3347	2  10  19 
3349	2  10   4 
3349	2  12  19 
3351	2  12   4 
3353	2  18  19 
3355	2  18   4 
3357	2  19   4 
