   1	6  35  28 
   1	2  15  10 
   3	2  15  17 
   5	2  10  17 
   7	6  16  10 
   7	6  27  26 
   1	6  30  12 
   7	6  18  14 
  13	2  15  27 
  15	2  16  27 
   7	6  35  29 
  17	2  15  28 
  19	2  16  28 
  13	6  19  12 
  21	6  19   9 
  21	6  22  17 
  27	2  15  20 
  29	2  16  20 
  21	6  35  33 
  31	2  22  27 
  33	2  15  23 
  35	2  16  23 
  37	2  22  28 
  27	6   2   0 
  33	6   7   2 
  33	6  33  26 
  39	2  15  13 
  39	2  27  28 
  41	2  16  13 
  43	6  34  20 
  49	2  22  34 
  51	2  22  23 
  51	2  15   9 
  51	2  27  34 
  53	6  22   9 
  59	2  16  22 
  61	2  27  23 
  61	2   9  13 
  63	2   9  22 
  63	6  25  13 
  65	2  28  34 
  67	2  28  23 
  69	2  15  14 
  69	2  27  25 
  71	2  15   2 
  69	6  35  23 
  73	2  15   8 
  75	2  15  29 
  73	6  12   0 
  77	2  15   3 
  79	2  27  22 
  81	2  16  14 
  83	2  16   2 
  85	2   9  14 
  77	2  34  35 
  85	6  29  22 
  87	2   9   2 
  71	6  32  31 
  81	6  33  25 
  87	6  20  14 
  91	2  28  33 
  89	6   7   2 
  93	2  27  20 
  95	2  28  29 
  95	2  16   8 
  95	6  26  20 
  97	2  16  22 
  97	2   9   8 
  97	2  34  33 
  99	2  16   3 
 101	2   9  22 
 103	2   9   3 
 101	2  35  33 
 103	2  28  26 
 105	2  15  21 
 107	2  15  10 
 105	2  34  29 
 107	2  35  29 
 109	2  33  29 
 109	2  15  11 
 105	6  19   7 
 111	2  27  19 
 113	2  15  20 
 115	2  15   2 
 117	2  15   7 
 113	6  35  33 
 119	6  22   8 
 125	2  16  21 
 127	2  15  17 
 129	2  15  14 
 131	2  15  23 
 115	6  25  19 
 127	6  33  26 
 133	2  27  22 
 133	6  14   7 
 135	2  16  10 
 137	2  16  11 
 135	2  34  33 
 137	2  26  33 
 139	2  28  25 
 141	2   9  21 
 143	6  20  15 
 143	2  28  22 
 149	2  16  15 
 145	2  35  33 
 151	2   9  10 
 147	2  29  33 
 151	2  20  12 
 153	6  27  21 
 153	2   9  11 
 159	2   9  15 
 153	6  12   1 
 159	6  18   0 
 159	6  28  22 
 165	2  16   2 
 167	2  21   8 
 169	2  22   8 
 171	2  16  14 
 165	6  32  25 
 171	2  34  32 
 173	2  21   3 
 175	6   7   3 
 175	2  16  17 
 181	2   9   2 
 175	2  21  27 
 177	2  26  32 
 177	2  34  28 
 183	2   9  14 
 185	2  21  10 
 187	6  21  15 
 187	2  35  32 
 187	6   4   1 
 193	6  19   7 
 193	2  16   3 
 195	2  16  23 
 199	2  22  19 
 201	6  34  32 
 201	2  15  11 
 203	2  15  21 
 207	2  22  27 
 205	6  19   8 
 211	2  15   2 
 211	2  26  28 
 213	6   6   1 
 213	2   9  17 
 213	2  32  19 
 215	2  15  14 
 215	2  26  19 
 217	2  20  25 
 213	2  35  28 
 217	2  22  10 
 219	6  16   2 
 225	2   9   3 
 225	2  22  11 
 227	2   9  23 
 219	6  20  19 
 229	2  22  21 
 225	2  19  12 
 227	2  19  18 
 229	2  29  34 
 231	2  22  16 
 229	2  19  13 
 233	2  29  28 
 231	2  19   6 
 229	2   2   4 
 231	2   9   4 
 233	2  15  17 
 233	6  25  12 
 235	2  15   3 
 235	2  33  34 
 237	2  33  28 
 239	6  33  20 
 235	6  11   5 
 239	6   6   2 
 239	6  22  16 
 245	2  16  14 
 245	2  35  33 
 245	2   6  12 
 247	6  22   8 
 247	6  25  18 
 253	6  12   8 
 253	2  32  22 
 259	2   6  18 
 255	2  16  17 
 257	2  26  22 
 259	2  35  22 
 261	2  15  23 
 261	2  32  27 
 257	6  11   4 
 263	2  26  27 
 263	2   9   8 
 265	6   9   8 
 265	2  35  27 
 267	2  29  33 
 269	2  29  22 
 269	2  20  33 
 261	6  12   6 
 263	6  31  24 
 271	2  12  25 
 271	2  16   3 
 273	2   8  18 
 271	2  34  28 
 273	2  29  27 
 275	6   4   3 
 275	2  20  22 
 277	2  12  13 
 277	2  16  23 
 275	2  34  33 
 277	2  20  27 
 279	2  34  22 
 279	6  18  14 
 281	2  34  27 
 285	2  19   1 
 283	2  28  33 
 285	2  28  22 
 281	6  17  10 
 287	2  28  27 
 287	2  19   7 
 287	2  15  11 
 289	6  25  20 
 289	2  12   2 
 291	2  12   1 
 293	2  12   7 
 289	2  33  22 
 291	2  16  11 
 293	2  15   9 
 295	2   8  20 
 293	6  28  17 
 297	2  19  24 
 297	2  15  14 
 297	6   3   1 
 299	2  15  20 
 299	2  32  28 
 301	2  33  27 
 299	2  12  24 
 303	2  22  27 
 301	2  19  30 
 303	2   8  13 
 305	2   8   2 
 305	2  26  28 
 303	6   6   0 
 307	2  16   9 
 307	2  35  28 
 303	6  24  18 
 299	6  11   5 
 309	2  29  28 
 309	2  16  14 
 311	6  14   7 
 311	6  29  11 
 309	6  30  24 
 307	6  32  26 
 317	2  19   1 
 319	6  18   7 
 319	6  16   9 
 317	6  34  29 
 325	2  19  31 
 327	2  25  28 
 325	2   8   3 
 327	2   8  14 
 329	2  15  13 
 329	2  26  34 
 325	6   1   0 
 331	2  19   6 
 333	2  12  24 
 331	2  32  34 
 333	2  26  21 
 333	2  35  34 
 329	6  23  11 
 333	6   8   1 
 335	2  23  34 
 337	2  32  21 
 335	6  24  18 
 339	2   1   7 
 339	2  35  21 
 341	2  26   8 
 343	6  15   8 
 349	2   8   2 
 343	2  12   0 
 351	2   9  20 
 353	2   8   3 
 355	2   9  13 
 343	2  29  28 
 353	6  26  25 
 357	2  17  28 
 357	2   8  14 
 357	6  18  12 
 359	2  23  21 
 359	2  25  30 
 359	2   9   2 
 361	2   9   3 
 361	2  26  34 
 361	6  23  17 
 363	2  18  31 
 365	2  26  21 
 365	2  18   6 
 367	6  25  15 
 367	2  33  28 
 369	2  29  34 
 367	6  12   6 
 373	6   2   0 
 379	2   8   7 
 373	2  22  28 
 381	2   1   6 
 375	2  29  21 
 383	2   1   2 
 377	2  15  10 
 373	2  32  25 
 375	2  19  18 
 375	2  32  30 
 377	2  23  34 
 379	2  23  21 
 379	2  33  34 
 381	2  15   4 
 381	2  27  28 
 383	2  15  11 
 377	6  31  24 
 383	6  24  18 
 385	2  15   5 
 387	2  15  16 
 383	6  35  32 
 385	6   6   1 
 391	2   8   1 
 389	2  32  25 
 391	2  33  21 
 393	6  35  17 
 399	2   9  14 
 393	2  32  30 
 401	2   8   2 
 401	2  17  10 
 395	2   6  18 
 403	2  22  34 
 403	2   9   7 
 395	6  31  26 
 401	6  32  25 
 405	2  17   4 
 405	2   6  12 
 405	6  15  14 
 407	2  17  11 
 407	2  35  32 
 409	2  31  32 
 409	2  27  34 
 409	2  17   5 
 407	6  18   6 
 411	2  28  34 
 411	2  14  26 
 411	2  17  16 
 413	6  35  32 
 413	2  19  18 
 415	2  24  18 
 413	2  22  21 
 413	2   9   1 
 415	2   8   6 
 417	2   8  12 
 415	6  17  16 
 419	2   9   2 
 419	2  29  35 
 419	2  14  20 
 419	2  32  30 
 419	6  12   0 
 421	2  23  35 
 425	2  14  13 
 421	2  31  30 
 421	2  27  21 
 423	2  33  35 
 425	2  22  35 
 421	6   9   2 
 427	6  12   2 
 427	2  28  21 
 433	2  12   6 
 429	2  34  21 
 435	2  19   8 
 437	6  13   8 
 443	2  14   2 
 445	2  14   3 
 431	6  32  30 
 431	6  34  29 
 437	2  34  32 
 439	6  34  32 
 447	2  27  35 
 447	2  14  15 
 449	2  23  34 
 449	2  14   7 
 451	2  14   1 
 451	2  28  35 
 453	2  12   0 
 453	2  29  35 
 453	2  16  26 
 455	2  16  20 
 457	2  14   9 
 455	2  33  34 
 457	2  22  34 
 457	6  26  25 
 459	2  16   8 
 461	2  14   6 
 463	2  21  35 
 463	6   8   7 
 465	2  27  34 
 469	2  24  13 
 467	2  28  34 
 469	2  29  34 
 465	6  15  10 
 471	6  26  15 
 477	2  21  34 
 479	2  35  34 
 477	2  19  12 
 479	2  18  13 
 479	2  15  26 
 471	6   4   2 
 481	2  15   2 
 481	2  24  12 
 481	6  28  23 
 483	2  18  12 
 483	2  30  26 
 485	2  15  11 
 485	2  13  12 
 485	2  31  26 
 487	2  15   5 
 489	2  15  17 
 487	2  32  26 
 489	2  28  26 
 491	2  15  25 
 493	2  16   4 
 493	2  33  26 
 483	6   2   1 
 495	6  28  26 
 489	6   6   1 
 495	6  16   9 
 501	2   9   3 
 501	2  22  28 
 503	2  27  28 
 503	2   9  10 
 505	2  15  20 
 505	2  23  28 
 495	6  18   6 
 501	2  30  18 
 503	2  31  18 
 505	6  30  18 
 507	2  15   7 
 509	2  15   4 
 507	2  29  28 
 509	6   7   0 
 511	2  15   3 
 511	2  32  30 
 513	2  15  10 
 513	2  26  30 
 515	2  33  30 
 515	2   9   8 
 515	6  11   4 
 517	2  14   7 
 519	2  19  14 
 521	6   4   1 
 527	2  24  14 
 527	6   6   1 
 533	2  18   6 
 535	2   1  14 
 529	6  31  26 
 527	6  23   5 
 537	6  24   6 
 543	2  13  14 
 537	2  21  28 
 543	2  26  24 
 539	2  35  28 
 543	2   9   2 
 545	2  32  24 
 541	2  34  28 
 547	2  31  24 
 545	2  15   8 
 547	2  15   2 
 543	6  28  23 
 549	6  33  30 
 549	2   9  16 
 555	2  22  33 
 557	2  15  16 
 555	2  30  24 
 559	2   9   4 
 561	2  15   4 
 557	2  27  33 
 563	6   9   7 
 569	6  15   8 
 559	6  28  27 
 557	6  25  18 
 565	2  25  27 
 567	2  26  27 
 569	2  32  27 
 571	2  31  27 
 559	6  23  17 
 565	6  17   5 
 573	6  33  23 
 575	2   7   9 
 577	2  19   7 
 579	6  27  24 
 579	2   6   7 
 581	2   8   9 
 585	2  22  27 
 585	2  19   8 
 579	6  11   5 
 587	6  16  11 
 593	2  17  23 
 587	2  12  14 
 589	2   1   7 
 587	2  25  33 
 589	2  25  18 
 595	2  29  23 
 591	2   6   8 
 593	2  13   7 
 591	2  26  33 
 595	2  12   7 
 597	2  26  18 
 597	2   1   8 
 599	6  12   0 
 599	2  25  20 
 601	2  21  23 
 605	2  14   7 
 599	2  32  33 
 601	2  30  24 
 603	2  31  33 
 605	2  30  33 
 593	6   5   4 
 607	6  25  12 
 607	2  35  23 
 609	2  28  27 
 611	2  34  23 
 613	2  32  18 
 615	2  12  25 
 617	2  17  27 
 619	2  26  20 
 617	2  13   8 
 619	2  16  23 
 621	2  26  25 
 623	2  32  20 
 619	6  12   0 
 625	6   2   0 
 625	2  31  18 
 631	2   2   4 
 627	2  30  18 
 629	2  31  20 
 631	2  32  25 
 633	6  26  20 
 633	2   2   3 
 635	2   2  10 
 637	2  12   8 
 633	6  31  24 
 621	6  28  22 
 633	6  33  28 
 637	6  11   4 
 639	2   2  15 
 641	2   2   0 
 639	2  33  31 
 641	2  24  25 
 641	2  33  28 
 643	6  22  20 
 643	2   2   4 
 645	2   2   5 
 647	2   2   9 
 643	6  33  31 
 649	6  13   2 
 649	2  29  27 
 651	2  21  27 
 653	2  35  27 
 649	6  11  10 
 655	2  14   8 
 655	2  22  10 
 655	2  30  26 
 657	6  22  17 
 657	2   7   8 
 657	2  30  25 
 659	2  31  18 
 661	2  19  13 
 661	2  31  26 
 663	2  20  33 
 665	2  20  28 
 659	6   2   0 
 663	6  17  10 
 667	2  34  27 
 669	2  10   3 
 669	2  22  33 
 671	2  20  18 
 671	2  22  28 
 673	2  16  27 
 673	2   6  13 
 675	2   1  13 
 675	2  29  33 
 675	2  10  11 
 677	2  20  26 
 677	2  29  28 
 679	2  21  33 
 681	2  23  27 
 679	2   0  13 
 681	2  12  13 
 683	2  14  13 
 685	2   7  13 
 683	2  35  33 
 679	2  31  25 
 685	2  21  28 
 683	6  23  17 
 687	2  35  28 
 687	2  10  15 
 687	6  26  18 
 689	2  10   2 
 691	2  10   4 
 689	6  35  28 
 693	2  20  25 
 693	2  10   5 
 695	6  19  14 
 695	2  34  33 
 695	2  10   9 
 697	2  34  35 
 697	6  10   2 
 699	6  32  28 
 705	2  22  26 
 703	2   8  13 
 707	6  25  24 
 707	2  14   2 
 709	2   6   2 
 711	2   1   2 
 707	2  28  23 
 709	6  28  16 
 715	2  28  33 
 713	2   0   2 
 715	2  16   3 
 713	6  20  18 
 717	2  16  11 
 719	2  29  26 
 719	2  16  15 
 715	6   7   6 
 721	2  22  20 
 721	6   7   2 
 723	2  16  10 
 723	2  21  26 
 725	2  28  35 
 725	2  16   4 
 725	2  32  26 
 721	6  24  18 
 727	6  33  29 
 727	2  12   7 
 729	2  19   7 
 731	2   6   7 
 727	6  16   9 
 731	6  19  18 
 733	2   9   5 
 735	2   8   7 
 735	2  17  29 
 733	6  26  21 
 737	2  13   7 
 739	2  22  19 
 741	2  17  35 
 741	6  25  19 
 743	2  34  21 
 745	2  28  21 
 747	2  27  29 
 747	2   9  16 
 749	2  33  20 
 741	6   7   0 
 751	2  33  25 
 753	2  26  20 
 749	6   9   7 
 755	6  19   9 
 761	2   9  23 
 761	2  26  25 
 753	6  34  33 
 763	2   9   3 
 763	2  32  20 
 765	2  14   7 
 767	2   2   7 
 765	2  32  25 
 767	2  27  35 
 767	6  31  30 
 769	2   1   7 
 769	2  29  35 
 769	2   9  11 
 769	2  33  20 
 771	2   9  15 
 771	2  19   7 
 771	6  34  23 
 773	2  12   7 
 777	2  33  25 
 779	2  18   7 
 779	2  17  21 
 781	6  16   3 
 781	2   6   7 
 781	2  31  34 
 783	6  34  31 
 787	2   9  10 
 789	6  22  20 
 789	2  30  31 
 791	2  24  31 
 795	2  20  31 
 789	2   8   7 
 795	2  28  22 
 791	2   9   4 
 797	6  34  16 
 797	2  13   7 
 799	2   0   7 
 803	2  16  34 
 801	6  12   7 
 805	2  16  11 
 805	2  27  21 
 807	6  17  15 
 813	2  16  17 
 807	6  18  12 
 813	6  13   1 
 815	2   9   5 
 817	2   9   3 
 819	2  15  22 
 807	6  26  25 
 821	6  23  21 
 819	6  12   1 
 813	6  32  30 
 819	2  32  34 
 821	6  34  32 
 825	6   9   8 
 827	2  24  32 
 829	2  28  26 
 831	2  15  26 
 831	2  29  23 
 833	2  20  32 
 835	2  27  22 
 837	2  29  22 
 835	2  14   8 
 837	2  27  26 
 837	2   2   8 
 833	6  17  11 
 839	6  28  26 
 839	2  13   8 
 839	2  16  10 
 841	6  15  13 
 845	2  29  28 
 847	6  20  19 
 847	2  35  23 
 849	2  16   4 
 851	2  16   5 
 853	2  21  31 
 849	6  34  29 
 853	6  18  13 
 855	2  29  17 
 855	2  21  32 
 857	2  29  11 
 857	2  25  31 
 859	6  16  15 
 865	2  15   3 
 859	2  30  31 
 867	2  20   8 
 869	2  14  15 
 861	2  33  31 
 869	2  25  32 
 867	6  29  11 
 871	2   7   8 
 873	2   2  15 
 875	2  16  15 
 871	2  30  32 
 875	2   1   8 
 873	2  26  31 
 875	2  33  32 
 873	6  11   4 
 877	2   6   8 
 877	2  26  32 
 879	2  18  31 
 879	2   9   8 
 877	2  35  22 
 879	2  35  28 
 879	6  21  20 
 881	2  12   8 
 883	2   0   8 
 885	2  21  15 
 885	2  13   8 
 881	2   4  10 
 883	2   4  11 
 885	2   4   5 
 881	6  34  31 
 887	6  15   8 
 887	2   4   3 
 887	2  23  22 
 887	2  18  32 
 889	2  27  34 
 891	2  27  32 
 889	6  25  24 
 893	2  14   4 
 895	2   2   4 
 895	2  31  34 
 897	6  21  17 
 897	2   7   8 
 897	2  35  34 
 899	2   1   8 
 901	2   6   8 
 897	2  31  32 
 897	6  24  18 
 899	6  34  29 
 903	2  16   4 
 905	6  21  19 
 905	2  17   4 
 907	2   9   8 
 905	6  34  32 
 911	2  25  19 
 913	2  25  32 
 915	2  21  19 
 917	2  20  19 
 911	2  35  34 
 917	2  23  28 
 909	6  10   9 
 915	6   4   1 
 919	2  21  32 
 921	2  22  28 
 921	2  12   8 
 923	6  10   3 
 923	2   7   1 
 929	2   4   1 
 923	2  23  29 
 923	2  20  32 
 925	2  18  19 
 925	2  23  34 
 927	2  22  29 
 927	2  18  32 
 929	2  30  19 
 929	2  22  34 
 931	6  14   9 
 931	2   6   1 
 937	2   0   8 
 931	2  28  29 
 931	2  30  32 
 933	2  28  34 
 935	2  29  34 
 931	6  17  11 
 933	6  25  19 
 939	2  13   8 
 939	2  33  25 
 941	6  19   9 
 941	2  33  32 
 943	6  35  33 
 947	2   9  14 
 949	2   3   1 
 949	2  21  14 
 949	2  26  25 
 949	6  34  23 
 951	2  20  14 
 951	2  24  25 
 953	2  18  14 
 955	2   9  17 
 955	2  27  25 
 957	6  34  28 
 957	2  31  25 
 959	2  26  32 
 957	2   9   5 
 963	2  21  17 
 965	2  15   8 
 967	2  12   1 
 967	2   9  10 
 959	6  30  24 
 965	2  30  32 
 967	2  27  32 
 969	2  19   9 
 971	2  24  14 
 969	2   0   1 
 969	6  27  22 
 973	2   2   9 
 973	2  31  32 
 963	6  35  29 
 975	2  16   9 
 977	2  11   9 
 975	2  13   1 
 979	2  15   1 
 981	2   7   9 
 983	2   4   9 
 985	2   6   9 
 977	2  33  25 
 979	2  33  32 
 981	6  33  29 
 987	6  21  16 
 987	2   3   9 
 989	2   8   1 
 987	6  33  25 
 987	6  29  23 
 993	6  21  17 
 999	6  21  19 
 989	6   5   4 
 991	6   8   7 
 993	6  31  30 
 997	6   7   6 
 997	6   9   2 
1005	2  16   4 
1007	2  16  10 
1005	2  20  19 
1007	2  18  19 
1009	2  24  19 
1009	2  21  16 
 999	6  34  32 
1003	6   7   2 
1009	6   8   4 
1011	2  28  33 
1013	2  27  33 
1011	6  31  19 
1017	2  32  33 
1019	2  28  34 
1015	2   9  16 
1017	2  17  16 
1017	2  20   8 
1019	2  12   7 
1021	2   0   7 
1023	2  25  14 
1025	2  26  14 
1019	2  11  16 
1021	6  16  10 
1027	2  20  16 
1029	2  18   8 
1031	2  25  31 
1031	2   4  10 
1031	2  13   7 
1027	2  35  33 
1029	2  27  34 
1031	2  21  20 
1033	2  19  14 
1035	2  15   7 
1035	2  26  31 
1037	6  31  21 
1037	2   6   7 
1037	2   5  10 
1039	2   1   7 
1043	6  20  16 
1049	6  27  14 
1055	2   2  10 
1055	2  18  20 
1055	2  29  33 
1043	6  31  30 
1057	2  19  21 
1059	2   9  16 
1059	2  30  18 
1061	6  18   8 
1067	2   9   8 
1061	2  17  16 
1063	2  22  27 
1065	2  11  16 
1067	2  24  18 
1065	2  32  34 
1067	2  22  21 
1067	2  35  34 
1069	6  12   7 
1069	2   4  16 
1069	2  31  27 
1071	2   3  10 
1071	2  31  21 
1073	2  23  27 
1075	6  16   3 
1075	2  29  34 
1077	2  28  27 
1079	2  33  34 
1081	2   5   3 
1081	2  24  20 
1075	6   1   0 
1083	2   7  10 
1085	2   2   3 
1083	2  30  24 
1085	2  14  27 
1087	2  16   3 
1085	2  25  18 
1087	2  25  20 
1089	2  26  18 
1089	6  10   8 
1091	2  26  20 
1093	2  19  18 
1095	2  17  10 
1095	2   1   8 
1097	2  13   8 
1093	2  32  27 
1095	2  30  25 
1099	2  15   8 
1095	2  35  27 
1097	2  30  26 
1097	2  11  10 
1101	2   7   3 
1101	2  23  21 
1103	6   8   1 
1103	2  19  20 
1105	2  29  27 
1107	2  28  21 
1109	2  33  27 
1111	2  34  27 
1105	2  30  19 
1103	2   4  10 
1105	2   5  10 
1109	2   8   3 
1111	2   2  10 
1107	6  24  19 
1113	2   9  19 
1115	2  13   3 
1117	6  19   9 
1117	2   6   1 
1119	2   0   1 
1113	6  27  22 
1123	2  17   9 
1123	2  19  25 
1119	6  32  27 
1125	6  25  20 
1125	2  11   9 
1127	2   4   9 
1125	2  12   1 
1129	2   5   9 
1131	6  23  20 
1137	6  23  17 
1137	2  14  21 
1143	2  16  10 
1139	2  19  26 
1141	2  27  21 
1141	2  19  24 
1143	2  32  18 
1139	6   8   3 
1145	2  35  21 
1145	2  32  25 
1147	6  28  27 
1147	2  15   8 
1147	2  23  17 
1149	2  11  17 
1149	2   2   9 
1147	2  31  18 
1151	2   4  17 
1149	2  31  25 
1153	2  30  32 
1155	2  30  31 
1151	2   6   8 
1153	2   5  17 
1155	2  16   9 
1157	2  19  32 
1159	6  27  26 
1159	2   7  10 
1161	2   7   9 
1163	2   3  10 
1159	6  31  24 
1155	6  29  23 
1161	6  34  29 
1165	2   3   9 
1165	2  20  18 
1165	6  16  11 
1167	2  19  24 
1167	2  34  27 
1169	2  34  31 
1167	2   0   8 
1169	2  12   8 
1171	6  10   2 
1171	2  26  18 
1177	2  13   2 
1179	2  13   9 
1173	2  34  32 
1175	6  34  32 
1173	6  30  24 
1177	6  17  11 
1181	2   1   8 
1181	2  20  25 
1181	6  28  27 
1183	2  14  18 
1183	2  10  11 
1185	2  15   2 
1185	2  17  11 
1185	6  31  18 
1187	2  16  28 
1189	2  23  21 
1187	6   7   2 
1191	2  24  20 
1189	6  11   4 
1193	2  15   9 
1193	2   6   7 
1193	2  27  31 
1195	6  31  27 
1195	2   6   9 
1197	2   0   7 
1199	2   2   4 
1201	6   9   6 
1201	2  26  25 
1203	2  32  30 
1205	2  35  27 
1207	6   4   2 
1207	2  24  26 
1209	2  19  20 
1207	2   0   6 
1211	2  19  26 
1207	6  28  23 
1213	6  23  11 
1213	2  14  25 
1215	2  32  20 
1217	2  24  14 
1219	2  32  26 
1219	2  19  14 
1221	2  31  25 
1219	2   3   2 
1221	2  12   7 
1221	2  33  21 
1223	6  35  34 
1223	2  24  31 
1223	2  13   2 
1225	2  19  31 
1225	2  15   2 
1227	2  12   6 
1229	2  32  14 
1231	2   1   7 
1231	2  28  27 
1231	2  32  31 
1233	2  23  11 
1233	2   8   7 
1233	2  33  27 
1231	6  19  18 
1235	2  29  21 
1235	2   9   2 
1235	2   5  11 
1237	6  19  14 
1237	2   1   6 
1237	2  10  11 
1237	2  29  27 
1239	2  17  11 
1241	2   4  11 
1239	2  22  21 
1241	2  22  27 
1239	2   0   2 
1243	6  32  25 
1243	2  16  14 
1245	2  21  27 
1245	2   3  11 
1247	2  12   2 
1239	6  35  29 
1247	2  16  29 
1249	6  16  14 
1249	2   1   2 
1249	2  34  32 
1255	6  11   3 
1261	2  13   3 
1263	2  15   3 
1265	2  23  16 
1265	2   9   3 
1251	6  34  32 
1257	2  28  34 
1259	2  33  34 
1263	2  24  32 
1265	2  18  32 
1263	6   1   0 
1267	2  23  29 
1269	2  35  34 
1267	2  25  32 
1269	2   1   3 
1267	6  14  12 
1273	2   8   6 
1275	2   7   6 
1273	2   5  16 
1275	2  10  16 
1269	6  31  24 
1271	6  33  28 
1275	6  20  18 
1277	2  31  33 
1277	2  17  16 
1279	2   4  16 
1277	2   8   2 
1279	2   7   2 
1279	6  33  31 
1281	2  14   3 
1281	2  11  16 
1283	2  13  16 
1285	6  16  14 
1285	2  33  28 
1287	2  33  35 
1285	6   3   1 
1291	6  32  20 
1291	2   0   1 
1293	2   8   1 
1295	2   7   1 
1285	6  18  12 
1291	6  29  11 
1297	2  22  34 
1297	2   5  11 
1297	2  18  30 
1299	6  29  23 
1299	2  10  11 
1299	2  32  31 
1299	2  15  14 
1301	2   9  14 
1299	2  18  12 
1301	2  18  26 
1303	2   6   2 
1305	2  32  28 
1305	2   3  14 
1307	2  18  19 
1309	2  18  24 
1311	2  25  31 
1305	2  17  11 
1307	2  33  22 
1305	2   6   1 
1309	2  16  14 
1311	2   0  14 
1313	2  25  28 
1315	2  18  20 
1313	2   2   1 
1311	2   4  11 
1315	2  23  11 
1315	6  31  30 
1317	2   8  14 
1319	2  21  34 
1321	6  15  13 
1321	2  32  35 
1323	2  27  34 
1327	2  18  30 
1327	2   7  14 
1329	6  28  25 
1335	6  29  26 
1341	2  33  21 
1341	2  18  25 
1327	6  11   3 
1343	2  15   3 
1343	2  33  27 
1329	6   6   1 
1333	6  11   5 
1341	6  17  11 
1345	2  28  35 
1345	2  26  31 
1345	2  13   3 
1347	6  35  17 
1347	2   1  14 
1349	2   9   3 
1351	2   2  14 
1353	2  32  22 
1353	2   5   3 
1355	2  32  21 
1353	6  18  13 
1357	2  28  22 
1355	6  17  10 
1359	2  32  27 
1361	2  26  12 
1361	2  16   3 
1363	6  10   8 
1363	2  26  29 
1365	2  33  34 
1365	2  26  19 
1367	2  26  24 
1369	6  15  13 
1369	2  32  34 
1371	2  33  32 
1373	6  35  32 
1379	2  28  21 
1381	2  26  20 
1383	2  26  30 
1385	2  26  25 
1387	2  32  31 
1375	2   0   3 
1377	2  10   3 
1381	2  15   8 
1383	2   7   3 
1383	2  15  22 
1385	2  15  21 
1387	2  28  27 
1385	2   1   3 
1387	2   2   3 
1387	2   6  14 
1385	6  23  17 
1389	2  26   8 
1389	6  18  12 
1391	2  26  22 
1393	2  26  21 
1393	2  28  34 
1391	6   3   1 
1395	2  32  18 
1395	6  22  15 
1401	2  22  27 
1397	2   6   1 
1403	2  33  28 
1405	2  35  28 
1401	2  14   1 
1397	6  31  25 
1403	6  25  14 
1409	2  26  27 
1407	6  23  16 
1409	6  18   8 
1413	2  22  34 
1415	2  16  14 
1411	6  32  26 
1417	2  16   8 
1417	2  32  34 
1419	6  14   3 
1425	2  11   3 
1425	2  26  29 
1427	2  16  29 
1427	2  26  19 
1427	2   4   3 
1429	6  16   8 
1435	2  33  22 
1435	2   8  19 
1437	6  23  11 
1437	2  33  32 
1439	2  26  24 
1443	2  17   3 
1445	2  35  22 
1445	2  13   3 
1447	6  35  32 
1447	6  24  18 
1447	6  11   4 
1447	6  13   8 
1453	6   3   1 
1453	2  26  20 
1455	2  26  30 
1453	2  13  18 
1457	2  13  20 
1459	2  26  31 
1453	2  23  16 
1455	2  23  29 
1455	2  11  16 
1457	2  17  16 
1459	2  12   1 
1459	2  11  29 
1461	6  13  12 
1461	2  26  24 
1461	2  17  29 
1461	2   9   1 
1463	2  32  35 
1465	2  26  15 
1467	6  29  15 
1467	6  25  12 
1463	6   2   1 
1473	2  28  22 
1473	2   5   2 
1475	2   4   2 
1475	2  26  21 
1477	6  33  26 
1483	2  25  30 
1483	2  33  27 
1477	2   8  16 
1485	2  25  31 
1485	2  33  34 
1479	2   8  15 
1481	2   0   2 
1483	2  10   2 
1485	2   7   2 
1481	6  29  22 
1487	6  27  23 
1493	2  26  33 
1495	2  27  19 
1487	6   6   0 
1485	6  11  10 
1491	6  10   8 
1497	6  17  10 
1497	2  14   2 
1497	2  25  24 
1497	2  28  35 
1497	2  32  33 
1499	2   8  19 
1499	2  28  33 
1501	2  29  35 
1501	2   1   2 
1501	6  27  25 
1507	2  27  22 
1507	2  25  18 
1503	2   0   2 
1505	6  14   8 
1509	2  27  21 
1505	6   6   1 
1511	2  12   2 
1513	2   3   2 
1511	2  25  20 
1513	2  27  23 
1515	2  13  16 
1517	6  16   3 
1523	2   9   3 
1523	2  29  33 
1517	2  25  30 
1519	2  25  31 
1521	2  25  24 
1517	6  20  14 
1523	2  20  18 
1517	6   6   0 
1525	2  27  34 
1525	2  13  15 
1527	6  32  22 
1527	2   5   3 
1529	2   4   3 
1531	2   1   3 
1527	6  19  14 
1533	6  18  12 
1533	2  10  14 
1533	2  35  33 
1535	2  11   3 
1539	2   7   3 
1535	2  25  32 
1539	2  25  21 
1541	6  34  23 
1541	2  20  19 
1541	2   9  15 
1543	2  20  30 
1545	2   8   3 
1545	2  20  31 
1547	2  17  14 
1549	2  26  27 
1549	2   0   3 
1551	2  22  27 
1549	2  13  14 
1551	2   9  14 
1551	6  12   0 
1553	2   5  15 
1555	2  28  27 
1555	2   4  15 
1551	6  31  25 
1557	6  14  10 
1557	2  31  34 
1563	2   5  10 
1563	2  20  24 
1565	6  14  12 
1571	2   1  15 
1559	6  28  23 
1565	6  34  31 
1571	2  34  28 
1573	2  20  32 
1573	2  12   0 
1573	2   4  10 
1575	6   2   0 
1575	2  12  19 
1577	2  26  34 
1579	2  20  21 
1575	6  10   4 
1581	6  10   7 
1581	2  29  27 
1583	2  35  27 
1585	2  33  27 
1587	6   3   2 
1587	2  22  34 
1587	2  12  30 
1589	2  12  25 
1589	2  11  15 
1591	2  23  34 
1591	2  12  24 
1591	2  10  15 
1593	6  18  12 
1593	2  20  31 
1593	2  17   3 
1595	2  20  28 
1597	2  29  34 
1597	2  26  20 
1599	2  22  20 
1595	2   1   4 
1601	2  18  32 
1603	2  13   3 
1603	2  35  34 
1601	6  22  17 
1607	2  23  20 
1605	2  33  34 
1605	2   9   3 
1607	2   5   3 
1603	6  31  30 
1609	2  18  21 
1611	2   6   2 
1611	2  27  34 
1609	2  11   4 
1611	2  10   4 
1609	6  32  31 
1613	2   7   3 
1611	6  24  18 
1615	2   1   3 
1613	6  22  20 
1617	2  24  30 
1617	2  11   3 
1617	6   7   6 
1619	2  29  22 
1619	2  20  19 
1621	2  20  32 
1619	2  10   3 
1621	6  10   5 
1623	2  12   2 
1623	2  20  25 
1625	2  13  19 
1627	2   8  15 
1623	6  28  27 
1621	6  23  17 
1625	6   1   0 
1629	2   9  19 
1629	6  28  23 
1631	2  20  18 
1633	2  20  31 
1631	6   9   7 
1637	2   8   4 
1639	2  16   2 
1641	6  12   7 
1641	2  20  21 
1643	2  20  30 
1645	2  14  15 
1641	6  33  28 
1645	6  31  24 
1647	2   9  15 
1649	2  14   4 
1651	6  19  13 
1651	2  31  27 
1653	2  26  31 
1653	2  35  22 
1655	2  33  31 
1657	2  28  22 
1659	2  23  22 
1651	2   1   2 
1657	2  19  32 
1659	2  19  25 
1651	2   9   4 
1653	2   8   3 
1655	6   4   2 
1661	6  33  31 
1661	2  19  18 
1661	2   7  15 
1663	2  14   3 
1665	2   9   3 
1667	6  33  28 
1667	2   7   2 
1667	2  19  24 
1669	2   7   3 
1667	2  16  15 
1671	2   1  15 
1673	2  20  27 
1673	2  16   2 
1675	6  10   7 
1675	2  26  20 
1677	6  32  24 
1683	2  17  28 
1681	2   7  13 
1683	2  12  24 
1683	2   1   2 
1683	6  32  20 
1685	2  29  28 
1687	2  35  28 
1685	2  16   3 
1687	2   1   3 
1685	6  24  12 
1689	2  33  28 
1689	2   4  15 
1691	6  11   9 
1691	2  23  28 
1691	2  24  25 
1693	2  31  32 
1691	2   7  12 
1697	2   7  25 
1693	2  34  22 
1695	2  34  28 
1697	2  22  28 
1697	6  10   5 
1699	2   6  13 
1701	2   0  13 
1703	2  19  21 
1703	2   4   2 
1699	6  23  17 
1705	2  24  18 
1705	2   4   3 
1699	6  34  32 
1705	2  23  34 
1705	6  13   8 
1707	2  29  34 
1711	2   9   8 
1709	2  35  34 
1711	2  33  34 
1711	2  19  30 
1709	6  22  17 
1713	2  24  20 
1713	2   6  12 
1707	6   5   4 
1715	2  22  34 
1715	2   7  18 
1717	6  26  19 
1723	2  26  27 
1717	2  10   8 
1723	2  13   8 
1725	2  19  26 
1727	2  31  26 
1725	2  14   8 
1727	2   0  12 
1729	6  25  24 
1729	2  11   8 
1731	2   4   8 
1733	2  16   8 
1731	6  12   0 
1735	2  25  21 
1733	6   5   4 
1737	2   1   8 
1737	2  25  30 
1735	6  29  17 
1739	2   7  20 
1741	2   7  21 
1743	6  23  22 
1743	2   6  24 
1745	2   4   8 
1745	2  12  24 
1745	2  32  34 
1747	2   6  18 
1747	6  27  26 
1749	2  15   2 
1749	2  29  34 
1751	2  15   3 
1749	2  12  18 
1751	6  18   7 
1753	2  22  27 
1755	2  17  27 
1757	6  13   6 
1763	2  13  20 
1757	2   2   3 
1757	2  28  34 
1757	6  30  24 
1763	2  18  24 
1759	6   9   2 
1765	6  21  14 
1765	2  25  26 
1767	2  19  25 
1765	2   2   0 
1769	2  31  25 
1767	6   2   0 
1771	2  35  27 
1771	2  13  14 
1771	6  31  25 
1773	2  10   2 
1775	2   6   2 
1773	2  33  27 
1775	2  23  27 
1777	2  12  20 
1777	6  33  31 
1783	2  22  33 
1783	2  13  24 
1785	2  32  27 
1785	2  12  14 
1777	6   3   2 
1785	6  23  17 
1787	2  15   8 
1787	2  18  26 
1789	2  19  18 
1789	2   9   8 
1791	6  30  18 
1791	2  21   3 
1793	2  11   3 
1795	2   2   8 
1795	2  23  33 
1787	6   6   0 
1795	6  15  10 
1797	2   6  18 
1799	2  13  26 
1801	6  20  18 
1807	2  15  20 
1801	2  35  33 
1801	2   5   3 
1807	2  12  24 
1797	6  23  17 
1809	2  29  27 
1809	2  16   3 
1809	2   6   7 
1809	2  25  30 
1811	6  20  15 
1811	2  28  27 
1813	2  31  33 
1811	2   6  18 
1813	2   1   3 
1815	2  23  33 
1815	2   4   3 
1815	6   1   0 
1817	2  19  13 
1821	2   1  15 
1817	2  32  33 
1819	2  29  33 
1821	2  28  33 
1819	6  31  30 
1825	2  25  13 
1827	2   6  14 
1823	2  34  27 
1823	2  10   3 
1825	2  34  33 
1829	2  12  26 
1831	2  27  33 
1829	2   9   3 
1831	2   2   3 
1831	2   6  24 
1833	2  20   7 
1831	6  11  10 
1835	2   1   7 
1835	2  21  15 
1835	2  19  12 
1837	6   9   7 
1843	2   8   3 
1837	2  20  18 
1845	2  20  14 
1843	6  18   6 
1847	2  21   9 
1833	6  32  31 
1849	6  21  13 
1849	6   2   0 
1837	6  29  17 
1839	6  33  32 
1849	6  32  30 
1855	2  10  15 
1855	2   1   6 
1857	2  10   9 
1855	2  18  26 
1857	2  22  33 
1857	2  19  18 
1859	6  24  18 
1859	2  22  21 
1861	2   1  14 
1861	2  29  33 
1863	2  35  33 
1863	2   5  15 
1863	6   1   0 
1865	2  32  33 
1865	2   5   9 
1865	2  20  18 
1867	2  16  15 
1869	2  16   9 
1867	2  25  12 
1869	2  20  26 
1871	2  29  21 
1873	2  23  33 
1869	2  13   6 
1871	2   0  18 
1873	2  25  24 
1873	2  13  14 
1871	6  10   3 
1875	2  19  20 
1875	2  31  33 
1877	2  13  18 
1877	2   2  15 
1873	6   6   0 
1877	6  33  29 
1879	2  25  20 
1879	2   3   0 
1881	2   3  14 
1881	6  18   6 
1883	2   4  15 
1885	2  35  21 
1887	6   3   0 
1893	2   5   3 
1887	2  18  26 
1893	2  13  26 
1895	6  26  22 
1895	2   2   9 
1895	2   0   6 
1897	2   4   9 
1901	2  19  18 
1901	2  16   3 
1897	6   6   0 
1901	6  33  31 
1903	2  19  13 
1903	2   2   3 
1903	2  11  15 
1907	2  26  12 
1909	2  26  24 
1905	2   4   3 
1909	2   7  15 
1907	6   5   4 
1911	2  32  21 
1911	2  17  29 
1913	6  30  12 
1919	2  31  30 
1921	2  25  18 
1913	2  28  29 
1913	2  11   9 
1915	2  23  21 
1917	2  11   3 
1923	2  31  24 
1917	2  33  21 
1919	2  34  29 
1919	2   4  14 
1921	2  27  29 
1921	2  16  14 
1923	2   7   9 
1923	2  26  20 
1925	2  26  18 
1923	6  11   5 
1927	2  25  13 
1923	6  34  29 
1925	6  22  16 
1929	2  31  20 
1931	2   2  14 
1931	2  31  18 
1929	6  34  33 
1933	2   1  15 
1933	6  19  12 
1935	2  17  21 
1937	2  28  21 
1937	2   1   9 
1935	6  32  30 
1939	2   7   3 
1939	2  29  21 
1937	6  17  11 
1941	2   8  15 
1941	2  35  32 
1943	6  35  34 
1943	2  26  13 
1943	2  10  15 
1945	2  30  32 
1945	2  17  14 
1947	2  31  13 
1947	2  27  21 
1947	6  17   5 
1949	2  19  33 
1949	2   8   9 
1951	2  19  21 
1953	6  16   2 
1951	6  34  32 
1959	2  17  14 
1961	2  10   9 
1963	2   1   3 
1957	2  32  24 
1965	2   6   2 
1959	2  30  24 
1961	2  32  20 
1967	2  12   6 
1963	2  33  21 
1965	2  30  20 
1967	2   8   3 
1969	2   7  14 
1965	2  23  34 
1969	2  10   3 
1967	2  35  34 
1971	2   1  14 
1967	6  32  24 
1973	6  25  13 
1973	2  15   9 
1967	6  23  22 
1973	6  23  11 
1973	6   1   0 
1979	6  21  20 
1979	2  23  34 
1979	2  24  18 
1981	2  24  25 
1981	2  28  34 
1983	2  29  34 
1979	2   4   1 
1981	2   4   2 
1981	2  13   6 
1983	2  30  18 
1983	6   4   1 
1985	2  27  34 
1985	2  30  25 
1987	6  26  18 
1989	2  11   4 
1991	2  16   4 
1989	2   8  14 
1987	6  35  28 
1991	6   7   1 
1993	2  22  32 
1995	2  15   3 
1997	2  18   6 
1995	2  28  32 
1997	2  10  14 
1997	6  34  32 
1999	2   9   3 
1999	2  12   7 
2001	2   5   4 
1999	2  22  21 
2001	2  13   7 
2003	2  18   7 
2003	2  17   4 
2005	2   1   4 
2003	2  28  21 
2005	2  19  32 
2007	6   8   0 
2007	2  22  26 
2009	2  33  32 
2011	2  23  34 
2011	6  31  24 
2013	2  23  21 
2013	2  35  34 
2013	2   8   4 
2015	2  35  21 
2013	6  12   6 
2017	2  20  32 
2017	2  29  34 
2019	6  22  19 
2015	6   3   2 
2025	6  24  12 
2025	2  15  14 
2025	2  11   3 
2025	2  27  34 
2027	2  16   3 
2029	2   9  14 
2031	2  12  24 
2033	2  19  25 
2033	2  12   7 
2031	2  29  21 
2035	2  31  24 
2033	2  22  34 
2031	2   5   3 
2035	2  17   3 
2035	2  33  34 
2035	6  13   7 
2037	2  30  24 
2037	2  28  26 
2039	2  27  21 
2037	6  11   9 
2043	2   1   3 
2043	2  20  34 
2045	6   9   6 
2045	2  32  34 
2051	2   9   6 
2047	6  28  26 
2053	2   9  16 
2055	2   2  14 
2053	2  26  25 
2055	2  23  28 
2055	6  26  25 
2057	2   9   5 
2057	2  22  21 
2059	2  35  28 
2059	2   9  17 
2057	2   7   6 
2059	6  18  13 
2061	2   9   1 
2065	2  31  18 
2061	2  29  28 
2067	2  19  24 
2069	2  30  18 
2063	2  27  28 
2067	2  33  21 
2071	2  19  18 
2069	2  22  28 
2065	2   8   3 
2067	2   9   8 
2071	2  33  28 
2063	6   1   0 
2073	2  20  21 
2069	2   1   4 
2071	2   1   3 
2073	2  13   6 
2075	2  12   6 
2073	2  10   4 
2075	2  10   3 
2073	2  25  24 
2077	2  25  18 
2077	2  15   4 
2079	6  27  26 
2079	2   9   1 
2081	2  15   3 
2083	2   9  10 
2079	6  31  24 
2073	6  35  23 
2081	6  12   6 
2085	2   9  15 
2085	2  35  27 
2087	2  24  12 
2087	2  23  27 
2089	2  30  12 
2091	2  19  12 
2085	2  11   4 
2087	2   2   4 
2089	2  29  27 
2091	2  26  27 
2093	2  25  12 
2093	2  22  27 
2089	2  11   3 
2095	2  14   4 
2095	2  33  27 
2097	6  16  14 
2097	2   2   3 
2103	6  15   5 
2109	6  17  10 
2109	2   7  14 
2111	2  13  14 
2113	2   6  14 
2115	2   7  15 
2095	6  30  25 
2097	6  35  33 
2103	2  33  31 
2117	2  13  15 
2119	6  19  14 
2119	2  16   3 
2121	2   4   3 
2119	6   6   1 
2105	6  33  31 
2125	2  20  28 
2127	2  32  21 
2127	2  24  19 
2123	6  10   3 
2129	2  23  33 
2131	2  20  27 
2133	2  29  33 
2135	2  32  28 
2137	2  34  21 
2139	2  34  28 
2141	2  32  27 
2143	2  34  27 
2129	2   7   3 
2131	2   7   0 
2137	2  25  19 
2133	2   7   8 
2135	2   7   6 
2139	2  13   3 
2141	2   9  11 
2141	2  13   0 
2143	2  13   8 
2141	6  25  24 
2147	2  26  33 
2145	2   9   2 
2145	2  13   6 
2149	2  31  18 
2147	2   1  15 
2149	2  21  28 
2151	2  21  27 
2151	2  14  19 
2153	2  25  15 
2155	6   7   3 
2155	2  22  33 
2157	2  28  27 
2159	2  35  33 
2155	6  25  18 
2159	6  23  22 
2161	2   1   7 
2165	2   3  17 
2167	2   1   0 
2167	2   3   5 
2169	2   1   8 
2161	2  20  33 
2171	2   3  11 
2173	2  18   7 
2175	2   3   2 
2163	2  32  33 
2165	2  34  33 
2177	2  18   0 
2167	2  21  33 
2179	2  18   8 
2169	2  28  33 
2171	2  27  33 
2173	6  27  22 
2179	6  33  29 
2181	2  30  19 
2181	2   9  16 
2183	2   9   4 
2181	2   1   6 
2183	2  18   6 
2185	2  27  25 
2185	2   3  16 
2187	2   3   4 
2189	2   9  10 
2191	2   3  10 
2187	2  33  25 
2189	2  26  25 
2187	6  23  22 
2185	6  14  13 
2191	6  15  14 
2191	6  24  12 
2191	6  33  26 
2193	6   3   1 
2197	2  12  14 
2197	2  31  24 
2193	6  28  22 
2199	6  33  25 
2199	2  15  17 
2201	2   3  17 
2205	2  28  33 
2201	2  13  14 
2203	2  15   5 
2207	2  35  33 
2205	2  15  11 
2207	2  15   2 
2209	6  18  14 
2209	2   3   5 
2215	6  17  15 
2221	2  20  33 
2215	2  12   7 
2217	2  12   0 
2221	2   3  11 
2215	6  31  24 
2219	6  12   7 
2223	2   3   2 
2223	2  27  31 
2225	2  26  31 
2223	2  14  15 
2225	2  17  16 
2227	2  17   4 
2227	2  32  33 
2229	2  34  33 
2225	2  13  12 
2227	2   7   8 
2229	2   3  16 
2231	2  21  33 
2231	2  17  10 
2227	2  24  19 
2229	2  30  18 
2231	2  25  31 
2233	2  27  19 
2235	2  22  33 
2235	2  13   0 
2233	2   3   4 
2235	2   3  10 
2237	2  30  12 
2237	6   9   5 
2239	2   7   6 
2239	2  24  18 
2241	2  24  12 
2239	2  23  33 
2243	2  26  19 
2245	2  25  19 
2243	2   7  15 
2245	2  14   9 
2245	2  29  33 
2247	6  17  14 
2247	6  33  31 
2253	6  30  24 
2253	2  28  33 
2253	2  13   8 
2253	2  17  11 
2255	2  13   6 
2257	2   7   9 
2255	2  35  33 
2257	2  20  33 
2259	6  19  15 
2259	2  32  33 
2261	2  34  33 
2259	6   6   0 
2265	6   9   7 
2265	6  30  18 
2263	6  35  23 
2263	6  32  27 
2269	6  34  22 
2271	2   9  11 
2271	2  24   6 
2273	2  18   6 
2275	6  24  12 
2281	2  12   8 
2283	2  13  19 
2275	2  21  33 
2277	2  34  33 
2279	2  35  33 
2281	2  32  30 
2283	2  28  15 
2273	6  11   4 
2279	6  17  11 
2283	6  32  30 
2285	2  12   0 
2285	2  23  15 
2289	2  18   8 
2289	2  29  33 
2291	6  13   8 
2297	2  18   0 
2299	2   8   7 
2299	2  12  19 
2299	2  31  33 
2291	6   4   3 
2291	6  29  23 
2287	6  16  11 
2293	6  21  15 
2297	6  35  29 
2301	2  30  24 
2301	2  16   2 
2301	2  26  32 
2301	6  12   6 
2303	2   8   3 
2303	2  20  21 
2307	2  18  19 
2303	2  16  11 
2305	2  16  17 
2305	2   9   2 
2307	2   9  11 
2307	2   6   7 
2305	2  27  21 
2307	2  22  21 
2309	6  33  28 
2309	2  30  12 
2309	2  15  21 
2311	2  16  10 
2309	2   8   2 
2311	2  18   7 
2313	2   9  17 
2313	6  30  12 
2315	2  34  21 
2317	2  29  21 
2315	2   9  10 
2319	6   6   0 
2319	2  25  32 
2321	2  33  32 
2323	2  35  32 
2325	6  18   6 
2325	2  23  21 
2327	6  33  31 
2331	2   0   3 
2327	6  17  16 
2333	6  11   4 
2333	2  12  13 
2333	2   0   2 
2333	2  26  24 
2335	2  12  18 
2335	2  26  30 
2337	2  25  24 
2337	2  33  21 
2339	2  26  13 
2335	6   2   0 
2339	6  35  34 
2341	2   8   4 
2343	2   8  16 
2341	2  25  30 
2343	2  31  24 
2343	6  26  20 
2345	2  31  30 
2345	2   2   4 
2347	2   8  10 
2341	6   6   0 
2345	6  34  33 
2349	2   0   3 
2351	2   0   6 
2351	2  28  21 
2351	2  26  32 
2347	6  30  24 
2351	6   4   2 
2353	2  12  19 
2353	2  27  32 
2355	2  20  18 
2357	6  31  24 
2357	2   4  16 
2357	2  20  19 
2359	2   4  10 
2357	2  12   7 
2359	2  20   7 
2361	2   0   2 
2361	6  20  13 
2361	6  16  10 
2363	6  32  28 
2367	6  12   7 
2369	2  33  30 
2371	2  22  28 
2371	2  26  30 
2367	6  10   9 
2373	2  25  20 
2373	2   7   3 
2373	6  33  32 
2375	2  24  20 
2377	2  13   3 
2379	6  16   3 
2385	2  15  28 
2387	2  35  28 
2389	2  29  28 
2391	2  23  28 
2379	2   7   6 
2393	2  34  28 
2379	2  25  18 
2381	2  25  19 
2383	2  24  18 
2385	2  24  19 
2383	2  32  31 
2387	2  25  12 
2389	2   7   2 
2391	2  13   6 
2389	2  26  31 
2393	2  24  12 
2393	2  32  20 
2391	6   9   8 
2395	2  32  18 
2395	6  22  16 
2397	2  26  20 
2399	2  32  19 
2401	2  26  18 
2403	2  33  28 
2405	2  26  19 
2407	2  21  28 
2401	2   0   8 
2403	2   0   3 
2407	2  13   2 
2407	6  32  30 
2409	2   7   8 
2411	2  13   8 
2413	2   7   3 
2413	2  27  32 
2409	6  16  15 
2413	6  19  18 
2415	2  27  31 
2419	6  25  14 
2425	6  25  18 
2425	2  14  22 
2427	2  14   6 
2429	2  14   2 
2425	6  33  32 
2431	6  27  20 
2431	6  32  31 
2437	6  32  22 
2437	2  14   8 
2443	2  20  27 
2431	6  18   6 
2439	6   6   2 
2443	6  22  16 
2445	2  24  32 
2447	2  30  12 
2449	2  15  33 
2449	2  24  18 
2451	2  30  32 
2451	2  15  16 
2453	2  22  33 
2451	2  20  19 
2453	2  20  25 
2455	2  24   6 
2455	2  15  27 
2457	6  19  15 
2463	2  19  15 
2457	2  35  33 
2459	2  29  33 
2461	6  35  23 
2467	2  22  16 
2465	2  26  12 
2467	2  20  12 
2467	2  35  33 
2469	6  24   6 
2475	2  30  18 
2469	2  34  33 
2477	2  19  25 
2477	2   6   8 
2479	2  19  12 
2479	2  30  24 
2469	2  23  16 
2471	2  29  16 
2473	2  22  27 
2475	2  23  27 
2477	2  29  27 
2479	2  26  32 
2481	2  26  18 
2479	2  22  15 
2479	6   3   1 
2483	2  20  32 
2479	6  35  34 
2485	2  13   1 
2485	2  26  24 
2481	6  23  16 
2485	6  34  28 
2487	2  19  32 
2489	2  14   1 
2491	6  12   8 
2491	2  28  23 
2493	2  28  27 
2495	2  35  23 
2489	6  32  31 
2495	2  32  33 
2495	6  25  20 
2497	2  16  15 
2501	2  21  33 
2501	2  30  12 
2497	6  29  23 
2499	6   9   8 
2503	2  22  20 
2503	2   6   1 
2505	2  16  20 
2507	2  23  15 
2509	2  26  12 
2511	6  13   1 
2511	2  22   9 
2513	2  16   9 
2511	2  34  33 
2513	2  35  27 
2515	6  32  22 
2521	2  25  18 
2521	2  28  15 
2523	6  20  16 
2523	2  32  31 
2525	6  32  31 
2529	2  23  16 
2529	2  19  18 
2531	6  32  26 
2537	2  25  24 
2531	2  22  29 
2539	2  20  26 
2533	2  23   9 
2535	2  28  16 
2531	6  13  12 
2539	2  30  12 
2537	6  23   9 
2541	2  19  24 
2543	6  26  12 
2543	6  35  23 
2543	6   9   2 
2549	6  34  28 
2549	2  32  26 
2551	2  31  18 
2553	2  20  18 
2549	6   7   2 
2555	2  25  13 
2557	2   7  12 
2555	2  22  27 
2557	2  25  26 
2559	2   7  18 
2561	2  19  13 
2559	2  21  29 
2561	2  31  24 
2561	2  34  35 
2561	2  23  15 
2563	2  19  26 
2563	2  22  15 
2565	6  34  32 
2571	2  31  13 
2565	2  23  16 
2571	2  28  29 
2573	6  32  19 
2573	2  23  35 
2575	2  22  16 
2577	2  22  35 
2579	2  21  27 
2581	2  20  24 
2579	6  23  10 
2583	2  19  12 
2585	6  25   7 
2585	2  21  15 
2591	6  12   7 
2591	2  25  24 
2591	2  21  16 
2591	2  33  29 
2593	2  28  27 
2595	2  28  15 
2597	2  33  27 
2597	2  20  13 
2597	6  22  16 
2599	2  19  18 
2599	2  31  26 
2601	2  19  24 
2603	2  20  26 
2603	2  28  22 
2599	6   7   3 
2605	2  25  13 
2605	2  10   3 
2607	6  18  13 
2607	2  16   3 
2607	2  29  27 
2609	2  21  35 
2611	2  25  26 
2613	2  19  18 
2615	2  19  26 
2611	2  28  35 
2611	6  21  15 
2617	2  33  21 
2609	6  10   3 
2615	6   7   3 
2619	2  33  22 
2617	6  24  19 
2621	2  33  35 
2621	2  15  10 
2623	2  29  21 
2625	2  28  10 
2623	2   7  13 
2627	2  29  22 
2625	2   7  19 
2627	2   7  18 
2627	6  26  20 
2629	2  29  35 
2633	6  28  21 
2629	6  17  10 
2633	6  19   8 
2639	6  29  17 
2639	2   7  20 
2641	6  21  13 
2647	2  33  29 
2647	2  16  21 
2649	6  33  19 
2649	6  16   2 
2655	6  18   6 
2655	2  17  29 
2655	2   2   8 
2657	2  27  28 
2659	2  15  21 
2661	2  13  21 
2663	6  15   7 
2669	2  19  21 
2671	2  17  21 
2669	2   7   8 
2671	2   2   6 
2673	2  13   8 
2673	2  27  22 
2675	2   2  20 
2677	2  19   8 
2677	2  28  22 
2679	6  10   8 
2679	2  27  35 
2681	2  27  29 
2683	2  27  21 
2685	6  17   9 
2691	2   9  10 
2685	2   7   6 
2687	2  13   6 
2685	2  28  35 
2687	2  28  29 
2691	2   7  20 
2693	2  19   6 
2693	2  22  35 
2695	6  27  15 
2695	6   6   2 
2701	6   8   2 
2701	2  13  20 
2703	2  19  20 
2701	2  22  29 
2703	2  15  10 
2705	2  28  21 
2705	6  17  10 
2711	2  28  17 
2711	2   9   8 
2713	6  28  21 
2719	2  15   8 
2721	2   9  20 
2719	2  22  28 
2721	2  22  17 
2723	2  15  20 
2721	2  35  29 
2723	2  35  28 
2725	6  35  17 
2725	6   9   8 
2731	2  21   9 
2733	6  21  20 
2739	2  20  21 
2733	2  17  35 
2735	2  29  28 
2737	2  29  35 
2739	2  28  35 
2735	6  17   9 
2741	2  22  17 
2743	2   9  17 
2745	2  22  21 
2747	2   9  21 
2747	2  29  17 
2749	2  29  21 
2751	2  28  17 
2753	2  28  21 
2755	2  35  17 
2757	2  35  21 
2759	2  17  21 
