   1	2  18  34 
   3	2  18   4 
   3	6  44  31 
   5	2  18  10 
   7	6  13   4 
   7	6  18  17 
   3	6  34  27 
   1	6  42  35 
  13	2  17  31 
  13	2  27  13 
  15	6  27  26 
   7	6  35  21 
  15	6  13  12 
  13	6  21   8 
  19	2  17   8 
  21	2  26  10 
  15	6  37  30 
  23	2  26  31 
  25	2  12  10 
  27	2  17  30 
  21	6  15   7 
  27	6  26  12 
  29	2  17  15 
  31	2  17  22 
   3	6  48  47 
  25	6  47  39 
  33	2  26  31 
  31	6   8   2 
  33	6  12   4 
  35	6  30  17 
  39	2   4   2 
  35	6  34  33 
  41	6  18  15 
  47	2  30  39 
  47	6  11   2 
  49	2  30  28 
  47	6   7   0 
  51	6  22  16 
  57	2  10  31 
  59	6  31  25 
  53	6  14   7 
  49	6  47  40 
  59	6  45  40 
  59	6  16   3 
  65	2  30  22 
  67	2  30  36 
  65	2   4  17 
  67	2  26  11 
  69	6   5   3 
  69	2  30  33 
  71	2  30  35 
  73	2  30  14 
  75	6  39  27 
  75	2  10  11 
  75	6  22   1 
  81	2  30  37 
  81	2  26  17 
  83	2  30  45 
  85	2  30  15 
  83	2   4  18 
  85	2  26  18 
  87	2  25  11 
  87	2  30  16 
  89	6  27  12 
  89	2  30  22 
  89	2  10  17 
  95	2   4   5 
  91	2  25  17 
  95	2  10  18 
  91	6  38  30 
  91	6  28  14 
  97	2  26   5 
  97	6  15  14 
  99	2  25  18 
  99	2   4  12 
 101	2  26  12 
  97	6  39  38 
 103	6  25  13 
 103	6  10   4 
 103	6  36  21 
 109	6  21   8 
 109	2  39  34 
 109	2   4   5 
 111	2   4  12 
 113	2  11  17 
 111	6  31  26 
 117	2  39  36 
 115	2  10  15 
 117	2  10   1 
 115	2  13   5 
 117	2  13  12 
 119	6  34  20 
 119	2  31  15 
 121	2  39  47 
 119	2  11  18 
 121	2  10   8 
 123	2  11   5 
 121	6  31  24 
 127	2  39  34 
 129	2  39  40 
 127	2  17  18 
 129	2  17   5 
 123	6  14   1 
 131	2  11  12 
 129	6  22  14 
 133	2  17  12 
 135	2  18   5 
 137	2  18  12 
 135	6  15   2 
 141	2   4   2 
 141	2  24  22 
 143	6  22  10 
 131	6  39  38 
 149	6   3   2 
 149	2   5  12 
 149	6  38  23 
 143	6  33  25 
 149	6  36  35 
 151	6  13   5 
 155	2  22  25 
 155	6  45  38 
 157	2   4  10 
 157	2  23  15 
 161	2  24   8 
 157	6  13  12 
 157	6  29  28 
 163	2  24  25 
 163	2  22  36 
 163	2   5   3 
 165	6  38  23 
 165	2  11   3 
 163	6   8   1 
 169	2   4   1 
 171	6  13   4 
 171	2  24  36 
 173	2  38  46 
 173	2  22  29 
 175	2  22  37 
 177	6  20  19 
 177	2  22  23 
 179	2  17   3 
 179	2  22   8 
 183	2  18   3 
 181	2  22  16 
 185	2   5  10 
 183	2  22  14 
 175	6  48  46 
 181	2  38  46 
 187	2  11  10 
 189	2  17  10 
 183	2  38  31 
 185	6  38  22 
 185	6   7   0 
 173	6  42  35 
 185	6  25  19 
 179	6  43  42 
 191	6   2   1 
 191	2  38  25 
 193	2  24  29 
 195	2  18  10 
 197	2  13  19 
 195	2  38  43 
 197	2  24  37 
 191	6  15  14 
 191	6  40  34 
 197	6   4   2 
 199	2  22   7 
 199	2  38  47 
 201	2  38  40 
 201	2  24  23 
 203	6  34  33 
 203	2  22  28 
 209	2  38  33 
 211	2  24   8 
 203	2   5   4 
 205	2  11   4 
 199	6  20  13 
 207	6  19  11 
 199	6  43  36 
 213	2  24  16 
 213	2   5  11 
 215	2  12   3 
 217	2  17   4 
 213	6  21  14 
 211	6  46  43 
 217	6  46  34 
 219	2  12  10 
 221	2  19  11 
 221	2   2   3 
 221	2  24  15 
 223	6  13   5 
 223	2  22  35 
 223	2  24  25 
 223	2   2  10 
 225	2   3  10 
 227	2  24  36 
 223	6  34  27 
 223	6  47  39 
 229	6  38  29 
 229	2  18   4 
 231	2  17  11 
 229	2  20  27 
 231	2  13  27 
 233	2  18  11 
 229	6  48  41 
 235	6  22   8 
 235	2  19  27 
 237	2  12   4 
 239	2  12  11 
 235	6  41  32 
 235	6  43  37 
 237	6  27  20 
 241	2  29  21 
 241	2   2   4 
 241	2  24  39 
 243	6  40  38 
 243	2   8   1 
 243	2  17  20 
 245	2   3   4 
 245	2  18  20 
 247	2  12  20 
 245	6  22   7 
 249	2  27  40 
 249	2  10   4 
 243	6  43  36 
 251	6  20  13 
 251	2  24  38 
 251	2   2  11 
 253	2  29  32 
 255	2  24  33 
 255	2  29  37 
 257	2  29  31 
 259	2  24  21 
 257	6   5   3 
 261	2  24  32 
 261	2  29  22 
 253	6   8   1 
 257	6  34  20 
 263	6  30  28 
 263	2   1   3 
 263	2  34  40 
 265	2  19  40 
 267	2   5  11 
 265	6   3   2 
 269	2  24  37 
 271	6  25  17 
 271	2  29  30 
 273	2  29  35 
 269	6  13   5 
 275	2   3   5 
 267	6  40  27 
 273	6  40  38 
 277	2  10  11 
 279	2  24  31 
 279	2   4  11 
 265	6  14   7 
 275	6  35  28 
 275	6  20  19 
 271	6  15  14 
 277	6   2   1 
 281	2  38  36 
 281	2  25  27 
 281	2  13   5 
 283	6  36  24 
 283	6  27  12 
 283	6   9   1 
 289	6  24  19 
 289	6  34  33 
 289	6  29  15 
 295	2  18  12 
 295	2  15   8 
 297	6  14   8 
 297	2  38  23 
 299	2  38  29 
 297	2  33  19 
 299	2  20  19 
 301	2  27  12 
 301	6  38  23 
 307	2  15   9 
 307	2  33  38 
 303	6  20  18 
 301	6  43  35 
 307	6  36  29 
 309	2  23  16 
 309	2  25  19 
 311	2  10   5 
 311	2  20  19 
 309	6  40  38 
 313	2   4   5 
 313	2  23   8 
 313	2  27  19 
 315	6  38  36 
 315	2   3  12 
 317	2  13  12 
 319	2   3  19 
 315	6  24  16 
 315	6  40  34 
 321	6  33  24 
 321	2  29  22 
 321	2  13  19 
 323	2  11   5 
 321	6  46  44 
 323	6  35  21 
 327	2  18  34 
 329	2  24  38 
 331	2  23  17 
 321	6   9   2 
 329	6  34  20 
 333	2  23  21 
 327	6   2   1 
 335	2  29  30 
 335	2  10  12 
 331	6  38  32 
 337	6  44  37 
 337	2  25  20 
 339	2   4  12 
 341	2  11  12 
 337	2  29  28 
 337	2   9  16 
 339	2  24  33 
 341	2  24   8 
 339	6  29  21 
 343	2  18  32 
 343	2  15  16 
 343	6   7   1 
 345	2  25  32 
 347	2  10  19 
 349	6  10   8 
 349	2  34  20 
 351	2   5  12 
 351	2  34  32 
 353	2  27  20 
 345	6  29  22 
 351	6  37  23 
 355	2  18  33 
 355	2  21  14 
 357	2   4  19 
 357	2  37  39 
 359	2  25  33 
 359	2   9  23 
 359	2  37  36 
 359	6  20   5 
 361	2  18  10 
 363	2  24  17 
 361	2  37  40 
 365	2   3   5 
 367	2  11  19 
 369	2  20  19 
 363	2  34  33 
 371	2  13   5 
 361	2  21   7 
 363	2  37  35 
 365	2  37  38 
 367	2  37  44 
 373	2  12  19 
 375	2  27  32 
 365	2  15  23 
 375	2  18  17 
 367	6   8   2 
 375	2   2   5 
 367	6  23  22 
 365	6  35  28 
 377	2  25  10 
 373	6  36  30 
 377	6  34  27 
 379	2   4   5 
 379	2  24  23 
 381	2  18  23 
 383	6  32  18 
 383	6  27  13 
 389	6  34  26 
 389	2  24  39 
 389	2  11   5 
 395	2   3  18 
 397	2  27  18 
 391	2  32  39 
 393	2  37  31 
 395	2  37  29 
 397	2  37  36 
 391	6  13   5 
 383	6  15  14 
 397	6   5   3 
 399	2  37  35 
 399	2  25  17 
 401	2  24  30 
 401	2  26  33 
 397	6  21  15 
 403	6  14   7 
 403	2  25  23 
 405	2  32  30 
 407	2   2  18 
 409	6  23   9 
 409	2   4  18 
 411	2  11  18 
 409	2  20  13 
 413	2  20  18 
 407	6  36  28 
 395	6  47  41 
 401	6  47  45 
 409	6  39  32 
 407	6  45  44 
 413	6  44  35 
 415	2  15  16 
 417	2  15  22 
 419	2  37  21 
 415	2  25  32 
 415	2  12  13 
 415	2   3  10 
 417	2  19  13 
 417	2   3  17 
 421	2  25  30 
 423	2  12  18 
 419	2   3   9 
 423	2  23  35 
 425	6  12   3 
 425	2  24  40 
 431	2  26  10 
 433	6  33  12 
 433	6  37  23 
 439	2  37  42 
 439	2   5  12 
 439	2  39  40 
 441	2  24  36 
 443	2  39  36 
 441	2  27  12 
 443	2   5  10 
 439	6  15   7 
 443	6  27  20 
 445	2  23  14 
 445	2  33  32 
 447	2  24  38 
 445	6   5   2 
 449	2  25  40 
 451	6  39  37 
 451	2  26  17 
 457	2  37  38 
 453	2   2  17 
 459	2  24  45 
 451	2   5  12 
 453	2   4  12 
 455	2  11  12 
 457	2  27  12 
 459	2   3  12 
 451	6   7   0 
 445	6  35  28 
 451	6  28  21 
 457	6  42  28 
 461	2  24  31 
 461	2  37  45 
 461	2  19  18 
 461	6  10   4 
 463	2  33  30 
 465	2  23  16 
 467	2  15  21 
 465	2  37  31 
 465	2  33  40 
 467	2  20   4 
 467	6  36  24 
 469	2  19  12 
 471	2   5   4 
 457	6   7   0 
 463	6   1   0 
 469	6   8   1 
 473	2  20  17 
 473	2  36  29 
 473	6  45  40 
 475	2   7  21 
 475	2  36  35 
 475	2  25  24 
 475	2  10   4 
 477	2   5  17 
 475	6  27  20 
 479	2  25  38 
 479	2  11   4 
 479	2  15  28 
 481	6  11   9 
 481	2  33  24 
 487	2   7  28 
 487	2  10  17 
 489	2  20   4 
 489	2  37  29 
 489	2   9  17 
 483	6  32  25 
 489	2  32  40 
 491	6  23  15 
 497	2  15  22 
 491	2  37  35 
 491	2   3   4 
 499	2  15  21 
 493	2  36  44 
 491	2  13  18 
 495	2  36  42 
 493	2  26  11 
 495	2   2  11 
 497	2  37  44 
 495	2  26  25 
 497	2  32  31 
 497	2  27  11 
 499	2  33  38 
 499	2   5  11 
 499	6  36  35 
 501	2  20  17 
 503	2  39  34 
 505	2  39  46 
 505	2  35  14 
 503	2  10  11 
 507	2  39  41 
 505	2   3  17 
 507	2   9  11 
 507	6  37  29 
 509	2  39  48 
 509	2  20  11 
 511	2  19   4 
 511	2  33  40 
 513	6  32  30 
 513	2  13  12 
 515	2   3  11 
 517	2  19  17 
 513	6  47  45 
 513	6  35  21 
 519	6  38  33 
 519	2  21  16 
 519	2  13   4 
 521	2  18  12 
 525	2  26  32 
 525	2  30  37 
 521	2  15  28 
 523	2  21  22 
 525	2  21  35 
 521	6   3   2 
 523	6  13   5 
 529	2  26  47 
 527	2  30  36 
 529	2  29  42 
 529	2  38  31 
 527	6  15   8 
 531	2  21  28 
 531	2  38  37 
 531	2  26  24 
 527	6  10   3 
 531	6  43  42 
 533	2  29  14 
 533	2  10  25 
 535	2  29  16 
 535	2  27  25 
 537	6  38  37 
 537	2  29  22 
 539	2  29  35 
 541	2  29  28 
 537	2  26  33 
 539	2  26  40 
 541	2  13  25 
 541	6  40  34 
 543	2  30  44 
 545	2  37  36 
 543	2  19  11 
 545	2   5  17 
 543	6  21  14 
 547	2  26  31 
 549	2  26  38 
 551	2  30  43 
 553	2  30  21 
 547	2   5  11 
 551	2  18   4 
 553	2  18  17 
 555	2  30  16 
 557	2  30  22 
 553	2  12   4 
 559	2  37  44 
 561	2  37  43 
 555	2  18  11 
 557	2  12  17 
 559	2  12  11 
 561	2   4  17 
 551	6  40  33 
 557	6  32  26 
 557	6  47  40 
 563	2  10  26 
 563	2  37  21 
 565	6  25  10 
 565	6  20  13 
 563	6  47  41 
 571	6  32  29 
 571	2   3  10 
 577	2  30  35 
 579	2  37  16 
 581	2   9  10 
 581	2  37  22 
 583	2  37  35 
 585	2  29  36 
 587	2  29  44 
 577	2  27  26 
 579	2  20  26 
 583	2   4  11 
 581	2  25  40 
 583	2  25  24 
 583	2  27  40 
 585	2  25  41 
 587	2  25  34 
 589	6  34  20 
 589	2  25  31 
 591	2  25  38 
 589	2  29  43 
 591	2  29  21 
 593	2  29  16 
 585	6   5   3 
 593	6  31  25 
 595	2  29  22 
 595	2  34  40 
 597	2  29  35 
 599	6  33  24 
 595	6  13   5 
 599	6  22  21 
 593	6  46  45 
 599	6  45  36 
 595	6   8   7 
 605	6  36  21 
 605	2   5  10 
 605	2  27  33 
 607	2  13  26 
 609	2  27  41 
 605	2  23  24 
 607	2  31  45 
 611	2  27  20 
 607	2  17  11 
 611	2  23  21 
 609	2   2  10 
 609	6  39  38 
 613	2  27  25 
 615	6  37  35 
 615	2  34  33 
 617	2  34  41 
 615	2  19  10 
 619	2  34  20 
 617	2   3  10 
 619	2  18  10 
 615	6  47  46 
 615	6  24  23 
 621	6  38  36 
 621	2  34  25 
 621	2  12  10 
 623	2   8  23 
 625	2   8  21 
 623	2   4  10 
 627	2  30  28 
 625	2  17  10 
 629	2   7  23 
 629	2  35  28 
 627	2  11  10 
 623	6  26  13 
 629	2  26  40 
 631	6  32  24 
 637	2  32  46 
 631	2   7  21 
 639	2  31  44 
 641	2  31  43 
 631	6  10   9 
 629	6  13   5 
 637	2  10   5 
 639	2  13   5 
 641	2   2   5 
 631	6  41  27 
 639	6  47  41 
 643	2  26  33 
 643	2  36  15 
 643	6  11   5 
 645	2  29  28 
 647	2  14  23 
 649	2  14  21 
 645	2  26  27 
 649	2  24  23 
 647	2  26  20 
 651	2  24  21 
 645	6  47  45 
 645	6   1   0 
 649	6  34  33 
 653	2  30  23 
 655	2  35  23 
 653	2  19  11 
 657	2  31  22 
 655	2   3  11 
 657	2  18  11 
 659	2  31  16 
 659	2  12  11 
 653	6   7   1 
 655	6  40  33 
 661	6  19  10 
 667	2  32  48 
 661	2  29  23 
 667	2   4  11 
 659	6  14   7 
 663	6  36  28 
 667	6  16   8 
 669	2  31  38 
 671	2  30  21 
 669	2  19  33 
 671	2  45  39 
 671	2  26  25 
 673	6  33  26 
 673	2  17  11 
 673	2  45  47 
 675	2  45  44 
 673	2  28  14 
 675	2  28  42 
 677	2  45  43 
 675	2   5  11 
 677	2   9  11 
 673	6  31  30 
 679	6  26  11 
 679	2  30  37 
 679	2  35  21 
 681	2  30  36 
 679	2  40  39 
 683	2  30  23 
 681	2  40  47 
 685	6  31  16 
 685	2  13  11 
 685	2  29  21 
 687	2  19  34 
 689	2  13  34 
 691	6  40  31 
 691	2  19  27 
 693	2   2  11 
 695	2  10  11 
 695	2  19  20 
 681	6  45  44 
 687	6  44  36 
 693	2  36  22 
 695	6  36  22 
 697	2  40  46 
 697	2  13  27 
 699	2  33  39 
 699	2  13  20 
 697	2   3  11 
 699	2  18  11 
 695	6   7   1 
 701	6  44  36 
 701	2  22   8 
 701	2  12  11 
 703	2   4  11 
 701	2  33  47 
 703	2  40  48 
 705	2  17  11 
 707	6   6   4 
 707	2  22  38 
 709	2  22  37 
 711	2  30  21 
 713	2  22  36 
 715	2  22  23 
 707	2  19  25 
 713	2   5  11 
 715	2   9  11 
 703	6  34  27 
 709	6  27  20 
 709	6  39  33 
 715	6  46  43 
 717	2  22  21 
 721	2  31  45 
 723	2  31  46 
 717	6   3   2 
 717	6  16   8 
 715	6  20  13 
 721	6  34  19 
 725	2  31  44 
 723	6   4   2 
 727	2  20  25 
 729	2  34  33 
 727	2  39  45 
 729	2  31  16 
 731	2  31  38 
 731	2  34  47 
 719	6  28  21 
 727	6  43  35 
 725	6  21   7 
 731	2   7   2 
 729	6  13  11 
 733	2  39  46 
 733	2  21  35 
 733	2  31  37 
 735	6  47  45 
 735	2   3  11 
 735	2  26  13 
 737	2   3  19 
 739	2  10  11 
 735	6  29  21 
 733	6   8   7 
 735	6  24  16 
 739	6  27  20 
 741	2  39  44 
 743	2  31  36 
 741	2   4  11 
 743	2  18  11 
 739	6   7   1 
 741	6  16  15 
 747	2  31  23 
 745	2  12  11 
 745	2  27  33 
 747	2  10  19 
 743	6  48  46 
 745	6  43  28 
 749	2  32  16 
 749	6  20  12 
 751	2  34  47 
 751	2  31  43 
 753	2  39  24 
 753	2  34  48 
 753	6  35  21 
 755	2  39  38 
 755	2   3  12 
 757	2  10  12 
 745	6   1   0 
 755	6  41  27 
 759	2   7  21 
 759	2   6  11 
 757	6  32  24 
 761	2   4  19 
 761	2  15  21 
 763	6  40  34 
 763	2   0  21 
 763	2  18  19 
 765	2   4  12 
 765	2  28  21 
 767	2  18  12 
 767	2  35  21 
 757	6  46  45 
 763	6  45  44 
 763	6  10   9 
 769	6  44  35 
 769	2  17  11 
 769	2  20  19 
 771	2   6  19 
 773	2  20  12 
 769	6  22  21 
 769	6   9   8 
 769	6  34  32 
 775	2  32  16 
 775	2   5  11 
 777	2  17  19 
 777	2  41  46 
 779	2  39  37 
 779	2  10  11 
 775	6  35  28 
 777	6  14   0 
 781	2   6  12 
 781	2  29  28 
 781	2  41  47 
 779	6  24  23 
 783	2   7  28 
 783	2   5  19 
 783	2  40  45 
 785	6  25   4 
 785	2  41  48 
 785	2  15  28 
 791	2  26  11 
 793	2  17  12 
 795	2  10  19 
 787	2  14  28 
 789	2  35  28 
 791	2  30  22 
 793	2  44  28 
 795	2  30  28 
 793	2  40  34 
 785	6   1   0 
 791	6   8   1 
 797	6  44  36 
 797	2  23   8 
 797	2   3   4 
 799	2  21  22 
 797	2  26  19 
 801	2  21  28 
 799	2   1   4 
 801	2   5  12 
 795	6  46  40 
 801	6  32  24 
 803	2  10  12 
 805	2  13  11 
 807	2  25   4 
 803	6  42  21 
 809	2  31  22 
 811	2  29  16 
 811	2  46  38 
 809	2  13  19 
 811	2  26  12 
 801	6  41  40 
 813	2  23  21 
 815	2  23   2 
 813	2  39  44 
 815	2  39  32 
 813	2  13  12 
 813	6  27  26 
 817	2   7  16 
 817	2  46  37 
 819	6  24   9 
 819	2  11  19 
 819	2  46  44 
 825	2   9   8 
 821	2  40  45 
 823	2  40  34 
 825	2  18   4 
 825	2  40  38 
 819	6  29  22 
 827	6  39  37 
 833	2  46  32 
 827	2  15  16 
 829	2  22   8 
 827	2  20   4 
 829	2   6   4 
 831	2   9  21 
 833	2  11  12 
 833	2   9   2 
 833	2  37  43 
 833	2  22  21 
 829	6  27  20 
 835	6  11   3 
 835	2  37  29 
 835	2  24  26 
 837	2  14  16 
 841	2  19  12 
 843	2  23  26 
 839	2   7   8 
 835	6  46  45 
 841	2  45  43 
 841	6   2   1 
 847	2  22   1 
 845	2  40  39 
 845	6  26  11 
 849	2   7  21 
 849	2  24  23 
 847	6  48  40 
 851	2  45  29 
 851	2   9  11 
 853	6  48  46 
 853	2  24   9 
 855	2  23   9 
 857	2  15   8 
 857	2  17   4 
 853	2  26  33 
 853	6  36  28 
 855	6  33  26 
 859	2  31  36 
 859	2   7   1 
 859	2   5   4 
 859	6  22  16 
 861	2  33  41 
 865	2  35  22 
 865	2  10   4 
 863	2  33  47 
 865	2  33  40 
 861	6   8   7 
 861	6  45  44 
 867	6  21   7 
 867	2  37  36 
 867	2  46  45 
 867	2  16  11 
 869	2  24  16 
 871	2  23  16 
 869	2  44  36 
 867	2  33  48 
 869	2  33  34 
 871	2  33  38 
 869	6  11   2 
 873	2  15   7 
 873	2  33  39 
 873	6  35  29 
 875	2  20   4 
 875	2  14  21 
 877	2  15   1 
 877	2  13   4 
 875	2  46  32 
 877	2  33  45 
 877	6  24  17 
 879	2   8   2 
 879	2  33  32 
 879	2  29  21 
 881	2   3   4 
 881	2  28  22 
 881	2  14   7 
 879	6  19   6 
 883	2  14   1 
 885	2  17   8 
 883	2  46  43 
 885	2   6   4 
 885	2  28  21 
 881	6  41  34 
 885	6  43  38 
 887	2  12   4 
 889	2  11  26 
 887	2   9  16 
 891	6  44  35 
 891	2  15   2 
 893	2  23   8 
 897	2  46  44 
 895	2   9   8 
 895	2  30  22 
 891	2  25  26 
 893	2  18  26 
 895	2  27  26 
 897	2  19  26 
 897	2  17  15 
 899	6  44  31 
 899	2  14   2 
 901	2  16   8 
 899	6  19  11 
 901	6  29  21 
 905	2  19  34 
 903	6   1   0 
 907	2  30  29 
 907	2  25  34 
 897	6  42  35 
 905	6  46  38 
 909	2  18  34 
 909	2  21   7 
 905	6  44  43 
 911	6  28   7 
 917	2  21   0 
 919	2  35  22 
 911	2  33  46 
 913	2  27  34 
 915	2  33  31 
 917	6  34  19 
 921	2   7  28 
 913	6  46  44 
 923	6   2   1 
 923	2  24  26 
 925	2  23  15 
 929	2   7   0 
 927	2  35  29 
 929	2   9  15 
 925	2  11  19 
 925	2  34  47 
 927	2  34  40 
 927	2  24  19 
 931	2  16  15 
 929	2  30  28 
 931	2  35  28 
 929	2  34  48 
 931	2  34  41 
 929	6  39  25 
 933	2  43  22 
 935	6  21   9 
 935	2  39  47 
 937	2  39  40 
 939	2  39  48 
 935	6  26  12 
 935	6  37  36 
 941	6  42  35 
 941	2  17  14 
 943	2   9   1 
 941	2  39  41 
 943	2  34  46 
 943	2  23  14 
 945	2   7   1 
 945	2  34  25 
 945	2  39  46 
 941	2   5  12 
 945	2  10  12 
 945	6  30  22 
 947	2   5  19 
 949	2  20  12 
 947	2  17   9 
 949	2  39  25 
 947	6  48  34 
 951	2  43  29 
 951	2  10  19 
 953	2  21  14 
 953	2  23   9 
 955	2  21   9 
 953	2  38  37 
 955	2  48  45 
 953	2  20  19 
 955	2  13  12 
 955	6  26  18 
 961	2  13  19 
 957	2   8  15 
 957	2  43  28 
 959	2  16  14 
 961	2   8  14 
 963	2  15  14 
 965	2  16   9 
 959	2  36  30 
 957	2  39  45 
 961	2  48  32 
 961	2  36  29 
 963	2  35  30 
 965	2  36  28 
 963	2  26  47 
 965	2  26  40 
 965	6  14   0 
 967	2  35  29 
 969	2  35  28 
 967	2  39  32 
 969	2  38  30 
 967	2  26  34 
 967	2   3  12 
 969	2   6  12 
 969	2  26  41 
 967	6  17  16 
 973	2  18  12 
 971	2  22  14 
 973	2   8   9 
 975	2  16   7 
 975	2   4  12 
 971	6  46  33 
 977	6  48  45 
 977	2  22   1 
 983	2  45  44 
 977	2  26  33 
 979	2  16  22 
 979	2  26  25 
 981	2   3  19 
 981	2  23   7 
 983	2   6  19 
 983	2  23  22 
 971	6  42  35 
 979	6  35  28 
 983	6  47  41 
 985	2  21   7 
 985	2  18  19 
 987	2  21  22 
 989	2  28  14 
 987	2   4  19 
 989	2  27  41 
 985	2  45  31 
 989	2  46  37 
 987	6  17  16 
 991	2  27  40 
 991	2  45  37 
 991	6  28  14 
 993	2  39  44 
 993	2  27  34 
 995	2  39  31 
 993	2  12  19 
 997	6  46  37 
1003	2  38  29 
1005	2  43  28 
1007	2  38  35 
 997	2  15   9 
 999	2   0   9 
1007	2  14   1 
 995	6  41  27 
1001	2  11  27 
1003	6  27  11 
1009	6  34  27 
1009	2  16   7 
1011	2  16  22 
1013	2  36  28 
1011	2   8   7 
1013	2  15   7 
1009	2  39  46 
1013	2  24  11 
1011	6  45  44 
1015	2  42  28 
1015	2   0   7 
1015	2  34  40 
1017	2  41  47 
1017	2  37  30 
1017	2   9   7 
1019	2  37  29 
1019	2  24  40 
1015	2   5  11 
1017	6  20   5 
1021	2  17  14 
1021	2  41  33 
1021	2  37  35 
1023	6  38  36 
1023	2  10  11 
1023	2  34  27 
1025	2   5  11 
1025	2  34  47 
1023	2  23  14 
1027	2  34  33 
1025	2  21  14 
1029	2  36  28 
1027	2  16  14 
1027	2  13  11 
1029	2  24  27 
1029	6   7   1 
1031	2  37  28 
1031	2  41  25 
1033	2  34  25 
1033	2   3  11 
1033	2  44  30 
1035	6  40  26 
1035	2  44  29 
1037	2  44  35 
1037	2   8  22 
1039	2   8  14 
1035	2   6  11 
1037	6  17   3 
1041	2  20  26 
1041	2  40  48 
1041	2  44  28 
1043	6  47  45 
1043	2  20  27 
1043	2  18  11 
1045	2  10  26 
1043	2  15  22 
1047	2   5  26 
1045	2  15  14 
1043	6  43  35 
1047	6  22   7 
1049	2  40  32 
1049	2   4  11 
1051	2  13  26 
1053	2  12  11 
1053	2  39  30 
1055	2  35  22 
1057	2  24  45 
1053	2   0   7 
1057	2   0  14 
1051	2  41  48 
1053	2  34  48 
1055	6  27  12 
1059	2   9   7 
1059	2  40  47 
1059	6  38  30 
1061	2  10  12 
1063	2  19  11 
1065	2   5  12 
1065	2  30  22 
1061	2   1   7 
1065	2  17  26 
1063	6   3   2 
1067	2  41  32 
1069	2  24  33 
1067	2  13  12 
1057	6  35  28 
1067	6  37  29 
1071	2  24  25 
1071	2  41  47 
1071	2   9  14 
1069	6  13   6 
1073	2   1  14 
1073	2  40  31 
1069	6  11   4 
1063	6  42  35 
1075	6  28  22 
1075	2  34  32 
1077	2  40  46 
1079	2  40  38 
1081	2  13  26 
1081	2  35  28 
1083	2  36  28 
1075	2   7  14 
1083	2  18  26 
1083	6  46  41 
1085	2  29  28 
1089	2  46  31 
1075	6   9   2 
1085	6  26  20 
1077	6   7   0 
1083	6  14   9 
1089	2  14  22 
1087	6  35  28 
1091	2  46  41 
1093	2  46  38 
1091	2  17  12 
1093	2  13  12 
1093	2  23  22 
1085	6  44  43 
1093	2  43  35 
1089	6   2   1 
1093	6  48  33 
1095	2  14  30 
1097	2  14  28 
1095	2  18  12 
1097	2  23  30 
1095	6   9   2 
1099	2  24  33 
1099	2  21  22 
1095	6  43  42 
1095	6  46  45 
1101	6  22   8 
1101	2  34  47 
1101	2  24  32 
1103	2  39  37 
1103	2  11  20 
1105	2  11  12 
1105	2  27  20 
1105	2  39  44 
1103	6  25  24 
1107	2  40  37 
1107	2  19  20 
1107	2  16   8 
1109	6  28  14 
1109	2  34  31 
1115	2  23  14 
1111	2  45  37 
1115	2  28  36 
1111	2  34  41 
1113	2  27  12 
1115	2  19  12 
1113	6  46  40 
1117	2  21  30 
1117	2   4  20 
1111	6  32  25 
1117	6  42  35 
1119	2   4  12 
1119	2  21  14 
1119	2  16  30 
1121	2  22   8 
1123	2  15   8 
1123	2  28  29 
1125	2  28  35 
1125	2   7   8 
1119	2  26  40 
1121	2  32  47 
1123	2  32  31 
1121	2  20  12 
1125	2  22  30 
1123	2  46  44 
1125	2  45  44 
1125	2  32  41 
1127	6  40  25 
1127	2  16  14 
1129	2  22  14 
1129	2   1   8 
1131	2   9   8 
1133	6  44  39 
1133	2   0   8 
1135	2   2   8 
1133	6  19   5 
1139	6  45  42 
1139	2  10  25 
1141	2  19  25 
1133	6  48  41 
1143	2  26  41 
1131	6  30  23 
1145	2  44  43 
1137	2  15  23 
1139	2  15  14 
1147	2  46  43 
1149	2  44  45 
1151	2  42  43 
1145	2  26  24 
1147	2  26  33 
1149	2  26  40 
1147	2   7  23 
1151	2  26  47 
1153	2  28  44 
1141	6  11  10 
1149	6  23  16 
1153	6  25  11 
1155	2   1  16 
1155	2  30  36 
1157	2   7  14 
1159	2   1  14 
1159	2  25  41 
1155	2  46  45 
1161	2  25  24 
1161	2   6  11 
1161	2  21  36 
1161	2   9  16 
1157	6  46  38 
1161	6  48  34 
1163	2  17  11 
1167	2  25  33 
1169	2  26  31 
1167	2  48  46 
1165	2  13  11 
1167	2   9  14 
1163	6  36  28 
1169	6  28  15 
1171	2  18  11 
1173	2  10  11 
1171	2  32  46 
1173	2  25  40 
1171	6  44  37 
1177	2  30  29 
1177	2  42  45 
1179	2  21  29 
1175	2  26  34 
1177	2  27  11 
1179	2   0  16 
1179	2   5  11 
1179	6  41  26 
1185	2  19  26 
1181	2   0  14 
1181	2  30  35 
1183	2  21  35 
1187	2  19  24 
1185	2  41  46 
1185	6  35  21 
1189	2  30  37 
1189	2   2  16 
1189	2  19  33 
1181	6   6   5 
1187	6  48  46 
1191	2  35  37 
1191	2   5  26 
1193	2  46  44 
1191	2  23  15 
1195	2  36  38 
1193	2   8  16 
1193	2   4  11 
1195	2  22  15 
1195	2  17  26 
1195	6  47  41 
1197	2  13  26 
1197	2  30  38 
1199	2  20  11 
1199	2  23  29 
1199	2  32  44 
1201	6  13   6 
1201	2   2  14 
1203	2   8  14 
1201	2  25  41 
1203	2  22  29 
1205	2  16  14 
1203	2  46  39 
1203	2  25  31 
1207	2  23  21 
1205	2  46  43 
1207	2  36  42 
1209	2  28  15 
1205	2  18  26 
1207	2  19  40 
1209	2  12  11 
1209	2  25  34 
1211	2  30  42 
1209	2  46  45 
1211	2   7  15 
1211	2  10  26 
1213	6  24  11 
1213	2  47  44 
1213	2  28  29 
1213	2  27  26 
1215	2  22  21 
1219	2  13  26 
1217	2  28  21 
1219	2  35  38 
1219	2   1  15 
1221	6  26  19 
1221	2  35  42 
1221	2   5  11 
1221	2  23  37 
1223	2  23  38 
1225	2  17  11 
1225	2  22  37 
1225	2  32  39 
1223	6  42  35 
1227	2  26  41 
1227	2  22  38 
1227	6  13   5 
1229	2   9  15 
1229	2  26  31 
1231	2  47  39 
1231	2  26  34 
1231	2  23  35 
1233	6  33  25 
1233	2  28  37 
1235	2   0  15 
1237	2   2  15 
1235	6  29  28 
1239	2   8  15 
1239	2  13  25 
1235	6  46  44 
1233	6  48  41 
1241	6  27  13 
1241	2  17  25 
1243	2  16  15 
1245	2  22  35 
1241	6  47  46 
1241	6   1   0 
1243	6  32  31 
1247	2   6  11 
1247	2  14  15 
1247	2  36  44 
1247	6  41  27 
1249	2  31  43 
1251	2   7  28 
1253	2  41  40 
1253	2   7  21 
1251	2  31  45 
1253	2  36  31 
1249	2  18  11 
1251	2  10  11 
1253	2  13  11 
1253	6  46  45 
1255	2   5  11 
1255	2  41  48 
1255	2  33  27 
1257	2  41  32 
1255	6  28   7 
1259	2  33  47 
1257	6  13   6 
1261	2   0   7 
1261	2  26  27 
1261	2  45  43 
1259	6  24  17 
1263	2   0  21 
1263	2  45  46 
1263	2  41  34 
1263	2   4  19 
1263	6  43  37 
1265	2   4  11 
1265	2  24  40 
1267	2   9   7 
1265	2  20  19 
1267	2  13  25 
1267	6  40  34 
1269	2  36  45 
1271	2  30  44 
1269	2   1   7 
1269	2  18  25 
1271	2  10  25 
1269	6  20   6 
1273	2  42  44 
1273	2   9  21 
1273	2  30  31 
1273	2  33  39 
1273	6  25  18 
1275	2  29  38 
1277	2  30  45 
1275	2  41  27 
1277	2  13  34 
1279	2  29  35 
1275	2   2   7 
1277	2   8   7 
1279	2  16   7 
1279	2  26  47 
1279	6  38  37 
1285	2  33  38 
1281	2  14   7 
1283	2  15   7 
1281	2  20  18 
1283	2   6  11 
1285	2  12  19 
1281	6  43  42 
1285	6  21   0 
1287	2  17  19 
1289	2  25  34 
1289	2  12  11 
1291	6  30  23 
1291	2   1   0 
1293	2   2   0 
1291	2  28  42 
1291	2  26  39 
1295	2   8   0 
1291	2  17  11 
1293	2  33  46 
1297	2  28  37 
1297	2  16   0 
1293	2  19  11 
1295	2  41  47 
1295	6  32  26 
1299	2  30  44 
1299	2  28  35 
1299	2  14   0 
1297	6  48  47 
1301	2  21  42 
1301	2  32  38 
1301	2   5  18 
1299	6  16   9 
1303	2  41  39 
1303	2   4  18 
1305	6  39  24 
1303	6  42  28 
1305	6  34  20 
1303	6   7   1 
1305	6  10   4 
1309	6  28   7 
1311	2   6  18 
1311	2  39  47 
1313	2  39  26 
1315	6  29  22 
1315	2  12  18 
1315	2  41  38 
1321	2  16   7 
1323	2  21  37 
1325	2  15   0 
1327	2  16  37 
1327	2   1   0 
1317	6  34  13 
1323	2  34  47 
1325	2  34  26 
1329	6  37  22 
1335	2  21  35 
1329	2  39  40 
1337	2  29  44 
1329	2   4  20 
1331	2  13  20 
1331	2  34  40 
1333	2   5  20 
1331	2  17  18 
1335	2  19  18 
1337	2  11  18 
1333	6  47  33 
1339	6  48  41 
1339	2  32  46 
1339	2  28   7 
1341	2  43  31 
1343	2  43  45 
1343	2  25  33 
1341	2  28  22 
1341	2   2   7 
1343	2  30  31 
1343	2   8   7 
1339	6  20  12 
1343	6  22  16 
1349	2  30  45 
1345	2  25  26 
1349	2  10  12 
1345	6  35  28 
1347	6  33  25 
1351	2   9   7 
1351	2  37  44 
1351	2   6  12 
1353	2  39  27 
1353	2   2  16 
1355	2   4  25 
1357	2  13  25 
1359	2  20  12 
1355	2  42  44 
1355	2  22  28 
1357	2  35  28 
1353	2  14   7 
1357	2  48  46 
1359	2  39  41 
1357	2   8  16 
1361	2  39  24 
1363	2  33  40 
1363	2  29  31 
1363	2   9  16 
1361	6  20   4 
1365	2  39  38 
1365	2  14  16 
1357	6  44  43 
1363	6  43  42 
1367	2  15   7 
1367	2  17  12 
1367	2  37  31 
1369	2  20  26 
1369	2   1   7 
1367	2  39  46 
1369	2  43  31 
1369	2  15  16 
1371	6  44  36 
1371	2   1  16 
1373	2   0   7 
1371	2  13  26 
1375	2   0  16 
1373	2  34  27 
1375	2  34  41 
1373	2  19  12 
1375	2  11  12 
1371	6  47  39 
1377	6  45  44 
1377	2   7  16 
1377	2  18  12 
1377	2  33  27 
1379	2  33  41 
1377	6  31  30 
1367	6  28  21 
1377	2  28  42 
1379	6  14   2 
1383	2  45  39 
1379	6  18   5 
1379	6  27  20 
1383	6  30  29 
1385	2  45  32 
1385	2  14  21 
1387	2  27  40 
1387	2  18  25 
1379	6  42  35 
1389	6  44  36 
1389	2   8  21 
1389	2  27  20 
1395	2  30  36 
1391	2  27  41 
1393	2  18  26 
1395	2  10  25 
1385	6   6   5 
1391	6  12   5 
1391	6  21  14 
1389	6  39  38 
1395	6  40  34 
1397	2  12  25 
1399	2  23  38 
1401	6  47  46 
1401	2  22  35 
1403	2  28  29 
1401	2  13  34 
1403	2  13  20 
1405	2  37  36 
1403	2   4  25 
1405	2  23  32 
1403	6  14   8 
1407	2  22  29 
1407	2  42  35 
1407	2  17  25 
1407	2  45  48 
1409	6  26  11 
1415	2  18  34 
1409	2  42  29 
1409	2   9   8 
1411	2   2   8 
1413	2  15   8 
1415	2   1   8 
1409	2  44  38 
1411	2  31  38 
1411	2  43  36 
1417	2   0   8 
1413	2  45  46 
1419	2   7   8 
1413	2  28  36 
1415	2  30  38 
1417	2  40  24 
1415	2  21  35 
1419	2  19  25 
1419	2  40  39 
1419	2  10  11 
1417	2  21  29 
1419	2  22  36 
1415	6   6   5 
1421	6  35  21 
1421	2  37  38 
1421	2  33  24 
1423	2  26  25 
1427	2  43  38 
1427	2  14  21 
1421	2  12  11 
1423	2  16   8 
1423	2  40  47 
1423	2   4  11 
1425	2  17  11 
1427	2  18  20 
1425	6  47  33 
1429	2  42  36 
1429	2  19  11 
1425	6   2   0 
1429	6  38  23 
1431	2  35  36 
1431	2  26  11 
1429	6  21  14 
1433	6  34  20 
1439	2  45  40 
1435	2  28  23 
1437	2  21  29 
1439	2  22  23 
1433	6  18  10 
1439	2  18  20 
1433	6   5   4 
1437	6  42  35 
1441	2  47  39 
1441	2  18  34 
1439	6   6   5 
1443	2   9  14 
1443	2  44  32 
1441	6  29  23 
1445	2  31  32 
1445	2  12  20 
1447	2  27  24 
1445	2   0  14 
1447	2  15  14 
1445	6  48  46 
1449	2   6  20 
1449	2  35  29 
1449	2   1  14 
1449	6  25  18 
1451	2  21  36 
1453	2   9  23 
1451	2  38  46 
1453	2  44  46 
1455	6  23   9 
1455	2  47  33 
1461	2  42  29 
1455	2   4  18 
1457	2  27  39 
1459	2  27  33 
1459	2   5  18 
1461	2  17  20 
1459	2  45  47 
1463	6  36  21 
1463	2   0   9 
1463	2  19  20 
1465	2  26  20 
1463	2   4  11 
1465	2   5  11 
1467	2   4  20 
1461	6  48  39 
1467	2  38  39 
1467	6  41  33 
1469	2  31  46 
1469	2  15   9 
1469	2  36  29 
1471	2   2  14 
1469	2   5  20 
1471	2  18  11 
1471	6  46  44 
1473	2  23  21 
1473	2  18  20 
1475	2  23  29 
1473	2   1   9 
1475	2  11  20 
1475	2   2   9 
1475	2   7  14 
1475	6  32  31 
1477	2   0  21 
1479	2   7   9 
1481	6  31  29 
1487	2  46  39 
1487	2  30  29 
1487	2  15  21 
1477	6  20  12 
1483	2  20  34 
1481	6   2   0 
1485	6  34  13 
1489	2  30  44 
1481	6  18  17 
1487	6  17   2 
1491	2  32  39 
1493	2  38  40 
1491	2   6  13 
1493	2  18  13 
1489	6  21   7 
1493	6   3   2 
1495	2  16  14 
1495	2  19  13 
1497	2   8  14 
1499	2   1   7 
1495	2  38  47 
1497	2  37  29 
1499	2  37  44 
1499	2  16   9 
1495	2  34  33 
1497	2  26  13 
1497	2  46  40 
1499	2   4  13 
1499	2  46  47 
1497	6  31  24 
1501	2   0   7 
1501	2   5  13 
1501	2  43  29 
1499	6  33  27 
1503	2  21   7 
1505	2  28  29 
1503	2  43  44 
1505	2  45  33 
1503	2  17  24 
1505	2  16   7 
1507	2  34  31 
1509	2  38  33 
1507	2   8   9 
1509	2   8   7 
1509	2  22  29 
1503	6  13  12 
1509	2   3  12 
1509	6  24  16 
1511	2  11  12 
1511	2  34  48 
1513	2  46  33 
1515	2  32  40 
1511	2  35  29 
1515	2  15  16 
1517	2  32  47 
1513	2  13  12 
1513	2  42  29 
1515	2  28  44 
1517	2  36  29 
1517	2   1  16 
1515	6  27  19 
1519	2  14   9 
1521	2  10  19 
1521	2  34  41 
1519	2  30  39 
1521	2  14   7 
1521	2  23  29 
1519	6  44  43 
1523	2  10  31 
1525	6  44  39 
1525	2   0  16 
1527	2   9   7 
1531	2  17  29 
1533	2  21  16 
1533	2  25  19 
1533	2  37  44 
1523	6  48  34 
1529	6   7   1 
1531	6  48  47 
1535	2  15  29 
1535	2  20  19 
1535	2  25  31 
1537	6  29  22 
1537	2  32  33 
1537	2  45  47 
1539	2  38  47 
1541	2  46  47 
1537	2  24  16 
1537	2   6  19 
1539	2   8  16 
1539	2  18  19 
1541	2  27  19 
1537	6  43  35 
1541	6  31  17 
1543	2  29  35 
1545	2  43  35 
1543	2  26  19 
1547	2  39  44 
1549	2  32  47 
1547	2  42  35 
1551	2  20  17 
1549	2  28  44 
1551	2  29  44 
1551	6  40  39 
1553	2  36  35 
1553	2   7  22 
1555	2  14  16 
1553	2   4  19 
1555	2   5  19 
1555	2  43  44 
1555	6  31  30 
1557	2  42  44 
1559	2  36  44 
1557	2   3  19 
1559	2   9  16 
1559	2  11  19 
1561	6  17  11 
1561	2  31  39 
1567	2  23  35 
1567	2  13  19 
1569	6  22  14 
1569	2  37  39 
1571	2  40  39 
1569	2   6  11 
1571	2  18  11 
1573	2  27  11 
1569	6  35  28 
1571	6  44  37 
1575	2   0  14 
1575	2  12  19 
1577	6  26  10 
1577	2  30  28 
1579	2  21  14 
1573	6  48  46 
1579	6  37  30 
1583	2  26  34 
1583	2  10  11 
1583	2  15  28 
1585	6  24  15 
1585	2   4  11 
1587	2   5  11 
1589	2   3  11 
1579	6  45  39 
1585	6  36  35 
1585	6  45  44 
1585	6  34  20 
1591	2  25  20 
1593	2   1  16 
1593	2  26  41 
1591	2  36  44 
1591	6  28  21 
1595	2  25  41 
1593	6  44  36 
1597	2   7  21 
1597	2  39  26 
1599	2  29  36 
1599	2  15  14 
1597	2  17  11 
1599	2  34  20 
1599	2  39  25 
1599	6  10   5 
1601	2  38  26 
1601	2   0  21 
1603	2  31  46 
1605	2  45  46 
1607	2  38  25 
1603	2  43  36 
1603	2  28  21 
1603	2  34  41 
1609	2  39  34 
1605	2  15  21 
1607	2   8  14 
1609	2   8  21 
1611	2  31  33 
1609	2  13  11 
1605	2  42  36 
1607	2  35  36 
1611	2   6  20 
1611	2  22  14 
1611	6   8   1 
1613	2  22  21 
1613	2  40  46 
1617	2   9  14 
1613	2  18  20 
1615	2  31  47 
1615	2  12  11 
1617	2  23  30 
1615	2  27  20 
1617	2  45  33 
1617	6  20  12 
1619	2  45  47 
1621	2  40  33 
1619	2  23  36 
1621	2   9  21 
1621	2  37  30 
1621	6  46  45 
1623	2  24  30 
1623	2   5  12 
1625	2  37  36 
1623	2   8  14 
1625	2  16  14 
1625	2   4  12 
1623	6  41  26 
1627	2  44  45 
1627	2   8  21 
1627	6  39  31 
1629	2  48  41 
1629	2  19  11 
1631	2  10  12 
1629	6  45  44 
1633	2  32  41 
1633	2   3  12 
1629	6  28   7 
1635	6  34  32 
1635	2  29  44 
1635	2  17  12 
1641	2  40  47 
1641	2  38  32 
1637	2  43  44 
1637	2  13  12 
1637	2  16  21 
1639	2  14  21 
1639	2  20  12 
1641	2  19  12 
1635	6   1   0 
1639	6  30  29 
1643	2  11  12 
1643	2  39  41 
1645	2  46  41 
1645	2  28  29 
1647	6  38  24 
1653	2  42  44 
1647	2  40  41 
1641	6   8   1 
1643	6  26  20 
1649	2   6  20 
1653	2  18  20 
1647	6  29  14 
1653	2   8  14 
1649	6  48  40 
1651	6   6   5 
1655	2   7  14 
1657	2  15  14 
1655	2  40  25 
1655	2  35  44 
1657	2  40  32 
1655	2  27  20 
1657	2   6  20 
1659	6  20  11 
1659	2   0  14 
1661	2  22  14 
1665	2   4  11 
1665	2  34  25 
1659	2  38  36 
1663	2  28  36 
1665	2   9  14 
1661	6  47  45 
1667	6  46  25 
1673	2  34  32 
1667	2   1  14 
1673	2  10  11 
1665	6  36  28 
1669	6  15   8 
1675	6  26   5 
1675	2  39  46 
1681	2  47  33 
1675	2  15  28 
1683	2  25  46 
1677	2   7  28 
1679	6  28   7 
1685	6  40  27 
1685	2  23  44 
1691	2  31  26 
1687	2  16  14 
1693	2  31  18 
1691	2  48  46 
1695	2  37  44 
1697	2  47  45 
1689	2   8   7 
1699	2  47  41 
1699	2  38  44 
1695	2  24  26 
1691	2   0   7 
1697	2  22   7 
1695	2   3  11 
1697	2  24  18 
1697	2  27  26 
1699	2  27  18 
1699	2   9   7 
1699	6  29  22 
1701	2  31  40 
1703	2  34  26 
1703	2  39  32 
1701	2  17  11 
1701	2   1   7 
1703	2  13  11 
1701	6  44  43 
1705	2  24  40 
1705	2   5  11 
1705	6  21  15 
1707	2  25  32 
1707	2  36  43 
1709	2  34  18 
1707	2  47  46 
1711	2  39  26 
1711	2  16   7 
1709	6  43  35 
1713	2  22  14 
1713	2  27  40 
1707	6  13   6 
1713	6  31  17 
1715	2  34  40 
1715	2  15  14 
1717	2  21  35 
1719	6  38  33 
1719	2  28  35 
1721	2  22   7 
1723	2  15   7 
1719	2  19  11 
1721	6  43  42 
1725	2  25  26 
1725	2  30  38 
1725	2  14   7 
1721	6  13  11 
1727	6  43  38 
1727	2  20  13 
1727	2  17  11 
1729	2  17   4 
1731	2  12  13 
1731	2  17  10 
1727	6  34  26 
1733	6  24  10 
1733	2  44  43 
1727	6  15   8 
1735	6  35  21 
1739	2  10  11 
1739	2  30  45 
1733	6   6   5 
1733	6   7   1 
1733	6  48  33 
1739	2  33  32 
1739	6  27  19 
1741	2  44  45 
1743	2  38  43 
1741	2  17   3 
1741	2  15  21 
1743	2   0  21 
1743	2  10   4 
1739	6  47  41 
1739	6  13   6 
1745	2  38  45 
1745	2  29  21 
1745	2  10  24 
1745	2  33  34 
1745	2  42  43 
1747	6  21  15 
1753	2   9  15 
1747	2  41  32 
1749	2  42  45 
1747	2  19  11 
1749	2  19   4 
1749	2  41  34 
1751	2  26  11 
1755	2  10   3 
1755	2   7  15 
1757	2  17  31 
1759	6  27  11 
1759	2  16  15 
1761	2  22  15 
1763	2   8  15 
1751	6  43  36 
1751	6  48  46 
1757	6  46  44 
1763	6  45  30 
1765	2  14  15 
1769	2  45  47 
1767	2   1  15 
1769	2  23  36 
1765	6  13   4 
1765	6  26  18 
1771	2  10  31 
1773	2  37  36 
1771	2  46  47 
1773	2  39  26 
1769	6   7   0 
1773	6  10   4 
1775	2  23  30 
1775	2  39  40 
1775	2  25  26 
1775	2  44  36 
1777	2  45  48 
1777	2  19  24 
1775	6  15   7 
1779	2  46  48 
1779	2  18  13 
1779	2  37  30 
1781	6  48  34 
1781	2  43  36 
1781	2  18  24 
1783	2  35  36 
1785	2  28  36 
1783	2  17   5 
1787	2  19   3 
1787	2  21  36 
1781	6  39  32 
1789	2  18   3 
1787	2  45  39 
1791	2  19  31 
1789	6  40  34 
1793	2  17  10 
1793	2  44  30 
1793	2   4   5 
1795	2  32  27 
1795	2  17  11 
1795	6  47  45 
1797	2   4  10 
1797	2  25  34 
1799	2   4  11 
1799	2  25  27 
1795	6  36  22 
1781	6   8   0 
1801	6   6   3 
1801	2  47  48 
1801	2  38  45 
1801	2  15  22 
1803	2  42  45 
1805	2  46  39 
1801	2  33  26 
1803	2  33  34 
1805	2  33  27 
1807	2  19   5 
1807	2  46  48 
1805	2  43  30 
1807	2  35  30 
1787	6   7   0 
1807	6  33  32 
1809	2  19  10 
1809	2  28  30 
1811	2  29  22 
1811	2  17  20 
1813	6  33  27 
1813	2  18  31 
1815	2  17  12 
1817	2  18   5 
1817	2  21  30 
1809	6  43  42 
1809	6  48  46 
1815	6  45  43 
1819	2  18  10 
1821	2  19  11 
1823	2   4  20 
1819	2  15  30 
1825	2  27  13 
1825	2  17   3 
1821	2  29  30 
1827	2   4  12 
1823	2  38  40 
1829	2  27  24 
1829	2   4   3 
1821	6  15   8 
1821	6  43  35 
1827	6   8   7 
1831	2  23  35 
1833	2   9  22 
1835	2  15  22 
1831	2  41  26 
1833	2  41  34 
1837	2  16  22 
1831	2  38  39 
1833	2  38  46 
1833	2  25  13 
1835	2  37  35 
1835	2  47  26 
1837	2  25  24 
1837	2  45  40 
1839	2  41  33 
1839	2  17   4 
1839	2  44  35 
1841	2  47  34 
1837	2  19  20 
1841	2  19  12 
1843	2  27   6 
1841	2  42  35 
1841	2   9  30 
1843	2  15  30 
1843	2  18  11 
1843	2  45  39 
1843	2  43  35 
1845	6  40  31 
1845	2  28  35 
1847	2  36  22 
1851	2  23  31 
1849	2  21  35 
1845	2  18  20 
1847	2  19   3 
1851	2  27  40 
1849	2  18  12 
1853	6  22  14 
1853	2  47  33 
1855	2  45  46 
1853	2  37  31 
1859	2  16  30 
1855	6  27  13 
1861	6  33  26 
1861	2  13   5 
1863	2  13  10 
1865	2  13  11 
1867	2  13  20 
1865	2   8  14 
1867	2  48  33 
1861	2  36  30 
1867	2  22  14 
1857	6  46  45 
1863	6  35  28 
1863	6  37  31 
1867	6  11   3 
1869	2  38  33 
1873	2  13  12 
1871	2  32  27 
1869	2   7  28 
1871	2  44  37 
1873	2  46  33 
1871	2   1  14 
1871	2  29  28 
1873	2   0  14 
1873	6  30  23 
1875	2  41  27 
1875	2  18  11 
1877	2  13  11 
1877	2  48  34 
1873	6  42  36 
1875	6  39  38 
1879	2  17  19 
1875	6  28  21 
1881	6  47  34 
1881	2   9  21 
1883	2  15  21 
1881	2  32  24 
1887	2  34  27 
1883	2  17  18 
1881	2  36  37 
1883	2  30  38 
1887	2  30  45 
1889	6  33  32 
1889	2   4  19 
1889	2  43  37 
1889	2  16  21 
1891	2   4  18 
1893	2  19  18 
1891	2  35  37 
1893	2  28  37 
1883	6   2   1 
1889	6   1   0 
1889	6  47  46 
1891	6  23  15 
1895	2  31  38 
1897	6  38  36 
1903	2  39  46 
1903	2  44  36 
1897	2   8  15 
1905	2  31  45 
1899	2  22  15 
1901	2   2  15 
1903	2   1  15 
1905	2  42  21 
1895	6  41  26 
1901	2  48  41 
1905	2  48  27 
1897	6  17  11 
1893	6   6   5 
1903	6  11   5 
1907	2  26  24 
1907	2   8  21 
1907	2  39  41 
1907	6  43  37 
1909	2  22  21 
1909	2  25  11 
1911	2  14  15 
1909	2  47  46 
1911	2  25  40 
1911	2   5  13 
1909	6   9   2 
1913	2   4  13 
1913	2  44  45 
1913	2  47  41 
1913	2  30  32 
1913	6  21   7 
1919	2   9   7 
1915	2  39  27 
1917	2  19  13 
1917	2  31  32 
1919	2  18  13 
1919	2  30  46 
1921	6  41  40 
1921	2  38  36 
1923	2  38  45 
1921	2   1   7 
1923	2  14   7 
1925	2  37  36 
1925	2  15   7 
1921	6  25  11 
1921	6  20   6 
1927	2  11  20 
1927	2  33  25 
1927	2  35  36 
1929	6  43  22 
1929	2  33  41 
1931	2  26  25 
1933	2  33  20 
1929	2  11  10 
1935	2  44  32 
1931	2  11   3 
1935	2  21  22 
1935	2  11   6 
1937	6  27  24 
1937	2  11  12 
1937	2  28  36 
1939	2  21  36 
1933	6   9   2 
1937	6  40  39 
1941	6  42  28 
1947	2  29  22 
1943	2  11  17 
1945	2   5  11 
1943	2  34  27 
1947	2   4  11 
1943	2  31  46 
1945	2  37  45 
1945	2  26  41 
1947	2  44  46 
1947	2  34  25 
1941	6   7   2 
1949	2  48  27 
1949	2  29  36 
1949	6  45  44 
1951	2  26  20 
1951	2  34  41 
1951	2   9  22 
1953	2  19  11 
1953	2  23  22 
1951	6  36  35 
1955	2  16  22 
1955	2  40  27 
1955	2  18  11 
1957	6  35  21 
1957	2  34  20 
1959	2  13  11 
1957	2  38  32 
1959	2  30  39 
1963	2   9  21 
1961	2  31  39 
1963	2  45  39 
1963	6  31  24 
1965	2  36  44 
1967	2  28  22 
1967	2  42  44 
1969	2  38  46 
1969	2  23  21 
1959	6  48  34 
1965	6  33  20 
1969	6  43  36 
1971	2   8  22 
1971	2  34  25 
1975	2  37  32 
1977	2  47  31 
1973	6  20   5 
1973	6  18  10 
1977	6  44  43 
1979	2  30  31 
1979	2  34  41 
1979	2   5  18 
1981	2  24  31 
1981	2  26  18 
1981	2   5   3 
1981	6  47  41 
1983	2   5   6 
1983	2  35  43 
1983	2  45  31 
1983	2  16  21 
1985	2  29  43 
1985	2   5  12 
1985	2  38  39 
1985	6  10   3 
1987	2  37  46 
1989	2  37  39 
1987	2  28  21 
1989	2   8  21 
1991	6  39  30 
1991	6  43  35 
1991	6   8   1 
1983	6  26  18 
1997	2  36  22 
1991	2  18  10 
1993	2  18   6 
1999	2  36  21 
1995	2  18  12 
1997	2  40  25 
1999	2  41  27 
1999	2   5  17 
1999	6  38  32 
2001	2   7  22 
2001	2  20   5 
2005	2  39  27 
2003	2   4   5 
2007	2  44  38 
2003	2   7  21 
2001	2  18  17 
2005	2   8  22 
2007	2  34  33 
2007	2  20  18 
2009	2  24  27 
2009	2  40  47 
2007	2   8  21 
2001	6  36  35 
2009	6   7   2 
2011	2  40  33 
2013	2  41  25 
2015	6  38  36 
2015	2   4  18 
2015	2  14  22 
2021	2  42  36 
2017	2  14  21 
2017	2  19   5 
2019	2  19  18 
2019	2   3   5 
2019	2  15  22 
2021	2  13   5 
2015	2  41  47 
2017	2  41  33 
2021	2   7  22 
2021	2  39  25 
2019	6  48  34 
2023	2  24  25 
2023	2  11   5 
2023	2  43  36 
2023	2  15  21 
2025	6  38  24 
2031	2  44  46 
2025	2  34  26 
2031	2   9  24 
2025	6  28  22 
2027	6  34  26 
2033	6  15   9 
2033	2  48  34 
2035	2  40  34 
2037	2  41  34 
2033	2  32  31 
2037	2  39  47 
2035	2  44  30 
2037	2  23  24 
2037	2  29  36 
2033	6  19   6 
2039	6  43  42 
2039	2  38  47 
2039	2  26  10 
2041	2  26  19 
2041	2  37  31 
2039	2   7  21 
2043	2  16  24 
2043	2  26  12 
2041	2  28  21 
2041	6  48  41 
2045	2  26  17 
2041	6  46  45 
2045	6  37  31 
2047	2  20  26 
2049	2   3  18 
2051	6  26  12 
2051	2  15  36 
2053	2  43  45 
2055	2  42  45 
2057	6  24  15 
2063	2  22  15 
2065	2  43  30 
2057	2   4  12 
2067	2  29  45 
2059	2   6  12 
2061	2   3  12 
2063	2  13  18 
2065	2  13  12 
2069	2  23  36 
2071	2  24  45 
2057	6  41  34 
2063	6  34  27 
2073	2  42  30 
2073	2  11  18 
2075	2  44  37 
2075	2   1  15 
2075	2   5  18 
2073	2  39  33 
2075	2  39  41 
2077	6  35  22 
2077	2  38  33 
2083	2  29  30 
2085	2  22  15 
2079	2  46  34 
2077	2  11  12 
2085	2  24  30 
2079	2   5  12 
2081	6  27  11 
2081	6  45  44 
2081	6  40  39 
2087	6  39  34 
2087	2  11  10 
2089	2  18  12 
2091	2  11  19 
2089	2   2  15 
2087	2  43  37 
2091	2   8  15 
2089	6  36  29 
2093	2  32  39 
2095	2  31  39 
2095	2  16  29 
2093	6  34  19 
2097	2  23  44 
2099	6  41  40 
2099	2  35  29 
2099	2  14  15 
2105	2  45  39 
2099	2  19  10 
2101	2  11  26 
2101	2  23  30 
2103	2  11  17 
2105	2  19  34 
2107	2  19  26 
2107	2  42  37 
2105	2   9  15 
2109	2  36  37 
2109	2  46  25 
2107	2   7  15 
2111	6  45  39 
2111	2  20  11 
2111	2  28  15 
2113	2  21  15 
2113	2  19  17 
2115	2  20  19 
2115	2   4  11 
2111	6  48  41 
2115	6  29  16 
2117	2  38  40 
2121	2   6  11 
2119	2  46  47 
2121	2  46  33 
2115	6   7   1 
2123	6  44  35 
2123	2   7  16 
2123	2   3  11 
2123	2  46  40 
2125	2  13  11 
2123	2  32  25 
2125	2  22  16 
2125	2  32  47 
2129	2  29  35 
2127	2   4  19 
2131	2  44  35 
2129	2   6  19 
2127	2  32  33 
2129	2   2  16 
2131	2  31  25 
2131	2   8  16 
2133	6  41  25 
2139	2   3  19 
2141	2  25  10 
2133	2  43  45 
2133	2  29  30 
2135	2  42  45 
2137	2  36  45 
2139	2  44  30 
2135	6  21   7 
2143	2  27  11 
2145	2  25  34 
2147	2  25  26 
2145	2   5  11 
2141	2  21  35 
2143	2  22  35 
2145	2  14  16 
2147	2  39  41 
2149	2  13  19 
2147	2   9  16 
2147	2  21  30 
2149	2  24  37 
2149	6  48  34 
2151	2  24  45 
2153	2  22  30 
2153	2  25  17 
2155	2  31  47 
2155	2  27  19 
2151	6  13   6 
2149	6   7   2 
2155	6  35  14 
2157	2  18  11 
2159	2  12  11 
2157	2  32  40 
2159	2  31  33 
2161	6  30  23 
2161	2  20  25 
2161	2   7  14 
2163	2   8  14 
2163	2   5  19 
2161	2  39  47 
2165	2  18  19 
2165	2  35  14 
2163	2  39  33 
2165	6  46  41 
2167	2   4  25 
2169	2   9  14 
2169	2  13  25 
2167	2  30  37 
2171	2  12  19 
2171	2  30  45 
2173	6  25  10 
2173	2  43  46 
2175	2  29  37 
2179	2   3  10 
2177	2  44  37 
2179	2   7  23 
2179	6  46  43 
2185	2  42  43 
2181	2  34  25 
2183	2  11  19 
2185	2  34  48 
2183	2   8  23 
2185	2  38  25 
2185	6  11  10 
2187	2  21  37 
2187	2  34  26 
2189	2  36  43 
2191	2   6  11 
2193	2   1  16 
2187	2  46  47 
2189	2  46  33 
2189	6  28  21 
2191	6  47  38 
2195	2  27  11 
2195	2   1  14 
2191	6  42  36 
2197	6  34  20 
2197	2  36  38 
2199	2  35  23 
2197	2   5  11 
2197	2  47  48 
2199	2  18  11 
2201	2  21  16 
2199	6  44  38 
2203	2  41  25 
2203	2  21  14 
2201	6   5   3 
2205	2  47  26 
2205	2  42  44 
2203	6   8   1 
2207	2  41  48 
2207	2  20  17 
2207	6  37  28 
2209	2  12  11 
2209	2   2  16 
2209	2  41  26 
2213	2  22  28 
2211	2  34  20 
2215	2  15  16 
2213	2   4  20 
2215	2  13  20 
2215	2  10  11 
2211	2  32  25 
2213	2  31  40 
2215	2  32  48 
2211	6   1   0 
2213	6  43  36 
2217	2  31  25 
2217	2   2  14 
2217	2   5  20 
2217	2  39  40 
2219	6  12   3 
2219	2  29  45 
2221	2   7  28 
2223	2  15  14 
2219	2  32  26 
2221	2  39  25 
2223	2  24  36 
2223	2  46  40 
2225	2  46  25 
2225	6  28   7 
2227	2   6  20 
2227	2  38  45 
2229	2  27  20 
2227	6  48  40 
2231	2   0   7 
2231	2  30  36 
2231	2  12  20 
2225	6   4   3 
2227	6  25  17 
2229	6  45  44 
2233	2  18  20 
2235	2  19  11 
2235	2  16  14 
2233	2  31  40 
2235	2  39  40 
2233	2  29  36 
2235	2  37  44 
2235	6  35  28 
2237	2  31  26 
2237	2  46  40 
2239	2  24  45 
2239	2   4  20 
2241	6  47  26 
2241	2  28   7 
2243	2   9  23 
2245	2   9   7 
2241	6  44  43 
2247	6  12   3 
2247	2  39  47 
2247	2  22  43 
2249	2  35  43 
2249	2  30  45 
2247	2  26  25 
2249	2  34  26 
2251	2  46  47 
2251	6  43  22 
2253	2  12  26 
2255	2  13  26 
2255	6  11  10 
2257	2  38  36 
2259	2  37  36 
2257	2   8  23 
2259	2  21  23 
2259	2   8   7 
2257	6  26  13 
2261	2  29  45 
2261	6   8   0 
2263	2   5  13 
2265	2   6  13 
2263	2  41  25 
2265	2  32  25 
2263	2  43  36 
2265	2  34  41 
2263	2  38  45 
2267	2  27  13 
2265	2  35  36 
2267	2   8  22 
2269	2  21   7 
2269	2  34  32 
2271	2  28  22 
2273	2   2  23 
2269	6  13   5 
2265	6  45  44 
2271	2  45  33 
2273	6  45  33 
2275	2   3   5 
2277	2   9  22 
2277	6  20  12 
2283	2  11  12 
2279	2  37  44 
2281	2  42  45 
2279	2   2   7 
2283	2  31  25 
2283	2  43  44 
2279	6  22  16 
2283	6  41  27 
2285	2  15  23 
2287	2  22  23 
2285	2  18   5 
2289	2  33  48 
2285	2  35  44 
2289	2   0  16 
2287	2   4   5 
2289	2  19  12 
2291	6  21   8 
2297	2  15   7 
2291	2  39  25 
2291	2  20  27 
2293	2  46  25 
2299	2  14  23 
2295	2  26  27 
2297	2  13  27 
2299	2   6  27 
2287	6  36  35 
2295	6  48  39 
2295	6  44  42 
2301	6  45  37 
2301	2  21  35 
2301	2   8  16 
2303	2  22   7 
2305	2  28  35 
2301	2  20  32 
2303	2  26  32 
2305	2  14   7 
2305	2  33  17 
2307	6  32  20 
2307	2  21  42 
2313	2  33  40 
2307	2  11   5 
2313	2  23   7 
2313	2  13  20 
2309	6  35  28 
2309	6  11   3 
2313	6  44  38 
2315	2  41  27 
2317	2   6  20 
2319	2  41  20 
2315	2  35  42 
2321	2  19   5 
2319	2  24  37 
2321	2  38  39 
2323	2  11  27 
2323	2  30  37 
2317	6  28  21 
2323	6  21   7 
2325	2  34  31 
2327	2  34  48 
2325	2  10  12 
2327	2  38  17 
2329	6  40  38 
2329	2  10   5 
2331	2   2  16 
2331	2  11  20 
2333	2  18  27 
2333	2   9   7 
2329	6  42  28 
2335	6  48  41 
2335	2   0   7 
2335	2  24  39 
2337	2  32  31 
2337	2   8   7 
2335	2  29  37 
2335	2  12   5 
2339	2   2   7 
2337	2  18  20 
2339	2  24  17 
2337	2  44  37 
2339	2  45  37 
2339	6  27  13 
2341	2  40  38 
2343	2  30  39 
2341	2  15  16 
2343	2  15   7 
2341	6  11   3 
2345	2  24  38 
2345	2  33  47 
2345	6  28  15 
2347	2  26  31 
2347	2  40  47 
2349	2  33  25 
2349	2  43  37 
2351	2  32  41 
2351	2  36  37 
2353	2  42  37 
2353	2  40  25 
2351	2  22  16 
2349	2   4  13 
2353	2   9  15 
2351	6  20  12 
2355	2  30  17 
2355	6  47  45 
2357	2  14  16 
2361	2  34  46 
2357	2  11  13 
2359	2  23  16 
2361	2   0  15 
2359	2   4  12 
2361	2  11  12 
2357	6  31  25 
2363	6  18   6 
2363	2  30  38 
2363	2   8  15 
2365	2  35  37 
2365	2   2  15 
2367	2  28  15 
2363	2  34  33 
2365	2  34  40 
2367	6  39  37 
2369	2  22   7 
2369	2  19  13 
2371	2  21  16 
2373	2  22  15 
2375	2  24  45 
2375	2  14   7 
2371	2  19  12 
2367	6  41  34 
2377	2  10  13 
2377	2  32  46 
2377	2  29  37 
2377	2  14  15 
2373	6  48  41 
2379	6  44  38 
2379	2  23   7 
2379	2  26  34 
2381	2  23  15 
2381	2  27  25 
2383	2  20  13 
2383	2  18  25 
2385	2  32  33 
2385	2   5  13 
2385	2  29  17 
2379	6  47  46 
2387	6  39  18 
2393	2  24  31 
2387	2  21   7 
2393	2  10  12 
2387	2  27  34 
2389	2  21  15 
2393	2  29  44 
2389	6   1   0 
2393	6  41  27 
2395	2  38  37 
2397	2  38  17 
2399	6  18   4 
2399	2  46  37 
2401	2  32  40 
2401	2  30  45 
2403	2  39  34 
2403	2  43  37 
2405	6  25  19 
2405	2  36  37 
2405	2  16   7 
2411	2  20  12 
2407	2  16  15 
2409	2  29  45 
2411	2  30  31 
2411	2   7  15 
2413	6   4   2 
2413	2  26  47 
2413	2  42  37 
2415	2  38  44 
2417	2  35  37 
2415	2  26  33 
2419	2   9   2 
2415	2  41  47 
2417	2  26  40 
2419	2  27  19 
2419	2  38  45 
2415	6  23  17 
2419	6  28  14 
2421	2  41  33 
2423	2  41  40 
2421	2   5  12 
2423	2   3  19 
2421	6  37  23 
2425	2  27  34 
2427	2  46  37 
2425	2  13  12 
2427	2   6  19 
2429	2  46  44 
2429	2  18  19 
2431	2  11  19 
2431	2  39  47 
2425	2   1   2 
2433	2  25  19 
2427	2   8   2 
2433	2  46  45 
2429	2   9  23 
2431	2  43  37 
2433	2   4   2 
2433	2  36  37 
2429	6  34  27 
2431	6  23  15 
2435	2  43  44 
2435	2  39  33 
2435	2  10  19 
2435	6  48  41 
2437	2  20  19 
2441	2  34  47 
2439	2   5  19 
2441	2  13  19 
2437	2  29  31 
2439	2  38  31 
2439	2  36  44 
2441	2  42  37 
2439	2   1  15 
2441	2   8  15 
2437	6  10   3 
2441	6  32  24 
2443	2  14   2 
2443	2  43  45 
2445	2  42  44 
2447	2  36  45 
2449	2  41  32 
2443	2  12  19 
2449	2  35  37 
2445	6  15   2 
2445	6  27  19 
2451	2  10  19 
2451	2  35  44 
2453	2   4   2 
2451	2  22  15 
2451	2  24  32 
2453	2  28  15 
2453	2  26  32 
2451	6  47  41 
2455	2  14   2 
2455	2   6  19 
2453	6  45  44 
2457	2  18  19 
2459	2  46  31 
2459	2  11  19 
2457	2  34  33 
2457	6  14   2 
2461	2  48  32 
2461	2  42  44 
2463	6  31  30 
2463	2  35  44 
2463	2  25  19 
2463	2  22  14 
2465	2  17  15 
2463	2  39  40 
2467	2   3  19 
2465	2  34  40 
2467	2  28  14 
2467	6  47  45 
2469	2  20  19 
2469	2  21  15 
2471	2   5  19 
2471	2  16  15 
2469	6  30  29 
2473	2   7  15 
2475	2  45  31 
2477	2  23  15 
2477	2  39  32 
2473	2  13  19 
2475	2  12  19 
2477	2  27  19 
2477	6  37  35 
2479	2  34  32 
2483	2  43  29 
2485	2  36  29 
2485	2  17  14 
2487	6  12  10 
2487	2  21  14 
2487	2  45  30 
2489	2  42  29 
2489	2  24  31 
2491	2  45  38 
2491	2  24  30 
2481	6  33  26 
2473	6  48  47 
2493	2  24  38 
2487	6  41  27 
2493	2  12  27 
2491	6  35  21 
2495	2  33  31 
2495	2  45  46 
2497	6  46  30 
2497	2   6  27 
2499	2  12  26 
2501	2  18  27 
2497	6  21  15 
2503	6  32  30 
2503	2  45  43 
2503	2   9  15 
2505	2   1  15 
2507	2   8  15 
2503	6  27  19 
2501	6   4   3 
2509	6  23   9 
2509	2  45  36 
2511	2  33  46 
2513	2  33  38 
2515	2  45  42 
2509	2  11  19 
2515	2  25  19 
2517	2   4  19 
2517	2  47  31 
2517	6  43  36 
2519	2   3  15 
2519	2  39  31 
2519	2  20  19 
2521	2   5  19 
2523	2  13  19 
2521	2  24  32 
2521	2   2  15 
2521	2  47  46 
2523	2  24  36 
2523	2  39  46 
2525	6  48  46 
2525	2  37  29 
2531	2  45  37 
2533	2  47  38 
2535	2  39  38 
2525	2  16  14 
2527	2  10  19 
2527	2  22  15 
2529	2  28  15 
2531	2  17  15 
2533	2   7  14 
2535	2   9  14 
2529	6  26  12 
2535	2   6  12 
2531	6  35  28 
2535	6  41  26 
2541	2  41  40 
2541	2  26  19 
2537	2  28  15 
2539	2  16  15 
2541	2  21  14 
2537	6  46  45 
2535	6  30  24 
2543	2  34  31 
2545	2  30  43 
2543	2   7  15 
2545	2  18  12 
2547	2  11  12 
2547	2  30  42 
2549	2  25  12 
2551	2   4  12 
2549	2  30  37 
2545	2  34  48 
2551	2  33  32 
2545	2   9  15 
2547	2  21  15 
2549	2  14  15 
2551	6  45  36 
2553	2  20  12 
2555	2   5  12 
2551	6  15   1 
2553	6  41  25 
2557	2  13  12 
2557	6  36  15 
2559	2  47  32 
2563	2  23  15 
2565	2  23  44 
2567	2  36  15 
2559	2  27  19 
2561	2  39  32 
2567	2  25  24 
2561	6  48  34 
2559	6  13   6 
2565	6  19  13 
2569	2   8  15 
2569	2  23  29 
2567	6  40  33 
2571	2   3  15 
2571	2  25  31 
2573	2  19  33 
2571	2  36  44 
2575	2  40  45 
2575	2  10  12 
2573	2  36  29 
2573	6  14   8 
2577	2  47  45 
2577	2  25  34 
2579	6  33  19 
2585	2  33  24 
2579	6  48  47 
2575	6  35  29 
2579	6  21  14 
2579	6  44  43 
2585	6  46  44 
2587	2  33  31 
2591	2  47  38 
2593	2  44  23 
2587	2  18  19 
2595	2  39  45 
2589	2  26  12 
2591	2  33  34 
2591	2  11  19 
2593	2  27  12 
2595	2  18  24 
2595	2   2  15 
2595	2  13  12 
2597	6  45  39 
2597	2  11  24 
2597	2  22  15 
2599	2  29  15 
2601	2  30  23 
2595	6  43  42 
2595	6  41  27 
2603	2  17  15 
2601	2  27  19 
2603	2  44  36 
2603	2  47  32 
2605	6  24  11 
2605	2  40  46 
2607	2  48  46 
2609	2  45  46 
2605	2  21  42 
2607	2  21  35 
2609	6  42  21 
2611	2  18  31 
2613	2  25  38 
2611	6   3   2 
2615	2  44  42 
2617	2  30  36 
2615	2  25  32 
2619	2  28  15 
2621	2  30  42 
2623	2  24  31 
2617	2   4  19 
2619	2  27  11 
2617	2  47  39 
2619	2  47  46 
2623	2  16  15 
2621	2   4  11 
2621	2  20  19 
2623	2  20  11 
2625	2   5  19 
2625	2   7  15 
2621	6  46  40 
2627	6  41  25 
2633	2   5  11 
2633	2  33  38 
2627	2   9  15 
2629	2  14  15 
2635	2  33  32 
2635	2   6  19 
2631	2   8  15 
2633	2   1  15 
2637	2  18  34 
2635	6  46  44 
2639	2   6  11 
2635	6  21   8 
2639	6  32  24 
2641	2   2   8 
2641	2  44  43 
2643	2   3   8 
2643	2  44  37 
2641	6  48  46 
2645	2  22   8 
2645	6  31  18 
2647	6  35  14 
2651	2  10  19 
2651	2  41  39 
2651	6  30  23 
2653	2  26  19 
2653	2  10  11 
2655	2  26  11 
2657	2  32  34 
2657	2   2  14 
2653	6  45  43 
2659	2  29   8 
2659	2  46  45 
2661	2  44  30 
2659	2  25  19 
2661	2  33  39 
2661	2  17   8 
2661	2  13  19 
2663	6  15   8 
2663	2  27  18 
2663	2  46  37 
2665	2   4  18 
2665	2  41  40 
2665	2  44  36 
2667	2  12  19 
2665	2  31  38 
2667	2  33  40 
2667	2  43  45 
2669	2  20  18 
2669	2  46  30 
2667	6   3   2 
2673	2   2  14 
2671	2  32  38 
2675	2  25  11 
2677	2   5  18 
2673	2  44  42 
2671	2  27  34 
2675	2  28  15 
2675	2  43  37 
2679	2  31  24 
2679	2  13  11 
2677	2  22  14 
2677	2  47  45 
2679	2  29  14 
2673	6  34  27 
2679	6  47  45 
2681	2  32  24 
2681	2  12  11 
2683	2   6  18 
2681	6  35  29 
2685	2  41  47 
2685	2  10  18 
2685	2  16  15 
2685	6  27  13 
2691	2  26  18 
2687	2  45  37 
2693	2  25  18 
2687	2   7  15 
2689	2  43  30 
2691	2   4  13 
2689	2   9  15 
2693	2  20  13 
2691	2  29  15 
2691	2  31  39 
2693	2  45  30 
2693	2  21  15 
2687	6  48  41 
2693	6  41  33 
2695	2  17  14 
2699	2  27  18 
2699	2  41  47 
2697	2  28  14 
2701	2  12  18 
2699	2  32  39 
2701	2  31  40 
2701	2  16  14 
2699	6  44  36 
2703	2   7  14 
2703	2  31  47 
2703	2   5  13 
2705	6  38  33 
2705	2   9  14 
2705	2   6  13 
2705	2  19  11 
2707	2  10  13 
2709	2   1  15 
2709	2  19  18 
2705	6  42  36 
2711	6  38  24 
2711	2  34  33 
2711	2   8  15 
2713	2  29  14 
2715	2  21  14 
2709	6  10   3 
2713	6  33  20 
2717	2  46  44 
2717	2  24  10 
2717	2   1  14 
2719	6  24  16 
2719	2  43  44 
2721	2  45  44 
2719	2  26  13 
2721	2   4  20 
2725	2  23  10 
2727	2  16   2 
2729	2  25  13 
2729	2  16  22 
2723	6  45  37 
2731	2  27  13 
2729	2  48  45 
2731	2  23   2 
2731	2  11  18 
2717	6  35  28 
2731	6  48  39 
2733	2  12  13 
2735	2  19  13 
2733	2  16  28 
2735	2   8  14 
2735	2  23  22 
2733	6   4   3 
2737	2  16  17 
2737	2  39  30 
2737	6  35  21 
2739	2  32  40 
2739	2  11  13 
2741	2  33  20 
2739	6  46  45 
2743	2   5  20 
2743	2  23  28 
2741	6  10   8 
2745	2  45  36 
2745	2   6  20 
2747	6  35  22 
2747	2  32  47 
2747	2   4  20 
2749	2  41  46 
2749	2  26  20 
2751	2  25  20 
2747	6   8   7 
2751	6  40  38 
2753	2  43  36 
2753	2  18  13 
2757	2  31  46 
2755	2  27  20 
2759	2  37  36 
2759	2  34  40 
2761	2  34  48 
2757	2  12  20 
2759	2  19  20 
2759	2  23  17 
2761	2  16  21 
2761	2  39  44 
2749	6   4   3 
2755	6   2   1 
2761	6  19   4 
2763	2  39  36 
2763	2  15  14 
2765	2  23  21 
2765	2  32  46 
2767	2  19  40 
2765	6  42  35 
2769	2  16  24 
2771	2  23  24 
2769	2  33  40 
2769	2  11  20 
2767	6  21   7 
2771	6  40  19 
2773	2  35  21 
2777	2  40  48 
2773	2  16   8 
2777	2  18  20 
2775	2  23   8 
2779	2  33  48 
2779	2  13  20 
2777	2  16   9 
2779	2  16  29 
2781	6  41  38 
2781	2  16  22 
2783	2  16   2 
2781	2   5  19 
2783	2   6  19 
2785	2   3  19 
2781	6  35  28 
2787	6  28  21 
2787	2  16  10 
2787	2  38  30 
2789	2  16  15 
2791	2  23   9 
2793	2  23  29 
2787	2  34  41 
2787	2  26  19 
2789	2  34  47 
2791	2  34  46 
2793	2  38  44 
2795	2  31  30 
2793	2  40  41 
2795	2  40  47 
2797	2  38  36 
2797	2  23  22 
2789	2  25  19 
2793	2  27  19 
2795	2  12  19 
2797	2   4  19 
2797	2  33  41 
2793	6   7   1 
2799	2  31  44 
2799	2  21   7 
2799	2  11  19 
2801	2  21  42 
2801	2  18  19 
2799	2  40  46 
2801	2  33  47 
2801	6  31  30 
2803	2  21  35 
2803	2  13  19 
2807	2  23   2 
2809	2  32  31 
2805	2  20  19 
2809	2  16  14 
2811	6  38  32 
2811	2  23  10 
2813	2  23  15 
2815	2  23  14 
2803	6  47  34 
2809	6  48  34 
2805	6  35  28 
2807	6  19   5 
2815	2  19  34 
2811	6  43  35 
2815	6  47  46 
2817	2  30  36 
2819	2  38  44 
2817	6  34  19 
2821	2  45  43 
2823	2  46  31 
2825	2  46  44 
2823	2   6  19 
2825	2   3  19 
2823	2  34  41 
2817	6  21   7 
2823	6  29  21 
2827	2  26  19 
2829	2  25  19 
2829	2  34  48 
2829	2  35  43 
2823	6   8   7 
2829	6  45  30 
2831	2  27  19 
2833	2  12  19 
2835	6  39  36 
2835	2   4  19 
2837	2  11  19 
2839	2  18  19 
2841	6  46  40 
2841	2  13  19 
2841	2  30  29 
2843	2  20  19 
2841	2   8  17 
2843	2   8   1 
2843	2  30  42 
2845	2  35  29 
2845	2   8  24 
2845	6  20   6 
2847	2   8   7 
2849	2   8   9 
2847	2  33  47 
2849	2  46  31 
2851	2  30  28 
2851	2  34  47 
2851	2   5  19 
2853	6  41  20 
2853	2  37  43 
2855	2  30  17 
2855	2  35  42 
2857	2  35  28 
2853	6   4   3 
2851	6   7   1 
2855	6  45  44 
2859	2  41  20 
2859	2   8  21 
2857	6  32  31 
2861	2   8  22 
2861	2  41  48 
2861	2   4  20 
2861	2  36  43 
2861	2  46  45 
2863	6  30  22 
2863	2  38  39 
2865	2  33  32 
2867	2  40  39 
2867	2  26  20 
2863	2   8   2 
2865	2   8  10 
2863	6  44  43 
2863	6  35  28 
2867	6   5   3 
2869	2   8  15 
2869	2  37  29 
2869	2  46  39 
2871	2  36  29 
2869	2  25  20 
2871	2   8  14 
2871	2  33  45 
2873	6  40  39 
2873	2  27  20 
2873	2  37  42 
2875	2  22   7 
2877	2  22  24 
2879	2  22   1 
2881	2  36  42 
2875	2  12  20 
2877	2   5  20 
2879	2  33  40 
2881	2  22   9 
2881	2  41  47 
2883	6   7   2 
2883	2  31  44 
2885	2  43  44 
2887	2  37  35 
2885	2  34  32 
2887	2  41  32 
2883	2  22  21 
2879	6  12   4 
2883	6  17  16 
2889	6  48  34 
2889	2  28  16 
2889	2  38  44 
2891	2  31  29 
2893	2  37  16 
2885	6  20  12 
2891	2  11  12 
2895	6  45  39 
2895	2  43  29 
2897	2  22  30 
2895	2  20  34 
2897	2  36  35 
2897	2  26  34 
2899	2  25  34 
2901	2  18  12 
2901	2  27  34 
2901	2  45  44 
2899	2  22   7 
2901	6  31  30 
2903	2  46  44 
2903	2  13  12 
2905	2   6  12 
2895	6   9   2 
2901	6   9   7 
2907	6  37  23 
2907	2   3  12 
2909	2  19  12 
2901	6  28  21 
2907	6   8   1 
2905	6  47  33 
2913	2  21   7 
2915	2  23   7 
2917	2  21  24 
2911	6  34  20 
2917	2  34  33 
2913	6  46  44 
2917	6  12   3 
2919	2  48  39 
2919	2  23  24 
2921	2  48  40 
2921	2  38  29 
2919	6  43  42 
2923	2  47  46 
2923	2  21   8 
2923	2  34  32 
2925	6  31  29 
2925	2  48  46 
2925	2  26  33 
2927	2   4  20 
2929	2   5  20 
2927	6  48  46 
2931	2  26  32 
2931	2  30  43 
2929	6   7   2 
2933	2  30  35 
2933	2  41  39 
2935	6  36  30 
2935	2  21   7 
2935	2  11  20 
2937	2  21  28 
2935	2  41  40 
2937	2  25  33 
2939	2  27  33 
2937	2  41  48 
2937	6   5   3 
2941	2  30  16 
2941	2  34  39 
2943	2  26  39 
2941	2  42  43 
2943	2  42  35 
2943	2  22  10 
2943	6  48  41 
2945	2  21  29 
2945	2  38  43 
2947	2  45  31 
2945	2  18  20 
2947	2  13  20 
2947	2  21   9 
2947	6  33  26 
2949	2  38  35 
2953	2  34  40 
2953	2   6  20 
2955	2  33  40 
2951	2  45  43 
2955	2  12  20 
2957	2  19  20 
2951	2  23   8 
2953	2  23   7 
2955	2  22  15 
2957	2  22  14 
2955	2  44  31 
2957	2  44  43 
2957	2  47  31 
2959	6  26  12 
2959	2  23  28 
2961	2  23  29 
2963	2  23   9 
2959	6  45  43 
2961	6  21  14 
2965	2   5  20 
2965	2  47  45 
2965	2  25  32 
2965	2  43  35 
2965	6  30  16 
2967	2   4  12 
2967	2  25  39 
2971	2  16   2 
2971	2  27  32 
2973	2  27  39 
2971	2  36  30 
2973	2  16  24 
2967	6  14   7 
2973	6  43  35 
2975	2  46  31 
2975	2   3  12 
2977	2  46  45 
2975	2  16   8 
2977	2   7  10 
2979	2  11  12 
2981	2  18  12 
2979	2  42  30 
2975	2  34  41 
2981	2  44  43 
2979	2   7  15 
2981	2  16  14 
2977	2  33  41 
2981	2  38  30 
2979	6  48  33 
2983	2  35  30 
2983	2  13  12 
2983	6  14   2 
2985	2  25  40 
2985	2  44  30 
2987	2  33  31 
2985	2   6  12 
2987	6  48  46 
2989	2  26  12 
2991	2  19  12 
2989	2  16  28 
2991	2  16  29 
2991	6  32  25 
2993	2   7  21 
2993	2  16   9 
2993	2   5  12 
2995	2  20  12 
2995	2  23  10 
2997	6  33  31 
2997	2  16  10 
2987	6  44  43 
2995	6  28  14 
3001	2  36  28 
2993	6  48  46 
2999	6  18   3 
3003	2  42  28 
3003	2  31  45 
3005	2  36  24 
3007	2  23  15 
3007	2  47  44 
3009	6  40  34 
3009	2  16  15 
3011	2  23  21 
3013	2  16  21 
3013	6  25  11 
3015	2  27  34 
3015	2  46  44 
3015	6  15   8 
3019	2  31  44 
3019	2   4  11 
3019	2  40  33 
3009	6  42  35 
3015	6  35  29 
3021	6  20   4 
3021	2  32  41 
3027	2  48  33 
3029	2  32  33 
3027	2  18  11 
3021	2  36  15 
3021	6  46  45 
3023	6  36  15 
3029	2  15   2 
3031	6  47  44 
3037	2  44  30 
3031	2  25  11 
3031	2  15  14 
3037	2  40  46 
3033	2   3  11 
3035	2  13  11 
3037	2   6  11 
3039	6  39  27 
3035	6   8   2 
3029	6  35  28 
3041	2  15  28 
3043	2  15   9 
3043	6  43  35 
3045	2  26  11 
3045	2  45  30 
3045	2  40  47 
3047	2  19  11 
3047	2  39  41 
3049	6  46  40 
3049	2  20  27 
3049	2  29  24 
3049	2   5  11 
3051	2  18  27 
3055	2  20  34 
3057	2  20  41 
3051	2  29  36 
3053	2   4  11 
3053	2  29   8 
3055	2  38  43 
3055	2  15  10 
3057	2  29  14 
3057	2  38  24 
3057	2  42  43 
3059	6   5   3 
3059	2  25  27 
3059	2  38  36 
3061	2  35  43 
3063	2  44  43 
3059	2  48  40 
3061	2  31  30 
3063	2  29  28 
3061	2  48  47 
3061	2  39  33 
3063	2  32  40 
3059	6  16   8 
3061	6  27  20 
3065	2  15   2 
3065	2  45  43 
3065	2  12  11 
3065	6  41  32 
3067	2  15  21 
3067	2   5  20 
3069	2  13  20 
3071	6  34  18 
3071	6  38  22 
3077	2  34  18 
3079	6  11   3 
3079	2  41  47 
3079	2  31  43 
3079	2  22  16 
3081	2  22  14 
3081	2  27  33 
3083	2  39  40 
3083	2   6  20 
3083	2  22  28 
3081	6  37  24 
3085	2  39  47 
3085	2  26  20 
3087	6  29   8 
3087	2  27  40 
3087	2  25  18 
3089	2  34  32 
3089	2  19  20 
3091	2  25  32 
3091	2  11  20 
3089	6  48  47 
3093	2  34  33 
3093	2   5  18 
3093	2   8   9 
3093	2  42  37 
3095	6  31  30 
3095	2  13  18 
3097	2  27  48 
3099	2   4  20 
3099	2  25  33 
3095	2  42  36 
3095	6  22  16 
3097	6  45  43 
3101	2   8  10 
3103	2  16   9 
3101	2  12  20 
3103	2  35  37 
3101	2  34  40 
3103	2  34  48 
3101	6  32  25 
3105	2   8   2 
3105	2  35  36 
3101	6  22  21 
3107	6  42  21 
3107	2  32  40 
3109	2  46  31 
3113	2   8  22 
3111	2  46  45 
3111	2   6  18 
3113	2  44  37 
3113	2  32  48 
3113	6  20   5 
3115	2  21  42 
3117	2  16  10 
3119	2  26  18 
3117	2  21  14 
3117	2  35  42 
3119	2  21  28 
3119	2   3   5 
3119	2  43  37 
3115	6  32  31 
3115	6  46  45 
3121	6  25  12 
3121	2  30  37 
3121	2  16   2 
3123	2  21   9 
3123	2  45  37 
3125	2  16  22 
3125	2  44  36 
3121	6  40  34 
3127	6  16  10 
3127	2  20  12 
3127	2  47  32 
3129	2  20  33 
3127	2  44  42 
3129	2  43  36 
3131	2  43  42 
3131	2  13  12 
3129	2  47  46 
3131	2  41  32 
3125	6   2   1 
3127	6  21  14 
3131	6  45  37 
3133	2   6  12 
3133	2  35  21 
3135	2  14  16 
3135	2  26  12 
3135	2  35  28 
3133	6  48  41 
3137	2  19  18 
3137	2  39  32 
3137	2  14   1 
3137	2  30  36 
3139	6  35  23 
3139	2  47  45 
3139	2  20  34 
3139	2  11  18 
3141	2  48  46 
3141	2  19  12 
3143	2  11  12 
3143	2  48  45 
3139	6   7   1 
3143	6  33  26 
3145	2  23   9 
3147	2  14  22 
3149	2  27  32 
3145	2  37  36 
3151	2  40  32 
3149	2  23  16 
3151	2  23   7 
3147	6  44  36 
3153	6  43  28 
3153	2  13  26 
3159	2  23  22 
3153	2  39  46 
3155	2  20  41 
3157	2  39  45 
3157	2   4  18 
3159	2  47  44 
3159	2  31  32 
3159	2   4  12 
3161	6  47  45 
3161	2  36  21 
3163	2  36  43 
3163	2  28  21 
3161	2  25  18 
3163	2  25  12 
3165	2   3  18 
3157	6  34  27 
3165	2  13  27 
3165	6  36  21 
3167	2  34  46 
3167	2   3  12 
3169	2  34  47 
3169	2   5  18 
3171	6  26  11 
3171	2  28  43 
3173	2  30  42 
3171	2  40  46 
3173	2  40  47 
3175	2  30  36 
3169	6   9   8 
3175	2  21   8 
3177	6  41  20 
3177	2  21  16 
3177	2  37  42 
3183	2   6  11 
3183	2  31  46 
3185	2  13  20 
3185	2  45  42 
3187	2  31  47 
3179	2  21   7 
3181	2  21  22 
3189	2  30  43 
3187	2   6  27 
3189	2   6  20 
3183	6  14   8 
3185	6  18  11 
3191	2  33  18 
3191	2  28  14 
3193	6  37  35 
3193	2  41  32 
3193	2  19  18 
3195	2  26  18 
3197	2  33  27 
3197	2   4  18 
3199	6  30  15 
3199	2  33  20 
3201	2  19  27 
3203	2  19  20 
3201	2  41  46 
3203	2  41  47 
3201	6   6   4 
3207	2   5  12 
3205	2  15  14 
3205	2  26  27 
3207	2  26  20 
3205	2  35  36 
3207	2  35  43 
3209	6  35  30 
3209	2   6  27 
3211	2  25  18 
3211	2   6  20 
3213	2  25  27 
3213	2  11  12 
3207	6  21  14 
3205	6  48  46 
3211	6  45  44 
3215	2  28  16 
3215	6  27  13 
3217	2  15  16 
3217	2   3  18 
3219	2  30  21 
3217	2  46  45 
3219	2  39  45 
3219	6  18   4 
3221	2  44  36 
3223	2  44  43 
3223	2  28   7 
3221	6  48  40 
3225	2  15   7 
3225	2  25  20 
3225	2   5   4 
3225	6  44  42 
3227	2  28  22 
3229	2  15  22 
3227	2  27  32 
3229	2  27  40 
3231	2  46  44 
3233	2  39  44 
3227	2  11   4 
3235	2  30  16 
3229	2  12   4 
3231	6  11   3 
3231	6  14   7 
3237	2  11  13 
3239	2  18  32 
3237	2  42  21 
3239	2   5  13 
3231	6  41  34 
3235	6  46  45 
3239	6  42  21 
3241	2  41  46 
3243	2  33  32 
3243	2  48  46 
3245	2  45  36 
3241	2  11  20 
3243	2   5  20 
3245	6  32  18 
3247	2  45  43 
3245	6  48  47 
3251	6  25  19 
3257	2  25  18 
3251	2  30  14 
3253	2  21  16 
3255	2  21  14 
3253	2  45  42 
3257	2  30  22 
3245	6   4   3 
3257	2   4  13 
3251	6  48  34 
3257	2  27  34 
3255	6  44  39 
3259	2  12  13 
3259	2  26  18 
3261	2  44  36 
3261	2   6  18 
3261	2  41  39 
3259	2  21  22 
3263	6  41  38 
3269	2  47  39 
3271	2  32  40 
3263	2  19  18 
3265	2  11  18 
3267	2   5  18 
3269	2  44  43 
3269	2   4  20 
3271	2  44  42 
3271	2   4  18 
3263	6  23  16 
3269	6  30  23 
3273	2  32  34 
3273	2  12  20 
3261	6  21  14 
3273	6  45  43 
3275	2  12  18 
3275	2  33  40 
3277	2  25  40 
3279	6  40  25 
3279	6  43  28 
3285	2  33  34 
3285	2  38  36 
3277	6   6   3 
3287	2  31  46 
3283	2   6  13 
3285	2   6  20 
3287	2  13  20 
3283	6  10   3 
3287	6  44  36 
3289	2  31  39 
3289	2  26  25 
3293	2  47  44 
3291	2  10  25 
3293	2  19  25 
3295	6  44  38 
3295	2  40  34 
3295	2   6  18 
3297	2  26  34 
3299	2  13  18 
3295	6  29  21 
3297	6  47  46 
3301	2  31  38 
3301	2  20  18 
3303	6  46  38 
3303	2  11  25 
3305	6  25  10 
3309	2  44  45 
3311	2  44  42 
3311	2   5  10 
3309	2  48  47 
3311	2  48  39 
3301	6  28  22 
3309	2  22  30 
3311	2  22  29 
3303	6  34  27 
3311	6  27  19 
3313	2  36  30 
3315	2  44  30 
3313	2   4  10 
3313	6  47  41 
3317	2  25  19 
3317	2  22  28 
3317	2  38  45 
3315	6  10   4 
3321	2  12   4 
3319	2  36  29 
3323	2   6   4 
3321	2  44  29 
3323	2  36  28 
3319	2  34  41 
3325	2  44  28 
3321	2  32  41 
3323	2  33  41 
3325	2  27  19 
3327	2  31  45 
3325	2  40  41 
3327	2  26  41 
3329	6  38  36 
3329	2  11  19 
3331	2  13   4 
3333	2   5  19 
3329	6  41  34 
3335	2  25  34 
3335	2  36  42 
3335	6  47  45 
3341	2  41  39 
3343	2  48  46 
3345	2  32  39 
3347	2  33  39 
3345	2  48  47 
3337	2  36  30 
3339	2  36  29 
3341	2  36  28 
3337	2  10  19 
3339	2  12  19 
3349	2  41  46 
3351	2  32  46 
3353	2  40  39 
3341	2  20   4 
3355	2  33  46 
3357	2  41  47 
3353	2  18   4 
3357	2   6  19 
3359	2  27  34 
3359	2  32  47 
3361	2  33  47 
3359	2  13  19 
3361	2  20  19 
3343	6  42  29 
3349	6  37  29 
3361	2  31  37 
3363	6  34  27 
3369	2  26  39 
3371	6  27  13 
3371	2  31  30 
3377	2  11  13 
3379	2  18  19 
3371	2  40  46 
3379	2   5  13 
3381	2   4  19 
3373	2  40  47 
3375	6  48  47 
3363	6  42  36 
3373	2  31  36 
3375	2  31  28 
3377	6  39  32 
3377	6  45  37 
3383	2  47  45 
3383	2  25  32 
3385	2  34  32 
3383	2  10  13 
3385	2  12  13 
3387	2   6  13 
3389	2  27  13 
3385	6  47  45 
3377	6  42  28 
3387	6  32  17 
3391	2  20  13 
3391	2  41  47 
3393	6  46  32 
3393	2  11  17 
3393	6  20   6 
3399	6  32  26 
3399	2   5  17 
3401	2  10  17 
3401	2  45  30 
3403	2  45  36 
3403	2  12  17 
3393	6  48  41 
3399	6  47  40 
3405	2  20  17 
3405	2  39  40 
3407	2  32  26 
3407	6  48  46 
3409	2  25  26 
3411	2  34  26 
3407	6  17  11 
3409	6  31  30 
3413	2  17  26 
3415	2  46  31 
3415	2  27  11 
3405	6  44  36 
3411	6  43  42 
3417	2  46  44 
3417	2   5  26 
3419	2  39  31 
3419	2   6  11 
3421	6  44  38 
3427	2  45  43 
3421	2  18  13 
3421	2  33  40 
3423	2  10  26 
3425	2   4  13 
3427	2  32  41 
3427	2  19  13 
3429	2  18  11 
3429	2  46  43 
3431	2  47  40 
3431	2   4  11 
3429	6  26  20 
3435	2  25  41 
3435	2  12  20 
3437	2  32  40 
3439	2  25  40 
3431	6  45  43 
3441	6  24  17 
3441	2  34  41 
3441	2  26  20 
3441	2  39  38 
3443	2  39  45 
3443	2  27  20 
3445	2  34  40 
3447	2  33  31 
3445	2   6  20 
3447	2  18  20 
3449	2   4  20 
3449	2  47  31 
3451	2  33  38 
3451	2  19  11 
3453	2  13  11 
3453	2  33  45 
3455	6  39  34 
3461	2  47  38 
3455	2  19  20 
3457	2  13  20 
3461	2  11  20 
3455	6  25  24 
3463	6  20   5 
3463	2  32  31 
3465	2  32  38 
3467	2  24  31 
3469	2  39  31 
3463	6  18  10 
3463	6  41  34 
3471	2  25  34 
3471	2  47  45 
3473	6  45  39 
3479	2  24  38 
3473	2  20  34 
3481	2  32  39 
3475	6  34  20 
3483	2  45  38 
3483	2  25  40 
3485	6  40  34 
3485	2  25  31 
3491	2  24  39 
3485	6  19  12 
3493	2  18  20 
3495	2  25  38 
3493	2  40  34 
3497	2  40  31 
3499	2  45  39 
3497	2  19  20 
3501	2  40  38 
3499	2  26  20 
3503	2  18  34 
3505	6  33  31 
3505	6  13  10 
3511	2  27  20 
3511	2  25  39 
3513	2  19  34 
3515	6  20   6 
3521	2  20   6 
3523	2  13   6 
3523	2  18  33 
3525	6   6   5 
3525	2  26  34 
3527	2  27  34 
3525	2  40  39 
3529	2  19  33 
3531	6  34  13 
3531	6  25  18 
3537	6  38  24 
3537	2  20  13 
3537	2  26  33 
3537	2   4   5 
3539	2  27  33 
3541	2  20  33 
3543	6  39  32 
3543	2  12   5 
3549	2  25  24 
3545	2  10   5 
3547	2  11   5 
3549	2  34  13 
3551	2  25  32 
3553	2  34  33 
3551	2   4  13 
3553	2  19  24 
3555	2  26  24 
3557	2  27  24 
3559	2  19  32 
3561	2  12  13 
3561	2  26  32 
3563	2   6   5 
3563	2  27  32 
3565	6  20  17 
3571	6  33  12 
3577	2   4  12 
3579	2  10  13 
3581	6  34  25 
3581	6  10   4 
3587	2  33  12 
3587	2  17  24 
3589	2  17  32 
3589	2   4  12 
3591	6  17   4 
3591	6  32  26 
3597	2  25  24 
3597	2  11  13 
3599	2  25  26 
3601	2  10  24 
3603	2  33  24 
3599	2   6  13 
3603	2  11  12 
3605	2  17  24 
3605	2   6  12 
3607	2   5  13 
3607	2  10  26 
3609	2  33  26 
3609	2  11  24 
3611	6  24  11 
3611	6  20   6 
3617	2   5  12 
3617	2  17  26 
3619	2  24  26 
3619	2  13  12 
3621	2  20  11 
3623	2   5  11 
3623	2  20  26 
3625	2   5  26 
3627	2  13  11 
3629	2  13  26 
3631	2  12  11 
3633	2  12  26 
3635	2  11  26 
