   1	6  20  14 
   1	6  25  18 
   7	2  20  33 
   9	2  20  25 
  11	2  20  24 
  13	6  33  31 
  13	6  15   2 
  19	2  20  15 
  19	2  31  25 
  21	2  20  30 
  23	2  31  24 
  23	2  20   9 
  25	6  20  15 
  25	2  25  24 
  19	6  34  33 
  31	2  15  21 
   1	6   6   0 
  27	6  31  24 
  33	2  24  20 
  35	2  24  30 
  37	2  25  20 
  39	2  31  20 
  33	6   9   7 
  41	6  18   7 
  41	6  26  21 
  39	6   4   3 
  47	2  15   3 
  47	2  24  18 
  49	2  15  28 
  49	2  25  30 
  51	2  24  26 
  47	6   7   6 
  49	6   3   2 
  53	2  25  18 
  53	6  34  27 
  59	2  15   5 
  55	2  31  30 
  61	2  15  29 
  57	2  31  18 
  63	2  20  30 
  55	6   7   2 
  65	2  15   3 
  65	2  25  26 
  61	6  12   7 
  63	6  33  28 
  69	2  15  23 
  71	2  15  16 
  67	2  24  12 
  69	2  25  12 
  73	2  15   7 
  71	2  31  26 
  75	2  20  18 
  77	2  30  18 
  77	2  15   9 
  79	2  15  14 
  81	2  15  21 
  75	6   7   6 
  73	6  33  32 
  79	2  24  32 
  81	2  25  32 
  83	2  20  26 
  79	6   5   3 
  83	6  24  12 
  89	2  31  24 
  71	6  35  29 
  81	6  34  23 
  85	6   3   1 
  87	6  35  21 
  93	2  15  19 
  95	2  15  28 
  97	2  20  24 
  99	2  15  22 
  99	2  12   1 
 101	2  15  13 
  99	2  31  32 
 103	2  20  32 
 103	6  12   1 
 105	2  15  10 
 109	2  15   3 
 109	2  25  12 
 111	2  30  26 
 111	6   9   1 
 113	2  30  24 
 115	2  30  32 
 111	6  13  12 
 101	6  34  28 
 107	6  28  23 
 117	2   9  21 
 113	6  17   5 
 119	2  15   2 
 121	2  15  27 
 117	6  30  18 
 123	2   9  17 
 123	2  30  26 
 125	2  25  21 
 125	6  29  17 
 127	2  31  13 
 129	2  20  13 
 129	2  30  24 
 131	6  18  13 
 131	2   9  23 
 133	2  15  11 
 135	2  31  21 
 133	6  34  29 
 137	2   9  16 
 137	2  26  24 
 139	6  32  25 
 139	2  15   7 
 141	2  20  21 
 143	2   9   6 
 139	6  35  23 
 145	6  21  19 
 145	2  32  34 
 147	6  34  32 
 151	2  15  17 
 151	2  13  18 
 153	6  33  31 
 153	2   9   1 
 153	2  13  19 
 155	2   9  14 
 157	2   9  23 
 155	6  12   6 
 159	2  15  28 
 159	2  30  25 
 161	6  29  16 
 161	2  26  25 
 167	2   9  21 
 163	2  33  32 
 167	2  34  35 
 163	2  30  18 
 165	2  24  25 
 167	6  25  13 
 169	2  34  29 
 169	2   9  16 
 171	2  33  35 
 171	2   9  22 
 173	2  20  32 
 173	6  28  22 
 175	2   9   6 
 177	2   9  10 
 175	2  25  32 
 177	2  30  19 
 179	6  25  13 
 179	2  33  29 
 179	2   9   3 
 181	2   9   2 
 181	6  34  21 
 187	2  15   4 
 189	2   9  27 
 185	6  13  12 
 191	6  33  20 
 191	2   9  11 
 197	2  26  18 
 193	2   9   7 
 197	2   9  17 
 199	2   9  22 
 199	2  26  19 
 195	6   7   1 
 201	2  21  13 
 203	2  21   7 
 205	2   9   4 
 205	2  20  13 
 203	2  24  18 
 205	2  33  35 
 207	6   6   2 
 207	2  21  14 
 207	2  33  29 
 209	2  21  23 
 207	2  25  18 
 209	2  30  32 
 211	2  26  32 
 211	2  24  19 
 213	6  33  26 
 213	2  15   9 
 219	6  26  12 
 215	6  10   2 
 225	6  12   7 
 225	2  21  34 
 227	2  21  16 
 231	2  20  12 
 227	6  35  33 
 225	6  31  30 
 233	6  32  24 
 233	2  21  28 
 233	2   7  13 
 235	2  20  14 
 239	2  26  33 
 241	2  32  24 
 235	2   7  12 
 243	2  31  33 
 237	2   7  14 
 235	6  23  22 
 243	2  20  22 
 239	6   9   2 
 245	6  22  20 
 245	2  35  33 
 247	2  32  33 
 249	6  33  32 
 251	2  25  19 
 255	2  22  34 
 253	2  25  24 
 255	2  18  19 
 245	6   8   7 
 251	6  11   3 
 257	2  21  10 
 259	2  21   9 
 257	2  18  24 
 259	2  19  24 
 251	6   7   6 
 255	6  32  31 
 261	2  22  16 
 261	2   8  20 
 257	6  34  29 
 263	2  26  34 
 265	2  25  31 
 265	2  22  28 
 267	2  32  34 
 267	6  16   8 
 269	2  18  31 
 273	2  21  11 
 275	2  21   7 
 269	2  35  34 
 271	6  32  25 
 277	6  35  17 
 277	2  19  31 
 279	2  26  13 
 281	2  26  12 
 277	6   2   1 
 283	6  22  10 
 289	2  10  22 
 283	2  26  14 
 285	2  26  20 
 285	2  33  34 
 287	2  25  13 
 289	2  25  12 
 291	6  17  15 
 297	2  25  14 
 287	6  34  33 
 299	6  33  32 
 299	2  16  29 
 301	2  16   8 
 299	2  25  20 
 305	2  33  32 
 303	2  15  13 
 305	2  15  12 
 307	2  15  14 
 309	2  16  28 
 307	2  24  31 
 311	2  10   9 
 311	2  21  27 
 309	6  32  25 
 313	2  10  11 
 315	2  18  25 
 315	2  16  22 
 307	6   7   2 
 315	6  34  27 
 317	2  19  25 
 321	2  21   3 
 323	2  10   2 
 323	2  26  29 
 325	2  21   7 
 325	2  24  25 
 327	6  17   4 
 327	2  27  13 
 329	2  15  20 
 329	2  31  25 
 329	6  34  29 
 333	2  16   9 
 335	6  29  17 
 335	2  26   8 
 337	6  33  20 
 341	2  10  17 
 329	6  18  12 
 337	6  24  18 
 337	6   8   7 
 343	2  27  24 
 343	2  10   3 
 345	6   9   8 
 345	2  20  13 
 345	2  16  11 
 345	2  32  34 
 347	2  20  24 
 349	2  26  28 
 351	2  27  14 
 351	6   4   3 
 353	2  12  13 
 357	2  10   9 
 355	2  12  24 
 355	2  20  14 
 353	2  27  33 
 357	2  19  13 
 359	2  12  14 
 355	6  34  22 
 359	6  11  10 
 361	2  26  34 
 361	2  15  22 
 361	2  18  13 
 363	2  19  24 
 363	2  27  22 
 365	2  20  33 
 365	2  18  24 
 367	2  26   8 
 367	6  18  12 
 369	2  20  22 
 371	2  16   2 
 373	6  20   7 
 373	2  16  17 
 379	2  31  13 
 381	2  31  24 
 375	2  16   4 
 381	2  21  35 
 377	6  17  11 
 383	2  17  35 
 383	2  25  13 
 385	6  10   9 
 385	2  19  14 
 387	2  21  23 
 389	2  21  29 
 387	2  25  24 
 391	6  21   8 
 391	2  17  23 
 393	2  17  29 
 389	6  19  18 
 397	6  18  14 
 397	2  16  10 
 397	6  33  26 
 395	6  35  29 
 399	6  17  10 
 403	2  32  20 
 405	2  32  28 
 405	2  15  20 
 407	2  13  24 
 407	2  32  34 
 407	6  22  15 
 409	2  12  18 
 411	2  19  26 
 405	6  10   4 
 413	2   3   8 
 413	2  31  18 
 413	2  16  29 
 413	2  27  20 
 415	2   3   4 
 415	2  22  28 
 415	2   7  20 
 417	2   1   8 
 417	2  25  18 
 417	2  22  34 
 419	6  35  17 
 425	2  16  23 
 419	2  14  26 
 427	2  32  21 
 429	2  22  21 
 431	2  27  28 
 431	2  16  17 
 433	2  27  34 
 435	2  12  26 
 437	2  19  15 
 439	6  16   2 
 439	2  19  20 
 445	2   3   2 
 441	2  31  26 
 443	2  25  26 
 445	2  27  21 
 447	2  14  15 
 449	2  14  20 
 451	2  13  18 
 453	2  12  15 
 455	6  19  15 
 447	6  33  29 
 453	6  29  23 
 455	6   4   3 
 455	6  32  27 
 461	6  27   9 
 467	2  31  19 
 469	2  12  20 
 467	2   1   3 
 471	2  13  26 
 469	2   1   2 
 473	6  28  14 
 473	2  24  18 
 469	6   5   4 
 479	2  23  27 
 481	2  23  16 
 479	2   7  14 
 481	2  31  20 
 481	2   8   3 
 481	6  34  33 
 483	2  23  11 
 483	2  25  19 
 483	2  15  14 
 485	2   8   2 
 485	2  23  10 
 485	2  25  20 
 487	2   9  27 
 489	2   9  16 
 487	2  13  19 
 489	2  24  26 
 491	6  31  25 
 491	2   9  11 
 493	2   3   2 
 491	2  22  27 
 493	2  22  16 
 495	2  28  14 
 497	6  24  14 
 497	2  23  35 
 503	2   9  10 
 503	2  12  24 
 497	2  32  27 
 499	2  23  34 
 501	2  23  29 
 503	2  23  17 
 501	6  32  27 
 505	2  25  24 
 505	6  23   9 
 511	2  14  19 
 511	2  22  11 
 513	2  31  24 
 513	2  13  20 
 513	2  22  10 
 515	6   4   1 
 515	2  23  35 
 521	2   5   9 
 523	2   4   9 
 515	2  18  26 
 517	2  23  34 
 519	2  23  29 
 521	2  23  17 
 517	2  18  19 
 523	2  22  35 
 519	2  26  19 
 523	2  14  20 
 525	6  15   7 
 525	6  33  25 
 525	6  23  11 
 531	2  22  34 
 533	2  18  20 
 531	2   5  11 
 535	2  15  25 
 533	2   4  11 
 537	2  15  21 
 537	2   7  25 
 539	2   7  21 
 535	6  11   4 
 541	2  13  24 
 541	2  27  16 
 543	6  11   5 
 543	2  28  25 
 545	2  26  20 
 547	2  19  20 
 549	2  28  21 
 551	2  22  29 
 551	2  14  24 
 547	6  33  32 
 553	2   8   9 
 553	2  27  23 
 555	2  15  33 
 557	2  15  16 
 557	2  12  25 
 557	6  33  28 
 563	2  15  23 
 565	2   3   9 
 567	2   2   9 
 565	2  22  17 
 567	2  11  22 
 559	2  18  24 
 563	2  32  25 
 565	2  31  25 
 567	2  13  25 
 569	2  14  25 
 569	6  22  10 
 571	2  26  24 
 573	2  19  24 
 575	6  21   7 
 575	2   5  10 
 581	2  27  22 
 583	2  21  28 
 575	2  18  25 
 583	2  26  25 
 585	2  19  25 
 581	2  12   7 
 585	2  15  22 
 587	6  23  15 
 583	6  12   7 
 589	6  19  12 
 595	2  20  24 
 597	2   8   4 
 593	2  33  28 
 597	2  20  25 
 595	6  33  28 
 601	2  32  19 
 599	2   8  10 
 601	2   3   4 
 603	2  31  19 
 603	2   3  10 
 605	2  13  19 
 603	2  27  35 
 607	2  14  19 
 605	2  27  34 
 605	2   2   4 
 609	2  21  16 
 609	2  24  25 
 607	6  33  32 
 611	2  21  15 
 611	2  23  35 
 611	2  18  19 
 613	6  11   9 
 613	2  21  22 
 619	2   2  10 
 613	2  26  19 
 615	2  12  19 
 615	2  27  29 
 617	2  20  19 
 619	2  24  19 
 617	6  27  22 
 621	2  25  19 
 623	2  23  34 
 625	2  23  29 
 621	2  11   4 
 627	2  22  17 
 629	6  22   9 
 635	2  23  17 
 637	2  22   9 
 623	6  13   7 
 639	6  23  16 
 629	6  32  19 
 645	2  11  10 
 647	2   4  10 
 635	2  13  19 
 639	2  33  19 
 645	2  21  35 
 647	2  21  34 
 649	2  21  29 
 651	6  33  23 
 651	2   5   9 
 653	2   8   9 
 655	2   3   9 
 651	6  20  13 
 657	2   2   9 
 657	2  31  19 
 657	2  28  33 
 659	2  28  15 
 661	2  28  27 
 659	2   7  19 
 661	2  14  19 
 659	6  32  31 
 663	2  11   9 
 665	2   4   9 
 663	2  18  19 
 663	2  28  35 
 665	2  22  16 
 665	2  20  33 
 667	2  20  15 
 667	2  23  33 
 669	2  21  17 
 671	2  22  21 
 671	2  26  19 
 673	2  12  19 
 671	2  10   9 
 673	2   5  16 
 675	2   8  16 
 675	2  20  27 
 677	2  32  33 
 677	2   3  16 
 677	2  13  19 
 679	6  21  15 
 685	2   5  15 
 679	2  24  19 
 679	2  28  34 
 681	2  25  19 
 681	2  28  29 
 683	6  33  25 
 687	2   2  16 
 689	6  28  23 
 695	2  11  16 
 689	2  31  19 
 697	2  23  17 
 699	2  22  23 
 691	2   7  25 
 693	2  14  25 
 695	2  18  25 
 697	2   8  15 
 697	2  26  25 
 699	2  12  25 
 695	6  35  34 
 701	6  23  17 
 701	2  28  21 
 707	2   5  17 
 703	2  20  34 
 705	2  32  21 
 709	2   3  15 
 707	2  28  27 
 711	2   2  15 
 709	2  28  34 
 711	2  32  27 
 709	6  17  11 
 713	2   7  21 
 711	6  35  29 
 715	2   8  11 
 717	6  11   3 
 717	2  32  34 
 717	2  14  21 
 719	2  13  25 
 723	2  17  15 
 721	2  24  25 
 723	2  33  25 
 725	6  27  20 
 725	2  11   3 
 731	2  27  29 
 733	2   7  20 
 735	2   2   3 
 735	2  18  21 
 737	2  26  21 
 739	2   4  16 
 739	2  27  35 
 741	2  14  20 
 739	2  31  25 
 741	2  17   3 
 741	6  34  32 
 747	2  19  25 
 747	2  27  23 
 743	6  11   5 
 749	6  21  18 
 755	6  32  25 
 755	2   4  15 
 755	2  28  29 
 757	2  28  35 
 761	2  22  27 
 755	2  12  18 
 757	2   4   3 
 761	2  13  18 
 757	6  17  11 
 763	2  10  16 
 763	2  28  23 
 763	2   7  25 
 765	6  30  18 
 765	2   9  16 
 765	2  21  20 
 771	2  24  30 
 767	2  26  20 
 767	2  10  15 
 769	2  10   3 
 765	2  34  29 
 767	2  34  35 
 769	2  34  23 
 771	2  17  27 
 767	6   8   7 
 773	6  29  17 
 773	2  14  25 
 775	2  12  20 
 779	2  33  30 
 781	2  21  25 
 775	6   8   3 
 781	6  11   3 
 787	2   9  15 
 783	2  13  20 
 789	2  16  15 
 791	2  22  28 
 791	2  24  20 
 791	2  11  17 
 791	2   9   8 
 793	6  27  14 
 793	2  31  30 
 793	6  35  23 
 793	6   5   4 
 799	6  14   8 
 799	2  27  17 
 801	2  11  23 
 801	2  26  25 
 803	2  27  23 
 805	6  21  17 
 811	2  17  21 
 805	2   7   8 
 813	2  33  20 
 813	2  17  23 
 793	6  18  12 
 803	6  31  24 
 807	6   8   3 
 813	2   4   3 
 815	2  22  34 
 815	2   2   3 
 815	2  18  25 
 817	6  17  11 
 817	2  24  20 
 817	2  29  28 
 819	2  29  34 
 817	2   8   3 
 823	2   5   3 
 823	2  16  14 
 825	2  13  25 
 825	2  10   3 
 821	6  28  27 
 827	6  27  13 
 833	2  19  30 
 835	2   7  13 
 833	2  17  35 
 835	2  22  17 
 837	2  15  14 
 837	2  28  35 
 835	2  31  25 
 837	2  32  30 
 837	6   4   1 
 843	2   9   3 
 839	2  22  28 
 843	2  29  17 
 839	2  19  20 
 843	2   1  13 
 841	2  26  21 
 843	6  26  21 
 845	2  29  28 
 845	2   2  13 
 847	2   8  13 
 849	6  14   7 
 849	2  18  26 
 849	2  16   3 
 851	2  27  26 
 853	2  33  25 
 851	6  16   5 
 855	2  31  26 
 847	6  35  29 
 855	6  13   8 
 857	2  24  25 
 857	2  11  29 
 859	2  21  23 
 861	2  21  29 
 863	2  33  26 
 863	2  22  11 
 865	6  35  29 
 865	2  32  20 
 867	2  24  26 
 869	2  22  21 
 869	2  19  25 
 871	2  15   3 
 873	2   7   3 
 871	2  19  26 
 873	2  32  25 
 875	6   5   3 
 875	2  30  20 
 877	2  32  26 
 879	2  30  25 
 871	6  34  23 
 877	6  22  14 
 883	2  20  25 
 883	2  22  23 
 879	6  34  33 
 885	2  22  17 
 885	2  30  26 
 881	6   2   1 
 881	6   5   4 
 887	6  30  18 
 887	2  29  11 
 889	2  29  21 
 891	2  20  26 
 891	2  22  28 
 887	6   3   2 
 893	2  16   8 
 895	2  10   8 
 893	2  30  33 
 897	2   9   8 
 899	2   2   8 
 895	2  27  33 
 897	2  22  11 
 897	2  31  33 
 899	2  22  21 
 901	2  15   8 
 903	2   7   8 
 899	2  34  33 
 905	2   4   8 
 899	2  25  26 
 901	6  33  26 
 901	6  23  17 
 901	6  31  30 
 907	2   3  17 
 907	2  24  26 
 909	2  19  26 
 911	6  34  31 
 909	6  17  15 
 915	2   1  15 
 917	2  13  15 
 917	2  34  35 
 917	2  32  26 
 917	6  23  11 
 919	2  18  26 
 923	2   3  11 
 921	2  20  26 
 923	2  25  26 
 919	6  35  34 
 923	6  21  14 
 929	2  21  35 
 925	6  30  25 
 931	6  34  32 
 937	2  29  35 
 931	2  16  15 
 937	2  27  32 
 939	2  25  32 
 939	2  21  27 
 941	6  21  19 
 947	2  33  26 
 947	2  22  35 
 925	6  11   4 
 933	2   1   4 
 935	6   4   1 
 949	2  19  25 
 951	2  13   1 
 949	2  10  15 
 951	2   9  15 
 949	2  29  27 
 951	2  22  27 
 951	2  31  32 
 953	6  17   3 
 953	2  19  31 
 955	2  24  32 
 959	2  17  28 
 957	2  19  24 
 961	6  34  31 
 961	2   2  15 
 961	2  17  23 
 963	2   3  15 
 965	2   7  15 
 967	2  21  32 
 969	2  31  32 
 969	2  19  21 
 971	2  19  31 
 971	2  11  15 
 967	6  34  29 
 967	6   2   1 
 973	2  17  14 
 975	2  16   2 
 977	2   8  15 
 979	2  10   2 
 975	2  18  32 
 977	2  19  18 
 981	2   9   2 
 979	2  20  32 
 981	2  19  20 
 981	2  30  32 
 977	6  28  22 
 983	6  22  15 
 989	2   4  15 
 983	2   1   2 
 983	2  33  32 
 985	2  26  32 
 987	6  33  25 
 993	2  13  15 
 995	2  16  15 
 993	2  34  33 
 995	2  19  30 
 995	2  34  29 
 997	2  28  33 
 997	2  19  25 
 991	2   3   2 
 995	2   7   2 
 997	2  10  15 
 997	6  23  17 
 999	2  19  26 
1001	2  19  32 
 999	2   9  15 
 999	6  35  28 
1003	2   4  17 
1003	6  32  24 
1005	2  35  29 
1007	2  23  28 
1009	2  34  32 
1011	2  23  27 
1003	6  13   8 
1009	6  19  18 
1013	2  23  33 
1005	6  10   4 
1009	6  15   8 
1015	2  10  14 
1017	2  15  17 
1015	2  35  32 
1017	6  35  32 
1019	2  15  14 
1021	2   1   8 
1021	2  16  17 
1023	6  13   1 
1023	2   4  17 
1025	2  10  28 
1027	2  23  29 
1029	6  17  10 
1029	2  34  21 
1031	2  34  31 
1035	2   9  10 
1033	2  32  21 
1037	2  15  28 
1035	2  32  31 
1037	6   3   2 
1039	2  23  35 
1041	2  17  27 
1043	6  13   9 
1043	6  33  23 
1049	6  34  31 
1049	2   9  10 
1051	2  16  14 
1053	2  17  23 
1053	2   4  14 
1055	6  22  15 
1055	2  31  19 
1055	2  11   3 
1057	2  32  19 
1057	2   2   8 
1059	2   7   8 
1057	6  11   4 
1061	2  22  27 
1063	2  17  29 
1061	2  13  14 
1063	2   4   8 
1063	2  33  21 
1065	2   2  10 
1065	2  22  23 
1065	2  33  34 
1067	2   9  14 
1067	2  22  29 
1069	6  27  17 
1075	2  31  20 
1077	2  32  20 
1079	2  31  30 
1069	2   1   3 
1081	2  31  25 
1075	2  16  28 
1079	2  27  35 
1077	2  16  17 
1071	2   1   8 
1079	2   2  14 
1081	2  27  21 
1079	2  16  23 
1083	2  22  35 
1083	2  31  26 
1085	6  33  25 
1085	2   7  10 
1087	2  22  21 
1091	2  25  19 
1091	2  16  29 
1087	2   7  14 
1089	6   2   1 
1093	2   4  10 
1093	2  25  20 
1093	6  35  29 
1095	2  32  30 
1095	2   2  10 
1097	2  25  30 
1097	2  32  33 
1097	2   4  14 
1099	2  31  24 
1101	2  32  26 
1099	2  15   3 
1101	2   2  14 
1103	2  32  24 
1103	2  15   8 
1099	6  17  11 
1105	6  28  16 
1105	2   3   8 
1105	2  18  31 
1107	6  32  30 
1111	2  28  29 
1111	2  17  16 
1107	6  13   2 
1113	6  16   2 
1113	2  27  34 
1119	2  17  11 
1121	2  15  10 
1123	2  15  14 
1113	2  18  30 
1115	2  31  30 
1117	2  25  33 
1119	2  25  26 
1121	2  25  24 
1123	2  18  25 
1121	2  17  23 
1123	2   3  10 
1123	6  23  17 
1125	2  31  25 
1125	2  28  21 
1127	2  27  19 
1125	6   3   1 
1129	2  23  35 
1129	2  27  20 
1131	2  27  32 
1131	2   8  10 
1133	2  27  33 
1133	2  16   2 
1135	2  23  29 
1133	2  30  25 
1135	2  27  26 
1135	2   9   2 
1135	6  31  24 
1137	2   3   2 
1137	2  23  21 
1139	2  16  11 
1139	2   7   2 
1139	6  27  20 
1141	2   9  11 
1143	2  16  17 
1143	2   4   2 
1139	6  35  29 
1145	2  13   2 
1145	2  16  29 
1147	6  33  22 
1147	6  11   9 
1147	6  20  19 
1153	6  29  22 
1153	2  19  31 
1153	2  33  34 
1153	2  11  17 
1155	2  33  20 
1153	2   3   9 
1155	2   7   9 
1157	2  33  27 
1157	2  18  19 
1157	2   4   9 
1155	6  17  11 
1159	2  28  34 
1159	2  13   9 
1161	6  11   3 
1167	2  11   3 
1161	2  33  32 
1163	2  33  29 
1169	2  17  22 
1169	2   7   3 
1161	2  24  19 
1165	2  33  26 
1167	2  33  31 
1169	6  33  31 
1171	2   4   3 
1171	2   1  14 
1173	2  13   3 
1175	2  30  19 
1177	2  18  31 
1175	2  23  34 
1179	2  25  19 
1177	2  11  22 
1181	2  24  31 
1183	2  30  31 
1177	2   8  14 
1179	2  15   2 
1181	2   1   2 
1183	2   8   2 
1181	2  28  20 
1185	2  15   9 
1183	2  28  27 
1185	2  28  32 
1187	2  23  20 
1189	2  25  31 
1191	2  19  31 
1189	2  15   3 
1189	2  28  29 
1191	2  23  27 
1191	2   1   9 
1193	2  10  14 
1195	6  28  26 
1195	2   1   3 
1201	2  26  28 
1197	2   8   9 
1199	2   8   3 
1201	2  10   2 
1203	6  22   8 
1209	2  14   2 
1211	2  10   9 
1213	2  10   3 
1203	2  26  33 
1215	2  14   9 
1217	2   7   8 
1219	2  14   3 
1209	6  35  29 
1215	6  34  23 
1221	2  16  29 
1221	2  18  26 
1223	6  20  10 
1229	2  34  32 
1229	2   4   8 
1229	2  16  21 
1231	2  24  26 
1233	2  30  26 
1231	2   2   9 
1231	2  17  29 
1235	2  25  26 
1233	2  11  29 
1235	2  16  23 
1233	2   2   3 
1237	2  17  21 
1239	2  19  26 
1239	2  17  23 
1235	2  34  35 
1239	2  34  28 
1241	2  16  10 
1243	2  16  27 
1245	2  34  33 
1241	2  13   8 
1245	2   9   3 
1245	2  31  26 
1247	6  31  18 
1247	2  11  21 
1249	2  17  10 
1251	2  11  23 
1251	2  15   8 
1249	6  34  33 
1253	2  11  10 
1253	2   1   8 
1253	6  25  24 
1255	2  22   8 
1255	6  33  32 
1259	2  20   8 
1257	6  29  16 
1261	2  31  32 
1263	2  29  33 
1261	2  14   8 
1263	2   2   8 
1263	6  16  15 
1265	2  25  32 
1265	2  29  35 
1269	2   9   8 
1271	2   7  15 
1273	2   7  21 
1267	6  31  25 
1267	6  34  29 
1273	6  32  25 
1275	2  34  28 
1275	2   4  15 
1277	2  34  29 
1277	2   3   8 
1279	6  34  33 
1285	2  32  33 
1279	2  30  25 
1279	2  13  15 
1281	2  24  25 
1287	2  31  33 
1281	2  16  15 
1283	2   1  15 
1285	2  22  15 
1287	2  20  15 
1285	6  10   4 
1289	2  30  33 
1289	2  14  15 
1285	6  12   1 
1287	6  23  17 
1291	2   2  15 
1293	2  10  21 
1295	2  13  21 
1291	6  31  24 
1293	6  29  23 
1297	2  31  33 
1297	2  16  21 
1297	6  13  12 
1303	2  13  21 
1299	6  33  32 
1299	6  17  11 
1305	6  11  10 
1305	2  29  27 
1307	2  22  21 
1307	2  29  34 
1309	2  29  35 
1305	2  19  25 
1307	2  19  32 
1309	2  20  21 
1311	2  17  27 
1305	6   7   2 
1309	6  31  24 
1313	2  29  28 
1315	2  18  25 
1313	2   2  10 
1315	2  29  23 
1313	2  14  21 
1315	2   2   4 
1317	6  20   2 
1317	2  11  10 
1317	6  34  29 
1323	6  12   1 
1323	2   9  15 
1323	2  33  34 
1325	2  20  27 
1327	2  31  34 
1329	2   3  15 
1329	2  18  32 
1323	6  23  17 
1329	2  23  29 
1331	6  27  20 
1331	2  23  35 
1337	2   8  15 
1339	2   7  21 
1331	2  11   4 
1333	6  10   4 
1339	6  10   3 
1341	2  27  29 
1343	2  26  25 
1343	2  23  28 
1341	6  14  13 
1345	2  27  35 
1347	2  27  28 
1345	2  23  17 
1347	2   1   4 
1345	6  31  25 
1349	2   1   3 
1349	6  22  11 
1355	2  16   4 
1357	2   9  21 
1351	6  32  25 
1359	6  20  15 
1365	2  10  21 
1351	6   7   1 
1357	6  13   7 
1357	6  34  32 
1367	2  14   4 
1369	2   8  21 
1369	2  11   4 
1371	2  16   3 
1363	2  30  32 
1371	2  24  32 
1373	2  27  17 
1375	6   4   2 
1375	2  33  23 
1377	2  33  27 
1379	2  26  25 
1379	2  34  23 
1381	2  34  27 
1381	2  31  25 
1381	2  14   3 
1383	2  19  32 
1383	2  22  15 
1385	2  22  29 
1385	2  18  32 
1387	2  26  32 
1387	2  22  35 
1389	2  31  32 
1383	2   4   2 
1385	2   7   2 
1389	2  11   3 
1389	2  22  28 
1391	6  34  23 
1391	2   1   2 
1391	2  25  32 
1391	2  13  15 
1393	2   4   3 
1395	2   7   3 
1397	2   1   3 
1393	2  20  21 
1397	2  16  15 
1399	2   9   2 
1399	2  22  17 
1393	6  31  30 
1397	6  20  13 
1401	2   9   3 
1401	2  33  22 
1399	6  25  24 
1403	2  14  15 
1403	2  23  22 
1405	6  34  31 
1405	2  11  15 
1411	2  34  31 
1413	2  25  31 
1407	2   4  15 
1409	2   7  15 
1411	2   1  15 
1415	2  19  31 
1413	2  34  27 
1415	2  34  22 
1417	6  27  20 
1417	2   9  15 
1419	2  10   2 
1421	2  10   3 
1417	2  18  31 
1417	6  35  23 
1423	2  27  29 
1423	2  10  15 
1423	2   8   2 
1425	6  21   9 
1431	6  22  14 
1437	2  13   2 
1439	2   8   3 
1431	2  26  31 
1433	2  30  31 
1435	2  24  31 
1437	2  27  23 
1439	2  25  20 
1441	2  25  14 
1439	2  27  28 
1443	2  13   3 
1443	2  32  31 
1445	6  19  14 
1445	2  27  17 
1447	2  33  27 
1451	2  14  20 
1447	2  16  29 
1449	2  22  29 
1453	2  14  19 
1451	2  11  29 
1453	2  35  27 
1453	2  16  23 
1455	2  18  20 
1455	2  16  28 
1453	6   5   4 
1457	2  22  23 
1459	2  16  17 
1457	2   9   2 
1457	2  34  27 
1459	2   9   3 
1457	2  18  19 
1459	2  25  27 
1461	6  25  18 
1461	2  14  27 
1467	2  26  20 
1461	2  11  23 
1463	2  22  28 
1463	2   8  15 
1465	2  22  17 
1465	2   2   3 
1469	2  30  20 
1467	6  29  11 
1471	2  26  19 
1467	6   7   2 
1473	6  27  25 
1479	2  27  25 
1473	2   5  11 
1475	6  11   8 
1481	2  29  28 
1481	2  13  15 
1481	2  26  25 
1483	6  23  16 
1483	2  30  19 
1485	2  24  20 
1487	2  30  25 
1489	2  29  17 
1489	2  24  19 
1483	2   2   8 
1485	2   1   8 
1489	2  21   8 
1481	6   5   4 
1491	2  32  20 
1493	2  32  19 
1493	2   9  15 
1495	2  10   8 
1495	2  24  25 
1491	6  28  23 
1497	6  14   1 
1497	2  33  28 
1499	2  32  25 
1499	2  35  28 
1501	2  34  28 
1497	6  17   4 
1503	2  17  16 
1505	2  17  23 
1505	2   7  15 
1503	6  33  28 
1507	2  31  20 
1507	2  17   4 
1509	2  28  22 
1509	2  11   8 
1509	6  26  18 
1511	2   2  16 
1513	2  28  29 
1513	2   3  15 
1513	6   6   1 
1515	2  35  22 
1517	2  14  16 
1515	2  26  33 
1517	2  35  29 
1517	6  33  26 
1519	2  13   8 
1521	2   9   8 
1519	6  23  17 
1525	2  28  23 
1527	2  34  22 
1529	2  33  22 
1523	2   7   8 
1525	2   3   8 
1525	6  12   6 
1531	2  34  29 
1533	2  35  23 
1531	2  12  26 
1533	2  31  19 
1535	2  31  25 
1531	2  15   8 
1535	2  33  29 
1537	2  20  19 
1537	2  34  23 
1539	2  27  26 
1533	6   5   2 
1539	2   5  17 
1541	6  28  23 
1541	2   5   4 
1541	2  18  26 
1543	2  30  26 
1545	2  24  26 
1539	6  15  14 
1539	6   7   2 
1545	6   8   4 
1547	2  32  26 
1547	2  21  16 
1549	2  33  28 
1549	2  20  25 
1547	6  18  12 
1551	2  23   5 
1551	2  31  26 
1553	6  22   8 
1559	2  18   8 
1561	2  19  25 
1561	2  10  16 
1559	6  35  29 
1563	2  15  17 
1565	2  15  22 
1567	2  23  15 
1563	6  32  18 
1569	2  21  17 
1569	6  13   8 
1571	2  21  22 
1573	2  11  16 
1575	2  23  21 
1569	6  30  24 
1569	6  35  34 
1577	2  10  17 
1575	2  32  34 
1577	2  27  13 
1579	6  17   5 
1579	2  12  13 
1579	2  20  26 
1581	2  24  13 
1585	2  10  22 
1583	2  19  26 
1585	2  25  26 
1579	6  34  33 
1585	6  18  13 
1587	2  27  33 
1589	2  32  28 
1587	2  11   5 
1591	6  35  21 
1591	2  30  18 
1593	2  13  18 
1595	2  31  18 
1589	6   5   3 
1597	2  23  10 
1597	2  20  18 
1597	6  33  31 
1599	2  19  18 
1599	2  29  17 
1601	2   8  16 
1603	6  22  10 
1603	2  25  18 
1605	2  26  18 
1609	2   9  16 
1611	2   2  16 
1607	6  18  12 
1613	2  27  28 
1613	2   5  16 
1613	2   8   3 
1613	2  18  31 
1615	2  29  15 
1615	2  24  31 
1617	6  34  28 
1623	2  29  35 
1617	2  14  16 
1619	2   4  16 
1623	2  21  17 
1625	2  28  17 
1621	2   9   3 
1617	2  30  31 
1625	2  13  31 
1623	2   2   3 
1627	6  34  32 
1633	2  18  32 
1627	2  21  15 
1633	2  29  22 
1627	2   5   3 
1635	2  33  31 
1637	2  24  32 
1629	2  11  10 
1631	2   8  10 
1633	2   9  10 
1635	2  23  11 
1637	2   2  10 
1639	6  23  11 
1639	2  14   3 
1645	2  21  35 
1645	2   5  10 
1647	6  32  18 
1647	2  21  22 
1653	2  30  18 
1647	2   4   3 
1649	2  16   3 
1651	2  29  23 
1653	2  21  23 
1655	2  14  10 
1653	6  33  32 
1657	2  11   8 
1659	2  13  18 
1659	2  28  15 
1659	6  11   4 
1661	2  20  31 
1663	2  32  18 
1661	2  28  35 
1665	2   4   9 
1665	2  20  18 
1663	2  28  22 
1667	2   4   2 
1665	2  28  23 
1669	2   4   5 
1667	2  19  31 
1669	2  25  31 
1667	6  29  17 
1671	2  19  18 
1671	2  26  31 
1667	6  21  15 
1673	6  17   9 
1673	2  25  18 
1679	2  11  10 
1673	2  34  29 
1681	2   4  14 
1675	6  25  24 
1675	6  29  28 
1681	2  27  28 
1681	6  31  30 
1683	2   4  11 
1683	2  34  21 
1685	2  27  21 
1685	2  16  10 
1687	2  26  18 
1689	2  12  30 
1691	2  12  18 
1687	2   4  16 
1693	2  30  18 
1689	2   9   8 
1691	2   9  17 
1693	2  15   8 
1685	2  34  35 
1689	2  27  35 
1691	2  33  28 
1693	6  33  28 
1695	2   9   2 
1697	2   9   5 
1699	2  25  33 
1699	2   9  14 
1701	2  31  33 
1701	2  15  17 
1703	6  29  17 
1703	6  33  25 
1709	2   3  10 
1709	2  34  22 
1711	2  15   2 
1709	6  31  26 
1713	2  15   5 
1715	2  27  22 
1715	2  13  25 
1715	2   9  11 
1711	6  35  34 
1717	2  32  25 
1717	2   9  16 
1719	2  15  14 
1719	2   4   3 
1721	2  15  11 
1717	6  29  23 
1719	6  34  27 
1723	2   4  10 
1725	2  28  21 
1725	2   9   3 
1723	6  14  13 
1727	2  35  29 
1727	2   9  10 
1719	6  31  24 
1729	2  15  16 
1729	2  28  27 
1729	2  20  25 
1731	2  19  25 
1731	2  33  21 
1731	6  10   8 
1733	2  34  29 
1733	2  26  21 
1737	2  15   3 
1735	2  33  27 
1737	2  26  27 
1737	6  35  34 
1739	2  31  25 
1739	2  14  21 
1741	2  32  21 
1739	2  17  10 
1741	2  17  23 
1743	6  21  19 
1739	6   3   2 
1743	6  34  29 
1743	6  17  10 
1749	6  29  17 
1749	2  15   8 
1749	2  20  19 
1755	2  10   3 
1751	2  21  19 
1755	2  14  27 
1753	2  24  25 
1757	6  13   9 
1757	2  17  29 
1759	2  35  29 
1761	2  28  22 
1763	6  15  14 
1763	2  10   5 
1769	2  10   9 
1763	2  32  27 
1769	2  20  27 
1763	2  17  23 
1765	2  35  23 
1767	6  35  23 
1771	2  12  25 
1773	2  30  25 
1771	2  10  11 
1771	2  21  27 
1773	2  33  22 
1775	6  22  20 
1773	6   4   2 
1775	6  35  33 
1781	6  13  12 
1781	2  17   3 
1781	2  26  20 
1783	2  17   5 
1781	2  28  34 
1783	2  28  29 
1785	2  35  34 
1783	2  15  20 
1785	2  10  16 
1785	6  27  26 
1787	2  35  29 
1787	2  17   9 
1789	2  17  11 
1791	6  17  15 
1791	2  27  34 
1793	2  28  33 
1791	2  31  19 
1797	2  10   4 
1795	2  35  33 
1793	2  24  19 
1795	2  13  19 
1797	2  30  19 
1797	2  27  29 
1799	6  28  17 
1799	2  31  26 
1801	2  32  20 
1805	2  22  20 
1799	6   4   3 
1807	2  10   8 
1807	2  18  25 
1807	2  27  33 
1807	6  29  22 
1809	2  24  26 
1811	2  13  26 
1809	6  11   4 
1813	2  30  26 
1813	2  28  34 
1815	2  23  11 
1817	2  17  11 
1815	2  18  19 
1819	2  15  16 
1821	2  15   3 
1815	2  32  34 
1817	2  18  26 
1819	2  25  19 
1817	2  29  34 
1821	2  25  26 
1823	2  21  20 
1821	6  23  11 
1827	2  21  34 
1829	2  31  20 
1831	2  24  20 
1827	2  11   5 
1829	2  11   9 
1831	2  11   4 
1829	2  28  22 
1833	2  11  16 
1833	2  13  20 
1831	2  28  33 
1833	6  34  32 
1835	2  15   8 
1835	2  17   5 
1837	2  17   9 
1839	2  35  23 
1839	2  31  32 
1837	6  18  13 
1841	2  11   3 
1843	2  19  26 
1843	2  17   4 
1845	2  27  23 
1843	6  15   8 
1847	2  24  32 
1847	2  28  23 
1849	2  34  22 
1851	2  34  33 
1851	2  30  20 
1853	2  18  32 
1853	2  11  15 
1853	6  35  28 
1855	2  30  32 
1855	2  17  16 
1855	2  13  20 
1857	2  25  20 
1857	2  17   3 
1859	2  19  20 
1861	2  26  20 
1859	2  34  23 
1861	2  29  22 
1859	6  10   5 
1863	2  21  22 
1865	6  28  10 
1871	6  22  20 
1877	2  10  28 
1863	6  32  31 
1879	2  10   9 
1879	2  29  33 
1881	6  17   9 
1887	2  13  31 
1881	2  27  28 
1883	2  35  28 
1887	2  10   4 
1889	2  25  31 
1889	2  10  16 
1891	2  10   3 
1885	2  34  28 
1887	2  29  23 
1889	2  29  28 
1891	2  21  33 
1893	2  27  17 
1895	6  27  22 
1895	2  19  31 
1895	2   9  15 
1895	6  35  29 
1895	6  11   4 
1901	6  29  17 
1907	2  22  11 
1901	2  26  31 
1903	6  33  31 
1909	2  17  29 
1909	2  32  20 
1911	2  10  15 
1913	2  21  23 
1911	2  32  31 
1913	6  10   3 
1915	2  34  29 
1915	2  24  20 
1917	2  27  33 
1917	2  24  31 
1919	2  18  20 
1919	2  22  16 
1921	2  17  11 
1921	2  30  20 
1917	2  35  29 
1919	6  34  29 
1925	2  21  28 
1923	2  17  16 
1927	2  22  10 
1929	2  17  10 
1927	2  13  20 
1931	2  29  11 
1929	2  25  20 
1931	2  19  20 
1933	6  29  23 
1933	2  26  20 
1935	2  27  20 
1935	2  18  31 
1937	2  33  20 
1939	2  21  34 
1941	2  23  16 
1937	2  30  31 
1941	2  13  31 
1943	6  35  29 
1943	2  22  15 
1949	2  23  10 
1943	2  25  31 
1951	2  29  11 
1945	2  19  31 
1947	2  26  31 
1949	6  26  24 
1953	2  29  16 
1955	6  15  11 
1955	2  32  35 
1957	6  35  32 
1963	2  27  31 
1961	2  17  11 
1965	2  21  15 
1965	2  35  28 
1965	2  26  32 
1967	6  28  26 
1967	6  14  13 
1973	2  21  16 
1973	2  18  32 
1975	6  21  15 
1975	2  30  32 
1975	2  23  11 
1975	2  35  34 
1977	2  33  31 
1975	6  18  13 
1981	2  35  21 
1983	2  14  32 
1983	6  35  23 
1985	2  25  32 
1987	2  20  31 
1989	6  29  16 
1989	2  19  32 
1991	2  24  32 
1995	2  28  26 
1995	2  16  10 
1997	6  34  22 
1997	2  13  26 
2003	2  28  22 
2005	2  23  29 
1999	2  30  26 
2007	2  28  21 
2009	2  16  11 
2009	2  27  32 
1999	6  13   8 
2005	6  30  18 
2005	6   9   8 
2011	6  22   8 
2011	2  33  32 
2017	6  23  11 
2017	2  20  32 
2023	2  28  29 
2017	2   9   8 
2019	2  18   8 
2021	2  14  26 
2025	2   9  21 
2027	2  18  21 
2029	2  15  10 
2031	2  15  23 
2023	2  31  32 
2029	2  25  26 
2031	2  19  26 
2033	2  11  10 
2033	2  14   8 
2033	2  24  26 
2033	6  29  22 
2035	2  27  26 
2037	2  33  26 
2035	6  18   8 
2041	2  25  18 
2039	2  11  23 
2041	2  28  10 
2043	6  27  25 
2043	6  15   8 
2049	2  19  18 
2049	2  14  21 
2051	2  27  21 
2053	2   9  22 
2051	2  24  18 
2053	2  25  18 
2055	6  27  16 
2055	6  25  18 
2061	6  21  19 
2061	2   9  10 
2067	2  15  22 
2067	2  20  26 
2069	2  14  22 
2069	2  31  26 
2071	2  16  22 
2073	2  28  23 
2075	2  21  19 
2077	2   9  23 
2077	2  33  25 
2079	2  32  26 
2079	2  15  10 
2079	2  24  19 
2081	6  17  14 
2081	6  32  24 
2087	2  18  19 
2087	2  15  23 
2089	6  18  14 
2089	2  17  10 
2091	2  17  23 
2093	2  16  10 
2087	6  32  27 
2095	6  27  22 
2101	2  33  19 
2103	2  21  27 
2101	2  16  23 
2105	2  22  27 
2107	6  23  16 
2107	2  20  25 
2109	2  14  27 
2111	2  33  27 
2111	2  20  19 
2113	6  33  15 
2119	2  31  25 
2121	2  24  25 
2123	2  31  19 
2125	2  24  19 
2127	2  26  25 
2119	6  15  10 
2125	2  21  15 
2127	2  22  15 
2129	2  21  16 
2131	2  20  27 
2131	2  22  16 
2129	6  32  31 
2133	2  14  15 
2135	2  10  15 
2137	2  14  16 
2135	2  32  27 
2139	6  32  22 
2145	2  10  16 
2145	2  24  27 
2147	6  24  12 
2147	2  20  15 
2149	2  20  16 
2151	2  22  15 
2153	2  22  16 
2153	2  26  19 
2155	6  16  13 
2155	2  26  27 
2161	2  25  19 
2163	2  25  27 
2165	2  19  27 
2167	2  12  15 
2169	2  12  13 
2169	2  26  15 
2171	2  26  13 
2173	2  25  15 
2175	2  25  13 
2177	2  19  15 
2179	2  19  13 
2179	2  27  15 
2181	2  27  13 
2183	2  15  13 
