   1	2  58  78 
   1	2  15  17 
   1	6  72  55 
   3	2  17  18 
   1	6  20  12 
   1	6  42  33 
   3	6  96  89 
   7	2  15  12 
   7	2  46  55 
   3	6  59  39 
   7	6  81  63 
   9	2  78  47 
  11	2  15  19 
   7	6  41  40 
   9	6  84  75 
  13	2  78  48 
   9	6   1   0 
  13	6  33   5 
  15	2  96  92 
  13	6  62  51 
  13	6  30  20 
  15	6  57  28 
  19	2  33  52 
  15	6  65  64 
  17	6  96  88 
  21	2  58  65 
  21	2  33  50 
  21	2  18   5 
  17	6  92  83 
  19	6  20  11 
  21	6  37  36 
  23	6  88  59 
  23	6  74  70 
  23	6  18   6 
  23	6  23  14 
  23	6  42  41 
  23	6   3   2 
  29	2  88  98 
  27	6  47  46 
  29	6  14   7 
  29	6  76  63 
  29	6  59  39 
  29	6  94  84 
  29	6  51  41 
  29	6  81  71 
  35	2  42  46 
  35	2   8   7 
  35	6  96  83 
  37	2   1  14 
  37	2  39  18 
  37	2  46  65 
  39	2  14   4 
  39	2  55  65 
  37	6  61  42 
  41	2  59  76 
  39	6  36   7 
  43	2  83  81 
  43	2  63  62 
  37	6  30  20 
  39	6  11   2 
  39	6  23  22 
  43	6  96  68 
  45	2   3   7 
  45	2  81  91 
  45	2  62  53 
  47	2   6   2 
  47	2  62  54 
  45	6  41  32 
  49	2  68  57 
  45	6  39  38 
  45	6  35  34 
  47	6  92  80 
  51	2  52  54 
  47	6  19   9 
  49	6  20   2 
  49	6   7   5 
  49	6  97  95 
  49	6  76  75 
  49	6  89  79 
  49	6  27  26 
  51	6  57  49 
  55	2   5   2 
  51	6  34  33 
  53	6  91  61 
  57	2   2  10 
  53	6  83  73 
  55	6  27  19 
  59	2  91  95 
  55	6  40  30 
  55	6  79  78 
  57	6  34   5 
  57	6  58  56 
  59	6  62  51 
  63	2  56  74 
  59	6  12   2 
  61	6  91  70 
  61	6  29  18 
  61	6  38  37 
  61	6  78  77 
  63	6  16   4 
  67	2  70  40 
  61	6  96  86 
  63	6  33  32 
  63	6  69  59 
  65	6  73  65 
  69	2   5  18 
  65	6  45  44 
  59	6  10   0 
  65	6  11  10 
  65	6  53  52 
  67	6  94  92 
  71	2   9  18 
  71	2  65  48 
  69	6  40  32 
  73	2  75  62 
  73	2  16  28 
  69	6  79  78 
  71	6  13  11 
  75	2  75  45 
  75	2  16  38 
  75	6  71  40 
  77	2  45  58 
  77	6   8   4 
  81	2  81  71 
  77	6  94  75 
  79	6  53  45 
  83	2   4  23 
  83	2  68  75 
  81	6  60  51 
  85	2  32  11 
  85	2   4  35 
  83	6  39  18 
  87	2  23  51 
  83	6  92  82 
  85	6  86  69 
  89	2  32  10 
  89	2  45  27 
  89	6  82  62 
  91	2  86  74 
  93	2  39  79 
  89	6   5   3 
  89	6  50  40 
  91	6  43  22 
  95	2  88  79 
  91	6  35  26 
  91	6  66  56 
  93	6  84  75 
  97	2  37  33 
  95	6  71  50 
  95	6  15   5 
  95	6  64  63 
  97	6  99  87 
 101	2  64  57 
  99	6  35  34 
 103	2  74  71 
  99	6  32  12 
  99	6  39  28 
 101	6  26  15 
 105	2  62  33 
 105	2  39  69 
 101	6   7   6 
 105	6  87  66 
 107	2  62  44 
 109	2  53  72 
 105	6  95  84 
 107	6  59  27 
 111	2  64  66 
 107	6  32  23 
 111	6  61  52 
 113	2  26  56 
 115	2  35  27 
 111	6  89  87 
 113	6  85  74 
 117	2  34  52 
 113	6  49  48 
 115	6  66  56 
 119	2  62  84 
 117	6  98  79 
 121	2  33  56 
 117	6  28   7 
 121	6  95  72 
 123	2  79  59 
 123	6  36  13 
 123	6  54  43 
 123	6  77  66 
 123	6  39  29 
 125	6  98  79 
 129	2  13  42 
 127	6  92  73 
 131	2  58  36 
 131	2  98  95 
  91	6  10   0 
 129	6  39  28 
 133	2  86  54 
 131	6  21   4 
 135	2  54  63 
 135	2  58  27 
 135	6  97  85 
 137	2  54  71 
 139	2  64  54 
 137	6  48  26 
 141	2  63  80 
 137	6  40  21 
 137	6  78  69 
 137	6  23  14 
 139	6  66  56 
 143	2  42  73 
 143	2  69  39 
 143	6  26  24 
 145	2  63  72 
 147	2  71  72 
 143	6  87  77 
 137	6   2   1 
 143	6  12   2 
 145	6  51  32 
 149	2  48  77 
 145	6  85  84 
 147	6  65  64 
 151	2  40  71 
 149	6  35  14 
 153	2  64  41 
 149	6  27  17 
 151	6  88  58 
 155	2  51  83 
 155	6  34  12 
 157	2  66  83 
 157	6  51  30 
 161	2  58  26 
 159	6  84  81 
 163	2  35  56 
 163	2  42  10 
 163	6  48  28 
 165	2  73  51 
 167	2  55  32 
 163	6  88  69 
 165	6  26  25 
 169	2  88  84 
 169	2  40  33 
 165	6  81  70 
 169	6  56  48 
 171	2  86  84 
 171	2  32  24 
 173	2  40  63 
 171	6  26  17 
 175	2  75  56 
 175	2  62  33 
 171	6  92  91 
 177	2  75  92 
 177	2  25  44 
 177	6  51  22 
 179	2  82  92 
 179	2  56  85 
 163	6   6   5 
 175	6  48  38 
 179	6  25   5 
 179	6  73  63 
 181	6  76  48 
 185	2  44  15 
 181	6  92  90 
 183	6  31  12 
 187	2  27  48 
 187	2  75  92 
 183	6  70  61 
 187	6  45  34 
 189	2   5  12 
 189	2  63  76 
 171	6  99  79 
 187	6  79  69 
 189	6  94  92 
 193	2  45  77 
 189	6  42  41 
 191	6  10   3 
 195	2  84  44 
 191	6  61  50 
 195	6  69  67 
 197	2  22  26 
 199	2  22  25 
 197	6  71  64 
 201	2  15  12 
 197	6  94  86 
 197	6  50  40 
 201	6  67  47 
 203	2   3  12 
 199	6  39  18 
 203	6  74  43 
 203	6  90  71 
 203	6  40  30 
 203	6  35  25 
 203	6  87  86 
 205	6   7   3 
 209	2  45  47 
 209	2  74  76 
 205	6  59  49 
 209	6  52  40 
 211	2  67  87 
 213	2  67  39 
 209	6  95  93 
 209	6  72  71 
 209	6  20  10 
 211	6  16   8 
 215	2  77  95 
 215	2  13  30 
 211	6  64  44 
 215	6  48  39 
 217	2  11  30 
 217	2  23  43 
 219	2  44  26 
 215	6  72  62 
 217	6  96  75 
 221	2  33  37 
 223	2  87  59 
 219	6  30  20 
 219	6   2   1 
 221	6  63  62 
 225	2  56  37 
 223	6  42  34 
 223	6  18   7 
 223	6  16  15 
 225	6  20   2 
 229	2  36  34 
 229	2  74  52 
 221	6  93  82 
 225	6  68  59 
 229	6   7   5 
 231	2  74  42 
 233	2  74  53 
 209	6  90  80 
 215	6  80  70 
 221	6  70  60 
 229	6  38  29 
 231	6  68  46 
 235	2   5  23 
 231	6   1   0 
 233	6  60  30 
 237	2   2  15 
 233	6  95  93 
 235	6  75  64 
 239	2  58  18 
 237	6  44  43 
 239	6  93  61 
 239	6  14   1 
 239	6  30  20 
 239	6  36  35 
 237	6  89  88 
 241	6  66  48 
 245	2  61  30 
 245	2  35  14 
 241	6  19  17 
 243	6  88  78 
 247	2  63  66 
 247	6   5   2 
 245	6  93  91 
 247	6  50  30 
 247	6  49  37 
 247	6  45  44 
 245	6  95  85 
 249	6  78  66 
 253	2  80  50 
 253	2   3  35 
 249	6  64  53 
 249	6  73  72 
 251	6  93  84 
 255	2  38  45 
 255	2   2  20 
 255	6  60  52 
 257	2  34  37 
 259	2  56  37 
 255	6  86  76 
 255	6  82  72 
 257	6  30  10 
 261	2  36  76 
 257	6  13   3 
 261	6  80  60 
 263	2  85  45 
 265	2  35   5 
 261	6  72  62 
 263	6  22  11 
 267	2  56  45 
 259	6  49  39 
 263	6  41  30 
 263	6  27  17 
 265	6  84  64 
 269	2  60  41 
 265	6  58  49 
 267	6  24  15 
 267	6  91  81 
 269	6  36  18 
 273	2  22  53 
 271	6  66  58 
 275	2  81  41 
 263	6  88  78 
 269	6  87  78 
 275	6  36  14 
 275	6  39  19 
 275	6  87  85 
 275	6  17   7 
 277	6  61  43 
 277	6  58  57 
 277	6  31  21 
 281	6  26  19 
 283	2  66  53 
 285	2  53  85 
 281	6  14  13 
 277	6  92  82 
 283	6  82  71 
 287	2  76  36 
 287	6  42  31 
 289	2  54  76 
 291	2  35  64 
 287	6  49  39 
 289	6  82  80 
 293	2  66  49 
 293	2  13  41 
 289	6  17  16 
 295	2  71  41 
 295	2  13  11 
 295	6  54  46 
 295	6  77  49 
 295	6  17   8 
 297	6  24  21 
 301	2  54  52 
 297	6  94  81 
 301	6  57  29 
 303	6  40  12 
 307	2  94  77 
 303	6  71  63 
 303	6  43  34 
 307	6  37   9 
 309	2  54  23 
 309	6  85  83 
 313	2  24  47 
 311	6  62  41 
 315	2  24   4 
 315	2  77  57 
 313	6  29  18 
 317	2  12   4 
 315	6  85  65 
 319	2  34  27 
 319	2  41  21 
 315	6  83  82 
 317	6  58  48 
 321	2  37  27 
 321	2  82  42 
 321	6  25   4 
 323	2  85  82 
 325	2  83  66 
 309	6  89  79 
 321	6  12   2 
 323	6  51  43 
 327	2  46  16 
 323	6  79  59 
 325	6  90  70 
 329	2  25  48 
 327	6  73  64 
 331	2  48  69 
 331	2  25  34 
 327	6  85  76 
 327	6   3   2 
 329	6  52  41 
 333	2  88  69 
 333	2  14  18 
 331	6  93  91 
 335	2  43  47 
 331	6  70  60 
 335	6  99  86 
 337	2  43  60 
 337	2  59  48 
 339	2  44  37 
 335	6   5   3 
 337	6  93  73 
 341	2  26  22 
 339	6  60  51 
 343	2  37   5 
 339	6  69  68 
 341	6  66  54 
 345	2  21  51 
 341	6  96  88 
 343	6  74  73 
 347	2  52  54 
 345	6  59  27 
 345	6  24  14 
 347	6  96  94 
 351	2  25  29 
 347	6  66  56 
 349	6  73  61 
 349	6  53  42 
 347	6  40  20 
 347	6  89  88 
 351	6  68  59 
 355	2  73  94 
 343	6  92  81 
 353	6  56  38 
 353	6  12   5 
 353	6  86  75 
 353	6  34  24 
 353	6  31  30 
 357	6  92  73 
 359	2  38  17 
 361	2  27   5 
 357	6  78  77 
 357	6  95  94 
 359	6  44  31 
 363	2  77  95 
 363	2  37  17 
 359	6  59  58 
 363	6  81  72 
 365	2  65  68 
 367	2  43  75 
 363	6  25  15 
 365	6  39  37 
 369	2  64  56 
 365	6  17   6 
 365	6  60  40 
 367	6  98  79 
 371	2  64  44 
 369	6  83  72 
 369	6  86  77 
 371	6  37  25 
 375	2  86  83 
 371	6  52  50 
 371	6   6   4 
 371	6  59  49 
 375	6  78  68 
 377	2  25  43 
 379	2  62  43 
 377	6  75  56 
 371	6  29  19 
 377	6  38  29 
 377	6  13   4 
 377	6  70  60 
 379	6  36  25 
 383	2  86  69 
 379	6  27  17 
 381	6  52  33 
 385	2  58  37 
 385	2  95  98 
 383	6  64  55 
 383	6  81  70 
 385	6  76  66 
 389	2  43  13 
 387	6  69  37 
 389	6  84  81 
 393	2  33  37 
 395	2  53  57 
 395	6  93  90 
 397	2  87  57 
 397	2  33  14 
 399	2  57  58 
 399	2  53  23 
 395	6  26  17 
 397	6  75  74 
 401	2  56  58 
 401	2  53  82 
 399	6  96  88 
 403	2  56  16 
 403	6  83  52 
 405	2  56  38 
 405	2  16   7 
 407	2  36  68 
 405	6  23  14 
 409	2  87  84 
 409	6  45  28 
 411	2  68  88 
 413	2  86  83 
 409	6  52  42 
 413	6  59  58 
 415	2  63  45 
 417	2  26  55 
 359	6  10   0 
 365	6  20  10 
 401	6  31  21 
 407	6  21  20 
 413	6  22  21 
 415	6  86  78 
 419	2  33  30 
 415	6  94  93 
 417	6  74  73 
 421	2  57  77 
 417	6  62  52 
 419	6  36  27 
 423	2  74  86 
 421	6  33  31 
 425	2  65  58 
 425	6  96  94 
 427	2  66  36 
 429	2  59  36 
 423	6  82  62 
 427	6  43  22 
 429	6  75  66 
 433	2  72  44 
 431	6  58  37 
 435	2  65  43 
 401	6   3   2 
 411	6   4   3 
 417	6   5   4 
 423	6  14   5 
 431	6  96  87 
 431	6  79  78 
 427	6  30  10 
 433	6  20   3 
 437	2  74  78 
 425	6  18   7 
 435	6  70  61 
 439	2  37  33 
 439	6  97  84 
 441	2  37  14 
 441	2  54  44 
 443	2   3  14 
 439	6  40  30 
 441	6  61  42 
 445	2   3   1 
 445	2  58  87 
 441	6  81  80 
 443	6  28  26 
 447	2  65  42 
 445	6  94  83 
 449	2  66  48 
 449	2  14   7 
 449	2  41  42 
 449	6  22  21 
 451	2  53  83 
 451	2  68  97 
 453	2  41  51 
 453	2  28  68 
 451	6  24   5 
 453	6  95  82 
 457	2   5   7 
 455	6  78  55 
 459	2  96  95 
 455	6  52  40 
 455	6  21  12 
 457	6  26  25 
 461	2  55  52 
 459	6  38   8 
 463	2  24  41 
 459	6  83  81 
 461	6  88  86 
 465	2  55  38 
 465	6  61  21 
 467	2   8  38 
 469	2  48  88 
 465	6  14   5 
 467	6  84  65 
 471	2  61  81 
 467	6  45  34 
 471	6  59  19 
 473	2  65  33 
 475	2  42  25 
 471	6  20  10 
 471	6  97  88 
 471	6   2   1 
 473	6  81  70 
 477	2  45  67 
 475	6  85  73 
 479	2  25  32 
 477	6  38  37 
 481	2  65  67 
 481	2  14  32 
 477	6  61  51 
 477	6  89  88 
 477	6  29  18 
 479	6  69  59 
 483	2  87  83 
 483	2  24  46 
 483	6  50  20 
 485	2  86  83 
 485	2  24  14 
 487	2  86  69 
 483	6  18   6 
 483	6  12   2 
 485	6  37  26 
 489	2  51  11 
 489	2  97  85 
 485	6  56  46 
 489	6  65  54 
 491	2  15  11 
 491	2  70  50 
 489	6  78  69 
 491	6  96  83 
 495	2  79  56 
 491	6  43  33 
 491	6  62  52 
 493	6  30  12 
 497	2  96  78 
 493	6  26  25 
 493	6   6   5 
 497	6  71  54 
 499	2  79  48 
 499	6  13   5 
 503	2  43  54 
 499	6  41  30 
 489	6  18   9 
 495	6  18  17 
 501	6  78  38 
 505	2  71  41 
 503	6  84  75 
 507	2  12  25 
 507	6  87  68 
 509	2  52  32 
 509	2  38  26 
 511	2  32  13 
 507	6  66  56 
 509	6  64  44 
 513	2  68  37 
 513	6  41  13 
 513	6  98  86 
 515	6  68  37 
 509	6  10   0 
 515	6  73  63 
 515	6  56  55 
 519	6  33  10 
 521	2  86  68 
 523	2  68  85 
 519	6  99  98 
 519	6  15   4 
 521	6  29   7 
 525	2  63  23 
 525	6  98  86 
 527	2  12  44 
 529	2  17  13 
 527	6  84  73 
 531	2  26  57 
 531	6  12   4 
 533	2  63  86 
 535	2  84  86 
 535	2  26  45 
 535	6  53  33 
 537	2   4   7 
 539	2  17   7 
 535	6  88  78 
 527	6  50  41 
 535	6  61  41 
 537	6  74  65 
 541	2  29   7 
 539	6   4   2 
 543	2  88  84 
 541	6  33  22 
 545	2   7   4 
 541	6  71  61 
 543	6  37  29 
 547	2  55  33 
 545	6  95  88 
 549	2  33  41 
 547	6  73  71 
 551	2  30  33 
 547	6  25  15 
 547	6   4   3 
 549	6  46  37 
 553	2  95  73 
 553	2  32   3 
 549	6  55  54 
 551	6  78  77 
 555	2  30  43 
 553	6  61  51 
 557	2  67  55 
 555	6  95  82 
 559	2  55  36 
 555	6  12   3 
 559	6  51  32 
 561	2  25  36 
 563	2  75  45 
 565	2  82  61 
 565	2  46  43 
 565	6  77  75 
 567	2  12  32 
 567	2  46  58 
 567	6  63  62 
 567	6  54  44 
 569	6  59  47 
 573	2  63  75 
 571	6  97  88 
 575	2  75  93 
 549	6  29   9 
 555	6  39  29 
 567	6  71  60 
 575	6  39  35 
 577	2  93  97 
 577	6  64  63 
 569	6  12  10 
 575	6  13  12 
 579	6  97  93 
 583	2  44  21 
 581	6  57  49 
 585	2  93  71 
 585	6  26  13 
 587	2  73  93 
 589	2  53  85 
 585	6  21  20 
 587	6  58  56 
 591	2  53  31 
 587	6  81  71 
 591	6  97  77 
 593	2  64  47 
 595	2  26  47 
 595	2  92  64 
 591	6  34  23 
 595	6  59  39 
 597	2  64  71 
 599	2  25  65 
 593	6  41  21 
 599	6  92  61 
 601	2  26  39 
 603	2  75  57 
 603	6  33  14 
 605	2  94  65 
 603	6  39  27 
 605	6  80  51 
 609	2  34  57 
 611	2  61  33 
 611	6  69  37 
 607	6  85  64 
 609	6   6   4 
 613	6  54  41 
 617	2  37  26 
 591	6   2   1 
 599	6  11   2 
 613	6  23  11 
 613	6  72  71 
 613	6  84  83 
 617	6  78  57 
 619	2  26  44 
 621	2  64  44 
 619	6  52  51 
 623	2  37   6 
 619	6  83  72 
 621	6  24  23 
 625	2  54  47 
 625	2   6  16 
 625	6  84  76 
 627	2  54  24 
 627	2   6  18 
 627	6  57  37 
 625	6  71  51 
 629	6  25  14 
 629	6  53  44 
 629	6  18  17 
 631	6  51  32 
 635	2  47  25 
 623	6  78  69 
 631	6  83  75 
 631	6  87  78 
 637	2  37  24 
 637	6  87  64 
 639	2  24  32 
 639	6  47  17 
 641	6  34  22 
 645	2  56  75 
 643	6  53  52 
 643	6  78  68 
 645	6  38  16 
 649	2  32  55 
 647	6  86  84 
 651	2  64  55 
 651	6  68  38 
 653	2  64  34 
 655	2  32  63 
 655	6  25  24 
 657	2  68  67 
 657	2  55  63 
 659	2  68  86 
 657	6  36  27 
 661	2  85  67 
 631	6  81  71 
 657	6  71  51 
 659	6  73  64 
 663	2  25  38 
 663	6  77  56 
 665	2  63  34 
 637	6  92  90 
 653	6  93  92 
 663	6  51  41 
 663	6  17   7 
 663	6  95  93 
 665	6  59  38 
 669	2  56  35 
 665	6   5   4 
 669	6  84  52 
 671	2  25  38 
 645	6  19   9 
 671	6  56  46 
 673	6  28   5 
 673	6  67  58 
 675	6  95  63 
 679	2  17  46 
 657	6  12  11 
 663	6  22  12 
 675	6  32  21 
 675	6  70  50 
 679	6  69  68 
 681	2  36  53 
 683	2  53  51 
 683	2  28  38 
 681	6  87  66 
 685	2  51  52 
 685	2  28   8 
 683	6  24  16 
 687	2  60  52 
 683	6  45  36 
 685	6  58  48 
 689	2  35  63 
 689	2  60  50 
 687	6  98  86 
 691	2  45  41 
 687	6  19  18 
 693	2  35  22 
 693	6  86  63 
 695	2  22  32 
 695	2  48   8 
 681	6  92  81 
 687	6  93  92 
 693	6  60  40 
 693	6  89  79 
 697	6  27  23 
 699	2  68  86 
 699	6  53  52 
 699	6  94  93 
 701	6  86  68 
 705	2  63  41 
 703	6  35  18 
 707	2  86  94 
 707	6  63  41 
 707	6  68  49 
 703	6   5   3 
 709	6  94  86 
 713	2  53  35 
 713	2   9  49 
 699	6  81  70 
 699	6  99  98 
 705	6  92  81 
 709	6  12   4 
 709	6  66  56 
 713	6  50  41 
 715	2  86  88 
 715	2   9   5 
 717	2  86  98 
 717	2  44  37 
 715	6  94  92 
 719	2  40  23 
 719	2  64  47 
 717	6   9   7 
 721	2  92  62 
 721	2  49  78 
 721	6  35  22 
 723	2  94  98 
 725	2  92  91 
 721	6  28  27 
 723	6  66  58 
 727	2  51  22 
 723	6   7   5 
 723	6  64  63 
 725	6  98  95 
 729	2  24  41 
 727	6  92  81 
 731	2  35  67 
 731	2  41   1 
 731	2   5   4 
 729	6  28   7 
 733	2  67  46 
 733	2  95  92 
 729	6  74  64 
 733	6  33  20 
 735	2  65  47 
 737	2  94  66 
 737	2  49  28 
 733	6  61  51 
 733	6  88  79 
 733	6  14   4 
 737	6  36  26 
 739	2  22  54 
 735	6   9   7 
 739	6  96  93 
 743	2  35  45 
 739	6  67  59 
 739	6  47  38 
 739	6  72  71 
 741	6  64  42 
 745	2  96  78 
 741	6  14  11 
 741	6  17   7 
 745	6  46  37 
 747	2  61  93 
 749	2  23  42 
 747	6  88  86 
 751	2  35  33 
 751	2  61  91 
 747	6  67  65 
 747	6  20   0 
 747	6  29  17 
 747	6   3   2 
 753	2  86  74 
 753	2  51  11 
 751	6  15  14 
 755	2  47  64 
 753	6   8   7 
 757	2  42  14 
 753	6  98  78 
 753	6  93  82 
 757	6  66  45 
 759	2   7  14 
 757	6  48  29 
 757	6  74  64 
 757	6  86  85 
 759	6  51  20 
 763	2  14  45 
 759	6  82  72 
 759	6  98  97 
 761	6  27  26 
 765	2  65  62 
 765	6  22   3 
 767	2  65  61 
 769	2  36  76 
 769	6  72  51 
 771	2  48  76 
 773	2  48  28 
 773	2  65  78 
 771	6  35  16 
 775	2  85  72 
 771	6  43  23 
 771	6  21  11 
 775	6  98  78 
 777	2  24  52 
 779	2  83  72 
 779	2  26  23 
 775	6  56  55 
 777	6  85  75 
 781	2  80  52 
 781	6  78  56 
 783	2  61  43 
 781	6  17  14 
 783	6  82  73 
 787	2  42  14 
 787	2  65  47 
 777	6   1   0 
 783	6  11   1 
 787	6  28  18 
 789	2  73  66 
 791	2  56  33 
 791	2  73  91 
 793	2  55  32 
 793	6  28  26 
 795	2  83  87 
 797	2  84  97 
 795	6  43  11 
 797	6  81  60 
 801	2  66  43 
 793	6  49  48 
 799	6  36  17 
 803	2  60  43 
 803	6  85  66 
 805	2  43  36 
 807	2  60  30 
 799	6  15  14 
 803	6  92  83 
 803	6  58  48 
 807	6  35  33 
 805	6  14   4 
 807	6  64  53 
 809	6  90  50 
 813	2  56  26 
 809	6  78  59 
 809	6  21  12 
 813	6  83  74 
 815	2  33  51 
 817	2  51  50 
 817	2  33  14 
 815	6  59  56 
 819	2  50  90 
 815	6  29  17 
 815	6  78  77 
 819	6  33  24 
 821	2  83  90 
 819	6  13  12 
 821	6  78  55 
 821	6  51  31 
 821	6  37  26 
 823	6  83  81 
 827	2  53  22 
 827	2  27  35 
 827	6  76  58 
 829	2  53  83 
 831	2  72  51 
 829	6  36  15 
 833	2  62  51 
 829	6  31  22 
 821	6  19   8 
 827	6   8   7 
 829	6  39  28 
 831	6  55  44 
 835	2  71  31 
 833	6  85  77 
 837	2  54  37 
 837	2  40  51 
 827	6  99  98 
 833	6  98  97 
 833	6  79  69 
 835	6   7   5 
 839	2  85  83 
 839	2  37  58 
 837	6  32  21 
 841	2  66  36 
 839	6  62  60 
 843	2  54  74 
 839	6  41  40 
 839	6  79  78 
 841	6  97  95 
 845	2  44  13 
 837	6  91  81 
 841	6  59  39 
 843	6  37  36 
 847	2  95  83 
 847	2  10  13 
 845	6  78  66 
 849	2  61  33 
 849	6   2   0 
 851	2  37  69 
 851	2  81  83 
 849	6  15   4 
 849	6  95  85 
 851	6  54  32 
 855	2  13   4 
 851	6  61  50 
 853	6  69  47 
 857	2  75  54 
 857	2  14  32 
 853	6  90  82 
 859	2  10  33 
 859	6  76  72 
 861	2  13  22 
 859	6  47  36 
 859	6   5   4 
 859	6  38  28 
 859	6  69  59 
 861	6  43  34 
 865	2  64  54 
 865	2  62  72 
 863	6  31  12 
 867	2  34  37 
 865	6  86  69 
 869	2  12   4 
 865	6  91  70 
 867	6  73  64 
 867	6  53  52 
 869	6  34  27 
 869	6  56  46 
 869	6  20  10 
 871	6  94  86 
 875	2  53  56 
 871	6   4   2 
 871	6  70  50 
 875	6  23  21 
 877	2  56  74 
 879	2  54  82 
 875	6  26  25 
 875	6  38  37 
 877	6  86  77 
 881	2  36   4 
 877	6  50  40 
 881	6  71  63 
 883	2  23   4 
 885	2  23  25 
 881	6  31  20 
 871	6  98  88 
 881	6  66  65 
 881	6  93  83 
 883	6  69  38 
 887	2  51  34 
 883	6  88  87 
 883	6   2   1 
 887	6  85  66 
 889	2  25  21 
 891	2  31  53 
 889	6  72  71 
 893	2  69  77 
 893	2  24  46 
 891	6  10   1 
 895	2  51  23 
 889	6  49  38 
 893	6  83  74 
 897	2  40  10 
 897	2  24  17 
 895	6  66  47 
 899	2  40  20 
 899	2  81  94 
 889	6  99  89 
 895	6  59  39 
 895	6  87  86 
 897	6  63  53 
 901	2  47  15 
 901	6  84  76 
 899	6  19  18 
 901	6  32  20 
 901	6  82  71 
 901	6  78  69 
 903	6  47  15 
 907	2  86  63 
 907	6  22  10 
 909	2  47  68 
 909	2  76  66 
 911	2  74  56 
 907	6  92  91 
 909	6  43  41 
 913	2  76  59 
 909	6  35  26 
 909	6  28  19 
 909	6  62  61 
 913	6  92  83 
 915	2  86  46 
 917	2  43  65 
 913	6  22  13 
 917	6  39  36 
 919	2  86  82 
 915	6  18  17 
 919	6  33  13 
 923	2  66  57 
 919	6  54  53 
 913	6  11   1 
 919	6  21  11 
 921	6  90  61 
 925	2  66  89 
 921	6  95  83 
 923	6  38  26 
 925	6  44  33 
 925	6  14  12 
 927	6  96  68 
 931	2  64  35 
 927	6  61  41 
 929	6  38  29 
 933	2  96  95 
 929	6  27  17 
 931	6  22  21 
 935	2  47  44 
 933	6  83  61 
 937	2  56  38 
 933	6  25  15 
 933	6  87  78 
 937	6  33  20 
 939	2  95  83 
 939	6  78  38 
 939	6  64  55 
 939	6  15   4 
 939	6  62  52 
 943	6  32  23 
 945	2  54  37 
 945	2  78  96 
 945	6  83  72 
 949	2  54  22 
 947	6  47  27 
 951	2  54  33 
 935	6   7   6 
 947	6  85  77 
 941	6   8   7 
 947	6  39  19 
 947	6  79  69 
 947	6  98  97 
 951	6  30   2 
 953	2  85  83 
 953	2  56  25 
 953	6  53  52 
 957	2  27  14 
 953	6  88  79 
 953	6  59  49 
 955	6  76  57 
 959	2  27  39 
 959	2  83  61 
 955	6  97  96 
 957	6  40  30 
 961	2  27  45 
 957	6  32  22 
 959	6  24  15 
 963	2  57  39 
 959	6  64  53 
 959	6  78  69 
 961	6  83  61 
 965	2  54  24 
 961	6  87  86 
 963	6  17   7 
 967	2  75  45 
 967	2  61  40 
 963	6  42  32 
 965	6  69  39 
 967	6  88  87 
 971	2  45  48 
 967	6  24  14 
 969	6  84  62 
 973	2  39  48 
 973	2  23  26 
 969	6  18   8 
 973	6  78  66 
 975	2  43  36 
 975	6  96  83 
 975	6  14   6 
 975	6  49  48 
 975	6  29  18 
 977	6  44  41 
 981	2  86  84 
 977	6  37  36 
 979	6  68  57 
 983	2  44  36 
 983	2  87  96 
 979	6  66  65 
 981	6  91  72 
 985	2  35  57 
 981	6   8   6 
 981	6  39  29 
 983	6  50  41 
 987	2  57  97 
 983	6  23  14 
 985	6  75  74 
 989	2  44  41 
 987	6  29   9 
 991	2  42  65 
 987	6  26  17 
 987	6  80  71 
 987	6  83  82 
 993	2  41  71 
 993	2  75  47 
 993	6  44  23 
 995	2  87  94 
 995	6  48  26 
 999	2  41  53 
 993	6  19  18 
 995	6  73  72 
 995	6  75  65 
 997	6  95  86 
1001	2  26  34 
1001	6  64  57 
 989	6   4   3 
 995	6  21  20 
 995	6   5   4 
1001	6  82  61 
1001	6  32  21 
1001	6  49  39 
1001	6   7   5 
1003	6  34  26 
1007	2  58  57 
1007	2  94  75 
1007	6  61  31 
1009	2  35   6 
1011	2  26  18 
1007	6  92  91 
1009	6  77  49 
1013	2  24  31 
1011	6  55  46 
1015	2  77  84 
1013	6  17   7 
1017	2  74  44 
1015	6  15   3 
1019	2  46  28 
1015	6  99  89 
1015	6  22  21 
1017	6  92  71 
1021	2  57  17 
1019	6  43  41 
1023	2  15  28 
1019	6  75  74 
1021	6  89  79 
1025	2  64  44 
1021	6  23  22 
1023	6  67  59 
1027	2  43  35 
1023	6  94  92 
1023	6  71  62 
1025	6  29  17 
1029	2  75  67 
1027	6  13  11 
1031	2  77  94 
1029	6  62  44 
1031	6  37  19 
1035	2  24  44 
1033	6  85  66 
1033	6  79  59 
1033	6  22  11 
1033	6   3   2 
1035	6  62  60 
1039	2  66  48 
1037	6  35  17 
1041	2  63  76 
1039	6  14   3 
1043	2  29  59 
1043	2  22  44 
1043	6  86  82 
1045	2  46  23 
1045	6  29  17 
1049	2  44  62 
1049	2  87  59 
1047	6  23  13 
1051	2  65  35 
1051	6  82  51 
1053	2  57  25 
1055	2  15  25 
1055	2  57  86 
1051	6  99  98 
1055	6  44  23 
1057	2  25  26 
1057	2  76  69 
1051	6  18   7 
1057	6  72  40 
1057	6   7   5 
1057	6  46  37 
1057	6  98  97 
1059	6  77  75 
1063	2  34  51 
1061	6  12   3 
1065	2  44  67 
1063	6  38  37 
1067	2  67  79 
1067	2  44  31 
1063	6   8   6 
1063	6  97  96 
1065	6  74  72 
1069	2  33  37 
1065	6  70  60 
1067	6   2   1 
1071	2  37   6 
1071	2  75  62 
1069	6  97  78 
1073	2   6   2 
1071	6  41  40 
1071	6  33  32 
1073	6  74  46 
1073	6  61  60 
1075	6   5   2 
1079	2  84  74 
1075	6  79  68 
1075	6  99  87 
1075	6  19   8 
1077	6  52  43 
1081	2  68  46 
1081	2   5   8 
1079	6  60  40 
1081	6  96  83 
1085	2  31   2 
1083	6  58  35 
1087	2  83  51 
1087	6   5   3 
1089	2  35  33 
1089	2  92  83 
1089	2  78  58 
1091	2  51  72 
1087	6  76  65 
1089	6  37  27 
1093	2  52  65 
1091	6  96  88 
1095	2  52  44 
1093	6  20   3 
1093	6  70  60 
1093	6  84  83 
1095	6  48  26 
1099	2  20  40 
1097	6  87  66 
1101	2  14  26 
1097	6  43  34 
1097	6  62  52 
1099	6  73  64 
1103	2  46  66 
1099	6   1   0 
1099	6  85  84 
1101	6  60  40 
1105	2  64  36 
1101	6  22  21 
1103	6  88  59 
1107	2   5  36 
1105	6   2   1 
1109	2  59  47 
1109	2  17  34 
1105	6  95  94 
1107	6  73  60 
1111	2  14   2 
1107	6  66  65 
1107	6  41  31 
1109	6  87  77 
1113	2  33  40 
1111	6  26  16 
1115	2  12  52 
1111	6  46  37 
1111	6  96  95 
1113	6  84  75 
1117	2  33  26 
1115	6  77  68 
1119	2  25  33 
1117	6  72  50 
1117	6   4   2 
1117	6  97  96 
1117	6  55  45 
1117	6  57  47 
1119	6  27  17 
1123	2  57  97 
1121	6  33  22 
1125	2  16   4 
1125	2  73  96 
1123	6  40  20 
1127	2  65  33 
1125	6  68  48 
1129	2  86  55 
1127	6   5   3 
1131	2  86  78 
1127	6  71  62 
1127	6  36  26 
1127	6  99  98 
1129	6  33  31 
1129	6  74  73 
1131	6  56  47 
1135	2  20   3 
1133	6  89  86 
1137	2  25  48 
1133	6  54  52 
1135	6  73  72 
1139	2  65  86 
1137	6  22  11 
1141	2  77  73 
1139	6  25   3 
1139	6  43  42 
1139	6  17   6 
1143	6  74  56 
1143	6  91  60 
1143	6  98  78 
1145	6  33   4 
1149	2  56  27 
1139	6  59  49 
1143	6  11  10 
1145	6  49  48 
1149	6  60  40 
1151	2   6   4 
1151	2  53  33 
1153	2   4  11 
1153	2  53  34 
1149	6  93  81 
1149	6  86  85 
1149	6  78  68 
1151	6  56  48 
1155	2  74  61 
1153	6  18  17 
1157	2  86  46 
1155	6  11   4 
1159	2  74  82 
1155	6  42  32 
1157	6  62  53 
1161	2  22  26 
1159	6  68  57 
1163	2  22  40 
1163	2  35  53 
1159	6  86  76 
1161	6  81  70 
1165	2  30  40 
1165	2  17   4 
1157	6  49  39 
1163	6  49  48 
1167	2  70  40 
1165	6  97  74 
1169	2  30   2 
1165	6  45  33 
1167	6  17  16 
1171	2  11  33 
1171	2  56  45 
1169	6  70  61 
1173	2  43  26 
1169	6  58  48 
1171	6  85  73 
1175	2  25  57 
1171	6  50  40 
1175	6  61  52 
1177	2  56  27 
1175	6  32  31 
1177	6  34  13 
1177	6  73  63 
1179	6  47  16 
1183	2  32  63 
1177	6  87  85 
1173	6  11   1 
1183	6  76  75 
1171	6  93  92 
1181	6  70  50 
1183	6  95  93 
1185	6  63  34 
1185	6  38  19 
1185	6  31  11 
1185	6  58  57 
1187	6  81  80 
1191	2  63  72 
1191	2  47  87 
1191	6  40  23 
1193	2  72  81 
1193	2  63  64 
1195	2  92  81 
1193	6  99  67 
1197	2  81  53 
1193	6  95  85 
1193	6  38  37 
1197	6  50  30 
1199	2  34  13 
1201	2  76  36 
1199	6  92  71 
1203	2  45  34 
1203	2  76  88 
1191	6   9   8 
1197	6   8   7 
1199	6  54  53 
1201	6  14  13 
1205	2  74  70 
1205	2  48  36 
1203	6  16   7 
1207	2  54  67 
1207	2  50  71 
1203	6  32  31 
1209	2  25  14 
1209	6  56  52 
1207	6  96  84 
1209	6  82  81 
1211	6  24  16 
1215	2  56  57 
1215	2  52  42 
1213	6  87  86 
1217	2  46  63 
1215	6  50  30 
1215	6  81  70 
1217	6  33  13 
1219	6  65  37 
1205	6  99  89 
1211	6  89  79 
1217	6  79  68 
1221	6  71  52 
1225	2  65  64 
1225	2  26  37 
1213	6  95  94 
1219	6  94  83 
1221	6  30  21 
1221	6  92  91 
1223	6  34  23 
1227	2  65  55 
1223	6  15  14 
1225	6  84  73 
1229	2  52  33 
1225	6  58  39 
1225	6  86  76 
1227	6  46  37 
1231	2  21  24 
1227	6  71  60 
1227	6  93  92 
1229	6  64  54 
1233	2  21   4 
1231	6  85  67 
1235	2  24   5 
1231	6  52  51 
1233	6  92  72 
1237	2  67  36 
1235	6  43  32 
1235	6  55  54 
1237	6  24  14 
1241	2  81  64 
1239	6  68  28 
1243	2  81  72 
1237	6  95  94 
1241	6  41  22 
1245	2  68  55 
1245	2  26  28 
1235	6  10   0 
1243	6  93  85 
1247	2  53  24 
1245	6   9   7 
1249	2  41  72 
1247	6  68  38 
1251	2  51  11 
1247	6  56  46 
1249	6  44  35 
1253	2  20  11 
1249	6  95  86 
1251	6  15   7 
1255	2  56  85 
1255	2  20  32 
1251	6  81  80 
1253	6  78  59 
1257	2  75  52 
1253	6  38  37 
1257	6  15  13 
1259	2  65  68 
1261	2  42  73 
1257	6  20  10 
1259	6  46  36 
1263	2  41  13 
1263	2  85  78 
1259	6  39  38 
1261	6  55  54 
1265	2  37  15 
1265	2  41   1 
1265	2  85  84 
1263	6  72  71 
1267	2  37  19 
1267	2  23   1 
1265	6  88  67 
1269	2  37  38 
1269	2  24  52 
1267	6  93  85 
1271	2  55  68 
1271	2  15  18 
1267	6  30  20 
1271	6  42  33 
1273	2  56  85 
1271	6  71  50 
1271	6  73  63 
1273	6  25  17 
1277	2  50  30 
1273	6  78  59 
1273	6  38  37 
1275	6  76  65 
1279	2  33  25 
1275	6  57  56 
1277	6  81  62 
1281	2  78  85 
1281	2  34  27 
1283	2  43  65 
1283	6  93  70 
1285	2  34  35 
1287	2  34  66 
1283	6  38  27 
1289	2  85  95 
1289	6  67  63 
1289	6  31  23 
1283	6   7   5 
1289	6  28  26 
1291	6  94  93 
1295	2  23  36 
1295	2  67  58 
1295	2  53  63 
1295	6  81  61 
1297	2  74  44 
1299	2  23   5 
1295	6  88  78 
1297	6  47  28 
1301	2  53  22 
1299	6  86  66 
1299	6  35  26 
1301	6  99  69 
1305	2  47  66 
1301	6  83  82 
1301	6   4   3 
1303	6  51  22 
1307	2  78  66 
1303	6  64  54 
1305	6  25  16 
1309	2  42  82 
1309	2  47  57 
1305	6  86  85 
1307	6  14   4 
1311	2  54  37 
1309	6  97  88 
1313	2  42  25 
1313	2  57  69 
1311	6  94  85 
1315	2  35  63 
1311	6  77  76 
1311	6  92  81 
1313	6  39  29 
1317	2  63  71 
1317	2  97  85 
1315	6  69  58 
1319	2  71  51 
1315	6  31  22 
1317	6  36  14 
1319	6  95  65 
1323	2  22  25 
1319	6  83  73 
1315	6  18  17 
1319	6  49  39 
1321	6  61  52 
1325	2  65  25 
1321	6  69  68 
1327	2  45  73 
1325	6  48  38 
1329	2  93  73 
1329	2  65  44 
1327	6  22  14 
1331	2  93  64 
1331	2  58  36 
1327	6  86  77 
1329	6  81  71 
1333	2  22  52 
1333	2  93  92 
1333	2  77  48 
1333	6  25  17 
1335	2  54  71 
1337	2  52  32 
1335	6  78  49 
1339	2  52  20 
1321	6  19   9 
1337	6  84  65 
1341	2  32   0 
1337	6  46  45 
1337	6  92  82 
1339	6  28  27 
1343	2  45  65 
1339	6  16  15 
1341	6  87  69 
1341	6  57  48 
1341	6  63  62 
1343	6  42  30 
1347	2  78  85 
1343	6  82  71 
1343	6  22  13 
1345	6  27   5 
1349	2  74  43 
1347	6  56  55 
1351	2  13   5 
1351	2  35  43 
1349	6  89  59 
1353	2  72  55 
1351	6  29  27 
1355	2  45  42 
1353	6  14   6 
1357	2  42  51 
1355	6  86  82 
1355	6  59  48 
1357	6  46  44 
1361	2  86  87 
1357	6  28  19 
1357	6  30  21 
1359	6  16   5 
1363	2  68  46 
1359	6  24  23 
1359	6   8   7 
1359	6  42  32 
1361	6  92  84 
1365	2  48  16 
1361	6  71  62 
1361	6  65  64 
1363	6  96  87 
1367	2  23  63 
1367	6  47   7 
1369	2  86  84 
1369	6  62  33 
1369	6  98  79 
1371	6  84  75 
1375	2  33  15 
1371	6  96  86 
1373	6  56  38 
1375	6  72  51 
1379	2  46  44 
1375	6  79  68 
1375	6  21  12 
1377	6  26  15 
1381	2  75  56 
1377	6  87  77 
1367	6  92  91 
1373	6  93  92 
1379	6  49  28 
1383	2  33  64 
1379	6  94  93 
1381	6  98  89 
1385	2  44  67 
1381	6  51  41 
1383	6  16  15 
1387	2  48  77 
1387	2  44  54 
1385	6  94  74 
1389	2  78  49 
1385	6  13  12 
1387	6  41  32 
1391	2  27  55 
1387	6  62  52 
1391	6  89  59 
1393	2  32  14 
1393	2  45  27 
1395	2  11  14 
1391	6  86  84 
1393	6  64  63 
1397	2  48  59 
1397	2  14   3 
1395	6  44  42 
1395	6  27  26 
1397	6  99  86 
1401	2  26  13 
1399	6  68  48 
1403	2  62  84 
1401	6  54  43 
1405	2  27  48 
1401	6  31  21 
1403	6  23   3 
1407	2  64  47 
1405	6  79  69 
1409	2  48  56 
1407	6  42  31 
1411	2  77  55 
1411	2  26  28 
1407	6  11   1 
1409	6  34  23 
1413	2  55  74 
1411	6  69  58 
1413	6  29  16 
1417	2  57  44 
1413	6  62  52 
1413	6  31  11 
1415	6  86  75 
1419	2  29  49 
1419	2  52  12 
1419	6  56  35 
1419	6  27  16 
1421	6  73  42 
1425	2  49  27 
1421	6  14  13 
1425	6  76  55 
1427	2  42  25 
1429	2  25   2 
1427	6  68  59 
1431	2  24  55 
1427	6  84  73 
1429	6  50  42 
1433	2   7  25 
1433	2  74  56 
1435	2  77  54 
1435	6  27  14 
1437	2  71  54 
1435	6  41  32 
1437	6  86  68 
1441	2  14  42 
1439	6  92  90 
1443	2  84  86 
1443	2  42  24 
1439	6  55  45 
1441	6  19  17 
1445	2  84  95 
1441	6  37  36 
1443	6  69  67 
1447	2  95  92 
1447	2  14  17 
1443	6  71  61 
1445	6  42  40 
1449	2  84  83 
1449	2  27  58 
1445	6  65  55 
1449	6  23   2 
1451	2  93  83 
1453	2  76  93 
1449	6  80  61 
1451	6  44  42 
1451	6  26   5 
1451	6  58  47 
1455	6  86  82 
1457	2  26  45 
1459	2  23  45 
1451	6  28  19 
1457	6  52  41 
1461	2  15  55 
1461	2  82  71 
1457	6  38  28 
1457	6  69  58 
1461	6  98  87 
1463	2  90  82 
1463	2  35  31 
1465	2  53  93 
1463	6  48  38 
1467	2  86  55 
1467	2  14  31 
1467	6  92  72 
1469	2  55  48 
1471	2  48  58 
1469	6  32   4 
1473	2  48  77 
1469	6  95  85 
1471	6  35  26 
1475	2  32  72 
1471	6  55  54 
1475	6  87  67 
1477	2  74  52 
1479	2  40  52 
1475	6  47  46 
1477	6  55  44 
1481	2  87  83 
1477	6  25  23 
1481	6  58  47 
1481	6  60  51 
1483	6  97  84 
1483	6  35  33 
1483	6  66  55 
1455	6   1   0 
1475	6   2   1 
1481	6   4   2 
1483	6  63  62 
1477	6  90  80 
1483	6  81  80 
1487	6  69  58 
1489	2  85  66 
1489	2  41  33 
1491	2  82  84 
1491	2  54  51 
1487	6  16   4 
1487	6  12   1 
1491	6  78  77 
1493	2  47  35 
1495	2  35  63 
1493	6  32  12 
1497	2  58  66 
1497	2  81  63 
1493	6  95  86 
1497	6  35  16 
1499	2  69  97 
1497	6  38  37 
1497	6  14   4 
1499	6  81  74 
1499	6  33  22 
1501	6  69  57 
1505	2  53  85 
1503	6  36  25 
1507	2  74  77 
1505	6  80  60 
1509	2  35  66 
1509	6  73  53 
1511	2  37  66 
1513	2  36  67 
1511	6  60  31 
1515	2  37  14 
1515	6  75  54 
1517	2  24  36 
1519	2  24  31 
1515	6  79  68 
1517	6  57  56 
1521	2  34  54 
1521	2  75  86 
1517	6   7   6 
1517	6  72  61 
1523	2  66  62 
1523	6  34  23 
1525	6  56  54 
1529	2   6  23 
1457	6  19   9 
1517	6  28  19 
1523	6  37  28 
1525	6  84  61 
1525	6  77  68 
1531	2  56  77 
1531	2  53  25 
1531	6  94  91 
1533	2  56  37 
1533	2  53  34 
1535	2  67  77 
1535	2  54  32 
1531	6  70  60 
1533	6  14   3 
1537	2  77  84 
1535	6  36  16 
1539	2  65  77 
1535	6  72  62 
1535	6  58  48 
1537	6  43  21 
1541	2  77  94 
1537	6  60  51 
1539	6  24  14 
1543	2  65  43 
1541	6  48  36 
1531	6  18   8 
1541	6  18   6 
1543	6  89  87 
1547	2  36  33 
1543	6  95  83 
1543	6  30  11 
1545	6  66  64 
1545	6  52  51 
1547	6   6   4 
1551	2  66  37 
1549	6  20  12 
1553	2  25  56 
1549	6  83  72 
1547	6  29  19 
1551	6  52  43 
1555	2  83  66 
1549	6  98  96 
1553	6  39   9 
1557	2   4  33 
1557	6  87  83 
1559	2   4  12 
1561	2  25  43 
1557	6  55  46 
1559	6   9   7 
1563	2  83  52 
1543	6  70  60 
1555	6  20   0 
1559	6  38  29 
1561	6  22  11 
1565	2  55  62 
1565	2  27   4 
1563	6  87  68 
1567	2  91  62 
1567	2   7   4 
1565	6  84  74 
1569	2  68  38 
1569	2   4   0 
1567	6  45  34 
1571	2  69  38 
1569	6  91  62 
1569	6  96  86 
1569	6  17   7 
1571	6  14  12 
1575	2  44  67 
1573	6  39  38 
1577	2  44  72 
1575	6  26  17 
1577	6  67  59 
1577	6  13   2 
1577	6  86  75 
1575	6  98  97 
1579	6  60  53 
1579	6  34  24 
1579	6  47  37 
1581	6  17   8 
1585	2  14  46 
1581	6  99  89 
1583	6  97  85 
1587	2  67  46 
1583	6  49  29 
1585	6  62  43 
1589	2  66  38 
1579	6  92  83 
1585	6  50  41 
1587	6  24  22 
1591	2  64  47 
1587	6  79  69 
1587	6   7   5 
1591	6  42  41 
1593	2  49  47 
1595	2  24  36 
1595	2  38  39 
1591	6  19   9 
1591	6  82  71 
1593	6  76  54 
1593	6  89  79 
1593	6  94  84 
1593	6  16   5 
1597	6  48  36 
1599	2  54  33 
1601	2  75  62 
1571	6  20  10 
1577	6  30  20 
1593	6  30  21 
1597	6  18   9 
1599	6  14   5 
1603	2  49  79 
1603	2  62  85 
1599	6  31  21 
1601	6  44  33 
1605	2  85  83 
1605	2  48  69 
1603	6  56  36 
1607	2  85  98 
1603	6  18   7 
1585	6  90  80 
1599	6  12   1 
1605	6  80  51 
1609	2  24   7 
1609	2  56  74 
1607	6  69  68 
1611	2  84  44 
1611	2  28   5 
1611	6  60  30 
1613	2  24  12 
1613	2  73  74 
1613	6  59  19 
1613	6  53  44 
1611	6  91  90 
1613	6  56  55 
1613	6  77  76 
1613	6  93  82 
1615	6  25  13 
1619	2  59  79 
1615	6  84  74 
1617	6  51  31 
1621	2  46  25 
1619	6  28   7 
1623	2  31  12 
1619	6  91  72 
1619	6  76  67 
1619	6  43  33 
1621	6  96  88 
1625	2  59  36 
1621	6  84  64 
1625	6  92  90 
1627	2  59  28 
1629	2  31  35 
1625	6  71  60 
1625	6  13   3 
1627	6  89  77 
1631	2  74  71 
1629	6  38  29 
1633	2  82  71 
1633	2  26  44 
1631	6  23  12 
1635	2  76  93 
1633	6  79  59 
1637	2  82  84 
1637	2  76  96 
1633	6  52  51 
1635	6  46  25 
1639	2  59  28 
1639	2  92  96 
1635	6  70  60 
1635	6   6   4 
1637	6  33  23 
1641	2  56  38 
1639	6  63  52 
1643	2  25  13 
1641	6  87  85 
1645	2  41  13 
1645	2  56  27 
1641	6  93  82 
1647	2  35  64 
1647	6  48  28 
1649	2  35   5 
1647	6  51  32 
1647	6  77  76 
1649	6  82  64 
1653	2  32  14 
1651	6  56  45 
1655	2  28  15 
1653	6  78  58 
1653	6  60  51 
1655	6  85  63 
1659	2  58  56 
1647	6  11   2 
1653	6  20  11 
1655	6  32  22 
1657	6  17  14 
1661	2  41  63 
1657	6  36  35 
1661	6  67  48 
1663	2  61  63 
1663	2  23  14 
1665	2  35  64 
1663	6  40  20 
1667	2  68  85 
1663	6  43  42 
1663	6  27  17 
1663	6   6   5 
1667	6  45  25 
1669	2  61  40 
1671	2  52  64 
1669	6  58  28 
1673	2  82  63 
1673	2  25   5 
1669	6  22  10 
1669	6  97  95 
1669	6  76  66 
1671	6  60  40 
1675	2  84  67 
1675	2  28   6 
1675	6  44  22 
1677	2  27  57 
1677	6  83  60 
1681	2  77  37 
1675	6  10   0 
1677	6   6   5 
1681	6  31  10 
1683	2  83  95 
1683	2  37  29 
1685	2  75  46 
1681	6  13   2 
1683	6  62  60 
1683	6  25  15 
1683	6  68  67 
1683	6   7   6 
1683	6  88  87 
1687	6  84  55 
1687	6  41  22 
1687	6  48  27 
1687	6   1   0 
1689	6   6   4 
1693	2  43  47 
1693	6  87  84 
1695	2  27  34 
1697	2  43  44 
1697	2  22   4 
1693	6  50  40 
1695	6  62  52 
1699	2  55  45 
1695	6  58  48 
1697	6  27  16 
1701	2  43  12 
1699	6  95  74 
1703	2  21  12 
1699	6  40  30 
1699	6  77  67 
1701	6  35  25 
1701	6  72  62 
1701	6  58  47 
1703	6  43  33 
1707	2  67  36 
1703	6   4   3 
1705	6  30  11 
1709	2  43  66 
1705	6  96  94 
1707	6  82  73 
1711	2   3  11 
1711	2  67  56 
1709	6  16   5 
1713	2  63  45 
1709	6  38  37 
1711	6  42  31 
1715	2   5   1 
1715	2  73  54 
1711	6  76  75 
1713	6  78  67 
1717	2  74  42 
1715	6  46  37 
1719	2   3  24 
1717	6  11   1 
1721	2  16  33 
1719	6  77  73 
1723	2   6  24 
1721	6  48  38 
1723	6  41  21 
1727	2  48  76 
1725	6  34   5 
1725	6  82  63 
1729	6  66  59 
1729	6  31  11 
1729	6  37  28 
1729	6  94  84 
1731	6  62  34 
1731	6  92  91 
1735	6  76  58 
1737	2  62  63 
1737	2  26  34 
1739	2  43  63 
1737	6  94  82 
1741	2  43  66 
1737	6  70  50 
1739	6  37  26 
1743	2  63  76 
1743	6  31  13 
1745	2  62  81 
1745	2  36  65 
1747	2  77  47 
1747	6  92  63 
1749	2  22  26 
1751	2  36  38 
1749	6  85  66 
1747	6  80  70 
1749	6  50  40 
1751	6  17   8 
1755	2  44  84 
1751	6  14  13 
1753	6  71  70 
1757	2  35  66 
1755	6  40  31 
1759	2  44  63 
1757	6  17  16 
1761	2  31  34 
1761	2  63  53 
1757	6  85  84 
1757	6  91  82 
1759	6  57  37 
1763	2  84  61 
1763	2  22  44 
1763	6  25  14 
1765	2  76  57 
1765	6  73  41 
1769	2  35  16 
1765	6  37  28 
1765	6  96  95 
1767	6  76  57 
1771	2  41  32 
1771	2  73  91 
1771	6  35  27 
1773	2  76  96 
1769	6  13   4 
1771	6  70  61 
1773	6  91  83 
1777	2  52  35 
1775	6  98  86 
1779	2  52  80 
1775	6  22  13 
1775	6  66  65 
1777	6  28  17 
1781	2  22  52 
1779	6  46  25 
1779	6  83  74 
1781	6  91  70 
1785	2  35  32 
1781	6  98  77 
1781	6   4   3 
1785	6  74  65 
1787	2  70  40 
1787	2  23  16 
1787	2  46  67 
1741	6  69  59 
1787	6  86  85 
1791	2  52  45 
1789	6  20   3 
1793	2  71  74 
1787	6  93  92 
1789	6  27  19 
1789	6  69  67 
1793	6  45  34 
1795	2  40  20 
1795	2  67  74 
1795	6  92  80 
1799	2  75  45 
1787	6  89  88 
1793	6  97  96 
1795	6  27  15 
1795	6  32  12 
1795	6  62  61 
1797	6  78  58 
1801	2  85  92 
1797	6  20   0 
1801	6  51  23 
1803	2  65  37 
1805	2  87  85 
1795	6  19   8 
1801	6   8   6 
1803	6   1   0 
1807	2  23  25 
1807	2  80  40 
1807	2  87  78 
1805	6  57  55 
1809	2  23   5 
1809	2  51  82 
1809	2  97  78 
1805	6  37  27 
1807	6  76  75 
1811	2  25  21 
1811	6  83  80 
1813	2  23  31 
1815	2  46  25 
1811	6  96  88 
1811	6  64  54 
1811	6  52  51 
1813	6   6   4 
1817	2  83  96 
1817	2  33  56 
1813	6   2   1 
1815	6  30  20 
1819	2   2  15 
1819	2  75  62 
1817	6  88  78 
1821	2  15  16 
1819	6  44  32 
1819	6  97  96 
1819	6  67  57 
1821	6  83  60 
1825	2  23   4 
1821	6  11   2 
1823	6  25  16 
1827	2  85  83 
1823	6  78  69 
1825	6  57  45 
1829	2  85  72 
1827	6  12   4 
1831	2  52  35 
1829	6  69  49 
1833	2  17   4 
1833	2  73  44 
1831	6  87  66 
1835	2  31  12 
1831	6  91  81 
1835	6  17   5 
1835	6  54  52 
1835	6  49  47 
1835	6  79  68 
1837	6  23  20 
1841	2  17  47 
1837	6  96  83 
1837	6  80  60 
1837	6   2   1 
1841	6  89  69 
1843	2  21  52 
1845	2  23   5 
1845	2  37  65 
1845	6  60  30 
1847	2   5   9 
1849	2  54  25 
1843	6  82  81 
1847	6  69  48 
1851	2  23  30 
1847	6  76  75 
1849	6  82  72 
1853	2  35  25 
1851	6  54  52 
1851	6  17   5 
1851	6  80  60 
1853	6  31  11 
1857	2  17  48 
1857	2  83  80 
1853	6  87  79 
1855	6  35  23 
1857	6  65  54 
1861	2  71  31 
1857	6   4   3 
1859	6  57  39 
1863	2  71  63 
1859	6  87  85 
1859	6  17  16 
1859	6  89  79 
1863	6  34   2 
1863	6  41  30 
1865	6  84  71 
1869	2  45  34 
1865	6  99  67 
1869	6  13   5 
1871	2  65  68 
1871	2  71  41 
1873	2  68  79 
1873	2  84  85 
1873	2  35  38 
1873	2  52  71 
1873	6  32  21 
1875	2  65  57 
1875	2  71  61 
1877	2  68  48 
1877	2  64  85 
1875	6  35  14 
1879	2  48  18 
1877	6  72  52 
1881	2  66  35 
1877	6  60  40 
1879	6  88  79 
1883	2  41  13 
1883	6  47  45 
1883	6  86  74 
1883	6  26  16 
1885	6  52  22 
1885	6  78  68 
1885	6  40  30 
1889	6  75  55 
1891	2  22   3 
1891	2  24  35 
1893	2  22  15 
1891	6  68  47 
1895	2  11  34 
1891	6  72  60 
1879	6  94  93 
1889	6  97  96 
1895	6  96  94 
1897	2  42  45 
1899	2  32  55 
1895	6  27  16 
1901	2  55  95 
1897	6  88  78 
1901	6  16  13 
1903	2  95  94 
1903	2  64  67 
1905	2  95  91 
1901	6  40  31 
1905	6  54  52 
1907	2  47  16 
1881	6  29  19 
1887	6  39  29 
1897	6  10   0 
1903	6  20  10 
1907	6  92  71 
1911	2  54  77 
1907	6  23  13 
1907	6  50  40 
1909	6  49  37 
1913	2  32  23 
1913	2  75  72 
1909	6  16  15 
1913	6  54  44 
1915	2  23  31 
1915	2  94  72 
1917	2  31  71 
1917	2  96  75 
1915	6  68  39 
1919	2  54  71 
1907	6   2   1 
1913	6   3   2 
1915	6  27  17 
1917	6  24  15 
1921	2  68  77 
1921	2  60  72 
1919	6  22  20 
1923	2  56  25 
1919	6  96  85 
1919	6   4   3 
1921	6  28   7 
1925	2  44  22 
1923	6  82  50 
1923	6  78  77 
1925	6  86  75 
1929	2  52  12 
1925	6  47  36 
1925	6  59  58 
1927	6  16   7 
1931	2  82  74 
1927	6  28  27 
1927	6  55  45 
1929	6  78  67 
1931	6  24  22 
1935	2  74  57 
1931	6  60  41 
1931	6   5   4 
1931	6  20  10 
1933	6  19  17 
1937	2  51  55 
1933	6  81  80 
1937	6  33  23 
1937	6  15   5 
1937	6  86  85 
1937	6  20  11 
1939	6  62  55 
1943	2  16  24 
1939	6  48  28 
1939	6  68  67 
1943	6  32  30 
1945	2  62  70 
1945	2  16  17 
1945	2  68  48 
1947	2   7  17 
1943	6  86  76 
1943	6  12  11 
1945	6  55  36 
1949	2  22  50 
1945	6  28  19 
1945	6  83  82 
1947	6  67  58 
1951	2   7  36 
1951	2  74  42 
1953	2  55  42 
1953	2  17  14 
1951	6  39  29 
1955	2  54  67 
1955	2  41  22 
1951	6  70  60 
1951	6  92  81 
1953	6  83  73 
1957	2  76  47 
1955	6  17   9 
1955	6  25  15 
1957	6  60  43 
1957	6  13  12 
1959	6  84  67 
1959	6  37  36 
1959	6  49  39 
1961	6  17  15 
1965	2  84  92 
1963	6  44  31 
1963	6  71  61 
1963	6  23  13 
1965	6  67  49 
1969	2  44  36 
1967	6  85  74 
1971	2  34  36 
1969	6  52  50 
1969	6  15  13 
1969	6  32  21 
1967	6  93  82 
1971	6  67  55 
1975	2  13  42 
1971	6  48  28 
1973	6  82  72 
1977	2  45  32 
1973	6  75  74 
1977	6  58  38 
1979	2  62  55 
1981	2  72  32 
1965	6  97  88 
1971	6  88  87 
1977	6  86  77 
1979	6  26  25 
1983	2  63  86 
1983	6  48  46 
1967	6   8   7 
1975	6   7   6 
1981	6   6   5 
1983	6  22   2 
1985	6  74  52 
1989	2  38  26 
1985	6  87  67 
1985	6  93  82 
1987	6  14   5 
1991	2  43  46 
1991	2  39  38 
1991	6  86  78 
1993	2  33  52 
1993	2  15  46 
1995	2  43  53 
1995	2  21  25 
1991	6  94  92 
1991	6  74  64 
1993	6  59  49 
1997	2  80  52 
1995	6  57  47 
1999	2  80  90 
1999	2  34  17 
1999	2  21  31 
1997	6  94  76 
2001	2  34   4 
1999	6  63  52 
1999	6  82  72 
2001	6  40  21 
2005	2  83  90 
1997	6  89  79 
2001	6  58  37 
2003	6  79  77 
2007	2  52  22 
2003	6  45  25 
2003	6  75  65 
2007	6  47  37 
2009	2  22  21 
2009	2  83  86 
2009	2  34  42 
2011	2  21   3 
2011	2  76  86 
2011	2  60  83 
2009	6  65  55 
2013	2  78  58 
2011	6  43  35 
2015	2  59  76 
2013	6  23  14 
2017	2  64  47 
2013	6  20   0 
2013	6  51  40 
2013	6   3   2 
2013	6  70  60 
2019	2  23  53 
2019	2  59  88 
2019	6  83  75 
2021	2  23  20 
2023	2  12  20 
2023	2  61  43 
2019	6  37  26 
2019	6  56  46 
2019	6  90  80 
2021	6  78  68 
2025	2  14  26 
2025	2  94  63 
2021	6  59  49 
2025	6  41  20 
2027	2  67  37 
2029	2  67  65 
2025	6  12   2 
2025	6  81  80 
2027	6  53  33 
2031	2  75  57 
2027	6  25  15 
2027	6  61  60 
2027	6  83  72 
2029	6  36  27 
2033	2  33  12 
2029	6  88  87 
2029	6  49  39 
2033	6  83  65 
2033	6  61  41 
2033	6  68  57 
2001	6   8   7 
2007	6   7   6 
2033	6  15   7 
2035	6  22  11 
2039	2  57  35 
2039	2  84  61 
2035	6  39  28 
2035	6  13   3 
2039	6  16   6 
2041	2  56  65 
2041	2  83  81 
2043	2  65  72 
2039	6  31  30 
2041	6  14  12 
2045	2  45  58 
2041	6  95  87 
2041	6  28  27 
2045	6  91  51 
2047	2  18  14 
2047	2  65  78 
2049	2  18  39 
2049	2  55  24 
2051	2  35  16 
2051	2  91  95 
2051	6  52  21 
2053	2  49  18 
2051	6  14  13 
2051	6  65  55 
2049	6  77  67 
2053	6  95  83 
2057	2  35  33 
2055	6  49  47 
2055	6  76  67 
2057	6  54  52 
2061	2  27  14 
2059	6  83  71 
2063	2  54  76 
2059	6  32  31 
2063	6  26   3 
2065	2  65  83 
2065	6  41  33 
2061	6  49  48 
2065	6  62  61 
2067	6  84  65 
2071	2  33   3 
2067	6  67  57 
2069	6  37  26 
2073	2  45  53 
2071	6  51  41 
2075	2  57  25 
2073	6  93  81 
2077	2  24  25 
2073	6  74  73 
2075	6  43  32 
2079	2  71  51 
2077	6  66  37 
2081	2  33  40 
2077	6   5   3 
2079	6  92  84 
2083	2  66  76 
2081	6  62  52 
2085	2  76  86 
2083	6  26  22 
2087	2  76  84 
2083	6  71  60 
2083	6  39  29 
2087	6  54  53 
2089	2  41  22 
2089	2  84  95 
2091	2  76  79 
2089	6  37   5 
2093	2  81  51 
2091	6  34  22 
2095	2  37  48 
2093	6  74  66 
2097	2  17  34 
2093	6  69  68 
2093	6  87  86 
2095	6  80  51 
2099	2  66  36 
2099	6  59  39 
2101	2  74  71 
2103	2  56  26 
2099	6  44  43 
2097	6  21  12 
2099	6  14   4 
2103	6  50  21 
2105	2  38  66 
2107	2  67  44 
2103	6  90  83 
2105	6  16  15 
2109	2  71  43 
2109	2  87  59 
2107	6  29  28 
2111	2  71  50 
2111	2  47  54 
2111	2  87  88 
2109	6  21  12 
2113	2  66  49 
2111	6  24  15 
2115	2  38  68 
2111	6  95  84 
2111	6  42  32 
2111	6  17   7 
2113	6  62  50 
2117	2  68  48 
2115	6  65  45 
2115	6  11   3 
2117	6  89  87 
2121	2  16  45 
2117	6  42  31 
2117	6  33  23 
2117	6  84  83 
2119	6  59  38 
2123	2  24  52 
2119	6  67  57 
2123	6  86  65 
2125	2  51  34 
2127	2  34   6 
2125	6  57  37 
2129	2  45  65 
2125	6  83  73 
2129	6  32  14 
2131	2  48  88 
2129	6  62  53 
2131	6  84  65 
2135	2  44  53 
2135	2   7  14 
2133	6  88  48 
2137	2  74  42 
2137	6  15   3 
2139	2  74  77 
2141	2  75  77 
2139	6  52  32 
2143	2  37  15 
2141	6  73  72 
2145	2  56  33 
2141	6  97  96 
2145	6  28  16 
2147	2  52  72 
2147	2  57  65 
2149	2  66  73 
2147	6  34  12 
2147	6  97  88 
2149	6  42  41 
2153	2  34  36 
2151	6  48  28 
2151	6  84  66 
2151	6  16  15 
2151	6  63  53 
2153	6   3   0 
2157	2  48  88 
2155	6  34  32 
2157	6  82  64 
2157	6  26  16 
2159	6  99  77 
2163	2  34  17 
2159	6  20   0 
2159	6  96  85 
2159	6  48  39 
2159	6   4   3 
2163	6  73  63 
2165	2  36  66 
2165	2  20  41 
2165	6  23   5 
2165	6  98  96 
2165	6  39  18 
2165	6   2   1 
2167	6  66  45 
2167	6  51  30 
2167	6  37  26 
2163	6  71  70 
2167	6  68  58 
2169	6  84  73 
2173	2  66  88 
2171	6  18   6 
2175	2  23  63 
2171	6  96  95 
2173	6  58  47 
2177	2  84  87 
2177	2   6   4 
2177	6  45  33 
2179	2   5   4 
2177	6  62  51 
2177	6  28  27 
2177	6  21  11 
2179	6  88  75 
2183	2  33   2 
2179	6  57  48 
2181	6  16   5 
2185	2  62  75 
2185	6  47  34 
2185	6  30   1 
2187	6  95  72 
2191	2   5   2 
2191	2  67  37 
2177	6   9   8 
2183	6  18   8 
2191	6  54  43 
2193	2  47  77 
2195	2  96  77 
2195	2  27  14 
2189	6  19   9 
2191	6  31  21 
2193	6  83  60 
2197	2  34  13 
2197	6  47  19 
2199	2  62  30 
2201	2  41  72 
2197	6  87  76 
2199	6  23  15 
2203	2  57  54 
2199	6  85  84 
2201	6  11  10 
2205	2  42  23 
2205	2  57  47 
2203	6  28   8 
2207	2  42  11 
2203	6  73  72 
2205	6  76  55 
2209	2  42  50 
2205	6   5   4 
2207	6  35  24 
2211	2  52  84 
2211	2  57  28 
2209	6  22  11 
2213	2  36  64 
2211	6   6   5 
2215	2  36  46 
2215	2  54  32 
2213	6  68  49 
2217	2  55  45 
2217	2  40  32 
2213	6   9   8 
2213	6  71  61 
2215	6  13   2 
2219	2  35  38 
2219	2  40  60 
2217	6  73  53 
2221	2  15  47 
2221	6  50  21 
2223	2  15  46 
2225	2  39  46 
2223	6   8   7 
2227	2  13  43 
2227	2  39  47 
2223	6  65  64 
2227	6  62  61 
2229	2   4  22 
2229	2  39  59 
2231	2  45  22 
2229	6  27  18 
2231	6   7   6 
2235	2  45  36 
2219	6  79  78 
2225	6  78  77 
2231	6  58  39 
2231	6  77  75 
2233	6  21  14 
2237	2  58  54 
2223	6  83  82 
2233	6  71  50 
2235	6  18   9 
2239	2  45   5 
2239	2  58  48 
2229	6  92  91 
2235	6  94  92 
2239	6  50  21 
2241	2  36  66 
2239	6  63  62 
2241	6  29   7 
2241	6  44  43 
2241	6  93  91 
2243	6  75  57 
2247	2  17  14 
2245	6  51  30 
2249	2  23   6 
2249	2  49  29 
2247	6  63  54 
2251	2  14  21 
2203	6  98  97 
2213	6  97  96 
2249	6  57  36 
2249	6  96  76 
2247	6  90  82 
2249	6  94  84 
2251	6  43  33 
2255	2   6  25 
2253	6  50  21 
2257	2  75  44 
2255	6  57  38 
2259	2  71  50 
2259	2  75  93 
2259	2   6   2 
2259	6  53  34 
2261	6  95  82 
2265	2  27  34 
2261	6  40  10 
2219	6  99  98 
2237	6  98  88 
2243	6  88  78 
2261	6  78  66 
2261	6  58  49 
2261	6  15   5 
2265	6  53  52 
2267	2  71  82 
2267	2  27  28 
2267	2  34   3 
2269	2  71  40 
2269	2  23  36 
2267	6  84  65 
2271	2  18  25 
2267	6  67  57 
2271	6  81  50 
2273	2  54  37 
2275	2  54  76 
2267	6  89  69 
2271	6  21  11 
2273	6  98  89 
2277	2  81  94 
2277	2  33   2 
2275	6  48  18 
2279	2  94  91 
2277	6  63  51 
2281	2  95  76 
2279	6  24   1 
2283	2  55  63 
2279	6  98  97 
2281	6  37  17 
2285	2  71  94 
2283	6  42  31 
2287	2  75  55 
2285	6  13   0 
2289	2  67  63 
2287	6  92  91 
2291	2  42  64 
2287	6  97  96 
2287	6  28  26 
2291	6  67  47 
2293	2  42  30 
2291	6  13   5 
2293	6  96  83 
2297	2  24  47 
2293	6  19  17 
2295	6  60  30 
2299	2  83  92 
2299	2  58  76 
2299	2  24  17 
2295	6  54  53 
2285	6  99  89 
2291	6  89  88 
2299	6  12   2 
2301	2  82  83 
2301	2  54  67 
2303	2  67  85 
2303	2  54  42 
2303	2  24   6 
2299	6  39  29 
2301	6  30  21 
2305	2  92  60 
2305	2  25  65 
2305	2  59  58 
2305	6  88  87 
2307	2  41  42 
2307	2  65  85 
2307	2  59  28 
2309	2  15  55 
2307	6  81  60 
2311	2  48  76 
2311	2  41  43 
2307	6  83  73 
2311	6  17   5 
2313	2  60  30 
2315	2  30  23 
2311	6  99  79 
2313	6  66  54 
2317	2  11  23 
2317	2  48  17 
2313	6  96  86 
2315	6  73  62 
2319	2  66  87 
2319	2  11  10 
2317	6  60  40 
2321	2  11  34 
2317	6  79  69 
2319	6  47  37 
2323	2   5  22 
2319	6  49  39 
2321	6  86  67 
2325	2  41  12 
2321	6  84  74 
2321	6  63  62 
2325	6  35   7 
2327	2  86  73 
2329	2  92  73 
2325	6  49  48 
2327	6  40  11 
2331	2  47  67 
2329	6  87  86 
2333	2  15  46 
2329	6  53  52 
2331	6  74  64 
2335	2  11  13 
2331	6  69  59 
2331	6  34  33 
2333	6  61  60 
2337	2  64  67 
2337	2   5  12 
2331	6  83  82 
2333	6  41  30 
2335	6  89  88 
2339	2  64  35 
2335	6  86  85 
2339	6  50  21 
2341	2  88  67 
2341	2  73  85 
2343	2  65  48 
2339	6  43  42 
2339	6   6   4 
2343	6  97  89 
2345	2  54  61 
2347	2  61  50 
2347	2  25  57 
2343	6  92  83 
2345	6  22  11 
2349	2  44  61 
2349	6  97  84 
2351	2  32  36 
2345	6  39  29 
2349	6  68  67 
2349	6  91  90 
2351	6  62  61 
2355	2  67  35 
2351	6  49  39 
2353	6  17   6 
2357	2  67  74 
2353	6  32  22 
2355	6  99  97 
2359	2  50  82 
2357	6  45  37 
2361	2  82  81 
2357	6  59  49 
2357	6  24  14 
2359	6  75  67 
2363	2  83  82 
2359	6  43  32 
2359	6  16   5 
2361	6  60  51 
2365	2  45  64 
2365	2  83  84 
2361	6  97  87 
2363	6  49  28 
2367	2  53  85 
2363	6  24  23 
2365	6   5   2 
2369	2  53  81 
2365	6  78  67 
2367	6  46  35 
2371	2  32   2 
2369	6  84  75 
2373	2  24  28 
2373	2   2   1 
2369	6  69  59 
2369	6  87  86 
2371	6  91  82 
2375	2  46  86 
2371	6  61  50 
2371	6  80  70 
2373	6  31  21 
2377	2  84  82 
2375	6  69  68 
2379	2  63  23 
2377	6  47  17 
2381	2  42  72 
2377	6  97  89 
2377	6  76  66 
2381	6  24   4 
2383	2  75  68 
2383	2  72  93 
2385	2  41  54 
2383	6  36  28 
2387	2  63  70 
2383	6  97  96 
2385	6  88  77 
2385	6  57  48 
2387	6  33  31 
2391	2  87  47 
2389	6  64  62 
2381	6  12   1 
2387	6  14  12 
2389	6  93  82 
2389	6  29  19 
2389	6  70  60 
2393	6  57  34 
2395	2  93  96 
2393	6  41  21 
2395	6  27  18 
2399	2  64  77 
2395	6  39  29 
2395	6  71  60 
2397	6  93  83 
2401	2  66  57 
2401	2  53  34 
2399	6  51  41 
2403	2  66  56 
2401	6  96  79 
2405	2  45  41 
2393	6   6   5 
2399	6  16   6 
2401	6  28   9 
2399	6  11  10 
2401	6  72  71 
2403	6  83  74 
2407	2  39  79 
2407	2  34  52 
2393	6   3   2 
2399	6  13   3 
2405	6  12  11 
2409	2  56  27 
2407	6  86  85 
2411	2  56  28 
2409	6  72  41 
2409	6  79  59 
2409	6  23  14 
2413	6  28  16 
2415	2  94  72 
2413	6  67  65 
2409	6  99  98 
2413	6  45  36 
2415	6  42  23 
2419	2  59  28 
2415	6  98  87 
2411	6  11  10 
2417	6  84  72 
2421	2  12  16 
2419	6  54  45 
2423	2  84  77 
2423	2  23  16 
2415	6  91  80 
2421	6  80  60 
2425	2  64  42 
2421	6  99  89 
2421	6  19   9 
2423	6  20   0 
2427	2  89  57 
2427	2  72  51 
2425	6  13   5 
2429	2  50  54 
2425	6  95  86 
2425	6  17   7 
2425	6  39  28 
2429	6  89  78 
2431	2  65  61 
2433	2  50  60 
2433	2  74  46 
2429	6  21  20 
2431	6  23   2 
2435	2  65  87 
2431	6  59  39 
2431	6  16   5 
2431	6  19  18 
2433	6  42  41 
2437	2  54  23 
2435	6  10   0 
2439	2  31  23 
2439	2  27  46 
2435	6  72  61 
2435	6  94  84 
2437	6  87  59 
2441	2  31  10 
2439	6  54  43 
2443	2  86  87 
2441	6  83  70 
2445	2  38  45 
2441	6  23  14 
2443	6  78  67 
2447	2  41  10 
2447	6  85  64 
2449	2  16  46 
2447	6  92  82 
2447	6  59  39 
2447	6  34  24 
2449	6  60  31 
2453	2  86  83 
2449	6  13  12 
2451	6  46  17 
2455	2  31  23 
2453	6  39  38 
2457	2  33  64 
2455	6  82  61 
2459	2  23  10 
2455	6  97  95 
2457	6  19  17 
2461	2  61  33 
2457	6  67  46 
2459	6  59  48 
2463	2  75  72 
2461	6  10   2 
2465	2  54  58 
2463	6  17  15 
2467	2  54  41 
2465	6  95  92 
2469	2  33  15 
2461	6  88  87 
2465	6  70  60 
2467	6  68  47 
2471	2  61  92 
2471	2  44  64 
2467	6  12  11 
2469	6  28  18 
2473	2  47  34 
2471	6  87  85 
2475	2  72  55 
2473	6  40  11 
2477	2  92  85 
2475	6  38  16 
2479	2  50  40 
2479	2  71  64 
2475	6  33  32 
2473	6  69  68 
2477	6  46  35 
2481	2  32  60 
2479	6  87  68 
2483	2  60  91 
2483	2  16  12 
2481	6  95  75 
2485	2  91  81 
2485	2  12   3 
2481	6  83  73 
2481	6  55  54 
2481	6  48  38 
2483	6  43  42 
2487	2  84  67 
2485	6  25   8 
2489	2  58  67 
2489	2  84  83 
2485	6  60  30 
2489	6  96  87 
2491	2  55  27 
2489	6  92  91 
2491	6  30  23 
2495	2  92  96 
2491	6  58  49 
2491	6  52  51 
2493	6  46  28 
2497	6  80  52 
2499	2  23  25 
2497	6  96  78 
2497	6   4   2 
2497	6  75  65 
2497	6  59  49 
2499	6  38  27 
2503	2  34  65 
2499	6  47  46 
2503	6  97  69 
2505	2   4  27 
2503	6  91  61 
2505	6  33  21 
2505	6  56  45 
2505	6  74  73 
2507	6  38  18 
2511	2  35  33 
2507	6   5   3 
2509	6  92  80 
2513	2  38  78 
2509	6  62  53 
2509	6  41  40 
2511	6  74  65 
2511	6  11   1 
2513	6  34  15 
2517	2  85  56 
2513	6  32  22 
2515	6  90  50 
2515	6  49  28 
2515	6  69  68 
2519	6  45  14 
2521	2  85  92 
2517	6  20  11 
2519	6   7   6 
2519	6  33  32 
2515	6  99  88 
2521	6  48  27 
2525	2  52  34 
2521	6  78  67 
2523	6  82  74 
2527	2  34   6 
2527	2  48  68 
2523	6  86  76 
2523	6  21  20 
2527	6  61  52 
2529	2   4  14 
2531	2   5  28 
2529	6  74  45 
2533	2  61  50 
2529	6  77  58 
2529	6  82  81 
2529	6  31  22 
2533	6  27   6 
2535	2  74  92 
2533	6  52  42 
2535	6  67  45 
2535	6  23  22 
2535	6  88  79 
2537	6  82  74 
2541	2  58  27 
2539	6  52  41 
2543	2  67  47 
2541	6  35  34 
2545	2  38  47 
2541	6  99  96 
2541	6  23  14 
2543	6  74  55 
2543	6  26  16 
2543	6  92  70 
2545	6  42  32 
2549	2  55  25 
2545	6  62  51 
2545	6  78  68 
2547	6  48  28 
2551	2  34  62 
2547	6  96  95 
2551	6  77  75 
2553	2  46  33 
2555	2  45  33 
2529	6  11   1 
2535	6  20  11 
2541	6  30  20 
2551	6  79  69 
2541	6   2   1 
2547	6   3   2 
2553	6  83  62 
2557	2  68  48 
2553	6  16  15 
2553	6  50  30 
2553	6  97  96 
2553	6   4   3 
2557	6  65  34 
2559	2  95  83 
2559	6  47  27 
2563	2  52  75 
2559	6  69  59 
2559	6   6   4 
2563	6  35  25 
2565	2  57  53 
2567	2  52  50 
2565	6  31  30 
2569	2  47  87 
2565	6  17  16 
2565	6  14   5 
2567	6  74  64 
2571	2  26  34 
2569	6  52  50 
2573	2  75  35 
2571	6  59  39 
2575	2  32  15 
2575	6  87  65 
2577	2  33  15 
2579	2  28   5 
2575	6  95  84 
2577	6  50  20 
2581	2  39  46 
2581	6  96  75 
2583	2  39  17 
2585	2  46  16 
2581	6  63  62 
2583	6  43  31 
2587	6  49  36 
2589	2  21  53 
2591	2  63  53 
2591	2  40  21 
2553	6  81  80 
2561	6  82  81 
2583	6  82  71 
2587	6  87  67 
2587	6  18   8 
2587	6  14   6 
2591	6   2   0 
2593	2  43  65 
2595	2  43  36 
2591	6  61  60 
2593	6  39  18 
2597	2  65  36 
2597	2  40  70 
2589	6  92  91 
2595	6  92  83 
2599	2  57  65 
2599	2  17  35 
2593	6   5   4 
2597	6  13   2 
2601	2  65  67 
2599	6  80  62 
2603	2  67  39 
2599	6  32  31 
2601	6  34  15 
2605	2  65  82 
2603	6  20  11 
2607	2  43  71 
2601	6   8   7 
2605	6  58  39 
2609	2  43  12 
2609	2  71  90 
2607	6  46  26 
2611	2  43  33 
2605	6  88  78 
2607	6  18   8 
2607	6  76  65 
2609	6  84  83 
2613	2  13  36 
2611	6  78  59 
2615	2  64  46 
2611	6  72  61 
2611	6  81  80 
2613	6  29  18 
2617	2  46  59 
2613	6  43  42 
2613	6   7   6 
2615	6  24  13 
2619	2  59  29 
2619	2  65  43 
2593	6  96  95 
2613	6  95  86 
2617	6  91  82 
2621	2  24  54 
2621	2  29  47 
2619	6  87  77 
2623	2  47  19 
2619	6   6   5 
2621	6  85  84 
2625	2  52  55 
2625	2  26  14 
2621	6  11   2 
2625	6  77  58 
2627	2   2  14 
2627	2  52  83 
2629	2   2   5 
2623	6  34  33 
2625	6  28  19 
2627	6  55  36 
2631	2  77  85 
2631	2  14   5 
2609	6  31  30 
2623	6  90  70 
2627	6  31  21 
2629	6  52  50 
2633	2  77  88 
2633	2  16  36 
2629	6  73  71 
2631	6  59  29 
2635	2  86  54 
2635	2  36  25 
2633	6  21  13 
2637	2  86  97 
2637	2  55  62 
2637	6  28  26 
2639	2  86  79 
2641	2  62  84 
2637	6  43  33 
2639	6  21   3 
2643	2  26  34 
2643	2  84  80 
2637	6  58  48 
2641	6  88  77 
2645	2  80  92 
2645	2  46  48 
2645	2  16  13 
2643	6  51  42 
2647	2  26   3 
2645	6  75  73 
2645	6  31  21 
2647	6  88  59 
2651	2  43  73 
2647	6  70  60 
2649	6  26   3 
2653	2  74  73 
2645	6  95  94 
2653	6  95  88 
2655	2  48  26 
2657	2  55  23 
2653	6  60  51 
2653	6  92  82 
2657	6  26  18 
2659	2  95  92 
2659	2  54  23 
2661	2  75  87 
2659	6  41  31 
2663	2  53  66 
2661	6  12   4 
2665	2  41  73 
2665	2  48  88 
2663	6  25  24 
2667	2  73  71 
2667	6  55  42 
2669	2  17   4 
2645	6  10   0 
2667	6  96  79 
2667	6  11  10 
2667	6  39  29 
2669	6  83  71 
2673	2  55  77 
2671	6  27  25 
2675	2  83  96 
2671	6  13   4 
2673	6  42  20 
2673	6  48  39 
2675	6  80  60 
2679	2  33  25 
2675	6  57  56 
2675	6  79  69 
2677	6  72  64 
2681	2   8  25 
2677	6  96  76 
2679	6  12  11 
2683	2  56  64 
2681	6  69  58 
2685	2  62  64 
2681	6  43  42 
2681	6  60  50 
2683	6  37  35 
2687	2  56  57 
2683	6  85  83 
2683	6   9   6 
2683	6  87  77 
2685	6  23  12 
2689	2  83  52 
2689	2  37  66 
2685	6  31  21 
2689	6  15   6 
2691	2  50  33 
2691	2  66  68 
2693	2  48  45 
2691	6  83  63 
2695	2  34  57 
2691	6  11  10 
2693	6  51  31 
2689	6  97  89 
2695	6  29  17 
2699	2  55  23 
2695	6  97  86 
2697	6  83  81 
2701	2  35  32 
2697	6  69  68 
2695	6  89  88 
2697	6  49  48 
2699	6  61  51 
2703	2  55  68 
2703	2  11  32 
2701	6  17  16 
2705	2  88  68 
2705	2  24  31 
2701	6  86  85 
2703	6  93  73 
2707	2  24   7 
2703	6  81  70 
2705	6  55  47 
2709	2  84  61 
2707	6  77  67 
2711	2  53  45 
2707	6  30  10 
2707	6  97  89 
2709	6  23  16 
2713	2  88  65 
2711	6  94  83 
2715	2  52  23 
2711	6  58  47 
2713	6   2   1 
2717	2  65  73 
2717	2  47  25 
2717	6  51  31 
2719	2  77  94 
2721	2  65  97 
2719	6  34  15 
2723	2  52  83 
2719	6  47  36 
2719	6  12  11 
2723	6  98  86 
2725	2  63  34 
2727	2  13  31 
2723	6  67  66 
2725	6  48  47 
2729	2  74  34 
2731	2  74  86 
2731	2  70  30 
2731	6  57  25 
2709	6   9   8 
2715	6   8   7 
2729	6   3   2 
2731	6  54  43 
2731	6  93  92 
2733	6  85  73 
2737	2  22  25 
2733	6  71  61 
2737	6  67  47 
2739	2  74  44 
2741	2  51  73 
2729	6  99  98 
2735	6  98  97 
2737	6   7   6 
2739	6  22  14 
2743	2  76  54 
2739	6  27  18 
2743	6  93  72 
2745	2  14   6 
2747	2  14  21 
2743	6  36  35 
2745	6  86  57 
2745	6  43  33 
2745	6  64  54 
2747	6  18  17 
2751	2  72  64 
2751	2  35   3 
2749	6  93  92 
2753	2  43  66 
2753	6  27   4 
2755	2  85  67 
2757	2  83  86 
2753	6  30  11 
2755	6  61  53 
2759	2  57  27 
2759	2   4  21 
2759	6  94  75 
2761	2  43  36 
2763	2  23  21 
2763	2  57  79 
2761	6   7   5 
2765	2  67  97 
2761	6  82  72 
2763	6  35  26 
2767	2  23   5 
2767	2  55  53 
2767	2  93  97 
2769	2  68  36 
2769	2  99  97 
2765	6  11   2 
2769	6  83  53 
2769	6  75  65 
2771	6  16  12 
2771	6  78  57 
2775	6  81  74 
2777	2  17  16 
2777	2  34   3 
2779	2  37  16 
2775	6  52  42 
2777	6  67  56 
2779	6  34  12 
2781	6  27   6 
2785	2  64  57 
2781	6  93  91 
2785	6  34  32 
2787	2  74  57 
2785	6  20   0 
2785	6  12   3 
2787	6  90  60 
2791	2  53  32 
2787	6  27  26 
2787	6  15   5 
2789	6  85  57 
2793	2  32  20 
2791	6  35  34 
2795	2  85  93 
2795	2  20  60 
2795	6  67  38 
2793	6  16  14 
2795	6  98  97 
2797	6  72  43 
2801	2   2   6 
2797	6  60  50 
2801	6  79  76 
2803	2  43  34 
2805	2  43  71 
2803	6  46  26 
2807	2  97  93 
2803	6  21  10 
2803	6   8   7 
2807	6  63  52 
2809	2  65  46 
2811	2  56  35 
2807	6  50  40 
2809	6  32  21 
2813	2  74  67 
2813	2  36  35 
2809	6  16   7 
2813	6  41  40 
2815	2  34  16 
2815	2  74  76 
2817	2  66  63 
2817	2  35  15 
2815	6  69  48 
2819	2  45  73 
2815	6  20  12 
2819	6  42  41 
2821	6  65  34 
2821	6  82  60 
2821	6  26  16 
2821	6  13  12 
2827	2  34  32 
2827	2  65  48 
2827	6  15  13 
2829	2  57  44 
2827	6  83  72 
2829	6  51  31 
2833	2  15  46 
2829	6  76  75 
2833	6  63  43 
2835	6  67  55 
2839	2  60  20 
2835	6  84  75 
2841	2  55  32 
2841	6  84  82 
2843	2  26  43 
2845	2  55  48 
2847	2  51  82 
2849	2  43  73 
2851	2  54  14 
2853	2  44  72 
2855	2  51  32 
2857	2  42  13 
