   1	6  13   3 
   1	6  15  11 
   7	2  11   7 
   7	6   4   3 
   9	2  13  19 
   1	6  22  21 
   7	6  22  17 
   9	6  11   6 
  13	6  13   3 
  15	6  11   5 
  19	6  18  14 
  21	2   6   2 
  23	2   6   0 
  23	6   8   3 
  25	6   6   5 
  25	6  23  19 
  31	2   7  13 
  31	6  23  21 
  33	6   9   7 
  37	6  23  19 
  39	6  12   6 
  43	2   9  14 
  43	6  23  21 
  45	6  13  12 
  49	6  20  10 
  51	2  12  17 
  53	2  17  22 
  45	6   1   0 
  55	2  12  11 
  55	2  23  22 
  55	6   5   0 
  57	2  17  18 
  59	2   8  18 
  57	6  21  15 
  61	2   8  13 
  61	6   6   5 
  63	2  14  18 
  65	2  23  13 
  63	6  20  16 
  69	2  11  15 
  69	6  22  17 
  71	2  11  10 
  73	6  20  10 
  67	6  24  14 
  73	6  14  13 
  79	2  15  16 
  79	6  12   6 
  75	6  24  23 
  81	6  23  18 
  85	2  15   5 
  87	2  10   5 
  87	2  12  16 
  89	2  10  20 
  89	2  12  17 
  91	2  16  21 
  91	6  18   8 
  91	6  10   6 
  97	2  12   2 
  97	6  14   9 
  99	2   2   7 
 101	6  12   6 
  97	6  24  23 
 103	6  23  18 
 107	2   8   7 
 107	6   1   0 
 109	2  12  13 
 111	2  10  12 
 113	2   9   7 
 113	2  10  15 
 115	2  12  18 
 115	6   6   5 
 117	6  12   8 
 121	2  10   5 
 117	6  24  22 
 121	6   2   1 
 123	2  11  12 
 125	6  13  11 
 123	6  23  22 
 131	2   6  11 
 131	2   8   2 
 131	6  21  15 
 133	2  13  23 
 135	2  13   9 
 133	6   5   0 
 137	2  15  11 
 139	2  15   5 
 141	6  15   5 
 137	6  14   8 
 139	6  17  12 
 143	6   8   2 
 147	2  15  20 
 147	2   5   6 
 149	2  16  15 
 149	2   6  12 
 151	2  15  11 
 151	6   2   0 
 153	6  17  15 
 157	2   5   0 
 159	2   6   1 
 159	6  16  12 
 161	6   5   0 
 165	2  12   7 
 165	6  16  15 
 167	2  12  18 
 167	2   0   2 
 169	6  12   8 
 169	6  23  22 
 171	6  15   5 
 175	2  17  12 
 177	2  15  20 
 177	6   7   5 
 179	2  16  18 
 181	2  16  22 
 183	2  12   7 
 183	2  22  24 
 183	6  20  15 
 185	6  11   7 
 185	6  24  14 
 189	6  21  20 
 191	2   7   1 
 191	6  14  13 
 195	2  21  23 
 193	6   3   1 
 197	2  11  15 
 197	6  23  22 
 199	2   7  13 
 201	2   3  13 
 199	6  20  16 
 199	6  10   5 
 203	6   9   7 
 205	2  22  16 
 207	6  16  10 
 209	6   7   6 
 213	2  22  16 
 215	2  10   6 
 217	6  16   6 
 209	6   9   3 
 215	6   8   3 
 223	2   2   6 
 223	2  15  16 
 225	2   6   8 
 227	2   5  15 
 227	6  13   7 
 229	6  10   5 
 233	6  13   3 
 235	6  16  10 
 239	2   6   7 
 241	2  16  12 
 243	2   6   2 
 243	6  17  13 
 243	6  15  10 
 249	2  16  17 
 249	6   8   6 
 251	2  22  17 
 253	6  17  15 
 255	6   1   0 
 259	2  22  12 
 261	2   6  11 
 261	2  22  17 
 263	2  10  11 
 263	6  23  13 
 265	2  15   5 
 267	6  11   5 
 273	2   1   5 
 273	2  12  11 
 273	6  21  15 
 275	6   5   1 
 275	6  13  12 
 279	6  23  21 
 281	2   6  12 
 283	2  10  12 
 269	6   9   3 
 283	6   3   1 
 289	2   5  15 
 291	2  15  21 
 289	6   7   2 
 293	6  15  11 
 299	2  11   1 
 301	2   5   7 
 303	2   7   9 
 305	6  11   1 
 293	6  22  18 
 299	6  21  20 
 305	6  18  14 
 311	2  17  11 
 311	6   7   2 
 313	2  17  22 
 315	2  22  21 
 311	6  14   9 
 317	2  22  18 
 317	6  11   7 
 317	6  20  15 
 317	6  14   9 
 319	6  24  23 
 323	2   7   9 
 325	2  11  21 
 325	6  13   9 
 327	2  11  15 
 329	2  21  23 
 329	6  10   6 
 331	2  18  13 
 331	6  21  20 
 335	2  17  11 
 337	6  22  12 
 333	6  14   9 
 337	6  20  15 
 343	2  22  23 
 343	2  10  12 
 345	2  12  14 
 345	6  23  21 
 345	6  10   5 
 347	6  13   8 
 351	2  20  21 
 351	6  23  17 
 353	2   5   7 
 355	2   5   1 
 355	6   8   3 
 357	2  18  17 
 359	2  23  17 
 353	6  21  20 
 359	6  20  10 
 361	2  12  18 
 361	6   3   1 
 365	2  23  21 
 363	6  13  12 
 367	2  16  21 
 367	6   5   1 
 367	6  24  23 
 369	6  12  11 
 369	6  14   9 
 373	6  23  21 
 375	2  10  11 
 375	6   9   3 
 379	2  12  17 
 379	6  23  19 
 381	2  11  15 
 383	2  12   8 
 383	6  20  10 
 385	2  19  14 
 385	6  12   8 
 389	6  22  20 
 391	6   3   1 
 395	2  11  17 
 397	2  16   6 
 399	2  16  21 
 399	2   6   5 
 401	2  10   5 
 401	6  17   7 
 387	6  19  14 
 393	6  24  19 
 403	6  15  10 
 407	2  22  17 
 407	2   6   1 
 399	6  14   9 
 405	6  19  14 
 409	2  10  12 
 411	2  10  20 
 411	6  17   7 
 411	6  14   9 
 417	2  22  24 
 417	2   2   7 
 417	2  11  10 
 419	2  21  20 
 419	2   2   1 
 419	6  13  11 
 419	6  24  23 
 425	2   2  12 
 425	6  23  21 
 427	2  13  14 
 425	6  10   5 
 427	6   7   3 
 431	2  23  19 
 431	2  15  21 
 433	2  12  17 
 433	6  23  19 
 435	2  12  11 
 437	2  12   7 
 433	6  21  20 
 433	6   5   1 
 433	6   9   3 
 439	2  21  23 
 439	2   1   3 
 441	2  19  14 
 441	2  17  11 
 441	6   7   2 
 443	6  17  15 
 447	2   1   5 
 443	6  14   4 
 449	2  17  18 
 449	2  11   5 
 449	2   4   3 
 451	6  18   8 
 449	6  21  20 
 451	6  10   6 
 457	2  18  23 
 457	2   6   8 
 459	2  18   8 
 459	2   5   6 
 461	2  18  16 
 461	6   6   2 
 463	2  16  20 
 463	2  13   8 
 465	2  20  22 
 465	6  19  13 
 467	2  20  10 
 469	6  22  20 
 471	2  13   7 
 473	2  13   9 
 471	6  24  19 
 475	2   3   9 
 473	6  11   1 
 477	2  24  22 
 479	2  23  17 
 479	2   2   8 
 479	6  20  10 
 481	2  24  18 
 483	6  18  12 
 485	6  10   5 
 489	2  23  21 
 491	2   7   5 
 491	2  16  21 
 491	2  24  18 
 493	2  15  17 
 493	2   2   6 
 495	2  13  11 
 495	6  22  20 
 495	6   2   0 
 501	2  20  15 
 501	6  17   7 
 497	6  14   9 
 503	6  20  15 
 507	2  17  22 
 507	2   7   5 
 503	6  24  14 
 509	2  24  22 
 509	2  11   7 
 511	2  16  22 
 511	6   7   5 
 513	6  18  16 
 517	6   5   0 
 519	2  13  17 
 521	2  17   7 
 523	2  11  10 
 523	2  18  24 
 525	2  15   5 
 525	2  18   8 
 527	2  13   3 
 527	6  16   6 
 529	6  23  13 
 533	2  16  21 
 533	6   6   1 
 535	2  22  21 
 537	2  22  16 
 535	6  13  12 
 539	2  21  20 
 539	6  10   6 
 541	6  17  16 
 535	6   9   4 
 545	6   7   1 
 547	6  20  10 
 539	6  24  23 
 553	2   6  12 
 553	2  21  20 
 555	2  12  17 
 555	2  10   0 
 555	6  21  20 
 557	2  13  17 
 559	2  13   9 
 551	6   3   2 
 557	6   2   0 
 561	2  23  21 
 561	6   9   4 
 563	2  12   7 
 565	2  13  12 
 563	6  10   0 
 563	6  21  20 
 563	6  23  19 
 569	2   2   4 
 569	2  20  10 
 569	6  19  13 
 569	6  22  17 
 571	6  10   0 
 575	2  12  17 
 577	2   6   8 
 577	2  22  20 
 579	2  20  10 
 579	6   7   1 
 579	6  19   9 
 581	6  22  20 
 585	2  13   7 
 585	2   0   1 
 587	2   7   8 
 587	2  20  15 
 587	6  18  14 
 587	6  11   5 
 589	6   4   2 
 593	2  16  11 
 593	6  23  13 
 595	6   6   2 
 599	2   9   8 
 599	2  21  23 
 601	2   6  11 
 601	6  13   9 
 601	6  21  15 
 603	6   7   6 
 607	2  15  10 
 607	6  21  17 
 607	6  14   9 
 609	6   2   0 
 613	2  12  18 
 613	2  20  21 
 615	2   9   7 
 615	2  22  18 
 617	6   8   2 
 615	6  15  10 
 617	6  23  18 
 621	6  12  11 
 623	2   9   8 
 621	6   5   0 
 623	6  23  21 
 627	2   2   0 
 625	6  14   9 
 629	2   2   1 
 629	6  17  16 
 631	2   0   1 
 631	2   7   8 
 633	2   7   6 
 631	6  24  19 
 635	2  13  17 
 635	2  10   6 
 633	6   4   3 
 637	2  14  12 
 637	6  15   5 
 639	2  18   8 
 641	2  18  23 
 641	6   7   3 
 641	6  14   9 
 643	6  10   0 
 647	2   7  12 
 647	6   9   3 
 649	2   5   6 
 651	2  10  16 
 647	6  19  18 
 651	6   6   1 
 653	6  23  13 
 653	6  15  10 
 659	2   7  17 
 661	2   3   1 
 661	6  18  12 
 661	6  21  16 
 663	6  10   5 
 667	2   3  13 
 669	2   7   5 
 669	6  18  16 
 675	2   6  12 
 677	2  17  12 
 677	6  15   5 
 679	2  12  18 
 671	6   3   2 
 681	6  12   8 
 683	2  16  15 
 685	2  15  21 
 681	6  23  18 
 683	6   6   5 
 687	2  12  16 
 689	2  12   6 
 689	2  23  21 
 691	6  17   7 
 687	6  14   9 
 691	6  15  10 
 693	6  24  14 
 697	2  21  15 
 697	6   6   2 
 699	2  23  17 
 701	2  23  24 
 699	6  13   8 
 703	2   6  10 
 701	6  17  16 
 703	6  24  23 
 707	2  17  13 
 705	6   3   1 
 709	2  17  19 
 711	2  21  23 
 711	6   9   3 
 711	6  11   5 
 713	6  23  21 
 717	2  12  11 
 717	6   2   0 
 719	2   9  19 
 719	2  16  11 
 721	2  16  18 
 723	2   9   8 
 723	2  24  23 
 723	6  16  15 
 725	2   8   2 
 727	2   2   7 
 725	6  23  19 
 729	6   8   2 
 731	2  18  16 
 733	6  22  17 
 735	2   8  13 
 733	6  20  10 
 735	6   2   1 
 739	6  18  12 
 739	6  20  15 
 745	2   7  17 
 745	6  10   0 
 747	2  13  17 
 749	6  23  13 
 751	6   6   2 
 751	6  16  15 
 757	2   7   5 
 757	6  21  15 
 759	2  12   6 
 761	2  18  12 
 763	2  10   5 
 763	6  17  12 
 765	2   5   0 
 755	6  14   9 
 763	6  24  14 
 767	6  10   6 
 773	2   6  12 
 773	6  15  10 
 775	2  22  12 
 777	2  22  24 
 775	6   1   0 
 779	2  16  15 
 779	2  22  23 
 777	6  12   7 
 781	2  10  15 
 779	6  19  14 
 783	2   7   5 
 785	2   7   2 
 785	2  17  15 
 785	6  14   4 
 787	6  16   6 
 791	6   8   4 
 793	2   6   1 
 793	6  21  16 
 797	2   8   2 
 795	6  10   5 
 799	6  18  12 
 801	2   2   0 
 803	2  20  10 
 799	6   9   4 
 805	2  12   6 
 805	6  23  21 
 805	6  14   9 
 807	6   7   5 
 811	6  19  18 
 813	2   8   7 
 811	6  21  15 
 813	6   5   1 
 817	2  12  14 
 819	2  14  19 
 819	2  10  15 
 819	6  12   6 
 817	6  22  21 
 823	6  16  15 
 825	2  18  12 
 827	2  18  22 
 825	6   2   0 
 829	2  11  13 
 829	6  23  22 
 831	2  15   5 
 831	2  14  13 
 831	6   7   2 
 833	6  11   5 
 835	6  18  13 
 841	2  17  11 
 843	2  12  22 
 845	6  13   7 
 845	6  16  15 
 851	2  13  23 
 851	6  21  15 
 853	2   6   7 
 855	6  13  12 
 853	6  23  19 
 855	6   6   5 
 859	6  23  21 
 861	6   6   2 
 865	6  24  22 
 867	2   5  15 
 869	2   5   0 
 869	6  12  11 
 869	6  20  15 
 871	6  24  14 
 875	2  11  16 
 867	6   3   2 
 877	2  21  16 
 873	6   4   3 
 877	6  10   6 
 879	2  21  22 
 881	2  22  18 
 879	6   8   4 
 883	2  15  16 
 885	2  18  12 
 885	2  15  10 
 887	2  12  14 
 889	2  14   8 
 885	6  22  21 
 889	6  10   6 
 891	6  23  13 
 891	6  21  16 
 895	6   2   0 
 897	2  16  10 
 899	2  16  18 
 901	2   6   8 
 901	6  21  17 
 903	2   2   6 
 903	2  13   8 
 901	6  24  19 
 905	6   8   2 
 907	2  16  11 
 907	6  19  18 
 909	6  20  16 
 913	2   8  13 
 913	6  24  23 
 915	2  13  14 
 915	6  17  11 
 919	2  14  19 
 915	6   3   2 
 921	2  13   3 
 923	2   7  11 
 921	6  23  22 
 925	2  16  11 
 923	6  19  14 
 927	2  10  11 
 923	6   4   3 
 927	6  23  17 
 929	2   4  14 
 929	6  11  10 
 933	2  19  23 
 931	6   9   4 
 935	2   7  17 
 935	6  24  19 
 937	2  16  22 
 939	2  11  17 
 937	6   3   1 
 941	6  19  13 
 941	6  15  11 
 941	6  22  21 
 947	2   9  13 
 947	6  22  17 
 947	6   7   6 
 949	6   9   3 
 953	6  19  17 
 959	2  13   9 
 961	2  19   9 
 961	6  11   7 
 963	6  18  17 
 969	2  13   7 
 971	2   9   7 
 971	6  19  18 
 973	6   7   1 
 977	6  18  13 
 983	2  13  12 
 985	2  13   7 
 987	2  11  17 
 989	2   1   7 
 989	2  17  22 
 991	2  11  21 
 991	6  23  18 
 993	2   7  12 
 997	2  17  21 
 999	2  12  18 
