   1	2  32  49 
   1	6  23   6 
   3	2  11  26 
   1	6  47  44 
   3	6  32  16 
   7	2  23  39 
   5	6  19   3 
   9	2  39  47 
   1	6  62  61 
   7	6  61  44 
   7	6   6   5 
   9	6  16   9 
  13	2  11   5 
  11	6  46  39 
  15	2  19  43 
  15	6  22  14 
  17	6  43  19 
  15	6  16   1 
  17	6  61  46 
  21	6  23   6 
  23	2  43  44 
  23	2  61  59 
  21	6  32  16 
  23	6  28  12 
  25	6  45  38 
  29	2  19   4 
  21	6   1   0 
  25	6  43  34 
  25	6  60  52 
  25	6  62  55 
  27	6  23   7 
  31	2  34  32 
  31	2  19  12 
  27	6   2   1 
  31	6  54  44 
  33	2   6   4 
  33	6  19   9 
  37	2  38  22 
  33	6  34  32 
  37	6  63  53 
  39	2  19  13 
  41	2   4  13 
  39	6  32   8 
  43	2  28  52 
  43	6  55  39 
  45	2  34  44 
  45	2  13  10 
  47	2  44  53 
  47	6  22  12 
  49	2  53  35 
  49	2  38  39 
  51	2  52  46 
  45	6  49  40 
  47	6  10   2 
  47	6   7   6 
  51	6  40  16 
  53	6  46  22 
  53	6  11   3 
  53	6  52  51 
  57	6  49  34 
  59	2  12  10 
  59	2  53  46 
  59	2  22  14 
  61	2  16  10 
  61	2  38  52 
  61	6   6   4 
  61	6  28  21 
  61	6  62  55 
  63	6  50  44 
  67	2  10  11 
  67	2  21  23 
  63	6  34  26 
  63	6  17  16 
  67	6  55  46 
  69	2  11  26 
  71	2  50  32 
  69	6  30  21 
  73	2  40  32 
  69	6  15   7 
  69	6  44  36 
  71	6  10   4 
  75	2  30  46 
  75	2  32  24 
  73	6  50  34 
  77	2  19  21 
  77	6  53  44 
  79	2  17  10 
  79	2  15  39 
  81	2  34  17 
  79	6  28  12 
  79	6  49  40 
  81	6  39  23 
  83	6  51  45 
  87	2  23  14 
  83	6  18  16 
  85	6  41  34 
  89	2  28  46 
  89	6  16  10 
  91	2  22  36 
  93	2  36  46 
  91	6  50  41 
  95	2  45  39 
  93	6  21  20 
  97	2  40  16 
  95	6  35  34 
  97	6  59  45 
  97	6  39  30 
  99	6  40  16 
 103	2  35  20 
 103	6  47  38 
 105	2  41  40 
  95	6   2   1 
 101	6   3   2 
 105	6  28  18 
 105	6  44  43 
 107	6  12   3 
 111	2  35  45 
 111	6  25  17 
 113	2  20  38 
 115	2  36  45 
 115	6  30  12 
 117	2  35  26 
 119	2  41  26 
 121	2  30  38 
 121	2  12  28 
 123	2  22  38 
 123	2  25  43 
 123	6  20  11 
 125	2  25  41 
 105	6  57  56 
 125	6  58  56 
 129	2  20  37 
 123	6   5   4 
 129	6  17   2 
 131	2  30  37 
 133	2  51  37 
 131	6  27  20 
 135	2  51  57 
 127	6  40  33 
 125	6  15  14 
 131	6  14  13 
 135	6  33  17 
 137	2  51  58 
 137	2  30  54 
 135	6   4   3 
 137	6  20  19 
 141	2  33  57 
 137	6  44  36 
 139	6  47  30 
 143	2  49  57 
 141	6  10   3 
 145	2  49  52 
 145	6  28  22 
 145	6  47  39 
 147	6  51  44 
 151	2  38  20 
 147	6  17  10 
 153	2  49  51 
 153	2  28  18 
 153	6  12   5 
 155	2  44  27 
 157	2  27  10 
 157	2  44  46 
 153	6  22  14 
 155	6  58  41 
 159	2  27  13 
 159	6  39  38 
 161	2  17  41 
 163	2  20  26 
 161	6  59  44 
 165	2  20  30 
 161	6   4   3 
 165	6  41  25 
 167	2  28  38 
 169	2  45  38 
 167	6  10   3 
 171	2  43  46 
 169	6  21  20 
 173	2  25  10 
 169	6  31  23 
 173	6  54  37 
 173	6  43  35 
 175	6  25  19 
 179	2  45  31 
 181	2  17  20 
 181	6  62  45 
 181	6  51  43 
 181	6  39  23 
 183	6  27  10 
 183	6  21  12 
 187	6  59  41 
 189	2  20  37 
 187	6  23   6 
 189	6  10   1 
 193	2  27  45 
 193	6   6   4 
 195	2  27  34 
 197	2  41  27 
 193	6  30  22 
 195	6  45  37 
 199	2   4  19 
 201	2  35  21 
 203	6  44  26 
 203	6  23  21 
 209	2  18  26 
 209	2  38  44 
 209	6  20  14 
 211	2  18  17 
 211	6  46  43 
 213	6  18  10 
 217	2  46  30 
 215	6  13   7 
 213	6  25  24 
 217	6  43  36 
 219	6  46  30 
 219	6  25  10 
 221	6  14   5 
 225	2  34  20 
 225	2  62  46 
 223	6  52  44 
 227	2  20  13 
 225	6   9   2 
 229	2   5  13 
 227	6  62  38 
 227	6  27  26 
 231	6   5   2 
 233	2  38  35 
 235	6  44  28 
 237	6  26  18 
 241	2  30  14 
 241	2  36  20 
 243	2  27  21 
 245	2  13  10 
 245	6  37  35 
 247	2   7  13 
 249	2  13   5 
 235	6  55  54 
 241	6  54  53 
 225	6  24  16 
 231	6  40  24 
 237	6  58  40 
 243	6  58  51 
 247	6  32   8 
 247	6  54  47 
 247	6  19  18 
 247	6   3   2 
 249	6  22  15 
 253	2  26  35 
 253	6  16   2 
 255	2  53  35 
 257	2  50  35 
 251	6  12   5 
 255	6  30  15 
 259	2  27  34 
 259	6  12  10 
 261	2  35  45 
 263	2  51  45 
 261	6  57  41 
 265	2  28  12 
 267	2  51  41 
 267	2  13  19 
 265	6  46  38 
 269	2  49  41 
 269	6  27   3 
 271	2  49  32 
 273	2  16  32 
 269	6  22  21 
 275	2  51  54 
 275	2  16  10 
 275	6  30  28 
 277	2  41  17 
 275	6  14  13 
 279	6  17  11 
 281	2  35  27 
 283	2  37  51 
 279	6  33  32 
 285	2  11  13 
 285	6  28  26 
 285	6  58  43 
 285	6  46  31 
 285	6  41  32 
 287	6  13  11 
 291	2  33  26 
 291	6  50  36 
 293	2  31  13 
 291	6  61  53 
 295	6  15  13 
 297	2  26  41 
 299	2  45  27 
 295	6  31  30 
 299	6  42  41 
 301	2  28  21 
 303	2  21  18 
 301	6  46  44 
 305	2  20  11 
 305	6  25   8 
 307	2  36  28 
 309	2  42  44 
 307	6  13  12 
 311	2  42  25 
 307	6  38  30 
 311	6  53  44 
 313	2  26  11 
 315	2  26  12 
 313	6  38  37 
 317	2  10  25 
 317	6  61  52 
 319	2  12  10 
 321	2   3  10 
 313	6  31  22 
 317	6  43  35 
 301	6   7   6 
 319	6  46  31 
 319	6  33  26 
 319	6  14   6 
 321	6  21  20 
 323	6  52  36 
 325	6  46  38 
 329	2  20  35 
 331	2  28  44 
 331	6  23  13 
 333	2  28  36 
 335	2  38  36 
 331	6  26  17 
 333	6  54  53 
 337	2  20  26 
 337	2  38  23 
 339	2  18  26 
 339	2  21  36 
 339	6  53  51 
 341	2  20  18 
 341	6  30  14 
 341	6  36  35 
 325	6  49  41 
 339	6  41  33 
 339	6  55  47 
 343	6  19  12 
 347	2  30  36 
 345	6  51  42 
 349	2  20  30 
 345	6  47  46 
 345	6  33  25 
 349	6  44  36 
 351	2  26  42 
 351	2  14  12 
 353	2  18  26 
 351	6  47  31 
 355	2  18  28 
 353	6  50  40 
 357	2  36  22 
 357	6  26  17 
 359	2  44  46 
 361	2  36  50 
 359	6  22  12 
 363	6  50  36 
 365	2  31  22 
 363	6  25  18 
 367	6  30  23 
 369	2  20  18 
 359	6  40  32 
 369	6  43  33 
 369	6  58  57 
 371	6  20  13 
 373	6  31  15 
 377	2  12  36 
 375	6  60  58 
 379	2  27  30 
 363	6  16   8 
 371	6  17  16 
 375	6  33  32 
 381	2  27  33 
 381	2  30  46 
 381	6  52  50 
 383	2  31  30 
 381	6  12  10 
 383	6  35  26 
 385	6  38  31 
 389	2  10  34 
 387	6  61  59 
 391	2  37  35 
 391	6  10   4 
 393	2  46  43 
 395	2  60  46 
 391	6  33  25 
 393	6  28  20 
 397	2  38  52 
 395	6  42  35 
 397	6  32  17 
 401	2  35  28 
 399	6  47  45 
 403	2  27  10 
 381	6  14   6 
 391	6  23  14 
 399	6  60  58 
 399	6  30  23 
 399	6  21  13 
 403	6  41  32 
 405	2  27  44 
 407	2  45  35 
 403	6  16   8 
 405	6  61  60 
 409	2  58  41 
 409	2  45  30 
 405	6  12  11 
 409	6  35  26 
 411	2  58  60 
 413	2  45  31 
 411	6  42  41 
 415	2  12  36 
 413	6  59  51 
 417	2  26  20 
 415	6  47  31 
 419	2  51  34 
 419	6  20   4 
 421	2  42  60 
 423	2  26  16 
 421	6  31  14 
 425	2  19  43 
 421	6  54  46 
 425	6  33  32 
 427	2  46  28 
 429	2  12  14 
 429	2  60  43 
 429	6  46  37 
 431	2  25  10 
 433	2  27  21 
 431	6  50  41 
 435	2  21  45 
 433	6  10   3 
 437	2  25  41 
 437	6  28  13 
 437	6  30  23 
 437	6  51  44 
 439	6   8   2 
 443	2  13   5 
 443	2  42  28 
 443	6  47  23 
 445	2  10  34 
 447	2  28  18 
 445	6  13   5 
 447	6  42  33 
 451	2   5   2 
 449	6  62  38 
 453	6  27  13 
 453	6  40  33 
 455	6  44  37 
 453	6  10   1 
 459	6  33  19 
 455	6  54  46 
 459	6  14   5 
 461	6  37  30 
 461	6  44  43 
 465	6  26  10 
 467	2  42  43 
 467	2  14  38 
 469	2  20  30 
 465	6  32  16 
 469	6  43  42 
 471	2  27  36 
 471	2  30  47 
 473	2  28  22 
 469	6   5   4 
 471	6  32  25 
 475	2  20  36 
 475	6  30  22 
 477	2  42  26 
 479	2  27  51 
 475	6   4   3 
 477	6  46  45 
 481	2  20  19 
 481	2  42  25 
 481	2  22   5 
 481	6  10   3 
 483	2  37  34 
 485	2  34  52 
 483	6  20  19 
 487	2  37  23 
 487	6  50  34 
 487	6  16   1 
 489	6  38  20 
 489	6  53  52 
 489	6  14   6 
 493	6  34  17 
 495	2  45  38 
 495	6  28  21 
 499	2  26  10 
 497	6  45  31 
 501	2  20  34 
 501	2  10  17 
 503	2  34  51 
 503	2  16  17 
 503	2  31  14 
 503	6  53  46 
 505	2  26  41 
 507	2  11  25 
 505	6  31  14 
 509	2  28  43 
 509	6  17   3 
 511	2  46  30 
 513	2  47  31 
 511	6  51  41 
 515	2  13   3 
 513	6  45  36 
 517	2  52  51 
 515	6  19  18 
 519	2  51  50 
 519	2  34  36 
 515	6  24  16 
 515	6  31  30 
 517	6  12   4 
 521	2  52  59 
 521	2  25  34 
 521	6  38  28 
 521	6  18  10 
 521	6  50  49 
 523	6  33  24 
 527	2  28  35 
 523	6  59  52 
 527	6  26  18 
 529	2  35  44 
 531	2  35  36 
 527	6  22  12 
 529	6  41  24 
 533	2   3  27 
 529	6  58  56 
 531	6  52  46 
 535	2  24  26 
 535	6  21   3 
 537	2  49  33 
 537	6  60  43 
 541	2  24  10 
 541	2  22  46 
 539	6  56  48 
 543	2  22  12 
 543	2  27  43 
 543	6  17  10 
 545	2  34  28 
 547	2  34  36 
 543	6  62  60 
 543	6  46  38 
 545	6  12   4 
 549	2  41  17 
 549	6  38  22 
 551	2  41  42 
 551	2  27  18 
 553	2  17  32 
 549	6  60  59 
 549	6  53  44 
 551	6   4   2 
 555	2  41  59 
 555	6  37  27 
 557	2  24  48 
 555	6  47  31 
 555	6  15  14 
 557	6  61  59 
 561	2  26  27 
 561	2   4  22 
 557	6  10   1 
 559	6  49  42 
 563	2  61  47 
 559	6  33  32 
 561	6  44  37 
 563	6  18   4 
 567	2  38  52 
 565	6  42  33 
 569	2  62  52 
 569	2  38  31 
 569	6  17  11 
 571	2  21  37 
 569	6  35  27 
 571	6  61  52 
 575	2  33  17 
 575	2  20  23 
 573	6  47  46 
 577	2  52  35 
 577	2  13  20 
 577	6  17   3 
 579	2  28  20 
 581	2  28  27 
 577	6  30  22 
 579	6  45  42 
 579	6  15   6 
 583	6  12  10 
 585	2  45  30 
 585	6  43  34 
 585	6  61  60 
 587	6  46  29 
 591	2  34  10 
 589	6  13   6 
 593	2  35  17 
 591	6  60  52 
 595	2  17   3 
 595	2  20  27 
 593	6  45  38 
 595	6  42  34 
 599	2  29  12 
 597	6  17  10 
 585	6  48  40 
 593	6  40  32 
 599	6  54  47 
 603	2  10  13 
 599	6  52  44 
 599	6  32  24 
 601	6  38  30 
 605	2  15  13 
 601	6  42  35 
 605	6  24  10 
 607	2  35  53 
 609	2  62  53 
 599	6  49  48 
 607	6  30  15 
 607	6  49  41 
 609	6  51  35 
 613	2  30  47 
 611	6  25  18 
 615	2  15   5 
 615	2  30  31 
 615	2  60  51 
 615	6  35  27 
 617	2  13  10 
 615	6  47  45 
 617	6  41  24 
 621	2  19  22 
 621	6  45  37 
 623	2  10  24 
 625	2  27  25 
 623	6  22   5 
 627	6  35  17 
 627	6  53  46 
 629	6  23  21 
 633	2  44  35 
 629	6   5   4 
 633	6  24  10 
 635	2  37  22 
 635	2  35  34 
 637	2  22  46 
 637	6  35  34 
 639	2  10  12 
 641	2  29  19 
 639	6  61  47 
 643	2  18   4 
 643	6  35  28 
 645	2  10   4 
 643	6  22  14 
 645	6  47  38 
 649	2  27  21 
 645	6  45  44 
 651	2  31  28 
 651	6  42  25 
 653	6  22  12 
 647	6  10   1 
 653	6  36  27 
 653	6   9   2 
 657	6  32  25 
 659	2  22  38 
 657	6  43  42 
 659	6  11   5 
 663	2  37  43 
 663	6  41  32 
 665	2  26  12 
 667	2  28  43 
 665	6  38  30 
 669	2  10  12 
 669	6  41  35 
 671	2  12  19 
 669	6  25  24 
 671	6  30  14 
 675	2  10  27 
 675	6  44  42 
 677	2  10  11 
 679	2   3  19 
 675	6  24  16 
 677	6  29  22 
 681	2  17  11 
 681	6  43  40 
 683	2  28  29 
 683	2  14   4 
 683	6  16   1 
 687	2  28  35 
 685	6  31  13 
 689	2  37  44 
 689	2  19  26 
 689	6   2   1 
 691	2  28  25 
 691	6  22  14 
 695	2   2   3 
 693	6  36  33 
 697	2   3   6 
 699	2   9  27 
 699	6  45  30 
 701	2  18  42 
 703	6  27  10 
 699	6  15  14 
 705	6  38  22 
 709	2  35  27 
 709	2   2  10 
 709	6  20  12 
 711	2  16  10 
 711	2  29  36 
 713	2  42  45 
 713	2   2  17 
 711	6  22  14 
 715	2  35  20 
 715	6  18   9 
 717	2   3  13 
 715	6  48  41 
 715	6  38  37 
 717	6  28  27 
 717	6  31  23 
 719	6  12   5 
 723	2  28  22 
 721	6  45  43 
 725	2  12  22 
 721	6  33  17 
 727	2  37  45 
 727	2  43  34 
 727	6  14  11 
 727	6  40  24 
 727	6  60  52 
 727	6  39  31 
 729	6  42  35 
 733	2  22  14 
 733	2  10  11 
 729	6  37  29 
 733	6  32  16 
 735	2  14   6 
 735	2  28  46 
 737	2  14  29 
 735	6  52  43 
 739	2  18  21 
 737	6  46  39 
 739	6  41  33 
 743	2   5  29 
 741	6  16  10 
 741	6  43  35 
 745	6   6   4 
 747	2  43  46 
 745	6  21  20 
 747	6  24  18 
 749	6  43  37 
 753	2   4  18 
 755	2  35  11 
 757	2  35  18 
 757	6   5   3 
 759	2  43  25 
 741	6  61  60 
 749	6  49  40 
 749	6  60  53 
 755	6  53  46 
 761	6  46  28 
 763	2   3  10 
 761	6  40  25 
 765	6  11   3 
 761	6  51  42 
 767	6  33  27 
 751	6  22  15 
 767	6  47  45 
 763	6  14  13 
 767	6  17   9 
 769	6  30  14 
 773	2  27  20 
 771	6   4   3 
 775	2  27  45 
 773	6  50  40 
 777	2  45  47 
 777	2  19  10 
 773	6  24  16 
 775	6  21  14 
 779	2  11  25 
 779	2  38  45 
 779	6  61  51 
 781	2  38  36 
 781	2  12   9 
 783	2  10  28 
 781	6  33  32 
 785	2  44  20 
 783	6  47  31 
 787	2  33  27 
 783	6   6   5 
 785	6  10   9 
 789	2  44  62 
 789	2  20  22 
 789	6   5   4 
 791	2  42  25 
 791	2  22  21 
 793	2  31  30 
 793	2  19  16 
 791	6  62  46 
 795	2  20  23 
 793	6  51  44 
 797	2  31  39 
 793	6  34  33 
 795	6   6   5 
 799	2  36  50 
 797	6  19  10 
 797	6  54  53 
 799	6  31  22 
 803	2  37  19 
 801	6  13   5 
 805	2  31  45 
 801	6  34  25 
 805	6  28  19 
 807	2  22   6 
 807	6  61  45 
 807	6  25   9 
 807	6   4   3 
 809	6  21  13 
 813	2   9   3 
 809	6  31  15 
 811	6  35  27 
 815	2  37  22 
 813	6  61  51 
 817	2  19   3 
 817	2  37  45 
 817	6  23   6 
 819	2  19  34 
 819	6  53  37 
 815	6  17  16 
 821	6  27  17 
 821	6  11   3 
 821	6  51  43 
 825	6  30  21 
 825	6  46  45 
 827	6  26  11 
 831	2  28  37 
 823	6   6   5 
 827	6  50  42 
 827	6  32  16 
 831	6  54  52 
 833	2  37  27 
 835	2  11  13 
 833	6  41  32 
 837	2  45  35 
 837	2  11   5 
 839	2  26  43 
 839	2  46  30 
 839	6  20  12 
 841	2  37  52 
 843	2  46  31 
 839	6  14   5 
 841	6  35  27 
 845	2  23  31 
 841	6  50  41 
 845	6  52  45 
 847	2  21  18 
 847	6  55  39 
 851	2  52  50 
 849	6  27  21 
 853	2  41  50 
 853	6  54  38 
 855	2  21   5 
 855	6  51  41 
 859	2  38  14 
 859	6  62  61 
 861	2  20  44 
 863	2  36  18 
 861	6  31  15 
 865	2  54  51 
 863	6  12   5 
 867	2  51  61 
 867	2  22  38 
 865	6  25   9 
 869	2  61  52 
 867	6  35  28 
 869	6  38  31 
 873	2  61  43 
 869	6  14  12 
 875	2  25  43 
 875	6  29  14 
 877	2  43  52 
 879	2  18  42 
 875	6  62  55 
 881	2  44  29 
 881	2  18   9 
 881	6  58  48 
 883	2  45  28 
 885	2  19  37 
 881	6  62  61 
 881	6  14  13 
 881	6  33  25 
 883	6  16   9 
 887	2  44  58 
 887	2  19  12 
 887	6  34  33 
 889	2  36  29 
 889	2  19  11 
 891	2  22  28 
 887	6  54  47 
 889	6  60  50 
 891	6  11   9 
 895	2  34  44 
 895	2  61  60 
 887	6   6   5 
 893	6  47  30 
 895	6  58  50 
 899	2  27  45 
 897	6   5   2 
 901	2  45  42 
 899	6  31  23 
 903	2  42  26 
 901	6  28  20 
 905	2  43  46 
 903	6  61  60 
 907	2  11  29 
 905	6  23  14 
 909	2  11   2 
 909	2  27  35 
 905	6  25  24 
 907	6  58  41 
 911	2  11   3 
 911	2  27  17 
 909	6  53  38 
 913	2   2   9 
 911	6  14   5 
 915	2  58  60 
 915	2  30  28 
 913	6  34  25 
 917	2  51  53 
 917	2   2   5 
 917	6  36  30 
 919	6  18   4 
 923	2  60  44 
 919	6  50  42 
 923	6  30  29 
 925	2  25  18 
 925	6  52  35 
 925	6   5   3 
 931	2  35  18 
 931	6  20  13 
 933	2  18  10 
 933	2  36  34 
 935	2   9   3 
 935	6  42  36 
 915	6  55  47 
 921	6  47  46 
 929	6  46  30 
 931	6  59  58 
 935	6  32  25 
 935	6  30  22 
 937	6  12  10 
 935	6  55  46 
 937	6  59  52 
 941	6  35  25 
 941	6  37  29 
 941	6  55  54 
 947	2  20  36 
 947	6  26  24 
 949	2  12  20 
 951	2  12  22 
 947	6  61  47 
 953	2  36  35 
 953	2  46  22 
 953	6  18  17 
 955	2  22   6 
 955	2  45  28 
 957	2  28  44 
 957	6  15  13 
 959	2  35  26 
 961	2  37  34 
 963	2  29  35 
 963	6  14  12 
 965	2  35  18 
 963	6  54  52 
 967	6  35  28 
 967	6  50  42 
 969	6  54  38 
 973	2  28  12 
 967	6  18  10 
 969	6  23  22 
 969	6  52  44 
 975	2  38  20 
 975	6  43  33 
 977	2  29  47 
 979	2  46  47 
 979	2  13  10 
 981	2  42  28 
 981	2  45  46 
 983	2  45  37 
 981	6  22  13 
 985	2  44  34 
 981	6  18  11 
 983	6  47  39 
 987	6  26  12 
 987	6  54  45 
 989	6  31  30 
 993	2  13  12 
 993	6  44  26 
 995	2  30  13 
 997	2  13  15 
 999	2  39  21 
 999	2  18  26 
 999	6  53  43 
 999	6  32  16 
1001	6  29  12 
1001	6  27  26 
1001	6  23  14 
1005	6  50  32 
1007	2  45  29 
1009	2  11  29 
1009	6  61  54 
1011	2  15  29 
1013	2  30  44 
1011	6  24  10 
1015	2  38  53 
1013	6  20  13 
1017	2  11  10 
1017	2  59  53 
1017	2  39  38 
1015	6  42  35 
1019	6  46  29 
1021	2  59  43 
1019	6   6   3 
1019	6  31  23 
1023	6  35  26 
1025	2   3  10 
1025	2  54  46 
1027	2   3   5 
1027	2  39  46 
1023	6  59  52 
1017	6  32  16 
1023	6  49  32 
1025	6  23  22 
1029	2  53  50 
1029	2  26  11 
1031	2  20  36 
1031	2  26  10 
1031	6  47  23 
1033	2  50  43 
1033	2  28  11 
1035	2  33  50 
1035	2  28  10 
1037	2   5  21 
1037	2  54  47 
1037	2  33  51 
1037	6  38  37 
1039	2   5   4 
1039	6  52  35 
1039	6  22  20 
1041	6   5   4 
1045	2  60  36 
1043	6  47  39 
1047	2  37  35 
1047	2  11  20 
1047	6  22   5 
1049	2  35  49 
1051	2  27  45 
1037	6  16   9 
1047	6  60  59 
1049	6  10   9 
1053	2  22  39 
1053	6  44  37 
1053	6  27  20 
1055	6  61  47 
1059	2  29  19 
1061	2  21  37 
1061	2  61  52 
1061	6  18   3 
1063	2  44  60 
1063	2  29  30 
1065	2  53  60 
1065	2  47  37 
1063	6  20  13 
1043	6  24  16 
1051	6  33  24 
1057	6  16   8 
1063	6   8   1 
1067	6  45  31 
1069	2  13  14 
1067	6  50  34 
1067	6  11  10 
1071	6  13   6 
1073	2  53  45 
1073	2  35  19 
1075	2  53  62 
1073	6   2   1 
1077	2  20  36 
1073	6  60  59 
1075	6  25  18 
1079	2   4  20 
1075	6  46  38 
1079	6  59  43 
1081	2  20  18 
1083	2   4   2 
1077	6  22  14 
1083	6  46  29 
1085	2  43  25 
1085	6   3   1 
1089	2  34  36 
1089	6  20  13 
1091	2  34  17 
1093	2  36  42 
1087	6  60  52 
1089	6  54  39 
1093	6  17   2 
1095	2  45  21 
1095	6  39  31 
1099	2  14  11 
1097	6  45  35 
1101	2   4  14 
1101	6  10   2 
1103	2  36  33 
1103	6  31  14 
1107	2  35  17 
1105	6  52  45 
1109	2  20  10 
1109	6  26  25 
1111	2  11  29 
1111	6  46  39 
1115	2  20  27 
1113	6  14   4 
1117	2  27   9 
1117	6  45  38 
1119	2  20  12 
1121	2  13  12 
1119	6  35  17 
1123	2   5  12 
1123	6  38  23 
1125	2  12   4 
1127	2   4   2 
1105	6  49  41 
1125	6  28  26 
1129	2   5  23 
1111	6  59  50 
1125	6  50  43 
1131	2  21  28 
1131	6  11   5 
1131	6  46  44 
1131	6  41  25 
1131	6  31  23 
1133	6  29  21 
1137	2  44  35 
1137	2  11  25 
1137	6  46  31 
1139	2  12   6 
1139	6  27  18 
1143	2  21   3 
1143	2  44  46 
1141	6  15   6 
1145	2  37  27 
1145	6  12  10 
1145	6  54  47 
1147	6  37  27 
1147	6  23   6 
1117	6  61  60 
1145	6  60  52 
1151	6  61  55 
1153	2  37  23 
1153	2   4  18 
1155	2  27   3 
1155	6  30  15 
1155	6  45  44 
1157	6   4   1 
1161	2  29  43 
1161	6  47  39 
1163	2   5  15 
1165	2  12  22 
1163	6  44  26 
1167	2  39  22 
1169	2  26  19 
1169	2  14   5 
1169	6  47  44 
1171	2  14  20 
1173	2   6  12 
1175	2  26  44 
1175	2  20  29 
1175	6  14   4 
1175	6  55  39 
1175	6  59  50 
1177	6  35  33 
1181	2  14  15 
1177	6  53  52 
1183	2  39  23 
1183	6  50  36 
1183	6  12   6 
1185	6  54  39 
1185	6  23  22 
1189	6  36  12 
1191	6  62  47 
1195	2  14  12 
1195	6  35  29 
1195	6  25  18 
1197	6  47  39 
1201	2  22  29 
1197	6  13  12 
1197	6  54  45 
1201	6  19  18 
1203	2  45  51 
1203	2  14  31 
1205	2  51  43 
1205	2  14  23 
1205	6  54  38 
1207	2  42  43 
1207	6  20  10 
1211	2  23  38 
1201	6  33  24 
1207	6  33  26 
1209	6  43  36 
1213	6  31  13 
1215	2  43  53 
1217	6  44  26 
1219	2  31  39 
1219	6  21   3 
1223	2  39  46 
1223	6  35  33 
1225	2  31  21 
1225	6  18  11 
1229	2  42  28 
1225	6  46  45 
1227	6  22  13 
1231	6  37  35 
1233	6  14  11 
1237	6  46  36 
1239	6  23  14 
1243	2  29  19 
1243	6  52  45 
1245	2  22  39 
1247	2  22  13 
1247	2  39  55 
1243	6  35  34 
1229	6  25  24 
1239	6  17   9 
1245	6  19   9 
1249	2  37  31 
1249	6  62  59 
1251	2  30  27 
1253	2  26  12 
1253	2  39  23 
1253	6  45  37 
1255	2  30  21 
1255	2  26  25 
1257	2  33  25 
1255	6  59  49 
1259	2  37  13 
1259	6  25  10 
1261	2  45  51 
1263	2  51  35 
1261	6  31  13 
1265	2  33  18 
1261	6  49  48 
1263	6  53  45 
1267	2  35  29 
1267	6  23  14 
1269	2  20  38 
1269	2  51  41 
1271	2  38  44 
1267	6  10   3 
1269	6  26  25 
1273	2  13  29 
1273	2  44  42 
1271	6  61  60 
1275	2  13  19 
1273	6  39  23 
1277	2  35  17 
1277	6  13   3 
1279	2  37  52 
1279	2  24  17 
1281	2  24  48 
1281	2  39  46 
1279	6  27  19 
1283	2  29  14 
1281	6  52  43 
1285	2  13  14 
1281	6  62  61 
1283	6  39  31 
1287	2  45  27 
1287	6  62  55 
1289	2  26  43 
1291	2  14  20 
1291	2  44  41 
1293	2  39  55 
1293	6  36  12 
1291	6  26  18 
1293	6  61  59 
1293	6  23  15 
1295	6  55  39 
1299	2  36  43 
1299	2  11  12 
1297	6  25   9 
1301	2  39  21 
1303	2  45  62 
1303	2  39  47 
1303	6  27  12 
1305	2  62  47 
1303	6  30  23 
1303	6  33  25 
1307	6  47  45 
1309	2  12   5 
1309	6  33  27 
1299	6  59  57 
1305	6  57  51 
1309	6  30  29 
1309	6   3   2 
1311	6  14   5 
1315	2  36  34 
1313	6  46  39 
1317	2  34  26 
1317	2  21   3 
1319	2  45  27 
1319	6  31  14 
1321	2  26  50 
1323	2  50  51 
1323	2  17   3 
1321	6  37  29 
1325	2  31  39 
1325	2  50  33 
1321	6  53  46 
1325	6  19   5 
1327	2  45  43 
1329	6  53  43 
1331	2  19  25 
1331	6  30   6 
1335	2  51  33 
1333	6  19  10 
1337	6  44  30 
1337	6   6   4 
1339	6  17  10 
1343	2  51  44 
1327	6  55  47 
1339	6  27  19 
1337	6  48  33 
1343	6  47  30 
1345	2   4  10 
1345	6  35  33 
1343	6  14   6 
1345	6  52  51 
1347	6  12  10 
1351	2  29  27 
1349	6  23  14 
1353	2  42  27 
1351	6  52  45 
1355	2  42  28 
1353	6  17   1 
1357	2  35  28 
1353	6  11   4 
1355	6  31  14 
1359	2  28  19 
1357	6  48  32 
1361	2  12  30 
1359	6  44  42 
1363	2  30  38 
1363	2  12   2 
1361	6  18  17 
1365	2  29  45 
1363	6  32  24 
1367	2  53  38 
1367	2  42  27 
1363	6  15  14 
1365	6  12   5 
1369	2  34  37 
1369	6  24  16 
1371	2  19  37 
1371	2  34  43 
1373	2  37  39 
1373	2  34  42 
1373	6  13  10 
1375	2  46  39 
1377	2  46  36 
1375	6  42  33 
1379	2  29  13 
1379	6  46  39 
1381	2  34  10 
1381	2  30  22 
1383	2  33  25 
1383	2  11  27 
1379	6  53  52 
1383	6  22  14 
1383	6  16   9 
1383	6  37  29 
1383	6  43  42 
1385	6  27  12 
1389	2  39  23 
1389	6  52  43 
1391	2  11   9 
1389	6  45  37 
1391	6  47  31 
1395	2  45  52 
1395	2  35  27 
1393	6   4   1 
1397	2  37  47 
1397	6  43  27 
1399	2   4  13 
1401	2  37  22 
1399	6  54  47 
1403	2  27  18 
1403	2  43  41 
1403	2  13  29 
1405	2  53  35 
1405	6  15  12 
1407	2  53  54 
1407	6  36  26 
1393	6  24  16 
1405	6  32  24 
1409	6  53  46 
1413	2  12  18 
1411	6  41  32 
1415	2  53  36 
1411	6  31  22 
1415	6  19  12 
1415	6  10   2 
1417	6  53  43 
1421	2  12  22 
1423	2  43  41 
1423	2  54  53 
1423	6  26  20 
1423	6  23   6 
1425	6  52  43 
1429	2  26  41 
1429	2  12   6 
1425	6  62  46 
1429	6  30  23 
1431	2  26  28 
1431	2  62  52 
1433	2  19  43 
1431	6   6   5 
1435	2  20  28 
1433	6  33  25 
1435	6  42  35 
1435	6  53  39 
1421	6   2   1 
1435	6  11   2 
1437	6   5   4 
1441	2  18  36 
1439	6  33  32 
1441	6  39  23 
1445	2  43  33 
1441	6  62  55 
1443	6  29  19 
1443	6   4   2 
1447	6  43  41 
1449	2  29  46 
1447	6  25  17 
1449	6  11   5 
1451	6  46  29 
1455	2  17   2 
1453	6  52  43 
1457	2  19  29 
1453	6  34  33 
1455	6  15   6 
1459	2  35  21 
1457	6  24  17 
1461	2  20  21 
1461	2  35  42 
1457	6  55  39 
1459	6  52  45 
1463	2  21  31 
1457	6   2   1 
1463	6  17   3 
1465	2  45  30 
1467	2  31  23 
1463	6  42  34 
1467	6  44  28 
1469	2  34  17 
1469	2  23   5 
1471	2  39  31 
1363	6  58  57 
1435	6  59  58 
1465	6  60  59 
1469	6  11   2 
1473	2  29  14 
1471	6  34  17 
1475	2  12  28 
1475	2   6  14 
1471	6  61  60 
1473	6  51  44 
1477	2  22  28 
1477	6  61  46 
1479	2  34  50 
1479	2   6   3 
1477	6  40  24 
1479	6  30  29 
1483	2  34  44 
1481	6  12  10 
1485	2  43  40 
1483	6  62  47 
1487	2  29  11 
1485	6  26  25 
1489	2  12  36 
1487	6  50  42 
1491	2  22  46 
1491	6  25  11 
1493	6  50  36 
1497	2  25  32 
1493	6  47  23 
1497	6  11   5 
1499	2  38  36 
1499	6  53  51 
1503	2  29  26 
1499	6  23  15 
1505	2  28  26 
1505	2  53  46 
1505	6  23  13 
1507	2  42  26 
1505	6  32  16 
1505	6  11  10 
1507	6  46  36 
1511	2  12  15 
1509	6  42  26 
1513	2  39  23 
1511	6  16   1 
1513	6  13  11 
1513	6  36  29 
1515	6  42  41 
1519	2  26  10 
1513	6  55  54 
1519	6  29   5 
1521	6  34  18 
1525	6   5   3 
1527	2  43  34 
1529	2  42  36 
1525	6  46  30 
1531	2   1  11 
1531	2  42  51 
1531	2  36  54 
1531	6  30  21 
1533	2   3   9 
1533	2  51  53 
1531	6  33  25 
1533	6  27  19 
1537	2  51  33 
1535	6   9   2 
1539	2  27  44 
1537	6  21   5 
1541	2  33   9 
1541	6  44  37 
1535	6  61  54 
1541	6  54  39 
1543	6   5   2 
1547	2  33  35 
1547	6  55  45 
1549	2  10   2 
1551	2  10  34 
1547	6  31  23 
1553	2  21  37 
1553	2   1   2 
1553	6  50  34 
1555	2  21  15 
1557	2  39  21 
1547	6  61  60 
1553	6  60  52 
1555	6  17   2 
1559	2  21  38 
1559	6  52  50 
1561	2  11  28 
1563	2  17  27 
1563	2  15   5 
1561	6  39  38 
1565	2  11  18 
1565	6  28  22 
1567	2  34  18 
1567	2  12   5 
1565	6  54  52 
1569	6  18  17 
1571	2  38  44 
1573	2  38  55 
1569	6  11   2 
1553	6  40  32 
1565	6  50  49 
1569	6  33  32 
1571	6  22  13 
1575	2  18  28 
1575	2  54  47 
1573	6  43  42 
1577	2  21  37 
1577	2  27  11 
1575	6  49  40 
1579	2  53  29 
1577	6  47  39 
1581	2  36  20 
1577	6  24  17 
1581	6  42  41 
1583	2   5  23 
1585	2   5  14 
1583	6  46  36 
1587	2  24  40 
1581	6  60  51 
1583	6  18  10 
1587	6  22  12 
1589	2  34  36 
1589	6  53  46 
1593	2  28  42 
1593	6  10   4 
1595	2  22  39 
1595	6  45  43 
1599	2  22  20 
1599	6  25  10 
1601	2  45  30 
1601	6  15  13 
1605	2  42  25 
1603	6  37  28 
1603	6  31  30 
1607	6  43  25 
1603	6  47  46 
1605	6  11   3 
1607	6  21  13 
1609	6  46  37 
1613	2  18  25 
1609	6  31  15 
1613	6  21  12 
1615	2   1  25 
1615	2  46  39 
1617	2  27  33 
1613	6  44  43 
1617	6  47  38 
1619	2  18  11 
1621	2  10  28 
1619	6  42  32 
1623	2  38  21 
1623	6  27  11 
1625	2  32  16 
1615	6  23  15 
1621	6  15   6 
1623	6  55  53 
1625	6  51  42 
1629	2  37  27 
1627	6  17   9 
1631	2  37  53 
1627	6  22  14 
1629	6  12  11 
1633	2  26  29 
1633	6  53  51 
1635	2  36  19 
1637	2  36  35 
1635	6  25  17 
1639	2  35  42 
1635	6  39  22 
1637	6  19  10 
1641	2  44  30 
1627	6  40  32 
1641	6  34  25 
1643	6  29  15 
1647	2  34  51 
1643	6  18  10 
1643	6  46  39 
1647	6  32  24 
1649	2  19  43 
1651	2  26  20 
1651	2  44  46 
1653	2  25  11 
1653	6  36  29 
1655	2  26  42 
1655	6  32  16 
1659	2  27   3 
1661	2  34  36 
1661	2   3   6 
1661	6  21  20 
1663	6  35  32 
1663	6  38  23 
1669	2  35  36 
1669	6  26  18 
1669	6  42  33 
1669	6  24  16 
1675	2  43  26 
1677	2  35  38 
1675	6  11   9 
1679	2  36  42 
1679	2  46  38 
1681	2  28  31 
1683	2  17  20 
1683	2  15  31 
1685	2  26   9 
1687	2   9  33 
1687	2  30  20 
1689	2  19  16 
