   1	6  49  47 
   1	2  18  11 
   3	2   2  13 
   5	2   5  22 
   7	6  66  40 
   1	6  62  61 
   3	6  29  28 
   1	6  35   8 
   7	6   8   7 
   5	6  11   1 
   7	6  25  14 
  13	6  67  42 
  13	2  12  29 
  15	2  12  14 
   1	6  80  79 
  19	6  61  49 
  19	6  42  33 
  19	6  77  68 
  19	6  35  26 
   1	6  45  36 
  19	2  45  74 
  11	6  10   0 
  19	6  14  11 
  25	6  22  11 
  25	2  68  67 
  25	2  51  25 
  27	2  67  58 
  29	2  68  42 
  31	6  59  51 
  31	2   7  14 
  31	2  18  47 
  33	2  25   4 
  35	2  14  17 
  33	2  29  56 
  35	2  20  40 
  37	6  42  26 
  37	6  67  55 
  31	6  79  78 
  37	6   4   0 
  37	6  79  62 
  43	6  51  15 
  43	2  18   0 
  37	6  39  29 
  45	6  18   0 
  49	2  35  26 
  49	2  14  50 
  43	6  74  45 
  43	6  78  77 
  49	6  55  37 
  51	2  58  67 
  51	2  12  33 
  55	2  37  10 
  53	2  35  62 
  57	2  50  21 
  59	2  62  78 
  59	2  45  18 
  55	2  25  16 
  61	2  45  29 
  63	2  39  42 
  59	2  13  15 
  49	6  75  74 
  57	6  35  26 
  65	6  33   7 
  65	6  49  39 
  55	6  73  65 
  61	6  75  68 
  67	2  75  63 
  61	6  79  70 
  61	6  13   3 
  67	2   3  19 
  71	6  26   6 
  71	2  59  65 
  73	2  68  52 
  75	2  68  70 
  73	6  48  40 
  77	2   6   4 
  77	2  62  52 
  77	2  21  23 
  73	6  56  55 
  69	6  36   9 
  75	6   9   1 
  79	2  48  77 
  79	2  21  22 
  79	6  73  54 
  81	2   5   1 
  81	2  48  69 
  83	2  40  22 
  77	6  26  25 
  83	6  68  53 
  89	2  51  77 
  85	2  20   1 
  87	2  30  23 
  89	2  30  31 
  85	6  74  73 
  83	6  26  16 
  91	6  35  31 
  91	2  77  74 
  93	2  68  74 
  85	6  46  37 
  97	6  17   5 
  97	2  67  63 
  99	2  67  41 
  95	6  70  62 
 101	6  79  61 
 103	2  11  37 
 105	2  11   5 
 107	6  41  13 
 107	2   9  37 
 107	6  61  52 
  99	6  72  64 
 101	6  68  66 
 107	2  66  64 
 109	2  66  73 
 107	6  69  68 
 103	6  35  17 
 109	6  36   9 
 113	2  40  43 
 109	6  29  20 
 109	6  16   8 
 111	6  75  73 
 115	2   5  20 
 115	2  59  41 
 111	6  57  56 
 115	6  53  35 
 121	2  26  62 
 123	2  53  69 
 117	2  30   4 
 117	2  36  54 
 119	2  31  19 
 121	2  19  13 
 121	2  40  41 
 119	6  54  47 
 117	6  66  65 
 123	6  16  12 
 125	2  57  68 
 125	2  62  71 
 127	2  66  60 
 123	6  18   9 
 129	6  13   1 
 129	2  66  76 
 131	2  78  75 
 129	6  27  18 
 129	6  64  55 
 125	6  39  38 
 129	6  44  17 
 129	6  51  50 
 135	6  42  40 
 135	2  20  12 
 137	2  12  15 
 133	6  80  76 
 135	6   9   0 
 135	6  35  26 
 135	6  46  27 
 139	6   7   4 
 141	2  60  44 
 143	2  60  76 
 139	6  79  71 
 141	6  40  29 
 145	2  15  34 
 141	6  18  10 
 145	6  74  63 
 147	2  40  52 
 149	2  12  39 
 149	2  52  34 
 151	6  33  22 
 151	6  58  48 
 157	6  39  23 
 145	6  79  77 
 151	6  76  65 
 151	6  69  60 
 147	6  17   7 
 151	6  80  53 
 153	6  26  17 
 157	6  78  67 
 153	6   7   6 
 147	6  36  18 
 157	6  51  44 
 163	6  77  58 
 163	2  23  43 
 165	2  23  24 
 167	2  34  53 
 163	2  63  36 
 165	2  55  29 
 167	2  22  28 
 159	6  16   7 
 169	6  29  10 
 169	2  57  32 
 171	2  52  26 
 173	2  24  53 
 169	6  12   4 
 171	6  56  49 
 175	2  44  25 
 175	2  22  29 
 177	2  57  46 
 175	2  10   1 
 179	2   2  38 
 177	2  35  60 
 181	2  58  47 
 183	2  24  49 
 181	2   2  12 
 185	6  43  16 
 185	2  39  46 
 187	2  48  29 
 189	2  29  49 
 181	6  10   9 
 185	6  22  13 
 179	6  70  69 
 185	6  75  66 
 187	6  46  36 
 191	2  61  60 
 191	2  41  49 
 193	6  65  39 
 193	6  36  27 
 191	6   6   2 
 193	6  68  60 
 191	6  53  43 
 197	6   5   1 
 199	2  39  37 
 203	2   2  27 
 205	2  50  38 
 207	6  64  28 
 207	2  50  32 
 213	2  58  38 
 209	2  32  25 
 211	6  24  17 
 215	2   2  28 
 215	2  67  64 
 203	6   6   5 
 193	6  71  70 
 199	6  70  53 
 205	6  53  44 
 211	6  53  52 
 217	6  75  68 
 217	2  43  31 
 219	2   1  37 
 223	2  70  68 
 221	2  64  54 
 219	2  43  26 
 221	2  28  47 
 223	2  37  11 
 219	6  50  49 
 219	6  32  24 
 221	6  44  26 
 225	2   1   5 
 225	2  40  69 
 225	2  54  74 
 227	6  51  47 
 233	6  59  55 
 227	6  31  22 
 227	6   6   2 
 233	2   6  26 
 235	2  16  26 
 239	6  39  22 
 239	2  52  51 
 227	6  27  18 
 233	6  19   0 
 239	6  11   1 
 235	6  34  33 
 239	6  77  70 
 239	6  55  27 
 245	6  37  12 
 245	6  76  51 
 245	6  73  64 
 241	6  25  15 
 251	6  49  30 
 251	2  52  24 
 253	2  52  35 
 253	2  24  33 
 255	2  33  25 
 251	2  27  10 
 251	2  47  46 
 251	6   4   3 
 251	6  77  74 
 253	6  27  19 
 257	2  24  42 
 257	2  76  56 
 259	2  76  79 
 259	2  27  47 
 261	2  47  38 
 259	2  12  32 
 261	2  32  41 
 261	2  19   3 
 257	6  35  26 
 257	6  60  59 
 261	6  75  73 
 267	2  74  55 
 263	2  11  30 
 269	2  47  36 
 263	2  60  35 
 265	2  22  15 
 267	2  10  22 
 265	2  80  60 
 267	2  60  58 
 269	2  59  31 
 265	6  43  34 
 267	6  80  71 
 271	2  52  24 
 271	2  39  45 
 273	6  42  33 
 273	2  66  37 
 275	2  39  66 
 277	2  74  57 
 269	6  11   4 
 279	6  41  32 
 279	2  19  46 
 273	6  44  26 
 281	6  20  13 
 285	2  42  70 
 279	6  26   7 
 287	6  19   2 
 287	2  58  51 
 289	2  51  66 
 291	2  68  49 
 291	2  71  43 
 281	6  46  36 
 293	6  67  51 
 287	6  31  30 
 293	6  78  70 
 287	6  15  13 
 293	2  10  13 
 295	2  13  30 
 293	6  34  26 
 291	6  64  46 
 297	2  27  46 
 293	6   7   6 
 297	6  74  64 
 299	2  29  46 
 299	2  41  51 
 301	2  31  25 
 303	2  49  75 
 301	2  27  28 
 303	2  24   4 
 305	6  57  28 
 305	2  44  51 
 307	2  26  15 
 309	2  25  15 
 299	6  70  69 
 305	6  78  77 
 307	6  71  52 
 311	2  24  25 
 311	2  77  74 
 313	6  42  16 
 309	6   5   4 
 311	6  38  18 
 319	6  39  19 
 319	2  52  34 
 319	6  23   6 
 325	6  44  40 
 325	6  18  10 
 315	6   4   3 
 317	6  46  36 
 313	6  77  74 
 325	6  15   6 
 319	6  74  64 
 319	6  77  69 
 325	6  77  74 
 331	6  10   3 
 331	2  64  38 
 331	2  69  42 
 333	2  32  38 
 335	2  32  15 
 335	2  57  74 
 337	6  43  41 
 337	2  36  10 
 337	2  57  48 
 339	2  74  66 
 333	6  68  60 
 341	2  68  56 
 339	6  28  11 
 343	2  60  50 
 343	2  44  15 
 343	6  74  57 
 345	2  29  23 
 347	2  23  20 
 345	2  44  53 
 345	6  61  60 
 349	2  57  28 
 347	6  53  43 
 351	2  29  65 
 349	6  14   4 
 353	2  43  42 
 353	2  58  37 
 347	6  35  26 
 353	6  26   7 
 355	2  42  22 
 357	2  22  14 
 355	2  49  59 
 359	2   7   3 
 361	2  13  34 
 363	2  31  48 
 357	2  67  65 
 355	6  46  36 
 357	6  60  50 
 363	2  60  75 
 361	6  45  18 
 365	2  60  62 
 365	6  43  33 
 367	2  38  65 
 369	2  56  39 
 363	6   7   4 
 367	6  18  10 
 371	2  39  51 
 373	6  50  29 
 369	6  13   3 
 379	6  31  12 
 385	2   4  10 
 385	2  39  54 
 367	6  80  78 
 369	6  26   7 
 375	6  62  44 
 381	6  44  25 
 379	6  59  51 
 373	6  78  76 
 379	6  76  66 
 385	6  51  42 
 387	2   4   7 
 387	2  39  31 
 391	2  13  42 
 393	2  50  51 
 393	2  20  29 
 393	2  14  25 
 387	2  75  54 
 387	2  10   9 
 393	2  31  32 
 389	6  27  18 
 389	6  66  46 
 389	6  73  63 
 381	6  78  70 
 389	6  10   1 
 387	6  80  79 
 393	6  71  53 
 395	2  48  27 
 397	2  29   0 
 399	2  29  46 
 399	2  61  44 
 395	6  64  63 
 395	6  15   4 
 395	6  33  32 
 397	6  68  66 
 401	2  32  28 
 403	6  22   7 
 403	2  52  68 
 405	2  77  59 
 403	2  28  36 
 407	2  59  76 
 403	6  64  47 
 405	6  27  10 
 409	2  40  55 
 409	2   6  25 
 411	6  47  31 
 411	2  59  69 
 417	2  27  46 
 419	2  41  37 
 411	6  17  16 
 421	2  39  19 
 413	6  79  76 
 417	6  16   5 
 421	6  44  34 
 423	2  50  70 
 425	2  70  69 
 423	2  46  21 
 425	2  37  54 
 425	2  41  21 
 419	6  76  66 
 423	6   9   1 
 427	2  20  31 
 427	2  47  58 
 427	6  70  43 
 429	2  20  48 
 431	2  39  75 
 427	6  36  27 
 423	6  24  15 
 429	6  14  13 
 433	2  77  58 
 435	2  43  14 
 437	2  31   5 
 435	2  77  56 
 433	2   0  11 
 439	2   5   1 
 441	2  20   3 
 443	2   0   4 
 443	2  49  37 
 445	6  48  36 
 445	2   5  11 
 447	2   3  11 
 449	2   2  14 
 451	6  39  22 
 437	6  35  26 
 451	6  46  28 
 437	6  74  73 
 437	6  77  70 
 443	6  52  35 
 451	6   5   3 
 443	6  76  74 
 443	6  80  70 
 449	6  69  52 
 451	6  58  57 
 443	6  17   8 
 449	6  26  25 
 455	6  44  17 
 457	2  48  66 
 457	2  10   4 
 459	2  78  66 
 459	2   2  13 
 459	6  40  30 
 461	2  78  77 
 461	2  57  65 
 463	2  66  70 
 461	2   5  25 
 465	6  21  14 
 465	2  77  76 
 467	2  76  69 
 465	2  53  41 
 469	2  70  44 
 461	6   2   1 
 459	6  37  27 
 463	6  17   7 
 465	6  56  37 
 471	6  44  32 
 471	2   1  28 
 467	6  58  49 
 471	6   7   5 
 471	6  69  68 
 473	6  36  11 
 477	2  53  60 
 477	2  14  32 
 473	6  56  48 
 465	6  74  73 
 479	6  69  59 
 479	2  31  42 
 479	2   2   5 
 485	2  52  24 
 479	2  36  38 
 487	2  61  60 
 481	2  11   2 
 481	2   4   5 
 487	2  34  31 
 479	6  57  55 
 483	6  11   4 
 485	6  57  47 
 489	2   4   6 
 489	2  61  42 
 485	6  68  67 
 489	6  30  10 
 491	2  60  66 
 495	2  30  41 
 497	2  50  42 
 497	2  38  63 
 499	2  38  12 
 501	6   6   3 
 501	2  76  40 
 503	2  67  40 
 505	2  67  48 
 499	6  64  63 
 489	6  26  17 
 495	6  34  25 
 503	6  43  26 
 507	2  67  74 
 507	2  10   3 
 509	2  21  37 
 509	2  74  64 
 511	6  70  41 
 511	2   3  18 
 513	2   5  13 
 511	6  64  46 
 509	6  67  57 
 509	6  16  15 
 515	6  17   5 
 517	2  51  48 
 519	2  47  39 
 519	2  51  43 
 517	6  54  36 
 521	2  34  49 
 517	6  21   2 
 517	6  74  73 
 523	6  79  76 
 523	2  20  41 
 529	2  49  24 
 525	6  36  11 
 529	6  71  53 
 531	2  10  14 
 535	2  44  43 
 533	2  39  32 
 535	2  13  31 
 535	2  36  47 
 523	6  73  63 
 531	6  59  50 
 529	6  76  74 
 533	6  20  10 
 537	2  56  41 
 539	6  57  28 
 537	6  14  13 
 537	6  53  35 
 535	6  77  69 
 543	6  79  43 
 545	2  56  74 
 547	2  54  48 
 549	6  61  34 
 555	2  44  69 
 549	2  56  47 
 549	2  28  12 
 555	2  41  23 
 547	6  74  73 
 551	6  47  20 
 549	6  63  54 
 553	6  75  74 
 557	2  53  69 
 557	2  30  15 
 559	6  26   8 
 559	2  79  75 
 559	2  15   5 
 561	2  50  21 
 563	2  57  75 
 565	2  57  45 
 563	2   5  11 
 563	2  53  43 
 565	2  11  19 
 565	2  17  42 
 567	6  54  37 
 567	2  50  40 
 569	2  58  48 
 567	2  26  43 
 573	2  47  73 
 575	2  47  48 
 575	2  61  76 
 567	2  11  21 
 569	6  22  13 
 565	6   1   0 
 571	6   2   1 
 567	6  15   5 
 569	6  20  18 
 569	6  35  33 
 575	2  15  33 
 577	6  75  48 
 577	2  26  62 
 575	6  72  54 
 575	6  27  18 
 575	6  31  22 
 581	6  21  20 
 583	2  47  56 
 583	2  26  32 
 585	2  43  40 
 583	2  72  76 
 577	6   4   2 
 581	6  28  18 
 585	6  72  55 
 591	2  46  31 
 587	2  58  66 
 585	6  15   5 
 587	6  62  35 
 587	6   9   2 
 585	6  78  69 
 593	6  68  62 
 593	2  28  32 
 595	2  28  64 
 597	2  33  21 
 599	6  23   6 
 599	2  64  68 
 601	2  55  28 
 603	2  37  19 
 603	2  49  65 
 599	6  35  25 
 599	6  12   2 
 601	6  70  52 
 605	2  48  27 
 605	6  24  22 
 607	2  68  74 
 605	6   5   3 
 593	6  17   8 
 605	6  17   7 
 607	6  44  43 
 611	2   4  40 
 607	6  45  18 
 609	6  67  66 
 613	2  32  52 
 613	2   4   6 
 607	6  80  79 
 613	6  28  20 
 615	2  33  69 
 617	2  76  69 
 613	6  64  47 
 615	6   7   6 
 619	2  20   3 
 619	2  69  65 
 621	6   6   2 
 627	2   4  12 
 621	2  45  74 
 629	2  21  25 
 631	2   7  25 
 631	2  22  12 
 623	2  57  74 
 625	2  45  66 
 633	6  29  23 
 639	6  30  27 
 621	6  62  60 
 639	6  11  10 
 627	6  53  52 
 627	6  78  74 
 633	2  78  79 
 633	6  60  50 
 633	6  55  46 
 633	6  74  57 
 635	6  80  78 
 633	6  26   8 
 639	6  52  26 
 639	6  58  49 
 639	6  75  63 
 639	6   6   4 
 645	6  50  40 
 645	2  43  23 
 645	2  47  29 
 647	2  64  47 
 647	2   4  23 
 649	2  20   2 
 649	2  23  24 
 651	6  10   4 
 651	2  80  52 
 651	6  33  32 
 645	6   8   7 
 645	6  45  36 
 645	6  67  58 
 651	6  76  47 
 653	6  43  35 
 657	2  29  39 
 653	6  60  50 
 657	6  36  18 
 663	2  18   1 
 659	2  57  39 
 665	2  39  36 
 661	6  56  55 
 659	6  44  42 
 657	6  78  76 
 651	6  16   8 
 657	6  23   6 
 663	6  16   4 
 667	2  57  75 
 667	2  29  40 
 665	6  51  43 
 669	2  75  77 
 669	2  46  10 
 669	2  31  40 
 671	6  76  65 
 671	2  13  29 
 673	2  22  30 
 675	2  40  36 
 677	6  45  29 
 671	6  62  35 
 677	6  43  14 
 677	6  79  75 
 677	6  49  40 
 683	6  57  49 
 683	2  79  43 
 683	2   0  36 
 685	2   0   4 
 687	2  22  26 
 683	6  64  63 
 689	2  13  40 
 691	2  49  32 
 691	2   4  14 
 689	2  45  65 
 691	2  65  37 
 687	6   1   0 
 689	6  35  16 
 693	2  36  48 
 685	6  60  52 
 695	6  67  60 
 695	2  32   7 
 697	2  32  23 
 697	2   7   5 
 695	2  45  72 
 701	2  65  67 
 699	2  13  38 
 701	2  48  41 
 699	6  25   7 
 703	2  75  67 
 703	2  48  56 
 701	6  61  44 
 705	2  64  57 
 701	6  27  21 
 707	6  37  20 
 707	6  15   4 
 707	6  64  54 
 707	6  66  48 
 703	6  50  42 
 709	6  41  31 
 713	2  15  44 
 713	2  54  27 
 715	6  51  39 
 715	6  16  15 
 713	6   3   1 
 715	6  32  23 
 715	6  55  36 
 721	6  47  19 
 721	2  43  41 
 723	2  41  52 
 725	2  52  53 
 725	2  41  33 
 721	6  71  69 
 719	6  13   5 
 727	6  59  56 
 727	2  10  19 
 727	2   3  15 
 729	2  19  36 
 729	2  31  21 
 731	2  20  24 
 727	6  80  62 
 733	6  16   6 
 733	2  32  59 
 733	2  18  38 
 735	2  22  42 
 737	2  32  60 
 737	2  20  27 
 735	6  48  38 
 739	2  42  44 
 735	6   9   1 
 739	6  31  12 
 741	2  59  34 
 743	2  44  61 
 733	6  65  55 
 739	6  63  54 
 741	6  29  19 
 745	2  65  50 
 745	2  12   1 
 739	6   8   6 
 739	6  36  27 
 745	6  35  15 
 747	2  46  39 
 749	2  21  39 
 747	6  76  59 
 751	2  30  33 
 747	6  27   9 
 747	6  70  61 
 749	6  57  56 
 753	2  26  33 
 753	2  30   2 
 755	6  19   3 
 761	2  67  46 
 755	2  52  35 
 755	2  32  33 
 763	2  58  31 
 763	2  46  37 
 757	6  53  26 
 763	2  25  26 
 753	6  15  14 
 761	6   9   2 
 765	2  34  60 
 767	6  47  41 
 767	2  26  16 
 767	2   2   4 
 769	2  16   4 
 765	6  30  21 
 773	6  13  10 
 773	2  40  50 
 775	2  40  59 
 777	2  34  41 
 767	6  61  53 
 765	6  75  66 
 771	6  17  16 
 773	6  56  36 
 763	6  73  63 
 777	6  68  60 
 779	2  55  19 
 779	2  49  58 
 781	2  29  14 
 783	6  41  30 
 783	2  16  14 
 785	2  14   7 
 783	2  68  77 
 783	2  36  10 
 779	6  35  34 
 789	6  59  31 
 795	6  74  49 
 795	2  37  29 
 785	6  54  45 
 785	6  18  10 
 797	6  21  11 
 801	2  50  51 
 785	6  53  35 
 787	6  16   5 
 793	6   5   4 
 799	2   4   3 
 793	6  24  15 
 791	6  27  18 
 753	6  80  79 
 797	6  19  18 
 795	6  78  70 
 797	6  46  36 
 793	6  35   8 
 799	6  23   6 
 803	2  51  57 
 805	6   8   6 
 805	2  31  23 
 805	2  43  59 
 807	2  33  62 
 805	2  27  63 
 807	2  77  59 
 809	2  51  70 
 809	2  31   3 
 811	6  79  76 
 811	2   4  19 
 817	2  61  57 
 813	2   3   9 
 815	2  13   6 
 817	2  15   6 
 819	6  33   7 
 819	2  76  59 
 819	2  38  21 
 819	6  71  53 
 815	6  19   9 
 807	6  72  63 
 821	2  76  72 
 823	2  56  72 
 821	6  19  11 
 825	2  41  69 
 827	6  67  46 
 827	2  52  25 
 821	6  14  13 
 821	6  30  21 
 827	6  13  11 
 833	6  28   3 
 833	2  70  69 
 833	6  63  55 
 829	6  41  24 
 835	2  41  60 
 837	2  67  60 
 829	6  53  35 
 835	6  24  15 
 835	6  43  35 
 837	6  49  41 
 841	2   6   3 
 839	6  70  60 
 843	2  24  43 
 845	6  41  24 
 843	6  13   5 
 839	6  76  55 
 839	6  29  27 
 845	6  57  29 
 845	6  45  36 
 845	6  78  53 
 849	6   7   5 
 851	2  41  67 
 855	2   8   6 
 853	2  24  23 
 853	2  67  40 
 855	2  49  76 
 853	2  43  53 
 855	2  24  33 
 839	6  10   9 
 845	6   2   1 
 851	6  36  11 
 855	6  53  35 
 857	2  29   3 
 857	2  41  49 
 859	2  46  36 
 859	2   3  21 
 857	6  24   6 
 861	2  48  21 
 863	2   5  11 
 865	2  41  14 
 863	2  70  76 
 861	2  37  36 
 861	6  35  17 
 865	6  69  67 
 867	2  25   7 
 869	2  35  23 
 871	6  66  38 
 871	2  25  51 
 871	6  31  22 
 865	6   3   2 
 871	6   5   3 
 845	6  73  72 
 865	6  18   9 
 871	6  19  10 
 873	6  51  26 
 877	2  38  13 
 877	6  76  73 
 879	2  42  30 
 881	2  11  13 
 883	2  33  58 
 879	6   8   6 
 879	6  36  18 
 879	6  62  53 
 883	6   1   0 
 885	2  55  30 
 885	2  17   5 
 889	2   5   1 
 885	2  58  67 
 887	2  67  47 
 889	2  67  76 
 889	2  45  55 
 889	2  42  60 
 891	6  75  46 
 891	2  14  26 
 891	2  60  78 
 893	6  42  13 
 897	2  75  68 
 891	6  10   1 
 893	6  26  16 
 885	6  71  62 
 893	6  79  71 
 897	6  55  36 
 899	2   6  21 
 899	2  51  76 
 901	2  53  68 
 901	6  30  24 
 903	2  51  50 
 903	2  67  70 
 907	2  32  50 
 905	2  76  79 
 907	2  38  21 
 903	6  44  35 
 901	6   5   4 
 897	6  73  72 
 909	6  52  31 
 907	6  67  66 
 903	6  36  27 
 903	6  73  55 
 909	6  56  55 
 901	6   2   1 
 909	6  27  10 
 907	6  16   5 
 915	2  30  28 
 917	2  32  16 
 915	2  69  52 
 917	2  52  71 
 917	2  38  58 
 909	6  72  63 
 915	6  63  55 
 919	2  42  61 
 919	2  27  39 
 913	6  75  74 
 915	6  11   4 
 919	6  77  75 
 921	2   6   2 
 925	2  30  56 
 927	2  38  46 
 925	2  52  77 
 927	2  31  24 
 923	6  18   1 
 927	6  71  67 
 933	2  14  40 
 929	6  37  36 
 929	6  44  34 
 935	6  47  41 
 929	6   2   1 
 935	6  13   2 
 935	6  36  27 
 935	6  35  16 
 933	6  76  70 
 927	6  64  63 
 939	6  77  62 
 941	2  41  34 
 943	2  50  48 
 941	2   5  20 
 945	2  73  76 
 943	2  24  22 
 945	2  24  23 
 947	2   4  33 
 947	2  73  65 
 943	6  29  28 
 941	6  46  36 
 947	6  67  48 
 949	2  22  15 
 949	2  71  44 
 951	2  20  18 
 953	2  48  46 
 955	2  48  28 
 951	2  79  71 
 957	2  21  39 
 951	2  53  35 
 953	2  71  78 
 951	6  16  14 
 953	6  76  67 
 959	2  31  56 
 955	6  71  52 
 955	6  78  69 
 957	6  26   6 
 961	2  40  69 
 961	2  55  56 
 957	6  28  19 
 963	6  21  11 
 963	2  55  58 
 965	2  55  37 
 967	2  49  46 
 963	6   6   4 
 963	6  52  33 
 963	6  18   0 
 969	6  49  43 
 969	2  13  15 
 971	2  20  14 
 973	2  19   4 
 965	6  74  73 
 963	6  79  78 
 969	6  78  76 
 969	6  54  46 
 971	6  74  65 
 975	2  33  21 
 977	6  31  29 
 977	2  60  57 
 979	2  67  57 
 977	2  43  44 
 979	2  42  44 
 981	2  44  61 
 977	6   5   2 
 981	6  76  64 
 983	2   9  21 
 985	2  21  14 
 985	2   9  18 
 981	6  50  48 
 983	6  62  34 
 987	2  49  28 
 987	6  22   4 
 989	2  19  46 
 989	2  50  43 
 991	2  65  49 
 993	2  64  28 
 991	2  44  70 
 993	2  50  42 
 987	6  77  76 
 995	2   4  10 
 997	2  10   1 
 993	2  62  77 
 995	2  62  68 
 997	2  52  77 
 989	6  24  15 
 993	6  32  31 
 995	6  55  37 
 999	2  51  32 
1001	6  56  46 
1001	2  23  59 
1003	2  41  12 
1005	2  23  39 
1001	6  28  27 
1003	6  75  66 
1007	2  18  39 
 999	6  44  35 
1003	6  79  69 
1005	6  62  44 
1009	2   5  32 
1009	2  55  76 
1009	6  20   9 
1011	2  24  49 
1013	2   5  34 
1015	2  61  34 
1015	6  36  30 
1017	2  76  78 
1019	2  76  74 
1015	6  10   3 
1013	6  57  56 
1019	2  59  57 
1021	6  50  21 
1015	6   6   5 
1021	6  26  15 
1019	6  70  62 
1025	2  78  70 
1021	6  74  45 
1027	6  34   6 
1027	2  57  56 
1029	2  77  49 
1031	2  56  28 
1031	6  77  70 
1033	2  45  27 
1035	2  56  55 
1033	2  43  32 
1035	2  27  12 
1033	6  59  49 
1037	2  32  23 
1037	2  65  36 
1037	2  12   1 
1039	6  47  22 
1039	6  74  72 
1039	6  50  42 
1039	6   9   1 
1033	6  26   8 
1039	6  44  26 
1045	6  33  16 
1045	2  21  27 
1045	2  47  66 
1047	2  74  66 
1047	2  49  30 
1049	2  56  20 
1037	6  80  61 
1045	6  53  44 
1043	6  61  60 
1049	6  60  59 
1051	2  18  30 
1051	2  42  44 
1053	2   4  12 
1053	2  45   9 
1053	2  44  34 
1055	6  60  53 
1055	2  37  40 
1057	2  37  31 
1059	2  28  48 
1061	2  28  55 
1055	2   4   6 
1055	6   1   0 
1059	6  42  33 
1063	2  47  59 
1051	6  75  74 
1051	6  26  17 
1057	6  15  14 
1057	6  35  26 
1057	6  12   3 
1063	6  18  12 
1065	2  75  60 
1067	2  65  77 
1063	6  26  15 
1065	6  46  37 
1069	2  41  67 
1067	6  53  44 
1071	2  60  58 
1073	2  34  49 
1071	2  65  64 
1071	2  36  10 
1073	2  45  18 
1069	6  13   6 
1071	6  78  77 
1075	2   9  37 
1075	2  41  14 
1073	6  75  65 
1077	2  68  48 
1079	2  41  69 
1077	2  37  29 
1081	2  60  35 
1083	2  78  71 
1083	2  48  51 
1079	6  75  64 
1079	6  45  27 
1085	6  29  19 
1085	2  52  35 
1087	2  26  35 
1089	2  52  26 
1085	6  65  45 
1077	6  14  12 
1091	6  58  29 
1097	2  12  20 
1097	2  77  65 
1099	2  77  73 
1099	2  29  11 
1101	2  77  80 
1091	2  52  61 
1101	2  29  47 
1091	2  26   8 
1093	2   8  44 
1103	2  37  45 
1105	2  27  39 
1103	2  71  61 
1107	2  65  57 
1107	2  29  19 
1099	2  26  14 
1101	2  33  14 
1103	2   8   5 
1105	2   3   5 
1107	2  22  14 
1103	6  43  35 
1109	6  29   2 
1109	2  78  42 
1111	2  49  58 
1111	6  51  33 
1115	2  13  39 
1117	6  59  39 
1117	2  33   6 
1109	6  73  65 
1107	6  45  36 
1111	6  79  62 
1113	6  46  45 
1111	6  76  75 
1117	6  79  78 
1115	6  19   1 
1121	2   4   1 
1123	6  32   7 
1129	6  49  32 
1123	6  10   3 
1129	6  11   4 
1123	6  78  68 
1129	6  35   7 
1121	6  36  28 
1117	6  66  56 
1127	6  38  29 
1123	6  56  54 
1129	6  54  36 
1123	6  71  61 
1129	6  52  51 
1129	6  76  69 
1135	6  15   4 
1135	2  68  58 
1137	2  68  65 
1135	2  52  62 
1135	2  10  29 
1137	2  53  62 
1137	2  19  39 
1139	2  65  75 
1139	2  59  80 
1141	2  15  16 
1141	2  61  57 
1139	2  19  36 
1141	2   9  19 
1135	6  35  34 
1139	6  30  22 
1143	2  69  43 
1143	6  18  11 
1145	2  69  70 
1145	2  49  39 
1145	2  44  23 
1147	2  49  56 
1147	2  35  62 
1149	6  14  11 
1149	2  30  39 
1149	2  44  42 
1151	2  40  56 
1153	2  56  74 
1153	2  40  31 
1149	6  26  17 
1141	6  37  36 
1149	6  27  18 
1139	6  72  63 
1147	6  78  68 
1151	6  60  51 
1155	2   4  19 
1155	2  56  76 
1151	6  43  34 
1155	6  39  31 
1157	2  15  25 
1159	2  34  14 
1157	2  20  19 
1157	2  68  76 
1159	2  68  74 
1159	6  18   2 
1161	2  39  29 
1161	2  74  57 
1161	2  33  25 
1163	2  42   6 
1165	6  39  37 
1165	2   4  24 
1167	2  16  14 
1169	2  16  25 
1171	2  14  40 
1165	6  52  43 
1157	6  63  54 
1163	6  56  54 
1163	6  75  67 
1165	6  60  59 
1169	6  75  56 
1173	2  30  39 
1175	2  46  50 
1177	2  45  49 
1179	2  59  38 
1179	2  14  33 
1165	6   9   0 
1171	6  18   9 
1171	6  44  35 
1177	6  26  16 
1181	2  56  38 
1181	2   4   2 
1181	2  58  49 
1153	6  80  79 
1161	6  79  71 
1167	6  71  62 
1183	6  51  26 
1183	2  12  28 
1181	6  77  75 
1183	6  56  54 
1185	6  29  13 
1191	2  54  18 
1191	2  31  16 
1193	6  16   4 
1193	2  52  67 
1195	2  68  51 
1195	2  29  47 
1197	2  79  67 
1197	2  32  39 
1193	6  18   1 
1195	6  62  53 
1199	2  50  39 
1199	2  24   3 
1193	6  64  54 
1199	6  45  27 
1201	2  24  26 
1201	2  31  22 
1203	2  49  70 
1203	2   5  26 
1201	6   2   1 
1205	2  16  35 
1205	2  55  47 
1205	2  68  49 
1205	6  32  22 
1207	2  49  65 
1207	2  68  69 
1211	2  53  32 
1207	6  20   3 
1207	6   7   6 
1209	6  67  46 
1213	2   6   2 
1213	6  70  53 
1215	2  49  64 
1215	2   4   2 
1217	2  45  64 
1217	2   4  23 
1217	2  20  38 
1213	6  35  26 
1215	6  16   6 
1219	2  53  35 
1219	2  32  13 
1217	6  76  58 
1221	2   1   4 
1223	6  53  41 
1223	6   2   0 
1221	6  25   8 
1223	6  78  66 
1223	6   6   5 
1219	6  46  29 
1225	6  20  19 
1231	2  13  29 
1233	2  46  66 
1235	2  58  39 
1235	2  46  56 
1233	6  24  13 
1237	2  66  54 
1237	2  29  20 
1231	6  10   1 
1229	6  78  61 
1229	6  44  35 
1235	6  70  44 
1241	2  65  69 
1239	2   5   1 
1243	2  24  44 
1243	2  65  73 
1237	6  39  31 
1241	6   4   2 
1245	2  51  30 
1247	6  12   4 
1247	2  58  32 
1249	2  58  50 
1251	2  41  32 
1239	6  36  27 
1245	6  46  36 
1241	6  17   7 
1253	6  31   6 
1251	6  57  55 
1247	6  61  44 
1253	6  52  34 
1249	6  77  68 
1247	6   1   0 
1253	6  18   2 
1259	6  44  17 
1259	2  32  12 
1259	2  36  18 
1261	2  12  27 
1263	2  27  21 
1255	6  68  59 
1265	6  29  13 
1265	2  51  67 
1267	2  41  57 
1269	2  70  67 
1245	6  74  73 
1263	6   2   1 
1265	6  35  16 
1269	6  42  32 
1271	2  21   3 
1271	2   6  25 
1273	2  17  15 
1271	6  74  68 
1275	2  13  16 
1271	6  47  28 
1257	6  63  54 
1265	6  54  45 
1271	6  80  62 
1277	6  75  47 
1277	2   3  22 
1277	2  50  43 
1279	2  52  59 
1277	2   6   7 
1279	2  12  32 
1277	6  71  70 
1279	6  17   6 
1283	2  59  44 
1285	2   6   4 
1285	2  41  35 
1281	6  21  10 
1283	6  45  37 
1287	2  59  75 
1289	6  49  23 
1285	6  78  70 
1287	6  52  44 
1287	6   3   2 
1287	6  19   9 
1289	6  73  45 
1291	6  70  69 
1295	2  49  59 
1295	2  15   3 
1293	6  53  43 
1297	2  49  37 
1295	6  74  63 
1299	2  59  34 
1301	2  35  34 
1301	2  14  20 
1301	2  59  55 
1297	6  80  79 
1303	6  60  41 
1303	2  29  55 
1303	2  34  26 
1305	2  29  38 
1307	2   3  20 
1307	2  38  47 
1305	6  65  55 
1309	2  21  41 
1305	6  35  34 
1303	6  78  77 
1305	6  58  57 
1311	6  40  34 
1317	2  50  56 
1311	6  14   7 
1311	6  76  67 
1311	6  11   3 
1317	2   6   3 
1319	6  24   3 
1319	2  47  75 
1321	2  65  77 
1311	6  28  19 
1301	6  62  53 
1317	6  53  44 
1321	6  37  30 
1327	2  38  41 
1323	6  80  78 
1323	6  55  54 
1323	6  74  67 
1325	6   5   1 
1329	2  40  46 
1331	2   3  19 
1329	2  26  43 
1331	2  44  16 
1329	6  75  73 
1333	2  16   5 
1333	2  27  37 
1333	2  33  41 
1329	6  78  60 
1335	6  55  37 
1335	2  15  31 
1337	2  58  31 
1339	2  68  52 
1341	2  49  28 
1343	6  75  68 
1343	2  31  39 
1343	2  34   5 
1345	2  34  53 
1347	2  62  53 
1343	2  37  28 
1345	2  39  45 
1347	2  29   4 
1345	6  16   8 
1349	2  58  69 
1347	6  43  33 
1351	2  61  69 
1353	2  61  79 
1351	2  75  56 
1353	2  33  30 
1353	6  74  45 
1355	2  30  22 
1355	2  43  60 
1359	6  38  11 
1365	2  38  45 
1367	2  64  28 
1357	6  32  16 
1351	6  58  49 
1357	6  71  44 
1363	2  71  68 
1365	6  68  50 
1363	6  26  17 
1363	6  44  33 
1369	2  33  22 
1365	6  71  61 
1371	6  39  33 
1371	6  53  52 
1365	6   1   0 
1377	6  53  33 
1383	6  50  47 
1369	6  63  54 
1371	6  12   2 
1371	6  79  77 
1377	6  78  76 
1383	6  79  62 
1369	6  20  19 
1377	6  20  13 
1383	6  26  24 
1375	6  27   9 
1383	6  18  12 
1389	6  46  38 
1389	2  53  60 
1389	2  67  77 
1389	2  33  13 
1391	2  12  13 
1391	2  50  25 
1389	6  73  65 
1393	6  50  14 
1389	6  80  71 
1393	6  35  26 
1389	6  19   1 
1395	6  28  10 
1399	2  66  50 
1395	6  73  63 
1399	6  62  35 
1401	2  39  54 
1403	2  65  54 
1395	6  79  78 
1403	6  32  30 
1405	2  61  62 
1405	2  54  27 
1405	2  25  35 
1407	2  65  77 
1409	2  52  48 
1399	6  14   4 
1407	6  15  13 
1411	2  28  45 
1411	2  44  35 
1413	2  15  35 
1411	2  48  60 
1413	2  37  30 
1413	2  78  50 
1413	6  71  62 
1415	2  18  47 
1417	2  29  18 
1417	2  45  55 
1415	6  16  14 
1419	2  48  19 
1415	6  69  51 
1409	6  75  74 
1415	6  74  73 
1421	6  51  33 
1421	2  65  76 
1421	2  19  27 
1421	2  38  47 
1421	6  21  14 
1421	6  26  16 
1421	6  49  40 
1419	6  62  44 
1423	6  78  75 
1427	2  38  21 
1429	2  21   5 
1429	2  71  78 
1431	2  24  40 
1429	2  75  74 
1431	2  74  73 
1431	2  79  78 
1427	6  44  35 
1429	6  60  52 
1433	2  33  26 
1423	6  27   9 
1429	6  67  57 
1429	6  46  27 
1431	6  29  21 
1437	2  57  30 
1435	2  51  70 
1437	2  26  52 
1433	6  15  14 
1435	6  27  10 
1439	2  24  53 
1437	6  78  69 
1441	2  30   9 
1441	2  24  35 
1443	6  34   8 
1443	6  74  45 
1441	6  51  50 
1441	6  71  61 
1431	6   4   3 
1443	6  48  30 
1443	6  19   2 
1447	6  80  78 
1449	2  14  10 
1451	2  14   6 
1449	2  75  48 
1451	2  52  34 
1453	2  52  42 
1451	2  45  29 
1453	2  23   6 
1455	2  26  22 
1451	6  18   9 
1451	6  65  58 
1457	6  59  53 
1457	2  23  16 
1457	2  29  11 
1459	2   6   2 
1461	2  16   4 
1457	6  75  73 
1463	6  49  46 
1463	2  10  12 
1465	2  22  12 
1467	2  12   0 
1463	6  53  35 
1463	6  17  16 
1463	6  74  65 
1463	6  78  76 
1469	6  61  34 
1469	2  10  38 
1469	2  50  49 
1471	2  48  19 
1473	2  29  13 
1475	6  78  53 
1469	6  75  74 
1473	6  10   0 
1475	6  73  45 
1473	6  57  48 
1473	6  41  40 
1475	6   7   4 
1481	6  46  10 
1481	2  34  15 
1483	2  34  33 
1487	2  45  18 
1481	2  50  68 
1483	2  61  68 
1485	2  44  69 
1487	2  58  43 
1483	6   8   5 
1487	6  30  21 
1489	2  61  35 
1491	2  44  43 
1489	2  27  18 
1489	2  57  76 
1489	6   5   2 
1493	2  43  35 
1495	2   7  35 
1495	2  59  31 
1495	2  27   2 
1489	6  55  54 
1491	6  76  75 
1491	6  79  70 
1495	6  65  55 
1501	2  19  55 
1503	2  49  78 
1503	2  18   3 
1497	6  35   7 
1505	6  65  57 
1505	2  23   2 
1511	2  75  47 
1507	2  35  62 
1507	2  11   3 
1509	2  27  10 
1507	2  15   5 
1509	2  17   5 
1507	6  50  31 
1513	6  69  58 
1513	2  11  36 
1515	2  19   4 
1513	2  75  76 
1517	2  31  10 
1509	6  53  44 
1515	2  44   8 
1509	6  80  71 
1515	6  55  54 
1519	2  30  58 
1517	6  71  62 
1521	2  49  37 
1523	6  30  22 
1523	2  46  37 
1523	2  50  76 
1525	2  69  51 
1517	6  25   8 
1523	6  26  25 
1523	6  62  44 
1523	6   8   6 
1525	6  66  46 
1529	2  26  44 
1529	2  22   4 
1531	6  24  13 
1531	2  36  48 
1533	2  48  40 
1531	2  62  79 
1533	2  66  77 
1535	2  77  74 
1537	6  42  15 
1537	2  30  46 
1543	2  44  24 
1539	2  36  46 
1545	2   3   6 
1547	2  41  16 
1541	2  46  28 
1549	6  70  43 
1543	6  38  28 
1537	6  74  67 
1543	6  66  54 
1547	6   9   2 
1553	2   2   4 
1547	6  21  20 
1549	6  48  37 
1549	6  23  15 
1549	6  64  54 
1555	6  80  76 
1555	2  41  43 
1555	2  37   1 
1557	2   1  20 
1557	2  44  51 
1559	2  20  23 
1557	6  54  36 
1561	2  23  32 
1561	2  34  16 
1561	2  67  71 
1561	6  40  30 
1563	2  33  32 
1563	2   2   6 
1565	2  14   2 
1561	6  47  38 
1563	6  60  44 
1567	2   1  30 
1563	6  65  55 
1563	6  36  27 
1569	6  33  31 
1575	2  50  65 
1569	2  26  44 
1569	2  20  27 
1571	6  28   3 
1577	6  38  10 
1575	6  44  34 
1577	6   4   3 
1569	6  80  78 
1577	6  73  54 
1577	6  79  67 
1583	6  67  48 
1583	6  10   3 
1577	6  23   6 
1583	6  34  15 
1583	6  55  37 
1583	6  31  21 
1581	6  53  52 
1583	6  80  70 
1589	6  19   0 
1589	2  77  65 
1589	2  15   4 
1589	2  43  31 
1591	2  68  47 
1591	2  32   4 
1593	2  51  66 
1595	2  67  76 
1595	2  47  48 
1595	2  21  27 
1591	6  25  16 
1597	6  39  31 
1597	2  66  65 
1597	2   4   7 
1599	2  65  36 
1601	2  36  28 
1595	6  50  43 
1595	6  69  61 
1599	6  13   2 
1603	2  36  54 
1605	2   9  27 
1603	2  42  57 
1605	2  57  38 
1607	6  37  21 
1605	6  70  42 
1605	6  64  54 
1599	6  16   6 
1605	6   7   5 
1607	6  18  10 
1605	6  26  25 
1607	6  76  57 
1611	6  33  15 
1617	2  50  31 
1613	2  76  78 
1619	2  23  48 
1619	2  78  52 
1621	2  28  37 
1621	2  52  41 
1621	2   5  21 
1611	6  74  64 
1617	6  75  74 
1621	6  58  56 
1623	2  28   2 
1623	2   5  16 
1623	2  42  31 
1625	2   6   3 
1627	2  33  58 
1629	6  63  56 
1635	2  39  64 
1623	6  71  61 
1629	6  61  42 
1629	6  67  59 
1627	6  12   3 
1629	6  25  15 
1625	6  27  19 
1633	6  12  10 
1637	2  42  58 
1639	2  52  59 
1639	2  39  56 
1641	6  65  29 
1647	6  56  40 
1641	6  68  59 
1627	6   8   7 
1635	6  78  70 
1635	6   7   5 
1647	6  28  10 
1639	6  33  24 
1647	6  77  68 
1641	6   6   4 
1647	6  21  13 
1635	6  35  26 
1641	6  61  44 
1647	6  26   6 
1647	6  70  53 
1653	6  18   1 
1653	2  31  30 
1653	2  14  42 
1655	2  12  30 
1655	2  26  44 
1653	2  67  64 
1655	2  69  75 
1657	2  75  78 
1659	2  78  61 
1659	2  12  15 
1655	6  58  49 
1653	6  37  36 
1655	6  55  47 
1657	6  43  35 
1661	2  28  57 
1661	2  61  60 
1661	6  14   3 
1663	2  57  63 
1663	2  29  27 
1663	2  61  51 
1665	2  47  50 
1661	6  79  78 
1663	6  53  44 
1667	2  63  65 
1667	2  29  22 
1669	2  29  37 
1667	2   3   1 
1667	2  50  78 
1669	2  65  76 
1669	2  42  16 
1665	6  27  18 
1669	6  23  22 
1671	2  63  27 
1673	2  28  39 
1673	2  63  73 
1675	2  26  23 
1675	6  64  38 
1677	2  44  23 
1679	2  16  25 
1679	2  12   5 
1671	6  68  67 
1677	6  67  58 
1681	2  42  31 
1669	6  78  70 
1675	6  27  18 
1677	6  78  77 
1683	6  50  34 
1679	6  70  61 
1683	6  39  30 
1689	6  58  39 
1689	2  44  24 
1681	6  54  27 
1683	6  77  75 
1685	6  80  70 
1689	6  65  55 
1681	6  11   4 
1681	6  17   7 
1687	6  27  10 
1695	2  10  31 
1697	2  10  11 
1697	2  28  39 
1699	6  64  37 
1699	2  31  11 
1701	2  33  40 
1703	2  41  24 
1691	6  69  60 
1691	6  62  52 
1687	6   5   4 
1693	6   7   5 
1699	6  17   7 
1697	6  60  52 
1695	6  77  67 
1703	6  78  70 
1705	2  57  75 
1705	2  11  19 
1705	2  40  38 
1707	2  21  48 
1703	6  52  44 
1703	6  60  59 
1699	6   5   4 
1705	6  25  15 
1709	2  19  46 
1709	2  58  74 
1709	6  61  42 
1711	2  10   4 
1711	2  57  56 
1713	2  75  54 
1713	2  30  15 
1709	6  44  35 
1715	6  22  20 
1715	2  57  74 
1715	2  35  17 
1717	2  65  56 
1717	2  43  49 
1719	2  75  49 
1719	2  34  17 
1721	6  29  19 
1727	2  39  51 
1721	6  23  22 
1713	6   3   1 
1715	6  36  27 
1715	6  71  70 
1719	6  55  46 
1721	6  74  67 
1727	2  64  74 
1729	6  50  29 
1727	6  13   5 
1733	2  17   5 
1735	6  76  40 
1735	6  11   2 
1725	6  54  45 
1729	6  73  64 
1735	6  19   9 
1735	6  25  15 
1735	6  55  54 
1741	6  66  55 
1741	2  21  42 
1747	2  28  55 
1743	2  35  23 
1745	2  60  33 
1747	2  42  70 
1747	2  58  59 
1735	6   8   7 
1743	6  12   3 
1747	6  22  14 
1749	2  20  18 
1751	2  20  38 
1753	2  20  12 
1749	2  69  70 
1749	2  33  25 
1753	2  40  48 
1753	6  36  18 
1755	2  47  29 
1757	2  40   4 
1751	6  76  70 
1757	2  76  67 
1751	6  17   7 
1757	6  53  52 
1759	2  36  55 
1761	2  55  45 
1763	2  73  55 
1765	2  55  74 
1761	2  19  23 
1763	2  50  68 
1767	2  48  64 
1767	2  45  36 
1763	2  23   6 
1763	6   4   3 
1763	6  18   1 
1757	6  26  17 
1763	6  29  20 
1765	6  15  14 
1769	2  68  66 
1769	2  41  49 
1769	2  19  37 
1763	6  53  26 
1771	6  59  56 
1771	2  19  20 
1773	2  20   5 
1775	2  30  13 
1769	6  34  25 
1769	6  71  53 
1775	6  24   6 
1777	2  59  78 
1779	2  49  38 
1781	6  49  32 
1781	2  26   5 
1787	6  65  58 
1793	2  58  49 
1783	6  51  43 
1783	6  21   3 
1775	6  19   9 
1779	6  78  71 
1777	6  72  54 
1781	6  27   0 
1787	6  46  28 
1793	2  28  22 
1783	6   6   5 
1789	6   2   0 
1789	6  44  42 
1789	6  16  15 
1795	6  56  39 
1795	2   5   2 
1795	2  68  52 
1797	2  76  68 
1799	2  76  75 
1797	2  52  24 
1799	2  41  50 
1797	6   3   1 
1801	2  66  78 
1801	2  41  40 
1793	6  73  72 
1797	6  20  19 
1795	6  37  27 
1803	2  55  28 
1803	2  53  78 
1799	6   7   6 
1799	6  33  23 
1805	6  64  45 
1805	2  12  39 
1805	2  53  70 
1807	2  79  70 
1807	2  38  39 
1807	2  58  42 
1809	2  41  15 
1809	2  70  71 
1811	2   3  15 
1813	2   3   5 
1811	2  47  51 
1813	2  66  37 
1813	2  69  51 
1813	6  40  22 
1815	2  46  65 
1815	2  15  16 
1817	2  46  57 
1819	6  73  66 
1819	2  60  40 
1821	2  23  11 
1823	2  10  31 
1815	6  80  79 
1815	6  43  34 
1819	6  47  37 
1821	6  61  43 
1825	2  11  40 
1825	2  75  67 
1823	6   7   5 
1829	2  34  13 
1827	2  78  66 
1825	6  45  37 
1829	6  79  58 
1831	2  16  43 
1831	2  37  21 
1835	2  58  39 
1833	2   5  11 
1835	2  36  11 
1833	6  52  33 
1837	2  39  18 
1835	6  26  16 
1839	2  50  62 
1841	6  64  58 
1837	6  14  13 
1841	6  78  61 
1839	6  28   9 
1839	6  33  24 
1845	2  20  24 
1847	6  21   6 
1847	2  64  45 
1847	2  68  52 
1853	2  39  12 
1855	2  46  21 
1853	2  16   6 
1849	2  58  59 
1851	2  51  71 
1853	6  52  33 
1857	2   5  30 
1857	6  75  56 
1859	2  24  14 
1861	2  16  22 
1857	6  27   9 
1859	6  61  43 
1863	2  13   9 
1863	2  56  38 
1853	6  68  59 
1859	6  59  49 
1865	6  60  58 
1865	2  22  33 
1871	2  31  67 
1873	2  52  77 
1865	2   2   9 
1867	6  11   2 
1857	6  73  63 
1863	6  63  45 
1863	6  16   7 
1869	6  45  18 
1869	6  25  17 
1873	6  31   3 
1875	2  58  47 
1875	2  75  77 
1875	2  60  52 
1877	2  77  66 
1875	6  19  18 
1879	2  74  78 
1879	2  13  42 
1877	6  37  36 
1881	2  14  13 
1881	2  33  40 
1881	6  69  65 
1883	2  11  32 
1885	2   3   6 
1881	6  44  26 
1885	6  40  29 
1887	2   6   8 
1887	2  69  61 
1889	2  78  52 
1887	6   2   0 
1891	2  76  40 
1893	6  31  25 
1893	2  78  68 
1893	6  74  63 
1893	6  18  11 
1899	2  18  38 
1891	6  71  53 
1895	6  77  69 
1893	6  51  42 
1899	6  42  25 
1901	2  10  29 
1899	6  22   4 
1893	6  58  57 
1897	6  53  44 
1899	6  65  54 
1901	6  70  60 
1905	2  40  66 
1907	6  48  41 
1907	6  75  65 
1905	6  54  46 
1907	6  78  71 
1903	6  11   2 
1907	6  30  21 
1905	6  44  15 
1913	2  49  28 
1911	6  35   8 
1915	2  66  73 
1915	2  20  28 
1915	2  40  60 
1909	6   3   2 
1911	6  13   5 
1913	6  79  71 
1917	2  28  19 
1917	2  32  15 
1917	2  47  59 
1915	6   2   1 
1919	2  18  46 
1919	2   5   8 
1921	2  45  47 
1921	2  19  12 
1923	2  19  31 
1925	2  24  41 
1925	2  47  68 
1921	6   7   5 
1927	6  61  32 
1927	2  73  57 
1927	2  45  36 
1929	2  47  27 
1933	2  50  22 
1927	6  16   6 
1925	6   1   0 
1929	6  76  74 
1931	6  37   9 
1935	2  14  31 
1935	2  35  60 
1937	6   6   3 
1937	2  29  36 
1937	2  59  51 
1939	2  53  59 
1941	2  42  69 
1943	2   9   3 
1943	2  77  69 
1943	2  15   6 
1939	2  46  37 
1943	2  35  25 
1945	6  40  34 
1945	6  20   1 
1945	6  15  14 
1943	6  71  62 
1945	6  36  27 
1945	6   4   3 
1935	6  75  64 
1945	2  75  78 
1945	6   8   7 
1941	6  47  46 
1947	6  77  65 
1951	2  32  11 
1951	6  17   6 
1953	2  37  40 
1955	2  66  30 
1957	6  62  26 
1957	2  11  21 
1959	2  10  30 
1961	2  31  58 
1963	6  50  47 
1969	2  58  43 
1971	2  67  40 
1971	2   8  26 
1971	2  43  62 
1955	6  36  27 
1973	6  41  25 
1961	6   3   2 
1973	6  77  62 
1957	6   6   5 
1969	6  63  36 
1975	6  27   1 
1979	2  25   7 
1979	2  50  71 
1975	6  63  56 
1963	6  13   5 
1969	6  13  12 
1975	6  14   4 
1981	6  35  17 
1981	2  56  77 
1981	2  11  23 
1983	2  37  12 
1985	2  20  23 
1987	2  23  22 
1989	2  40  13 
1981	2  61  62 
1983	2  77  62 
1987	2  71  35 
1989	2  62  26 
1985	6  73  45 
1987	6   2   1 
1991	2  76  51 
1993	2  76  78 
1991	2  25  26 
1991	2  38  22 
1993	2   4   3 
1991	6  80  71 
1997	2  35  71 
1995	6  31   3 
1999	2  71  60 
1991	6   7   6 
1993	6  45  28 
2001	2  31  59 
2003	2  28  12 
2003	2  71  52 
2003	2  59  57 
2005	2  31  51 
2007	2   2   6 
2007	2  51  78 
2009	2  43  14 
2005	6  57  37 
2011	2  21  41 
2013	2  37  12 
2013	2  41  69 
