   1	6  34  18 
   7	2  34  41 
   1	2  37  43 
   1	6  14   1 
   7	2   4   1 
   3	6  44  30 
   1	6  47  39 
   7	6  25  20 
   3	6  42  35 
   9	6  30  23 
   9	6   4   1 
   9	6  46  43 
  15	6  32  24 
  21	2  46  40 
  15	2   1   8 
  15	6  10   5 
  23	2  41  32 
  21	6  43  22 
  21	6  12   4 
  27	2  39  30 
  27	6   4   1 
  29	2  39  25 
  31	2  39  48 
  29	2  30  36 
  13	6  27  20 
  31	6  36  30 
  33	2   4  20 
  37	2  36  35 
  37	2  10  23 
  33	6   8   7 
  39	2  10  15 
  35	6  13  12 
  41	6  20  11 
  47	2  10  12 
  41	2  23  22 
  33	6  46  41 
  33	6  32  25 
  39	2  45  32 
  41	6   7   1 
  39	6  41  34 
  41	6  37  32 
  47	2  32  33 
  49	6  25  11 
  55	2  30  25 
  49	6  13   6 
  47	6  45  43 
  45	6  47  41 
  53	2  47  45 
  49	6  16   9 
  53	6  43  35 
  57	2  15  17 
  59	2  32  19 
  59	2  15  21 
  55	6  47  45 
  59	6   9   2 
  61	2  34  13 
  63	2   6  13 
  63	2  33  40 
  61	2  37  21 
  63	2  17  25 
  63	2  45  43 
  63	6  28  14 
  65	2   6  20 
  65	2  17   9 
  67	2  41  20 
  69	6  25  16 
  69	2  40  48 
  75	6  30  23 
  75	2   9  11 
  77	2   9  14 
  79	2   9  10 
  81	6  16   1 
  75	6  32  26 
  81	6  26  18 
  77	6  12   5 
  71	6  47  40 
  79	6  35  21 
  77	6  41  40 
  83	6  40  38 
  87	2   4  18 
  87	2  22   8 
  89	6   5   3 
  89	2  38  25 
  89	2  22  28 
  91	2  25  24 
  93	2  25  19 
  89	2   8   7 
  91	2  21   7 
  93	2  21  14 
  93	2  23  16 
  95	6  47  32 
  95	2   8   3 
  97	2  35  14 
  99	2  22   8 
 101	2  10  15 
  95	2  13  19 
 103	2  33  24 
 101	6  29  28 
 105	2  16  24 
  97	6  20  12 
 103	2  12   3 
  99	6  45  37 
 107	6  17   8 
 107	2  30  44 
 113	2  17  32 
 109	6  30  22 
 105	6  41  27 
 109	6  45  43 
 111	6  27  20 
 115	2  38  29 
 115	6  43  42 
 117	2  48  27 
 117	2  17  23 
 119	2  11  20 
 113	6   8   2 
 119	6  23  14 
 121	2  27  20 
 123	2  20   6 
 125	2  30  33 
 127	2  46  44 
 125	2   9  11 
 121	6  42  35 
 127	6  22   9 
 129	2  38  25 
 131	2  25  12 
 131	2  45  44 
 133	6  11   6 
 133	2  22  35 
 133	6  48  27 
 139	6  15  10 
 135	6  35  29 
 139	6  20   6 
 133	6  45  31 
 139	6  33  32 
 139	6  48  45 
 141	6  36  35 
 147	2  15  29 
 149	2  23  32 
 151	2  25  37 
 149	6  14   7 
 153	2  32  44 
 153	2   3  12 
 155	6  28  14 
 155	2  11   2 
 155	2  45  43 
 157	2  23  37 
 159	2  23  24 
 155	6  26  20 
 161	6  34  31 
 161	2  36  43 
 163	2  43  28 
 157	6  11   6 
 163	2  11   9 
 167	2  28  31 
 169	2  18  24 
 171	2  18  19 
 165	2   3   9 
 167	2   3   2 
 169	2  28  42 
 171	2  30  36 
 171	2   9  21 
 169	6  46  45 
 173	2  31  33 
 165	6  13   5 
 173	6  28   7 
 175	2  31  39 
 177	2  33  39 
 173	6  10   5 
 179	2  11  27 
 181	2  37  16 
 181	2   6  27 
 183	6  34  20 
 183	2   7  10 
 183	2  42  45 
 185	2  38  29 
 189	2  38  26 
 185	2   1  10 
 191	6  38  26 
 187	6  42  28 
 187	6   4   1 
 193	2   4   5 
 193	6  28  16 
 199	2  45  42 
 197	2  12  20 
 199	6  19   4 
 201	2  45  44 
 203	2  38  43 
 205	6  10   5 
 205	6  42  37 
 211	6  23  18 
 211	6   9   1 
 205	6  33  27 
 217	2  16  10 
 217	2   5  20 
 219	6  14   9 
 205	6  46  39 
 211	2  46  43 
 225	6  36  21 
 213	6  39  33 
 219	2  19  33 
 221	2  20  33 
 223	2  26  20 
 225	2  20  27 
 225	6  10   1 
 219	6  45  38 
 225	6  33  32 
 225	6  47  45 
 231	6  21   7 
 237	2  14   7 
 231	2  24  37 
 233	2  39  44 
 235	2  26  31 
 237	2  23  38 
 231	6   9   2 
 235	6  36  35 
 239	2  26  10 
 239	2  23  30 
 235	6  47  41 
 241	6  20  11 
 241	2  14  35 
 243	2  23  39 
 245	2  28  43 
 245	6  23  15 
 245	6  38  32 
 247	6  28  21 
 251	2  32  17 
 253	2  32  23 
 247	6   4   2 
 255	2  21   9 
 251	6  43  37 
 257	2  11  16 
 257	2  38  36 
 259	2  36  35 
 259	2  39  18 
 261	2  18  25 
 263	2  25  37 
 265	6  32  18 
 265	2  28  44 
 267	2  44  43 
 271	2  25  30 
 259	6   8   2 
 265	6  15   8 
 269	6  46  45 
 273	2  36  15 
 271	6  10   3 
 275	2   7  15 
 275	2  45  36 
 273	6  25  19 
 279	2  32  38 
 277	2  36  42 
 281	2  39  27 
 277	2  21  15 
 279	2  28  29 
 283	2  27  41 
 281	2  21  16 
 281	2  36  35 
 283	6  44  38 
 283	6  29  23 
 283	6  14   7 
 289	6  38  25 
 285	6  34  20 
 289	6  42  36 
 295	6  46  34 
 295	6  30  29 
 301	2  45  30 
 259	6   6   5 
 277	6   5   3 
 283	6   9   3 
 291	6  12  11 
 289	6  15   7 
 295	6  16   9 
 297	6  18  11 
 303	2  45  24 
 301	6  35  21 
 307	2  36  38 
 309	2  29  14 
 305	2  25  10 
 307	2  24  16 
 309	2   9  10 
 309	6  46  44 
 311	2  16  21 
 313	2   7  14 
 313	2  24  17 
 297	6   6   5 
 309	6  33  32 
 315	2  17  18 
 315	2  37  32 
 317	2  30  44 
 311	6   5   3 
 315	6  28  21 
 319	2  37  46 
 321	2  28  44 
 323	2  44  31 
 317	6   8   3 
 323	2  16   8 
 301	6  27  20 
 325	6  31  24 
 325	2  36  15 
 331	2   8  23 
 323	6  20  11 
 327	6  43  36 
 323	6  46  40 
 329	6  40  19 
 335	2  43  45 
 333	2   8  15 
 335	2   8  11 
 337	2  10  19 
 333	6  24  23 
 337	6  38  32 
 339	2   8  16 
 341	2   8   9 
 343	6   8   1 
 343	2  18  32 
 345	2  11  25 
 339	6  13   6 
 337	6  36  29 
 347	6  30  18 
 353	2  23   8 
 353	6  32  25 
 355	2  15  29 
 357	2  29  22 
 353	6  13  11 
 353	6  44  43 
 335	6  41  34 
 341	6  34  27 
 345	6  46  40 
 357	6   7   2 
 359	2  25  11 
 361	2  44  23 
 363	6  28  15 
 363	2  30  38 
 365	2  24  38 
 361	6  27  12 
 367	6  38  24 
 373	2  24   9 
 375	2  24  31 
 375	2  21   8 
 377	6  10   8 
 377	2  24  32 
 379	2  31  32 
 381	2  45  38 
 367	6  19   5 
 383	2   2  11 
 383	2  14  22 
 373	6  27  26 
 363	6  43  42 
 369	6  36  35 
 385	2  44  30 
 387	2  30  43 
 385	2  10  12 
 389	2  30  28 
 387	2  13  11 
 389	2  12  19 
 379	6  34  27 
 385	6  40  34 
 387	6  15   9 
 391	2  43  46 
 391	6  24  19 
 393	2  21  14 
 393	2  40  46 
 395	2  21   8 
 395	6  46  43 
 397	6  26  10 
 401	2  14  29 
 401	2  46  38 
 403	2  14   2 
 403	2  36  24 
 405	6  21   7 
 405	2   9   2 
 407	2   2  16 
 405	2  43  35 
 409	2  25  16 
 411	6  38  25 
 403	6  12  11 
 411	6  22  16 
 417	6  42  21 
 409	6   5   3 
 417	6  19   5 
 417	6  39  32 
 423	2   7  10 
 423	2  40  37 
 425	2  16  24 
 425	2  38  29 
 427	2  45  24 
 425	6  20   4 
 431	2  18  24 
 433	2  40  26 
 431	2   9   4 
 433	2  31  23 
 429	6  45  43 
 433	6  17  10 
 435	2  40  45 
 437	2  38  33 
 427	6  29  28 
 433	6  21   8 
 439	6   4   2 
 439	2  26  33 
 441	2  24  36 
 443	2  26  19 
 443	2  15  16 
 445	6  31  19 
 445	6  21  15 
 441	6  40  34 
 443	6  43  35 
 449	6  44  43 
 451	2  16  11 
 453	2  16  32 
 455	6  36  22 
 455	2  33  31 
 457	2  18  25 
 459	2  11  10 
 457	6  45  40 
 461	2   9  12 
 463	6  25  12 
 463	6  29  23 
 463	6   7   1 
 463	6  34  27 
 463	6  44  38 
 469	6  27  13 
 469	2  10  17 
 469	2  23  31 
 471	2  10   8 
 471	2  23  32 
 473	2  38  32 
 473	2   8   2 
 473	2  22  17 
 475	6  26  19 
 475	2  23  17 
 481	2  13   4 
 477	2  22  28 
 483	2  18  15 
 475	6  38  31 
 481	6  39  38 
 485	2  17  16 
 485	2  11   3 
 487	6  31  17 
 485	6  22  14 
 493	6  39  33 
 493	2  23  10 
 499	2  40  32 
 495	2   2  15 
 497	2  23   7 
 499	2   8   3 
 499	2  30  22 
 485	6  20  13 
 501	6  14   8 
 501	2  29  37 
 501	2   4  10 
 503	2  31  38 
 505	2  37  25 
 507	6  10   5 
 507	2  40  27 
 507	6  30  24 
 507	6  28  14 
 513	6  25  16 
 513	2  38  30 
 519	6  33  20 
 525	2  33  20 
 519	2  17   3 
 521	2  17  18 
 519	2  30  21 
 521	2  22  21 
 523	2  17  10 
 525	2  10   8 
 521	6  38  30 
 527	6  21   9 
 533	2  17  29 
 535	2  24  15 
 537	2   8  11 
 527	2  33  40 
 527	2  38  46 
 537	2  30  28 
 539	6  26  10 
 529	6  46  39 
 545	6  39  26 
 551	2  18  10 
 553	2  39  26 
 553	2   9   2 
 539	6  36  22 
 545	6  44  36 
 545	6  23  21 
 553	6  17  11 
 555	2  44  46 
 555	2   8  14 
 557	2  15  14 
 555	6  33  20 
 559	2  15   3 
 557	6  36  30 
 561	2   2  10 
 561	2  24  25 
 561	6  46  40 
 563	2   4  19 
 565	2  10  23 
 567	6  10   2 
 567	6  30  23 
 565	6  25  19 
 571	2  25  40 
 563	6  44  43 
 569	6  44  38 
 573	2  17  14 
 573	6  33  27 
 575	2   3  16 
 577	2  17  23 
 575	6  46  39 
 579	2  20   4 
 575	6  35  21 
 581	6  26  20 
 581	2  40  38 
 581	2  16  28 
 583	2  38  30 
 583	2  28  21 
 585	2  30  29 
 581	6  11   3 
 575	6   7   1 
 583	6   8   7 
 587	2  11  23 
 587	6  40  27 
 589	2  18  12 
 589	2   8  23 
 591	2   8   1 
 591	2  16  22 
 591	6  37  30 
 593	2   5  20 
 595	2  26  17 
 597	2  38  33 
 593	6  28  21 
 593	6  15   8 
 597	6  17  12 
 599	2  40  33 
 601	2  39  37 
 603	2  25  30 
 603	2  39  46 
 603	6   9   1 
 605	2  26  39 
 605	6  30  22 
 607	6  32  25 
 611	2  15  22 
 613	6  22  17 
 613	6  46  43 
 619	2  22  17 
 607	6  19  12 
 613	6  12   4 
 609	6   7   1 
 615	6   8   7 
 621	6  36  28 
 621	2   2  17 
 623	2   4   9 
 625	2   4   1 
 619	6  40  38 
 625	6  40  24 
 627	2   2  14 
 629	6   4   3 
 631	2  38  36 
 633	2  36  29 
 629	6  14   1 
 627	6  20  12 
 631	6  25  17 
 635	2  22  30 
 637	2  15  29 
 639	2  15  24 
 635	6   2   1 
 631	6  40  34 
 637	6  34  13 
 643	2  29  32 
 641	2  10  17 
 645	2  30  17 
 643	6   3   2 
 647	2  24  12 
 649	6  36  15 
 649	2  13  12 
 655	2  14  15 
 651	2  18   3 
 657	2   2   8 
 659	2  18  15 
 661	6  32  18 
 661	2   3   5 
 661	2  37  22 
 663	2  37  43 
 663	2   2   7 
 667	2  25  46 
 665	6   8   3 
 669	2  18  19 
 669	2  23  30 
 665	6  43  35 
 671	6  37  35 
 671	2  25  33 
 671	2  20   5 
 673	2  20  27 
 671	2  23  16 
 673	2  24  17 
 673	2  12  11 
 675	2  15  17 
 671	6   1   0 
 673	6  39  32 
 677	2  18   9 
 677	2  30  22 
 679	6  46  43 
 679	2  23  21 
 681	2  22   7 
 679	6  26  19 
 683	6   7   0 
 685	2  39  46 
 685	2  30  44 
 687	2  46  38 
 675	6  13   5 
 681	2   5   3 
 685	2  13  27 
 687	2   5  10 
 689	6  37  24 
 689	2   3   4 
 691	6   4   2 
 695	2  38  26 
 683	6  21  15 
 689	6  28  14 
 695	2   7  14 
 695	6  23  16 
 701	2  24   9 
 697	2  46  44 
 703	2  29  31 
 697	2   0  14 
 697	6  11   4 
 703	6  14   9 
 697	6  27  13 
 703	6  20  18 
 705	6  38  30 
 709	2  15  10 
 711	2  23  44 
 713	2  30  17 
 715	6  30  23 
 715	2  28  43 
 717	2  36  43 
 709	6   1   0 
 709	6  33  27 
 715	6   8   1 
 709	6  13  12 
 715	6  27  11 
 721	6  21   0 
 721	2  32  27 
 721	2  10  11 
 723	2   4  11 
 727	2  15  31 
 729	6  46  43 
 729	2  12   9 
 731	2   4   2 
 733	2   2  14 
 729	2  30  31 
 731	2  23  30 
 735	2  32  33 
 735	2  30  36 
 737	6  40  19 
 737	2  36  37 
 737	2  23   8 
 739	2   8  14 
 743	2  33  26 
 739	2  30  28 
 741	2  36  15 
 743	2  14   2 
 743	2  37  24 
 745	6  21   9 
 745	2  26  18 
 747	2  18  24 
 749	2  40  31 
 751	6  31  22 
 749	6  19   5 
 751	6   2   0 
 757	6  30  28 
 757	2  40  39 
 757	2  18   3 
 759	2  33  46 
 763	2  14  29 
 759	2   3   1 
 765	2   8  22 
 761	2   3   4 
 765	2  37  38 
 767	6   9   4 
 767	2  21  35 
 759	6  19  18 
 765	6  24  18 
 771	2  22  24 
 767	6  46  44 
 767	6   7   0 
 773	2  21  15 
 773	2  35  44 
 775	6  24  15 
 775	6  44  35 
 771	6  19  13 
 781	2   1   9 
 781	2  23  25 
 783	6  26  12 
 783	2   9  30 
 785	2  21   7 
 787	2  30  29 
 787	2   7  15 
 789	2  15  29 
 787	2   1   2 
 789	2  10  25 
 791	6  35  22 
 791	2  25  31 
 793	2  10  19 
 795	2  10  11 
 797	6  12   4 
 797	2   2  16 
 799	2  16  22 
 801	2  29  28 
 795	6  40  26 
 793	6  44  38 
 801	2  38  40 
 799	6   2   0 
 803	2  40  31 
 803	2  28  15 
 801	6  27  20 
 805	2  15   7 
 805	2  31  39 
 805	2  28  36 
 805	2   4   2 
 801	6  18  17 
 807	2  18  39 
 807	6  21   0 
 809	2  40  46 
 809	2  24  19 
 811	2  19  20 
 813	6  36  21 
 813	2  20  27 
 813	2  16   2 
 815	2  18   2 
 817	2  18  17 
 811	6  46  45 
 811	6  40  33 
 817	6  32  27 
 819	2  17   3 
 821	2   3   9 
 823	6  16  11 
 823	2  36  45 
 829	2  17  33 
 831	2  21   9 
 825	2  43  45 
 831	6  25  20 
 833	2   3   8 
 827	6  45  43 
 833	6  45  37 
 837	2  33  18 
 839	2  25  11 
 841	6  39  36 
 835	6  23  16 
 847	2  37  32 
 841	2  17  16 
 843	2  11  16 
 835	6  21  14 
 841	6   7   1 
 849	2  32  44 
 851	6  31  18 
 851	2  29  36 
 851	6  46  45 
 857	6  17  11 
 857	2  33  32 
 857	6  29  15 
 859	6  46  33 
 863	2  37  23 
 847	6   2   1 
 853	6   3   2 
 863	6  13  12 
 869	2  33  19 
 865	2  29  24 
 867	2  23  44 
 869	2  31  23 
 869	2  37  44 
 863	6   4   3 
 871	2  25  38 
 867	6  35  28 
 863	6   8   7 
 873	2  31  28 
 869	6   2   0 
 871	6  12  11 
 875	2  37  36 
 877	2  15  10 
 879	2  10  11 
 879	2  23   8 
 871	6  34  27 
 877	6  40  34 
 881	2  37  21 
 881	2  10  18 
 883	6  46  37 
 883	2  32  24 
 885	2  25   4 
 883	2  14  21 
 887	2  11  18 
 889	6   4   2 
 889	2  36  21 
 889	2  32  40 
 891	2  17  22 
 893	2  44  30 
 895	6  31  25 
 895	2  11  16 
 897	2   8  22 
 899	2   2   3 
 901	2  37  29 
 901	2   3   4 
 887	6  34  27 
 901	2  18  27 
 891	6  46  40 
 897	6  46  45 
 899	6  15   7 
 903	2  44  39 
 903	6   2   1 
 905	2  15  28 
 907	2  28  43 
 905	2  39  38 
 903	6  19   4 
 907	6  23  17 
 909	2  33  19 
 909	2   3   2 
 911	2  33  20 
 909	2  43  45 
 913	6  43  31 
 919	6  38  35 
 913	6  15   9 
 913	6  27  12 
 919	2   9  12 
 919	6  34  27 
 921	6  18   2 
 925	2  43  36 
 921	6  22  15 
 925	6  40  38 
 927	2  17  20 
 931	2  43  44 
 931	2  31  26 
 929	6  11   4 
 933	2  19  26 
 933	2  29  23 
 935	2  36  28 
 935	2  19  31 
 927	6  14   0 
 933	6   7   2 
 937	2  39  18 
 937	6  36  22 
 943	2  35  36 
 939	2  19  10 
 941	2  19  40 
 943	2  45  24 
 943	2  12  20 
 939	6   8   7 
 945	6  26  25 
 945	2  37  39 
 947	2  45  40 
 949	2  45  39 
 945	2  22   8 
 947	2  23  21 
 949	2  23  16 
 945	6  20  12 
 951	6  30  15 
 951	2  11  18 
 951	6  45  43 
 953	6  17  11 
 959	6  18   9 
 957	6  38  29 
 951	6  27  20 
 957	6  33  27 
 963	2  39  33 
 963	6  43  28 
 965	2  17  15 
 967	2  31  24 
 969	2  25  30 
 971	2  24  10 
 973	2  16   3 
 965	6  40  39 
 969	6  21  14 
 971	6  27  19 
 975	2   2   3 
 975	2  28  21 
 975	2   7  15 
 971	6  39  38 
 969	6  44  43 
 977	6  37  22 
 977	2  18  19 
 979	2  19  26 
 981	2  18  25 
 977	6   3   1 
 981	6  39  33 
 983	2  22   9 
 987	2  18  32 
 985	6  29  21 
 989	2  19   3 
 989	2  24  32 
 985	6  16  15 
 989	6  45  38 
 991	2  10   9 
 995	2  31  34 
 997	6  34  20 
 997	2  38  17 
 999	2  11  17 
 999	2  29  43 
1001	2  17   4 
1001	2  43  44 
 991	6   1   0 
1003	2  11  20 
1005	2  33  26 
1001	6  35  28 
 997	6   2   1 
1005	2  11   2 
1007	6  21   8 
1007	6   4   3 
1003	6  45  37 
1007	6  25  24 
1013	6  25  23 
1013	2   0   2 
1015	2   2   9 
1009	6  40  38 
1007	6  20  12 
1013	2  12   4 
1015	6  14   7 
1019	2  12  25 
1015	6  44  35 
1021	6  18  12 
1021	2  37  21 
1023	2  39  36 
1027	2  29  24 
1023	6   8   7 
1021	6  27  20 
1025	6  45  39 
1029	2  36  30 
1017	6   3   2 
1027	6  27  26 
1031	2  30  28 
1023	6   4   3 
1029	2   8   3 
1031	2   8   7 
1031	6  45  43 
1033	2   8   9 
1033	2  25  33 
1035	2  30  16 
1031	6  12   4 
1033	6  28  21 
1037	2   8  10 
1039	6   9   3 
1039	2  28  35 
1037	6  43  37 
1041	6  22   7 
1035	6  40  26 
1041	6  46  40 
1041	6  27  12 
1039	6  24  17 
1047	2  32  16 
1043	6  44  36 
1047	6   7   1 
1049	2  32  24 
1051	2  32  11 
1053	6  31  22 
1053	2  44  46 
1053	2   8   9 
1055	2   3   9 
1053	6  26  12 
1055	6  46  44 
1059	2  17  14 
1061	6  35  28 
1061	2  16   2 
1063	2  19  17 
1065	2  18  16 
1061	2  37  31 
1063	2  32  38 
1065	6  46  33 
1067	2   7  21 
1067	2  16  23 
1069	2  14  21 
1063	6   4   3 
1069	6  19  11 
1071	2   7   2 
1071	2  38  29 
1075	2  26  31 
1077	2  26  20 
1073	2  16  22 
1075	2  11  10 
1077	2  38  39 
1077	2  10  23 
1079	6  11   8 
1079	6  33  27 
1075	6  28  21 
1073	6  44  36 
1079	6  24  23 
1081	6  36  28 
1085	2  39  33 
1087	2   9  21 
1089	2  15  28 
1087	2  39  37 
1089	6  10   2 
1091	2  14  28 
1095	2   8   1 
1093	2  23  28 
1095	2  17  10 
1097	2  10  12 
1095	2  22  28 
1089	6  45  33 
1099	6  17  15 
1095	6  45  37 
1097	6  35  28 
1099	6   2   0 
1099	6   5   4 
1095	6  33  32 
1101	6  32  30 
1105	2  15   7 
1099	6  20  19 
1105	6  11   2 
1111	2  22   1 
1111	2  26  11 
1113	6  36  30 
1113	6  10   8 
1119	6  25  16 
1113	6  28  21 
1119	2  28  37 
1121	2  28  36 
1113	6  13   5 
1119	6   5   3 
1119	6  27  20 
1123	6  43  28 
1125	2  19  24 
1127	2  19  32 
1125	6   3   1 
1129	2  44  32 
1129	2  16  14 
1131	2  44  46 
1131	2  28  14 
1129	2  13  20 
1131	2  26   5 
1133	6  12   3 
1133	2  28  31 
1135	2  46  31 
1137	2  44  45 
1133	6  27  26 
1135	6  28   7 
1139	2  31  17 
1139	2  12  20 
1139	6   3   2 
1141	2  18  30 
1143	2  23  30 
1145	2  17   5 
1139	6  46  45 
1141	6  14   8 
1143	6  32  26 
1147	2  14  21 
1145	6  46  41 
1149	2  28  21 
1149	2   7   2 
1147	6  37  23 
1151	2  26  11 
1153	2  29  32 
1153	6  10   5 
1155	2  29  30 
1157	2  28  36 
1159	2  23  10 
1161	2   8  11 
1155	6  38  32 
1163	2  17   2 
1161	2  35  38 
1163	2  41  20 
1163	2  21  36 
