   1	6   8   4 
   1	2  11  14 
   3	6  11   3 
   9	2   3   2 
   7	6  13   8 
  13	2   9   6 
   9	6  15  11 
  15	2  14  13 
  17	2  14  12 
  13	6   4   0 
  19	2   9   4 
  21	2   8   4 
  23	2   9  10 
  25	6   8   0 
  31	2   4  12 
  25	2   6  10 
  27	2  10  15 
  29	6   6   2 
  33	2  12  13 
  35	2   2   1 
  37	2   0   1 
  37	2   6  11 
  39	6   4   1 
  39	2   6   7 
  41	2  11   7 
  45	2  14   6 
  47	6  13  12 
  53	2  12   4 
  47	2  11  15 
  49	6  10   7 
  55	2  10   8 
  55	6   3   2 
  61	2   2   5 
  57	6  15  13 
  63	2   0   5 
  63	6   7   3 
  65	2   8   5 
  67	2   8  13 
  69	2   6  10 
  71	2   8   9 
  73	2   8  12 
  75	2   8  13 
  71	6  11   6 
  77	2   9   6 
  79	2  13   5 
  81	2  14  12 
  81	2   5   7 
  83	2   9   4 
  83	2  14  15 
  85	2  10   6 
  87	2  11  15 
  85	6  13   8 
  85	6   1   0 
  91	2   8   0 
  93	2   5   0 
  95	6   9   4 
  95	6   7   2 
 101	2   1   0 
 101	2   6   9 
 103	2   1   3 
 105	2   1   2 
 103	2  12   9 
 105	2  14   9 
 107	6  14  11 
 107	2   3   2 
 113	2   9   1 
 113	2   3   7 
 115	2   4   5 
 115	2  11  14 
 117	2   5   8 
 117	2  14  13 
 115	6   3   2 
 119	2   4   0 
 119	6  14   9 
 121	6   3   1 
 125	6  11  10 
 131	2  11   7 
 133	2  10  11 
 135	2   7  15 
 125	6  12   8 
 131	2   8   0 
 137	2  14  15 
 139	2  13  15 
 133	6   4   1 
 141	2   5   7 
 143	2   9   6 
 145	2  13  12 
 147	2  10  14 
 147	2  12   4 
 149	2   1   2 
 149	2   8   4 
 151	2   1   5 
 151	2   7   3 
 153	2   4   6 
 155	2   0   2 
 157	6   6   3 
 157	2   1   0 
 155	6  13   8 
 163	6   8   5 
 163	2   3   2 
 169	2   5   2 
 171	6  15   7 
 171	2   5   0 
 173	2   8   9 
 177	2   2   3 
 179	2   6  11 
 175	2   8   4 
 177	6  14  13 
 183	2  10   6 
 185	6   6   1 
 191	6   6   3 
 191	2   1   0 
 185	6  15  11 
 191	2  14  15 
 193	6  15  13 
 199	2  11   7 
 197	6   4   1 
 201	2   3  11 
 203	2   2   7 
 203	2  10  14 
 205	2  15  14 
 207	2  14   6 
 209	2  10   2 
 211	6   6   5 
 217	2   2   0 
 211	2  15  13 
 219	2   6  11 
 219	6  12   4 
 225	2   5   1 
 227	2   2   3 
 225	2  12  13 
 227	2   9  11 
 229	2   9   4 
 229	6   7   6 
 235	2   6   1 
 231	6  13   9 
 237	2   6   4 
 239	2  10  11 
 241	6  15   7 
 241	2   9   4 
 243	2   9   8 
 245	2   8   5 
 247	6   3   2 
 253	6   7   3 
 259	2   2   0 
 261	2   0   4 
 247	6  13  10 
 253	6  14  13 
 263	2   4   6 
 265	6   9   6 
 271	2   6   1 
 273	2   6  10 
 271	2   8  13 
 275	2  14  13 
 277	2  11  10 
 279	2  11  15 
 277	2  13  12 
 275	2   1   5 
 279	2   9  12 
 281	2   9  10 
 277	2   1   3 
 279	2   2   3 
 283	6   5   2 
 283	6  15  13 
 289	6  10   7 
 289	6  12   4 
 295	2  12  13 
 297	2   5   8 
 295	2   2   3 
 299	2   5   1 
 297	6  11   3 
 303	2   5   2 
 299	6  13  12 
 305	2   4  12 
 307	2   1   3 
 307	2   8  10 
 309	2  14  10 
 309	6   3   2 
 311	2   8   9 
 313	6   5   4 
 319	2   2   5 
 313	6  14  12 
 321	2   2   3 
 323	2  10   6 
 325	2  14  11 
 327	6  10   6 
 333	2   3   7 
 333	2   5  13 
 335	2   5   9 
 337	2  12   9 
 335	2  14  15 
 337	2  11  15 
 339	6  14   9 
 337	6   1   0 
 339	6  11   7 
 345	2  11  15 
 345	2  12  13 
 347	2   9   1 
 349	6   2   1 
 349	2  13  10 
 351	2  11  10 
 353	2  10   8 
 355	2   7   2 
 355	2  10  14 
 357	2  10  15 
 357	2   0   2 
 359	6  14  10 
 359	2   5   2 
 361	2   8   4 
 365	2   9   4 
 367	2   4   1 
 367	6  15  13 
 373	2   8  12 
 375	2   9  13 
 369	2   2   6 
 377	2   9  12 
 371	6   2   0 
 377	6   6   2 
 379	2   9   4 
 373	6  15  11 
 383	2   5   7 
 379	6  15  14 
 385	6  12   8 
 391	2   0   8 
 385	2  10   6 
 387	2  10  11 
 389	2  11   6 
 391	2  11   3 
 393	6  13   5 
 393	6  11   7 
 399	2   5   1 
 401	6  10   6 
 407	2  10  14 
 399	6  12   8 
 409	2  13  14 
 411	2  13  12 
 413	2  13   5 
 415	2  13  10 
 417	6  15  10 
 423	6   8   5 
 423	2  11  14 
 425	2  11   3 
 429	2   9  11 
 431	2  11   7 
 433	2   3   2 
 433	6  14  12 
 439	2  11   3 
 441	6  15  11 
 441	2   2   1 
 443	2   9   1 
 445	2   4   1 
 447	2   4   6 
 449	2  14  10 
 451	6  11   3 
 449	6   4   1 
 457	6  15  14 
 457	2   6   5 
 459	2   5   8 
 461	2   5   0 
 463	2  15  11 
 463	2   6   3 
 465	2  10   2 
 467	2   2   0 
 461	6  12   8 
 467	6  10   9 
 469	2   2   7 
 471	6   7   2 
 473	2   0   8 
 475	2   9   4 
 473	6  15  14 
 477	2   1   5 
 479	2   3  11 
 481	2  10   7 
 477	2  12   8 
 483	2   7  15 
 479	6   8   0 
 485	2  10   8 
 485	2   1   3 
 487	6  14  11 
 487	2   0   2 
 489	2   1   0 
 491	2   5   6 
 493	2  10   2 
 487	6  12   8 
 495	2   5  13 
 497	2   7   6 
 497	2  12  14 
 499	6  15  13 
 499	6   7   3 
 497	6   4   1 
 505	2   7  11 
 505	2  12  13 
 507	2   7  15 
 503	6   5   0 
 509	6  11   3 
 509	2  13   5 
 511	6   8   5 
 515	6  14  10 
 517	2   1   3 
 521	2   1   6 
 521	6  15  11 
 523	2   1   9 
 527	2  10   9 
 525	2   3   2 
 529	2   9   5 
 531	6  11   6 
 537	2  10   2 
 531	6   4   0 
 539	2   8   5 
 541	2   9   4 
 543	2   5   6 
 545	2   4   0 
 545	2   9  14 
 547	2   4  12 
 549	2   9   1 
 551	2   0   5 
 545	6   7   3 
 553	2   0   1 
 555	2   1   2 
 557	2   5  10 
 551	6  12   8 
 557	6  13  12 
 559	2   5   7 
 561	2   7  15 
 563	2   7  11 
 565	2  11  14 
 563	6   8   0 
 567	2  11   3 
 569	6  12   9 
 569	6   1   0 
 569	6  11   3 
 575	2  15  10 
 577	6  14  11 
 575	6   3   1 
 583	2  10   6 
 585	2   2   6 
 585	2  15  13 
 587	2   6   9 
 589	2  14   9 
 589	2   2   3 
 591	2  14  13 
 593	2  11   3 
 593	2   9  13 
