   1	6  66  36 
   1	6  70  40 
   1	6  23   2 
   1	6  74  73 
   1	6  54  53 
   1	6  89  69 
   1	6  97  95 
   1	6  15   5 
   7	6  40  20 
   7	2  24  12 
   7	2  54  37 
   9	2  12   1 
  13	2  12  20 
   7	2  69  68 
   9	2  34  36 
  11	2  36  27 
   7	2  95  93 
   9	2  95  91 
  11	6  96  68 
  15	2   1  20 
  17	6  68  57 
  23	6  67  46 
  11	6  25  15 
  17	6  25  23 
   9	6  65  54 
  15	6  61  53 
  23	6  26  25 
  17	6  30   1 
  23	2  30  42 
  23	6  13  11 
  17	6  49  38 
  21	6  63  54 
  21	6  61  60 
  17	6  75  74 
  11	6  82  80 
  17	6  96  93 
  23	2  93  82 
  23	6  96  89 
  29	6  46  25 
  29	2  98  75 
  25	6  40  32 
  23	6  59  48 
  25	6  82  80 
  27	6  61  52 
  35	2  36  54 
  31	6  82  72 
  31	6  95  76 
  23	6  29  18 
  29	6  59  29 
  31	6  33  32 
  31	6  40  20 
  31	6  80  70 
  29	6  12   1 
  35	6  18   6 
  37	2  41  70 
  39	2  40  63 
  37	6  69  47 
  41	2  44  54 
  41	2  25  13 
  41	2  93  61 
  43	6  47  44 
  43	6  62  41 
  49	6  77  58 
  49	2  44  51 
  51	2  25  33 
  51	2  62  84 
  53	2  62  74 
  53	2  13   0 
  41	6   8   7 
  49	6  38  37 
  43	6  90  80 
  47	6  18   7 
  55	6  15   3 
  55	2  47  48 
  55	2  65  97 
  55	2  51  80 
  57	2  33  46 
  59	2  89  49 
  59	2  65  53 
  53	6  18  17 
  57	6  80  50 
  61	2  58  26 
  55	6  20  11 
  59	6  32  31 
  63	2  89  59 
  63	2  26   7 
  57	6  96  86 
  61	6  73  54 
  65	2  50  20 
  67	2  63  67 
  67	2  13   6 
  69	6  69  65 
  69	2   7  15 
  69	6  40  10 
  75	6  37  15 
  75	2  51  40 
  81	6  47  37 
  63	6  91  80 
  77	2  50  80 
  75	6  94  77 
  81	2  91  94 
  69	6  43  33 
  75	6  59  49 
  81	6  49  29 
  79	6  70  60 
  69	6  72  62 
  81	6  78  67 
  75	6  53  32 
  81	2  32  15 
  83	2  75  53 
  87	2  34  57 
  85	2  75  85 
  89	6  44  25 
  89	2  47  68 
  91	2  47  77 
  93	2  49  77 
  85	6  60  40 
  91	2  40  12 
  85	6  63  62 
  83	6  93  91 
  89	6  94  92 
  95	6  98  94 
  95	2  58  57 
  95	2  25  17 
  97	2  24  17 
  99	2  58  35 
  93	6  61  41 
  91	6  64  63 
 101	6  85  75 
 101	2  32   4 
 101	2  36  47 
 103	2  34  52 
 103	2  38  17 
 107	2  94  66 
 105	6  16  13 
 109	2  44  64 
 109	2  77  96 
 101	6  69  59 
 111	6  64  56 
 117	6  56  35 
 111	6  32  13 
 105	6  81  72 
 101	6  98  89 
 107	6  79  69 
 111	6  96  92 
 117	6  33  23 
 105	6  38  28 
 111	6  29  27 
 117	6  42  41 
 111	6  20  11 
 117	6  15  14 
 117	6  83  73 
 111	6  58  48 
 117	6  80  60 
 117	6  96  79 
 111	6   8   7 
 117	6  39  18 
 117	6  21  12 
 117	6  64  53 
 123	6  23  16 
 123	2  64  66 
 129	2  14  42 
 131	2  37   6 
 131	2  53  52 
 123	2  93  96 
 125	2  93  80 
 125	2  64  75 
 127	6  97  94 
 127	6  76  66 
 123	6  78  68 
 127	6  81  80 
 131	6  13  12 
 133	2  28  16 
 135	2  49  89 
 133	2  53  42 
 137	2  42  23 
 139	2  52  32 
 137	2  75  58 
 139	2  49  38 
 135	2   8  16 
 139	2  79  89 
 137	6   7   5 
 141	2  79  39 
 137	6  11   2 
 131	6  30  20 
 131	6  60  50 
 133	6  92  81 
 137	6  35  26 
 139	6  92  75 
 143	2  26  27 
 143	2  19  39 
 137	6  50  40 
 141	6  53  43 
 145	2  46  86 
 143	6   5   2 
 147	2  86  84 
 147	2  56  69 
 141	6  24  23 
 143	6  51  30 
 145	6  19  18 
 149	2  76  75 
 151	2  86  65 
 151	2  69  29 
 147	6  72  63 
 147	6  43  33 
 149	6  21  14 
 153	2  46  54 
 155	2  21  40 
 155	2  56  16 
 153	6  82  72 
 157	2  66  43 
 153	6  19   9 
 153	6  49  39 
 159	6  55  27 
 159	6  72  51 
 153	6  97  89 
 159	6  89  59 
 157	6  21  10 
 165	6  68  38 
 165	2  23  51 
 167	2  33   2 
 167	2  71  84 
 169	2  71  61 
 169	2  24  33 
 159	6  97  96 
 169	6  55  53 
 175	2  55  67 
 171	6  51  41 
 169	6  96  83 
 175	2  72  83 
 171	6  99  79 
 165	6   8   6 
 171	6  33  24 
 169	6  20   2 
 171	6  38  16 
 177	6  23   4 
 177	2  59  68 
 179	2  78  68 
 177	2  61  65 
 179	2  83  85 
 181	2  61  73 
 181	2  65  45 
 181	2  69  57 
 177	6  29  27 
 175	6  30  20 
 179	6  43  42 
 183	2  24   6 
 183	2  49  79 
 183	2  75  66 
 183	2  62  73 
 181	6  40  30 
 185	2  16  45 
 181	6  94  93 
 187	6  60  40 
 187	2  35  63 
 189	2  27   5 
 189	2  93  63 
 191	2  53  73 
 191	2  16  14 
 185	6  59  49 
 185	6  79  67 
 191	6  47  19 
 193	6  72  51 
 197	2  49  17 
 191	6  86  78 
 191	6  93  92 
 185	6  22  21 
 193	6  24  14 
 191	6  33  22 
 197	6  45  43 
 199	2  92  60 
 199	6  16  13 
 199	6  58  47 
 197	6  67  66 
 197	6  75  64 
 199	6  39  19 
 201	6  40  20 
 205	2  64  33 
 205	2  18  16 
 207	6  46  44 
 203	6  94  86 
 209	2  94  72 
 211	2  60  72 
 207	6  21  14 
 207	6  66  65 
 205	6  78  58 
 207	6  27  17 
 211	6  96  78 
 213	2  18  14 
 215	2  51  23 
 213	6  65  64 
 217	2  36  58 
 219	2  23  54 
 221	2  45  48 
 211	6  93  92 
 217	6  96  93 
 213	6  10   0 
 217	6  90  71 
 219	6  78  77 
 223	2  47  24 
 223	2  63  93 
 219	6  30  10 
 223	6  96  86 
 225	2  57  35 
 225	2  53  63 
 227	2  64  41 
 225	2  93  81 
 229	2  93  71 
 229	2  67  38 
 231	2  57  68 
 229	2  41  42 
 231	2  43  32 
 227	6  25  14 
 229	6  64  45 
 233	2  23  20 
 233	2  27  58 
 235	6  51  30 
 235	2  45  15 
 237	2   5  15 
 239	2  37   5 
 237	2  63  43 
 241	6  69  46 
 241	2  81  51 
 243	2  20  13 
 231	6  86  76 
 231	6  95  94 
 237	6  94  75 
 247	6  56  25 
 253	6  66  26 
 243	6  81  52 
 245	6  22  12 
 249	6  83  71 
 245	6  31  30 
 251	6  31  22 
 249	6  52  43 
 259	2  77  56 
 259	2  15   8 
 255	2  52  72 
 257	2  72  93 
 259	2  72  84 
 257	6  32  21 
 261	2  66  83 
 257	6  41  40 
 257	6  44  43 
 247	6  69  59 
 259	6  59  48 
 263	2  51  54 
 263	6  87  79 
 265	2  64  54 
 265	2  51  41 
 267	2  53  46 
 261	6  24  16 
 267	2  22  24 
 263	6  84  83 
 265	6  38  28 
 269	2  84  87 
 269	2  36  44 
 255	6  90  80 
 261	6  80  70 
 271	6  55  34 
 271	2  52  73 
 273	6  70  52 
 277	2  87  56 
 273	6  75  74 
 267	6  17   8 
 269	6  15  13 
 271	6  94  92 
 269	6  40  31 
 271	6  59  38 
 269	6  11   1 
 275	6  16   4 
 279	2  39  47 
 281	2  39  48 
 279	2  42  74 
 281	2  41  34 
 281	2  75  74 
 275	6  12  11 
 279	6  97  77 
 283	2  52  24 
 285	6  61  33 
 285	2  76  59 
 287	2  76  86 
 289	2  66  86 
 281	6  27  17 
 281	6  92  83 
 287	6  59  27 
 291	2  34  24 
 291	2  76  96 
 291	2  63  40 
 291	6  22  13 
 293	2  74  77 
 297	2  48  44 
 299	2  32  45 
 295	2  77  87 
 299	2  27  16 
 299	2  77  59 
 293	6  61  50 
 295	6  95  85 
 295	6  83  73 
 299	6  71  62 
 301	2  84  56 
 303	2  35  46 
 305	6  34  27 
 311	6  43  31 
 311	2  35  25 
 303	6  59  58 
 303	6  87  84 
 309	6  85  78 
 311	6  14  13 
 281	6  10   0 
 311	6  48  27 
 299	6  60  50 
 305	6  81  60 
 305	6  63  62 
 311	6  55  46 
 311	6  64  63 
 311	6  81  72 
 301	6  11   2 
 307	6  11  10 
 301	6   6   5 
 313	6  10   1 
 317	2  48  78 
 317	2  44  25 
 317	2  84  61 
 317	6  32  23 
 319	2  27  45 
 319	2  84  85 
 321	2  85  72 
 317	6  91  90 
 323	6  35  33 
 323	6  86  66 
 321	6  48  37 
 319	6  78  69 
 327	2  48  69 
 323	6  91  62 
 323	6   3   0 
 329	6  97  84 
 329	2  61  31 
 329	2  47  35 
 331	2  56  43 
 333	2  51  22 
 333	2  56  46 
 311	6  19   8 
 321	6  29  19 
 329	6   5   4 
 327	6  28  27 
 333	6  48  29 
 335	2  61  84 
 335	2  45  15 
 337	2  15  25 
 337	2  43  11 
 335	6  87  78 
 339	2  35  18 
 339	2  51  74 
 339	6   5   3 
 341	2  69  48 
 341	2  43  22 
 343	2  65  42 
 345	6  43  31 
 345	2  67  46 
 345	6  23  13 
 343	6  11   1 
 347	6  76  58 
 351	2  22  11 
 351	2  53  42 
 347	6  45  35 
 341	6  29  18 
 347	2  18   5 
 337	6  90  81 
 343	6  93  81 
 349	6  27  26 
 353	2   4   1 
 353	2  64  76 
 349	6  94  93 
 355	6  84  56 
 361	2  45  54 
 363	2  55  43 
 355	6   5   2 
 355	6  31  21 
 353	6  39  38 
 345	6  60  50 
 353	6  78  69 
 359	6  69  49 
 349	6  19   8 
 351	6  81  60 
 361	6  84  81 
 365	2  34  52 
 367	2  55  37 
 361	6  16   5 
 361	6  22  11 
 367	2  24  22 
 361	6  77  67 
 367	6  83  51 
 369	2  49  27 
 371	2  24  26 
 371	2  49  19 
 359	6  89  88 
 367	6   5   3 
 369	6  66  45 
 373	2  41  73 
 373	6  27   5 
 375	2  95  76 
 377	2  66  76 
 375	2  32  72 
 377	2  32  40 
 377	2  95  84 
 365	6  98  79 
 373	6  79  59 
 375	6  45  35 
 379	2  22  51 
 379	2  86  84 
 379	6  67  48 
 381	2  54  23 
 381	2  20  40 
 381	2  86  88 
 385	2  84  88 
 387	2  56  27 
 389	6  75  54 
 389	2  27  59 
 395	2  56  39 
 397	6  24  17 
 383	6  52  41 
 397	2  52  84 
 399	2  84  83 
 397	6  59  56 
 399	6  52  50 
 403	2  74  56 
 399	6  32  31 
 399	6  92  81 
 403	6  26  14 
 405	2  54  32 
 407	2  74  93 
 403	6  39  19 
 409	6  34  32 
 409	2  47  39 
 411	2  37  47 
 411	2  19  39 
 409	6  14  13 
 409	6   6   5 
 409	6  64  53 
 403	6  77  68 
 415	6  64  47 
 415	6  14   5 
 409	6  96  94 
 421	6  44  37 
 421	6  15   6 
 383	6  20  11 
 389	6  11   2 
 405	6  81  61 
 415	6  96  77 
 427	2  27  34 
 429	2  55  38 
 431	2  56  52 
 433	2  39  47 
 433	2  53  34 
 433	2  67  77 
 421	2  96  93 
 423	2  96  99 
 435	6  39  26 
 435	6  52  44 
 415	6   3   2 
 427	6   5   4 
 425	6  99  79 
 433	6  74  73 
 421	6  13  12 
 423	6  93  82 
 425	6  96  85 
 427	6  22  12 
 433	6  82  71 
 435	6  87  68 
 433	6  21   2 
 439	6  83  70 
 441	2  14  44 
 441	2  48  39 
 443	2  39  79 
 443	2  35  13 
 439	6  31  21 
 441	6  62  52 
 445	2  47  49 
 445	6  77  74 
 445	6  27  18 
 445	6  34   5 
 447	6  48  39 
 451	2  24  54 
 451	2  79  77 
 453	6  45  15 
 453	2  48  68 
 453	2  72  85 
 455	2  31  71 
 457	2  31  11 
 457	2  62  70 
 455	2  99  77 
 455	6  95  85 
 459	2  54  61 
 455	6  37  27 
 453	6  29   8 
 459	2   8   5 
 455	6  58  48 
 457	6  77  76 
 461	2  16  46 
 461	2  22  52 
 461	6  49  29 
 463	2  67  45 
 463	2  61  60 
 465	2  34  74 
 467	6  43  41 
 467	2  72  75 
 469	2  75  86 
 471	2  75  76 
 473	6  66  44 
 479	6  43  36 
 479	2  86  76 
 481	2  66  68 
 481	2  86  85 
 469	6  91  72 
 475	6  82  60 
 461	6   4   3 
 467	6   6   4 
 473	6  29   8 
 479	2   8   6 
 467	6   2   1 
 473	6  14   2 
 467	6  22  21 
 479	6  20   2 
 481	6  73  61 
 485	2  45  14 
 483	6  86  69 
 487	2  54  52 
 487	2  29  36 
 485	6  32  22 
 489	2  26  34 
 489	6  85  83 
 491	2  47  54 
 491	2  20  60 
 491	2   8  15 
 493	2  45  54 
 493	2  51  11 
 489	6  88  69 
 493	6  57  37 
 495	2  34   5 
 497	2  23  52 
 495	6  86  75 
 499	2  50  51 
 495	6  69  49 
 495	6  83  81 
 495	6  30  20 
 497	6  45  44 
 499	6  17  13 
 503	2  45  66 
 505	6  44  13 
 511	2  13   3 
 505	2  37  17 
 511	2  45  44 
 501	6  92  70 
 507	6  49  48 
 501	6  40  30 
 507	6  70  40 
 501	6  96  79 
 501	6  74  73 
 507	6  79  69 
 507	6  85  77 
 507	6  27  16 
 505	6  29  19 
 513	6  81  60 
 513	2  57  74 
 515	2  57  87 
 513	2  13  30 
 517	2  57  29 
 515	6  20   3 
 521	2  20  40 
 519	2  36  48 
 521	2  58  77 
 515	6  74  53 
 515	6  34  33 
 523	6  54  47 
 529	2  47  48 
 523	2  31  60 
 529	2  77  66 
 529	2  31  24 
 521	6  94  85 
 531	6  45  34 
 521	6  29  17 
 531	2  69  29 
 533	2  29  17 
 533	2  59  69 
 535	2  59  78 
 525	6  72  62 
 531	6  90  60 
 531	6  21   1 
 529	6  53  43 
 531	6  14   4 
 531	6  66  56 
 529	6  75  74 
 527	6  94  83 
 537	6  62  32 
 535	6  85  75 
 537	6   4   2 
 537	6  48  47 
 543	6  37   6 
 543	2  74  81 
 545	2  74  75 
 543	2  33  32 
 545	2  82  81 
 547	2  42  73 
 537	6  56  55 
 543	6  21  11 
 537	6  77  69 
 543	6  59  49 
 543	6  60  50 
 549	6  43  23 
 549	2  90  81 
 551	2  83  70 
 553	2  83  61 
 547	6  86  78 
 549	6   5   4 
 549	6  11   2 
 549	6  49  27 
 543	6  55  45 
 549	6  65  56 
 555	6  57  17 
 555	2  40  42 
 557	2  20  50 
 555	2  23  14 
 557	2  32  42 
 559	2  21  50 
 555	6   3   2 
 555	6  95  82 
 555	6  64  63 
 561	6  27   5 
 561	2  81  85 
 563	2  21  52 
 567	2   5   3 
 563	2  95  66 
 563	2  82  70 
 565	2  43  75 
 567	2  40  43 
 561	2  69  49 
 567	2  29  27 
 553	6  99  89 
 563	6  89  69 
 563	6  49  48 
 565	6  82  70 
 569	2  21   1 
 569	2  58  55 
 569	2  25  27 
 571	6  95  83 
 571	2  52  63 
 571	2  58  67 
 571	2  45  55 
 571	2  23  12 
 577	2  82  94 
 573	2  66  64 
 575	2  52  44 
 577	2  42  12 
 575	2  37  67 
 577	2  65  64 
 577	2  27  46 
 573	6  25  24 
 577	6  59  39 
 583	2  25  48 
 579	6  75  63 
 571	6  70  60 
 579	6   3   2 
 579	6  42  22 
 577	6  96  87 
 577	6  60  50 
 583	6  50  30 
 585	2  29  69 
 585	2  74  43 
 587	2  37  15 
 587	2  77  73 
 585	6  12   1 
 589	2  74  42 
 589	6  47  25 
 591	2  74  71 
 595	2  66  97 
 591	2  30   2 
 595	2  43  12 
 593	6  83  60 
 597	2  77  59 
 597	2  45  13 
 599	6  72  42 
 599	2  47  87 
 605	2  91  73 
 605	2  67  35 
 601	6  97  95 
 599	6  60  50 
 599	6   3   2 
 601	6  38  28 
 605	6  50  21 
 607	2  26  56 
 607	2  84  72 
 609	2  83  86 
 611	6  21  13 
 611	2  85  87 
 613	2  73  56 
 609	6  34  25 
 611	6  70  50 
 607	6  49  29 
 613	6  29  17 
 617	2  31  63 
 617	2  13  14 
 613	6  87  78 
 615	6  47  35 
 619	2  13   6 
 619	6  76  64 
 621	2  14  36 
 623	2  17  14 
 619	6  43  41 
 619	6  68  59 
 617	6  80  60 
 625	6  59  27 
 625	2  64  62 
 625	6  13   3 
 625	6  50  30 
 625	6  76  56 
 615	6  95  93 
 623	2  80  93 
 625	6  43  34 
 625	6  95  93 
 631	6  96  68 
 631	2  27  34 
 633	2  24  34 
 637	2  56  38 
 631	6  92  73 
 625	6  80  70 
 631	6  70  51 
 639	6  53  36 
 637	6  82  70 
 637	6  68  59 
 633	6   8   6 
 637	6  96  94 
 643	2  82  94 
 631	6  21  11 
 635	6  23  13 
 639	6  29   8 
 641	6  11   4 
 645	2  72  94 
 647	2  51  44 
 649	2  70  72 
 645	2  27  29 
 647	2  29  59 
 649	2  24  36 
 643	6  86  75 
 647	6  20  11 
 651	2  39  36 
 651	2  82  71 
 651	2  53  63 
 647	6   5   4 
 647	6  32  22 
 643	6  78  77 
 649	6  77  65 
 653	2  70  41 
 653	2  14  35 
 653	2  39  18 
 653	6  73  63 
 655	2  70  91 
 655	2  27  46 
 657	2  27  16 
 655	2  39  59 
 657	2  67  59 
 649	6  96  85 
 655	6  22  14 
 659	2  65  47 
 655	6  96  87 
 653	6   2   1 
 655	6  19   8 
 655	6  52  43 
 661	6  39  26 
 667	2  36   8 
 661	2  22  42 
 667	2  59  39 
 669	2  46  28 
 671	2  55  23 
 661	6  87  78 
 657	6  93  81 
 661	6  73  62 
 673	2  32  36 
 675	2  67  58 
 675	2  63  34 
 677	6  34  16 
 677	2  78  48 
 683	2  30  52 
 683	2  36  55 
 679	2  59  48 
 679	6  29  28 
 677	6  74  73 
 663	6  95  93 
 673	6   3   2 
 669	6  93  81 
 679	6  95  77 
 679	6   4   3 
 683	6   8   6 
 685	2  53  21 
 687	2  20  21 
 687	2  51  53 
 683	6  82  70 
 685	6  77  47 
 689	2   6  16 
 689	2  51  50 
 689	2  71  62 
 685	6  85  84 
 691	2  17  48 
 691	2  52  84 
 689	6  22  21 
 693	2  51  52 
 693	2  77  74 
 693	2  47  38 
 695	2  38  69 
 697	2  17  26 
 699	2  67  38 
 695	6  74  62 
 687	6  24   3 
 695	6  32  20 
 693	6  82  81 
 693	6  44  24 
 699	6   6   4 
 701	2  42  65 
 703	2  65  87 
 705	6  53  36 
 705	2  76  69 
 707	2  86  84 
 711	6  77  58 
 711	2  45  26 
 713	2  26  46 
 713	2  65  85 
 715	2  14  18 
 711	6  62  30 
 717	6  61  53 
 717	2  30  12 
 717	2  18   6 
 719	2   5  28 
 723	2  76  44 
 721	2   5  13 
 725	6  74  54 
 725	2   4  22 
 725	2  36  18 
 731	2  57  53 
 733	6  54  45 
 733	2  76  78 
 735	2  78  66 
 737	2  66  56 
 739	6  56  45 
 739	2  76  84 
 737	6  69  68 
 727	6  15  12 
 727	6  28  27 
 723	6  81  71 
 733	6  52  31 
 739	2  72  52 
 733	6  33  23 
 739	6  31  12 
 733	6  37  15 
 729	6  70  60 
 739	6  48  37 
 735	6  60  50 
 739	6  64  54 
 741	6  95  92 
 745	2  33  50 
 747	2  64  83 
 749	2  53  31 
 751	2  54  31 
 745	2  36  47 
 747	2  47  27 
 749	2  47  58 
 751	2  77  58 
 747	6  61  60 
 749	6  92  80 
 753	2  44  40 
 753	2  77  95 
 749	6  28  16 
 753	6  59  48 
 759	2  58  18 
 755	2  54  23 
 755	2  50  80 
 757	2  50  30 
 759	2  60  30 
 753	6  73  72 
 757	6  75  54 
 761	2  31  30 
 757	6  35  33 
 759	6  82  72 
 763	2  32  54 
 763	2  59  87 
 761	6  16  15 
 765	2  45  22 
 761	6  29   8 
 765	6  87  85 
 767	2  59  29 
 769	2  59  28 
 767	2  45  52 
 761	6  80  70 
 767	6  23  15 
 771	2  85  53 
 769	6  46  35 
 773	2  53  33 
 771	6  78  58 
 775	2  33  63 
 767	6  70  60 
 773	6  60  40 
 779	2  23  40 
 781	2  23  11 
 777	2  27  56 
 779	2  47  27 
 781	2  47  59 
 777	6  72  53 
 773	6   6   5 
 779	6   8   6 
 783	2  53  34 
 777	6  88  78 
 779	6  96  76 
 781	6  40  31 
 785	2   6  34 
 783	6  57  49 
 787	2  42  53 
 773	6  91  80 
 783	6  92  90 
 783	6  61  51 
 783	6  78  69 
 785	6  97  75 
 791	2  57  53 
 793	6  76  55 
 789	6  92  83 
 787	6  35  25 
 793	6  37  36 
 793	6  57  48 
 793	6  69  59 
 789	6  80  70 
 787	6  13   6 
 793	6  42  13 
 799	6  60  42 
 805	2  23  55 
 805	2  82  60 
 807	6  54  22 
 807	2  60  90 
 809	2  82  81 
 799	6  87  85 
 799	6  48  27 
 805	6  59  28 
 805	6  78  77 
 807	6  94  93 
 807	6  15   5 
 811	6  87  59 
 813	2  31  34 
 815	2  53  83 
 817	6  75  53 
 817	2  46  28 
 819	2  27   4 
 821	2  27  24 
 815	6  21  11 
 811	6  71  61 
 817	6  90  60 
 823	6  65  44 
 823	2  82  62 
 825	2  90  93 
 823	2  22  15 
 823	6  60  50 
 825	6  31  20 
 829	2  46  77 
 831	6  74  55 
 831	2  22  50 
 833	2  40  50 
 835	2  50  30 
 837	6  55  36 
 843	2  66  35 
 837	6  63  61 
 827	6  82  80 
 817	6  59  49 
 833	6  42  32 
 823	6  49  39 
 837	6  95  84 
 825	6  17   6 
 833	6  13   5 
 829	6  59  49 
 839	6   6   5 
 835	6  69  59 
 837	6  30  21 
 839	6  43  42 
 843	6  50  30 
 845	2  93  74 
 847	2  93  92 
 845	2  34  12 
 847	2  12   2 
 845	2  47  46 
 847	2  34  53 
 847	2  74  84 
 841	6  88  69 
 843	6  71  70 
 845	6  76  67 
 849	2   2  14 
 849	2  31  53 
 851	6   5   3 
 851	2  28  35 
 853	2  73  56 
 857	2  14   4 
 855	2  55  51 
 857	2  93  75 
 857	2  12  33 
 847	6  97  88 
 853	6  97  96 
 853	6  38  27 
 847	6  59  49 
 857	6  71  50 
 859	2  31  32 
 863	2  72  85 
 861	2  32  13 
 859	2  54  35 
 859	6  38  29 
 857	6  67  56 
 865	6  84  62 
 863	6  44  43 
 863	6  21   3 
 869	2  30  21 
 859	6  16  15 
 865	6  24  15 
 863	6  90  80 
 853	6  79  59 
 859	6  88  79 
 863	6  58  46 
 869	2  46  44 
 865	6  77  66 
 865	6  29  18 
 869	6  12   2 
 871	2  88  84 
 873	2  71  83 
 873	2  65  68 
 871	6  24  23 
 875	2  93  76 
 875	2  62  42 
 871	6  27   5 
 871	6  50  30 
 875	6  44  35 
 877	2  22   5 
 877	2  88  68 
 879	2  12  30 
 877	2  75  82 
 879	2  71  81 
 879	2  85  87 
 881	2  54  25 
 879	2  68  67 
 881	2  92  96 
 883	6  93  73 
 883	2  14  25 
 885	2  16  56 
 887	2  16  36 
 887	2  76  77 
 889	2  84  95 
 889	2  36  17 
 887	2  21  43 
 881	6  61  51 
 889	2  51  23 
 877	6  39  29 
 891	6  19  16 
 891	2  64  57 
 893	2  75  78 
 897	2  28  35 
 899	2  36  13 
 901	2  57  34 
 895	2  95  86 
 891	6  80  40 
 895	6  73  63 
 897	6  81  71 
 895	6  88  79 
 897	6  40  20 
 897	6  86  75 
 901	6  63  52 
 903	2  13  20 
 903	6  58  45 
 901	6  29  27 
 903	6  87  75 
 901	6  93  83 
 903	6  70  60 
 905	6  30  13 
 911	2  23  53 
 909	6  68  39 
 913	2  23  16 
 909	6  97  86 
 915	6  57  38 
 915	2  52  22 
 917	2  13  35 
 917	2  30  60 
 919	2  22  53 
 909	6  75  65 
 915	6  78  76 
 907	6  90  82 
 913	6  82  81 
 919	6  83  71 
 921	2  53  32 
 923	2  32  45 
 925	2  45  36 
 921	2  68  87 
 925	2  64  76 
 921	6  49  29 
 919	6  16   4 
 919	6  50  40 
 923	6  79  68 
 927	2  65  42 
 923	6  97  96 
 929	6  51  32 
 929	2  68  49 
 925	6  81  70 
 925	6   5   2 
 935	2  30  70 
 931	2   5  35 
 933	2   5  27 
 931	6  12   2 
 929	6  86  64 
 935	2  53  64 
 935	6  89  49 
 941	2  63  66 
 943	2  43  25 
 943	2  88  66 
 945	6  34  26 
 945	2  97  89 
 945	2  51  71 
 947	2  63  71 
 947	2  77  97 
 949	2  63  62 
 951	6  56  43 
 947	6  89  69 
 937	6  20  12 
 935	6  95  85 
 943	6   4   3 
 941	6  85  84 
 943	6  30  20 
 947	6  84  83 
 957	6  83  43 
 957	6  88  57 
 949	6  60  50 
 935	6   8   7 
 955	6  70  60 
 941	6   7   6 
 949	6   6   5 
 955	6  10   3 
 941	6  49  39 
 947	6  39  28 
 953	6  28  26 
 959	6  25  15 
 965	2  32  25 
 963	2  68  85 
 963	2  62  81 
 965	2  84  88 
 961	6  11  10 
 965	6  81  70 
 967	2  11  41 
 967	2  87  88 
 969	2  42  30 
 969	2  86  87 
 967	6  26  14 
 971	2  63  43 
 971	2  30  60 
 959	6  39  38 
 967	6  69  68 
 973	6  70  41 
 969	6  22  12 
 965	6  56  48 
 967	6  95  94 
 971	6  66  55 
 973	6  74  63 
 979	6  31  24 
 979	2  81  84 
 981	2  70  93 
 983	2  84  94 
 979	6  63  53 
 965	6  28  18 
 971	6  48  29 
 977	6  68  28 
 983	6  76  68 
 989	2  33  64 
 991	2  56  73 
 991	2  11  14 
 983	6  97  88 
 983	6  90  70 
 983	6  28   7 
 985	6  41  40 
 989	6  49  28 
 993	2  30  32 
 993	2  12  11 
 993	2  16  14 
 993	2  76  93 
 989	6  70  60 
 989	6  89  79 
 993	6  46  35 
 995	2  61  83 
 997	2  93  72 
 995	2  39  68 
 993	6  54  44 
 999	6  84  76 
 999	2   7  25 
1001	2  33  16 
1003	2  17  14 
 997	6  60  40 
1005	6  82  70 
1005	2  41  34 
1005	2  56  75 
1007	2  32  55 
1009	2  36  43 
 997	6  89  88 
 995	6  97  96 
 997	6  58  49 
1003	6  79  68 
1005	6  88  87 
1005	6   5   3 
1005	6  29  18 
1005	6  96  95 
1009	6  30  11 
1011	2  72  54 
1013	2   4  34 
1013	2  84  80 
1009	6  67  66 
1011	6  47  37 
1015	2  72  95 
1017	2  55  47 
1019	2  13  53 
1011	6  39  29 
1015	6  40  30 
1015	6  68  67 
1021	6  65  33 
1021	6  59  39 
1021	6  18  16 
1027	6  30   2 
1027	2  54  67 
1027	2  81  83 
1029	2  75  47 
1029	2  81  90 
1031	2  83  80 
1031	2  55  48 
1027	6  15   7 
1033	2  78  46 
1033	2  84  92 
1033	2  11   3 
1033	2  32  33 
1029	6  62  52 
1033	6  19   6 
1035	2  53  23 
1037	2  83  87 
1033	6  80  70 
1039	6  94  82 
1039	2  59  87 
1041	2  59  68 
1039	2  14   2 
1041	2  13  17 
1043	2   2   6 
1039	6  90  80 
1033	6  50  30 
1041	6  76  56 
1045	2  70  50 
1045	2  14   3 
1043	6  68  48 
1047	2  13  15 
1047	2  50  30 
1049	6  38  26 
1049	2  31   3 
1049	2  94  66 
1051	2  53  61 
1053	2  31  33 
1053	2  64  66 
1055	6  58  55 
1055	2  71  40 
1051	6  95  93 
1055	6  26  24 
1051	6  12   2 
1057	6  32  21 
1061	2  14  27 
1057	6  82  50 
1041	6  97  88 
1057	6  97  85 
1061	6  67  54 
1063	2  82  93 
1063	2  22  50 
1065	2  50  10 
1063	6  36  28 
1067	2  23  54 
1063	6  85  84 
1067	6  92  70 
1069	2  56  25 
1071	2  66  46 
1071	2  28   6 
1071	2  43  54 
1073	6  66  54 
1073	2  93  61 
1073	2  18  48 
1073	6  34  25 
1063	6  97  89 
1075	6  97  69 
1081	2  95  55 
1075	6  92  82 
1075	6  38  17 
1075	6  80  71 
1067	6  10   1 
1079	2   4   1 
1067	6  31  30 
1075	6  51  30 
1081	6  41  13 
1083	2  82  65 
1085	2  47  55 
1081	6  69  59 
1081	6  89  78 
1081	6  16   6 
1081	6  28  19 
1085	6  74  72 
1087	2  78  38 
1089	2  78  49 
1087	2  22  44 
1089	2  33  15 
1091	6  87  79 
1091	2  18  49 
1091	2  52  24 
1093	2  13  14 
1093	2  84  61 
1093	2  48  35 
1095	2  82  62 
1095	2  14  18 
1097	6  36  23 
1097	2  87  66 
1099	2  49  68 
1097	2  51  73 
1099	2  84  73 
1101	2  82  84 
1087	6  10   1 
1097	6  18  17 
1099	6  70  51 
1103	2  13   4 
1105	2  52  12 
1107	2  34  51 
1103	6  78  48 
1099	6  66  65 
1105	6  90  81 
1109	2  36  59 
1109	2  52  53 
1109	2  40  10 
1099	6  97  96 
1105	6  96  84 
1105	6   6   5 
1107	6  65  64 
1111	2  51  81 
1111	2  48  36 
1111	6  95  87 
1113	2  34  42 
1115	2  32  35 
1111	6   5   3 
1103	6  19  18 
1117	2  43  83 
1119	2  64  41 
1113	2  59  19 
1119	2  14  37 
1113	6  80  70 
1115	6  68  59 
1119	6  92  80 
1121	2  75  44 
1123	2  31  35 
1125	6  45  42 
1125	2  84  81 
1125	6  60  50 
1121	6  13   3 
1123	6  67  66 
1127	6  95  92 
1131	2  42  51 
1131	2  66  45 
1133	6  77  54 
1133	2  92  60 
1121	6  39  18 
1127	6  15   4 
1125	6  11  10 
1127	6  48  28 
1133	6  48  47 
1133	6  28  16 
1131	6  22  11 
1137	2  32  22 
1133	6  24   4 
1135	6  93  70 
1139	2  28  57 
1139	2  44  23 
1131	6  30  20 
1137	6  40  20 
1141	2  54  26 
1139	6  79  69 
1143	2  25  45 
1143	2  42  70 
1139	6   4   3 
1141	6  93  86 
1147	2  92  93 
1147	2  70  30 
1145	2  16  34 
1147	2  67  47 
1141	6  49  39 
1143	6  65  64 
1149	6  95  76 
1149	2  69  38 
1149	6  32  13 
1147	6  34  25 
1149	6  81  62 
1151	6  49  37 
1155	2  32  62 
1149	6  50  40 
1149	6  57  56 
1153	6  25  15 
1157	2  22  54 
1159	6  70  30 
1159	2  24  56 
1161	2  68  76 
1165	2  41  32 
1163	2  76  95 
1165	2  68  75 
1159	6  63  53 
1161	6  27   4 
1161	6  44  34 
1167	6  46  26 
1167	2  40  23 
1169	2  43  32 
1167	2  78  74 
1173	2  65  37 
1175	2  74  45 
1177	2  25  53 
1169	2  68  59 
1169	6  71  60 
1171	6  21  12 
1175	6  60  40 
1179	2  22  34 
1179	2  53  54 
1181	2  41  20 
1181	2  25  26 
1177	6  85  84 
1175	6  58  38 
1179	6  66  46 
1183	2  30  32 
1185	6  40   0 
1185	2  85  66 
1185	2  27  47 
1187	2  47  77 
1189	2  76  77 
1181	6  63  53 
1183	6  83  72 
1179	6   4   3 
1167	6  19   8 
1185	6  34  23 
1173	6   8   7 
1179	6   7   6 
1185	6   6   4 
1189	6  57  36 
1191	2  63  94 
1195	2  34  56 
1197	2  57  86 
1191	2   0   3 
1197	2   0   4 
1197	6  72  64 
1199	2   4   6 
1199	2  57  28 
1201	2   6   8 
1203	6  94  77 
1203	2  36   4 
1205	2  64  44 
1207	2  36  34 
1209	6  54  34 
1209	2  78  77 
1215	2  74  56 
1205	6  15   6 
1211	6  78  68 
1203	6  18   8 
1191	6  51  41 
1209	6  38  18 
1197	6  52  42 
1181	6  80  70 
1209	6  95  86 
1191	6  70  60 
1197	6  60  40 
1203	6  40  21 
1217	2  55  38 
1219	2  77  69 
1221	2  56  48 
1211	2   4  21 
1219	2  40  62 
1213	2  12  21 
1215	2  12  24 
1221	2  40  53 
1203	6  81  70 
1209	6  80  70 
1215	6  92  81 
1217	6  15  13 
1215	6  98  96 
1221	6  98  79 
1223	2  94  54 
1223	2  48  49 
1223	2  15  18 
1225	2  36  46 
1225	2  41  13 
1221	6  80  71 
1213	6  10   0 
1227	6  70  50 
1227	2  86  55 
1227	2   4   0 
1229	2  86  58 
1231	2  16  46 
1229	6  23   3 
1235	2  13  31 
1233	2  48  46 
1237	6  15  11 
1225	6  92  73 
1243	2  42  23 
1243	2  11  10 
1245	2  64  35 
1235	6  57  38 
1237	6  50  40 
1233	6  70  61 
1241	6  89  77 
1247	6  65  45 
1231	6  94  92 
1239	6  72  71 
1241	6  59  29 
1245	6  82  80 
1245	6  13   3 
1247	6  29   7 
1253	6  45  43 
1247	6  62  61 
1247	6  37  26 
1245	6  40  10 
1237	6  96  94 
1251	6  24  12 
1257	2  10  12 
1251	6  50  41 
1251	6  90  81 
1253	6   7   5 
1253	6  38  28 
1253	6  63  62 
1247	6  68  57 
1253	2  79  68 
1259	2  73  66 
1259	2  10  31 
1255	2  79  59 
1261	6  25  22 
1261	2  67  63 
1263	2  56  66 
1263	2  52  40 
1267	2  33  73 
1263	6  89  88 
1263	6  59  58 
1257	6  90  80 
1263	6  70  60 
1269	6  86  58 
1269	2  60  40 
1269	2   5  23 
1271	2  22  32 
1273	2  23  44 
1261	6   1   0 
1259	6  28  18 
1267	6  20  10 
1271	6  60  50 
1275	2  20  23 
1275	2  68  85 
1267	6   2   1 
1269	6  72  52 
1277	6  81  60 
1277	2  33  34 
1277	2  66  69 
1279	2  43  11 
1281	2  44  63 
1279	2  68  96 
1271	6  15   5 
1277	6  15  14 
1267	6  28  27 
1273	6  36  27 
1283	6  50  31 
1283	2  45  38 
1285	2  45  25 
1283	2  73  85 
1285	2  73  75 
1287	2  81  83 
1287	2  75  77 
1281	6  11   1 
1283	6  53  52 
1281	6  89  69 
1287	6  45  25 
1289	2  86  82 
1291	2  66  85 
1285	6  47  38 
1287	6  69  59 
1287	6  12  11 
1277	6   7   6 
1283	6   6   4 
1289	6  33  31 
1293	2  37  77 
1295	6  17  13 
1291	6  71  62 
1295	6  86  66 
1291	6  93  83 
1289	6  60  50 
1293	6  64  54 
1295	6  43  42 
1295	6  50  30 
1297	6  84  73 
1301	2  33  26 
1301	2  11  30 
1301	6  88  76 
1303	2  30  52 
1305	2  53  36 
1305	2  21  13 
1295	6  68  59 
1297	6  80  70 
1303	6  82  71 
1307	2  36  68 
1301	6  96  95 
1309	6  39  16 
1315	2  36  43 
1307	6  40  20 
1307	6  13   2 
1309	6  71  61 
1309	6  77  68 
1307	6  95  74 
1313	6  83  75 
1317	2  47  68 
1317	2  33  16 
1313	6  30  10 
1315	6  71  60 
1319	2  45  67 
1321	6  53  31 
1321	2  57  17 
1323	2  75  77 
1319	6  10   1 
1319	6  13   4 
1321	6  34  24 
1321	6  61  50 
1327	6  73  44 
1333	2  23  54 
1335	2  45  47 
1335	2  31  13 
1335	2  53  74 
1323	6  69  59 
1337	6  23  14 
1337	2  34  44 
1337	2  32  31 
1337	2  75  71 
1339	2  75  57 
1339	2  40  70 
1341	2  52  72 
1337	6  12  11 
1323	6  17   7 
1329	6  27  17 
1339	6  35  16 
1343	2   3  13 
1343	2  72  71 
1343	2  32  20 
1341	6  59  48 
1345	2   1   5 
1345	2  72  83 
1341	6  77  65 
1345	6  53  42 
1347	2  66  26 
1345	6  33  23 
1351	6  44  25 
1357	2  33  62 
1357	6  26   5 
1359	2  53  76 
1363	2  27  25 
1361	2  65  63 
1363	2  44  65 
1309	6  98  89 
1329	6  89  79 
1349	6  48  47 
1335	6  98  89 
1347	6  79  69 
1341	6  50  40 
1361	2  11  40 
1347	6  92  80 
1353	6  69  59 
1359	6  69  49 
1363	6  11   3 
1365	2  27  55 
1367	2  43  63 
1367	2  26  47 
1361	6  96  93 
1353	6  80  70 
1363	6  70  40 
1367	6  59  39 
1369	2   3   7 
1371	2   3  16 
1369	2  62  55 
1371	2  44  41 
1373	6  37  17 
1373	2  62  30 
1375	2  30  60 
1377	2  51  41 
1373	6  39  29 
1373	6  13   5 
1367	6  95  88 
1373	6  96  66 
1373	6  45  35 
1375	6  83  63 
1379	2  47  87 
1379	2  41  40 
1381	6  43  30 
1381	2  69  87 
1381	2  17   4 
1383	2  87  77 
1383	2   4  25 
1385	2  26  29 
1387	6  44  16 
1393	2  36  25 
1387	2  51  62 
1395	2  36  43 
1385	6  77  67 
1381	6  93  81 
1389	2  60  81 
1391	6  67  57 
1385	6  96  89 
1391	6  84  73 
1391	6  92  70 
1391	6  98  86 
1397	6  47  25 
1397	2  95  92 
1399	2  60  73 
1401	2  83  86 
1387	6  29   9 
1393	6   9   7 
1379	6  22  12 
1385	6   3   2 
1391	6  79  69 
1387	6  21  10 
1393	6  31  21 
1391	6  13  12 
1393	6  65  55 
1397	6  69  59 
1397	6   4   3 
1399	6  30  22 
1403	2  66  44 
1403	2   5   7 
1405	6  86  82 
1405	2  13  17 
1407	2   7   4 
1411	6  85  81 
1405	6  55  44 
1411	2  13  44 
1405	6  40  30 
1411	6  32  31 
1401	6  52  51 
1403	6  59  48 
1409	6  48  17 
1415	2   4  17 
1409	6  79  69 
1411	6  51  40 
1413	6  53  34 
1419	2  60  53 
1417	2  85  96 
1419	6  25   3 
1425	2  44  84 
1425	6   7   4 
1431	2  16  44 
1427	6  84  76 
1421	6  50  30 
1427	6  30  21 
1427	6  60  50 
1415	6  68  48 
1421	6  57  47 
1433	6  67  46 
1433	2  21   3 
1439	2  66  74 
1439	2   7  37 
1435	6  33   2 
1435	6  40  20 
1421	6  88  79 
1427	6  92  82 
1435	6  15  14 
1441	6  56  43 
1447	2  53  66 
1441	2  20   3 
1443	6  14   2 
1443	6  21  20 
1421	6  90  80 
1441	6  26   6 
1421	6  59  49 
1427	6  69  59 
1427	6  80  71 
1439	6  89  69 
1433	6  71  60 
1443	6  60  40 
1439	6  82  72 
1433	6  94  93 
1439	6  97  95 
1445	6  95  94 
1449	2  30   2 
1449	2  64  45 
1445	6  97  89 
1441	6  39   9 
1447	6  28  26 
1451	2  86  68 
1453	2  55  85 
1451	2  22   4 
1453	2  68  79 
1453	2  22  41 
1449	6  72  61 
1453	6   7   5 
1455	2  45  47 
1457	2  46  56 
1455	2  86  97 
1457	2  86  78 
1459	2  89  67 
1461	2  56  48 
1455	2  73  51 
1457	2  50  33 
1459	2  34   4 
1461	2  52  24 
1461	2  79  69 
1457	6  84  83 
1463	6  35  26 
1463	2  78  67 
1465	2  76  88 
1467	2  67  95 
1469	6  35  24 
1475	2  46  65 
1463	6  62  30 
1469	6  42  21 
1469	6  95  78 
1475	2  95  72 
1461	6   2   1 
1463	6  49  39 
1467	6  13   3 
1459	6  18   7 
1469	6  39  28 
1475	2  69  39 
1465	6   7   6 
1471	6  16   6 
1477	6  71  52 
1477	2  89  49 
1477	2  55  25 
1479	2  15  47 
1481	2  85  66 
1479	6  73  64 
1485	6  64  46 
1481	6  16  14 
1479	6  78  69 
1483	6  85  76 
1479	6  97  87 
1479	6  29  18 
1475	6  30   1 
1481	2  30  40 
1485	6  88  87 
1483	6  40  30 
1483	6  61  42 
1487	6  15   7 
1491	2  84  65 
1485	6  69  39 
1489	6  31  30 
1495	2  32  45 
1493	6  89  77 
1497	2  42  24 
1497	2  46  38 
1493	6  96  95 
1493	6  74  64 
1499	6  78  76 
1499	2  24  47 
1501	2  47  16 
1503	2  45  37 
1505	2  45  52 
1507	6  32   4 
1507	2  55  58 
1509	2  77  46 
1513	2  42  54 
1515	2  33  65 
1513	2   4   2 
1511	2  37  39 
1513	2  39  28 
1511	6  96  87 
1509	6  59  58 
1513	6  36  16 
1517	2  61  83 
1517	2  33  23 
1519	2   1  23 
1521	2  32  64 
1523	2  83  72 
1523	2  24  21 
1517	2  77  87 
1523	2  66  64 
1519	6  46  36 
1525	6  76  74 
1525	2  36  34 
1527	2   1  14 
1529	2   5   2 
1525	6  62  53 
1515	6  59  29 
1521	2  79  59 
1523	6  50  40 
1523	6  78  69 
1517	6  96  95 
1523	6  95  94 
1525	6  32  31 
1531	6  34  13 
1531	2  75  78 
1533	2  74  51 
1535	2  72  63 
1537	6  75  53 
1533	6  59  48 
1535	6  70  50 
1529	6  20  10 
1527	6  56  46 
1521	6  29  28 
1477	6  91  90 
1519	6  92  91 
1535	6  94  93 
1527	6  28  27 
1533	6  27  26 
1533	6  78  67 
1535	6  31  20 
1539	6  88  68 
1543	2  53  31 
1543	2  70  93 
1537	6  24   5 
1539	6  36  26 
1539	6  49  28 
1545	6  85  73 
1545	2  32  15 
1545	2  69  49 
1547	2  49  59 
1547	2  32  21 
1543	6  65  56 
1545	6  97  88 
1547	6  17  14 
1551	2  96  65 
1545	6  81  61 
1547	6  36  35 
1553	6  98  85 
1553	2  38  17 
1559	2  65  61 
1555	6  33  25 
1549	6  69  59 
1561	2  91  61 
1561	2  77  45 
1563	6  67  36 
1563	2  61  52 
1565	6  74  62 
1569	2  69  98 
1571	2  64  33 
1573	6  80  62 
1573	6  93  85 
1573	6  14  12 
1579	6  77  74 
1579	2  12  31 
1581	2  12  14 
1583	2  31  21 
1579	6  52  51 
1571	6  59  39 
1569	6  47  46 
1577	6  48  47 
1573	6  35  34 
1577	6  29  17 
1583	6  17  14 
1585	2  87  59 
1585	2  91  93 
1585	2  64  65 
1587	2  96  92 
1587	2  54  57 
1579	6  36  35 
1585	6  42  41 
1589	2  57  17 
1587	6  89  79 
1591	2  33  62 
1589	6  98  87 
1595	2  77  47 
1597	2  75  58 
1597	2  35  43 
1599	6  79  59 
1599	2  52  34 
1601	2  34  11 
1603	2  14  11 
1603	2  62  43 
1599	6  96  93 
1599	6  67  65 
1597	6  27  17 
1605	6  96  76 
1605	2   4  35 
1611	2  23  63 
1611	2  87  76 
1605	2  38  58 
1613	6  55  42 
1613	6  21  11 
1607	6  59  27 
1613	2  27  15 
1613	6  93  91 
1601	6  60  50 
1613	6  88  59 
1615	6  24  23 
1619	2  49  59 
1619	2  45  63 
1621	2  87  59 
1621	2  23  53 
1619	6  91  81 
1623	2  73  65 
1625	2  76  88 
1625	2  53  54 
1627	2  68  36 
1623	6  33  13 
1629	6  85  56 
1629	2  26  24 
1625	6  92  72 
1635	6  54  35 
1635	2  67  38 
1637	2  67  57 
1641	6  43  36 
1615	6   7   5 
1629	6   5   3 
1637	6  95  88 
1643	2  93  95 
1619	6  50  30 
1637	6  59  39 
1625	6  30  21 
1631	6  81  60 
1645	6  91  71 
1647	2  44  76 
1649	2  27  56 
1643	6  89  69 
1635	6  21  13 
1645	6  83  73 
1641	6  14   2 
1647	6  21   3 
1651	2  63  76 
1653	2  58  65 
1655	2  93  65 
1655	2  36  47 
1653	2  13  15 
1653	2  60  30 
1655	2  30  20 
1651	6  29  18 
1657	6  47  28 
1657	2  93  85 
1657	2  63  41 
1659	2  95  85 
1659	2  41  21 
1661	2  41  51 
1655	6  15  13 
1655	6  71  60 
1649	6  34  33 
1655	6  78  69 
1657	6  45  34 
1659	6  73  53 
1663	2  30  60 
1663	2  38  36 
1665	6  67  27 
1665	2  51  82 
1667	2  82  83 
1671	2  15  18 
1667	2  30  43 
1669	2  82  42 
1671	2  54  32 
1671	2  68  47 
1671	6  61  50 
1673	2  55  68 
1675	2  66  68 
1671	6  83  73 
1677	6  34  31 
1677	6  87  74 
1673	6  39  18 
1677	6  56  47 
1679	6  59  39 
1683	2  53  13 
1685	6  58  45 
1685	6  72  63 
1683	6  98  96 
1673	6  16   6 
1683	6  50  40 
1679	6   7   6 
1679	6  27  18 
1685	6  20  12 
1685	6  27  15 
1689	6  98  89 
1691	2  42  73 
1691	2  66  58 
1693	2  53  75 
1691	2  15  14 
1693	2  16  47 
1691	6  21  11 
1695	2  66  74 
1695	2  89  59 
1693	6  72  61 
1697	2  89  49 
1697	2  12  15 
1693	6  40  30 
1671	6  80  70 
1695	6  45  43 
1701	2  22  43 
1703	2  46  34 
1699	2  73  74 
1703	2  22   2 
1699	6  14   4 
1705	2  75  67 
1705	2  12  52 
1695	6  95  94 
1699	6  89  79 
1701	6  94  83 
1699	6  26  16 
1699	6  98  87 
1699	6  49  28 
1705	6  28  16 
1707	2  63  56 
1711	2  79  47 
1713	2  59  47 
1709	2  53  72 
1707	2  13  30 
1711	2  32  62 
1713	2  23  16 
1709	6  50  40 
1707	6  96  94 
1713	2  94  72 
1677	6  91  80 
1709	6  76  65 
1715	6  74  54 
1715	2  59  87 
1715	2  23  40 
1717	2  96  78 
1719	2  58  39 
1717	2  60  40 
1719	2  32   2 
1715	6  36  17 
1715	6  91  82 
1717	6  66  56 
1721	2  14  43 
1719	6  97  96 
1723	2  34   6 
1723	2  78  66 
1721	6  39  37 
1725	2  42  62 
1725	2  55  77 
1721	6  59  58 
1721	6  83  82 
1727	6  46  24 
1727	2  74  96 
1725	6   6   5 
1727	6  93  92 
1727	6  69  39 
1719	6  70  50 
1725	6  50  40 
1727	6  71  52 
1733	6  52  34 
1733	2  78  69 
1733	6  58  57 
1723	6   3   2 
1733	6  82  71 
1733	6   5   4 
1729	6  86  74 
1733	6  94  93 
1729	6  12   2 
1727	6  31  21 
1733	6  40  30 
1735	6  77  75 
1741	2  82  74 
1739	2  52  40 
1739	2  26  34 
1741	2  27  34 
1735	6  22  12 
1739	6  69  49 
1743	2  31  54 
1745	2  65  46 
1747	2  68  45 
1745	2  21   4 
1749	6  58  55 
1749	2  13  30 
1749	2  27   6 
1741	6  61  60 
1747	6  71  61 
1747	6  74  73 
1755	6  73  54 
1755	2  27  39 
1755	2  34  35 
1755	6  56  46 
1753	6  80  60 
1739	6  96  95 
1751	6  31   1 
1751	6   6   4 
1749	6  87  86 
1755	6  77  67 
1745	6  95  94 
1751	6  94  92 
1757	6  13   1 
1761	2  82  86 
1761	2  45  37 
1757	6  42  31 
1759	6  50  40 
1763	2  54  22 
1763	2  37  16 
1765	6  30  20 
1765	2  54  42 
1767	2  66  83 
1769	2  67  36 
1765	6  12   4 
1765	6  60  50 
1757	6  49  29 
1763	6  29  18 
1767	6  53  42 
1771	2  24  22 
1771	2  66  95 
1771	6  38  37 
1773	2  13  15 
1773	2  55  95 
1773	2  61  30 
1775	2  44  84 
1769	6  18   7 
1775	6  20  12 
1777	2  55  63 
1777	2  60  92 
1779	2  63  84 
1775	6  17   5 
1777	6  33  24 
1781	2  84  92 
1781	2  51  20 
1779	6  56  55 
1783	2  33  50 
1777	6  37  36 
1777	6  76  67 
1785	6  50  30 
1785	2   7   3 
1787	2  14  12 
1787	2  36  43 
1789	6  84  53 
1791	2  11  30 
1793	2  30  12 
1775	6  97  87 
1789	6  39  28 
1795	6  43  41 
1795	2  86  84 
1797	2  64  84 
1783	6  69  68 
1789	6  15   7 
1795	6  20   0 
1801	2  42  30 
1789	6  67  46 
1795	6  46  25 
1801	2  13  25 
1795	6  27  17 
1799	6  83  75 
1803	2  25  27 
1805	6  51  34 
1805	6  85  64 
1801	6   1   0 
1805	6   5   3 
1795	6  89  59 
1805	6  59  38 
1797	6  77  67 
1803	6  57  56 
1803	6  87  77 
1809	6  77  66 
1811	2  43  45 
1811	2   1   3 
1811	2  27  38 
1815	2  85  68 
1813	2  11  24 
1815	2  28  24 
1811	6  50  41 
1811	6  63  62 
1817	6  40  10 
1817	2  27  67 
1817	2  71  83 
1819	2  48  68 
1817	2  43  44 
1819	2  55  63 
1821	2  63  76 
1819	2  24   6 
1821	2  45  55 
1821	2  48  18 
1821	6  15  13 
1823	2  43  56 
1825	2  68  75 
1827	2  13  41 
1829	2   3  10 
1823	2  38  18 
1825	2  28  37 
1827	2  64  46 
1829	2  62  41 
1829	2  35  46 
1827	2  18   7 
1829	2   6  18 
1831	6  48  36 
1831	2  42  74 
1833	2  42  51 
1831	2   3  11 
1835	2  30  51 
1833	2  63  64 
1831	6  16  15 
1831	6  18   7 
1837	6  36  34 
1835	6  73  65 
1837	6  12   4 
1827	6  78  68 
1823	6  97  87 
1837	6  42  40 
1833	6  95  86 
1837	6  68  48 
1837	6  28  18 
1841	6  65  54 
1843	2  34  22 
1843	2   7   4 
1847	2  66  68 
1847	2  34  54 
1849	6  78  56 
1845	6  29  27 
1843	6  52  41 
1841	6  93  73 
1845	6   2   0 
1849	6  73  42 
1849	6  34  24 
1851	6   6   2 
1855	2  46  67 
1857	2  68  87 
1857	2  54  22 
1859	6  78  55 
1859	6  30   2 
1855	6  83  72 
1851	6  38  28 
1857	6  26  18 
1857	6  48  38 
1863	2  38  16 
1865	6  46  25 
1865	2  68  69 
1865	2  38  27 
1865	2  75  73 
1867	2  73  83 
1871	2  54  42 
1871	2  85  67 
1869	2  73  72 
1871	2  72  91 
1865	6  60  50 
1865	6  13  11 
1867	6  28   7 
1871	6  25  23 
1873	2  91  70 
1873	2  76  48 
1875	2  76  77 
1871	6  50  40 
1871	6   4   3 
1873	6  63  52 
1877	2  16  56 
1875	6  79  69 
1879	2  16   6 
1879	2  45  36 
1879	2  13  42 
1875	6  92  71 
1881	6  69  68 
1881	2  56  63 
1881	2  24   6 
1883	2  42  34 
1883	2  63  62 
1883	2   2   6 
1885	2  24  32 
1883	2  56  46 
1879	6  38  28 
1881	6  40  30 
1877	6  87  86 
1885	2  63  86 
1885	6  48  37 
1887	2  23  21 
1889	2  32  44 
1887	6  71  51 
1891	2   4  27 
1893	2  52  12 
1887	6  68  67 
1887	6  93  86 
1893	6  87  58 
1899	2  58  48 
1901	2  68  58 
1895	2  21  30 
1901	2  28  25 
1895	2  93  70 
1897	6  11   3 
1897	6  72  41 
1903	6  74  72 
1903	2  44  26 
1905	6  26  15 
1909	2  56  63 
1911	6  33  14 
1911	2  83  87 
1913	2  87  74 
1915	2  85  74 
1911	6  46  45 
1903	6  30   1 
1911	6  37  26 
1909	6  12   1 
1913	6  91  71 
1917	2  12  15 
1903	6  59  39 
1909	6  49  29 
1915	6  77  59 
1921	2  87  47 
1919	2  41  33 
1921	2  23  51 
1917	6  83  64 
1923	2  51  11 
1923	2  66  37 
1923	6  14   4 
1925	2  85  77 
1925	2  41  45 
1927	2  37  47 
1927	2  66  73 
1927	2  11  22 
1927	6  35  26 
1929	6  47  38 
1933	2  13  35 
1923	6  59  49 
1929	6  78  59 
1929	6  72  62 
1927	6  91  70 
1929	6  66  64 
1935	6  53  23 
1935	2  37  49 
1935	2  66  78 
1937	2  66  57 
1941	6  67  54 
1941	2  12  23 
1927	6  95  85 
1927	6  31  30 
1941	6   4   3 
1935	6  18  16 
1941	6  25  16 
1933	6  94  91 
1939	6  95  83 
1937	6  39  37 
1943	6  38  18 
1947	2  78  95 
1947	2  54  34 
1939	6  81  80 
1945	6  92  81 
1949	2  85  45 
1951	6  77  74 
1951	2  34  17 
1949	6  58  48 
1951	6  71  51 
1951	6  93  92 
1951	6  96  95 
1953	6  25  22 
1957	2  53  62 
1957	2  82  74 
1953	6  18   7 
1957	6  96  78 
1959	2  82  60 
1963	2  94  97 
1959	2   7   4 
1959	2  32  55 
1961	2  54  61 
1963	2  54  31 
1965	2  65  35 
1967	2  65  62 
1969	6  72  64 
1969	6  77  58 
1961	6  13   4 
1969	6  60  40 
1965	6  95  93 
1971	2  96  95 
1961	6  28  17 
1967	6  35  14 
1975	6  40  32 
1975	2  85  57 
1977	2  57  25 
1977	2  85  84 
1979	2  65  95 
1981	2  32  31 
1975	2  61  81 
1981	2  68  64 
1983	6  89  87 
1983	2  32  13 
1985	2  16  13 
1987	2  16  15 
1985	2  31  30 
1979	6  35  34 
1981	6  61  51 
1987	2  51  22 
1983	6  73  54 
1979	6  38  28 
1983	6  59  57 
1989	6  64  61 
1995	2  34  54 
1989	2  78  38 
1995	2  98  95 
1991	2  57  38 
1989	6  12   3 
1991	6  79  69 
1989	6  83  82 
1989	6  15   6 
1989	6  31  10 
1991	6  77  76 
1997	6  43  31 
1997	2  83  87 
1999	2  47  75 
2001	6  69  47 
2003	2  43  54 
2003	2  23  22 
2005	2  23  12 
2005	2  64  76 
1995	6  70  60 
2001	6  60  50 
1995	6  15  14 
2001	6   4   3 
1995	6  17   7 
2001	6  25  16 
2007	6  63  45 
2007	6  22  14 
2013	6  57  27 
2013	2  21  61 
2015	2  61  40 
2017	2  61  41 
2013	6  45  35 
2007	6  84  75 
2013	6  76  75 
2019	6  57  44 
2019	6  61  51 
2007	6  89  88 
2013	6  15  14 
2013	6  98  79 
2013	6  95  84 
2015	6  21  12 
2015	6  91  81 
2019	6  99  95 
2021	6   3   1 
2025	2  43  75 
2021	6  81  72 
2019	6  27  15 
2025	2  27  47 
2027	6  27   4 
2027	2  43  44 
2027	2  21  50 
2029	2  21  33 
2025	6  88  68 
2027	6  72  63 
2027	6  76  56 
2033	6  57  27 
2033	2  63  33 
2035	2  63  75 
2039	2  79  47 
2041	2  79  99 
2035	2  40  33 
2037	2  51  22 
2039	2  52  33 
2041	2  52  62 
2041	2  56  37 
2041	2  33  32 
2039	2  15   3 
2043	2  56  58 
2043	2  37  18 
2041	2  35  25 
2041	6  11   4 
2045	2  48  18 
2037	6  85  74 
2043	6  86  63 
2047	2  17  46 
2049	6  99  69 
2049	2  86  87 
2051	2  76  86 
2053	2  76  65 
2047	6   3   0 
2053	2  30   0 
2053	6  15   3 
2055	2  57  78 
2057	2  78  67 
2049	6  63  43 
2053	6  23  22 
2027	6  91  81 
2049	6  81  60 
2049	6  38  18 
2049	6  45  36 
2059	6  44  23 
2059	2  49  69 
2061	6  58  47 
2065	6  26  14 
2055	6  60  30 
2055	6  65  63 
2067	6  56  47 
2055	6   1   0 
2061	6   2   1 
2055	6  18   7 
2061	6  42  41 
2067	6  42  33 
2061	6  87  79 
2067	6  69  59 
2061	6  73  60 
2067	6  99  89 
2067	6  74  64 
2061	6  39  38 
2061	6  30  21 
2067	6  95  82 
2065	6  45  44 
2061	6   7   6 
2073	2  68  45 
2071	2   6   2 
2067	6  60  40 
2075	6  64  54 
2075	2  46  77 
2077	2  79  39 
2077	2  45  34 
2079	2  37  15 
2073	6  71  31 
2073	6   2   1 
2073	6  96  95 
2081	2  64  87 
2083	6  70  63 
2083	2  96  79 
2083	2  35  38 
2085	2  57  26 
2087	2  87  58 
2089	6  65  34 
2089	6  96  88 
2095	6  54  23 
2087	6  26  16 
2087	6  28  18 
2095	2  68  28 
2079	6  30  10 
2089	6  61  60 
2085	6  40  20 
2091	6  42  41 
2091	6  20   1 
2089	6  81  72 
2095	6  72  61 
2095	6  96  84 
2097	6  59  37 
2101	2  64  83 
2101	2  23  13 
2097	6  78  67 
2097	6  41  20 
2097	6   2   1 
2097	6  16   5 
2103	6  66  59 
2103	2  43  15 
2105	2  15  16 
2105	2  43  21 
2107	2  21  14 
2107	2  43  44 
2103	6  83  72 
2101	6  97  95 
2105	6  37  36 
2109	2  63  44 
2109	2  31  14 
2111	2   6   2 
2113	2  11  21 
2109	2  88  66 
2111	2  73  55 
2113	2  63  95 
2115	2  86  65 
2115	2  30  70 
2113	2   6  27 
2109	6  59  39 
2111	6  89  78 
2113	6  24   3 
2117	2  66  73 
2119	2  86  74 
2119	2  30  12 
2119	2  70  81 
2115	6  48  28 
2115	6  36  16 
2121	6  67  39 
2121	2  34  31 
2123	2  11   0 
2125	2  11  12 
2123	2  41  53 
2125	2  30  61 
2121	6  83  74 
2121	6  16   4 
2127	6  28  15 
2127	2  78  55 
2129	2  55  67 
2131	2  65  67 
2127	6  60  52 
2121	6  96  95 
2127	6  95  82 
2127	6  22   1 
2131	6  46  36 
2133	2  15  14 
2133	2  67  58 
2135	2  22   4 
2133	2  39  28 
2135	2  66  54 
2133	6  82  62 
2137	2  57  75 
2137	2  13  32 
2139	6  75  63 
2139	2  21  25 
2141	2  25  47 
2145	2  33  56 
2147	6  44  31 
2139	6  71  60 
2139	6  94  83 
2145	6  82  61 
2143	6  17   5 
2145	6  85  74 
2129	6  98  89 
2143	6  79  59 
2135	6  98  97 
2141	6  97  96 
2147	6  47  38 
2147	6  13   2 
2147	6  87  66 
2149	6  36  26 
2153	2  88  75 
2155	2  47  43 
2157	6  45  24 
2157	2  41  31 
2157	2  26  16 
2157	6  61  50 
2157	6  53  52 
2149	6  18   7 
2155	6  89  85 
2163	2  43  13 
2165	2  74  46 
2161	2  89  79 
2167	2  64  36 
2165	2  13   1 
2163	6  61  51 
2159	6   7   6 
2159	6  31  21 
2163	6  79  69 
2161	6  97  77 
2165	6   6   5 
2169	2  73  74 
2169	2  59  36 
2165	6  32  31 
2169	6  53  43 
2171	2  46  77 
2173	2  59  28 
2173	2  66  45 
2169	6  50  40 
2167	6  92  82 
2171	6  94  74 
2175	2  33  14 
2175	2  78  77 
2175	2  55  46 
2177	6  42  35 
2183	2  56  77 
2183	2  15  43 
2175	6  49  48 
2173	6  72  71 
2175	6  60  50 
2177	6  84  75 
2173	6  98  97 
2167	6  11   0 
2173	6  21  11 
2179	6  20  12 
2185	6  75  53 
2185	2  36  16 
2187	2  34  45 
2187	2  15   3 
2189	2  23  14 
2185	6  40  20 
2181	6  69  49 
2187	2  28  49 
2173	6  92  91 
2179	6  93  92 
2185	6  83  72 
2185	6  97  87 
2189	6  68  38 
2191	2  32  53 
2191	2  75  85 
2193	2  34  74 
2191	6  20   0 
2195	2  38  35 
2195	2  73  96 
2197	6  69  49 
2197	2  23  51 
2197	2  87  74 
2199	2  22  62 
2201	2  35  17 
2201	2  22  10 
2201	2  43  52 
2203	2   0  10 
2203	2  44  62 
2203	2  78  48 
2199	2  96  85 
2199	6   5   4 
2199	6  94  93 
2201	6  50  40 
2205	2  85  82 
2205	2  44  27 
2205	2   2  10 
2207	6  39  17 
2207	2  82  50 
2209	2  82  81 
2207	2  35  54 
2207	6  22  21 
2205	6  14   5 
2207	6  56  47 
2209	6  51  43 
2213	2   0   4 
2205	6  98  79 
2213	2  39  79 
2215	6  31  14 
2215	2  56  63 
2221	6  52  44 
2221	2  14   4 
2217	6  94  87 
2223	2  69  87 
2221	6  18  16 
2217	6  47  37 
2221	6  23  22 
2211	6  82  81 
2221	6  40  31 
2223	6  82  74 
2229	2  44  48 
2231	6  66  47 
2237	2  58  54 
2239	6  83  75 
2239	2  27  45 
2239	6  59  49 
2225	6  96  87 
2227	6  30  11 
2231	6  96  95 
2227	6  61  51 
2239	6  77  68 
2239	6  89  79 
2227	6   6   5 
2223	6  14   3 
2233	6  31  12 
2241	2  15  12 
2239	6  51  30 
2245	2  40  72 
2241	6  45  43 
2241	6  37  27 
2245	6  59  57 
2247	2  95  63 
2249	2  72  84 
2243	6  12   5 
2249	2  27   5 
2245	6  98  78 
2251	6  36  14 
2251	2  72  51 
2251	2  95  77 
2253	2  40  71 
2253	2  74  66 
2257	2  16  45 
2255	2  61  84 
2253	6  78  68 
2249	6   2   1 
2257	6  62  42 
2259	2  36  48 
2259	2   2   5 
2261	2  16   4 
2261	2  45  68 
2257	6  96  93 
2263	6  91  73 
2263	2  16   6 
2263	2  12  42 
2263	2  96  89 
2265	2  77  46 
2267	2  96  68 
2265	6   4   2 
2269	2  75  57 
2265	6  43  23 
2267	6  45  36 
2271	2  68  66 
2269	6  71  51 
2273	2  66  46 
2269	6  94  83 
2265	6  18  16 
2271	6  22  12 
2275	2  45  73 
2271	6  16   4 
2277	2  83  43 
2277	6  78  47 
2279	2  83  53 
2281	2  71  73 
2277	6  13   4 
2283	2  22  51 
2277	6  26  16 
2283	2  26  57 
2285	2  47  43 
2287	2  53  13 
