   1	6  16  13 
   1	2  50  52 
   1	2  69  70 
   3	2  50  79 
   5	2  59  58 
   7	6  41  12 
   7	2  35  16 
   1	6  65  37 
   7	6  28  18 
   7	6  66  54 
   9	6  25  17 
  13	2  52  77 
  13	6  13   1 
  15	2  58  75 
  15	2  70  42 
  17	2  59  41 
  13	6  29  28 
  19	6  59  40 
  19	6  33  15 
  19	6  38  29 
  13	6  63  55 
  17	6  76  66 
  19	6  56  55 
  17	6  79  53 
  25	2  50  24 
  23	6  78  70 
  27	2  35  31 
  19	6  19   9 
  17	6  74  73 
  29	6  37  10 
  29	2  76  61 
  31	2  76  57 
  29	2  35  33 
  33	2  77  80 
  35	6  20  10 
  35	2  32  53 
  35	2  77  59 
  37	2  32  51 
  39	2  33  59 
  41	6  61  35 
  41	2  76  66 
  41	2  32  39 
  43	2  40  13 
  45	2  57  37 
  47	6  31   6 
  53	6  32  15 
  47	6  69  65 
  53	2  65  38 
  53	2  78  69 
  41	6   9   1 
  55	6  80  70 
  59	2  24  20 
  47	6  53  44 
  55	6  76  55 
  61	6   3   1 
  61	2  76  69 
  61	2  20  31 
  63	2  69  41 
  65	2  57  32 
  61	6  35  17 
  67	2  20  10 
  67	2  76  73 
  69	2  37  49 
  69	2  24   3 
  65	6  71  61 
  69	6  78  76 
  71	2  17   7 
  71	2  30  10 
  73	2  39  19 
  73	2  17   5 
  71	6  61  59 
  75	2  10  28 
  71	6  44  33 
  75	6  56  39 
  77	2  19  12 
  81	2  58  22 
  79	2  19  27 
  83	6  67  61 
  83	2  33  14 
  85	2  14   4 
  87	2  14  11 
  83	6  40  39 
  81	6  54  36 
  89	6  39  19 
  89	2  78  62 
  91	2  52  25 
  89	6   5   3 
  89	6  59  58 
  89	6  66  56 
  91	6  78  69 
  95	2  29   3 
  95	2  66  74 
  95	2  42  62 
  95	6  15   7 
  97	2  31  60 
  99	2  67  74 
  99	2  31  46 
  97	6  19  18 
 101	2  42  51 
 101	2  38  46 
  99	6  78  70 
 103	2  29  54 
 101	6  25   5 
 105	2  74  49 
 107	6  65  59 
 113	2  28  64 
 115	2  46  19 
 113	2  25  61 
 115	2  53  61 
 107	6   5   4 
 107	6  40  31 
 117	6  14  12 
 123	2  38  21 
 125	2  36  11 
 117	2  61  43 
 127	2  29  56 
 119	2  53  51 
 123	6  34  15 
 113	6  49  40 
 121	6  61  50 
 115	6  78  76 
 129	6  49  30 
 129	2  64  76 
 131	2  55  46 
 133	2  46  74 
 127	6  13  12 
 115	6  17   8 
 127	6  69  60 
 135	6  36  18 
 135	2  59  34 
 137	2  49  34 
 139	2  49  75 
 135	6  64  55 
 135	6  29  21 
 139	6  53  17 
 145	2  16  31 
 147	2  16   6 
 141	2  28  45 
 147	2  58  29 
 133	6   4   2 
 143	6  55  45 
 145	6  79  53 
 149	2  29  22 
 149	2  58  48 
 141	6  74  73 
 151	6  12  10 
 151	2  75  79 
 153	2  68  79 
 155	2  68  74 
 147	6  33  24 
 149	6  45  36 
 149	6   6   5 
 151	6  47  38 
 151	6  52  44 
 149	6  16   8 
 153	6  41  33 
 157	2  74  55 
 157	2  18   2 
 159	2  43  22 
 159	2  27  56 
 157	2  79  69 
 161	6  58  51 
 161	2   3   5 
 161	2  18  54 
 167	2  40  19 
 161	6  62  44 
 161	6  24  16 
 163	6  64  45 
 169	6  28  27 
 169	2  68  48 
 171	2  69  48 
 173	2  59  50 
 173	2  11  31 
 169	6  74  64 
 163	6   5   4 
 167	6  43  25 
 173	2  25   6 
 169	6  54  45 
 173	6  70  52 
 175	2  18  11 
 175	2  41  48 
 177	2  31  14 
 179	2  17  14 
 177	2  28  55 
 179	2  60  39 
 181	6  68  50 
 181	2  28  13 
 183	2  28  47 
 185	2  36  10 
 183	2  13  22 
 187	2  59  71 
 185	2  22  21 
 189	2  41  66 
 191	2  70  76 
 191	2  41  50 
 187	2   2  19 
 191	2  48  55 
 193	6  78  74 
 193	6  38  22 
 193	6  50  49 
 189	6  27  18 
 181	6  26   8 
 189	6  10   2 
 187	6  44  26 
 193	6  53  44 
 183	6  15   5 
 189	6   6   5 
 193	6  26  16 
 195	6   3   2 
 199	2  51  15 
 195	6  18  10 
 199	6  45  29 
 201	2  68  78 
 201	2  33  15 
 203	2  78  53 
 199	6  66  57 
 199	6  74  64 
 201	6  10   2 
 205	2  43  22 
 205	2  46  58 
 207	6  32  30 
 207	2  59  76 
 209	2  68  70 
 211	2  78  74 
 203	6  16   6 
 209	2   6   3 
 211	2  13   6 
 207	6  37  19 
 209	6  49  48 
 213	2  54  74 
 213	2  15  22 
 209	6  51  43 
 213	6  79  68 
 215	2  39  18 
 217	2  19  30 
 219	6  20   5 
 225	2  20  29 
 227	2  28  29 
 219	2  57  42 
 225	2  49  24 
 229	2  29  58 
 231	6  67  39 
 227	6  24  14 
 237	6  76  60 
 237	2  30  22 
 239	2  21  22 
 241	2  22  39 
 231	6  18  10 
 225	6   3   2 
 221	6  55  45 
 231	6  56  55 
 237	6  45  18 
 243	6  32  22 
 243	2  67  68 
 249	2  32  60 
 243	6  29  20 
 237	6  65  57 
 245	2  65  45 
 247	2  54  45 
 243	6  18  10 
 233	6   5   3 
 239	6   7   5 
 251	6  48  19 
 251	2   7  15 
 253	2  15  25 
 255	2  15   4 
 251	6  71  60 
 247	6  76  74 
 251	6  33  32 
 253	6  74  64 
 257	2  42  26 
 257	2  48  68 
 257	2  27  19 
 257	6  14  12 
 259	2  47  51 
 261	2  64  37 
 261	2  50  51 
 263	6  40  29 
 269	2  47  75 
 263	2   6  26 
 271	2  50  56 
 273	2  38  32 
 273	2  51  52 
 265	6  26   7 
 273	6  73  65 
 275	2  26  62 
 275	2  48  39 
 277	2  52  24 
 271	6  76  75 
 263	6  12  10 
 269	6  12   4 
 275	6  28  10 
 279	2  25   4 
 279	2  53  62 
 277	6  78  76 
 281	2  21  32 
 281	2   4   2 
 281	2  52  43 
 283	6  11   3 
 283	2  42  69 
 285	2  60  40 
 287	2  62  78 
 285	2  25  34 
 287	2  56  40 
 283	2   7  14 
 289	6  50  14 
 289	2  64  28 
 291	2  28  19 
 287	6  35  26 
 291	6  74  55 
 295	2  35  61 
 295	2  14  12 
 297	6  27  21 
 303	2   2  29 
 297	2  68  78 
 297	6  55  46 
 295	6  57  49 
 305	6  31  12 
 301	6  61  59 
 307	2  59  74 
 305	6  47  45 
 297	6  34   6 
 303	6  43  35 
 309	2  43  68 
 305	6  19  18 
 311	6  68  51 
 311	2   2   5 
 313	2  21   6 
 315	2  56  30 
 315	6   5   4 
 317	2  59  32 
 317	2  29  11 
 319	2  40  65 
 311	6  53  44 
 317	6  44  43 
 321	2  58  30 
 323	6  40  24 
 321	6  74  64 
 321	6   4   2 
 323	6  77  61 
 321	6  46  37 
 329	2  31  50 
 331	2  40  49 
 331	2  29   2 
 327	6  64  45 
 329	6  15   5 
 333	2  11  37 
 335	2  21  57 
 337	6  45  20 
 337	2  51  15 
 339	2  48  49 
 343	2  40  19 
 337	6  76  74 
 339	6  69  60 
 339	6  17   5 
 345	6  66  46 
 351	2  49  61 
 345	2  20  12 
 347	2  19  12 
 349	2  12   6 
 351	2  20   5 
 345	6  44  35 
 353	6  30  11 
 353	2  57  42 
 355	2  51  24 
 359	2   3   5 
 359	2  47  50 
 361	6  46  18 
 361	2  43  22 
 363	2  49  31 
 365	2  32  13 
 355	6  67  66 
 367	2  45  37 
 365	2  67  60 
 369	2  37  22 
 367	6  65  64 
 371	2  34  61 
 371	2  21  27 
 367	6  68  67 
 371	6  47  46 
 377	2  57  38 
 373	2  61  70 
 373	2  42  15 
 375	2  70  71 
 377	2  70  43 
 379	6  75  57 
 379	2  32  25 
 379	6  51  43 
 379	6  70  68 
 373	6  64  54 
 373	6  18   2 
 379	2   5   2 
 381	2  22   2 
 385	2  74  45 
 387	2  51  47 
 383	2   2  11 
 385	6  10   2 
 389	2  70  44 
 389	2  57  39 
 383	6  22  13 
 391	6  11   4 
 391	2  74  59 
 393	2  49  33 
 395	2  49  57 
 395	2  51  34 
 391	6  71  62 
 389	6  45  27 
 397	6  54  29 
 395	6  68  67 
 397	6  26   5 
 397	6  62  51 
 397	6  57  49 
 403	6  67  55 
 403	2  18  29 
 405	2  27  10 
 409	2  55  28 
 411	2  29  11 
 403	2  35  26 
 393	6  79  78 
 403	6  33  14 
 403	6  40  31 
 409	2  40  51 
 411	2  51  67 
 413	6  65  40 
 419	2  65  64 
 419	2  22  49 
 413	6  78  77 
 409	6  35  16 
 413	6   3   2 
 415	6   6   5 
 411	6  36  18 
 419	6  78  53 
 421	2   2  18 
 421	2  22  41 
 423	2  27  31 
 421	6  65  55 
 425	2  11  28 
 425	2  42  40 
 421	6  16   6 
 427	6  69  48 
 433	2  65  77 
 427	2   6   3 
 433	2  51  33 
 427	2  28  19 
 429	2  11   5 
 435	6  48  38 
 435	6  44  23 
 441	6  33   5 
 447	2  40  13 
 449	6  23  19 
 435	6  74  55 
 441	6  55  45 
 435	6  60  59 
 435	6  77  67 
 441	6  68  60 
 447	6  60  51 
 447	6  76  55 
 453	6  76  61 
 455	2  38  18 
 457	2  21  38 
 457	2  19  18 
 455	6  25   6 
 459	2  40  56 
 461	2  52  31 
 459	2   2  19 
 461	2  19  36 
 463	6  24   3 
 463	2  29  46 
 465	2  46  67 
 467	2  45  18 
 467	2  52  69 
 467	6  58  50 
 469	2  52  70 
 469	2  19   3 
 469	2  31  15 
 473	2  67  77 
 473	2  46  48 
 471	2  53  33 
 475	2  29  50 
 471	6   3   1 
 471	6  14   6 
 477	6  51  25 
 477	6  18   1 
 477	6  14  13 
 477	6  47  29 
 475	6  76  66 
 475	6  79  78 
 481	6  78  67 
 483	2  54  18 
 485	2  54  37 
 487	2  54  73 
 483	2  49  48 
 489	2  55  73 
 483	2  14  25 
 487	2  53  70 
 489	2  30  59 
 491	2  55  38 
 491	2  53  61 
 491	2  77  59 
 485	2  33  34 
 491	2  13   1 
 487	6  33  26 
 485	6   7   6 
 493	6  39  37 
 493	2   2   6 
 493	2  73  66 
 493	2  53  51 
 493	6  69  68 
 493	6  33  32 
 495	6   4   2 
 499	2  56  30 
 501	6  66  37 
 499	6  71  60 
 507	2  45  73 
 507	2  39  32 
 501	6   9   1 
 495	6  17  16 
 501	6  16   4 
 505	6  60  52 
 509	2  30  37 
 507	6  18   9 
 511	2  16  52 
 507	6  12   4 
 511	6  31  30 
 517	2  23  59 
 513	2  37  10 
 509	6  74  64 
 515	6  54  18 
 519	2  31  25 
 521	6  32  28 
 521	6  77  74 
 527	6  65  47 
 527	2  28  36 
 527	2  52  77 
 527	2  10  12 
 533	2  77  66 
 533	2  13  29 
 529	2  34  25 
 535	2  56  20 
 537	6  47  21 
 531	6  52  25 
 537	6  76  61 
 543	6  42  40 
 543	2  36  20 
 545	2  47  37 
 545	2  21  10 
 547	2  37  64 
 543	6  61  53 
 535	6   5   4 
 543	6  68  58 
 541	6  15   5 
 547	2  25  15 
 549	6  67  56 
 549	6  11   5 
 555	6  38  10 
 555	6  22  14 
 549	6  42  33 
 549	6  53  26 
 555	6  68  42 
 555	6  26   7 
 555	6  74  63 
 561	6  63  45 
 561	2  23  50 
 563	2  15   7 
 565	2  39  24 
 567	2  38  40 
 563	2  68  66 
 561	2  18  11 
 569	2  24  41 
 563	2  10  12 
 569	2  38  30 
 569	2  54  56 
 565	6  10   3 
 565	6  69  67 
 567	6   7   6 
 571	2  56  66 
 571	2  29  41 
 567	6  26  17 
 571	6  13   2 
 573	2  55  58 
 575	2  56  67 
 575	2  49  41 
 575	2  37  29 
 571	6  70  53 
 577	6  30  11 
 577	2  15  42 
 579	2  59  50 
 579	2  15   5 
 577	2  47  56 
 583	2  18  45 
 585	2  47  19 
 587	2  64  28 
 581	2   5  25 
 583	2  24  23 
 585	2   6  13 
 587	2   6   7 
 587	2  23  14 
 577	6  71  70 
 581	6  76  68 
 581	6  42  41 
 587	6  78  50 
 589	2  56  66 
 589	2  17  13 
 591	2  15   3 
 593	6  42  16 
 591	6  66  56 
 589	6  38  27 
 589	6  10   9 
 591	6  31  22 
 593	6  70  68 
 595	6  37  18 
 599	2  31  58 
 599	2  17  53 
 589	6  73  64 
 601	6  31  20 
 601	2  66  68 
 601	2  37  55 
 601	2   7   4 
 603	2  69  68 
 605	2  69  43 
 603	6  65  56 
 607	2  30  50 
 603	6  63  45 
 603	6  76  75 
 609	6  67  39 
 607	6  70  62 
 603	6   7   4 
 609	6  73  54 
 609	6  10   4 
 609	6  26   7 
 615	2  25   4 
 615	2  50  38 
 615	2  63  75 
 615	6  19  10 
 617	2  13  41 
 621	2   5  11 
 617	2  68  67 
 619	2  41  31 
 621	2  49  31 
 617	6  63  36 
 623	6  64  37 
 623	2  14  13 
 629	2  12  39 
 623	2  62  26 
 625	6  26  16 
 619	6  76  67 
 625	6  52  33 
 631	6  54  29 
 631	2  50  62 
 633	2  23  41 
 633	6  68  62 
 637	2  38  20 
 631	6  34  17 
 637	6  16   4 
 639	2  68  58 
 639	2  61  41 
 641	2  61  59 
 639	2  37  20 
 643	2  15  12 
 641	2  37  48 
 641	2  41  42 
 643	2  38  46 
 643	2  42  60 
 645	6  59  31 
 645	2  42  43 
 651	6  15  11 
 651	2  49  46 
 653	2  51  59 
 653	2  75  46 
 655	2  60  52 
 655	2  75  73 
 655	6  58  40 
 661	2  59  67 
 657	2  16  33 
 659	2  16  17 
 663	2  60  70 
 661	2  21   6 
 663	2  21  19 
 663	2  25  15 
 657	6  74  73 
 655	6  55  47 
 655	6  37  36 
 661	6  45  36 
 665	2  48  33 
 667	6  53  25 
 667	2  37  12 
 669	2  29  19 
 667	2  69  58 
 671	2  20   4 
 669	2  48  40 
 671	2  68  58 
 673	6  16   4 
 673	2  51  32 
 673	2  19  10 
 669	6  36  27 
 663	6  76  75 
 673	6  78  71 
 669	6  75  55 
 673	6  39  30 
 675	6  51  41 
 679	2  27  12 
 681	2   4  19 
 679	2  33  34 
 681	2  34  32 
 675	6  74  58 
 679	6  70  53 
 683	2   3  31 
 681	6  77  59 
 685	2  31  13 
 683	6  63  27 
 687	2   3  22 
 687	2  76  70 
 681	6  48  47 
 687	6  50  48 
 683	6  26  25 
 689	6  75  63 
 693	2  25  50 
 689	6   5   4 
 689	6  27  21 
 689	6  71  53 
 693	6  47  46 
 695	2  25  21 
 697	2  24  21 
 695	2  75  78 
 697	2  76  61 
 697	6  64  54 
 699	2  39  59 
 699	2  24  26 
 701	2  13  40 
 703	6  28  22 
 703	2  76  74 
 699	6  78  70 
 701	6  44  17 
 707	2  70  44 
 703	6  58  50 
 709	6  48  36 
 709	2   6  26 
 709	2  32  22 
 711	2  26  53 
 703	6   3   2 
 705	6  75  64 
 709	6  78  68 
 713	6  33  26 
 715	2  59  53 
 717	2  59  75 
 717	2  53  52 
 711	6  22  14 
 719	6  41  14 
 725	2  25  53 
 727	2  14  12 
 727	2  33  51 
 719	2  55  28 
 719	6  70  69 
 721	6  56  28 
 725	6  40  31 
 729	2  52  67 
 729	2  12  13 
 727	6  63  37 
 731	2  34  50 
 729	6  15   5 
 733	2  67  71 
 731	6  22  12 
 735	2  42  59 
 733	6  36  29 
 737	2  59  49 
 737	2  33  24 
 737	2  52  62 
 739	6  31  21 
 739	2  55  58 
 741	6  69  62 
 745	2  12  28 
 745	2  33  49 
 735	6   6   5 
 741	6  65  54 
 747	6  44  15 
 747	2  67  39 
 749	2  68  40 
 751	2  64  49 
 747	2  19  12 
 749	2  12  20 
 753	6  70  52 
 753	2  64  74 
 755	2  64  63 
 759	2  44  61 
 753	2  15   3 
 755	2  12  29 
 755	2  14  15 
 757	2  31  57 
 759	2  75  57 
 759	2  14  21 
 761	6  32  30 
 761	2  68  65 
 763	2  69  66 
 761	6  43  34 
 761	6  62  53 
 763	6  54  36 
 767	2  20  29 
 767	2  53  32 
 761	6   5   4 
 765	6  76  65 
 771	2  66  38 
 769	2  50  32 
 773	6  36  11 
 773	2  66  74 
 773	6  59  42 
 773	6  48  40 
 769	6  61  53 
 773	6  77  76 
 767	6  16   6 
 773	6  25  24 
 773	6  14   6 
 775	6  71  62 
 779	2   4  11 
 779	2  24  40 
 779	6  76  69 
 781	2  11  14 
 783	2  14  32 
 779	6  56  37 
 779	6  52  43 
 781	6  26  25 
 785	2  67  52 
 787	2  51  47 
 789	6  55  27 
 789	2  53  32 
 791	2  41  62 
 793	2  51  23 
 795	6  38  21 
 795	6  27  19 
 795	6  52  24 
 789	6  75  66 
 795	6  67  66 
 801	6  61  60 
 801	2  42  31 
 803	2  32   4 
 807	2  59  56 
 801	6  76  75 
 801	6  53  44 
 801	6  29  19 
 805	6  32  22 
 809	2  66  38 
 805	6  12  11 
 805	6  24  15 
 807	6  71  53 
 811	2  32  58 
 811	2   3  28 
 813	6  77  70 
 813	2  36  40 
 815	2   3  10 
 815	2  39  41 
 815	2  59  58 
 817	2  41  25 
 819	2  71  70 
 819	2  58  55 
 821	2  52  67 
 817	2   4   3 
 819	2   4  12 
 819	2  25  26 
 823	2  52  32 
 825	2  41  69 
 821	6  21  20 
 821	6   4   2 
 821	6  26  16 
 823	6  55  27 
 827	2  15  12 
 827	2  39  50 
 829	6  22  10 
 829	2  77  56 
 831	2  77  62 
 835	2  15   4 
 833	2  75  46 
 835	2  28  57 
 827	6  35  26 
 833	6  62  35 
 837	2  48  57 
 837	2  36  46 
 837	2  10  22 
 837	6  77  74 
 839	2   4  16 
 841	2  12  14 
 839	6  40  37 
 843	2  70  62 
 845	6  60  24 
 845	2  38  63 
 851	2  48  67 
 853	2  37  56 
 853	2  34  40 
 855	2  57  28 
 851	6  62  60 
 843	6   4   3 
 849	6   3   1 
 855	6  25  13 
 857	2  71  77 
 857	2  28  45 
 857	6  41  39 
 863	2  21  24 
 859	6  65  54 
 859	6  71  69 
 859	6  37  36 
 861	6  52  43 
 867	2  42  21 
 865	6  66  55 
 869	2  24  40 
 871	2  24  25 
 871	2  40  65 
 873	2  13  29 
 875	6  34  13 
 875	6  37  28 
 865	6  70  62 
 871	6  68  61 
 881	2   1  27 
 877	2  65  68 
 883	2  28  13 
 881	2  43  34 
 879	6  50  40 
 883	6  35  34 
 885	2  40  23 
 887	2  40  13 
 879	6  78  61 
 879	6  64  55 
 879	6  67  66 
 885	6  45  18 
 889	2  22  34 
 885	6  67  60 
 891	6  68  58 
 891	2  53  25 
 891	2  47  27 
 891	2  22  31 
 893	2  37  31 
 895	2  37  54 
 897	2  37  56 
 897	2  34  61 
 899	6  58  39 
 899	2  53  71 
 901	2  60  52 
 901	2  70  71 
 899	6  73  45 
 891	6   5   3 
 899	6  14  11 
 899	6  34  33 
 903	6  60  52 
 905	2  20  39 
 907	2  20   3 
 907	2  32  31 
 905	6  76  73 
 909	2  50  60 
 909	2  18  29 
 911	2  70  76 
 909	2  32  33 
 911	2   3  30 
 905	6  25  15 
 905	6  54  45 
 911	6  42  25 
 913	2  47  11 
 915	2  46  67 
 917	2  69  41 
 917	2  37   1 
 913	6  14   6 
 917	6  25  16 
 919	2  11   4 
 919	2  57  60 
 921	2  65  67 
 921	2   3  19 
 921	2  42  60 
 923	6  55  47 
 923	2  42  34 
 925	2  42  40 
 921	6  22  14 
 923	6  76  59 
 919	6  45  36 
 927	6  40  22 
 929	2  57  67 
 927	6  43  42 
 923	6  18  11 
 933	2  11  13 
 933	2  57  40 
 929	2  36  18 
 933	6  43  25 
 935	2  36  20 
 937	2  10  20 
 923	6  70  61 
 929	6  63  55 
 929	6  70  69 
 935	6  69  50 
 939	2  39  29 
 939	2  10  11 
 935	6  14   4 
 935	6  63  56 
 937	6  27  18 
 941	2  30  55 
 941	2  60  43 
 943	6  65  45 
 943	2  11   2 
 943	2  30  50 
 945	2  60  78 
 947	2  78  71 
 943	6  33  23 
 945	6  39  19 
 949	6  70  34 
 951	2  27  45 
 953	2   2  38 
 955	6  29  14 
 955	2  68  70 
 961	2  29  50 
 949	6  64  63 
 955	6  44  26 
 957	6  76  65 
 963	6  70  52 
 963	2  56  29 
 965	2  29  48 
 967	2  27  55 
 969	6  77  51 
 961	6  26  14 
 967	6   6   4 
 967	6  30  23 
 973	2  47  30 
 969	6  65  64 
 967	6  35  25 
 973	6  25  23 
 975	2  48  65 
 977	2  48  46 
 965	6  11  10 
 973	6  12   4 
 979	6  56  28 
 985	2  46  31 
 979	2  52  26 
 981	6  70  52 
 981	6  16   6 
 975	6  76  68 
 971	6   2   1 
 987	6  40  39 
 987	2  28  12 
 987	2  33  59 
 989	2  59  66 
 993	2  42  68 
 989	2  28  19 
 995	2  78  66 
 995	2  34  13 
 991	6  37  19 
 997	6  43  42 
 997	2  47  59 
 999	2  76  55 
 997	2  24  13 
 999	2  13   3 
1001	2  67  55 
1003	2  49  33 
1005	2  49  40 
1007	2  49  50 
1009	2  42  59 
1011	2  68  77 
1011	2  24  53 
1013	2  24  16 
1001	2  21   3 
1013	2  51  40 
1003	2  64  37 
1013	2  53  62 
1013	2  77  74 
1003	6  21   3 
1009	6  19  12 
1015	6  58  31 
1005	6  47  46 
1015	6  12  11 
1015	6  63  36 
1015	6  71  35 
1015	6   9   1 
1013	6   6   5 
1019	6   5   4 
1021	2  33  61 
1021	2  46  19 
1021	2  57  58 
1023	2  19  36 
1023	2  31  21 
1023	2  33  25 
1025	2   3  14 
1027	2  29  23 
1029	2  67  38 
1029	2  26  25 
1029	2  12  23 
1031	6  48  42 
1031	2  68  69 
1031	2  26  35 
1023	6  62  61 
1029	6   6   5 
1031	6  27   2 
1031	6  31  22 
1037	6  11   4 
1037	2  25  35 
1037	2  76  61 
1037	2  39  38 
1039	2  39  27 
1041	2  40  52 
1039	6  77  66 
1043	2  42  35 
1045	2  76  70 
1043	2   9  36 
1045	2  47  41 
1045	6  26   6 
1047	2  11  36 
1051	2  11  15 
1047	2  66  56 
1049	2  48  56 
1047	6  59  52 
1053	6  45  18 
1053	2  16  52 
1055	2  41  15 
1057	2  53  26 
1049	6  76  74 
1053	6  21  12 
1055	6  76  69 
1059	2   2   6 
1055	6  65  56 
1061	6  66  45 
1057	6  39  31 
1063	2   6  31 
1065	6  16  12 
1067	2  64  76 
1067	6  38  37 
1071	2  12  18 
1073	6  38  20 
1071	6  26  15 
1061	6  61  60 
1069	2  60  66 
1071	6  66  51 
1077	2  66  75 
1079	2  56  39 
1077	6  42  14 
1081	2  29  48 
1083	6  67  64 
1083	2  51  42 
1085	2  51  50 
1079	6  11   2 
1077	6  35  26 
1083	6  39  22 
1083	6  15   5 
1083	6  62  35 
1085	6  10   2 
1089	2  48  58 
1089	2  62  69 
1091	2  67  77 
1089	2  29  45 
1091	2   2  22 
1091	2  48  47 
1087	6  42  41 
1089	6  16   6 
1093	2  38  59 
1089	6  44  35 
1093	6  10   9 
1095	2  31  60 
1097	2  40  38 
1099	2  20   5 
1099	2  59  65 
1101	6  49  29 
1097	6  62  44 
1107	2  40  52 
1101	6  65  63 
1101	6  78  76 
1101	6  24  13 
1107	6  77  65 
1109	2  14   2 
1111	2   6   2 
1113	6  65  48 
1119	2  39  48 
1113	2  69  62 
1121	2  40  44 
1113	2   2  19 
1123	2  29  21 
1123	2  49  34 
1115	2  10  19 
1125	2  62  78 
1125	2  31   3 
1125	6  25  24 
1127	2  70  69 
1129	2  70  77 
1127	2  10  13 
1127	2  38  46 
1131	2  14  34 
1129	2  31  40 
1129	2  29  46 
1131	2  38  48 
1133	6  36  10 
1133	6  59  32 
1139	6  39  12 
1119	6  73  65 
1125	6  64  63 
1131	6  64  55 
1125	6  75  66 
1133	6  26  25 
1145	6  65  29 
1139	6  68  59 
1139	6  52  26 
1151	6  31  16 
1145	6   4   3 
1145	6  60  52 
1151	6  78  75 
1151	6  46  18 
1157	6  55  37 
1157	2  31  48 
1159	2  11  32 
1161	2  12   5 
1161	2  25  32 
1163	6  26   6 
1163	2  65  75 
1163	2  36  47 
1165	2  41  29 
1167	2  21  37 
1167	2  41  60 
1165	6  66  57 
1169	2  29  46 
1169	2  41  42 
1169	2  60  78 
1145	6  71  62 
1167	6  18  10 
1171	2  60  76 
1169	6  23   4 
1173	2  29  50 
1169	6  44  26 
1171	6  55  45 
1175	2  32  42 
1177	2  50  33 
1179	2  30  57 
1173	6  78  71 
1179	2  44  71 
1181	6  67  40 
1181	2  37  20 
1181	2  71  52 
1175	6  14  13 
1181	6  25  14 
1177	6  64  63 
1183	6  37  27 
1187	2  76  78 
1187	2  52  25 
1187	2  21  40 
1183	6  56  47 
1183	6  10   2 
1189	6   6   2 
1189	2  57  37 
1195	2  27  12 
1191	2  74  48 
1193	2  40  42 
1197	2  29  39 
1195	2  52  42 
1195	2   6  24 
1191	6  70  68 
1197	2  44  70 
1199	6  46  40 
1197	6  25  24 
1193	6  74  66 
1199	6  62  43 
1199	6  74  65 
1197	6  11   4 
1205	6  57  28 
1205	6  33  22 
1199	6  69  60 
1203	6   5   4 
1205	6  52  44 
1209	6  15   5 
1211	2  67  52 
1211	2  29  28 
1213	2  66  70 
1213	2  41  40 
1215	2  39  59 
1205	6  63  54 
1213	6  44  34 
1217	2  78  57 
1213	6  36  27 
1219	6  51  43 
1219	2  29   2 
1221	2  22  47 
1223	2  18   2 
1223	2  39  55 
1225	2  15  43 
1225	2  19  47 
1219	2  77  70 
1227	2  59  23 
1229	6  76  64 
1229	2  18  11 
1229	2  16  15 
1231	2  22   3 
1233	2  34  13 
1229	6  50  49 
1235	6  52  24 
1235	2  20  11 
1237	2  12  11 
1237	2  18  45 
1235	2  67  66 
1239	2  20   9 
1239	2  64  45 
1235	6  78  69 
1237	6  57  39 
1241	2  12   4 
1241	2  59  51 
1241	6  78  76 
1243	2  49  55 
1245	2  40  51 
1245	2  45   9 
1243	6  12   4 
1247	2  40  39 
1247	2  52  78 
1249	6  11   9 
1249	2  69  58 
1251	2  58  54 
1253	2  54  47 
1253	2  77  61 
1249	6   6   4 
1241	6  25  23 
1249	6  33  23 
1249	6  31  30 
1255	6  18  10 
1255	2  49  33 
1257	2  46  39 
1259	2  46  45 
1255	2  60  61 
1261	2  11  12 
1261	2  54  28 
1257	2  33  53 
1259	2  78  53 
1259	2  14  31 
1261	2  78  62 
1253	6  66  65 
1259	6  66  48 
1263	2  53  43 
1265	6  56  27 
1265	2  44  62 
1267	6  62  34 
1271	2  36  65 
1263	6  12   2 
1261	6  59  50 
1261	6  31  14 
1267	6  50  31 
1273	6  26  24 
1273	2  39  10 
1275	2  51  48 
1279	2  34  14 
1277	2  48  28 
1277	2  62  69 
1279	2  51  50 
1281	2  27   2 
1279	2  39  47 
1281	2  50  34 
1273	6  76  75 
1279	6  75  63 
1283	2  14  25 
1283	2  51  71 
1283	6  48  40 
1285	2  10   4 
1285	2  42  25 
1289	2  51  22 
1285	2  45  63 
1291	2  50  77 
1287	2  45   9 
1293	2  40  24 
1289	6  63  27 
1291	6  71  70 
1295	2  24  23 
1291	6  12   4 
1297	6  68  32 
1295	6  38  37 
1297	6   6   5 
1303	6  61  43 
1309	2  61  76 
1311	2  43  23 
1311	2  58  68 
1297	6  10   3 
1295	6  64  56 
1303	6  36  10 
1303	6  26  16 
1309	6  12   3 
1313	2  58  49 
1313	2  15  14 
1313	2  42  43 
1309	6  29   9 
1315	2  13  49 
1309	6  46  36 
1311	6  71  62 
1311	6  76  75 
1315	6  27   0 
1317	2  25   4 
1317	2  40  56 
1319	2  41  69 
1321	6  57  49 
1321	2  25  32 
1323	2  24  32 
1321	2  10   4 
1325	2  24  34 
1317	6  62  53 
1321	6  39  38 
1327	6  77  74 
1333	2  75  46 
1327	2  31  11 
1329	6  43  14 
1329	6   1   0 
1335	6  74  55 
1335	2  24  20 
1337	2   1   5 
1339	2   1  21 
1333	6  70  69 
1333	6  59  49 
1339	2  34  59 
1341	6  34  15 
1341	2  58  74 
1343	2  57  47 
1343	2  40  29 
1347	2  12  14 
1345	2  60  39 
1347	2  34  61 
1345	6  73  65 
1349	2  61  43 
1349	2  23  39 
1349	2  11  20 
1343	6  76  75 
1349	6  16   6 
1351	2  39  46 
1351	2  61  76 
1353	2  46  55 
1353	2  21  49 
1351	6  35  26 
1355	2  23   2 
1355	2  46  65 
1353	6  78  70 
1357	2  46  54 
1357	2  49  30 
1357	2  14   4 
1353	6  53  43 
1355	6  60  51 
1359	2  31  19 
1361	2  59  44 
1363	2  53  70 
1361	2  31  22 
1359	2  73  54 
1363	2  21   3 
1363	2  48  54 
1365	6  70  67 
1365	2  55  37 
1367	2  30  19 
1369	2  29   9 
1365	6   6   4 
1365	6  43  34 
1371	6  34  15 
1371	2  48  77 
1373	2  49  77 
1371	2  19   3 
1373	2  36  37 
1375	2  36  39 
1375	2  68  74 
1371	6  71  53 
1373	6  12  10 
1377	2  35  51 
1377	6  64  38 
1379	2  43  70 
1383	2  12  15 
1383	2  68  65 
1385	6  57  37 
1385	2  11   4 
1385	6  74  64 
1385	6  16   6 
1377	6  32  31 
1385	2  61  32 
1387	2  61  42 
1387	6  22   2 
1389	6  42  35 
1393	2  30  18 
1389	6  62  61 
1389	6  77  69 
1391	6  56  47 
1395	2  18   2 
1395	2  23  51 
1397	6  61  50 
1397	2  23  38 
1397	2  74  77 
1399	2  48  38 
1403	2  41  67 
1405	2  41  66 
1401	2  36  11 
1403	2  11  29 
1407	2  77  66 
1405	2  36  10 
1407	2  31  28 
1399	6  35  16 
1405	2  53  35 
1405	6  15   4 
1409	2  40  52 
1409	2  65  66 
1411	6  68  52 
1411	6  21   4 
1407	6   2   1 
1411	6  23  15 
1407	6  63  55 
1411	6  74  73 
1409	6  37  18 
1411	6  48  39 
1415	6  54  36 
1421	2  54  73 
1417	2  59  23 
1419	2  22  50 
1421	2  57  67 
1421	2  21  38 
1421	2  35  52 
1417	6   3   2 
1423	2  48  50 
1423	2  21   9 
1423	6  45  37 
1425	2  32  58 
1427	2  32   3 
1429	2  48  55 
1427	2  60  77 
1429	2  24  52 
1429	2  28   9 
1429	6  76  67 
1431	2  56  50 
1433	2  45  55 
1433	2  62  50 
1431	6  10   3 
1435	2  55  64 
1435	2  58  48 
1435	6  51  33 
1437	2  48  66 
1439	2  48  74 
1431	6  31  22 
1431	6  14   5 
1437	6  27  11 
1441	2  56  41 
1441	6  69  61 
1443	2  41  23 
1445	2  13  33 
1447	6  41  13 
1443	6  56  38 
1443	6  76  75 
1443	6  20  19 
1447	6  25  24 
1443	6  36  27 
1449	2  36  64 
1447	6  70  53 
1451	6  75  63 
1453	2  43  41 
1453	2  38  12 
1455	2  42  30 
1453	6  26  15 
1457	2  13  21 
1459	2  30  34 
1461	6  47  39 
1467	2  30  40 
1469	2  37  10 
1461	2  33  24 
1463	2  43  59 
1465	2  59  75 
1471	6  32  28 
1457	6  63  54 
1477	6  30  12 
1477	2  37  45 
1479	2  45  54 
1483	2  38  20 
1467	6  73  64 
1453	6  78  70 
1473	6  78  66 
1479	2  66  73 
1477	6  59  50 
1467	6  61  52 
1477	6   9   1 
1477	6  16   5 
1477	6  62  44 
1477	6  33  23 
1481	6  77  75 
1485	2  39  51 
1483	6  23   4 
1487	2  66  47 
1487	2  52  51 
1487	2  21  29 
1483	6   2   1 
1485	6  36  18 
1489	2  31  67 
1487	6  70  62 
1491	2  45   9 
1491	2  50  23 
1493	6  46  19 
1493	2  51  67 
1495	2  32  68 
1497	2  70  68 
1497	2  35  32 
1489	6   4   3 
1495	6   5   4 
1499	2  77  51 
1501	2  52  26 
1499	2  30  55 
1501	2   3  20 
1503	2  52  16 
1505	2  39  14 
1501	2  77  68 
1507	2   3   2 
1507	2  55  47 
1505	2  68  59 
1509	2  55  56 
1509	2  30   4 
1507	2  52  69 
1511	6  21   2 
1511	2  54  27 
1501	6  74  66 
1507	6  16  15 
1507	6  66  58 
1507	6  74  73 
1505	6  34  26 
1509	6  69  52 
1515	2  25  52 
1513	6  19   9 
1517	2  34   5 
1513	6  75  46 
1513	6  49  40 
1517	6  70  69 
1519	2  15  40 
1521	2  15  31 
1519	6  64  36 
1523	2   5  32 
1525	6  23   2 
1525	2  69  75 
1521	6  35  26 
1525	6  36  29 
1527	6  66  64 
1531	2  10   2 
1531	2  52  31 
1533	6  56  37 
1533	2  31  40 
1527	6  78  77 
1533	6  76  75 
1533	6  33  14 
1533	6  58  50 
1539	6  37  20 
1539	2  24  50 
1541	2  59  66 
1545	2  14  29 
1543	6  77  75 
1547	2   4  20 
1549	2  29  20 
1547	2  62  33 
1549	2  23  33 
1551	2  14   2 
1553	2  42  39 
1555	6  57  50 
1555	2  37  27 
1553	6  10   3 
1555	6  32  22 
1539	6  55  54 
1561	2  46  27 
1561	2  51  62 
1555	6  44  35 
1549	6  78  76 
1555	6  76  74 
1559	6   5   3 
1563	2  55  39 
1563	2  44  69 
1565	6  48  30 
1571	2  68  32 
1565	6  71  62 
1565	6   6   5 
1573	6  68  47 
1573	2  24  32 
1573	2  44  62 
1575	2  42  41 
1565	6   9   2 
1571	6   3   2 
1573	6  17   6 
1571	6  20  19 
1579	2  33  50 
1577	2  22  20 
1579	2  36  65 
1575	6  62  44 
1581	2  44  32 
1583	2  33  49 
1581	2  56  65 
1577	6   4   3 
1585	6  16   4 
1585	2  49  57 
1585	2  53  78 
1587	2  66  78 
1589	2  60  78 
1589	2  46  75 
1579	6  21  20 
1585	6  31  20 
1587	6  53  43 
1591	2  14  32 
1591	6  29  19 
1593	2  43  16 
1595	2  69  65 
1595	6  44  25 
1601	2  25  16 
1597	2  69  41 
1599	2  69  48 
1601	2  21  50 
1603	6  58  31 
1603	6  52  34 
1597	6  74  63 
1603	6  74  65 
1603	6   3   1 
1603	6  16   6 
1603	6  47  38 
1609	6  43  32 
1609	2  48  47 
1609	2  60  50 
1609	2   6   3 
1611	6  76  69 
1615	2  32  50 
1611	6  73  56 
1609	6  37  28 
1611	6  12   6 
1617	6  24  17 
1617	2  51  67 
1619	2  49  55 
1619	2  52  69 
1621	2  64  67 
1617	6  29  12 
1621	6  70  51 
1623	2  29  38 
1625	2  48  30 
1623	2  24  34 
1623	6  76  65 
1627	2  32  13 
1627	2  43  51 
1623	6  63  54 
1629	6  13   3 
1629	2  71  67 
1629	2  29  54 
1629	2  32  41 
1631	2  29  31 
1631	2  71  68 
1633	2  54  27 
1633	2  50  76 
1625	6  25  15 
1635	6  29  13 
1641	2  29  40 
1635	6  71  35 
1635	6  75  55 
1641	6  75  67 
1643	2  29  55 
1643	2  50  69 
1645	2  19  29 
1647	6  28  21 
1653	2  29  36 
1647	2  61  58 
1649	2  66  58 
1651	2  49  66 
1641	6  35  16 
1649	6  62  61 
1649	6  44  33 
1647	6  16   6 
1645	6  73  55 
1641	6   3   2 
1655	6  30  24 
1655	6  78  53 
1653	6  74  73 
1647	6  10   2 
1655	6  46  27 
1653	6  58  57 
1659	6  58  50 
1665	2  33  39 
1667	6  20   3 
1667	2  47  57 
1667	2  34  50 
1669	2  24  51 
1671	2  51  40 
1661	6  27   9 
1673	6  42  40 
1673	2  10  36 
1679	2  31  20 
1659	6  65  64 
1675	6  27  18 
1661	6  78  76 
1671	6  14   6 
1669	6  57  56 
1667	6  76  74 
1673	6  78  68 
1673	6  53  35 
1675	6  65  47 
1673	6   4   3 
1679	6  71  51 
1685	2  19  40 
1687	6  45  28 
1687	2  15  12 
1689	2  10   1 
1689	2  30  21 
1689	2  15  26 
1691	2  44  26 
1691	2  15  14 
1691	2  12  21 
1691	2   2   1 
1681	6  75  66 
1687	6  57  41 
1681	6  73  63 
1687	6  76  68 
1687	6  64  63 
1693	6  66  48 
1693	2  63  45 
1693	2  44  69 
1695	2  68  69 
1693	2   2  22 
1695	2  43  41 
1695	2  26  16 
1695	2   1   9 
1695	2  46  45 
1699	2  30  37 
1695	2  14   4 
1701	2  29  55 
1703	2  65  55 
1697	2  34  70 
1703	2  41  20 
1705	6  48  22 
1705	2  44  61 
1711	6  41  35 
1711	2  63  27 
1713	2   2  28 
1711	2  48  47 
1715	2  56  28 
1707	6  68  61 
1713	2  67  68 
1697	6   6   5 
1703	6  16  15 
1711	6  22  13 
1711	6  24  15 
1717	6  30   4 
1717	2  27  45 
1717	2  67  73 
1717	6  42  24 
1723	6  49  47 
1729	2  31  60 
1729	2  47  37 
1719	6  64  54 
1723	6  34  17 
1731	6  41  39 
1731	2  12  13 
1731	2  24  23 
1733	2  24  25 
1725	6  74  66 
1737	2  48  51 
1739	6  42  30 
1717	6   9   1 
1731	6  77  75 
1739	6  66  58 
1725	6  54  45 
1731	6  73  63 
1723	6  18  10 
1731	6  45  27 
1737	6  63  45 
1729	6  10   2 
1737	6  78  71 
1735	6  15   4 
1743	6  47  46 
1745	2  61  25 
1747	2  14  50 
1749	6  25  23 
1749	2  61  77 
1749	2  42  50 
1755	2   5   1 
1751	2  77  70 
1753	2  70  68 
1751	2  51  41 
1755	2  51  62 
1757	6  18   1 
1757	2  42  59 
1759	2  41  49 
1759	2  35  62 
1761	2  41  40 
1757	6  23   5 
1745	6  65  63 
1751	6  64  46 
1761	6  60  52 
1763	2  19  39 
1765	2  18  45 
1757	6  66  65 
1763	6   5   3 
1767	2  38  58 
1761	6  71  62 
1763	6  33  23 
1767	6  62  44 
1769	2  38  57 
1771	2  76  57 
1773	2  33  44 
1775	2  34  13 
1773	2  49  60 
1777	2  20  27 
1777	2  66  60 
1777	2  25  44 
1771	6  46  38 
1779	2  37  45 
1779	2  34  59 
1781	2  56  30 
1783	2  28  40 
1781	2  44  52 
1783	2  13   2 
1781	6  34  33 
1785	2  76  60 
1785	2   4   2 
1785	2  36  39 
1787	6  52  50 
1787	2  38  23 
1789	2  23   2 
1791	2  23  30 
1793	2  50  39 
1789	6  55  27 
1779	6  79  71 
1787	6  79  76 
1795	2  47  59 
1797	2  33  58 
1799	2  58  55 
1799	2  25  21 
1801	2  55  76 
1795	6  27  18 
1801	2  18   3 
