   1	2  31  33 
   1	2  10  17 
   1	2  20   8 
   1	6  35  29 
   3	2  32  24 
   3	2  14   4 
   5	2  13  26 
   5	2  16  22 
   5	2   2   1 
   7	2  27   9 
   9	2  12  25 
   9	2  10  17 
   9	2   2   1 
   9	6  35  34 
  11	2   7  18 
  11	2  16  22 
  13	2   6  19 
  13	2  10  17 
  13	6  32  30 
  15	2  14   4 
  17	2   6  19 
  17	2  16  22 
  17	6   4   3 
  19	2  34  32 
  19	2  30  24 
  19	2  17  22 
  21	2  31  33 
  21	2   7  18 
  21	2  17  22 
  23	2  27   9 
  23	2  30  24 
  25	2  13  26 
  25	2   2   1 
  25	2  17  22 
  25	6  15   9 
  27	2  12  25 
  29	2  34  32 
  29	2   7  18 
  25	6   5   4 
  31	2  20   8 
  31	2  31  33 
  31	6  29  16 
  33	2  13  26 
  35	2  12  25 
  33	6   2   1 
  37	2  27  15 
  37	2  31  18 
  37	6  17  11 
  39	2  20   8 
  41	2  34  32 
  41	2  14   3 
  43	2  17  28 
  43	2   6  19 
  43	6   9   4 
  45	2  17  28 
  45	2   6   7 
  45	2  31  18 
  47	2  17  28 
  47	2   6   7 
  47	2  31  18 
  45	6  20  14 
  49	2  10   2 
  49	6  18  12 
  51	2   9  21 
  53	2   9  21 
  49	6  29  23 
  49	6  32  25 
  51	6   7   0 
  55	2   9  21 
  55	2  29  34 
  55	2  25  19 
  57	2  13   3 
  57	2  29  34 
  57	6  26  21 
  59	2  10   2 
  59	2  29  34 
  59	2   6   0 
  61	2  13   3 
  63	2  26  24 
  63	2   9  23 
  65	2  15  21 
  65	2  25  19 
  65	6   4   1 
  67	2  28  20 
  69	2  26  24 
  71	2   4  17 
  71	2  15  21 
  71	2  25  19 
  71	6  33  32 
  73	2   9  23 
  73	2  19   6 
  75	2   4  17 
  75	2  15  21 
  75	2  19   6 
  77	2  18  32 
  77	2  10   2 
  79	2  18  32 
  79	2   9  23 
  81	2  28  20 
  81	2  11   9 
  83	2  26  24 
  83	2   4  17 
  83	6  14   7 
  85	2  18  32 
  85	2  23  10 
  87	2  31  26 
  87	2  23  10 
  89	2  16  14 
  89	2  30  18 
  89	6  33  29 
  91	2  16  14 
  91	2  30  18 
  93	2  16  14 
  93	2  30  18 
  89	6   1   0 
  95	2   7  14 
  95	2  16  29 
  95	2  31  26 
  97	2   7  14 
  97	2  16  29 
  97	2  31  26 
  99	2  13   3 
  99	2  31  33 
  99	6  23  17 
 101	2   7  14 
 101	2  31  33 
 103	2  21  13 
 103	6   9   4 
 105	2  28  20 
 107	2  34  20 
 109	2  16  29 
 109	2   2  12 
 109	2  31  33 
 111	2  22   9 
 111	2  19   6 
 113	2  14   7 
 113	2  11   4 
 113	6  32  28 
 115	2   2  12 
 115	2  17  10 
 117	2  14   7 
 117	2  11   4 
 119	2  25  15 
 119	6  28  23 
 121	2  24  32 
 121	2  14   7 
 121	2   4  10 
 123	2  25  15 
 125	2  21  13 
 125	2   4  10 
 125	6  32  31 
 127	2  22   9 
 129	2  21  13 
 129	2   4  10 
 131	2  34  20 
 131	2  24  31 
 131	6  17   3 
 133	2  34  20 
 133	2  24  31 
 135	2  30  20 
 137	2  17  23 
 137	2   2  12 
 137	6  32  21 
 139	2  17  23 
 139	2  19  13 
 139	2   3   2 
 141	2  17  23 
 141	2  12  24 
 141	2   3   2 
 143	2  22   9 
 143	2  19  13 
 143	6  32  30 
 145	2   7  14 
 145	2  22  11 
 145	2   3   2 
 147	2   7  14 
 147	2  22  11 
 147	6   3   2 
 149	2  34  23 
 149	2  12  24 
 151	2  32  20 
 151	2  12  24 
 151	6  28  17 
 153	2  32  20 
 153	2  24  12 
 155	2   7  14 
 153	6   4   3 
 157	2  34  23 
 157	2  19  13 
 155	6  32  26 
 159	2  34  23 
 159	2  24  12 
 159	6  10   8 
 161	2  24  12 
 161	6  26  20 
 165	2  22  11 
 165	2   8  13 
 163	6  31  24 
 167	2   8  13 
 161	6  34  33 
 167	6  23  11 
 169	2  24   6 
 171	2  24   6 
 169	6  33  32 
 173	2  24   6 
 173	2   4  11 
 175	2  25  15 
 175	2   4  11 
 175	6   7   1 
 177	2  15   9 
 177	2  25  28 
 177	2   4  11 
 179	2  15   9 
 179	2  25  28 
 179	6  17  11 
 181	2  15   9 
 181	2  25  28 
 183	2  20   2 
 181	6  12   6 
 185	2  23  28 
 185	6  20  10 
 187	2  23  28 
 189	2  23  28 
 191	2  27  20 
 191	2  10   2 
 191	6  24  12 
 193	2  27  20 
 193	2  10   2 
 195	2  27  20 
 195	2  10   2 
 197	2  32  24 
 197	2  15  22 
 197	6   4   2 
 199	2  32  24 
 199	2  15  22 
 201	2  32  24 
 201	2  15  22 
 203	2   9  21 
 203	6  29  17 
 205	2   9  21 
 207	2   8  13 
 203	6  32  25 
 209	2   9  21 
 209	6  34  29 
 211	2  13   2 
 211	2  10   4 
 213	2  13   2 
 213	2  10   4 
 211	6  27  21 
 215	2  13   2 
 217	2  11  21 
 217	6   8   7 
 219	2  11  21 
 221	2  11  21 
 223	2   8  16 
 223	2  31  34 
 223	6  12   6 
 225	2   8  16 
 225	2  31  34 
 227	2   8  16 
 227	2  31  34 
 229	2  18   8 
 229	2  16  21 
 229	6  33  29 
 231	2  18   8 
 231	2  16  21 
 233	2  18   8 
 233	2  16  21 
 235	2  11  29 
 235	2  18  26 
 235	2   1   8 
 237	2  11  29 
 237	2  18  26 
 237	2   1   8 
 239	2  11  29 
 239	2  18  26 
 239	2   1   8 
 241	2  21  19 
 241	2  10   2 
 241	6  34  32 
 243	2  14  16 
 245	2  21  19 
 245	2  10   2 
 247	2  29  33 
 247	2  14  16 
 247	6   6   1 
 249	2  29  33 
 249	2  14  16 
 251	2  21  19 
 253	2  29  33 
 253	2   6  24 
 253	6  21  20 
 255	2  28  33 
 255	2   6  24 
 257	2  28  33 
 257	2   6  24 
 259	2  21  17 
 259	2   6  13 
 259	6  32  30 
 261	2  21  17 
 261	2   6  13 
 263	2  21  17 
 263	2   6  13 
 247	6   4   3 
 253	6   3   2 
 259	6   2   1 
 265	2  21  32 
 265	2  10   3 
 265	6   6   1 
 267	2  21  32 
 269	2  21  32 
 267	6  17  10 
 271	2   7  25 
 273	2  21  11 
 273	6   2   1 
 275	2  10   4 
 275	2  26  12 
 275	2  22  23 
 277	2  21  11 
 279	2  10   4 
 279	2  20   8 
 279	2  22  23 
 281	2  21  11 
 277	6  32  31 
 283	2  10   4 
 283	2  19  21 
 285	2  10  15 
 285	2  26  12 
 285	2  22  23 
 287	2  34  16 
 287	6  31  18 
 289	2  10  15 
 289	2  28  33 
 291	2  34  16 
 287	6   1   0 
 293	2   0  18 
 293	2  10  15 
 293	6  33  23 
 295	2   0  18 
 295	2   9  10 
 297	2   0  18 
 297	2   9  10 
 299	2  18  31 
 299	2  34  16 
 299	6   1   0 
 301	2  18  31 
 301	2  16  23 
 303	2  19  21 
 303	2   9  10 
 303	6  32  30 
 305	2   1   4 
 305	2  19  21 
 307	2   1   4 
 303	6  23  17 
 307	6  15  14 
 309	2  18  31 
 309	2   1   4 
 311	2  31  33 
 311	6  23  11 
 313	2   7  25 
 315	2  20   8 
 315	2  31  33 
 317	2  15  29 
 317	6  32  30 
 319	2  15  29 
 321	2  15  29 
 323	2  23  27 
 323	6  30  18 
 325	2  23  27 
 327	2  23  27 
 323	6   4   3 
 329	2   7  25 
 329	2  34  22 
 331	2  20   8 
 331	2  16  17 
 331	2  31  33 
 333	2  26  12 
 333	2   8   1 
 333	2  16  17 
 333	6  34  29 
 335	2   7  21 
 335	2  25  30 
 337	2  20  24 
 337	2   8   1 
 337	6  17   4 
 339	2  28  27 
 339	2   6  19 
 341	2  26  12 
 341	2   8   1 
 343	2  32  34 
 343	2  23  15 
 343	6  18   6 
 345	2  28  27 
 345	2  10   2 
 347	2  29  22 
 347	2  10   2 
 349	2   7  21 
 349	2  25  30 
 349	6  10   4 
 351	2  20  24 
 351	2  29  22 
 353	2  26  12 
 353	6  22  15 
 355	2  18  19 
 355	2  32  34 
 355	2   4   2 
 357	2  25  30 
 355	6   6   0 
 359	2  23  22 
 359	2  20  24 
 361	2   0   3 
 361	2  28  27 
 361	2  18  19 
 363	2   0   3 
 363	2  32  34 
 363	2  23  22 
 365	2   7  21 
 365	2  29  34 
 365	2  24  25 
 367	2   0   3 
 367	2  21  33 
 367	2  24  25 
 369	2  26  12 
 369	2  29  34 
 369	6  17   4 
 371	2   7   1 
 371	2  19  31 
 371	2  29  34 
 373	2  13  26 
 375	2  11  22 
 375	2   7   1 
 375	2  19  31 
 377	2  20   9 
 377	2   7   1 
 377	6  29  17 
 379	2  20   9 
 381	2  13  26 
 383	2   8  10 
 383	2  32  28 
 385	2  11  22 
 385	2  19  31 
 387	2  21  33 
 387	2   8  10 
 387	2  24  25 
 389	2  32  28 
 389	2   8  10 
 389	6  24  12 
 391	2  11  22 
 391	2   8   1 
 393	2  20   9 
 395	2  13  26 
 395	2  11   9 
 397	2  21  33 
 397	2   7  12 
 397	2  17  10 
 395	6  30  24 
 399	2  32  28 
 399	2   7  12 
 399	2  11   9 
 401	2  21  34 
 401	2   8   1 
 401	2  17  10 
 401	6  30  25 
 403	2  21  34 
 403	2   7  12 
 403	2  17  10 
 405	2  11   9 
 405	2   7  12 
 405	6  28  23 
 407	2  15  19 
 409	2  15  19 
 407	6  32  31 
 411	2  28  14 
 411	2  11  17 
 407	6   4   3 
 413	2   3   0 
 413	2  26  22 
 411	6  24  18 
 415	2   3   0 
 415	2  26  22 
 417	2  24  27 
 417	2   3   0 
 417	2  11  17 
 419	2  24  27 
 419	2   8   1 
 419	2  11  17 
 421	2  28  14 
 421	6  10   4 
 423	2  24  27 
 425	2  28  14 
 421	6   6   0 
 425	6  30  24 
 427	2   2  20 
 429	2  28  32 
 429	2   7  12 
 429	6  15  14 
 431	2  28  32 
 431	2   7  12 
 433	2  28  32 
 433	6  18   6 
 435	2  15  23 
 437	2  15  23 
 435	6  27  26 
 439	2  15  23 
 439	6   7   6 
 441	2  26  18 
 443	2  26  18 
 441	6  29  16 
 445	2  26  18 
 445	6   3   1 
 447	2  21  34 
 449	2  27  22 
 449	2  14  19 
 447	6  31  30 
 451	2   7  10 
 451	6  29  27 
 453	2   7  10 
 455	2   7  10 
 453	6  24  18 
 457	2  21   8 
 457	6  17  10 
 459	2  25  27 
 461	2  25  27 
 459	6  12   1 
 463	2  25  27 
 463	6  16   9 
 465	2  18  12 
 465	2  28  26 
 467	2  27  13 
 467	6  30  24 
 469	2   9   7 
 469	2  28  26 
 471	2   2  20 
 471	6  34  23 
 473	2  18  12 
 475	2   9   7 
 473	6  32  25 
 477	2  18  12 
 477	2  15  22 
 479	2  32  33 
 479	2   9   7 
 479	2  30  25 
 479	6  29  17 
 481	2  32  33 
 481	2   7   3 
 481	2  30  25 
 483	2   2  20 
 485	2  27  13 
 485	6  17   4 
 487	2  27  13 
 489	2  32  33 
 489	2  30  25 
 489	6  18  12 
 491	2  14   2 
 491	2  32  34 
 493	2  16  20 
 493	6  33  31 
 495	2   7   3 
 495	2  15  22 
 497	2  14   2 
 495	6  17  11 
 499	2  33  29 
 499	2   7   3 
 499	6  30  25 
 501	2  33  29 
 501	2  14   2 
 503	2  33  29 
 503	2   7   6 
 503	6  14   9 
 505	2  33  27 
 505	2  18  31 
 505	2   2   1 
 507	2  33  27 
 507	2  18  31 
 507	2   7   6 
 505	6  29  17 
 509	2  24  14 
 509	2  33  27 
 509	6   4   3 
 511	2  16  20 
 511	2   7   6 
 513	2  24  14 
 513	2  33  27 
 515	2  21   8 
 515	2  32  34 
 515	6  12   6 
 517	2  21   8 
 517	2  32  34 
 519	2  15  22 
 519	2   2   1 
 519	2  33  27 
 515	6  11   4 
 521	2  18  31 
 521	2  34  21 
 521	2   2   1 
 523	2  16  20 
 523	2  31  30 
 523	6   6   2 
 525	2  28  26 
 527	2  28  25 
 525	6  17  11 
 529	2   2   3 
 529	2  26  15 
 529	6  18   6 
 531	2   2   3 
 531	2  26  15 
 533	2   2   3 
 533	2  31  30 
 533	2  34  21 
 531	6  23  17 
 535	2  24  14 
 535	2  33  27 
 537	2   4  14 
 537	2  31  30 
 537	2  33  29 
 539	2  20  10 
 539	6  33  28 
 541	2   3   8 
 543	2   6   2 
 541	6  16  11 
 545	2   3   8 
 545	2  33  25 
 547	2   4  14 
 547	2  28  29 
 549	2  20  10 
 549	2  28  29 
 549	6   7   2 
 551	2  26  15 
 553	2  20  10 
 551	6  28  23 
 555	2   6   7 
 555	6  20   9 
 557	2   6   7 
 557	6  29  22 
 561	2   4  14 
 563	2  28  32 
 563	2   3   8 
 563	6  20  19 
 565	2  28  32 
 565	2   9   3 
 567	2  28  32 
 567	2  10   2 
 569	2  16  20 
 571	2  16  20 
 573	2  16  20 
 569	6  24  18 
 569	6  34  29 
 569	6   8   2 
 575	2  20  19 
 575	2   9   3 
 575	6  28  17 
 577	2  20  19 
 577	2   9   3 
 579	2  20  19 
 579	6   9   2 
 581	2  29  21 
 583	2  33  25 
 583	6  29  23 
 585	2  12  26 
 587	2  31  33 
 587	2  15   1 
 587	6  19  18 
 589	2  23   9 
 589	2  31  33 
 591	2  17   4 
 591	2  31  33 
 591	6  14   7 
 593	2  24  32 
 593	2  17   4 
 595	2  24  32 
 595	2  17   4 
 597	2  14  25 
 597	6  28  27 
 599	2  14  25 
 601	2  10   8 
 601	6  25  20 
 603	2  23   9 
 605	2  23   9 
 607	2  13  27 
 607	2   4   9 
 607	6  31  24 
 609	2  13  27 
 609	2   4   9 
 611	2  13  27 
 611	2   4   9 
 613	2  34  27 
 613	2  25  30 
 613	2  14  20 
 613	6  17   3 
 615	2  34  27 
 615	2  25  30 
 617	2  34  27 
 617	2  31  32 
 615	6  13   7 
 619	2  28  27 
 619	2  25  30 
 619	6   9   2 
 621	2  12  26 
 623	2  28  27 
 623	2  25  24 
 623	6  20  13 
 625	2  28  27 
 625	2  25  24 
 627	2  25  24 
 625	6  11   4 
 629	2  34  20 
 629	6   7   2 
 631	2  34  20 
 633	2  34  20 
 635	2   4   2 
 635	2  12  26 
 635	6  34  29 
 637	2   4   2 
 639	2   4   2 
 635	6  22  16 
 637	6  30  25 
 641	2  15   1 
 641	6  28  23 
 643	2  15   1 
 645	2  10   8 
 643	6  32  18 
 647	2   3  15 
 647	6  29  23 
 649	2   8  26 
 651	2  12   1 
 651	6  15   4 
 653	2  25  33 
 655	2  12   1 
 653	6  23  17 
 657	2  13   9 
 655	6  34  28 
 659	2  14  16 
 659	2   3   4 
 661	2  22  19 
 661	2   3   4 
 663	2  22  19 
 665	2  22  19 
 667	2  22  32 
 667	2  12   1 
 669	2  19  21 
 669	2  10  17 
 669	6   6   2 
 671	2  22  32 
 673	2  19  21 
 673	2  10  17 
 675	2  15   2 
 675	2  31  34 
 675	6  12   6 
 677	2  15   2 
 677	2  25  33 
 679	2  22  32 
 679	6   4   2 
 681	2  19  21 
 683	2  27  22 
 681	6  32  31 
 685	2  15   4 
 683	6  18  12 
 687	2  28  21 
 687	2  10  17 
 685	6   7   2 
 689	2  18  31 
 689	2  27  22 
 689	6  11   4 
 691	2  18  31 
 691	2  28  21 
 693	2  32  34 
 691	6   7   6 
 695	2  20  23 
 695	6  31  30 
 697	2  29  11 
 699	2  12  15 
 701	2   8  26 
 703	2  13   9 
 703	2  27  22 
 705	2  14  16 
 705	2  18  30 
 705	2   3   1 
 707	2  20  23 
 707	2   3   1 
 709	2  29  11 
 709	2  18   6 
 711	2  12  15 
 711	2  32  34 
 713	2   8  26 
 715	2  13   9 
 715	2  28  21 
 717	2  25  33 
 717	2  14  16 
 717	2   3   1 
 719	2  20  23 
 721	2  29  11 
 721	2  21  20 
 721	2   2   8 
 721	2  18   6 
 723	2  12  15 
 723	6  34  29 
 725	2   9  16 
 725	2  21  20 
 725	2  18   6 
 727	2   9  16 
 727	2  21  20 
 727	6  30  18 
 729	2  28  26 
 729	2   2   8 
 731	2  33  27 
 731	2   9  16 
 731	6  20  14 
 733	2  31  34 
 735	2  31  34 
 733	6  17  10 
 737	2  32  20 
 737	2   2   8 
 739	2  22  19 
 739	6   8   2 
 741	2  29  17 
 741	2  32  20 
 743	2  22  19 
 745	2  29  17 
 745	2  33  27 
 745	2  13   1 
 745	6   9   4 
 747	2  28  26 
 747	2  13   1 
 749	2  32  20 
 749	2  29  17 
 751	2  22  19 
 751	6   9   8 
 753	2  31  34 
 755	2  28  26 
 753	6  11   4 
 757	2  33  27 
 757	2  13   1 
 757	6  29  22 
 759	2  26  31 
 761	2  33  20 
 759	6   4   1 
 763	2  26  31 
 763	6  23  17 
 765	2   1  12 
 765	2  26  31 
 767	2   1  12 
 763	6  15  14 
 767	6  30  26 
 769	2   1  12 
 765	6  10   3 
 769	6  28  23 
 773	2  14  24 
 775	2  14  24 
 775	6  17  10 
 777	2  14  24 
 779	2  28  32 
 779	6  18  14 
 781	2  28  32 
 783	2  28  32 
 771	6   6   1 
 779	6   2   1 
 785	2   7  10 
 785	6  32  30 
 787	2  14   3 
 789	2   7  10 
 785	6  29  23 
 791	2  14   3 
 791	6   6   1 
 793	2  14   3 
 795	2  16  34 
 795	6  26  20 
 797	2   7  10 
 799	2  23  10 
 799	6  13   8 
 801	2  21  17 
 803	2  21  17 
 805	2  13  25 
 805	2   3   2 
 805	2  16  34 
 807	2  13  25 
 807	2  23  10 
 809	2  13  25 
 809	2   3   2 
 809	2  16  34 
 811	2   7  15 
 811	2  33  26 
 811	6  29  28 
 813	2  24   6 
 813	2   3   2 
 815	2  18  14 
 815	2  33  26 
 813	6  16  11 
 817	2  12  20 
 815	6   3   1 
 819	2  22  19 
 821	2  27   9 
 821	6  23  17 
 823	2   7  15 
 825	2  24   6 
 825	6  15   3 
 827	2  24   6 
 827	6  28  23 
 831	2  18  14 
 831	2   4  11 
 833	2  15  23 
 833	2   4  11 
 833	6  32  24 
 835	2  15  23 
 835	2   4  11 
 837	2   7   3 
 837	2  21  28 
 839	2  27   9 
 841	2  22  19 
 841	6   4   2 
 843	2  12  20 
 845	2  22  19 
 847	2  27   9 
 849	2  17  10 
 849	2  18  14 
 849	2  27  33 
 851	2  15  23 
 851	2  18   6 
 851	2  27  33 
 851	6  11   4 
 853	2  12  20 
 853	2  29  23 
 855	2  24  14 
 855	2  29  23 
 855	2  27  33 
 857	2   8   7 
 857	2  22  20 
 859	2  26  13 
 859	2  29  23 
 859	6  16  15 
 861	2   1  12 
 861	2  28  32 
 863	2  19  31 
 863	2   8   7 
 863	6  29  27 
 865	2   1  12 
 867	2  18   6 
 865	6   9   3 
 869	2  26  13 
 871	2  25  15 
 871	6  33  28 
 873	2  25  15 
 875	2  25  15 
 877	2  15  17 
 877	2  33  32 
 877	2   1  12 
 879	2  11  21 
 879	2   8   7 
 881	2  34  16 
 881	2  19  31 
 881	6   8   2 
 883	2  22  20 
 883	2  33  32 
 885	2  11  21 
 885	2  18   6 
 887	2  24  14 
 887	6  33  32 
 889	2  15  17 
 891	2  24  14 
 893	2  34  16 
 893	2  19  31 
 893	6   2   1 
 895	2  15  17 
 895	2  32  18 
 897	2  26  13 
 897	2  29  17 
 899	2  22  20 
 899	6  12   7 
 901	2  11  21 
 903	2  34  16 
 899	6  31  30 
 899	6   3   2 
 905	2  24  14 
 905	2  33  34 
 905	6  23  17 
 907	2   6  20 
 907	2  33  34 
 909	2  26   8 
 911	2  22  19 
 913	2  30  12 
 913	2  16  15 
 913	2  29  23 
 913	2  33  34 
 915	2  28  21 
 915	2  30  12 
 915	6  17   3 
 917	2   6  20 
 919	2  32  18 
 919	2  28  21 
 921	2   3  13 
 921	2  29  23 
 921	6  33  31 
 923	2   3  13 
 925	2  16  15 
 923	6  29  23 
 927	2  24  14 
 927	6  34  33 
 929	2  24  14 
 931	2   6  20 
 931	6  23  10 
 933	2  30  12 
 935	2  32  18 
 937	2  34  23 
 937	2   3  13 
 937	2  32  31 
 939	2  34  23 
 939	2  13  12 
 939	2  32  31 
 941	2  34  23 
 941	2  20   6 
 943	2  11  23 
 943	2  26   8 
 945	2  17  27 
 945	2  13  12 
 947	2  22  19 
 949	2  11  23 
 949	2  26   8 
 951	2  17  27 
 951	2   7   8 
 951	6  30  18 
 953	2  11  23 
 953	2   7   8 
 955	2  16  15 
 955	2   7   8 
 953	6  33  26 
 957	2  10  11 
 957	2  13  12 
 957	6  15   8 
 959	2  29  33 
 959	2  10  11 
 961	2  29  33 
 961	2  10  11 
 963	2  22  19 
 965	2  17  27 
 965	2   8  18 
 967	2  28  21 
 967	2   8  18 
 967	2  32  31 
 967	6  11   4 
 969	2  22  21 
 969	2   8  18 
 971	2  14  26 
 969	6  34  29 
 973	2  20   6 
 973	6  31  30 
 975	2  29  11 
 975	2  20   6 
 977	2  29  11 
 977	2   6  20 
 979	2  29  11 
 979	2  14  26 
 979	2  30  18 
 981	2  11  17 
 981	2  27  19 
 981	6   9   8 
 983	2  11  17 
 983	2  22  21 
 983	2  34  33 
 983	2  30  18 
 985	2  27  19 
 985	2  11  17 
 987	2  16  29 
 987	2  30  18 
 987	6  32  27 
 989	2  16  29 
 991	2  16  29 
 987	6   8   7 
 989	6  24  19 
 993	2  22  21 
 993	6  34  29 
 995	2   7  25 
 997	2   7  25 
 993	6  17  10 
 995	6  21  15 
 999	2   7  25 
 999	2  17  29 
1001	2   7   1 
1001	2  32  24 
1001	2  17  29 
1003	2   7   1 
1003	2  19  24 
1003	2  21  27 
1003	2  17  29 
1003	6  32  31 
1005	2   7   1 
1005	2  19  24 
1005	2  21  27 
1007	2   8  15 
1007	2  19  24 
1005	6  23  11 
1009	2  14  26 
1009	2  24  18 
1011	2  32  28 
1011	2  10  14 
1011	2  24  18 
1013	2  32  28 
1013	2  10  14 
1013	2  24  18 
1015	2  32  28 
1015	2   8  15 
1015	6  11   4 
1017	2  26  34 
1017	2   8  15 
1019	2  28  23 
1019	2   6  20 
1021	2  26  34 
1021	6  17   9 
1023	2  26  34 
1025	2  21  27 
1021	6   7   1 
1025	6  25  19 
1027	2   4   1 
1027	2  28  23 
1027	2  21  15 
1029	2   4   1 
1029	2  28  23 
1029	2  21  15 
1031	2   4   1 
1031	2  27  23 
1031	6  31  24 
1033	2  12   1 
1033	2  17  28 
1035	2  12   1 
1035	2  17  28 
1033	6   4   3 
1037	2   6  20 
1037	6  29  17 
1039	2  12   1 
1039	2  21  15 
1039	6  32  25 
1043	2  10  14 
1043	2  29  28 
1045	2   9   6 
1045	2  34  32 
1047	2  17  14 
1047	2  34  32 
1049	2   9   6 
1049	2  27  23 
1051	2  17  14 
1051	2  34  32 
1053	2   9   6 
1053	2  27  23 
1055	2  17  14 
1055	6  33  27 
1057	6  19   1 
1061	2  32  33 
1057	6  23  16 
1063	2   2   1 
1063	2  27  23 
1063	6   9   4 
1065	2   2   1 
1065	2  27  23 
1067	2   2   1 
1067	2  27  23 
1063	6  24  13 
1069	2   7   1 
1069	2  27  19 
1069	6  10   3 
1071	2   7   1 
1071	2  27  19 
1073	2   7   1 
1073	2  27  19 
1069	6  35  29 
1075	2   9   2 
1075	2  19  27 
1077	2   9   2 
1077	2  32  33 
1077	6  24  20 
1079	2   9   2 
1079	2  32  33 
1081	2   2   1 
1075	6   5   4 
1077	6  35  28 
1077	6  12   6 
1081	6  11   4 
1083	2  20  22 
1083	2   2   1 
1085	2  20  22 
1085	2   2   1 
1083	6  33  31 
1087	2  13   9 
1089	2  13   9 
1089	2  33  28 
1089	6  26  25 
1091	2  13   9 
1091	2  33  28 
1093	2   1   3 
1093	2  16  14 
1093	2  33  28 
1095	2  20  22 
1095	2   2   6 
1095	6  31  24 
1097	2   1   3 
1097	2  16  14 
1099	2   2   6 
1097	6  27  26 
1101	2   1   3 
1101	2  16  14 
1103	2  20  23 
1103	2   2   6 
1105	2  25  13 
1105	6  27  22 
1107	2  25  13 
1109	2  25  13 
1105	6   4   2 
1105	6  35  29 
1111	2   7   2 
1111	2  10  22 
1111	2  19  26 
1113	2   7   2 
1113	2  10  22 
1113	2  19  26 
1115	2   7   2 
1115	2  10  22 
1115	6  33  31 
1117	2  10  22 
1117	2   8   7 
1119	2  10  22 
1119	2   8   7 
1121	2  33  27 
1121	2   8   7 
1121	2  31  19 
1121	6  29  16 
1123	2  33  27 
1123	2  12  25 
1125	2  33  27 
1125	2   1   6 
1125	2  31  19 
1127	2  20  23 
1127	2   1   6 
1129	2  20  23 
1129	2   1   6 
1131	2  10  22 
1131	2  12  25 
1131	6   2   1 
1133	2  33  27 
1133	2   9  10 
1133	2  12  25 
1135	2  18  21 
1137	2  23   5 
1137	2  33  27 
1137	2  31  19 
1137	6   6   1 
1139	2  22  15 
1139	2  33  27 
1141	2   9  10 
1141	2  27  24 
1143	2   3  13 
1143	6  33  29 
1145	2   3  13 
1147	2   9  10 
1147	6  30  12 
1149	2  23   5 
1151	2  22  15 
1149	6  26  20 
1153	2   6  12 
1153	2   8  16 
1155	2   6  12 
1155	2   8  16 
1155	6  34  26 
1157	2   6  12 
1157	2  22  15 
1159	2   7  12 
1159	6  16   9 
1161	2   7  12 
1163	2   7  12 
1161	6  33  25 
1165	2  23   5 
1165	2   8   9 
1167	2  18  21 
1169	2  18  21 
1171	2   3  13 
1171	2  23  29 
1171	6  21  16 
1173	2  18  25 
1173	2  14  13 
1173	2  23  29 
1175	2  18  25 
1175	2  14  13 
1175	2  23  29 
1173	6   4   3 
1177	2   7  20 
1177	6  35  17 
1179	2   7  20 
1181	2   7  20 
1177	6  32  31 
1183	2  34  35 
1183	2  26   8 
1183	6  17   5 
1185	2  34  35 
1185	2   9   1 
1185	2  18  25 
1187	2  34  35 
1187	2  26   8 
1189	2  17  35 
1189	2  14  13 
1189	6   3   1 
1191	2  33  21 
1193	2  17  35 
1189	6  25  18 
1195	2   6   1 
1195	2  16   4 
1195	6  31  18 
1197	2   6   1 
1197	2  16   4 
1199	2   6   1 
1199	2   9   3 
1199	2  17  35 
1201	2  18   6 
1201	2  10   2 
1201	2  33  21 
1201	6  31  30 
1203	2  18   6 
1203	2  10   2 
1203	2  33  21 
1205	2  18   6 
1205	2  10   2 
1205	6  33  29 
1207	2  16   4 
1209	2   9   3 
1207	6  19  12 
1211	2  33  21 
1211	2   4  17 
1213	2  31  34 
1213	2  10   7 
1215	2  31  34 
1215	2  10   7 
1217	2  27  24 
1217	2   4  17 
1219	2  31  34 
1219	2  10   7 
1221	2  26   8 
1221	6  23  11 
1223	2   2  20 
1225	2  26  32 
1225	2   8  14 
1221	6  35  34 
1227	2  27  24 
1227	2   3  11 
1227	6   7   6 
1229	2   3  11 
1229	2  33  21 
1231	2  26  32 
1231	2   3  11 
1229	6  35  29 
1233	2   7  15 
1233	2  26  32 
1235	2   2  20 
1235	6  11  10 
1237	2   8  14 
1239	2  33  21 
1235	6  29  23 
1237	6  31  25 
1241	2   7  15 
1241	6  34  27 
1243	2   7  15 
1245	2   4  17 
1245	2   8  14 
1243	6  25  19 
1247	2  17   3 
1247	2  33  32 
1249	2  28  25 
1249	2   8   4 
1251	2  28  25 
1251	2   8   4 
1253	2  28  25 
1253	2   8   4 
1255	2  27  31 
1255	2  10   7 
1257	2  24  25 
1257	2  17   3 
1257	2  33  32 
1257	6  14  13 
1259	2  27  31 
1259	2  17   3 
1261	2  24  25 
1261	2  33  32 
1261	6  22   4 
1263	2  24  25 
1263	6  13   6 
1267	2  27  31 
1267	6  35  29 
1269	2   4   1 
1269	2  25  21 
1271	2   4   1 
1271	2  25  21 
1273	2   4   1 
1273	2  25  21 
1273	6  29  23 
1275	2   9  19 
1277	2   9  19 
1275	6   6   1 
1279	2   9  19 
1279	6  29  22 
1281	2  19  24 
1283	2  19  24 
1281	6  11   9 
1285	2  19  24 
1281	6  32  31 
1281	6  12   6 
1285	6  28  21 
1287	2  12  30 
1289	2  12  30 
1287	6  17   4 
1291	2  12  30 
1291	6  21  15 
1293	2  23  17 
1295	2  23  17 
1291	6  34  33 
1287	6   8   2 
1293	6   3   1 
1297	2  22  14 
1293	6  25  18 
1299	2  22  14 
1299	6  18   6 
1301	2  22  14 
1303	2  23  17 
1303	2  32  21 
1299	6  10   3 
1305	2   8  20 
1305	2  17  10 
1307	2  13  27 
1307	2  17  10 
1309	2  30  33 
1309	2  12   8 
1309	2  17  10 
1311	2  20  26 
1311	2  12   8 
1311	2  28  17 
1313	2  14   9 
1313	2  30  33 
1313	6   6   1 
1315	2  20  26 
1315	2  28  17 
1317	2  32  21 
1317	6  29  17 
1319	2   3   7 
1319	2  20  26 
1321	2  14   9 
1321	2   2   1 
1321	6  33  25 
1323	2   3   7 
1325	2  14   9 
1325	2   2   1 
1323	6  22  16 
1327	2  30  25 
1327	2  12   8 
1327	6  34  33 
1329	2  12  19 
1329	2   9  17 
1331	2   7  25 
1331	6  10   4 
1333	2  22  34 
1333	2  14   6 
1335	2  22  34 
1335	2  12  19 
1335	2   2   1 
1337	2  22  34 
1337	2   4   3 
1337	2   7  25 
1339	2  34  16 
1339	2  12  19 
1339	6   2   1 
1341	2  23  22 
1341	2  30  33 
1343	2  34  16 
1341	6  19  13 
1345	2  23  22 
1345	2  30  33 
1345	2   4   3 
1345	6  15   8 
1347	2  19  27 
1347	2   4   3 
1349	2  19  27 
1347	6  17  11 
1351	2   8  18 
1351	2  28  29 
1351	6  33  32 
1353	2   8  18 
1353	2  23  22 
1355	2   8  18 
1355	6  28  21 
1357	2  19  31 
1357	2   9  11 
1359	2  19  31 
1359	2   9  11 
1361	2  34  16 
1361	2  19  31 
1361	2   3   2 
1363	2  33  28 
1363	2  10  20 
1365	2  16  26 
1365	2   3   2 
1367	2  15  33 
1367	6  19  18 
1369	2  28  34 
1369	2  30  32 
1369	2   3   2 
1371	2  23  27 
1371	6   9   8 
1373	2  28  34 
1373	2  18  30 
1375	2  23  27 
1375	2  18  30 
1377	2  22   9 
1377	2  18  30 
1379	2  16  26 
1379	6  13   8 
1381	2  16  26 
1383	2  28  34 
1383	6  21  20 
1383	6  17  11 
1385	6  33  29 
1389	2  14   6 
1389	6  11   4 
1391	2  15  29 
1393	2  15  29 
1391	6  33  26 
1395	2  22   9 
1395	6  19  13 
1397	2  10  21 
1399	2  10  21 
1401	2   7  25 
1401	2  11  10 
1403	2  23  27 
1403	2  19  24 
1403	2  11  10 
1405	2  14   6 
1405	2  28  27 
1405	2  11  10 
1407	2  22   9 
1407	2   6  12 
1407	2  19  24 
1409	2  16   8 
1409	2   6  12 
1409	2  28  27 
1409	2  19  24 
1411	2  32  14 
1411	2  17  29 
1413	2  33  23 
1413	2   6  12 
1413	6   8   4 
1415	2  21  26 
1415	2  17  29 
1417	2  33  23 
1413	6  30  24 
1419	2  13   8 
1419	2  16   4 
1419	2  28  27 
1419	6  25  24 
1421	2  13   8 
1421	2  16   4 
1423	2  13   8 
1423	2  33  23 
1419	6   1   0 
1425	2   8  13 
1425	2  21  26 
1425	2  17  29 
1427	2   8  13 
1427	2  21  26 
1427	2  23  10 
1429	2   8  13 
1429	2  21  11 
1431	2   9  13 
1431	2  29  33 
1433	2  20   7 
1433	2  23  10 
1435	2   8  15 
1435	2  18   6 
1435	2  29  33 
1437	2   9  13 
1437	2  29  33 
1439	2  32  14 
1439	6  28  22 
1441	2  20   7 
1443	2   8  15 
1443	2  18   6 
1445	2   9  13 
1445	6  28  26 
1447	2   8  15 
1447	2  12  13 
1449	2   4   8 
1451	2  26  31 
1451	2  15   2 
1451	2  12  13 
1453	2  26  31 
1453	2  22   9 
1453	2  18   6 
1455	2  32  14 
1455	6  29  17 
1457	2  20   7 
1459	2  26  31 
1459	2  14   3 
1459	6   6   0 
1461	2  32  34 
1461	2   4   8 
1463	2  26  20 
1463	2  22   9 
1465	2   6  24 
1465	2  21  11 
1467	2   6  24 
1467	2  22   9 
1469	2   6  24 
1469	2  21  11 
1471	2  24  30 
1471	2  32  34 
1471	2  15   2 
1471	2  12  13 
1473	2   6  19 
1473	2  32  34 
1473	2  23  10 
1475	2  24  30 
1475	2  14   3 
1475	2  34  23 
1475	6  12   6 
1477	2  26  20 
1477	2   4   8 
1477	2  24  30 
1477	2  34  23 
1479	2  15   2 
1479	6  33  29 
1481	2  12  19 
1481	2   8   2 
1483	2  14   3 
1479	6  17  11 
1485	2  33  31 
1485	2  12  19 
1485	2   3   4 
1485	6  17  15 
1487	2  33  31 
1487	2   3   4 
1489	2  33  31 
1489	2   3   4 
1487	6  13   7 
1491	2  26  20 
1491	2  17  29 
1491	2  30  31 
1491	6   9   3 
1493	2  27  13 
1493	2  30  31 
1495	2  27  13 
1495	2  30  31 
1497	2  27  13 
1497	6  11   3 
1499	2  18  20 
1501	2  19  32 
1499	6   6   0 
1503	2  10  28 
1503	6  30  19 
1505	2  10  28 
1507	2  17  29 
1507	2   8   2 
1509	2   7   3 
1509	2  26  22 
1511	2  18  20 
1511	2   7   3 
1511	2  34  23 
1513	2  30  32 
1513	2  17  29 
1513	2   7   3 
1515	2  26  22 
1515	2   8   2 
1517	2  18  20 
1517	6  28  16 
1519	2  30  32 
1519	2  19   7 
1521	2  18  20 
1521	6   1   0 
1523	2  28  25 
1525	2  28  25 
1527	2  28  25 
1527	2   8   4 
1529	2  14  25 
1529	2  10  16 
1529	6  28  23 
1531	2  14  25 
1533	2  14  25 
1527	6  12   6 
1533	6   3   1 
1535	2  26  22 
1537	2  25  28 
1539	2   2  10 
1539	2  18  20 
1539	6  33  31 
1541	2  22  16 
1541	2   8   4 
1543	2  14  17 
1545	2  13  31 
1545	2  22  16 
1543	6   4   3 
1547	2  13  31 
1547	2  22  16 
1549	2  13  31 
1549	6  17   4 
1551	2  26  31 
1553	2  19   7 
1551	6  21  15 
1555	2  23  17 
1555	2  26  31 
1555	2   8   3 
1551	6  34  33 
1557	2  23  17 
1557	2  14   4 
1557	6  33  31 
1559	2  23  17 
1559	2  18  20 
1561	2  11  17 
1559	6   3   1 
1563	2  25  28 
1563	2  11  17 
1561	6  15  14 
1565	2  25  28 
1565	2  11  17 
1567	2   6  14 
1567	2  26  33 
1567	6  23   5 
1569	2   6  14 
1571	2   6  14 
1569	6  25  24 
1573	2   5   3 
1569	6  34  33 
1573	6  16  14 
1575	2   5   3 
1577	2   5   3 
1575	6  18   6 
1579	2  29  16 
1575	6  33  26 
1581	2  25  21 
1581	6   8   6 
1583	2  25  21 
1585	2  25  21 
1581	6  29  17 
1587	2  13  31 
1587	2  17  16 
1587	2  28  29 
1589	2  18  26 
1589	2   2  10 
1589	2  28  29 
1591	2  13  31 
1591	2  17  16 
1591	2  28  29 
1593	2  18  26 
1593	2   2  10 
1595	2  13  31 
1595	2  17  22 
1597	2  15   4 
1597	2  19   7 
1597	6  32  27 
1599	2   1   2 
1599	2   4  11 
1599	2  19  14 
1601	2   7   3 
1603	2  27   9 
1605	2  27   9 
1607	2  27   9 
1609	2  18  26 
1609	2   1   2 
1609	2   4  11 
1609	6  34  29 
1611	2  24  26 
1611	2   7   3 
1613	2  20  13 
1613	2   1   2 
1613	2   4  11 
1613	6  32  24 
1615	2  17  22 
1615	2  20  13 
1617	2  17  22 
1617	2  20  13 
1615	6   9   8 
1619	2  12  24 
1619	2  27  33 
1619	6  16  11 
1621	2  12  24 
1621	2  32  26 
1623	2  12  24 
1623	2  27  33 
1619	6  29  23 
1621	6   3   1 
1625	2  19  14 
1625	2  32  26 
1625	6  34  22 
1627	2  30  12 
1627	2   5   9 
1629	2  30  12 
1629	2   5   9 
1631	2  30  12 
1631	2  10  23 
1631	2  27  33 
1633	2  18   8 
1633	6  34  32 
1635	2  10  23 
1635	2   7   1 
1635	2  19  14 
1637	2  18   8 
1637	6  23  16 
1639	2  18   8 
1641	2  30  32 
1641	2   7   2 
1641	6  21  20 
1643	2   5   9 
1643	2  30  32 
1645	2  10  16 
1645	2   7   2 
1645	2  30  32 
1641	6  18  12 
1647	2  20  24 
1647	2   3  10 
1647	6  12   6 
1649	2  20  24 
1649	2  17   4 
1651	2  20  24 
1651	2   3  10 
1647	6  33  32 
1653	2  24  18 
1653	2   9  14 
1653	2  27  23 
1653	6   7   1 
1655	2  24  18 
1655	2   9  14 
1655	2  27  23 
1657	2  24  18 
1657	2  17   4 
1657	6  20  15 
1659	2  17   4 
1659	2   1   2 
1657	6  34  33 
1659	6  30  24 
1663	2  15  11 
1663	2  26  19 
1661	6   6   1 
1665	2  31  20 
1665	2   3  10 
1663	6  34  29 
1667	2  12  25 
1667	2  15  11 
1669	2  31  20 
1669	2  17  29 
1671	2  12  25 
1671	2  15  11 
1673	2  31  20 
1673	2  17  29 
1675	2  12  25 
1675	2   9  14 
1675	2  17  29 
1677	2  31  21 
1677	2  13  12 
1677	6   5   2 
1679	2  33  30 
1679	2  13  12 
1681	2  32  18 
1683	2  22   8 
1683	2  26  19 
1685	2   1  15 
1685	2  32  18 
1687	2  31  21 
1687	2  13  12 
1687	6  11  10 
1689	2  33  30 
1691	2  31  21 
1689	6   7   2 
1693	2  10  20 
1695	2  25   7 
1695	2  16   5 
1697	2  10  20 
1699	2  25   7 
1699	2  16   5 
1701	2  22   8 
1701	2  26  19 
1703	2   1  15 
1703	2  32  18 
1705	2  33  30 
1705	2   9   4 
1705	6  20  14 
1707	2  24   6 
1707	2   9   4 
1709	2  24   6 
1709	2   9   4 
1707	6  28  17 
1711	2  25   7 
1713	2  27  23 
1713	2  13  18 
1713	6   9   2 
1715	2  20  31 
1717	2  19  33 
1719	2  17   9 
1719	2  13  18 
1719	6  28  26 
1721	2  17   9 
1721	2  13  18 
1723	2  17   9 
1723	6  13   1 
1725	2  17  28 
1727	2  17  28 
1725	6   9   3 
1729	2  20  31 
1729	6  16  11 
1731	2  19  33 
1733	2  24   6 
1733	6  33  32 
1735	2  10  14 
1737	2  22   8 
1737	2  11   5 
1735	6  30  24 
1739	2  13  15 
1739	2   4  11 
1739	6  32  26 
1741	2  16  14 
1743	2  10  23 
1743	2  24  13 
1745	2  15  27 
1745	2   2   6 
1745	2   4  11 
1747	2  21   7 
1747	2   4  11 
1749	2   8  22 
1749	2  19  26 
1751	2  16  14 
1751	6   3   1 
1753	2  16  14 
1755	2  17  28 
1751	6  32  30 
1757	2  12   1 
1757	2  10  23 
1757	6  25  20 
1759	2  12   1 
1759	2  10  23 
1761	2  12   1 
1757	6  33  32 
1761	6  22  10 
1763	2  24  13 
1765	2  24  13 
1763	6   2   1 
1767	2  15  27 
1767	2  25  31 
1767	6  18  12 
1769	2  20   9 
1769	2  31  30 
1771	2  20   9 
1771	2  31  30 
1769	6  29  22 
1773	2   8  10 
1773	2  25  24 
1775	2  21   7 
1775	2  25  24 
1775	6  10   3 
1777	2  21   7 
1777	2  31  30 
1779	2  12   7 
1779	2  29  33 
1779	2  25  24 
1781	2  20   9 
1781	2  12   7 
1783	2  15  27 
1783	2   1   6 
1783	6  25  18 
1785	2   8   3 
1785	2  27  16 
1787	2   5   2 
1787	2  21  23 
1789	2  20  32 
1789	2  17   9 
1789	2  12   7 
1791	2  14   3 
1791	2  29  33 
1791	2   1   6 
1793	2  19  15 
1793	2  29  33 
1795	2  13   8 
1795	2  27  16 
1797	2   5   2 
1797	2  20  32 
1799	2  21  23 
1799	2  13   8 
1801	2  17   9 
1801	2  20  32 
1803	2  14   3 
1803	6  27  22 
1805	2   5   2 
1807	2  14   3 
1809	2  25  27 
1809	2  17   9 
1811	2  19  15 
1813	2  25  27 
1813	2  13   8 
1815	2  22  16 
1815	6  26   8 
1821	2  10   8 
1821	2  21  23 
1823	2  10   8 
1823	2  25  27 
1825	2  10   8 
1827	2  19  15 
