   1	2   2   5 
   1	6  14  12 
   3	2   2   5 
   5	2   2   5 
   7	2   6   9 
   9	2   6   9 
  11	2   6   9 
   7	6   1   0 
   7	6  15  14 
  13	6  12   4 
  13	6  11   3 
  19	2  15  11 
  19	2  13  12 
  19	2   4   0 
  21	2  15  11 
  21	2  13  12 
  21	2   4   0 
  23	2  15  11 
  23	2  13  12 
  23	2   4   0 
  25	2   6  11 
  25	6  12   4 
  27	2   6  11 
  29	2   6  11 
  31	2  13  12 
  31	2   6  11 
  31	6   4   0 
  33	2  13  12 
  33	2   6  11 
  35	2  13  12 
  35	2   6  11 
  37	2   2   0 
  37	6  15  10 
  39	2   2   0 
  41	2   2   0 
  37	6  12   8 
  43	2   4   9 
  43	6   2   1 
  45	2   4   9 
  47	2   4   9 
  49	2  10   5 
  51	2  10   5 
  53	2  10   5 
  55	2   0   5 
  55	6  14  11 
  57	2   4   1 
  59	2   8   9 
  61	2  10  13 
  61	2   4   1 
  63	2   0   5 
  65	2  10  13 
  65	2   4   1 
  67	2   8   9 
  69	2   0   5 
  71	2  10  13 
  71	2   1   4 
  73	2   8   9 
  75	2   5   0 
  75	2  14  10 
  77	2  13   9 
  77	2   1   4 
  79	2   5   0 
  79	2  14  10 
  81	2  13   9 
  81	2   1   4 
  83	2   5   0 
  83	2  14  10 
  85	2  13   9 
  85	2   4   1 
  87	2  13  14 
  87	2   4   1 
  89	2  13  14 
  89	2   4   1 
  91	2  13  14 
  91	6   6   4 
  93	6  14  13 
  97	2   4   8 
  99	2   4   8 
 101	2   4   8 
 103	2   5   4 
 105	2  10   8 
 107	2   5   4 
 109	2  10   8 
 111	2   5   4 
 113	2  10   8 
 115	2  10   8 
 117	2  13   5 
 119	2   4   1 
 121	2  10   8 
 123	2  13   5 
 125	2   4   1 
 127	2  10   8 
 129	2  13   5 
 131	2   4   1 
 131	6  10   6 
 133	2  13   8 
 135	2  13   8 
 137	2   1   6 
 137	2  13   8 
 139	2   1   6 
 139	6  13   8 
 141	2   1   6 
 143	6   5   1 
 149	2   8   5 
 151	2   8   5 
 153	2   8   5 
 155	6   5   0 
 145	6  14  13 
 161	2   9   5 
 163	2   9   5 
 165	2   9   5 
 167	2  10   9 
 169	2  13   5 
 171	2  10   9 
 173	2  13   5 
 175	2  10   9 
 177	2  13   5 
 179	2  10   5 
 181	2   9   4 
 183	2  10   5 
 185	2   9   4 
 187	2  10   5 
 189	2   9   4 
 191	2  10   6 
 191	6   8   4 
 193	2  10   6 
 195	2  10   6 
 197	2   8   9 
 199	2   8   9 
 201	2   8   9 
 203	2   6  10 
 203	2   4   8 
 205	2   6  10 
 205	2   4   8 
 207	2   6  10 
 207	2   4   8 
 209	2   4   6 
 211	2   4   6 
 213	2   4   6 
 215	6   9   1 
 221	2   9  13 
 221	6   4   0 
 223	2   9  13 
 225	2   9  13 
 227	2   5  13 
 229	2   9  14 
 231	2   5  13 
 233	2   9  14 
 235	2   5  13 
 237	2   9  14 
 239	2   9   4 
 241	2   1   5 
 241	2  14  13 
 243	2   9   4 
 245	2   1   5 
 245	2  14  13 
 247	2   9   4 
 249	2   1   5 
 249	2  14  13 
 251	2   9   5 
 253	2  13  10 
 253	6   8   4 
 255	2  13  10 
 257	2  13  10 
 259	2   1   4 
 259	6  14  12 
 261	2   1   4 
 263	2   1   4 
 265	2   8  12 
 267	2   8  12 
 269	2   9   5 
 271	2   8  12 
 273	2   9   5 
