   1	2   8  13 
   1	6  24  22 
   3	2   8  13 
   5	2   8  13 
   1	6  15   5 
   7	2  22  16 
   7	6   2   0 
   9	2  17  15 
  11	2  22  16 
   7	6  14   9 
  13	2  24  14 
  13	2   0   5 
  13	2  17  15 
  15	2  24  14 
  15	2   0   5 
  15	2  22  16 
  13	6   3   2 
  17	2  24  14 
  17	2  17  15 
  17	2   0   5 
  19	2   3   9 
  19	2  22  24 
  19	6  11   1 
  21	2   3   9 
  21	2  22  24 
  23	2   3   9 
  23	2  22  24 
  25	2  13   9 
  25	6  15  11 
  27	2  13   9 
  29	2  13   9 
  25	6  24  19 
  25	6   1   0 
  31	2  20  15 
  31	2  11   7 
  31	2  19   9 
  33	2  20  15 
  33	2  11   7 
  33	2  19   9 
  35	2  20  15 
  35	2  11   7 
  35	2  19   9 
  37	6   8   2 
  37	6  20  10 
  37	6  23  19 
  43	2   8  18 
  43	6  10   6 
  45	2   8  18 
  47	2   8  18 
  49	2  18  17 
  49	2   1   2 
  49	2   8  14 
  51	2  18  17 
  51	2   1   2 
  51	2   8  14 
  53	2  18  17 
  53	2   1   2 
  53	2   8  14 
  55	2  22  17 
  55	2  14  13 
  55	2   1   7 
  57	2   8   2 
  57	2  22  17 
  59	2  14  13 
  59	2   1   7 
  59	2  22  17 
  61	2   8   2 
  61	2  17  15 
  63	2  14  13 
  63	2   1   7 
  65	2   8   2 
  65	2  17  15 
  65	6  19  14 
  67	2   7   1 
  67	2  17  15 
  69	2   7   1 
  69	2  17  15 
  71	2  14   4 
  71	2   7   1 
  71	2  17  15 
  73	2  14   4 
  73	2  17  15 
  73	6   6   2 
  75	2  14   4 
  77	2  13   9 
  75	6  17  16 
  79	2   2   3 
  79	2  13   9 
  79	6   6   5 
  81	2   2   3 
  81	2  13   9 
  83	2   2   3 
  83	6  23  13 
  85	6   6   2 
  89	6  14   4 
  91	2  11   6 
  93	2  11   6 
  89	6  22  17 
  95	2   4   2 
  95	6  18  14 
  97	2   4   2 
  99	2   4   2 
 101	2  18  22 
 101	2  11   6 
 101	6   8   4 
 103	2  18  22 
 105	2  18  22 
 103	6  12  11 
 107	6  14   8 
 107	6  24  22 
 109	6  11   6 
 113	2  24  14 
 115	2   3   8 
 115	2  17  11 
 115	6  24  19 
 117	2   3   8 
 117	2  17  11 
 119	2   3   8 
 119	2  17  11 
 121	2  19  14 
 121	6   8   2 
 123	2  19  14 
 121	6   6   5 
 121	6  23  17 
 127	2  18   8 
 127	6  11   6 
 129	2  18   8 
 131	2  18   8 
 133	2   2   8 
 133	6  17  12 
 135	2   4  14 
 137	2   2   8 
 133	6  24  23 
 139	2  17  23 
 139	2   4  14 
 139	6   6   1 
 141	2  17  23 
 141	2   4  14 
 143	2  17  23 
 143	6   9   3 
 133	6  15  10 
 145	6  16   6 
 149	2  19   9 
 151	2  19   9 
 151	6  12   2 
 153	2  19   9 
 155	2   4   9 
 151	6  10   5 
 155	6  23  21 
 157	2  12   8 
 159	2   2   8 
 157	6   5   0 
 161	2   7  13 
 161	2  16  21 
 161	2   4   9 
 163	2   1   3 
 163	2  16  21 
 163	6  18  12 
 165	2   1   3 
 165	2  16  21 
 167	2   4   9 
 169	2  12  11 
 169	2  19  18 
 169	2   2   8 
 171	2  12  11 
 171	2  19  18 
 171	2   2   8 
 173	2  12  11 
 173	2  19  18 
 173	2   1   3 
 175	2  17  11 
 175	6   3   1 
 177	2  17  11 
 179	2  17  11 
 175	6  24  14 
 181	2  14  12 
 181	6   4   3 
 183	2  14  12 
 185	2   7  13 
 181	6  22  21 
 187	2  14  12 
 187	6   3   2 
 189	2  22  12 
 191	2  24  14 
 191	6  16  12 
 193	2   0   2 
 193	2   9   4 
 195	2   1   6 
 195	2  24  14 
 197	2   7  13 
 197	2  22  16 
 197	2   9   4 
 199	2  13  12 
 199	2   0   2 
 199	2  22  16 
 199	2   9   4 
 201	2   8  18 
 201	2   1   6 
 203	2  13  12 
 203	2   0   2 
 203	6  23  22 
 205	2  13  12 
 205	2   1   6 
 205	6   9   3 
 207	6  11   6 
 211	2   8  18 
 213	2  24  14 
 213	2   0   6 
 215	2   8  18 
 215	2   0   6 
 217	2  14  12 
 217	6   3   1 
 219	2  14  12 
 221	2  14  12 
 223	2  13  23 
 223	2   0   6 
 225	2   8   3 
 225	2  12   6 
 225	6  19  14 
 227	2   8   3 
 227	2  12   6 
 229	2   8   3 
 229	2  12   6 
 231	2  13  23 
 231	6  16  11 
 233	2  13  23 
 235	2  19  23 
 235	2   8   3 
 237	2  19  23 
 237	2   8   3 
 239	2  19  23 
 239	2   8   3 
 241	6   9   7 
 241	6  24  22 
 247	2   7  17 
 247	2   9  14 
 249	2   7  17 
 249	2   9  14 
 251	2   7  17 
 251	2   9  14 
 253	2   7   2 
 253	2  14   4 
 253	2  22  16 
 255	2  17  18 
 255	2   7   2 
 255	6   9   4 
 257	2  22  16 
 257	2   7   2 
 259	2  17  18 
 261	2  14   9 
 261	2  22  16 
 259	6   2   1 
 263	2  14   9 
 263	2  17  18 
 265	2   4   2 
 265	2  13  17 
 267	2   4   2 
 267	2  14  18 
 267	6  16  11 
 269	2   4   2 
 269	2  14  18 
 271	2  14  18 
 271	6   2   0 
 273	2  22  16 
 275	2  13  17 
 277	2   7   9 
 277	2  22  16 
 277	6   5   0 
 279	2   4   2 
 279	2  13  17 
 281	2   7   9 
 281	2  22  16 
 283	2  11   5 
 283	2   4   2 
 283	6  23  13 
 285	2  11   5 
 285	2   4   2 
 287	2  11   5 
 287	6   4   2 
 289	2  22  23 
 291	2  16  18 
 289	6   5   0 
 293	2   7   9 
 293	2  22  23 
 295	2   4   8 
 295	2  16  18 
 295	6   2   1 
 297	2   4   8 
 297	2  22  23 
 299	2   4   8 
 299	2  16  18 
 301	2   1   0 
 301	2   8  18 
 303	2   6   7 
 303	6  19  17 
 305	2   1   0 
 307	2   6   7 
 303	6   9   3 
 309	2  17  11 
 309	2  14  19 
 309	2   2   3 
 311	2  17  11 
 311	2  14  19 
 311	2   2   3 
 313	2  17  11 
 313	2   1   0 
 313	2  14  19 
 315	2   2   3 
 315	2  13  14 
 315	6  17  11 
 317	2   1   0 
 317	2  13  14 
 319	2   3   2 
 319	2  13  14 
 315	6  24  23 
 321	2   6   7 
 321	2  17  22 
 321	6  14   4 
 323	2   6  11 
 323	2  17  22 
 325	2   1   0 
 325	2  17  22 
 325	6  11   7 
 327	2  24  14 
 327	2   1   0 
 329	2  24  14 
 327	6  22  17 
 331	2   3   2 
 331	2  24  14 
 333	2   8  18 
 333	6  11   1 
 335	2   8  18 
 337	2  18   8 
 339	2   6   7 
 339	6  24  22 
 341	2   3   2 
 343	2   6   7 
 339	6  14   9 
 345	2  14  12 
 345	6   2   1 
 347	2  14  12 
 349	2  14  12 
 345	6  22  21 
 351	2   7   9 
 351	6  17  16 
 353	2   7   9 
 355	2   7   9 
 357	2  11  21 
 357	2  18   8 
 359	2   3  13 
 359	6  16   6 
 361	2   3  13 
 363	2   3  13 
 365	2   6   1 
 365	2  18   8 
 367	2  11  21 
 367	2  18  13 
 367	6   4   2 
 369	2  11  21 
 369	2  18  13 
 371	2  18  13 
 373	2   6   1 
 373	2   8   3 
 373	6  18  14 
 375	2   6   1 
 375	2   8   3 
 377	2   1   0 
 377	2   8   3 
 379	2  17  18 
 379	2   1   0 
 379	6  11   7 
 381	2  17  18 
 381	2   1   0 
 383	2  17  18 
 383	2   1   0 
 379	6   9   4 
 385	2  19   9 
 385	2  17  16 
 385	2   1   0 
 387	2  19   9 
 387	2  17  16 
 387	2   1   0 
 389	2  19   9 
 389	2  17  16 
 389	6   7   6 
 391	2  24  19 
 393	2  24  19 
 391	6   9   3 
 395	2  12  18 
 391	6  21  15 
 395	6   6   1 
 397	2  12  18 
 399	2  24  19 
 399	2  13   9 
 397	6  15  10 
 401	2   2   3 
 401	2  12  18 
 403	2   2   3 
 403	2  11  16 
 403	2  24  18 
 405	2   2   3 
 405	2  11  16 
 405	2  24  18 
 407	2   1   3 
 407	2  11  16 
 407	2  24  18 
 409	2   1   3 
 409	6  17  11 
 411	2   1   3 
 409	6  24  14 
 413	6   2   0 
 415	2  17  18 
 417	2  17  18 
 419	2  10   0 
 419	2  14   8 
 419	2  17  18 
 421	2  10   0 
 421	2  13   9 
 423	2  10   0 
 423	2  14   8 
 423	6  18  17 
 425	2  14   8 
 427	2   6   8 
 429	2  11   1 
 429	2  13   9 
 431	2  11   1 
 431	6  14   4 
 433	2  11   1 
 435	6  17   7 
 435	6   5   0 
 437	6   9   4 
 441	2  19  17 
 441	2   1   7 
 443	2  14  12 
 443	6  15   5 
 445	2  14  12 
 447	2  14  12 
 443	6  24  23 
 443	6   4   3 
 449	2  19  17 
 449	2   1   7 
 451	2  19  17 
 451	2   6   8 
 453	2  23  17 
 453	2  14   9 
 453	2   1   7 
 455	2  15  16 
 455	2  14   9 
 455	6   6   2 
 457	2  23  17 
 457	2  14   9 
 459	2  15  16 
 459	6  14   4 
 461	2  23  17 
 463	2  15  16 
 461	6   6   1 
 465	2  14  19 
 465	6   4   3 
 467	2  12  10 
 467	2  14  19 
 469	2  12  10 
 469	2  14  19 
 471	2  12  10 
 471	2  23  19 
 471	6   3   1 
 473	2  18  17 
 473	2  10  15 
 475	2  16  12 
 475	2  23  19 
 477	2   4  14 
 477	2  10  15 
 477	2   1   7 
 479	2  11  13 
 481	2  18  17 
 481	2  10  15 
 481	2   2   8 
 483	2   4  14 
 483	2  16  12 
 485	2  11  13 
 487	2  18  17 
 487	2   1   7 
 487	6  15  10 
 489	2  23  19 
 489	2   1   7 
 491	2   4  14 
 491	6  17   7 
 493	6  10   5 
 497	2  16  12 
 497	2   4   3 
 493	6  19  14 
 497	6  23  22 
 499	2  11  13 
 499	2   4   3 
 501	2  13   7 
 501	2   4   3 
 503	2  18  16 
 503	6   8   2 
 505	2  12  11 
 507	2  18  16 
 501	6   5   0 
 509	2   9   8 
 509	2  12  11 
 509	6  21  15 
 511	2   2   0 
 511	2  12  11 
 513	2  13   7 
 509	6  24  19 
 513	6   1   0 
 515	2   9   8 
 515	2  18  16 
 517	2  13   7 
 517	6  23  21 
 519	2   2   1 
 519	2   9   8 
 521	2   2   1 
 521	6   8   4 
 523	2  24  23 
 523	2  12  17 
 525	2  24  23 
 525	2  12  17 
 523	6  10   0 
 527	2  24  23 
 527	2   8  13 
 529	2  14  24 
 529	2   3   7 
 529	6  16  10 
 531	2  14  24 
 531	2   3   7 
 533	2   8  13 
 529	6   1   0 
 533	6  23  22 
 535	2  10   0 
 535	2   8  13 
 537	2  10   0 
 537	2   3   7 
 539	2  16  22 
 539	2  14  24 
 539	6   6   2 
 541	2  16  22 
 543	2  16  22 
 541	6  13   8 
 545	2   6  11 
 545	6  23  19 
 547	2   6  11 
 549	2  12  17 
 549	2  10   0 
 547	6   8   2 
 551	2   6  11 
 551	6  19  14 
 551	6  22  17 
 553	6   1   0 
 557	2  14   8 
 553	6  20  10 
 559	2  14   8 
 559	2  20  22 
 561	2  14   8 
 561	2  20  22 
 563	2   8   4 
 563	2  18  16 
 565	2  14   9 
 565	2   7  17 
 567	2   8   4 
 567	2  18  16 
 569	2  14   9 
 569	2   7  17 
 571	2   8   4 
 571	2  18  16 
 573	2  14   9 
 573	2   7  17 
 575	2  24  14 
 575	6   3   1 
 577	2  24  14 
 579	2  24  14 
 575	6  17  11 
 575	6  21  20 
 581	2   8   6 
 581	2  21  22 
 583	2   3   9 
 583	2  16  18 
 585	2   2   4 
 585	2  17  13 
 587	2   8   6 
 587	6  23  21 
 589	2   3   9 
 591	2   2   4 
 589	6  12  11 
 593	2   3   9 
 593	6  24  23 
 595	2   1  11 
 597	2  17  13 
 597	2   2   4 
 599	2   1  11 
 599	6  19   9 
 601	2   1  11 
 603	2  11  12 
 603	6   5   1 
 605	2  17  13 
 605	2   9   4 
 607	2  14  13 
 607	2  22  17 
 609	2   8   6 
 609	2  22  17 
 611	2   8   2 
 611	2  16  18 
 613	2   7   3 
 613	2  14  13 
 613	2  22  17 
 613	6  15   5 
 615	2   8   2 
 617	2   7   3 
 617	2  14  13 
 615	6  23  22 
 619	2  11  12 
 619	2   9   4 
 621	2  16  18 
 621	2   8   2 
 623	2   7   3 
 623	2  17  16 
 623	6  24  14 
 625	2  11  12 
 627	2  17  16 
 627	6   7   6 
 629	2   9   4 
 629	2  17  16 
 629	6  19  13 
 631	6  21  15 
 635	2  13   7 
 631	6   4   3 
 637	2  21  22 
 637	2  13   7 
 639	2  21  22 
 639	2  13   7 
 641	2  21  22 
 641	2  13   8 
 641	6  11   6 
 643	2  23  21 
 643	2  14   4 
 645	2  13   8 
 645	2  23  21 
 647	2  14   4 
 647	2  23  21 
 647	6   6   2 
 649	2  13   8 
 651	2  14   4 
 649	6  22  16 
 653	2   2   3 
 653	6  19  13 
 655	2   6  16 
 657	2   6  16 
 659	2   7  13 
 661	2   2   3 
 661	6  13  11 
 663	2   2   3 
 667	2  13  18 
 667	2   7  11 
 669	2  13  18 
 669	2   6  16 
 671	2  13  18 
 671	2   7  11 
 673	6   9   7 
 679	2  12   7 
 681	2  12   7 
 683	2  12   7 
