   1	2  47  39 
   1	2  11  12 
   1	2  28  44 
   1	2   8  16 
   3	2  19  34 
   3	2  47  39 
   3	2  28  44 
   3	2   8  16 
   1	6   3   2 
   5	2  24  33 
   5	2  11  12 
   5	2  28  44 
   5	6  15   7 
   7	2   6  27 
   7	2  47  39 
   9	2  46  40 
   9	2  11  12 
   7	6  44  35 
  11	2  19  34 
  11	2   8  16 
   9	6  32  31 
  13	2  45  44 
  13	2   6  27 
  13	6  21   0 
  15	2  24  33 
  15	2  45  44 
  17	2  46  40 
  15	6  13   4 
  19	2  15  30 
  19	2  45  44 
  17	6  25  18 
  21	2  36  21 
  21	2  46  40 
  21	6  20   6 
  23	2  15  30 
  23	2  47  46 
  25	2  36  21 
  25	2  24  33 
  25	2  47  46 
  19	6   2   1 
  21	6  10   4 
  27	2  18   3 
  27	2  15  30 
  27	2  20  27 
  27	2  47  46 
  27	6  43  42 
  29	2  18   3 
  31	2  18   3 
  29	6  29  15 
  33	2  19  34 
  29	6  39  38 
  33	6  44  43 
  35	2  10  15 
  35	2  33  19 
  35	2  29  35 
  37	2  10  15 
  37	2  27  34 
  37	2  29  35 
  35	6  47  46 
  39	2  36  21 
  39	2  24  16 
  39	2  33  19 
  41	2  10  15 
  41	2  30  36 
  41	2  27  34 
  41	6  39  25 
  43	2  30  36 
  43	2  27  34 
  45	2  30  36 
  43	6  15   2 
  47	2  44  39 
  47	2  29  35 
  43	6  11   4 
  45	6  34  20 
  49	2  11  25 
  49	6  43  38 
  51	2  11  25 
  51	2  40  34 
  53	2  11  25 
  53	2  40  34 
  49	6  21   8 
  55	2  31  15 
  55	2  40  34 
  55	6  18  10 
  57	2  44  39 
  59	2  31  15 
  57	6  41  34 
  61	2  44  39 
  61	2   4   2 
  61	2  18  17 
  61	6  22  21 
  63	2  34  13 
  63	2   8  10 
  65	2  34  13 
  65	2   8  10 
  63	6  46  37 
  67	2  34  13 
  67	2  24  16 
  69	2  31  15 
  69	6  27  26 
  71	2  15   3 
  71	2  38  31 
  73	2   4   2 
  73	2  18  17 
  73	2  38  31 
  69	6  47  40 
  69	6  44  36 
  73	6  23  22 
  75	2  25  12 
  77	2  25  12 
  75	6  46  44 
  79	2  15   3 
  79	2  33  19 
  81	2  23  39 
  81	2   4   2 
  81	2  19  20 
  83	2  23  39 
  83	2  19  20 
  83	6   5   4 
  85	2  24  16 
  85	2  19  20 
  87	2  18  17 
  87	2  38  31 
  85	6  46  40 
  89	2  25  12 
  85	6  36  21 
  91	2  15   3 
  91	2  40  26 
  91	6  45  31 
  93	2   8  10 
  93	2  40  26 
  95	2   3   2 
  95	2  40  26 
  91	6  13  12 
  93	6  22  21 
  97	2  38  41 
  97	2   3   2 
  97	6  18  12 
  99	2  23  39 
  99	2   3   2 
 101	2  47  39 
  99	6  27  20 
 103	2  31  18 
  99	6  43  36 
 101	6  22  15 
 105	2  31  18 
 103	6  47  40 
 107	2  31  18 
 105	6  34  27 
 109	2  29  24 
 109	2  40  39 
 107	6  15   9 
 111	2  31  45 
 105	6  13   5 
 111	6  20   4 
 113	2  29  24 
 113	2  40  39 
 115	2  31  45 
 115	6  35  22 
 117	2  32  20 
 119	2  32  20 
 117	6   9   3 
 121	2  32  20 
 121	6  44  35 
 123	2  27  20 
 123	2  11   3 
 123	2  23  25 
 125	2  27  20 
 125	2  11   3 
 125	2  23  25 
 127	2  27  20 
 127	2  11   3 
 127	2  44  46 
 127	2  29  24 
 129	2  33  30 
 129	2   5   3 
 131	2  18  16 
 131	2   5   3 
 131	2  44  46 
 133	2  12  27 
 133	2  44  46 
 133	6  23  17 
 135	2  12  27 
 135	2  36  29 
 135	2  47  46 
 137	2   5   3 
 137	2  34  39 
 137	2  36  29 
 133	6  15   8 
 139	2  23  37 
 139	2  12  27 
 139	2  47  46 
 139	6  10   3 
 141	2  33  30 
 143	2  23  37 
 143	2  19  40 
 145	2  18  16 
 145	2  38  41 
 145	6   5   3 
 147	2  33  30 
 149	2  18  16 
 149	2  31  45 
 149	2  36  29 
 149	6  40  34 
 151	2  23  37 
 153	2  17  25 
 153	2  23  30 
 151	6   8   3 
 155	2  38  41 
 155	2  25  26 
 155	6  29  28 
 157	2   9  18 
 157	2  31  37 
 157	2  40  39 
 159	2  16  24 
 159	2  38  33 
 151	6  13   5 
 157	6  20  13 
 161	2  29  32 
 157	6   5   4 
 163	2  29  32 
 163	6  11   2 
 165	2  29  32 
 167	2  25  26 
 167	2  23  30 
 167	2  40  39 
 167	6  44  36 
 169	2  32  20 
 171	2  32  20 
 169	6  22   8 
 173	2  32  20 
 169	6  10   4 
 173	6  45  44 
 175	2   8   2 
 175	2  17  12 
 177	2   8   2 
 177	2  19  34 
 177	2  23  30 
 175	6  28  21 
 179	2   8   2 
 179	2  31  37 
 179	2  17  12 
 179	2  47  46 
 181	2  22  36 
 181	2  32  11 
 183	2  22  36 
 183	2   9  18 
 183	2  45  40 
 181	6  27  20 
 185	2  32  11 
 185	2  22  36 
 187	2   4  20 
 187	2  16  24 
 187	2  22  21 
 187	2  45  40 
 189	2   4  20 
 189	2  16  24 
 189	2  22  21 
 189	2  45  40 
 191	2  38  33 
 191	2  17  12 
 191	2  22  21 
 193	2  25  26 
 193	2  31  37 
 193	6  15  10 
 195	2  38  33 
 197	2  36  38 
 193	6  20  12 
 197	6  47  41 
 199	2  10  13 
 199	2  30  37 
 201	2  29  15 
 201	2   4  12 
 201	2  25  17 
 201	6  44  38 
 203	2  10  13 
 205	2  29  15 
 205	2  19  34 
 203	6  47  46 
 207	2  10  13 
 207	2  36  44 
 207	6  22  21 
 209	2  27  13 
 209	2   9  18 
 209	2  30  37 
 211	2  27  13 
 211	2  39  24 
 211	2  36  44 
 211	6  10   4 
 213	2  29  15 
 213	2  27  13 
 213	2  39  24 
 215	2  38  29 
 215	2  27  34 
 215	6  14   8 
 217	2  38  29 
 217	2  20  19 
 217	2  25  17 
 219	2  32  11 
 219	6  44  36 
 221	2  15   2 
 221	2  33  32 
 221	2  20  19 
 223	2  15   2 
 223	2  27  34 
 223	2  25  17 
 221	6   5   4 
 225	2  15   2 
 225	2  33  32 
 225	2  30  37 
 225	2  20  19 
 225	6  46  45 
 227	2  15  16 
 227	2  10   2 
 227	2  27  34 
 227	2  30  37 
 229	2  23  26 
 231	2  38  29 
 231	2  15  16 
 231	2  10   2 
 231	2  27  25 
 227	6   6   5 
 233	2  23  26 
 233	6  46  44 
 235	2  33  32 
 235	2  15  16 
 235	2  10   2 
 237	2  23  26 
 233	6  13   6 
 239	2  39  24 
 239	6  35  14 
 241	2  46  34 
 241	2  10  24 
 243	2  32  40 
 239	6   6   5 
 243	6  19  17 
 245	2  30  37 
 245	2  32  40 
 247	2  30  37 
 247	2  32  40 
 245	6  43  35 
 249	2  17  22 
 249	2  46  34 
 245	6   5   4 
 251	2  45  43 
 251	2  19  33 
 251	2  10  24 
 253	2  45  43 
 253	2  27  25 
 253	6  22   9 
 255	2  45  43 
 255	2  19  33 
 257	2  31  45 
 257	6  41  20 
 259	2  22  29 
 259	2  31  45 
 259	2  17   9 
 261	2  22  29 
 261	2  31  45 
 261	2  17   9 
 259	6   4   3 
 263	2  20  13 
 263	2  22  29 
 263	6  41  25 
 265	2  20  13 
 265	2  15  29 
 267	2  20  13 
 267	2  22  36 
 267	6   9   3 
 269	2  23  25 
 271	2  26  31 
 271	2  22  36 
 269	6  12  11 
 273	2  15  29 
 273	2  27  41 
 273	6  45  39 
 275	2  11  16 
 275	2  37  30 
 277	2  11  16 
 277	2  37  30 
 275	6  20  13 
 279	2  23  25 
 279	6  45  43 
 281	2  11  16 
 281	2  27  40 
 283	2  10  24 
 283	2  19  33 
 285	2  26  31 
 285	2  22  36 
 287	2  15  29 
 287	2  46  34 
 287	6  24  10 
 289	2  19  33 
 291	2  27  40 
 293	2  23  25 
 293	6  46  45 
 295	2  26  31 
 297	2  17  31 
 297	6  26  12 
 299	2  24  16 
 299	2  37  30 
 301	2  17  31 
 293	6   3   2 
 303	2  47  26 
 303	6  15  10 
 305	2  47  26 
 307	2  47  26 
 309	2  10  12 
 309	2  34  32 
 311	2  25  41 
 311	6  22   9 
 313	2  34  32 
 315	2  25  41 
 317	2  22  38 
 317	2  10  12 
 319	2  22  38 
 319	2  10  12 
 321	2  22  38 
 317	6  26  25 
 321	6  11   3 
 323	2  22  21 
 323	2  47  38 
 323	2  24  16 
 325	2  22  21 
 325	2  47  38 
 325	2  24  16 
 327	2  25  11 
 327	2  22  21 
 327	2  47  38 
 329	2  25  11 
 329	2  36  22 
 329	6  47  45 
 331	2  25  11 
 331	2  36  22 
 333	2  11   9 
 333	2  34  32 
 333	2  36  22 
 335	2  45  29 
 335	2  11   9 
 335	2  26  41 
 337	2  45  29 
 337	2  19  33 
 339	2  27  40 
 339	2  17  31 
 339	6  36  21 
 341	2  11   9 
 341	2  27  41 
 343	2  19  33 
 345	2  36  38 
 345	2  19  17 
 347	2  36  38 
 347	2  27  41 
 347	6  16  11 
 349	2  36  38 
 349	2  27  41 
 351	2  31  30 
 351	6  26  20 
 353	2  45  29 
 355	2  22   9 
 353	6  12  11 
 357	2  39  26 
 357	2  22   9 
 359	2  39  26 
 359	2  22   9 
 355	6  44  37 
 361	2  39  26 
 361	6  29  16 
 363	2  39  47 
 365	2  39  47 
 363	6  26  18 
 367	2  39  47 
 367	2  36  29 
 367	6  15   9 
 369	2  33  24 
 369	2  36  29 
 371	2  44  47 
 369	6  12  11 
 373	2  34  39 
 373	2  36  29 
 373	6  15   2 
 375	2  44  47 
 377	2  34  39 
 379	2  18   9 
 379	2  31  30 
 379	6  46  34 
 381	2  18   9 
 381	2  31  30 
 383	2  18   9 
 377	6  43  36 
 383	6  37  31 
 385	2  34  26 
 385	2  11   9 
 385	2  46  39 
 387	2  34  26 
 387	2  11   9 
 379	6  22  21 
 385	6  20  13 
 389	2  34  26 
 389	2  11   9 
 385	6  29  22 
 387	6  46  39 
 391	2  20  34 
 391	2  11   2 
 391	6  36  30 
 393	2  20  34 
 393	2  11   2 
 395	2  20  34 
 395	2  11   2 
 391	6  22  15 
 393	6  39  38 
 397	2  19  17 
 397	6  29  22 
 399	2  31  26 
 401	2  31  26 
 397	6   4   3 
 403	2  31  26 
 403	6  22  16 
 405	2  25  31 
 407	2  25  31 
 403	6  11   4 
 405	6  34  20 
 409	2  25  31 
 409	6  29  16 
 411	2  32  25 
 413	2  32  25 
 411	6  20   4 
 415	2  44  47 
 415	2  32  25 
 415	6  16   9 
 417	2  11   4 
 417	2  47  46 
 417	2  37  32 
 419	2  11   4 
 419	2  45  44 
 417	6  41  34 
 421	2  11   4 
 421	2  47  46 
 421	2  37  32 
 423	2  23  26 
 423	2  45  44 
 423	6   4   2 
 425	2  23  26 
 425	2  47  46 
 427	2  23  26 
 427	2  45  44 
 429	2  10   2 
 429	2  23  22 
 429	2  37  32 
 429	6  20  12 
 431	2  33  24 
 431	2  10   2 
 433	2  23  22 
 433	2  10   2 
 433	2  32  44 
 435	2  11   9 
 435	2  33  24 
 435	6  38  37 
 437	2  11   9 
 437	2  23  22 
 439	2  11   9 
 439	2  24  25 
 437	6  34  20 
 441	2  37  22 
 441	2  24  25 
 441	6   9   2 
 443	2  31  18 
 445	2  34  39 
 445	2  24  25 
 443	6  35  21 
 447	2  31  18 
 447	6  41  40 
 449	2  31  18 
 451	2  19  17 
 451	2  37  22 
 453	2  34  39 
 453	2  17  10 
 453	6  36  35 
 455	2  34  39 
 455	2  15  18 
 457	2  11  20 
 457	6  40  38 
 459	2   9  23 
 459	2  19  27 
 461	2  17  10 
 461	2  19  27 
 461	6  23  15 
 463	2  11  20 
 463	2  32  44 
 465	2  17  10 
 465	2  19  27 
 465	2  32  44 
 467	2  30  38 
 467	2   9  15 
 467	2  11  20 
 467	6  25  24 
 469	2  30  38 
 469	2   9  15 
 469	2  27  40 
 471	2  30  38 
 471	2  12   9 
 473	2  38  41 
 473	2  12   9 
 475	2  38  41 
 475	2  12   9 
 477	2  38  41 
 477	6  13  10 
 479	2  36  39 
 481	2  36  39 
 483	2  31  34 
 483	6  15  10 
 485	2  31  34 
 487	2  36  39 
 489	2  30  15 
 489	2  47  39 
 489	6  25  19 
 491	2  30  15 
 491	2  47  39 
 493	2  30  15 
 493	2  47  39 
 489	6  10   2 
 495	2  23  18 
 495	6  41  39 
 497	2  23  18 
 499	2  20  19 
 495	6  37  36 
 499	6  24  15 
 501	2  20  19 
 503	2  27  40 
 495	6   3   2 
 501	6  36  29 
 505	2  39  24 
 505	2  20  19 
 505	6  10   9 
 507	2  39  24 
 507	2  29  22 
 509	2  31  34 
 509	2  22  15 
 511	2   9  30 
 511	2  13  34 
 513	2   9  30 
 513	2  13  34 
 515	2   9  30 
 515	2  27  40 
 517	2  39  24 
 517	2  22  15 
 517	2  12  27 
 519	2  37  25 
 519	2  22  15 
 519	6  47  41 
 521	2   3  24 
 523	2  23  38 
 523	2  12  27 
 525	2  39  45 
 525	2  12  27 
 525	6  36  23 
 527	2  39  45 
 529	2  13  34 
 529	6  46  45 
 531	2  26  23 
 533	2  26  23 
 535	2  26  23 
 535	2  39  46 
 535	6  44  43 
 537	2   3  24 
 537	2  34  20 
 539	2   3  24 
 539	2  34  20 
 541	2  35  23 
 541	2  34  20 
 541	6  45  44 
 543	2  35  23 
 545	2  35  23 
 541	6  18  10 
 543	6  27  13 
 547	2  35  44 
 547	2  24  15 
 547	6  46  40 
 549	2  23  11 
 549	2  35  44 
 551	2  37  25 
 551	6  16  10 
 553	2  36  38 
 553	2  27  41 
 555	2  35  44 
 555	2  27  41 
 557	2  29  16 
 557	2  27  41 
 557	6  45  32 
 559	2  29  16 
 561	2  29  16 
 551	6  13  12 
 557	6   4   3 
 559	6  20  12 
 563	2  37  25 
 563	6  15   9 
 565	2  32  26 
 567	2  32  26 
 565	6  44  29 
 569	2  32  26 
 565	6  13   4 
 565	6  24  17 
 559	6  41  34 
 571	2  30  32 
 571	2  17   9 
 571	6  47  45 
 573	2  30  32 
 573	2  17   9 
 575	2  23  11 
 571	6  43  35 
 575	6  26  20 
 577	2  31  15 
 579	2  31  15 
 577	6  10   4 
 581	2  30  32 
 577	6  47  41 
 581	6  20  13 
 583	2  31  15 
 585	2  36  38 
 585	6  33  18 
 587	2  44  46 
 589	2  36  29 
 585	6   9   3 
 589	6  38  31 
 591	2   4  18 
 591	2  36  29 
 593	2   4  18 
 593	2  36  29 
 591	6  47  33 
 595	2   4  18 
 595	2  38  43 
 591	6  21  15 
 597	2   9  18 
 597	2  39  47 
 597	6  35  21 
 599	2  13   4 
 599	2  24  40 
 601	2   9  18 
 601	2  44  46 
 601	6  33  31 
 603	2  13   4 
 603	2  44  46 
 605	2   9  18 
 603	6  21  14 
 607	2  13   4 
 607	2  30  16 
 607	2  39  47 
 603	6  42  35 
 607	6  26  18 
 609	2   9  22 
 609	2  45  42 
 611	2  30  16 
 611	2  39  47 
 611	6   4   3 
 613	2  32  20 
 615	2  41  26 
 615	2  38  43 
 611	6  14   7 
 613	6  22  16 
 617	2  32  20 
 617	6   7   2 
 619	2  24  40 
 619	2  12   4 
 621	2  41  26 
 621	2  45  42 
 621	2  12   4 
 621	6  29  22 
 623	2   3   2 
 623	2  32  20 
 625	2   9  16 
 625	2  38  43 
 625	2  41  26 
 625	2  12   4 
 627	2  23  11 
 627	2  45  42 
 627	6  33  26 
 629	2  23  37 
 629	2   3   2 
 631	2  23  37 
 631	2   3   2 
 629	6  20  12 
 633	2  24  40 
 633	6  14   2 
 635	2  13  26 
 635	2  30  29 
 635	2  38  39 
 637	2  13  26 
 637	2  38  39 
 633	6  43  42 
 635	6  17  11 
 639	2  13  26 
 639	2  38  39 
 639	6  35  14 
 641	2  25  17 
 641	2  12   3 
 643	2  25  17 
 643	2  12   3 
 641	6  41  39 
 645	2   9  16 
 645	2  19  11 
 645	6  42  21 
 647	2  25  17 
 647	2  12   3 
 649	2  27  25 
 647	6  47  45 
 651	2  17  16 
 651	2  19  11 
 651	6  42  35 
 653	2  23  37 
 653	2  33  47 
 653	2  19  11 
 655	2  18  30 
 655	6  21  15 
 657	2  44  32 
 657	2   3  11 
 659	2  43  45 
 659	2  27  25 
 659	2   3  11 
 661	2  29  37 
 661	2  33  47 
 661	2  17  16 
 661	2   3  11 
 663	2  36  39 
 663	2  17  16 
 663	6  13   4 
 665	2  23  31 
 665	2  43  45 
 667	2  29  37 
 667	2  33  47 
 665	6  18  17 
 669	2  36  39 
 669	6  20  13 
 671	2   4   9 
 671	2  44  32 
 673	2  22  10 
 673	2  44  32 
 675	2  17  30 
 675	2  43  45 
 675	6  41  20 
 677	2   4   9 
 677	2  23  31 
 679	2  22  10 
 677	6  44  42 
 681	2  27  25 
 681	2   4   9 
 683	2  46  44 
 683	2  23  31 
 683	2  13   4 
 683	6  26  18 
 685	2  46  44 
 685	2  16  31 
 685	2  13   4 
 687	2  29  37 
 687	2  13   4 
 683	6  42  35 
 689	2  15  18 
 689	2  46  44 
 691	2  15  18 
 691	2  46  47 
 689	6  35  28 
 693	2  17  30 
 693	2  26  40 
 695	2  15  18 
 695	2  46  47 
 697	2  36  39 
 697	2   9  12 
 699	2  22  10 
 699	2  33  38 
 701	2  30  32 
 701	2  20  27 
 701	2  46  47 
 701	6  15  10 
 703	2  25  39 
 703	2  20  27 
 705	2  33  38 
 699	6  43  35 
 705	2  35  29 
 707	2  10  19 
 707	2  22  36 
 707	2  47  46 
 707	6  32  24 
 709	2  28  15 
 709	2  20  27 
 709	2  47  46 
 711	2  10  19 
 711	2  35  29 
 711	2  47  46 
 713	2  34  32 
 713	2  28  15 
 713	6  45  37 
 715	2  34  32 
 715	2   9  12 
 717	2  34  32 
 717	2  10  19 
 715	6  35  21 
 719	2  30  24 
 719	2  26  40 
 719	6  10   9 
 721	2  32  23 
 723	2  32  23 
 719	6  12   4 
 721	6  47  45 
 725	2  22  36 
 725	2  10   4 
 721	6  27  20 
 727	2  47  41 
 727	2  16  31 
 727	2  21  29 
 727	6  20   4 
 729	2  47  41 
 729	2  32  23 
 731	2  30  24 
 731	2  28  15 
 731	2  47  41 
 727	6  44  43 
 733	2  25  39 
 733	2  22  36 
 733	2  10   4 
 733	6  34  20 
 735	2  16  31 
 737	2  25  39 
 737	2  43  29 
 737	2  10   4 
 739	2  17  20 
 739	2  43  29 
 739	6  41  39 
 741	2  17  20 
 741	2  43  29 
 743	2  17  20 
 743	6  43  35 
 745	2  33  38 
 745	2  17  23 
 747	2  26  40 
 747	2  38  31 
 747	2  17  23 
 745	6  12  11 
 749	2  15  28 
 749	2  38  31 
 749	6  41  27 
 751	2  21   9 
 751	2  38  31 
 753	2  21   9 
 751	6  25  18 
 755	2  20  34 
 755	2  15  28 
 755	2  10   4 
 753	6  38  30 
 757	2  13  26 
 757	2  21   9 
 755	6  47  46 
 759	2  37  25 
 759	6  16   9 
 761	2  37  25 
 763	2  37  25 
 759	6  28  22 
 765	2  32  11 
 765	2  36  37 
 765	2  15  22 
 767	2  38  40 
 767	2   3  18 
 767	2  21  35 
 767	6  23  16 
 769	2  19  33 
 769	2  36  37 
 771	2  27  12 
 771	2  38  40 
 771	2  21  35 
 773	2  25  41 
 773	2  36  37 
 773	6  46  45 
 775	2  13  26 
 775	2  17  16 
 775	2  36  30 
 777	2  20  34 
 777	2  10  16 
 777	2  31  29 
 779	2  39  24 
 779	2  27  12 
 779	2  21  35 
 781	2  32  11 
 781	6  43  28 
 783	2  19  33 
 783	2  10  16 
 785	2   3  18 
 785	2  38  40 
 787	2  43  45 
 787	2  25  41 
 787	2  10  16 
 789	2  39  24 
 789	2  20  34 
 789	6  21  15 
 791	2  43  45 
 791	2  13  26 
 793	2  32  11 
 793	6  44  35 
 795	2  19  33 
 797	2   3  18 
 797	2  47  33 
 795	6  16  15 
 799	2  27  12 
 799	2  43  45 
 801	2  25  41 
 801	2  12  13 
 801	2  36  30 
 801	6  15   9 
 803	2  39  24 
 803	2  12  13 
 805	2  32  20 
 803	6  37  36 
 807	2  24  22 
 807	2  39  34 
 807	2  12  13 
 809	2  23  38 
 809	2  47  33 
 809	6  19  11 
 811	2  21  36 
 811	2  40  46 
 813	2  24  22 
 813	2  39  34 
 813	6  43  35 
 815	2  27  25 
 815	2  40  46 
 815	2  37  30 
 817	2  18  17 
 817	2  39  34 
 815	6   5   3 
 819	2  23  38 
 819	2  47  33 
 819	6  35  28 
 821	2   5  26 
 821	2  23  38 
 823	2  32  20 
 823	6  17  11 
 825	2  31  29 
 825	2  40  46 
 827	2  21  36 
 827	2  32  20 
 829	2   5  26 
 829	2  21  36 
 829	6  17  16 
 831	2   5  26 
 833	2  31  29 
 833	2  20   4 
 829	6  47  46 
 835	2  16  28 
 835	2  33  47 
 835	6  45  44 
 837	2  16  28 
 837	2  33  47 
 839	2  27  25 
 835	6   5   4 
 839	6  29  15 
 841	2  18  11 
 841	2  33  47 
 843	2  27  25 
 841	6  13   5 
 845	2  44  29 
 845	2  18  11 
 845	2  39  33 
 847	2  44  29 
 847	2  10  11 
 847	2  20  13 
 847	2  39  33 
 849	2  24  22 
 849	2  10  11 
 849	2  20  13 
 849	2  39  33 
 851	2  44  29 
 851	2  10  11 
 851	6  27  19 
 853	2  16  28 
 855	2  24  15 
 853	6  46  45 
 857	2  41  27 
 857	2  31  30 
 853	6   4   3 
 855	6  36  28 
 859	2  41  27 
 859	2  24  15 
 859	6  11   5 
 861	2  41  27 
 861	2  44  23 
 863	2  27  41 
 863	2  45  36 
 863	2  24  15 
 859	6   3   2 
 865	2  46  25 
 865	6  14   2 
 867	2  40  37 
 869	2  46  25 
 865	6  20  13 
 871	2  14  21 
 871	2  19  17 
 871	2  31  30 
 871	6  46  40 
 873	2  14  21 
 873	2  19  17 
 873	2  31  30 
 875	2  14  21 
 875	2  19  17 
 875	6  38  37 
 877	2  27  41 
 877	2  21  15 
 879	2  40  25 
 879	2  21  15 
 877	6  11  10 
 881	2  44  23 
 881	2  27  41 
 883	2  16  37 
 883	6  41  20 
 885	2  16  37 
 887	2  45  36 
 887	2  24  31 
 887	2  21  15 
 887	6  10   9 
 889	2  46  38 
 891	2  45  36 
 891	2  24  31 
 889	6  34  19 
 893	2  44  23 
 895	2  19  10 
 895	2  46  38 
 895	6  29  15 
 897	2  19  10 
 897	2  34  40 
 897	2  24  31 
 899	2  19  10 
 899	2  34  40 
 901	2   9  15 
 901	2  41  38 
 901	2  11  20 
 903	2   9  15 
 903	2  44  47 
 903	2  27  19 
 901	6  28  21 
 905	2   9  15 
 905	2  30  36 
 905	2  11  20 
 905	2  34  40 
 907	2  16  37 
 907	2  27  19 
 907	6  33  32 
 909	2   9  14 
 909	2  30  36 
 909	2  27  19 
 911	2  10  13 
 911	2  30  36 
 907	6  47  46 
 913	2  12  33 
 913	2   9  14 
 913	6  45  37 
 915	2  12  33 
 915	2   9  14 
 917	2  12  33 
 917	6  21  16 
 919	2  41  38 
 921	2  44  46 
 919	6   5   3 
 923	2  16  18 
 923	2  41  38 
 923	6  21  14 
 925	2  16  18 
 925	2  44  46 
 927	2  16  18 
 927	2  31  39 
 927	6  44  35 
 929	2  15   3 
 929	2  31  39 
 931	2  17  25 
 925	6  41  34 
 929	6  20  12 
 933	2  23  37 
 931	6  47  34 
 935	2  23  37 
 935	2  11  12 
 933	6  35  28 
 937	2  34  20 
 937	2  15   3 
 937	2  31  39 
 937	6  45  44 
 939	2  18  33 
 941	2  17  25 
 941	2  34  20 
 939	6  35  21 
 943	2  10  13 
 943	6  41  38 
 945	2  15   3 
 947	2  10  13 
 947	6  22  15 
 949	2  18  33 
 951	2  17  25 
 951	2  34  20 
 949	6  44  35 
 953	2  18  33 
 949	6   5   3 
 953	6  16  15 
 955	2   5  11 
 955	2  30  25 
 957	2  46  44 
 957	2  20  12 
 955	6  41  34 
 959	2  23  37 
 959	2   5  11 
 957	6  32  25 
 961	2  28  22 
 961	2  37  38 
 961	2  20  12 
 961	6  17   9 
 963	2  34  19 
 963	2  28  22 
 963	2  46  44 
 965	2  30  32 
 965	2  20  12 
 965	6  35  21 
 967	2  24  33 
 967	2  37  38 
 967	2   5  11 
 969	2  24  33 
 969	2  46  44 
 969	6  12   5 
 971	2  15  21 
 971	2  24  33 
 971	2  37  38 
 973	2  15  21 
 973	2  30  32 
 971	6  47  46 
 975	2  15  21 
 975	2  34  19 
 971	6  43  35 
 975	6  24  10 
 977	2  28  22 
 977	2  34  19 
 977	6  46  37 
 979	6  33  19 
 983	2  37  21 
 981	6  16  10 
 985	2  37  21 
 985	2  19  12 
 983	6  47  46 
 987	2  26  10 
 987	2  37  21 
 989	2  26  10 
 989	6  38  29 
 991	2  26  10 
 993	2  19  12 
 993	6  16  14 
 995	2  38  40 
 995	2  19  12 
 997	2  38  40 
 997	6  27  12 
 999	2  24  15 
1001	2  36  23 
 999	6  46  38 
1003	2  10  12 
1003	2  36  23 
1003	6  41  27 
1005	2  10  12 
1005	2  36  23 
1007	2  24  15 
1007	2  37  36 
1009	2  46  40 
1009	2  10  12 
1009	2  21  23 
1009	2  37  36 
1011	2  24  15 
1011	2  34  40 
1011	2  37  36 
1011	6  12   3 
1013	2  22  29 
1013	2  32  44 
1015	2  39  33 
1015	2  21  23 
1017	2  24  38 
1017	2  22  29 
1017	2  34  40 
1017	6   8   3 
1019	2  32  44 
1019	2  22  29 
1021	2  39  33 
1021	2  21  23 
1023	2  24  38 
1023	2  34  40 
1021	6  43  36 
1025	2  39  33 
1023	6  21   8 
1027	2  32  44 
1023	6  19  11 
1027	6  47  41 
1029	2  21  28 
1029	2  31  19 
1031	2  21  28 
1031	2  31  19 
1029	6  44  43 
1033	2  21  28 
1033	2  31  19 
1029	6  16  10 
1033	6  46  40 
1035	6  13  10 
1039	2  37  46 
1035	6  32  25 
1035	6  28  21 
1041	2  13  26 
1041	2  44  47 
1041	6  22  16 
1043	2  13  26 
1043	2  37  46 
1045	2  13  26 
1045	2  44  47 
1047	2  10  13 
1047	2  37  46 
1047	6  34  33 
1049	2  10  13 
1051	2  10  13 
1047	6  28  22 
1049	6  43  37 
1053	2  18  26 
1053	2  10   9 
1053	2  13  20 
1053	6  39  32 
1055	2  18  26 
1055	2  10   9 
1055	2  13  20 
1057	2  18  26 
1057	2  10   9 
1057	2  13  20 
1053	6  21  14 
1055	6  37  23 
1059	2  26  40 
1059	6  11   2 
1061	2  39  36 
1063	2  39  36 
1061	6  27  20 
1065	2  39  36 
1065	6  14   2 
1067	2  26  40 
1069	2  26  40 
1067	6  38  31 
1071	2  21  36 
1071	2   5  26 
1073	2  20  17 
1073	2  21  36 
1073	6  33  32 
1075	2  20  17 
1075	2  21  36 
1077	2  20  17 
1077	2  21  14 
1071	6  47  46 
1077	2  44  46 
1079	2  30  17 
1079	2  20  41 
1079	2  21  14 
1079	6   4   2 
1081	2  30  17 
1081	2  20  41 
1081	2  21  14 
1083	2  30  17 
1083	2  20  41 
1083	6  21  14 
1085	2  24  31 
1085	2  20   4 
1087	2  40  37 
1087	2  20   4 
1087	6  17   9 
1089	2  40  37 
1089	2  20   4 
1091	2  40  37 
1091	6  20  13 
1093	2   8   9 
1093	2  17  23 
1095	2   8   9 
1095	2  17  23 
1093	6  37  28 
1097	2  20  33 
1097	2   8   9 
1097	2  17  23 
1091	6  11   4 
1099	2  39  37 
1099	2  15  18 
1099	6  41  34 
1101	2  39  37 
1101	2  15  18 
1103	2  39  37 
1103	2  15  18 
1105	2  39  24 
1105	2  21  28 
1105	6  34  20 
1107	2  37  38 
1107	2  21  28 
1109	2  39  24 
1109	2  21  28 
1105	6  11  10 
1105	6  15   8 
1109	6  44  36 
1111	2  11  20 
1111	2  34  33 
1113	2  19  16 
1113	6  46  41 
1115	2  11  20 
1117	2  19  16 
1111	6  28  21 
1117	6  36  28 
1119	2  18  31 
1119	2  34  33 
1121	2   5  26 
1119	6  45  44 
1123	2  18  31 
1119	6   9   8 
1123	6  41  27 
1125	2  46  45 
1125	2  18  31 
1127	2  37  38 
1123	6  21  14 
1127	6  23  10 
1129	2  46  45 
1131	2  37  38 
1127	6  13  12 
1129	6  14   8 
1133	2  39  24 
1133	6  27  12 
1135	2  46  45 
1137	2  39  23 
1135	6   8   2 
1139	2  11  20 
1139	2  46  38 
1139	6  21  14 
1141	2  25   9 
1141	2  46  38 
1143	2  25   9 
1143	2  46  38 
1145	2  19  16 
1145	2  36  38 
1145	6  47  41 
1147	2  25   9 
1149	2  12  18 
1149	2  15  31 
1149	6   3   2 
1151	2  16  30 
1151	2  19  40 
1153	2  12  18 
1153	2  39  23 
1153	6  34  27 
1155	2   9  24 
1157	2  15  31 
1157	2  12  18 
1155	6  47  46 
1159	2   5  26 
1159	2  16  30 
1159	6  28  21 
1161	2  17  26 
1163	2  17  26 
1161	6  46  37 
1165	2  17  26 
1161	6   5   4 
1165	6  14   8 
1167	2  37  29 
1167	2  34  46 
1167	2   3  12 
1169	2  37  29 
1169	2  19  40 
1171	2  37  29 
1171	2   9  24 
1171	2  34  46 
1173	2  21  37 
1173	2   3  12 
1173	6  47  33 
1175	2  21  37 
1175	2   3  12 
1177	2  16  30 
1179	2  39  23 
1177	6  20  11 
1181	2  15  31 
1177	6  35  28 
1181	6  47  46 
1183	2   9  24 
1185	2  21  37 
1185	2  20  33 
1185	2  17  24 
1185	6   4   1 
1187	2  34  47 
1187	2  30  37 
1187	2  17  24 
1189	2  31  23 
1189	2  20  33 
1187	6  43  35 
1191	2  19  40 
1191	2  30  37 
1191	6  15   1 
1193	2  46  43 
1193	2  17  24 
1195	2  46  43 
1193	6  27  12 
1197	2  29  15 
1195	6  25  17 
1199	2  29  15 
1199	2  40  34 
1197	6  44  43 
1201	2  10  12 
1201	2  29  15 
1201	2  40  34 
1201	6  26  25 
1203	2  10  12 
1203	2  46  44 
1203	2  31  23 
1205	2  10  12 
1205	2  36  38 
1205	2  40  34 
1207	2  17   8 
1207	2  36  38 
1207	2  20  33 
1209	2  17   8 
1209	2  30  37 
1209	6  40  26 
1211	2  17   8 
1211	2  30  37 
1213	2   8  15 
1213	2  31  23 
1215	2  16  19 
1215	6  47  38 
1217	2  12  10 
1217	2   8  15 
1219	2  16  19 
1221	2  18  39 
1221	2   8  15 
1223	2  12  10 
1223	2  30  37 
1223	6  32  24 
1225	2  12  10 
1225	2  30  37 
1223	6  41  40 
1209	6  28  21 
1223	6  46  45 
1227	6  20  11 
1229	2  22  24 
1231	2  22  24 
1229	6  46  41 
1233	2  22  24 
1223	6   8   1 
1229	6  37  35 
1229	6   9   8 
1233	6  26  20 
1235	2  37  22 
1237	2  37  22 
1235	6  10   9 
1239	2  26  41 
1239	2  37  22 
1241	2  24  40 
1241	2  12  20 
1241	6  44  28 
1243	2  24  40 
1243	2  12  20 
1245	2  26  41 
1241	6   9   8 
1245	6  23  17 
1247	2  26  41 
1249	2  12  20 
1247	6  46  44 
1251	2  28  23 
1249	6  33  32 
1253	2  28  23 
1251	6  12  10 
1255	2  28  23 
1253	6  45  37 
1257	2  24  40 
1257	6  20  12 
1259	2  37  22 
1259	2  46  40 
1259	2  24  17 
1261	2  37  22 
1261	2  46  40 
1261	2  24  17 
1247	6   8   1 
1257	6   9   8 
1263	2  20  41 
1263	2  37  22 
1263	2  24  17 
1265	2  20  41 
1265	2  22  37 
1265	6  17   9 
1267	2  20  41 
1267	2  22  37 
1269	2  46  40 
1269	2  22  37 
1271	2  18  39 
1271	6  30  29 
1273	2  18  39 
1275	2  11  18 
1271	6   9   8 
1275	6  46  34 
1277	2  15  36 
1277	2  11  18 
1279	2  15  36 
1279	2  11  18 
1281	2  25  30 
1281	6  45  39 
1283	2  25  30 
1285	2  25  30 
1281	6  11   3 
1287	2  39  26 
1287	2  15  36 
1287	6  11  10 
1289	2  39  26 
1289	2  29  22 
1291	2  39  26 
1291	2  29  22 
1293	2  16  19 
1293	2  39  45 
1293	6  36  28 
1295	2  27  25 
1295	2  16  10 
1295	2  39  45 
1297	2  40  31 
1297	2  16  10 
1299	2  30  46 
1299	2  34  19 
1299	6  15   9 
1301	2  26  47 
1303	2  27  25 
1303	2  39  45 
1301	6  37  36 
1305	2  26  47 
1305	2  16  10 
1307	2  32  37 
1307	2   3   9 
1309	2  23  44 
1309	2  34  19 
1309	6  39  32 
1311	2  23  44 
1311	2  34  19 
1313	2  23  44 
1313	2  11  10 
1313	6  41  34 
1315	2  30  46 
1315	2   3   9 
1317	2  39  37 
1317	2  11  10 
1317	6  23  15 
1319	2  27  25 
1319	2  11  10 
1321	2  39  37 
1317	6   2   1 
1321	6  34  20 
1323	2  38  23 
1323	2   3   9 
1325	2  38  23 
1317	6  28  21 
1323	6  43  35 
1327	2  38  23 
1323	6  21  14 
1325	6  10   2 
1329	2  38  33 
1329	2  29  22 
1331	2  17  20 
1331	6  39  37 
1333	2  17  20 
1335	2  17  20 
1337	2  10  23 
1337	2  26  47 
1337	2  37  43 
1339	2  40  31 
1339	2  26  27 
1339	6  16   8 
1341	2  38  33 
1343	2  40  31 
1343	2  26  27 
1339	6  36  29 
1345	2  10  23 
1345	2  40  41 
1345	2  37  43 
1345	2  26  27 
1347	2  38  33 
1347	2  14  17 
1347	6  43  36 
1349	2  10  23 
1349	2  40  41 
1351	2  32  18 
1349	6  46  45 
1353	2  10  12 
1353	2  31  25 
1353	2  40  41 
1353	2  37  36 
1355	2  30  45 
1355	2  10  12 
1355	6  41  27 
1357	2  23  29 
1357	2  45  44 
1357	2  32  18 
1359	2  14  17 
1359	2  45  44 
1361	2  46  34 
1361	2  31  25 
1361	2  10  12 
1361	6  37  36 
1363	2  46  34 
1363	2  14  17 
1365	2  46  34 
1365	2  31  25 
1365	6  12  10 
1367	2  23  29 
1367	2  45  44 
1369	2  23  29 
1369	2  44  43 
1367	6  39  33 
1371	2  36  22 
1371	6  19  17 
1373	2  44  43 
1375	2  36  22 
1371	6   8   2 
1373	6  46  41 
1377	2  30  17 
1377	2  44  43 
1377	6  26  12 
1379	2  30  17 
1381	2  30  17 
1379	6  46  45 
1383	2  20  33 
1383	2   9  17 
1383	2  23  30 
1385	2  20  33 
1385	2  45  29 
1385	2   9  17 
1383	6   4   3 
1387	2  32  18 
1387	2  23  30 
1387	6  47  46 
1389	2  20  33 
1389	2  36  22 
1389	2   9  17 
1391	2  37  25 
1391	6   5   2 
1393	2  40  33 
1393	2  45  29 
1395	2  27  26 
1395	2  45  29 
1397	2  32  11 
1397	6  29  15 
1399	2  40  33 
1401	2  32  11 
1403	2  29  38 
1403	2  27  26 
1403	6  13   4 
1405	2  29  38 
1405	2  40  33 
1407	2  29  38 
1407	2  27  26 
1403	6  17  16 
1409	2  37  25 
1409	6  10   9 
1411	2  23  30 
1411	2  26  40 
1413	2  37  25 
1409	6  12   5 
1415	2  32  11 
1415	6  29  15 
1417	2  33  32 
1419	2  33  32 
1415	6  27  20 
1417	6  11  10 
1421	2  26  40 
1421	6  43  22 
1423	2  20  11 
1423	2  33  32 
1425	2  20  11 
1425	6  46  32 
1427	2  15   9 
1427	2  20  11 
1429	2  15   9 
1427	6  36  30 
1431	2  15   9 
1431	2  26  40 
1433	2  24  32 
1433	2   9  22 
1433	6  34  19 
1435	2  24  32 
1435	2   9  22 
1437	2  24  32 
1437	2   9  22 
1431	6  45  44 
1437	6  45  37 
1439	2  12  19 
1439	2  31  24 
1439	2  47  34 
1439	2  10  15 
1441	2  12  19 
1441	2  31  24 
1441	2  47  34 
1441	2  10  15 
1443	2  12  19 
1443	2  31  24 
1443	2  47  34 
1443	2  10  15 
1445	2  25  24 
1445	6  47  34 
1447	2  16  30 
1449	2  25  24 
1445	6  20  12 
1449	6  29   8 
1451	2  45  47 
1451	2  34  20 
1451	2  25  24 
1453	2  45  47 
1453	2  34  20 
1451	6  11   5 
1455	2  29  32 
1457	2  29  32 
1459	2  29  32 
1461	2  29  23 
1461	2  45  47 
1461	2  34  20 
1461	2  25  10 
1463	2  29  23 
1463	2  25  10 
1463	6  40  38 
1465	2  29  23 
1465	2  25  10 
1461	6  15   8 
1463	6  20  13 
1467	6  25  11 
1469	2  16  30 
1471	2  16  30 
1469	6  45  44 
1473	2  20  41 
1473	6  24   8 
1475	2  27  40 
1477	2  20  41 
1475	6  44  36 
1479	2  27  40 
1479	6  31  17 
1481	2  20  41 
1483	2  27  40 
1479	6  21  14 
1483	6  13  12 
1485	2  31  39 
1487	2  31  39 
1481	6  45  44 
1485	6  29  21 
1489	2  31  39 
1485	6  16  10 
1485	6  34  27 
1491	2  29  31 
1491	2  12  10 
1491	6  47  34 
1493	2  29  31 
1493	2  12  10 
1495	2  29  31 
1495	2  12  10 
1497	2  18  39 
1497	6  30  29 
1499	2  18  39 
1501	2  18  39 
1503	2  32  30 
1503	2  18  17 
1503	6  47  45 
1505	2  32  30 
1505	2  18  17 
1507	2  32  30 
1507	2  18  17 
1503	6  27  13 
1509	2  47  41 
1509	2  45  44 
1509	2  26  24 
1509	6  13  11 
1511	2  47  41 
1511	2  45  44 
1511	2  26  24 
1513	2  47  41 
1513	2  45  44 
1513	2  26  24 
1509	6  29  15 
1515	2  44  46 
1515	2  34  25 
1515	6  30  22 
1517	2  11  17 
1517	2  44  46 
1519	2  34  25 
1519	2  44  46 
1519	6   5   2 
1521	2  38  32 
1521	2  36  23 
1523	2  30  33 
1525	2  38  32 
1525	2  36  23 
1525	6  41  27 
1527	2  11  17 
1527	2  38  32 
1529	2  36  23 
1525	6   8   2 
1529	6  45  39 
1531	2  22   8 
1531	2  34  25 
1533	2  22   8 
1533	2  11  17 
1533	6  27  13 
1535	2  45  43 
1535	2  47  41 
1535	2  22   8 
1537	2  45  43 
1537	2  47  41 
1537	2  17  16 
1535	6  32  31 
1539	2  45  43 
1539	2  47  41 
1539	2  17  16 
1537	6  28  21 
1541	2  32  20 
1541	2  17  16 
1537	6   8   7 
1541	6  43  36 
1543	2  32  20 
1545	2  32  20 
1543	6  22   9 
1547	2  20  13 
1547	6  37  31 
1549	2  20  13 
1551	2  20  13 
1549	6  17  15 
1553	2  36  28 
1553	2  34  20 
1553	6  47  45 
1555	2  17  32 
1555	2  36  28 
1557	2  17  32 
1557	2  36  28 
1555	6  12   4 
1559	2  30  33 
1559	6  18  17 
1561	2  30  33 
1563	2  27  41 
1563	2  28   7 
1561	6   4   3 
1565	2  31  19 
1565	6  28  22 
1567	2  31  19 
1567	2   3   9 
1569	2  31  19 
1569	2   3   9 
1565	6  47  40 
1571	2  39  31 
1571	2  36  37 
1571	2  34  20 
1571	2  22   7 
1571	2   3   9 
1573	2  40  19 
1573	2  36  37 
1573	2  22   7 
1575	2  39  31 
1575	2  27  41 
1575	2  36  37 
1573	6   3   2 
1577	2  40  19 
1577	2  36  15 
1579	2  18  32 
1579	2  27  41 
1579	2   2   7 
1579	6  44  29 
1581	2  39  31 
1581	2  13  18 
1581	2   2   7 
1583	2  40  19 
1583	2   2   7 
1585	2  44  47 
1585	2  24  26 
1585	6  14   2 
1587	2  44  47 
1587	2  13  18 
1589	2  44  47 
1589	2  24  26 
1589	6  13  12 
1591	2  32  45 
1593	2  31  40 
1591	6  16  10 
1595	2  19  33 
1591	6  28  14 
1597	2  29  16 
1597	2  39  46 
1597	2  11  25 
1597	2  34  20 
1599	2  23  38 
1599	2  19  33 
1599	6   4   3 
1601	2  29  16 
1601	2  32  45 
1601	2  12  18 
1601	2  34  27 
1603	2  31  40 
1603	6  22  16 
1605	2  39  46 
1605	2  11  25 
1605	2  34  27 
1607	2  19  33 
1609	2  23  38 
1609	2  12  10 
1609	2  34  27 
1611	2  29  22 
1611	2  32  45 
1611	2  12  10 
1611	6  41  27 
1613	2  39  46 
1613	2  36  15 
1615	2  23  38 
1615	2  12  10 
1617	2  31  40 
1617	6  20   4 
1619	2  37  46 
1621	2  37  46 
1617	6  17  16 
1623	2  24  26 
1623	2  37  46 
1625	2  11  25 
1625	2  36  15 
1625	6  47  34 
1627	2  11  23 
1627	2  36  28 
1629	2  11  23 
1629	2  36  28 
1627	6  38  32 
1631	2  34  20 
1631	2  15   7 
1631	2  36  28 
1631	6  18  17 
1633	2  34  20 
1633	2  15   7 
1635	2  34  20 
1635	2  15   7 
1633	6  44  29 
1637	2  34  32 
1637	6  16  14 
1639	2  26  40 
1641	2  25  39 
1639	6  43  35 
1643	2  24  19 
1643	6  40  34 
1645	2  14  29 
1647	2  14  29 
1643	6  10   9 
1645	6  20  12 
1649	2  14  29 
1649	2  40  32 
1651	2  29  16 
1651	2  26  34 
1653	2  14  35 
1653	2  27  18 
1653	2  40  32 
1655	2  29  16 
1655	2  25  39 
1655	6  34  20 
1657	2  14  35 
1657	2  25  39 
1659	2  29  16 
1659	6  25  18 
1661	2  14  35 
1663	2  29  22 
1661	6  45  40 
1665	2  24  19 
1665	2  29  22 
1663	6  14   8 
1667	2  27  25 
1667	2  29  22 
1667	6  45  43 
1669	2  26  20 
1669	2  11  23 
1671	2  24  19 
1671	6   9   8 
1673	2  27  25 
1675	2  34  27 
1675	2  25  32 
1675	2  37  23 
1671	6  28  21 
1673	6  12  11 
1677	2  22  43 
1677	2  34  27 
1677	2  25  32 
1679	2  10  31 
1679	2  19  26 
1679	6  43  36 
1681	2  10  31 
1681	2  19  26 
1683	2  10  31 
1683	2  34  27 
1685	2  10  18 
1685	2  39  31 
1685	2  22  36 
1685	6  34  27 
1687	2  29  24 
1689	2  10  18 
1689	2  37  23 
1691	2  20  12 
1691	2  39  31 
1691	2  22  36 
1693	2  29  24 
1693	2  20  12 
1693	6  40  34 
1695	2  10  18 
1695	2  37  23 
1697	2  19  26 
1697	2  29  24 
1699	2  25  32 
1699	2  20  12 
1697	6  10   9 
1701	2  39  31 
1699	6  23  22 
1703	2  31  37 
1701	6  18  12 
1705	2  31  37 
1701	6  33  26 
1705	6  21  16 
1707	2  31  37 
1709	2  31  37 
1703	6  46  39 
1707	6  34  20 
1711	2  25  16 
1709	6  46  45 
1713	2  17  20 
1711	6  43  29 
1715	2  10  26 
1715	6  47  41 
1717	2  17  20 
1719	2  10  26 
1719	2  31  37 
1717	6  35  21 
1721	2  17  20 
1721	6  45  40 
1723	2  19  24 
1725	2  19  24 
1723	6  29  15 
1727	2  41  20 
1727	6  24  10 
1729	2  41  20 
1729	2  45  43 
1731	2  41  20 
1731	2  45  43 
1733	2  35  38 
1733	2  19  10 
1733	6  41  34 
1735	2  35  38 
1737	2  35  38 
1735	6  16  11 
1739	2  45  43 
1739	6  34  20 
1741	2  30  16 
1741	2  25  11 
1743	2  30  16 
1743	2  25  11 
1739	6  28  21 
1745	2  30  16 
1745	2  20  12 
1745	6  40  25 
1747	2  30  28 
1747	2  20  12 
1749	2  30  28 
1749	2  20  12 
1751	2  16   4 
1751	2  31  37 
1751	6  47  34 
1753	2  16   4 
1755	2  30  28 
1755	6  15  10 
1757	6  38  36 
1761	2  16   4 
1757	6  34  20 
1763	2  24  26 
1763	2  36  28 
1763	6  47  45 
1765	2  26  17 
1765	2  36  28 
1767	2  20   4 
1767	2  36  28 
1763	6  15   8 
1767	6  31  23 
1769	2  20   4 
1771	2  20   4 
1769	6  44  28 
1773	2  26  17 
1769	6  41  40 
1773	6  12   4 
1775	2  39  24 
1777	2  15  30 
1775	6  34  27 
1779	2  16  28 
1779	6  45  37 
1781	2  16  28 
1783	2  26  17 
1783	6   8   7 
1785	2  39  24 
1787	2  39  24 
1785	6  26  20 
1789	2  15  30 
1789	2  32  39 
1789	2  10  17 
1791	2  15  30 
1791	2  12  20 
1791	2  32  39 
1791	2  10  17 
1793	2  16  28 
1793	2  12  20 
1793	2  32  39 
1795	2  28  44 
1795	2  15   8 
1795	2  12  20 
1795	2  10  17 
1795	6  40  33 
1797	2  22  37 
1799	2  24  36 
1799	2  15   8 
1797	6  19  12 
1801	2  34  31 
1801	2  15   8 
1797	6   4   3 
1803	2  25   9 
1803	2  28  44 
1805	2  34  31 
1805	2   8   7 
1805	6  11   3 
1807	2  22  37 
1807	2   8   7 
1809	2  24  36 
1809	2   8   7 
1807	6  41  27 
1811	2  28  44 
1811	2  32  17 
1813	2  25   9 
1813	6  45  29 
1815	2  25   9 
1817	2   9   3 
1817	6  33  18 
1819	2  22  37 
1819	2   9   3 
1821	2   9   3 
1819	6  47  46 
1823	2  16  18 
1823	6  32  31 
1825	2  16  18 
1827	2  16  18 
1821	6  44  43 
1821	6  28  21 
1825	6  46  40 
1829	2  24  36 
1829	6   8   3 
1831	2  38  33 
1833	2  45  46 
1833	2  34  32 
1831	6  43  29 
1835	2  38  33 
1831	6  19  18 
1835	6  24  16 
1837	2  45  46 
1837	2  27  34 
1839	2  38  33 
1835	6   5   3 
1837	6  29  22 
1841	2  45  46 
1841	2  41  33 
1841	2  31  17 
1841	6  20   5 
1843	2  38  35 
1845	2  24  40 
1847	2  32  11 
1847	6  29  15 
1849	2  10  25 
1849	2  44  46 
1849	2  27  34 
1851	2  41  33 
1851	2  44  46 
1851	6  18  10 
1853	2  45  36 
1853	2  41  33 
1855	2  38  35 
1855	2  27  34 
1857	2  10  22 
1857	2  44  46 
1857	2  27  20 
1859	2  16  21 
1859	2  18  25 
1859	2  27  20 
1859	6  39  37 
1861	2  16  21 
1861	2  18  25 
1861	2  27  20 
1863	2  16  21 
1863	6  34  19 
1865	2  37  29 
1867	2  37  29 
1865	6  15   7 
1869	2  39  34 
1869	2  37  29 
1871	2  10  22 
1871	2  39  34 
1873	2  32  11 
1873	6  21   8 
1875	2  24  40 
1877	2  31  17 
1871	6  43  35 
1877	6  48  27 
1879	2  45  36 
1881	2  10  22 
1881	2  38  43 
1883	2  32  11 
1883	6  29  15 
1885	2  39  34 
1887	2  33  38 
1887	6  48  47 
1889	2  45  36 
1889	2  19  17 
1891	2  31  10 
1891	2  36  35 
1891	6  34  27 
1893	2  21  37 
1895	2  23  44 
1897	2  24  40 
1897	2  36  35 
1897	6   8   3 
1899	2  32  45 
1899	2  36  35 
1901	2  18  24 
1901	2  40  41 
1899	6  27  13 
1903	2  16  15 
1903	2  32  45 
1901	6  43  36 
1905	2  19  17 
1905	2  40  41 
1903	6   4   3 
1907	2  22  25 
1907	2  40  41 
1909	2   4  13 
1909	2  21  37 
1909	2  18  24 
1909	6  47  46 
1911	2   4  13 
1911	2  22  25 
1913	2  31  10 
1915	2  23  44 
1915	2   4  13 
1917	2  33  38 
1917	2  16  15 
1917	2  18  24 
1917	6   4   2 
1919	2  19  17 
1919	2  21  37 
1921	2  23  44 
1921	6  19  18 
1923	2  32  45 
1923	2  16  15 
1925	2  33  38 
1925	2  21  35 
1925	6  16   2 
1927	2  46  37 
1927	2  20  19 
1929	2  38  32 
1929	2  21  35 
1929	2  20  19 
1931	2  31  10 
1931	2  21  35 
1931	2  20  19 
1933	2  22  25 
1933	6  44  37 
1935	2  31  25 
1935	2  10  22 
1937	2  15  23 
1937	6  18  17 
1939	2  46  44 
1939	2  15  23 
1941	2  38  32 
1941	2  15  23 
1943	2  37  16 
1945	2  31  25 
1945	2  10  22 
1945	2  46  44 
1947	2  37  16 
1949	2  31  25 
1949	2  10  22 
1951	2  38  32 
1951	2  21  35 
1951	6  24  17 
1953	2  21  35 
1955	2  21  35 
1953	6  32  26 
1951	6  11   5 
1951	6   8   7 
1957	6  17   8 
1959	2  32  30 
1961	2  32  30 
1953	6  46  45 
1957	6  13   5 
1963	2  32  30 
1963	6  11   9 
1959	6  47  46 
1963	6  20  13 
1965	6  45  29 
1969	6  25   9 
1971	6  29  21 
1975	2  32  17 
1971	6  47  45 
1975	6   8   2 
1977	2  30  25 
1977	2  39  47 
1979	2  32  17 
1975	6  27  20 
1979	6  43  29 
1981	2  32  17 
1983	2  11  17 
1983	2  27  32 
1985	2  30  25 
1985	2  39  47 
1985	6  34  27 
1987	2  30  25 
1987	2  39  47 
1989	2  11  17 
1989	6  38  22 
1991	2  11  17 
1993	2  11   5 
1991	6  20  13 
1995	2  46  25 
1995	6  29  15 
1997	2  46  25 
1999	2  34  32 
1999	2  11   5 
1999	6  44  43 
2001	2  34  32 
2001	2  17   8 
2003	2  18  32 
2003	2  22  23 
2005	2  46  25 
2007	2  24  36 
2007	2  46  40 
2007	2  11   5 
2009	2  47  34 
2009	2  24  36 
2005	6  15   9 
2011	2  25   9 
2011	2  46  40 
2011	6  37  29 
2013	2  33  39 
2013	2  17   8 
2015	2  25   9 
2015	2  46  40 
2017	2  18  32 
2017	2  22  23 
2017	6  45  37 
2019	2  47  34 
2019	2  17   8 
2021	2  25   9 
2023	2  33  39 
2023	2  24  36 
2023	6  15   9 
2025	2  18  32 
2027	2  47  34 
2027	2  24  36 
2029	2  29  16 
2029	2  33  39 
2031	2  10  11 
2031	2  15  29 
2031	2  45  47 
2031	2  20  34 
2033	2  32  19 
2033	2  17  16 
2033	2  45  47 
2035	2  39  18 
2035	2   8  21 
2037	2  38  40 
2037	2  10  11 
2037	2  15  29 
2037	6  26  20 
2039	2  17  16 
2039	2  38  40 
2041	2   8  21 
2041	2  10  11 
2041	2  45  47 
2041	6  31  30 
2043	2   5  20 
2043	2  33  25 
2043	2  17  16 
2043	2  46  44 
2045	2  26  34 
2045	2   8  21 
2045	2  46  44 
2047	2  24  36 
2047	2   5  20 
2047	6   8   2 
2049	2  32  19 
2049	2  22  23 
2051	2  39  18 
2051	6  22  21 
2053	2  33  25 
2053	2   5  20 
2053	2  46  44 
2055	2  32  19 
2055	6  47  45 
2057	2  15  29 
2057	2  26  34 
2059	2  33  25 
2059	2  11  16 
2061	2  24  36 
2061	2   2   5 
2061	6  46  34 
2063	2  10  23 
2065	2  36  22 
2065	2   2   5 
2065	6  31  25 
2067	2  11  16 
2069	2  36  22 
2069	2   2   5 
2067	6  41  27 
2071	2  10  23 
2071	6  45  37 
2073	2  12  25 
2075	2  12  25 
2071	6  21  14 
2073	6  16   2 
2077	2  12  25 
2077	2  38  40 
2077	6  35  29 
2079	2  12  27 
2079	2  40  46 
2081	2  12  27 
2081	2  40  46 
2079	6  25  17 
2083	2  12  27 
2083	2  29  38 
2079	6  15   8 
2085	2  15  17 
2085	2  40  46 
2085	6  43  28 
2087	2  15  17 
2089	2  15  17 
2085	6  20   5 
2091	2  28  15 
2091	2  39  18 
2093	2   9  12 
2093	2  29  38 
2095	2  28  15 
2095	2  26  39 
2095	6  24  17 
2097	2  28  15 
2097	2  26  39 
2099	2  36  22 
2099	2  26  39 
2095	6   5   3 
2101	2  24  45 
2101	6  14   8 
2103	2  24  45 
2105	2  24  45 
2101	6  12   3 
2101	6  36  35 
2101	6  34  27 
2107	2   9   3 
2107	2  24  32 
2107	2  45  36 
2107	6  21  14 
2109	2   9   3 
2109	2  33  18 
2109	2  45  36 
2111	2  17  19 
2111	2  45  36 
2113	2  31  15 
2113	6  34  26 
2115	2   8   3 
2115	2  29  38 
2117	2  37  21 
2117	2  11   2 
2119	2  31  15 
2119	6  34  20 
2121	2   8   3 
2121	2  24  32 
2121	2  36  45 
2123	2  37  21 
2123	2  24  32 
2125	2  17  19 
2125	2  37  21 
2127	2  33  18 
2127	2  22  16 
2127	2  46  44 
2129	2  31  15 
2129	6  20   4 
2131	2  24  38 
2133	2  39  32 
2133	2  22  16 
2135	2  17  19 
2135	2  37  40 
2135	6   4   2 
2137	2  24  38 
2139	2  39  32 
2139	2  22  16 
2141	2  10  23 
2141	2  46  44 
2141	6  26  25 
2143	2   8   3 
2143	2  36  45 
2145	2   3  11 
2145	2   8  23 
2145	2  46  44 
2147	2  30  25 
2147	2   3  11 
2145	6  28  21 
2149	2  30  25 
2149	2   3  11 
2147	6  47  46 
2151	2  30  25 
2147	6  16   9 
2151	6  12  11 
2153	2  25  26 
2153	2  46  30 
2155	2  25  26 
2155	2  46  30 
2151	6  43  35 
2151	6  21  14 
2157	2  25  26 
2157	2  46  30 
2157	6  14   9 
2159	2  31  19 
2161	2  43  46 
2161	6  27  12 
2163	2   2  15 
2163	2  43  46 
2165	2  16  29 
2165	2  39  32 
2167	2   9  11 
2167	2  37  40 
2169	2   9  11 
2169	2  43  46 
2171	2   9  11 
2171	2  24  38 
2173	2  33  18 
2173	2   2  15 
2173	2  36  45 
2175	2   9  12 
2175	2  33  34 
2177	2  10  18 
2177	2   8  23 
2177	2  33  34 
2179	2  11  25 
2179	2  16  29 
2181	2  26  17 
2183	2  31  19 
2183	2   2  15 
2185	2   9  12 
2185	2  37  40 
2187	2  10  18 
2187	2   8  23 
2187	2  33  34 
2189	2  11  25 
2189	2  16  29 
2191	2  26  17 
2193	2  31  19 
2195	2   9  12 
2197	2  10  18 
2195	6  32  30 
2199	6  19   4 
2205	2  19  32 
2207	2  19  32 
2209	2  19  32 
2211	2  11  25 
2213	2  26  17 
