   1	2   6  10 
   1	6   8   0 
   3	2   6  10 
   5	2   6  10 
   7	2   8  13 
   7	6   2   0 
   9	2   8  13 
  11	2   8  13 
   7	6  15  11 
  13	2   5   7 
  13	6  14  12 
  15	2   2   3 
  15	2   0   4 
  17	2   5   7 
  19	2  14  15 
  19	2   2   3 
  19	2   0   4 
  21	2   9  11 
  21	2   2   3 
  23	2  14  15 
  23	2   5   7 
  25	2   9  11 
  25	6   3   2 
  27	2  14  15 
  27	2   0   4 
  29	2   9  11 
  31	2  11   3 
  31	2   9  13 
  31	6   4   0 
  33	2   7  15 
  33	2   9  13 
  35	2  11   3 
  35	2   9  13 
  37	2  10   5 
  39	2  12   4 
  39	2   7  15 
  41	2   2   0 
  41	6  13   8 
  43	2   2   0 
  45	2  11   3 
  45	6   1   0 
  47	2  13  14 
  47	2  11   6 
  49	2  13  14 
  49	2  11   6 
  51	2  10   5 
  51	6  12   8 
  53	2  10   5 
  55	2   2   1 
  55	6  15  10 
  57	2   8   4 
  59	2   8   4 
  57	6   2   1 
  61	2  13  14 
  63	2   7  10 
  63	2  12   8 
  65	2   2   7 
  65	2   4   9 
  65	6  15  14 
  67	2   2   7 
  67	2  12   8 
  69	2   4   9 
  69	2   2   7 
  71	2  10  14 
  71	2  12   8 
  71	6   7   3 
  73	2  10  14 
  75	2  10  14 
  73	6  12   4 
  77	2  15   7 
  79	2  15   7 
  79	2  12   9 
  79	6   4   0 
  81	2  11   6 
  83	2  15   7 
  83	2   9  12 
  85	2   5   6 
  85	6  13   8 
  87	2   7   2 
  89	2   5   6 
  89	6  15  11 
  91	2   9  12 
  93	2   5   6 
  95	2  15  13 
  95	2   7   2 
  97	2  10  14 
  97	2   7   2 
  97	6   8   4 
  99	2  10  14 
 101	2  10  14 
  99	6   3   2 
 103	2  15  13 
 105	2   1   4 
 105	2  15  13 
 105	2   6   7 
 107	2   1   4 
 107	2  11  15 
 107	6  13  12 
 109	2   1   4 
 109	2   6   7 
 111	2   4   1 
 111	2  11  15 
 113	2   2   0 
 113	2   9  13 
 113	2  11  15 
 115	2   4   1 
 115	2  13  10 
 117	2   2   0 
 117	2  13  10 
 119	2   4   1 
 119	2   6   7 
 119	6  15  14 
 121	2   2   0 
 123	2   4   1 
 125	2   2   3 
 125	2   9   5 
 127	2   4   1 
 127	2  13  10 
 129	2   2   3 
 129	2   9   5 
 131	2   4   1 
 131	6  10   6 
 133	6   8   0 
 137	2   2   3 
 137	2  10  14 
 139	2   8  12 
 139	2   7   3 
 139	2  10  14 
 141	2   8  12 
 141	2   7   3 
 141	2  10  14 
 143	2   8  12 
 143	2   7   3 
 143	6  15  14 
 145	2   9   5 
 147	2   9   4 
 147	6   2   1 
 149	2   9   4 
 151	2   9   4 
 149	6  11   7 
 153	2   5  13 
 155	2   2   7 
 155	6  12   4 
 157	2   2   7 
 159	2   2   7 
 155	6  14  10 
 161	2  10   8 
 163	2   1   4 
 163	6   7   6 
 165	2   1   4 
 167	2   1   4 
 169	2  10   8 
 169	2   2   1 
 171	2   5  13 
 171	2   3   7 
 173	2  10   8 
 173	2   2   1 
 175	2   5  13 
 175	2   3   7 
 177	2  14  13 
 177	2   3   7 
 179	2  10   5 
 179	6  12   8 
 181	2  10   5 
 183	2  10   5 
 179	6   7   3 
 185	2   6   9 
 187	2  14  13 
 187	2   2   1 
 187	6   8   4 
 189	2  14  13 
 189	2   2   1 
 191	2  10  14 
 191	2   2   1 
 193	2   6   9 
 195	2   6   9 
 197	2   4   6 
 197	6  15  13 
 199	2   4   6 
 201	2   4   6 
 203	2  12  13 
 203	2   2   1 
 203	6  11   7 
 205	2  12  13 
 207	2  12  13 
 209	2   9  11 
 209	6   3   2 
 211	2  10  14 
 213	2   9  11 
 215	2  10  14 
 215	6   8   5 
 217	2  10  14 
 219	2  10  14 
 221	2   7   5 
 223	2   7   5 
 225	2   7   5 
 227	2   5  13 
 229	2  12   8 
 229	2   7  15 
 231	2   5  13 
 233	2  12   8 
 233	2   7  15 
 235	2   5  13 
 237	2  12   8 
 237	2   7  15 
 239	2   9  11 
 241	2   6   2 
 241	2   8  12 
 241	6  14  11 
 243	2   6   2 
 243	2   8  12 
 245	2   6   2 
 245	2   8  12 
 247	2  10  11 
 247	6   3   1 
 247	6  13   8 
 253	2   6   4 
 255	2   6   4 
 253	6  14  13 
 257	2   6   4 
 259	2  13   5 
 259	6  11   3 
 261	2  13   5 
 263	2  13   5 
 265	2  11  15 
 265	2   5  13 
 267	2  11  15 
 267	2   2   3 
 267	6   8   0 
 269	2  11  15 
 269	2   2   3 
 271	2  11  14 
 271	2   2   3 
 273	2   0   1 
 273	2  11  14 
 273	6  12   8 
 275	2   0   1 
 275	2  11  14 
 277	2   0   1 
 277	6  10   7 
 279	2   0   8 
 281	2   0   8 
 283	2  10   9 
 283	6   4   1 
 285	2  10   9 
 287	2  10   9 
 289	2   9   4 
 289	6   2   1 
 291	2  10  15 
 293	2   9   4 
 295	2   5  13 
 297	2  10  15 
 297	2   0   8 
 297	2   3   2 
 299	2   5  13 
 301	2   9   4 
 301	2   3   2 
 303	2  10  15 
 303	2   3   2 
 303	6  12   4 
 305	2   7  15 
 307	2  10  11 
 309	2   5   0 
 309	2  12  13 
 309	2   7  15 
 311	2  14   6 
 311	6   8   0 
 313	2  14   6 
 315	2  10  11 
 317	2   1   9 
 317	2   7  15 
 319	2   5   8 
 319	2  10  11 
 321	2  12  13 
 321	2  15  11 
 321	6   2   0 
 323	2  12  13 
 323	2  15  11 
 325	2  13  10 
 327	2   1   9 
 327	2  15  11 
 329	2   5   8 
 329	6  11   3 
 331	6  12   4 
 335	2   7   2 
 337	2  14   6 
 337	6   4   0 
 339	2  11  14 
 341	2  11  14 
 343	2   1   9 
 343	6  15  11 
 345	2   4   9 
 347	2   6   5 
 349	2   1   0 
 349	2  13  10 
 351	2   7   2 
 351	2   4   9 
 351	2  15  14 
 353	2   6   5 
 353	6  15  14 
 355	2   1   0 
 357	2   7   2 
 357	2   4   9 
 359	2   6   5 
 359	6  14  12 
 361	2   1   0 
 361	2   6   7 
 363	2   6   7 
 365	2  13  10 
 365	6   3   1 
 367	2   8  10 
 369	2   8  10 
 371	2   4  12 
 371	2   3  11 
 373	2   5   9 
 373	2   3  11 
 375	2   4  12 
 375	2   6   7 
 375	6  15  14 
 377	2   5   9 
 379	2   4  12 
 377	6   7   2 
 381	2   5   9 
 381	6  15  14 
 383	2   6   5 
 385	2   6   5 
 387	2   7  15 
 387	6  13   8 
 389	2   7  15 
 391	2   7  15 
 393	2   0   8 
 393	2   3  11 
 395	2   0   8 
 395	2  11  15 
 397	2  13  10 
 397	2   1   3 
 399	2   0   8 
 399	2  11  15 
 401	2   4   8 
 401	2  11  15 
 403	2   4   8 
 401	6   2   1 
 405	2   4   8 
 403	6  13  10 
 407	2   2   3 
 407	6   4   0 
 409	2   2   3 
 409	6  10   9 
 411	6   3   2 
 415	2   4  12 
 415	6  15  14 
 417	2   4  12 
 419	2   6   5 
 419	6  12   8 
 421	2  10   7 
 423	2  10   7 
 421	6   5   1 
 425	2  10   7 
 425	2  13  12 
 427	2   9   5 
 429	2   9   5 
 431	2   9   5 
 433	2   4   8 
 433	2  14   6 
 435	2   5   8 
 435	2  10  11 
 437	2   0   2 
 437	2  10  11 
 437	2  13  12 
 439	2   5   8 
 439	2  10  11 
 441	2   0   2 
 441	2  13  12 
 443	2  14   6 
 445	2   5   8 
 447	2   0   2 
 447	6  11   9 
 449	6   3   2 
 453	6   5   4 
 455	2   7  11 
 457	2   7  11 
 459	2   5   2 
 459	2   7  11 
 461	2   5   2 
 463	2   5   2 
 465	2  14   6 
