   1	2   3   2 
   1	2  32  26 
   1	2  15  21 
   1	6  23  11 
   3	2   6  19 
   3	2   3   2 
   3	2  15  21 
   5	2   1  13 
   5	2  32  26 
   5	2  15  21 
   7	2  34  20 
   7	2  11   4 
   7	6  12   6 
   9	2  27  29 
   9	2  11   4 
  11	2  34  20 
  11	2   3   2 
   7	6  31  24 
  11	6  17  10 
  13	2  24  14 
  15	2  12  19 
  15	2  27  29 
  15	6   8   7 
  17	2  32  26 
  17	2  12  19 
  17	2  11   4 
  19	2  27  29 
  19	6  19  12 
  19	6   5   4 
  19	6  17  16 
  21	6  35  33 
  25	2   8   4 
  25	6  21  16 
  27	2   1  13 
  29	2   8   4 
  25	6  31  25 
  27	6  29  23 
  31	2  25  21 
  31	6  10   8 
  33	2  25  21 
  35	2  25  21 
  37	2  17  35 
  37	2   6   8 
  37	6  25  18 
  39	2  17  35 
  39	2   6   8 
  41	2  17  35 
  41	2   6   8 
  43	2  33  25 
  43	2  10   4 
  43	2   2   8 
  43	2  29  35 
  43	6  13   6 
  45	2  33  25 
  45	2   2   8 
  45	2  29  35 
  47	2  33  25 
  47	2   2   8 
  47	2  29  35 
  43	6  22  17 
  49	2  24  14 
  49	2   1   6 
  49	6  29  11 
  51	2  24  14 
  53	2   6  12 
  53	6   8   1 
  55	2  26  29 
  55	2   6  12 
  57	2  27  19 
  55	6  16  10 
  59	2  34  20 
  59	2   6  12 
  61	2  20  32 
  59	6   3   2 
  63	2  22  21 
  61	6  24  12 
  65	2  20  32 
  65	6  28  16 
  67	2  20  32 
  65	6   4   3 
  67	6  12   1 
  71	2   9  16 
  71	6  35  32 
  73	2   9  16 
  75	2   9  16 
  73	6  18   7 
  77	2  15  16 
  77	6  28  26 
  79	2   2   7 
  79	2  15  16 
  81	2   5   9 
  83	2  25  26 
  83	2   1   3 
  83	2  28  29 
  83	2  15  16 
  85	2   2   7 
  85	2  27  19 
  85	2  16   4 
  87	2  22  21 
  87	2  25  26 
  87	2   5   9 
  87	6  34  33 
  89	2   1   3 
  89	2  22  21 
  89	2  25  26 
  91	2   2   7 
  91	2  15  20 
  91	6  17   5 
  93	2  28  29 
  93	2   2   7 
  93	2  15  20 
  95	2  27  19 
  95	2   2   7 
  97	2  17   9 
  97	2  32  27 
  97	2  25  19 
  99	2   1   3 
  99	2  35  22 
  99	2  25  19 
 101	2  28  17 
 101	2   2   7 
 101	2  15  20 
 103	2  29  11 
 103	2  25  19 
 103	6  15  14 
 105	2  32  27 
 107	2  28  17 
 103	6   3   2 
 107	6  26  19 
 109	2  15  23 
 111	2  15  23 
 109	6   7   2 
 113	2  15  23 
 113	2  32  27 
 115	2  23  15 
 115	2   7  19 
 115	6  34  27 
 117	2  23  15 
 117	2   7  19 
 119	2  16   4 
 119	2   7  19 
 121	2   9  21 
 121	2  32  25 
 123	2  35  22 
 123	2   3   7 
 123	2  32  25 
 125	2  29  11 
 125	2   6  14 
 125	2  32  25 
 127	2   9  21 
 127	6  25  13 
 129	2  35  22 
 131	2  28  17 
 133	2  33  25 
 133	2  23  15 
 133	6   7   1 
 135	2  33  25 
 135	2  16   4 
 137	2  33  25 
 137	6  15  10 
 139	2  23  34 
 141	2  23  34 
 139	6  19   7 
 143	2  29  11 
 145	2  33  19 
 145	2  22  29 
 145	2   3   1 
 145	6  17  11 
 147	2  33  19 
 147	2  22  29 
 147	2   3   1 
 149	2  33  19 
 149	2  22  29 
 151	2  25  15 
 151	6  35  34 
 153	2  25  15 
 155	2   9  21 
 157	2  25  15 
 159	2  17  28 
 159	2   2   9 
 159	6  32  25 
 161	2  16  21 
 163	2   7  15 
 163	2  23  35 
 165	2  32  34 
 165	2   2   9 
 165	6  21  17 
 167	2  32  34 
 167	2   2   9 
 169	2  32  34 
 169	2   3   2 
 165	6  19  13 
 171	2  21  28 
 171	2  16  17 
 171	2   3   2 
 173	2   6  14 
 173	2  16  17 
 173	2   3   2 
 173	6  33  29 
 175	2   7  15 
 177	2   6  14 
 175	6   4   3 
 179	2  21  28 
 179	6  23  17 
 181	2   3  13 
 183	2   3  13 
 179	6  33  32 
 185	2   3  13 
 185	6  35  22 
 187	6   9   7 
 187	6  20  19 
 193	2   9  15 
 193	6  27  19 
 195	2  17  10 
 197	2  17  10 
 195	6   8   6 
 199	2  21  20 
 199	2  17  10 
 199	6  33  29 
 201	2   6  19 
 203	2   6  19 
 201	6  11   3 
 205	2   6  19 
 205	6  28  23 
 207	2   6  24 
 207	2  21  20 
 209	2  19  12 
 207	6   3   2 
 211	2   6  24 
 211	2  23  16 
 211	2  21  20 
 213	2  19  12 
 213	2  22  11 
 213	6  33  31 
 215	2  19  12 
 215	2  23  16 
 217	2   9   7 
 219	2   6  24 
 219	2  22  11 
 221	2  24  27 
 221	2   9   7 
 223	2  24  27 
 223	2   9   7 
 225	2  24  27 
 225	2   9  17 
 225	6   7   6 
 227	2  35  27 
 227	2  23  16 
 229	2  35  27 
 229	2   9  17 
 227	6  31  24 
 231	2  22  11 
 231	6  13   2 
 233	2  35  27 
 235	2  22  11 
 235	6  33  31 
 237	2  19  13 
 237	2  22  11 
 239	2  19  13 
 239	2  22  11 
 241	2  12  24 
 241	2  28  33 
 241	2   9  17 
 243	2  12  24 
 243	2  28  33 
 243	2  17  11 
 243	6  20   8 
 245	2  12  24 
 245	2  28  33 
 245	2  17  11 
 247	2  17  11 
 247	6  33  29 
 249	2  19  13 
 251	2  13  25 
 249	6  16   4 
 253	2  20  24 
 253	6  34  28 
 255	2  20  24 
 257	2  13  25 
 259	2  14  32 
 261	2  14  32 
 263	2  20  24 
 259	6  28  22 
 263	6   9   7 
 265	6  26  22 
 265	6  35  34 
 269	6  18   6 
 271	2   9  22 
 273	2   9  22 
 271	6  33  31 
 275	2   9  22 
 275	6   7   6 
 277	2  19  26 
 277	2  16  29 
 279	2  19  26 
 279	2  16  29 
 277	6   3   2 
 281	2  19  26 
 281	2  16  29 
 277	6  31  30 
 283	2   1   9 
 283	6  33  19 
 285	2   1   9 
 287	2   1   9 
 283	6  22  17 
 289	2  17   3 
 289	2  30  12 
 289	2  33  34 
 291	2  17   3 
 291	2  30  12 
 291	2  33  34 
 293	2  17   3 
 293	2  13  25 
 293	2  33  34 
 295	2  14  32 
 295	2   4  17 
 295	6  35  29 
 297	2  30  12 
 297	2   4  17 
 299	2  26  25 
 299	2  12   2 
 297	6  21  15 
 301	2  24  32 
 301	2   4  17 
 301	6   7   1 
 303	2  20  21 
 303	2  24  32 
 305	2  26  25 
 303	6  17   9 
 307	2  20  21 
 307	2  24  32 
 309	2  27  14 
 309	6  30  18 
 311	2  29  17 
 311	2  20  21 
 313	2  15   7 
 309	6   4   3 
 313	6  23  17 
 315	2  13  18 
 315	2  26  25 
 317	2  27  14 
 317	6  31  30 
 319	2   8  10 
 319	2  29  23 
 319	2  21  33 
 321	2   4  17 
 321	2  13  18 
 321	2  21  33 
 323	2  15   7 
 323	2  29  23 
 323	2  32  31 
 323	6  11   4 
 325	2  27  14 
 325	2  35  23 
 327	2  15   7 
 327	2  27  28 
 327	2  32  31 
 327	6  24  19 
 329	2   8  10 
 329	2  27  28 
 329	2  32  31 
 331	2  11  17 
 331	2   9  15 
 331	2  27  28 
 333	2  12   2 
 333	2  11  17 
 333	2  21  33 
 335	2  12   2 
 335	2  16  29 
 335	6  33  31 
 337	2   8  10 
 339	2  13  18 
 339	2  16  29 
 341	2  12   8 
 341	2  35  23 
 341	6  26  25 
 343	2   2  14 
 343	2  35  23 
 345	2   9  15 
 345	2  28  33 
 345	6  13   1 
 347	2  16  29 
 349	2   9  15 
 349	2  28  33 
 351	2  25   7 
 351	6  34  23 
 353	2   3   1 
 355	2   6  19 
 357	2  20  10 
 357	2  28  33 
 357	6  12   7 
 359	2  23  11 
 359	2  34  32 
 361	2  20  10 
 361	6  35  28 
 363	2  25  12 
 363	2   3   1 
 365	2   7   8 
 363	6  16  15 
 367	2   6  19 
 367	2  34  32 
 369	2   2  14 
 369	2  23  11 
 369	2  34  32 
 371	2  25  12 
 371	2   3   1 
 371	2  23  11 
 373	2   7   8 
 373	2  18  21 
 375	2   2  14 
 375	2  11  29 
 375	6  31  18 
 377	2  15   3 
 379	2  22   8 
 381	2  20  10 
 381	2  12   7 
 381	6  28  23 
 383	2   6  19 
 383	2  15   3 
 385	2   4   1 
 385	6  32  18 
 387	2   4   1 
 389	2  11  29 
 391	2  19   9 
 391	6  23  17 
 393	2  20   6 
 395	2  14  25 
 391	6  33  28 
 397	2  32  33 
 397	2  22   8 
 399	2  12   7 
 399	2  32  33 
 399	2  15   3 
 399	6  17  11 
 401	2  20   6 
 403	2  14  25 
 401	6   3   2 
 405	2  31  21 
 405	2  12   7 
 405	6  11  10 
 407	2  20   6 
 409	2  14  25 
 407	6  29  23 
 411	2  10   3 
 411	2  32  33 
 411	2  18  20 
 413	2  29  26 
 413	2  10   3 
 415	2  29  26 
 415	2   4   1 
 417	2  29  26 
 417	2  10   3 
 417	6   6   1 
 419	2  26  16 
 421	2  29  11 
 421	2  18  20 
 421	6  33  32 
 423	2  19   9 
 423	2  17  23 
 425	2  29  11 
 425	2  18  20 
 427	2  26  16 
 425	6   3   2 
 429	2  26  16 
 427	6  18  13 
 431	2  29  11 
 431	6  32  31 
 433	2  22   8 
 435	2  22  23 
 433	6  18  12 
 437	2  32  21 
 435	6   4   1 
 439	2  18  31 
 439	2  22  23 
 439	6  20  14 
 441	2  34  32 
 441	2   4  10 
 441	2  22  23 
 443	2  18  31 
 443	2   4  10 
 443	6  35  23 
 445	2  19   9 
 447	2  19   1 
 447	2   4  10 
 445	6  33  32 
 449	2  16   8 
 451	2  25  15 
 451	2  34  33 
 453	2   9  27 
 453	6  23  17 
 455	2   9  27 
 457	2  19   1 
 457	2  34  33 
 459	2  17  11 
 459	2  28  20 
 459	6   4   3 
 461	2  21   7 
 461	2  17  11 
 463	2  28  20 
 463	2  17  11 
 465	2  25  15 
 465	6  29  23 
 467	2  25  15 
 469	2  18  31 
 463	6   6   1 
 465	6  11   4 
 469	6  14   2 
 471	2  23  11 
 471	2  25  18 
 473	2  23  11 
 473	2  25  18 
 471	6  35  34 
 475	2  16   8 
 475	2  25  18 
 477	2  14  32 
 477	2  23  11 
 479	2  29  26 
 479	2   2   3 
 479	6  12   6 
 481	2  29  26 
 481	2   2   3 
 483	2  16   8 
 483	6  33  25 
 485	2  23  16 
 485	2   2   3 
 487	2  23  16 
 485	6  11   5 
 489	2  14  32 
 491	2  21   7 
 491	6  17  10 
 493	2  19  12 
 495	2  28  20 
 493	6   2   1 
 497	2  29  26 
 497	6  11   4 
 499	2  14  32 
 501	2  21   7 
 503	2   9  27 
 503	6  19  13 
 505	2  21  22 
 505	2  32  34 
 505	2   2   5 
 507	2  21  22 
 507	2  32  34 
 507	2   2   5 
 509	2  15  25 
 509	6  34  33 
 511	2  13  14 
 511	2  23  16 
 511	2   3   9 
 513	2   7  10 
 515	2  27  20 
 515	2   2   5 
 517	2  26  12 
 517	2   3   9 
 517	6  35  17 
 519	2  26  12 
 519	2   3   9 
 521	2  13  14 
 521	6   3   1 
 523	2  11  17 
 523	2  27  20 
 525	2  11  17 
 525	2  27  20 
 527	2  15  25 
 527	6   7   2 
 529	2  15  25 
 531	2  11  17 
 531	2  21  22 
 531	2  32  33 
 533	2   2  10 
 533	2  26  12 
 533	6  29  22 
 535	2  13  14 
 535	2   2  10 
 535	2  34  33 
 537	2  11   3 
 537	2  32  26 
 539	2   8  22 
 539	2  32  26 
 541	2   8  22 
 541	2  32  26 
 543	2   8  22 
 543	6  26  19 
 545	2   7   2 
 545	2  22  15 
 545	2  34  33 
 547	2  11   3 
 547	2  22  15 
 547	2  34  33 
 549	2  26  28 
 549	2   7   2 
 549	6  17  15 
 551	2  26  28 
 551	2   7   2 
 553	2  26  28 
 555	2  23  20 
 557	2  14  21 
 557	2  25  12 
 557	2  11   3 
 557	6  35  34 
 559	2  26  18 
 559	2  22  17 
 561	2  14  21 
 561	2  25  12 
 559	6  10   9 
 563	2  31  34 
 565	2  31  34 
 565	2   9  13 
 565	6  11   5 
 567	2  31  34 
 567	2   9  13 
 569	2  28  15 
 569	2  25  12 
 571	2  34  16 
 571	2   1  12 
 571	6  31  25 
 573	2  34  16 
 573	2   1  12 
 575	2  28  15 
 575	2   1  12 
 577	2  23  20 
 579	2  26  18 
 579	6  11   8 
 581	2  26  18 
 583	6  35  32 
 585	2   9  13 
 587	6   9   2 
 589	2  26  22 
 591	2  26  22 
 587	6  18  13 
 593	2  29  11 
 593	2  32  18 
 595	2  29  11 
 595	2  32  18 
 597	2  29  11 
 597	2  32  18 
 593	6   8   7 
 599	2  25   7 
 599	6  23  10 
 601	2  25   7 
 603	2  14  21 
 603	6  25  12 
 605	2  34  16 
 607	2  28  15 
 607	6   5   4 
 609	2  12   7 
 609	2  17  16 
 609	2  34  28 
 611	2  19  15 
 611	2  23  35 
 609	6  32  31 
 613	2  12   2 
 613	2  17  16 
 613	2  34  28 
 615	2  10  20 
 615	2  34  28 
 615	6   7   2 
 617	2  19  15 
 617	2  23  35 
 619	2  17  16 
 617	6  33  32 
 621	2  13  20 
 621	2   2   4 
 621	2  23  35 
 623	2  13  20 
 623	2   2   4 
 623	6  33  23 
 625	2  12   7 
 627	2  13  20 
 627	2   2   4 
 629	2  23  10 
 629	2  12   7 
 629	6  33  25 
 631	2  23  10 
 633	2  23  10 
 631	6  12   7 
 635	2  26  22 
 635	6  11   9 
 637	2  33  35 
 639	2  26  25 
 637	6  18  12 
 641	2  11  29 
 641	2  26  25 
 641	6  14   8 
 643	2  11  29 
 643	2  31  18 
 645	2  11  29 
 645	2  31  18 
 647	2  32  14 
 647	2  23  11 
 649	2   8   9 
 649	2  17  21 
 649	2  31  18 
 651	2  32  14 
 651	2  23  11 
 653	2   8   9 
 653	2  17  21 
 653	6  32  25 
 655	2   8   9 
 655	2  17  21 
 657	2   1   8 
 657	2  23  11 
 653	6  12   6 
 657	6  27  21 
 659	2   1   8 
 661	2   1   8 
 659	6  34  29 
 663	2  25  14 
 659	6  10   4 
 665	2  21   3 
 665	6  31  18 
 667	2  21   3 
 669	2  21   3 
 663	6   6   0 
 665	6  17  11 
 671	2  19  15 
 671	2  33  35 
 671	6   4   3 
 673	2  19  21 
 675	2  22  15 
 675	2  33  35 
 671	6  31  30 
 673	6   8   7 
 677	2  19  21 
 677	6  29  23 
 679	2   3   0 
 679	2  19  21 
 681	2  10  20 
 677	6  34  33 
 681	6  30  24 
 683	2   8  16 
 683	2  26  32 
 685	2  14   2 
 683	6  34  29 
 687	2   3   0 
 685	6  27  26 
 689	2   8  16 
 687	6  19  18 
 691	2  22  15 
 691	2  32  34 
 689	6   5   4 
 693	2  14   2 
 693	2  32  34 
 693	6  24  18 
 695	2   5  23 
 695	2  14   2 
 697	2   5  23 
 697	2   2   1 
 695	6  33  26 
 699	2   3   0 
 701	2  26  13 
 701	2   5  23 
 701	2   2   1 
 703	2  26  13 
 703	2  22  15 
 703	2   2   1 
 703	6   5   4 
 705	2  26  13 
 705	2  28  22 
 707	2   8  16 
 707	2  32  34 
 709	2  10  20 
 709	6  28  23 
 711	2  10  20 
 713	2  15  19 
 709	6   2   1 
 715	2  11  16 
 715	2  28  26 
 715	2   8   7 
 717	2  18   0 
 717	2  11  16 
 717	6  29  27 
 719	2  18   0 
 719	2  11  16 
 721	2   8   7 
 715	6   4   3 
 721	6  11   4 
 723	2  13  27 
 725	2  13  27 
 727	2  21   3 
 729	2  14  17 
 729	6  34  33 
 731	2  15  19 
 731	2   4   2 
 733	2  23  22 
 733	2  18   0 
 733	6  11  10 
 735	2  28  26 
 735	2   8   7 
 737	2  13  27 
 739	2  29  11 
 739	2  18   7 
 741	2  21   3 
 743	2  29  11 
 743	2  18   7 
 745	2  14  17 
 745	6   1   0 
 747	2  28  26 
 749	2  15  19 
 749	6  34  27 
 751	2  23  22 
 751	2  15   8 
 753	2   4   2 
 751	6  25  19 
 755	2  29  11 
 751	6   6   0 
 757	2  19   9 
 757	2  28  23 
 759	2  19   9 
 759	2  28  23 
 761	2  19   9 
 761	2  28  23 
 763	2  19  20 
 763	2  15   8 
 763	2  23  28 
 763	6  11  10 
 765	2  19  20 
 765	2  15   8 
 765	2  23  28 
 767	2  19  20 
 767	2  23  28 
 769	2  21   3 
 769	6  24  12 
 771	2   4   2 
 771	6  33  20 
 771	6  29  23 
 773	6  10   3 
 777	2  21  13 
 777	2  32  25 
 779	2  14  17 
 779	6  32  24 
 781	2  16  14 
 781	2   3   1 
 783	2  17  22 
 783	2   3   1 
 785	2   6  19 
 785	2  23  10 
 787	2  21  13 
 787	2  24  25 
 787	6  29  17 
 789	2   6  19 
 791	2  21  13 
 791	2  24  25 
 787	6   9   2 
 785	6  33  32 
 793	2   2  12 
 793	2  29  22 
 793	6  32  26 
 795	2   2  12 
 795	2  29  22 
 797	2   2  12 
 797	2  15  21 
 793	6  17  11 
 797	6  35  29 
 799	2  16  14 
 799	2   3   1 
 801	2  16  14 
 799	6  33  32 
 803	2  23  10 
 803	2   6  19 
 805	2  27  17 
 805	2  18   7 
 807	2  27  17 
 807	6  12   8 
 809	2  27  17 
 811	2  34  27 
 811	6  16  11 
 813	2  34  27 
 813	2  12  24 
 815	2  34  27 
 815	2  12  24 
 813	6   3   1 
 817	2  15  21 
 817	2  12  24 
 817	6  29  17 
 819	2  20   7 
 821	2  20   7 
 819	6   4   3 
 823	2  33  29 
 823	2  15  21 
 823	6  18   6 
 825	2  33  29 
 827	2  33  29 
 825	6  14   2 
 829	2  23  10 
 829	6  33  25 
 831	2  10  11 
 833	2  10  11 
 829	6  12   6 
 831	6  21  14 
 835	2  33  29 
 835	2  10  11 
 835	6  25  18 
 837	2  23  27 
 839	2  22   4 
 837	6  14   8 
 841	2  21  26 
 841	2  10  16 
 841	6  34  33 
 843	2  17  14 
 845	2  17  14 
 847	2  21  26 
 847	2  18  13 
 847	2  34  29 
 847	2  10  16 
 847	6   3   2 
 849	2  21  26 
 849	2  18  13 
 849	2  34  29 
 849	2  10  16 
 851	2  33  25 
 851	6  35  29 
 853	2  19   9 
 855	2  26  12 
 855	6  10   4 
 857	2  29  21 
 857	2  18  13 
 859	2  33  25 
 855	6   8   2 
 859	6  29  23 
 861	2  19   9 
 863	2  26  12 
 863	6  16  10 
 865	2  29  27 
 867	2  33  25 
 865	6   8   6 
 869	2  23  21 
 871	2  17  14 
 871	2  33  35 
 873	2   1  14 
 873	2  22  16 
 873	2  33  35 
 869	6  25  24 
 875	2   3  17 
 875	2  26  12 
 877	2   1  14 
 877	2  29  27 
 877	6  17  10 
 879	2   1  14 
 879	2  29  28 
 881	2  20   7 
 881	2  29  28 
 883	2   3  10 
 883	2  23  21 
 883	2   6  24 
 885	2  19   9 
 885	2  33  35 
 885	6  22  17 
 887	2   2   1 
 887	2  25  19 
 889	2   7  13 
 889	2  20  26 
 891	2   3  10 
 891	2  14  27 
 893	2  17  16 
 893	2   3   9 
 893	2   6  24 
 893	2  29  28 
 893	6  33  32 
 895	2  15  12 
 895	2   2   1 
 897	2  21  10 
 897	2  25  19 
 897	2   2   1 
 895	6  35  29 
 899	2  17  11 
 899	2  14  27 
 899	2   1   2 
 901	2  34  16 
 901	2   7  13 
 901	2  20  26 
 903	2  34  16 
 903	2   6  24 
 905	2  15  12 
 905	2   1   2 
 905	6  33  29 
 907	2   3   9 
 907	2  17  11 
 907	2  25  19 
 909	2   7  13 
 909	2   3   9 
 909	2  17  11 
 909	6  25  24 
 911	2  21  10 
 911	2   1   2 
 913	2  34  16 
 911	6  13  12 
 915	2  21  10 
 913	6   2   1 
 917	2  14  27 
 917	2  12  18 
 917	2  11  17 
 919	2  15  13 
 919	2   4   3 
 919	2  11  17 
 919	6  33  31 
 921	2  21  15 
 921	2  12  18 
 921	2   4   3 
 921	2  11  17 
 923	2  21  15 
 923	2  12  18 
 923	2   4   3 
 923	6  23  17 
 925	2  20  26 
 927	2  32  14 
 929	2  19  22 
 929	6   9   8 
 931	2  27  20 
 933	2  19  22 
 935	2   9  17 
 935	2  27  20 
 935	6   6   1 
 937	2   9  17 
 937	2  27  20 
 939	2   9  17 
 939	6  25  20 
 941	2  17  35 
 943	2  17  35 
 941	6   2   1 
 945	2  20  16 
 945	6  24  18 
 947	2  10   2 
 949	2  32  14 
 945	6  35  29 
 951	2  13  31 
 951	2  17  29 
 953	2  26   8 
 955	2  20  16 
 955	6  34  29 
 957	2  13  31 
 957	2   4  17 
 959	2  10   2 
 959	6  18   6 
 961	2  10   2 
 963	2  21  15 
 963	2   4  17 
 961	6  34  33 
 965	2  20  16 
 965	2   6   2 
 967	2  26   8 
 967	6  29  23 
 969	2  32  14 
 971	2  13  31 
 973	2   9  23 
 973	2  12  13 
 973	6  33  31 
 975	2   9  23 
 975	2  12  13 
 977	2   9  23 
 977	2  12  13 
 979	2  19  22 
 979	6   2   1 
 981	2  14  27 
 981	2   4  17 
 983	2  33  29 
 983	2  21  16 
 983	2  25  19 
 985	2  26   8 
 985	6  23  17 
 987	2  32  26 
 987	2   3  15 
 987	2   6   1 
 989	2  20  31 
 989	2   6   1 
 989	6  33  28 
 991	2   9  11 
 991	2  20  31 
 993	2   9  11 
 993	2  25  19 
 991	6  12   6 
 995	2  32  26 
 995	2  28  29 
 995	2  21  16 
 995	6   8   4 
 997	2  32  26 
 997	2  28  29 
 997	2  21  16 
 999	2  25  19 
 999	6  33  23 
1001	2  13  18 
1003	2  13  18 
1001	6   8   2 
1005	2   4  17 
1005	2  20  31 
1005	6  29  28 
1007	2   3  15 
1007	2  33  32 
1007	2  13  18 
1009	2   4  17 
1009	2  31  25 
1011	2   8  22 
1011	2  33  32 
1013	2  14  27 
1013	2   4  17 
1013	2  31  25 
1015	2   8  22 
1015	2  33  32 
1017	2  14  27 
1017	2  31  25 
1017	6  23  17 
1019	2   3  15 
1021	2  19  21 
1021	2   4   1 
1023	2   8  22 
1025	2   9  11 
1025	2  22  23 
1025	2  26  20 
1025	6  24  12 
1027	2  16   9 
1027	2  26  20 
1029	2  29  11 
1029	2  26  20 
1029	6   8   1 
1031	2  19  21 
1033	2  29  11 
1033	2  18  26 
1035	2   3  15 
1035	2  18  26 
1035	6  17  11 
1037	2   3  15 
1037	2  18  26 
1039	2  19  21 
1039	6   7   2 
1041	2  22  23 
1041	2  19  20 
1043	2  29  17 
1043	2  33  21 
1041	6  31  24 
1045	2  16   9 
1045	2  19  20 
1045	6  33  28 
1047	2   4   8 
1047	2  19  20 
1049	2  16   9 
1049	6  20  13 
1051	2  31  33 
1051	2  22  23 
1053	2  31  33 
1049	6  11   5 
1045	6   6   0 
1051	6   1   0 
1055	2  31  33 
1055	2   3  15 
1055	6  19  18 
1057	2   2   5 
1057	2  28  21 
1059	2   2   5 
1059	2  28  21 
1057	6  32  31 
1061	2   2   5 
1061	2  20  22 
1063	2   2  12 
1063	2   5  10 
1063	6  33  23 
1065	2   2  12 
1065	2   5  10 
1067	2   2  12 
1067	2   5  10 
1069	2   7  12 
1069	2  32  33 
1069	2   3   9 
1069	2  20  22 
1071	2   7  12 
1071	2  23  15 
1071	2  32  33 
1073	2   7  12 
1073	2   3   9 
1073	2  32  33 
1073	2  20  22 
1075	2   4   8 
1075	6  33  21 
1077	2   4   8 
1079	2   4   8 
1075	6   6   0 
1081	2  17  14 
1083	2  17  14 
1085	2  23  15 
1085	6   4   2 
1087	2  23  15 
1089	2  22  19 
1091	2  17  14 
1091	6  28  27 
1093	2   3   9 
1095	2   2   8 
1095	6  16   4 
1093	6  18  12 
1097	6  20   8 
1101	2  28  16 
1099	6  12   0 
1103	2  28  16 
1103	2   8   3 
1105	2  28  16 
1105	2  13   2 
1107	2   4  16 
1107	2  28  29 
1107	6   2   1 
1109	2   4  16 
1109	2  28  29 
1111	2   4  16 
1111	2  28  29 
1107	6  26  24 
1113	2   2   5 
1113	2  27  20 
1115	2   2   5 
1115	2  27  20 
1117	2   2   5 
1117	2  27  20 
1119	2  21  14 
1119	6   6   2 
1121	2  21  14 
1123	2  21  14 
1113	6  31  24 
1119	6  17   5 
1119	6  25  18 
1119	6  34  33 
1125	2  10   2 
1125	2  18   6 
1125	6  28  26 
1127	2  10   2 
1127	2  18   6 
1129	2  10   2 
1129	2  18   6 
1131	2  17  28 
1131	2  13   1 
1131	6  26  25 
1133	2  17  28 
1133	2   8   3 
1135	2  17  28 
1135	2  13   1 
1137	2  15   7 
1137	6  25  18 
1139	2   9  23 
1141	2  34  16 
1139	6   1   0 
1143	2  25  32 
1143	2   9  23 
1145	2   6  18 
1145	2  34  16 
1147	2   1   4 
1147	2  25  32 
1147	6  34  21 
1149	2   6  18 
1149	2   8   3 
1151	2   1   4 
1151	2  25  32 
1153	2  15   7 
1153	6  31  25 
1155	2   1   4 
1157	2  15   7 
1159	2  22  19 
1161	2   6  18 
1161	2   9  23 
1163	2  22  19 
1165	2  21  16 
1165	2   7   8 
1165	6  24  19 
1167	2  27  21 
1167	2   7   8 
1169	2  27  21 
1169	2   7   8 
1167	6  16  10 
1171	2  27  21 
1165	6  32  31 
1171	6   6   2 
1173	2  16  26 
1175	2  16  26 
1165	6  34  29 
1177	2  19   6 
1177	2   2   4 
1177	6  17  15 
1179	2  19   6 
1179	2   2   4 
1181	2  19   6 
1181	2   2   4 
1177	6  34  32 
1183	2  16  26 
1183	6  12   1 
1185	2  16  28 
1187	2  16  28 
1185	6  25  24 
1189	2  16  28 
1185	6   5   4 
1189	6   6   2 
1191	2  28  25 
1193	2  16  34 
1195	2  32  19 
1195	6  22   4 
1197	2  32  19 
1199	2  32  19 
1195	6   1   0 
1201	2  22  26 
1201	6  11   5 
1203	2  15   2 
1203	2  12  24 
1205	2  22  26 
1207	2  15   2 
1207	2  32  31 
1207	2  18  19 
1209	2  22  26 
1211	2  15   2 
1211	2  12  24 
1213	2  29  15 
1213	2   2   1 
1213	2  32  31 
1213	2  18  19 
1215	2  22   4 
1215	2  12  24 
1217	2   9  13 
1217	2  32  31 
1217	6  34  23 
1219	2   3  14 
1221	2   2   1 
1221	2  18  19 
1223	2  34  20 
1223	2  16  23 
1223	2   2   1 
1223	6  31  24 
1225	2  29  15 
1227	2  22   4 
1227	6  13   1 
1229	2  22   4 
1231	2  16  23 
1229	6  32  31 
1233	2   9   1 
1233	2  17  23 
1231	6  34  27 
1235	2   3  14 
1235	2  17  23 
1237	2  28  25 
1237	2   9   1 
1239	2  27  20 
1239	2   6   1 
1239	2  17  23 
1239	6  31  18 
1241	2  29  15 
1241	2   6   1 
1243	2  27  20 
1243	2   6   1 
1243	6  23  11 
1245	2   3  14 
1245	2  27  34 
1247	2  19  20 
1247	2   9   3 
1247	2  27  34 
1249	2  28  25 
1249	2   9   3 
1249	6  17  11 
1251	2  25   7 
1253	2  14  12 
1253	2  27  34 
1255	2  28  23 
1255	2  25   7 
1257	2   8  21 
1257	6  34  32 
1259	2  16  13 
1261	2  19  20 
1261	2   9   3 
1263	2  29  34 
1263	2  14  12 
1263	6  32  31 
1265	2  29  34 
1265	2   8  21 
1267	2  28  23 
1267	2  19  20 
1267	2   9   3 
1269	2  16  13 
1269	6  33  32 
1271	2  14  12 
1271	2  28  23 
1273	2   8  21 
1275	2  29  34 
1275	2  25   7 
1277	2  16  13 
1277	6  34  32 
1279	2  16  13 
1281	2   9   3 
1281	6  22  17 
1283	2   9   3 
1281	6  18   7 
1283	6  26  20 
1287	2  28  22 
1285	6   9   4 
1289	2  33  29 
1287	6  17  11 
1291	2  15   7 
1291	2  33  29 
1287	6  24  18 
1291	6   4   3 
1293	2  15   7 
1293	2  33  29 
1295	2  15   7 
1295	6  23  17 
1297	2  14  32 
1299	2   8   7 
1299	2  21  25 
1301	2  10  20 
1303	2  10  20 
1305	2  10  20 
1307	2  18  20 
1307	2  10   9 
1307	2  28  22 
1309	2  18  20 
1309	2  10   9 
1309	2  28  22 
1311	2  18  20 
1311	2  10   9 
1311	6  28  22 
1313	2   6  18 
1313	2  17  10 
1315	2   6  18 
1315	2  17  10 
1313	6  26  14 
1317	2   6  18 
1317	2  17  10 
1313	6   3   2 
1319	2   3  11 
1319	2  27  19 
1321	2   3  11 
1321	2  26  32 
1321	6  24  18 
1323	2   3  11 
1323	2  26  32 
1325	2  14   9 
1325	2  32  28 
1325	6   2   1 
1327	2  20  23 
1329	2  14   9 
1329	2  32  28 
1329	6  18  12 
1331	2   2  15 
1333	2   2  15 
1331	6  11   4 
1335	2   8   7 
1335	2  21  25 
1337	2  20  23 
1337	6   4   2 
1339	2  27  19 
1341	2  20  23 
1343	2  12   2 
1343	2  11  22 
1343	6  26  20 
1345	2  12   2 
1345	2  11  22 
1347	2   8   7 
1347	2  10  23 
1349	2  16  13 
1349	6  32  26 
1351	2  14   9 
1351	2  11  22 
1353	2   4  15 
1351	6  12   1 
1355	2  10  23 
1355	6  31  24 
1357	2   1   2 
1357	2  10  23 
1359	2   6   8 
1359	6  29  11 
1361	2  12   1 
1363	2   6   8 
1361	6  32  31 
1365	2  16  13 
1365	6   3   2 
1367	2  21  25 
1369	2  27  19 
1371	2  25  15 
1371	6  11   4 
1373	2   7  19 
1375	2  21  33 
1375	2  12   1 
1377	2  20   9 
1377	6  22  17 
1379	2   3   4 
1379	2  13  14 
1381	2  20   9 
1377	6  24  18 
1383	2  11  16 
1383	2   3   4 
1383	2   7  19 
1383	6  32  27 
1385	2  11  16 
1385	2  13  14 
1385	2   3   4 
1387	2   6   8 
1387	2  11  16 
1389	2  25  15 
1391	2  21  33 
1391	2  12   1 
1391	6  10   3 
1393	2   7  19 
1395	2  26  28 
1395	2  13  14 
1397	2  25  15 
1397	6   2   1 
1399	2  21  33 
1399	2  13  12 
1401	2  15  27 
1401	2  13  12 
1399	6  25  24 
1403	2   7  14 
1403	2   3   2 
1403	2  16  28 
1405	2  20   9 
1405	6   6   1 
1407	2   9  10 
1407	2  21  33 
1409	2  15  27 
1405	6  23  17 
1411	2  18   6 
1411	2   3   2 
1411	2  16  28 
1413	2  18   6 
1413	2   9  10 
1413	2  21  33 
1415	2  18   6 
1415	2   3   2 
1415	2  15  27 
1415	6  17  11 
1417	2  18  31 
1417	2   7  14 
1419	2  18  31 
1419	2   7  14 
1417	6  27  22 
1421	2  18  31 
1421	2   9  10 
1421	6   7   6 
1423	2  27  25 
1425	2  27  25 
1423	6   9   4 
1427	2  27  25 
1427	2  13  12 
1423	6  35  23 
1429	2   9  19 
1429	6  22  17 
1431	2  24  18 
1433	2   9  19 
1429	6  35  34 
1435	2  31  34 
1435	2   2  15 
1435	6  11   4 
1437	2  20  22 
1437	2  24  18 
1439	2  31  34 
1439	2   2  15 
1441	2   8  26 
1441	6  23  11 
1443	2   8  26 
1445	2  24  18 
1445	2   2  15 
1445	6  32  31 
1447	2  20  22 
1449	2  20  22 
1451	2  32  34 
1451	2  18   6 
1451	6  17  10 
1453	2  21  33 
1453	2  12  24 
1455	2  13  20 
1457	2   9  19 
1457	2  23  34 
1459	2   8  26 
1461	2  16  28 
1461	2   8  14 
1461	2  26  19 
1463	2  32  28 
1463	2   9   3 
1463	2  18   6 
1465	2  27  17 
1465	2   9   3 
1465	2  12  24 
1467	2  16  22 
1467	2   8  14 
1467	2  26  19 
1469	2  32  28 
1469	2  13  20 
1469	2   9   3 
1471	2  27  17 
1471	2  18   6 
1471	2   8  14 
1473	2  23  34 
1473	2  12  24 
1473	2   9   2 
1475	2  16  22 
1475	2  26  19 
1475	2   9   2 
1475	6   7   6 
1477	2  32  28 
1477	2   9   2 
1479	2  27  17 
1477	6  24  19 
1481	2  23  34 
1481	6   7   3 
1483	2  16  22 
1485	2  22  28 
1481	6  32  26 
1487	2  13  20 
1487	2   3  17 
1487	6  31  24 
1489	2   3  17 
1491	2  22  28 
1489	6  20  13 
1493	2   3  17 
1495	2  24   6 
1495	2  22  28 
1495	6   9   4 
1497	2  24   6 
1499	2  24   6 
1495	6  17  11 
1497	6  29  21 
1501	2  13  18 
1501	6  11   3 
1503	2  20  34 
1505	2  13  18 
1505	6  28  23 
1507	2  13  18 
1507	2   3   2 
1509	2   3   2 
1505	6  21  20 
1509	6  24   6 
1511	2  21  34 
1511	2   3   2 
1513	2  21  34 
1511	6  23  17 
1515	2   9   6 
1515	6  25  19 
1517	2   9   6 
1519	2   9   6 
1517	6  29  23 
1521	2  19   1 
1521	2   9  10 
1523	2  20  24 
1523	2   9  10 
1523	6   6   1 
1525	2  20  24 
1525	2   9  10 
1527	2  20  24 
1527	2  10   9 
1529	2  19   6 
1529	2  10   9 
1529	2  21  22 
1531	2  19   6 
1531	2  10   9 
1531	2  21  22 
1533	2  24  19 
1533	2  17   4 
1533	6   2   1 
1535	2  24  19 
1535	2  17   4 
1537	2  24  19 
1537	2  17   4 
1533	6  28  21 
1539	2  20   6 
1539	6  23  10 
1541	2  20   6 
1543	2  20   6 
1539	6  31  30 
1545	2   2  10 
1545	2  27  19 
1547	2   2  10 
1547	2  24  12 
1547	2  28  22 
1549	2   2  10 
1549	2  27  19 
1551	2  25  21 
1551	6  13   6 
1553	2   2  16 
1555	2  25  21 
1555	6  11   3 
1557	2  24  12 
1559	2  25  21 
1561	2  33  15 
1561	2  24  12 
1563	2  20   8 
1563	2   6  12 
1563	6  31  30 
1565	2  20   8 
1565	2   6  12 
1567	2   2  16 
1567	2   6  12 
1569	2  13  31 
1569	6  22  10 
1571	2  13  31 
1573	2  13  31 
1575	2  22  32 
1575	6  18   7 
1577	2  22  32 
1579	2  22  32 
1581	2  18  26 
1581	2   2  16 
1583	2  18  26 
1583	2  22  23 
1583	6  14   9 
1585	2  18  26 
1585	2  22  23 
1587	2  22  23 
1583	6   6   1 
1587	6  31  18 
1589	2   9   4 
1589	2  23  17 
1591	2   9   4 
1591	2  23  17 
1589	6   2   1 
1593	2  33  15 
1593	6  18  12 
1595	2  33  15 
1597	2  20   8 
1597	2  23  17 
1599	2  27  19 
1599	2   3   8 
1599	2  16  15 
1601	2  26  14 
1601	6  18   6 
1603	2  27  20 
1603	2   3   8 
1603	2  16  15 
1605	2  26  14 
1605	6  28  22 
1607	2  24  19 
1607	2   3   8 
1609	2   1  12 
1609	2   9   4 
1611	2   7  21 
1613	2  31  34 
1613	2   1  12 
1613	2  16  15 
1615	2  33  25 
1615	2   2   3 
1615	6  22  15 
1617	2  24  19 
1617	2   2   3 
1619	2  33  25 
1619	2   2   3 
1615	6  12   6 
1621	2  27  20 
1621	2   1   6 
1621	6  10   9 
1623	2  31  34 
1625	2  27  20 
1627	2   7  21 
1629	2  26  14 
1631	2   7  21 
1633	2  31  34 
1633	2   6   7 
1633	6  14   9 
1635	2  33  25 
1635	2   6   7 
1637	2  27  28 
1637	2  31  18 
1637	2   6   7 
1639	2  24  19 
1639	2   9  16 
1639	2  27  28 
1641	2  26  14 
1641	2  34  22 
1643	2  25  24 
1643	2   9  16 
1643	2  27  28 
1643	6  20  13 
1645	2  25  24 
1645	2  34  22 
1647	2  25  24 
1647	2   9  16 
1649	2  20  32 
1651	2  20  32 
1653	2  20  32 
1655	2  20  21 
1655	2  33  32 
1655	2  13   8 
1657	2  19   1 
1657	2  33  32 
1659	2  15  12 
1659	2  33  32 
1661	2  26  14 
1661	2  34  22 
1663	2  20  21 
1663	2  31  18 
1665	2  19   1 
1667	2  13   8 
1667	2  20  21 
1669	2  15  12 
1671	2  26  14 
1673	2  19   1 
1675	2  31  18 
1677	2  13   8 
1679	2  15  12 
