   1	2  40  38 
   1	2   9   7 
   1	2  35  36 
   1	2  20  25 
   3	2  34  41 
   3	2   8   0 
   3	2  39  31 
   3	2  18   4 
   3	2  35  36 
   3	6  23  16 
   5	2  48  33 
   5	2   8   0 
   5	2  18   4 
   5	2  35  36 
   7	2  40  38 
   7	2  20  25 
   7	2   8   0 
   7	6  43  28 
   9	2  17  24 
   9	2  34  41 
  11	2   9   7 
  11	2  39  31 
  11	2  34  41 
  11	2  18   4 
   9	6  13   6 
  13	2  21  28 
  13	2  48  33 
  13	2  17  24 
  13	6   4   2 
  15	2  30  14 
  15	2  48  33 
  17	2  15  29 
  17	2  40  38 
  17	2  20  25 
  19	2  21  28 
  19	2   9   7 
  19	2  39  31 
  19	6  27  13 
  21	2  30  14 
  23	2  15  29 
  23	2  17  24 
  21	6  47  39 
  25	2  13   4 
  25	2  21  28 
  21	6   2   1 
  23	6  45  44 
  27	2  13   4 
  27	2  15  29 
  27	2  33  48 
  25	6  24  18 
  29	2  13   4 
  29	2  33  48 
  29	6  42  29 
  31	2  33  48 
  29	6   8   0 
  29	6  46  45 
  31	6  12   3 
  35	2  23  44 
  33	6  34  27 
  37	2   3   2 
  37	2  23  44 
  35	6  47  40 
  39	2   3   2 
  39	2  30  14 
  37	6  18  11 
  41	2  46  34 
  41	2   3   2 
  37	6  13   5 
  39	6  43  42 
  43	2  39  18 
  41	6  14   8 
  45	2  39  18 
  41	6  30  29 
  47	2  46  34 
  47	2  29  14 
  43	6   3   2 
  43	6   6   5 
  47	6  17  16 
  49	2  46  34 
  49	2  29  14 
  51	2  47  46 
  51	2  29  14 
  47	6  25  19 
  49	6   5   3 
  53	2  23  44 
  51	6  34  33 
  55	2   3  17 
  55	2  47  46 
  53	6   7   1 
  57	2   3  17 
  57	2  47  46 
  53	6  20  19 
  53	6  35  28 
  55	6  38  37 
  59	2   3  17 
  55	6   6   5 
  55	6  22  15 
  57	6  33  32 
  61	2  21  16 
  59	6  48  47 
  63	2  38  26 
  63	2   0   3 
  63	6  28  22 
  65	2  38  26 
  65	2   0   3 
  67	2  39  18 
  67	6   8   2 
  69	2  38  26 
  71	2  39  31 
  71	2  27   6 
  69	6  29  21 
  73	2   2   4 
  73	2  41  26 
  73	2  39  31 
  71	6  44  42 
  75	2  18  15 
  75	6  47  34 
  77	2  24  36 
  77	2   2   4 
  79	2  29  16 
  77	6  20  13 
  81	2  38  35 
  81	2   2   4 
  77	6  14   7 
  81	6  34  26 
  83	2  38  35 
  83	2   0   3 
  85	2  39  31 
  85	2  29  16 
  85	6  11   3 
  87	2  33  20 
  87	2  29  16 
  89	2  33  20 
  89	2  21   0 
  85	6  44  42 
  89	6  31  30 
  91	2  33  20 
  91	2   1   3 
  93	2  20  13 
  93	2   1   3 
  93	2  41  34 
  91	6  28  14 
  95	2  31  10 
  95	2  20  13 
  95	2  41  34 
  97	2  31  10 
  97	2  20  13 
  97	6  21   7 
  99	2  31  10 
 101	2  27   6 
 101	6  43  31 
 103	2  27   6 
 103	2   1   3 
 105	2  48  27 
 105	2   7   0 
 105	6   9   4 
 107	2  28  37 
 107	2  48  27 
 107	2   7   0 
 109	2  32  31 
 109	2  48  27 
 109	6  42  28 
 111	2  19   4 
 111	2  32  31 
 113	2  19   4 
 113	2  32  31 
 109	6  44  37 
 111	6   7   1 
 115	2  42  44 
 115	2  19   4 
 115	2  29  16 
 115	6  39  33 
 117	2  24  36 
 117	2   4   3 
 119	2  42  44 
 119	2   4   3 
 119	2  29  16 
 111	6  48  41 
 117	6  14   7 
 121	2  37  39 
 121	2  11  26 
 121	6  16   2 
 123	2  37  39 
 123	2  11  26 
 125	2  37  39 
 125	2  11  26 
 127	2  18  15 
 127	6  45  40 
 129	2  18  15 
 131	2   9  15 
 131	2   4   3 
 131	6  30  28 
 133	2   9  15 
 135	2   9  15 
 131	6  26  18 
 133	6  41  39 
 137	2  21  28 
 137	2   2  11 
 133	6  44  43 
 137	6  15   7 
 139	2  30  25 
 139	2  21  28 
 141	2  30  25 
 141	2  21  28 
 137	6  27  20 
 139	6   5   3 
 143	2  30  25 
 139	6  45  43 
 143	6  21  14 
 145	2  24  36 
 147	2  26  41 
 145	6   3   1 
 149	2  38  35 
 149	2  26  41 
 151	2  30  15 
 151	2  26  41 
 151	6  11   3 
 153	2  30  15 
 155	2  30  15 
 153	6  40  26 
 157	2   1  22 
 145	6   6   5 
 151	6  43  42 
 159	2  26  12 
 159	2   1  22 
 159	2  39  40 
 161	2  26  12 
 161	2   1  22 
 161	2  39  40 
 157	6  44  43 
 163	2  26  12 
 163	2  37  35 
 163	2  15   1 
 163	2  39  40 
 165	2  10  12 
 165	2  36  21 
 165	6  46  33 
 167	2  10  12 
 167	2  37  35 
 167	2  15   1 
 169	2  10  12 
 169	2  36  21 
 171	2  26  23 
 171	2   2   3 
 169	6   8   7 
 173	2  26  23 
 173	2   2   3 
 171	6  48  46 
 175	2  26  23 
 175	6   5   3 
 177	2  31  23 
 177	2  36  21 
 179	2  45  30 
 177	6  27  19 
 181	2  32  16 
 181	6  42  28 
 183	2   3  10 
 183	2  24  19 
 183	2  15   1 
 185	2  33  12 
 185	6  14   8 
 187	2  31  23 
 187	2   3  10 
 189	2  45  30 
 189	2  33  12 
 187	6  43  35 
 191	2  32  16 
 191	6  20  13 
 193	2   7  28 
 193	2   3  10 
 195	2   7  28 
 195	2  10  18 
 193	6  44  39 
 197	2   7  28 
 197	2  10  18 
 197	6  13   6 
 199	2  26  39 
 199	2  37  43 
 199	2   8   3 
 201	2  26  39 
 201	2  42  43 
 201	2   8   3 
 199	6  29  22 
 203	2  24  19 
 203	2  42  43 
 203	2   8   3 
 203	6  46  38 
 205	2  24  19 
 205	2  42  43 
 207	2   1   4 
 205	6  28  21 
 209	2  31  23 
 209	2   1   4 
 209	2  42  44 
 207	6  33  27 
 211	2  38  29 
 211	2  10  18 
 211	6  14   0 
 213	2  46  33 
 215	2  46  33 
 213	6  10   5 
 217	2  38  29 
 217	6  47  33 
 219	2  38  29 
 219	2   1   4 
 221	2  14  29 
 221	2  17   4 
 221	2  42  44 
 223	2  32  16 
 223	2  42  44 
 223	6  20   6 
 225	2  45  30 
 227	2  46  47 
 227	2  38  30 
 225	6  10   7 
 229	2  26  39 
 225	6  35  28 
 227	6  44  43 
 231	2  27  12 
 231	2  14  29 
 231	6  47  46 
 233	2  19  16 
 235	2  26  13 
 235	2  15  36 
 237	2  32  11 
 237	2  14  29 
 239	2  24  45 
 237	6  27  20 
 241	2  32  11 
 239	6  21   7 
 243	2  26  13 
 243	2  38  30 
 239	6  42  35 
 243	6  47  41 
 245	2  19  16 
 247	2  15  36 
 247	2  26  13 
 249	2  27  41 
 249	2  24  45 
 249	6   7   2 
 251	2  27  41 
 251	2  38  30 
 253	2  27  41 
 253	2  24  45 
 249	6   6   5 
 249	6  28  21 
 255	2   5   2 
 255	2  28  29 
 255	2  45  44 
 255	2  40  26 
 257	2   5   2 
 257	2  28  29 
 257	2  45  44 
 257	2  40  26 
 259	2   5   2 
 259	2  28  29 
 259	2  45  44 
 259	2  40  26 
 261	2  23   2 
 261	6  46  44 
 263	2  23   2 
 265	2  19  16 
 265	6   1   0 
 267	2  42  44 
 267	2  32  11 
 269	2  42  44 
 269	2  17   4 
 267	6  29  14 
 271	2  42  44 
 271	2  17   4 
 269	6  27  26 
 273	2  23   2 
 269	6  46  39 
 273	6  18  11 
 275	2  15  36 
 277	2  36  42 
 277	2  15  16 
 275	6   3   2 
 279	2  30  18 
 279	6  42  35 
 281	2   6   3 
 281	2  15  16 
 283	2  23  26 
 283	6   5   3 
 285	2  29  44 
 285	2  15  16 
 287	2  36  35 
 287	2  23  26 
 289	2   1   3 
 289	2   6   5 
 289	2  29  44 
 289	6  25  17 
 291	2   1   3 
 291	2   6   5 
 291	2  36  35 
 293	2   1   3 
 293	2  29  44 
 289	6  27  20 
 295	2   2   3 
 295	2  30  18 
 295	6  21  15 
 297	2   2   3 
 297	2  30  18 
 299	2   2   3 
 299	2  39  25 
 261	6  48  41 
 295	6  13   6 
 295	6  34  27 
 299	6  44  30 
 301	2  15  17 
 303	2  15  17 
 301	6   4   2 
 305	2  15  17 
 301	6  19  13 
 301	6  41  40 
 305	6  36  29 
 307	2   4  20 
 309	2   5  18 
 307	6  40  32 
 311	2   4  20 
 307	6  16   9 
 311	6  28  14 
 313	2  39  25 
 315	2   5  18 
 313	6   9   3 
 317	2  39  25 
 319	2  37  16 
 317	6  12  11 
 321	2  37  16 
 319	6  48  40 
 323	2  37  16 
 319	6  32  25 
 323	6  27  12 
 325	2   9  14 
 327	2   9  14 
 325	6  47  31 
 329	2   9  14 
 325	6  42  36 
 331	2  17  12 
 331	2  40  37 
 331	6   8   2 
 333	2  17  12 
 333	2  40  37 
 335	2  17  12 
 335	2  40  37 
 331	6  21  14 
 337	2  31  17 
 337	6  22   7 
 339	2  31  17 
 341	2  31  17 
 337	6  44  42 
 343	2  31  22 
 343	2   4  20 
 343	6   7   1 
 345	2  31  22 
 347	2  31  22 
 345	6  19  10 
 349	2  37  36 
 337	6  46  40 
 349	6  22  14 
 351	2  33  19 
 351	2  37  36 
 353	2  33  19 
 353	2  37  36 
 351	6   3   1 
 355	2  33  19 
 355	2  36  21 
 357	2  40  33 
 357	2  11   3 
 357	2  31  44 
 357	6  29  22 
 359	2  19  34 
 359	2  31  44 
 361	2  40  33 
 361	2  11   3 
 361	2  31  44 
 357	6   7   1 
 361	6  20  13 
 363	2  40  33 
 363	2  11   3 
 363	2  22   8 
 365	2  11   2 
 365	2  37  32 
 365	6  42  28 
 367	2  19  34 
 367	2   3  16 
 369	2  19  34 
 369	2   3  16 
 367	6  38  32 
 371	2  17  19 
 371	2  22   8 
 371	6  44  43 
 373	2  33  20 
 373	2   3  16 
 375	2  32  34 
 375	2  11   2 
 373	6  30  29 
 377	2  27  40 
 377	2  11   2 
 377	6  44  38 
 379	2  33  20 
 379	2   2  16 
 381	2  27  40 
 381	2   2  16 
 379	6  29  28 
 383	2  32  34 
 383	2  17  19 
 383	2  37  44 
 385	2  33  20 
 385	2  22   8 
 385	2  37  44 
 385	6  11   3 
 387	2  32  34 
 387	2  36  21 
 389	2  27  40 
 389	2  36  21 
 389	6  25  24 
 391	2   1   3 
 393	2   1   3 
 389	6  45  38 
 391	6  33  27 
 395	2  15  24 
 395	6  47  45 
 397	2  15  24 
 397	2  27  13 
 399	2  15  24 
 399	2  27  13 
 401	2  24  12 
 401	6  14   2 
 403	2  24  12 
 405	2  24  12 
 401	6  45  36 
 401	6  48  34 
 407	2  36  15 
 407	2  25  12 
 409	2  36  15 
 409	2  25  12 
 411	2  36  15 
 411	2  25  12 
 407	6  46  40 
 413	2  23  26 
 413	2   1   3 
 415	2  17  19 
 415	6  21   0 
 417	2  12  26 
 419	2  19  32 
 417	6  10   9 
 421	2  36  21 
 421	2  33  47 
 423	2  36  21 
 423	2  25  17 
 423	2   3   1 
 423	2  27  13 
 423	6  47  40 
 425	2  36  21 
 425	2  12  26 
 425	2   3   1 
 427	2  23  35 
 427	2  12  26 
 427	2   3   1 
 429	2  46  30 
 429	2  25  17 
 429	2   4  12 
 429	6   8   2 
 431	2  46  30 
 431	2   5  18 
 433	2  19  32 
 433	6   6   4 
 435	2  21   7 
 435	2  33  40 
 435	2  25  17 
 437	2  23  35 
 437	2  33  40 
 439	2  21   7 
 439	2  19  32 
 439	6  10   4 
 441	2  46  30 
 443	2  23  35 
 441	6  34  19 
 445	2  24  10 
 445	2  21   7 
 443	6  48  47 
 447	2  24  10 
 447	2   6  12 
 445	6  42  37 
 449	2  24  10 
 449	2   6  12 
 447	6  28  21 
 451	2  37  24 
 451	2   3   1 
 447	6  34  26 
 449	6  47  40 
 453	2  21   9 
 453	6  38  25 
 455	2  21   9 
 457	2  14  16 
 457	2   3   1 
 453	6  43  42 
 453	6  27  20 
 459	2  25  11 
 459	2  14  22 
 459	2  38  39 
 459	6  36  35 
 461	2  25  11 
 461	2  14  22 
 461	2  38  39 
 463	2  25  11 
 463	2  14  22 
 463	2  38  39 
 465	2  37  24 
 465	2   3   1 
 465	6  40  27 
 467	2  37  24 
 469	2  21   9 
 469	2  36  37 
 467	6  12   4 
 471	2  31  23 
 471	2  36  37 
 471	6  14   8 
 473	2  25  12 
 473	2  36  37 
 475	2  17  32 
 471	6  47  46 
 475	6  43  28 
 477	2  25  12 
 479	2  31  23 
 473	6   3   2 
 477	6  40  39 
 481	2  14  35 
 481	2  25  12 
 479	6  10   3 
 483	2  14  35 
 483	6  27   6 
 485	2  14  35 
 485	2  10  24 
 487	2  21  14 
 487	2  43  46 
 487	2  10  24 
 489	2   6   3 
 489	2  21  14 
 489	2  43  46 
 489	6  25  23 
 491	2   6   3 
 491	2  21  14 
 491	2  43  46 
 493	2   6   3 
 493	2  44  43 
 493	6  46  38 
 495	2   6   5 
 495	2  10  24 
 495	2  44  43 
 497	2   6   5 
 497	2  28  23 
 497	2  44  43 
 495	6   7   1 
 499	2  30  16 
 499	2   6   5 
 495	6  34  33 
 497	6  19  18 
 501	2   1   3 
 501	2  30  16 
 499	6  45  39 
 503	2  15  18 
 499	6  43  42 
 499	6  48  47 
 501	6  13   6 
 505	2  15  18 
 505	6  43  38 
 507	2  15  18 
 509	2   1   3 
 505	6  47  40 
 509	6  26  18 
 511	2  29  45 
 511	2   1   3 
 513	2  29  45 
 513	2   5   3 
 511	6  41  34 
 515	2  29  45 
 515	2   9  18 
 517	2  40  26 
 517	2  45  38 
 517	2  28  23 
 517	2   5   3 
 517	6   8   1 
 519	2  40  26 
 519	2  45  38 
 519	2  28  23 
 519	2   5   3 
 521	2  40  26 
 521	2  45  38 
 521	6  42  21 
 523	2  11  26 
 525	2   9  18 
 523	6  39  38 
 527	2  11  26 
 527	2  42  43 
 527	2   7  23 
 523	6  47  41 
 529	2  17  32 
 529	2  42  43 
 529	6  47  45 
 531	2   9  18 
 531	2  42  43 
 533	2  11  26 
 533	2  30  16 
 533	6  43  35 
 535	2  31  25 
 535	2   4   1 
 537	2  17  32 
 535	6  47  41 
 539	2  10  12 
 539	2  37  22 
 539	6  32  26 
 541	2  29  45 
 541	2   4   1 
 543	2  29  45 
 543	2  10  12 
 545	2  29  45 
 545	2  17  25 
 541	6  41  34 
 545	6   3   1 
 547	2  24  27 
 549	2  36  31 
 549	2  13  34 
 549	6  16  15 
 551	2  30  32 
 551	2   4   3 
 553	2  36  31 
 553	2  13  34 
 555	2  14   9 
 555	2  30  32 
 555	2   5   4 
 555	6  45  43 
 557	2  24  27 
 557	2   5   4 
 559	2  17  25 
 559	2   5   4 
 557	6  14   1 
 561	2  45  33 
 561	2  10  12 
 557	6  29  28 
 563	2  45  33 
 563	2   1   9 
 563	6  28  14 
 565	2  45  33 
 565	2   1   9 
 567	2  45  43 
 567	2  24  27 
 563	6  12  11 
 567	6  47  40 
 569	2   0  14 
 569	2  45  43 
 569	2  17  25 
 571	2   0  14 
 571	2  45  43 
 571	2   3  24 
 569	6  27  20 
 573	2  37  22 
 573	2  17  25 
 575	2  27  39 
 575	2   0  14 
 575	2  35  28 
 575	6  11   9 
 577	2  46  33 
 577	2  35  28 
 579	2  27  39 
 579	2  35  28 
 575	6  44  43 
 581	2  46  33 
 581	2   7  23 
 581	6  19  11 
 583	2  37  22 
 585	2  36  31 
 585	2  22  14 
 583	6   2   0 
 587	2  27  39 
 587	2  22  14 
 587	6  42  36 
 589	2  46  33 
 589	2  22  14 
 591	2  13  34 
 591	2   7  23 
 593	2  30  32 
 589	6  10   2 
 593	6  21   7 
 595	2  10  31 
 597	2  34  19 
 597	2  36  45 
 597	6  24  16 
 599	2  27  33 
 599	2  36  45 
 601	2  34  19 
 601	2  36  45 
 597	6   5   4 
 599	6  22  21 
 603	2  10  31 
 603	6  34  20 
 605	2   3  16 
 607	2  17  25 
 605	6  45  36 
 609	2  27  33 
 609	2   3  16 
 609	6  12   5 
 611	2  32  29 
 613	2  39  34 
 613	2  17  25 
 613	2  36  22 
 611	6   9   8 
 615	2  32  29 
 615	2  20  19 
 615	6  11   4 
 617	2  39  34 
 617	2  36  22 
 619	2  32  29 
 619	6  16   9 
 621	2  39  34 
 623	2  27  33 
 621	6  44  30 
 621	6  25  18 
 625	6  34  13 
 627	2  36  22 
 625	6   9   2 
 627	6  46  45 
 627	6  31  24 
 629	6  37  29 
 633	2  40  25 
 631	6  15   9 
 635	2  40  25 
 635	6  30  23 
 637	2  40  25 
 639	2  34  40 
 635	6  35  28 
 639	6  25  12 
 641	2  15  29 
 641	2  34  40 
 643	2  15  29 
 643	2  34  40 
 645	2   8  23 
 645	2  34  20 
 647	2   8  23 
 647	2  34  20 
 649	2  15  29 
 649	2  10  24 
 649	2  34  20 
 651	2   8  23 
 651	2  11  10 
 651	6  26  13 
 653	2  28  15 
 653	2  24  17 
 655	2  28  15 
 655	2  24  17 
 645	6  47  46 
 651	6  47  41 
 651	6  38  37 
 657	2  31  47 
 657	2  11  10 
 657	2  28  15 
 657	6  27  13 
 659	2  31  47 
 659	2  11  10 
 661	2  31  47 
 659	6  22  16 
 663	2  47  46 
 663	2  38  32 
 663	6  34  19 
 665	2  47  46 
 665	2  37  22 
 665	2  24  17 
 667	2  47  46 
 667	2  37  22 
 661	6   4   3 
 667	6  17   9 
 669	2  37  22 
 669	2  41  34 
 671	2  45  37 
 671	2  26  40 
 671	6  29  22 
 673	2  45  37 
 673	2  41  34 
 675	2  45  37 
 675	2  26  40 
 669	6  13  12 
 673	6  10   3 
 677	2  29  44 
 677	2  25  39 
 677	2  41  34 
 675	6  13   5 
 679	2  29  44 
 679	2  25  39 
 679	6  34  27 
 681	2  31  10 
 683	2  31  10 
 671	6  14   7 
 681	6  28  14 
 685	2  31  10 
 685	2  47  34 
 681	6   6   5 
 677	6   1   0 
 681	6  44  43 
 687	2   5  10 
 687	2  47  34 
 687	2  29  43 
 687	2  38  32 
 689	2   5  10 
 689	2  47  34 
 689	2  38  32 
 689	6  43  28 
 691	2   5  10 
 691	2  25  39 
 693	2  26  40 
 689	6  30  23 
 693	6  10   5 
 695	2  30  45 
 695	2  40  41 
 695	2  19  26 
 697	2  30  45 
 697	2  40  41 
 697	2  19  26 
 687	6  14   8 
 695	6  28  21 
 699	2   1  10 
 699	2   5   6 
 699	2  30  45 
 699	2  40  41 
 699	2  19  26 
 701	2   1  10 
 701	2   5   6 
 701	2  39  38 
 701	6  41  27 
 703	2   1  10 
 703	2   5   6 
 703	2  39  38 
 705	2  23  10 
 705	2  39  38 
 701	6  21  14 
 701	6  44  43 
 707	2  47  44 
 707	2   6  18 
 707	6  14   1 
 709	2  47  44 
 709	2   6  18 
 711	2  47  44 
 711	2   6  18 
 713	2  23  10 
 713	6  47  44 
 715	2  23  10 
 717	2   8  10 
 713	6  27  13 
 717	6  31  24 
 719	2  44  35 
 719	2   8  10 
 721	2  44  35 
 721	2   8  10 
 719	6  47  34 
 723	2  44  35 
 723	2  13  10 
 723	6  14   0 
 725	2  27  24 
 727	2  27  24 
 725	6  45  43 
 729	2  27  24 
 725	6  12   5 
 729	6   3   1 
 731	2  47  45 
 731	2  27  12 
 733	2  47  45 
 733	2  27  12 
 729	6  21  14 
 731	6  36  23 
 735	2  47  45 
 735	2   5   3 
 735	6  34  20 
 737	2  24  21 
 737	2   5   3 
 737	2  43  36 
 739	2  24  21 
 739	2   5   3 
 739	2  43  36 
 735	6   1   0 
 737	6  46  39 
 741	2  24  21 
 741	2   4  20 
 741	2  43  36 
 743	2  37  21 
 743	2   4  20 
 743	6  24  17 
 745	2  37  21 
 745	2   4  20 
 747	2  37  21 
 747	2  27  12 
 741	6  48  41 
 743	6   9   1 
 747	6  47  46 
 749	2  17   9 
 749	2  34  20 
 749	2  44  31 
 751	2  17   9 
 751	2  34  20 
 751	2  44  31 
 749	6  21   7 
 753	2  39  24 
 753	2  34  20 
 749	6  42  35 
 749	6   4   3 
 755	2  39  24 
 755	6  12   4 
 757	2  39  24 
 759	2  39  41 
 759	2  17   9 
 755	6  35  21 
 755	6   7   0 
 759	6  44  30 
 761	2  39  41 
 761	2  13  10 
 763	2  39  41 
 763	2  13  10 
 761	6   1   0 
 765	2  21  24 
 765	6  46  44 
 767	2  21  24 
 769	2  21  24 
 765	6  41  27 
 767	6   4   2 
 771	2  21  14 
 771	2  46  41 
 771	2  30  31 
 771	6  25  17 
 773	2  21  14 
 773	2   2   1 
 773	2  46  41 
 775	2  21  14 
 775	2   2   1 
 775	2  46  41 
 771	6  44  36 
 771	6  27  20 
 773	6   6   4 
 777	2  36  22 
 777	2   2   1 
 777	6  46  34 
 779	2  24  29 
 781	2  36  22 
 781	6  31  25 
 783	2  20   6 
 783	2  36  22 
 785	2  20   6 
 785	2  46  44 
 785	6  29  16 
 787	2  20   6 
 787	2  46  44 
 789	2  33  12 
 779	6   7   0 
 789	6  45  44 
 791	2  24  16 
 791	2   5   6 
 791	2  36  29 
 793	2  24  16 
 793	2   5   6 
 793	2  36  29 
 779	6   3   2 
 785	6   2   1 
 791	6  14   1 
 795	2  35  44 
 795	2  31  24 
 795	2   5   6 
 791	6  40  26 
 797	2  35  44 
 797	2  17   1 
 797	2   6  27 
 797	6  30  22 
 799	2  35  44 
 799	2  17   1 
 799	2   6  27 
 801	2  42  44 
 801	2  33  12 
 801	6   3   2 
 803	2  35  14 
 803	2  31  24 
 803	2   6  27 
 803	2  46  45 
 805	2  15  23 
 805	2  42  44 
 805	2  33  12 
 807	2  32  11 
 807	2  35  14 
 809	2  16  18 
 809	2  42  44 
 807	6  27  20 
 811	2  15  23 
 811	2  36  29 
 811	2  38  40 
 809	6   6   5 
 813	2  16  18 
 813	2  38  40 
 813	6  36  28 
 815	2  32  11 
 817	2  31  24 
 817	6  20   4 
 819	2  39  36 
 821	2  39  36 
 823	2  39  36 
 823	2  17   1 
 825	2  35  14 
 825	2  32  11 
 823	6  27  20 
 827	2  15  23 
 827	2  42  35 
 827	2  38  40 
 827	6  25  11 
 829	2  22   8 
 829	2  42  35 
 829	2  40  38 
 831	2   7  28 
 831	2  40  38 
 833	2  39  27 
 833	2  14   2 
 833	2  42  35 
 833	6  29  23 
 835	2  39  27 
 835	2  14   2 
 837	2  39  27 
 837	2  14   2 
 833	6  11   5 
 835	6  43  42 
 839	2  16  18 
 839	2  40  38 
 839	6  21   7 
 841	2  17  19 
 841	2  32  34 
 841	2   2   4 
 843	2  47  31 
 843	2  26  18 
 843	2   2   4 
 841	6  36  35 
 845	2  27  39 
 845	2  22   8 
 845	6  17  11 
 847	2  32  34 
 847	2  21  28 
 849	2  27  39 
 849	2  22   8 
 847	6  44  36 
 851	2  11  19 
 851	2  47  31 
 851	2  21  28 
 851	6   9   7 
 853	2  26  18 
 853	2  47  31 
 855	2  11  19 
 855	2  32  34 
 853	6  35  28 
 857	2  27  39 
 857	2   2   4 
 857	6  23  17 
 857	6  14   7 
 859	6  47  44 
 863	2  12  17 
 863	6  28  14 
 865	2  12  17 
 865	2  43  44 
 865	2  34  47 
 867	2  26  18 
 867	2  31  23 
 867	2  43  44 
 867	6  48  40 
 869	2  37  28 
 869	2  12  17 
 871	2   0  14 
 871	2  18  10 
 871	2  31  23 
 871	2  43  44 
 871	6  20   5 
 873	2  37  28 
 873	2  18  10 
 875	2   0  14 
 875	2  31  23 
 875	2  18  10 
 873	6  41  33 
 877	2  37  28 
 877	2  17  19 
 877	6   8   2 
 879	2  29  28 
 879	2  34  47 
 879	2  17  19 
 881	2  42  37 
 881	2  34  47 
 881	2  17  19 
 881	6  22  21 
 883	2  42  37 
 883	2  17   4 
 885	2  42  37 
 885	2  17   4 
 883	6  46  32 
 887	2   0  14 
 887	2  29  28 
 887	2  17   4 
 883	6  27  19 
 887	6  43  42 
 889	2   0  16 
 889	2  29  28 
 891	2   1  14 
 889	6  41  20 
 893	2   0  16 
 889	6   5   4 
 889	6  45  38 
 889	6  32  25 
 895	2   9   4 
 895	2  46  43 
 895	6  26  18 
 897	2   9   4 
 897	2  46  43 
 899	2   9   4 
 899	2  46  43 
 895	6  31  30 
 895	6  13   6 
 895	6  41  34 
 901	2  40  31 
 901	2   4   3 
 901	2   1  14 
 901	6  27  13 
 903	2  40  31 
 903	2   4   3 
 903	2   1  14 
 905	2  40  31 
 905	2   4   3 
 901	6  18  17 
 901	6  29  28 
 905	6   8   0 
 907	2  40  27 
 909	2  34  31 
 907	6  12   4 
 911	2   9  24 
 911	2  40  27 
 911	2  28  14 
 913	2   9  24 
 913	2  40  27 
 913	2  28  14 
 915	2  34  31 
 915	2   2   4 
 915	2  28  14 
 917	2   8  16 
 917	2  44  47 
 917	6  18   3 
 919	2  44  47 
 921	2  44  47 
 917	6  32  31 
 917	6  35  28 
 919	6  23  15 
 923	2  34  32 
 923	2   2   4 
 923	6  37  35 
 925	2   9  24 
 927	2   9  24 
 923	6  48  47 
 925	6  27  12 
 929	2  36  31 
 925	6  14   7 
 929	6  10   2 
 931	2  36  31 
 933	2  36  31 
 929	6  41  40 
 931	6  21  15 
 935	2  10   4 
 935	2  37  46 
 931	6  27  26 
 935	6  24  23 
 937	2  35  14 
 939	2  35  14 
 931	6  13   6 
 935	6   2   1 
 937	6  40  38 
 941	2  19  16 
 941	6  36  29 
 943	2  24  33 
 945	2  24  33 
 941	6   1   0 
 943	6  12   3 
 947	2  24  33 
 947	2  35  14 
 949	2  24  32 
 949	2  15   3 
 949	2  37  46 
 949	6  12   6 
 951	2  40  26 
 951	2  17   8 
 953	2  31  28 
 953	6  47  34 
 955	2  24  32 
 955	2  15   3 
 957	2   9  23 
 955	6  44  36 
 959	2  40  26 
 959	2  17   8 
 961	2  44  47 
 961	2  19  16 
 961	6   7   0 
 963	2  22  25 
 965	2  44  47 
 965	2   9  23 
 965	6  20  18 
 967	2  44  47 
 969	2  37  46 
 967	6  15   1 
 971	2  20  41 
 971	6  44  31 
 973	2  20  41 
 973	2   1   3 
 975	2  40  26 
 975	2   1   9 
 973	6  35  21 
 977	2  24  32 
 977	2  27  26 
 977	2   1   9 
 977	6  47  45 
 979	2  22  25 
 981	2  19  16 
 981	6  32  31 
 983	2  44  28 
 983	2  17   8 
 983	2  20  41 
 985	2  44  28 
 985	2  18  19 
 985	2   1   9 
 985	6  40  34 
 987	2  24  15 
 987	2  28  35 
 989	2   3  17 
 989	2  28  35 
 987	6  20  12 
 991	2  24  15 
 991	2  28  35 
 987	6  45  37 
 993	2  22  25 
 993	6  46  41 
 995	2  18  19 
 995	2  14   9 
 997	2   3  17 
 997	2  27  26 
 995	6  37  29 
 999	2  20  34 
 999	2  24  15 
1001	2  31  22 
1001	2  20  34 
 999	6  10   2 
1003	2  31  22 
1003	2  18  19 
1003	6  33  27 
1005	2  31  22 
1007	2   3  17 
 993	6  43  42 
 999	6  47  46 
1001	6  44  43 
1005	6  19  12 
1009	2  14   9 
1005	6  48  47 
1007	6  44  38 
1011	2  27  13 
1011	2  14   9 
1007	6  29  28 
1009	6  25  24 
1013	2  27  13 
1013	2   7  28 
1013	6  40  38 
1015	2  27  13 
1015	2   7  28 
1017	2   7  28 
1013	6  11  10 
1015	6  23  16 
1019	2  27  40 
1019	6  28   7 
1021	2  27  40 
1023	2  27  40 
1019	6   5   3 
1019	6  31  25 
1019	6  45  44 
1025	2  24  21 
1025	2  20  34 
1025	6   3   1 
1027	2  23  38 
1027	2  33  26 
1029	2  24  21 
1029	6  27  13 
1031	2  23  38 
1033	2  24  21 
1031	6   4   3 
1035	2  48  27 
1035	2  23  38 
1037	2  16  19 
1037	6  45  36 
1039	2  48  27 
1041	2  16  19 
1043	2  48  27 
1043	2  21  29 
1043	6  24  10 
1045	2  28  44 
1045	2  33  41 
1047	2  40  45 
1047	2  21  29 
1035	6   7   0 
1043	6  15   8 
1043	6  12   5 
1049	2  24  37 
1049	2  13   4 
1049	2  33  41 
1049	6   8   2 
1051	2  24  37 
1051	2   6  27 
1053	2  24  37 
1053	2  13   4 
1053	2  33  41 
1049	6  22  21 
1055	2  36  15 
1055	2  18  26 
1055	2  13   4 
1055	6  48  41 
1057	2  36  15 
1057	2  25  20 
1059	2  36  15 
1059	2  18  26 
1055	6  46  45 
1057	6   5   3 
1061	2  24  45 
1061	6  35  21 
1063	2  24  45 
1065	2  24  45 
1061	6  41  34 
1063	6  20  12 
1067	2  31  24 
1067	2  28  44 
1063	6   3   2 
1067	6  15   7 
1069	2  20  34 
1069	2  31  24 
1069	2  28  44 
1071	2  25  12 
1071	2  40  46 
1069	6  10   9 
1073	2  20  34 
1073	2  22  29 
1073	2  31  24 
1071	6  43  35 
1075	2  16  19 
1075	2  40  46 
1077	2  23   2 
1077	2  43  45 
1077	2   6  27 
1079	2   3  19 
1079	2  43  45 
1079	6  30  15 
1081	2   3  19 
1081	2  43  45 
1083	2  18  26 
1079	6  47  41 
1083	6  43  35 
1085	2  15   8 
1085	2  30  37 
1085	2  25  12 
1087	2  15   8 
1087	2  30  37 
1087	2  20  34 
1085	6  47  46 
1089	2  15   8 
1089	2  30  37 
1089	2   3  19 
1087	6  32  24 
1091	2   8   0 
1089	6  35  28 
1093	2   1  16 
1093	2   6  27 
1091	6  46  44 
1095	2   8   0 
1091	6  18  11 
1095	6  34  20 
1097	2  44  36 
1097	2   1  16 
1099	2  44  36 
1099	2   8   0 
1095	6  28  21 
1097	6  11   5 
1101	2  44  36 
1101	2   1  16 
1101	2  34  32 
1097	6  48  47 
1103	2  39  18 
1103	2   0  21 
1105	2  39  18 
1105	2   0  21 
1103	6  43  36 
1107	2  39  18 
1107	2   0  21 
1109	2  24  11 
1109	2  48  27 
1109	6  15   1 
1111	2  24  11 
1111	2   6  20 
1113	2  24  11 
1113	2  48  27 
1109	6  45  36 
1115	2  38  24 
1115	2   6  20 
1115	6  28  15 
1117	2  38  24 
1117	2  48  27 
1119	2  38  24 
1119	2   6  20 
1115	6  43  42 
1115	6  11  10 
1119	6  47  40 
1121	2  15  10 
1121	2  36  28 
1123	2  15  10 
1123	2  36  28 
1121	6  45  31 
1125	2  15  10 
1125	2  36  28 
1121	6  19   5 
1125	6  41  40 
1127	2  31  18 
1129	2  31  18 
1127	6  15   9 
1131	2  31  18 
1127	6  36  35 
1127	6  20  13 
1131	6  47  46 
1133	2  30  18 
1135	2  30  18 
1133	6   9   3 
1137	2  31  40 
1133	6  13   5 
1137	6  22  15 
1139	2  31  40 
1139	2   3   4 
1141	2  31  40 
1141	2   3   4 
1137	6  44  36 
1143	2  37  22 
1143	2  26  11 
1143	6   9   2 
1145	2  37  22 
1145	2  26  11 
1147	2  30  18 
1143	6  47  39 
1149	2  23   9 
1149	2  44  46 
1149	6  33  18 
1151	2  37  22 
1151	2   3   4 
1153	2  23   9 
1153	2  44  46 
1153	6   5   4 
1155	2  40  33 
1155	2   9  14 
1155	2  29  37 
1157	2  24  39 
1157	2  29  37 
1155	6  20  19 
1159	2  31  45 
1159	2  40  33 
1159	2   9  14 
1159	6  36  29 
1161	2  18  17 
1161	2  34  32 
1161	2   4   3 
1163	2  24  39 
1163	2   4   3 
1161	6  15   9 
1165	2  31  45 
1165	2  18  17 
1165	2  40  33 
1165	2   4   3 
1167	2   9  12 
1167	2  44  46 
1167	6  25  24 
1169	2   9  12 
1169	2  36  37 
1171	2   9  12 
1167	6  41  33 
1171	6  44  35 
1173	2  26  11 
1173	2  15  14 
1175	2  25  39 
1175	2   6  12 
1173	6  48  41 
1177	2  29  24 
1177	2   6  12 
1175	6  14   0 
1179	2  29  24 
1179	2   6  12 
1177	6  46  44 
1181	2  29  24 
1177	6  33  26 
1181	6  13   5 
1183	2  10  26 
1183	2  48  46 
1183	2  14  29 
1185	2  10  26 
1185	2  48  46 
1185	2  14  29 
1183	6  44  43 
1187	2  34  32 
1187	2  18  17 
1187	2  14  29 
1187	6   5   2 
1189	2  44  47 
1189	2  34  27 
1191	2  44  47 
1191	2  34  27 
1189	6  22  15 
1193	2  44  47 
1193	2  34  27 
1189	6  18  17 
1189	6  35  28 
1193	6   9   1 
1195	2  31  45 
1197	2  33  45 
1193	6  12   4 
1195	6  28  14 
1199	2  10  26 
1199	2  48  46 
1199	6  37  30 
1201	2  15   2 
1201	2  26  32 
1201	2  46  48 
1203	2  15   2 
1203	2  41  25 
1199	6   6   5 
1201	6  35  28 
1205	2  15   2 
1205	2  33  45 
1207	2   1  14 
1207	2  24  36 
1207	2  46  48 
1207	6  27  13 
1209	2  43  22 
1209	2  46  48 
1211	2  21  16 
1211	6  47  38 
1213	2   1  14 
1215	2  21  16 
1213	6  19  11 
1217	2  24  36 
1217	2   1  14 
1217	6  47  34 
1219	2  23  11 
1221	2  23  11 
1219	6  44  35 
1223	2  20  34 
1219	6  14   7 
1219	6   2   1 
1223	6  23  17 
1225	2  20  34 
1227	2  20  34 
1225	6  38  36 
1229	2  17  11 
1225	6   7   1 
1229	6  41  27 
1231	2  14  35 
1231	2  11  17 
1233	2  14  35 
1233	2  11  17 
1229	6  13   6 
1231	6   3   2 
1235	2  14  35 
1235	2  41  40 
1235	2  19  31 
1237	2  37  35 
1237	2  26  32 
1237	2  41  40 
1237	2  11  17 
1237	6  14   2 
1239	2  37  35 
1239	2  27  25 
1239	2  41  40 
1239	2  12  11 
1241	2  37  35 
1241	2  26  32 
1241	2  40  47 
1241	2  12  11 
1243	2  18  30 
1243	2  40  47 
1243	6  13   5 
1245	2  28  23 
1245	2  33  45 
1247	2  43  22 
1247	2  27  25 
1247	2  40  47 
1245	6  10   3 
1249	2  19  31 
1249	6  35  14 
1251	2  24  38 
1251	2  12  11 
1253	2  19  31 
1249	6  48  40 
1255	2   2   5 
1255	2   7  14 
1255	2  28  23 
1255	6  39  32 
1257	2   2   5 
1257	2   7  14 
1257	2  28  23 
1259	2   2   5 
1259	2   7  14 
1259	6  36  23 
1261	2  26  13 
1263	2  26  13 
1261	6  14   8 
1265	2  18  30 
1267	2  23   9 
1267	2  26  13 
1267	6  42  36 
1269	2  23   9 
1271	2  23   9 
1267	6  21  14 
1269	6  20   5 
1273	2  23  21 
1261	6  46  40 
1267	6  40  39 
1273	6   8   2 
1275	2  23  21 
1277	2  23  21 
1273	6  40  33 
1273	6  37  36 
1275	6  20  11 
1279	2  43  22 
1279	6  48  40 
1281	2   5   3 
1281	2  14  16 
1281	2  43  29 
1283	2  11  23 
1281	6  27  20 
1285	2   5   3 
1285	2  21  35 
1285	2  31  44 
1287	2  11  23 
1287	6  33  26 
1289	2   5   3 
1289	2  22  24 
1291	2  11  23 
1287	6  45  42 
1291	6  14   8 
1293	2  18  30 
1295	2   5  26 
1295	2  38  30 
1297	2  25  11 
1297	2  28   7 
1297	6  40  34 
1299	2   1   3 
1299	2  21  35 
1299	2  38  30 
1301	2  17  19 
1301	2  43  29 
1301	6   3   2 
1303	2  17  19 
1303	2  28   7 
1305	2  22  24 
1305	6  20  12 
1307	2   1   2 
1307	2  31  44 
1307	2  21  35 
1309	2   1   2 
1309	2  43  29 
1309	6  39  31 
1311	2  12  10 
1311	2  28   7 
1313	2   3  18 
1313	2  29  43 
1313	6   7   1 
1315	2   4  16 
1315	2  39  44 
1317	2   5  26 
1317	2  38  30 
1315	6  42  35 
1319	2  25  11 
1319	2  46  39 
1319	6  23  15 
1321	2  12  10 
1321	2  38  33 
1323	2   3  18 
1323	2  28  44 
1325	2  23  32 
1325	2  12  10 
1325	6  36  28 
1327	2  23  32 
1329	2  23  32 
1327	6  10   2 
1331	2  28  14 
1331	2  46  39 
1327	6  13  12 
1331	6  30  24 
1333	2  28  14 
1333	2  46  39 
1335	2  28  14 
1333	6  26  20 
1337	2  14  23 
1337	2  36  44 
1339	2  15  28 
1339	2   5  20 
1339	6  32  24 
1341	2  15  28 
1343	2  15  28 
1339	6  43  37 
1341	6  20   5 
1345	2   8  24 
1345	2  29  37 
1347	2  14  23 
1347	2  26  32 
1347	2  36  44 
1347	6   5   2 
1349	2  14  23 
1349	2  26  32 
1351	2  22  30 
1351	2  26  32 
1349	6  46  44 
1353	2   8  24 
1349	6  35  28 
1355	2   4  16 
1355	2  38  33 
1355	6  36  29 
1357	2  25  11 
1359	2  17  19 
1357	6  15  14 
1361	2   3  18 
1361	2  36  37 
1363	2   8  24 
1363	2  29  36 
1363	6  11   3 
1365	2  21  30 
1365	2  25  27 
1367	2  28   7 
1367	2  17  24 
1367	2  38  33 
1369	2   4  16 
1369	2  29  36 
1369	6  26  20 
1371	2   2   8 
1371	2  21  30 
1373	2  23  15 
1373	2   3   4 
1373	2  29  36 
1373	6  44  38 
1375	2  19  11 
1375	2   2   8 
1375	2  17  24 
1377	2  18  34 
1377	2  28   7 
1379	2  31  10 
1379	6  43  36 
1381	2  31  10 
1383	2  23  15 
1383	2  25  27 
1383	2   3   4 
1385	2  19  11 
1385	2   2   8 
1385	2  21  30 
1385	6  43  42 
1387	2  18  34 
1387	2  23  15 
1389	2  31  10 
1391	2  28   7 
1391	2  25  27 
1391	2   3   4 
1391	6  23  16 
1393	2  19  11 
1395	2  11   3 
1391	6  38  37 
1393	6  35  21 
1397	2  17  24 
1397	2  11   3 
1395	6  32  26 
1399	2  28  30 
1399	2  15  10 
1401	2  18  34 
1401	2  28  30 
1399	6  44  43 
1403	2  33  34 
1403	2  18  17 
1403	2  28  30 
1401	6  15   9 
1405	2  33  34 
1405	2  18  17 
1393	6   1   0 
1403	6  48  46 
1407	2  15  36 
1407	2  33  34 
1407	2  11   3 
1409	2  15  36 
1407	6  31  24 
1411	2  15  36 
1409	6  41  26 
1413	2   1  15 
1409	6  46  39 
1409	6  11   3 
1413	6  44  30 
1415	2   1  15 
1415	2  18  17 
1417	2   1  15 
1415	6  46  40 
1419	2  23  30 
1419	2   9  10 
1415	6  12   4 
1419	6  44  36 
1421	2  23  30 
1421	2   9  10 
1423	2  23  30 
1419	6  21  15 
1421	6  27   6 
1425	2  44  46 
1425	2  31  30 
1423	6   3   1 
1427	2  44  46 
1427	2  25  23 
1427	6  34  27 
1429	2  44  46 
1429	2  31  30 
1431	2  45  44 
1431	2  25  23 
1425	6  28  21 
1429	6  12   3 
1433	2  46  34 
1433	2  31  30 
1429	6   7   1 
1431	6  36  28 
1435	2  26  12 
1435	2  45  44 
1435	2  31  17 
1435	6  15   8 
1437	2  39  36 
1439	2  39  36 
1437	6  18   5 
1441	2  46  34 
1441	6  29  15 
1443	2  26  12 
1443	2  45  44 
1445	2  26  12 
1441	6   2   0 
1443	6  41  40 
1447	2  13  12 
1447	2  37  29 
1447	2   7  15 
1447	6  26  24 
1449	2  44  47 
1449	2  13  12 
1449	2   7  15 
1451	2  44  47 
1451	2  13  12 
1451	2   7  15 
1447	6   4   3 
1453	2  39  36 
1453	2   3   8 
1453	6  27  19 
1455	2   3   8 
1455	2  44  47 
1457	2   3   8 
1457	2  40  47 
1457	2  45  44 
1453	6  24  23 
1457	6  36  29 
1459	2  46  34 
1459	2  25  24 
1461	2  46  34 
1461	2  25  19 
1459	6  14   9 
1463	2  46  34 
1463	2  37  36 
1463	2  25  19 
1465	2  23   9 
1465	2  46  34 
1465	2  37  36 
1465	2  25  19 
1465	6  21  14 
1467	2  23   9 
1467	2  40  47 
1467	2  45  44 
1469	2  23   9 
1469	2  40  47 
1469	2  45  44 
1467	6  26  13 
1471	2  31  17 
1467	6  36  35 
1471	6   8   2 
1473	2  31  17 
1471	6  48  41 
1471	6  46  45 
1473	6  33  27 
1473	6  12   4 
1473	6  35  21 
1475	6  30  17 
1479	2   2   4 
1477	6  45  44 
1481	2   2   4 
1479	6  40  26 
1483	2   2   4 
1483	2  35  44 
1481	6  30  22 
1485	2  17  11 
1485	2  35  44 
1485	6  46  40 
1487	2  17  11 
1487	2  35  44 
1489	2  17  11 
1485	6  27  13 
1485	6   3   2 
1487	6  22  21 
1491	2  46  43 
1491	2  26  10 
1493	2  32  30 
1493	6  12   9 
1495	2  32  30 
1497	2  32  30 
1493	6  45  43 
1493	6  41  34 
1499	2  20  12 
1499	2  23   9 
1499	2  33  38 
1501	2  30  16 
1501	2  20  12 
1501	2  46  45 
1501	6  34  25 
1503	2  30  16 
1503	2  20  12 
1503	2  46  45 
1505	2  30  16 
1505	2  47  45 
1499	6  35  28 
1501	6   4   3 
1505	6  43  35 
1507	2  23   9 
1507	2  33  38 
1507	2   4  13 
1509	2  23   9 
1509	2  33  38 
1509	2   4  13 
1511	2  43  46 
1511	2  26  10 
1511	6  23  22 
1513	2  43  46 
1513	2   4  13 
1515	2  47  45 
1515	2  26  10 
1517	2  43  46 
1517	2  22   7 
1517	2  10   4 
1517	6  34  20 
1519	2  47  45 
1519	2  22   7 
1519	2  10   4 
1521	2  22   7 
1521	2  10   4 
1517	6  25  18 
1519	6  43  35 
1523	2  18   2 
1523	2  40  34 
1523	6  31  23 
1525	2  18   2 
1525	2  40  34 
1525	2  35  21 
1527	2  18   2 
1527	2  40  34 
1527	2  35  21 
1529	2  31  33 
1529	2  35  21 
1529	6  18  16 
1531	2  31  33 
1533	2  31  33 
1521	6  46  45 
1529	6   3   1 
1531	6  42  28 
1535	2   5  18 
1535	6  41  38 
1537	2  16  14 
1539	2  16  14 
1535	6   2   1 
1537	6  19  11 
1541	2  38  36 
1541	2  16  14 
1541	6  47  33 
1543	2  38  36 
1543	2   5  18 
1545	2  38  36 
1545	2   5  18 
1543	6  14   1 
1547	2  36  30 
1547	2  18  33 
1547	6  20  13 
1549	2  14  28 
1549	2  18  33 
1551	2  36  30 
1551	2  18  33 
1547	6   4   3 
1551	6  15   9 
1553	2  36  30 
1553	2  33  20 
1555	2  31  19 
1557	2  14  28 
1557	2  11   9 
1557	2  33  20 
1557	6  38  24 
1559	2  14  28 
1559	2  11   9 
1559	2  33  20 
1561	2  11   9 
1561	6  34  26 
1563	2  15  24 
1565	2  15  24 
1561	6  36  29 
1563	6  45  38 
1567	2  15  24 
1563	6  12   4 
1569	2  17  26 
1569	6  22   8 
1571	2  17  26 
1573	2  17  26 
1569	6  39  37 
1569	6   6   4 
1575	2  37  22 
1575	2  10  26 
1575	6   7   0 
1577	2  37  22 
1577	2  10  26 
1579	2  37  22 
1579	2  10  26 
1581	2  22   7 
1581	6  38  25 
1583	2  22   7 
1585	2  22   7 
1575	6  48  47 
1581	6  10   4 
1581	6  43  35 
1581	6  34  27 
1587	2  36  38 
1587	2  16  25 
1587	6  40  34 
1589	2  36  38 
1589	2  16  25 
1591	2  36  38 
1591	2  16  25 
1587	6  13   5 
1587	6  14   7 
1587	6   3   2 
1593	2  38  40 
1593	2  35  14 
1593	6  25  12 
1595	2  38  40 
1595	2  35  14 
1597	2  38  40 
1597	2  35  14 
1593	6  10   2 
1599	2  25  32 
1599	2  23  28 
1599	6  47  44 
1601	2  25  32 
1601	2  23  28 
1603	2  25  32 
1603	2  23  28 
1599	6  12   6 
1599	6   7   2 
1599	6  34  27 
1605	2  36  44 
1605	2  39  32 
1605	2  23  10 
1605	2  28  21 
1605	6  27  13 
1607	2  36  44 
1607	2  39  32 
1607	2  23  10 
1607	2  28  21 
1609	2  36  44 
1609	2  39  32 
1609	2  23  10 
1609	2  28  21 
1605	6  47  41 
1605	6   8   7 
1611	2  40  45 
1611	2  15  29 
1611	6  13  11 
1613	2  44  47 
1615	2  40  45 
1615	2  15  29 
1617	2  25  12 
1617	2  44  47 
1617	6  14   9 
1619	2  25  12 
1619	2  44  47 
1621	2  40  45 
1617	6  35  28 
1623	2  25  12 
1623	2  28  30 
1623	6  16   8 
1625	2  32  41 
1627	2  34  39 
1627	2  28  30 
1623	6  43  42 
1625	6   5   3 
1629	2  27  40 
1629	2  28  30 
1629	6  45  43 
1631	2  11   9 
1631	2  32  41 
1631	2  28  14 
1633	2  27  40 
1633	2  11   9 
1633	2  28  14 
1635	2  37  16 
1635	2  27  40 
1637	2  37  16 
1637	6  26  12 
1639	2  37  16 
1641	2  36  37 
1641	2  22  16 
1637	6  48  40 
1641	6  46  45 
1643	2  36  37 
1643	2  22  16 
1643	2  32  41 
1645	2  36  37 
1645	2  22  16 
1645	2  27  18 
1641	6   3   2 
1647	2  37  40 
1647	2   2  16 
1643	6   6   5 
1649	2  24   3 
1649	2  45  36 
1649	6  20   6 
1651	2  43  22 
1651	2  41  32 
1653	2  37  40 
1653	2   2  16 
1655	2  34  39 
1655	2  43  22 
1655	2  12  10 
1657	2  24   3 
1657	2  45  36 
1657	6  27  13 
1659	2   2  16 
1659	2  45  36 
1661	2  24   3 
1661	2  28  14 
1661	6  46  40 
1663	2  31  19 
1665	2  11   9 
1665	2  36  30 
1665	6  25  24 
1667	2  37  46 
1667	2  12  10 
1669	2  34  39 
1669	2  15  29 
1669	2  12  10 
1671	2  40  26 
1671	2  43  22 
1671	6  10   5 
1673	2  40  26 
1673	2  36  30 
1675	2  40  26 
1675	2  36  30 
1677	2  31  19 
1677	2  48  40 
1677	2  15   2 
1679	2  29  17 
1679	2  48  40 
1679	6  46  45 
1681	2  27  19 
1681	2  31  22 
1681	2  48  40 
1683	2  29  17 
1683	6  33  20 
1685	2  15   2 
1687	2  29  17 
1685	6  45  44 
1689	2  27  19 
1689	2  41  32 
1689	2  15   2 
1689	6  36  29 
1691	2  33  38 
1693	2  33  38 
1691	6  15   1 
1695	2  33  38 
1691	6  20  19 
1691	6  11   3 
1695	6  42  36 
1697	2  33  47 
1697	2  13  18 
1699	2  33  47 
1699	2  13  18 
1697	6  23  15 
1701	2  33  47 
1697	6   2   0 
1701	6  38  36 
1703	2  27  20 
1703	6  15   0 
1707	2  38  33 
1703	6   4   3 
1705	6  20  12 
1709	2  36  23 
1709	6  48  40 
1711	2  36  23 
1713	2  36  23 
1709	6  10   9 
1711	6  12   4 
1715	2  24  45 
1711	6  34  27 
1715	6  21   8 
1717	2  24  45 
1719	2  24  45 
1717	6  27  12 
1721	2  23   2 
1721	6  47  45 
1723	2  10  12 
1723	2  21  36 
1725	2  11  24 
1725	2  21  36 
1723	6  34  26 
1727	2  45  43 
1727	2  10  12 
1723	6   1   0 
1727	6  31  30 
1729	2  46  34 
1729	2  10  12 
1731	2  45  43 
1731	2  10   1 
1731	6  40  26 
1733	2  23   2 
1733	2  45  43 
1735	2  30  22 
1735	2  10   1 
1731	6  12   5 
1735	6  44  35 
1737	2  11  24 
1739	2  23   2 
1737	6  47  33 
1741	2  21  36 
1741	2  11  24 
1737	6  20   6 
1741	6   9   8 
1743	2  39  27 
1743	2  30  22 
1745	2  33  25 
1745	2  38  47 
1743	6   4   3 
1747	2  39  27 
1747	2  23  15 
1749	2  46  34 
1749	2  29  17 
1749	6  14   8 
1751	2  33  25 
1751	2  38  47 
1753	2  39  27 
1753	2  29  17 
1749	6   5   4 
1755	2  46  34 
1755	2  21   0 
1755	6  37  36 
1757	2  41  32 
1757	2  23  15 
1757	2  10   1 
1759	2  33  25 
1759	2  21   0 
1757	6  27  20 
1761	2  47  41 
1761	2  18  32 
1761	2  28   7 
1761	6   3   2 
1763	2  24  19 
1763	2  46  44 
1763	2  28   7 
1765	2  31  40 
1765	2  28   7 
1765	6  20   5 
1767	2  47  41 
1767	2  29  17 
1769	2  31  40 
1769	2  21   0 
1769	6  10   9 
1771	2  24  19 
1771	2  46  44 
1773	2  47  41 
1773	2  23  15 
1771	6  35  28 
1775	2  26  11 
1775	2  46  44 
1775	6   8   2 
1777	2  26  11 
1777	2  44  46 
1779	2  18  32 
1775	6  48  41 
1777	6  21  14 
1781	2  41  25 
1781	2   4   2 
1777	6  42  35 
1779	6  46  45 
1783	2  21  36 
1783	2  10   5 
1783	6  34  20 
1785	2  28  16 
1785	2  44  45 
1787	2  21  36 
1787	2   4   2 
1787	6  39  38 
1789	2  28  16 
1791	2  21  36 
1791	2  10   5 
1789	6  41  27 
1793	2  28  16 
1793	2  44  45 
1793	6  12  11 
1795	2  36  30 
1795	2  34  46 
1795	2  15   8 
1797	2  43  38 
1797	2  22  28 
1797	2  27  25 
1797	6   9   1 
1799	2  36  30 
1799	2  34  46 
1801	2  43  38 
1801	2  22  28 
1801	2  26  12 
1801	6  47  41 
1803	2  36  30 
1803	2  27  25 
1803	2   4   2 
1805	2  18  32 
1805	2  22  28 
1805	6  45  37 
1807	2  24  19 
1807	2  15   8 
1809	2  10   5 
1809	2  32  27 
1809	2  15   8 
1807	6  35  28 
1811	2  45  47 
1811	2  26  10 
1811	6  22  15 
1813	2  45  47 
1813	2  26  10 
1815	2  45  47 
1815	2  32  27 
1811	6   7   1 
1811	6   6   5 
1813	6  42  36 
1817	2  31  40 
1817	2  15   2 
1815	6  18  11 
1819	2  34  46 
1819	2  23  24 
1819	6  15   7 
1821	2  43  38 
1821	2  23  24 
1823	2  42  43 
1823	2  18  31 
1821	6   5   3 
1825	2  42  43 
1825	2  18  31 
1821	6  47  40 
1821	6  34  27 
1825	6   7   1 
1827	2  28  16 
1827	2  20   5 
1829	2  28  16 
1829	2  20   5 
1827	6  39  33 
1831	2  28  16 
1831	2  20   5 
1833	2  29  17 
1833	2   1   2 
1833	6  27  13 
1835	2  14  16 
1835	2  42  43 
1835	2   1   2 
1837	2  30  28 
1833	6  47  45 
1837	6  17  15 
1839	2  27  33 
1839	2  45  36 
1839	2  13  12 
1841	2  27  33 
1841	2  45  36 
1841	2  13  12 
1837	6   3   2 
1843	2  27  33 
1843	2   5  11 
1843	2  29  15 
1843	6  46  44 
1845	2   9  25 
1845	2  13  12 
1847	2  20   4 
1847	2  14  16 
1847	6  33  32 
1849	2  44  35 
1849	2  20   4 
1849	2  23  24 
1851	2  44  35 
1851	2   5  11 
1851	2  14  16 
1853	2  19  40 
1853	2  30  28 
1853	6   8   7 
1855	2  27  41 
1855	2  18  31 
1857	2  19  40 
1857	2  44  35 
1855	6  22  16 
1859	2  27  41 
1859	2  45  36 
1859	2   5  11 
1861	2   9  25 
1861	2  35  42 
1861	6  29  21 
1863	2  26  10 
1863	2  35  42 
1865	2   9  25 
1865	2  35  42 
1861	6  13   5 
1861	6  47  45 
1867	2  21  15 
1867	2  33  34 
1867	6  24  12 
1867	6  45  39 
1867	6   9   2 
1867	6  36  29 
1869	6  15  14 
1873	2  45  36 
1873	2  20   4 
1873	6  32  24 
1875	2  45  36 
1875	2  27  41 
1875	2   1   4 
1877	2  45  36 
1877	2   1   4 
1875	6  21  14 
1879	2  19  40 
1879	6  23   9 
1881	2  26  47 
1883	2  26  47 
1879	6  44  36 
1881	6  14   0 
1885	2  23  38 
1881	6   6   5 
1885	6  41  27 
1887	2  24   8 
1889	2  23  38 
1889	2   1   4 
1891	2  24   8 
1891	2  13  27 
1891	6  46  44 
1893	2  24   8 
1893	2  13  27 
1895	2   9  18 
1895	2  22  29 
1895	2  13  27 
1897	2  46  48 
1897	2  30  28 
1897	2  10  19 
1899	2  46  48 
1899	2  31  30 
1899	2   9  18 
1897	6  44  43 
1901	2  46  48 
1901	2  22  29 
1901	2  10  19 
1897	6  34  33 
1903	2  23  38 
1903	6  20   4 
1905	2  46  38 
1905	2  22  29 
1907	2  37  21 
1903	6  33  25 
1909	2   4   2 
1909	2  44  32 
1909	6  22  14 
1911	2   4   2 
1911	2  46  38 
1913	2  31  30 
1913	2  26  47 
1913	2   4   2 
1909	6  35  28 
1915	2  24  22 
1915	2  46  38 
1915	2  26  20 
1915	6   9   4 
1917	2  24  22 
1917	2  26  20 
1919	2  37  21 
1919	2  26  20 
1915	6  41  34 
1921	2  44  32 
1921	2  14   1 
1921	6  12  10 
1923	2  31  30 
1923	2  14   1 
1925	2  37  21 
1921	6  48  47 
1923	6  34  33 
1927	2   8  10 
1927	2  12  19 
1927	6  37  23 
1929	2   8  10 
1929	2  26  20 
1931	2   4  18 
1931	2  14   1 
1927	6  47  46 
1927	6  42  35 
1931	6  27  13 
1933	2  24  22 
1935	2   8  10 
1935	2  23  24 
1933	6  46  43 
1937	2  18  13 
1937	6  14   2 
1939	2  37  40 
1939	2  18  13 
1941	2  43  42 
1941	2  23  24 
1941	2  26  20 
1941	6  40  38 
1943	2  43  42 
1943	2  18  13 
1945	2  43  42 
1945	2  23  24 
1945	2  26  20 
1943	6  28  14 
1947	2  37  38 
1947	2  10  13 
1949	2  37  38 
1949	2  28  42 
1949	2  10  13 
1951	2  44  32 
1951	2  10  13 
1951	6  29  22 
1953	2  40  19 
1955	2  40  19 
1953	6  10   3 
1957	2  28  42 
1957	2  40  19 
1953	6   7   1 
1957	6  37  30 
1959	2  10  25 
1959	2  28  42 
1961	2  10  25 
1959	6  12   5 
1963	2  10  25 
1959	6  46  45 
1959	6  27  20 
1959	6  15   8 
1963	6  43  37 
1965	2  22   9 
1967	2  22   9 
1965	6  33  12 
1969	2  22   9 
1971	2  46  33 
1971	2  23   7 
1971	6  12   3 
1973	2  46  33 
1973	2  23   7 
1975	2  46  33 
1975	2  23   7 
1977	2   3   8 
1977	2  46  34 
1977	6  36  24 
1979	2  33  41 
1979	2   3   8 
1981	2  46  34 
1981	2   3   8 
1977	6  13   5 
1983	2  24  11 
1983	2  33  41 
1983	6  29  15 
1985	2  24  11 
1985	2  46  34 
1987	2  24  11 
1987	2  33  41 
1987	6  20  13 
1989	2  38  29 
1989	2  15   8 
1991	2  37  25 
1991	2  15   8 
1989	6  10   4 
1993	2  20  41 
1993	2  38  29 
1993	2  15   8 
1995	2  31  34 
1995	2   4  13 
1995	2  22  15 
1995	6  36  35 
1997	2  32  33 
1997	2   4  13 
1997	2  22  15 
1999	2  20  41 
1999	2  22  15 
1997	6  30  24 
2001	2  32  33 
2001	2   4  13 
2001	2  15   7 
1997	6  45  44 
2003	2  36  30 
2003	2  20  41 
2003	2  15   7 
2003	6  24  17 
2005	2  36  30 
2005	2  32  33 
2005	2   4  20 
2005	2  15   7 
2007	2  36  30 
2007	2   4  20 
2007	6  15   0 
2009	2  10  17 
2011	2  10  17 
2007	6  47  40 
2009	6  44  30 
2013	2  10  17 
2009	6  19   6 
2013	6  40  32 
2015	2  16  30 
2015	2   4  20 
2017	2  16  30 
2017	2  12   4 
2019	2  39  24 
2019	2  12   4 
2019	6  34  26 
2021	2  39  24 
2021	2  12   4 
2023	2  39  24 
2019	6   8   1 
2013	6  21  14 
2015	6  43  35 
2021	2  43  44 
2023	2  43  44 
2023	6  12   3 
2025	2  16  30 
2025	2  43  44 
2027	2  38  29 
2025	6  48  40 
2029	2   8  24 
2029	2  29  28 
2029	6  27  12 
2031	2   8  24 
2031	2  29  28 
2033	2   8  24 
2033	2  29  28 
2031	6  46  40 
2035	2  21  24 
2035	6   4   2 
2037	2  32  27 
2037	2  18  17 
2039	2  32  27 
2039	2  18  17 
2037	6  35  14 
2041	2  31  26 
2037	6  48  47 
2041	6  13  11 
2043	2   8  14 
2043	2  31  26 
2045	2   8  14 
2043	6  41  40 
2047	2  21  24 
2043	6  46  45 
2047	6  20   4 
2049	2  21  24 
2051	2   8  14 
2049	6  47  46 
2053	2  37  25 
2053	6   9   4 
2055	2  32  27 
2057	2  37  25 
2053	6  22  14 
2057	6  41  34 
2059	2  25  31 
2059	2   9  14 
2061	2  26  20 
2061	2  18  17 
2059	6  46  44 
2063	2  13  34 
2063	2   9  14 
2063	6  30  24 
2065	2  13  34 
2065	2   9  14 
2067	2  13  34 
2067	2   2  14 
2065	6  44  35 
2069	2  19  24 
2069	2  34  48 
2069	2   2  14 
2071	2  19  24 
2071	2  34  48 
2071	2   2  14 
2071	6  39  37 
2073	2  19  24 
2073	2  34  48 
2075	2  27  19 
2073	6  22  21 
2077	2  39  32 
2077	2  26  20 
2077	2  17   5 
2077	6  37  30 
2079	2  21  35 
2079	2  27  19 
2079	2  39  32 
2081	2  11   8 
2081	2  39  32 
2083	2  15  30 
2083	2  26  20 
2083	6  17  10 
2085	2  15  30 
2085	2  27  19 
2087	2  15  30 
2083	6  47  46 
2083	6   2   1 
2083	6  44  43 
2083	6   5   4 
2087	6  33  20 
2089	2  21  35 
2089	2  10   4 
2091	2  21  35 
2091	2  10   4 
2089	6  46  44 
2093	2  20   5 
2093	2  25  31 
2093	2  21  28 
2093	6   9   2 
2095	2  44  30 
2095	2  20   5 
2095	2  21  28 
2097	2  44  30 
2097	2  20   5 
2097	2  21  28 
2095	6  40  32 
2099	2  44  30 
2099	2  11   8 
2099	6  34  27 
2101	2  37  30 
2101	2  32  17 
2103	2  38  22 
2101	6   4   2 
2105	2  37  30 
2105	2  32  17 
2105	6  21  15 
2107	2  37  30 
2107	2  32  17 
2109	2  25  31 
2109	2  12  27 
2101	6  43  42 
2105	6  47  41 
2109	6  42  36 
2111	2  11   8 
2111	2  40  32 
2113	2  39  26 
2113	6  17  15 
2115	2  12  27 
2115	2  40  32 
2117	2  39  26 
2115	6  44  42 
2119	2  11  18 
2119	2  40  32 
2117	6  13   5 
2121	2  21  36 
2121	2  11  18 
2119	6   9   8 
2123	2  21  36 
2123	2  25  13 
2125	2  21  36 
2125	2  25  13 
2125	6  10   4 
2127	2  44  36 
2127	2  25  13 
2129	2  44  36 
2129	2  39  26 
2125	6   8   7 
2129	6  13  12 
2131	2  38  22 
2131	2  25  26 
2133	2  44  36 
2133	2  25  26 
2133	6  21   8 
2135	2  47  44 
2135	2  13  27 
2135	2  11  18 
2137	2  47  44 
2137	2  25  26 
2137	6   5   3 
2139	2  38  22 
2141	2  24  36 
2139	6  27  20 
2143	2   8   3 
2143	2  24  36 
2141	6  45  39 
2145	2   8   3 
2145	2  24  36 
2147	2   8   3 
2147	2  33  38 
2147	6  42  28 
2149	2  33  38 
2151	2  33  38 
2149	6  12   9 
2153	2  47  44 
2155	2   7  28 
2155	6  32  11 
2157	2   7  28 
2159	2   7  28 
2155	6  48  47 
2155	6  44  43 
2161	2  35  23 
2161	2  11  10 
2161	6  47  45 
2163	2  35  23 
2163	2  11  10 
2165	2  35  23 
2165	2  11  10 
2161	6  33  27 
2161	6   2   1 
2161	6  14   7 
2167	2  30  33 
2167	2   2  11 
2167	6  43  42 
2169	2  30  33 
2169	2   2  11 
2171	2  30  33 
2171	2   2  11 
2167	6  15  14 
2173	2  42  21 
2173	2  24   9 
2173	6  19  11 
2175	2  43  30 
2177	2  38  35 
2175	6   8   7 
2179	2  18  23 
2179	6  45  43 
2181	2  20  17 
2183	2  18  23 
2183	6  27  13 
2185	2  43  28 
2185	2  24   9 
2187	2  43  28 
2187	2  24   9 
2189	2  43  28 
2189	2  20  17 
2189	6  39  32 
2191	2  42  21 
2191	2   9   8 
2193	2  42  21 
2193	2   9   8 
2191	6  19   6 
2195	2  36  39 
2195	2   9   8 
2195	6  21  14 
2197	2  36  39 
2199	2  45  30 
2199	2  10  26 
2199	6  48  41 
2201	2  16  32 
2203	2  16  32 
2201	6  44  35 
2205	2  16  32 
2201	6  20  12 
2207	2  19  32 
2207	6  28  16 
2209	2  19  32 
2211	2  19  32 
2207	6  45  44 
2213	2  28  35 
2213	2  32  34 
2213	2  19  20 
2213	6  17   3 
2215	2  28  35 
2215	2  32  34 
2215	2  19  20 
2217	2  28  35 
2217	2  32  34 
2217	2  19  20 
2213	6  22  15 
2219	2  21  37 
2219	2  41  20 
2219	6   9   1 
2221	2  28  29 
2221	2  13  34 
2221	2  38  45 
2223	2  21  37 
2223	2  41  20 
2225	2  31  17 
2225	2  28  29 
2225	2  13  34 
2225	6  14   7 
2227	2  31  17 
2227	2  28  29 
2227	2  41  20 
2229	2  31  17 
2229	2  13  34 
2219	6   4   3 
2225	6   3   2 
2229	6  35  29 
2231	2  17  19 
2231	2  38  45 
2233	2  17  19 
2231	6  15   8 
2235	2  36  39 
2235	2  17  19 
2231	6   5   4 
2237	2  14  29 
2237	2  12   5 
2237	6  48  27 
2239	2  14  29 
2241	2  14  29 
2237	6  24  16 
2239	6   4   3 
2243	2  21  37 
2243	6  20   6 
2245	2  14   2 
2245	2  33  24 
2247	2  21  28 
2247	2  33  24 
2245	6  45  37 
2249	2  11   8 
2249	2  21  28 
2249	6  27  20 
2251	2  11   8 
2251	2  47  45 
2251	2  21  28 
2253	2  11   8 
2253	2  47  45 
2255	2   8   0 
2255	2  11  20 
2255	2  44  30 
2255	6  32  25 
2257	2  14   2 
2257	2  47  45 
2259	2   8   0 
2259	2  11  20 
2259	6  48  45 
2261	2  25   9 
2263	2  25   9 
2257	6  36  35 
2261	6   6   5 
2265	2  43  45 
2265	2  14   2 
2265	2  33  24 
2267	2  43  45 
2267	2  18  23 
2267	2   8   0 
2267	6   5   4 
2269	2  25   9 
2269	2  43  45 
2271	2  32  38 
2271	2  16   0 
2269	6  29  28 
2273	2  11  20 
2273	2  32  38 
2271	6  43  42 
2275	2  31  19 
2271	6  47  46 
2273	6   8   2 
2277	2  34  18 
2275	6  28  22 
2279	2   4   9 
2279	2  32  38 
2279	6  41  27 
2281	2  23  44 
2283	2  16   0 
2281	6  35  28 
2285	2  33  17 
2281	6  13   5 
2283	6  38  37 
2287	2  10  26 
2285	6  22  14 
2289	2  46  43 
2289	2   4   9 
2291	2  24  39 
2291	6  14   2 
2293	2  31  19 
2295	2  46  43 
2295	6  27  18 
2297	2   3   2 
2297	2  46  43 
2299	2   3   2 
2295	6  30  23 
2297	6   8   7 
2301	2   3   2 
2301	2  34  27 
2301	2  30  44 
2297	6  28  21 
2299	6  47  46 
2303	2   3   8 
2303	2  31  19 
2303	6  44  36 
2305	2   3   8 
2305	2  24  39 
2305	2  34  27 
2307	2  33  17 
2307	6  21   7 
2309	2  10  26 
2309	2  30  36 
2311	2  33  17 
2309	6  45  44 
2313	2  16   0 
2313	2  26  34 
2311	6  42  35 
2315	2  40  45 
2315	2   3   8 
2313	6  29  21 
2317	2  40  45 
2317	2   4   9 
2315	6  31  25 
2319	2  40  45 
2317	6   7   0 
2321	2  44  29 
2321	2  19  17 
2319	6   5   4 
2323	2  44  29 
2323	2  26  34 
2323	6   2   0 
2325	2  44  29 
2325	2  19  17 
2327	2  24  39 
2327	2  43  29 
2327	2  26  34 
2323	6  15  14 
2329	2   4   2 
2329	2  25  24 
2329	2  39  41 
2329	2  43  29 
2331	2   4   2 
2331	2  25  24 
2331	2  39  41 
2331	2  43  29 
2333	2   4   2 
2333	2  25  24 
2333	2  39  41 
2329	6  16  15 
2333	6  43  28 
2335	2  19  17 
2335	6  40  38 
2335	6  15   7 
2337	6  25  20 
2337	6  11  10 
2339	6  28  21 
2343	2  23  25 
2343	2  38  43 
2341	6  40  34 
2345	2  23  25 
2345	2  38  43 
2343	6  20   5 
2347	2  31  28 
2343	6  10   9 
2347	6  44  43 
2349	2  31  28 
2351	2  23  25 
2349	6  34  20 
2353	2  31  28 
2341	6   1   0 
2349	6   4   1 
2355	2  20  12 
2355	2  38  44 
2355	2   8  21 
2355	6  33  24 
2357	2  20  12 
2357	2   8  21 
2359	2  20  12 
2359	2   8  21 
2357	6  45  42 
2361	2  24  23 
2361	2  20   4 
2361	6  21  15 
2363	2  46  45 
2363	2  30  25 
2365	2  46  45 
2365	2  34  32 
2363	6  12   6 
2367	2  46  45 
2367	2  30  25 
2363	6  43  42 
2363	6  10   3 
2367	6  15  14 
2369	2  46  45 
2369	2  34  32 
2371	2  46  45 
2371	2  24  23 
2371	2  20   4 
2369	6  37  29 
2373	2  46  45 
2373	2  34  32 
2373	6  11   8 
2375	2  45  48 
2375	2  24  23 
2377	2  45  48 
2375	6  28  21 
2379	2  45  48 
2379	2  20   4 
2375	6  33  32 
2379	6  23  16 
2381	2  28  42 
2383	2  28  42 
2381	6  41  38 
2385	2   8  21 
2381	6  18  10 
2381	6   6   5 
2387	2  22  10 
2387	2  27  41 
2387	6  45  32 
2389	2  22  10 
2389	2  27  41 
2391	2  22  10 
2391	2  27  41 
2393	2  31  47 
2393	2   8  21 
2393	6  11   5 
2395	2  15  29 
2395	2  33  27 
2397	2  31  47 
2397	2   8  21 
2399	2  18  32 
2399	2  15  29 
2401	2  18  32 
2401	2  15  29 
2403	2  31  47 
2403	2  28  42 
2399	6   3   2 
2403	6  20  12 
2405	2  30  25 
2407	2  42  45 
2405	6  14   2 
2409	2  18  32 
2407	6  30  23 
2411	2  33  27 
2411	2  42  45 
2405	6  48  41 
2411	6  11   8 
2413	2  43  30 
2413	2  33  27 
2415	2  43  30 
2413	6  46  39 
2417	2  43  30 
2413	6  28  21 
2415	6  41  33 
2419	2   8  22 
2419	2  42  45 
2415	6  27  20 
2417	6  18  10 
2421	2  39  27 
2421	2   8  22 
2421	6  36  35 
2423	2  39  27 
2423	2   8  22 
2425	2  39  27 
2425	2   8  15 
2417	6   6   5 
2423	6  17   4 
2427	2  14  35 
2427	6  27  13 
2429	2  14  35 
2429	2  25  31 
2431	2  14  35 
2431	2  25  31 
2427	6  47  45 
2427	6   2   1 
2433	2  33  30 
2433	2   8  15 
2433	6  13   4 
2435	2  33  30 
2435	2   8  15 
2437	2  33  30 
2433	6  42  35 
2437	6  14   1 
2439	2  33  32 
2439	2  45  42 
2441	2  24  11 
2441	2  45  42 
2441	6  34  20 
2443	2   4   2 
2443	2  25  31 
2445	2   4   2 
2445	2  45  42 
2443	6  22   7 
2447	2   4   2 
2447	2  33  32 
2447	6  45  42 
2449	2  16   4 
2449	2  33  32 
2451	2  16   4 
2451	2  33  26 
2447	6  20  13 
2453	2  29  17 
2453	2  33  26 
2453	6  44  38 
2455	2  29  17 
2455	2  33  26 
2457	2  24  11 
2453	6  13   6 
2457	6  21   8 
2459	2  24  11 
2461	2  25  31 
2457	6  47  34 
2459	6  44  43 
2463	2   8  10 
2463	2  25  31 
2461	6  13  12 
2465	2  28  43 
2465	2   8  10 
2465	2  25  31 
2463	6  40  27 
2467	2  28  43 
2467	2  16   4 
2467	6  38  31 
2469	2  28  43 
2469	2   8  10 
2469	6  25  19 
2473	2  45  47 
2469	6  34  27 
2471	6   4   2 
2475	2  25  37 
2471	6  15   7 
2475	6  46  40 
2477	2  18  31 
2477	2   8   2 
2479	2  18  31 
2479	2   8   2 
2477	6  36  22 
2481	2  18  31 
2481	2   8   2 
2477	6   5   4 
2477	6  34  27 
2483	2  22   9 
2483	2  44  46 
2483	2   5   6 
2483	6  33  20 
2485	2  22   9 
2485	2  44  46 
2485	2   5   6 
2487	2  22   9 
2487	2  44  46 
2487	2   5   6 
2483	6  18  11 
2483	6   7   0 
2489	2  36  39 
2489	2   7   9 
2489	6  27  18 
2491	2  36  39 
2491	2   7   9 
2493	2  36  39 
2493	2   7   9 
2489	6   6   5 
2495	2  15  31 
2495	2  36  44 
2495	6  19   5 
2497	2  33  39 
2497	2  36  44 
2499	2  46  48 
2499	2  36  44 
2495	6   3   2 
2497	6  22  15 
2501	2  33  39 
2501	2  19  10 
2497	6  31  24 
2501	6  36  28 
2503	2   2  15 
2503	2  46  48 
2505	2   2  15 
2505	2  33  39 
2503	6  13   5 
2507	2   2  15 
2507	2  25  37 
2509	2   1   4 
2509	2  22  24 
2509	2  46  48 
2509	6  43  42 
2511	2  18  30 
2513	2  23   2 
2513	2  41  39 
2515	2   1   4 
2515	2  22  24 
2515	2  27  48 
2515	6  44  43 
2517	2  23   2 
2517	2  41  39 
2519	2   1   4 
2519	2  27  48 
2519	6  24  17 
2521	2  28  14 
2521	2  34  46 
2523	2  35  22 
2523	2  45  47 
2521	6   9   3 
2525	2  18  30 
2523	6  33  27 
2527	2  29  24 
2527	2  45  47 
2527	6  12   3 
2529	2  29  31 
2531	2  29  31 
2527	6   7   1 
2529	6  48  34 
2533	2  18  30 
2533	6  15   9 
2535	2  25  37 
2537	2  24  37 
2537	2  48  46 
2537	2  33  34 
2535	6  20  12 
2539	2  23   2 
2539	2  41  39 
2541	2  16   3 
2541	2  36  30 
2541	2  32  25 
2541	2  48  46 
2541	6  21   7 
2543	2  17   2 
2543	2  36  30 
2545	2  24  37 
2541	6  27  20 
2543	6  39  33 
2547	2  42  21 
2547	2  17   2 
2543	6  12   4 
2549	2  40  27 
2549	2  16   3 
2549	2  29  31 
2549	6  45  44 
2551	2  40  27 
2551	2  28  14 
2551	2  17   2 
2553	2  40  27 
2553	2  35  22 
2553	6  11   9 
2555	2  42  21 
2555	2  32  25 
2557	2  24  37 
2557	2  28  14 
2555	6  27  20 
2559	2   1   9 
2559	2   5  11 
2559	2  42  21 
2559	2  32  25 
2559	6  46  38 
2561	2   1   9 
2561	2   5  11 
2561	2  35  22 
2563	2   1   9 
2563	2   5  11 
2563	2  42  35 
2563	2  15  14 
2561	6  27  25 
2565	2  16   3 
2565	2  36  30 
2565	6  45  39 
2567	2  25  23 
2567	2  42  35 
2569	2  25  23 
2569	2  42  35 
2565	6   6   5 
2567	6   7   2 
2571	2  25  23 
2571	2  45  36 
2571	6  20  12 
2573	2  31  32 
2573	2   3  17 
2573	2  45  36 
2573	2  15  14 
2575	2  31  32 
2575	2   3  17 
2575	2  45  36 
2575	2  15  14 
2577	2  11   2 
2577	2  27  41 
2577	2  31  32 
2577	6  44  28 
2579	2  11   2 
2579	2  27  41 
2581	2  19  10 
2581	6  39  33 
2583	2  11   2 
2585	2  19  10 
2585	2   7  28 
2587	2  33  20 
2587	2   9  10 
2587	2  38  44 
2587	6  23  21 
2589	2  33  20 
2589	2   8   2 
2589	2  38  44 
2591	2  33  20 
2591	2   9  10 
2591	2  38  44 
2587	6   5   4 
2593	2   1   4 
2593	2  27  41 
2593	6  43  31 
2595	2   1   4 
2597	2   1   4 
2595	6  48  27 
2599	2   7  28 
2599	2   3  17 
2599	6  12   5 
2601	2  46  25 
2601	2   8   2 
2603	2  27  20 
2603	2   7  28 
2603	2  17  32 
2605	2  34  19 
2605	2   9  10 
2605	2  35  28 
2605	6  30  24 
2607	2  34  19 
2607	2   8   2 
2607	2  35  28 
2609	2  27  20 
2609	2   7   8 
2609	2   2  10 
2609	2  35  28 
2605	6  46  39 
2605	6   5   4 
2611	2  24  26 
2611	2   7   8 
2611	2   2  10 
2611	6  45  42 
2613	2  24  26 
2613	2   7   8 
2613	2   2  10 
2615	2  34  19 
2615	6  22   9 
2617	2  39  25 
2617	2  27  20 
2619	2  39  25 
2617	6  11   5 
2621	2  24  26 
2621	6   2   0 
2623	2  22  36 
2623	2  27  39 
2625	2  22  36 
2625	2  17  32 
2625	6  41  27 
2627	2   4   2 
2627	2  22  36 
2627	2  17  32 
2629	2   4   2 
2625	6  13   6 
2625	6  46  45 
2629	6  32  23 
2631	2   4   2 
2631	2  27  19 
2633	2  27  19 
2629	6  35  28 
2631	6  47  41 
2635	2   9  12 
2635	2  33  32 
2635	6  29  22 
2637	2   9  12 
2637	2  33  32 
2639	2   9  12 
2639	2  33  32 
2641	2   9  15 
2641	2  46  34 
2641	6  37  29 
2643	2  24  32 
2643	2   9  15 
2643	2  27  19 
2645	2  46  34 
2645	2   9  15 
2641	6   5   4 
2645	6  19  18 
2647	2  24  32 
2647	2   7   9 
2649	2  47  39 
2649	2   7   9 
2647	6  29  21 
2651	2  40  19 
2651	2   7   9 
2649	6  31  24 
2653	2  40  19 
2653	6  14   2 
2655	2  40  19 
2657	2  46  34 
2653	6  36  29 
2657	6  24  12 
2659	2  14  21 
2659	2  47  39 
2661	2  14  21 
2659	6  44  36 
2663	2  13  12 
2663	2  14  21 
2663	2  31  32 
2659	6  41  34 
2659	6   9   1 
2665	2  13  12 
2665	2  36  21 
2665	6  45  31 
2667	2  13  12 
2667	2  36  21 
2669	2   4   9 
2669	2   6  13 
2669	2  36  21 
2665	6  34  26 
2671	2  19  31 
2671	6  42  21 
2673	2   5  26 
2675	2   4   9 
2675	2   6  13 
2673	6  39  38 
2677	2   5  26 
2677	6  23  14 
2679	2   6  13 
2679	2  38  37 
2681	2   5  26 
2681	2  38  37 
2677	6  10   9 
2677	6  43  35 
2683	2  19  31 
2683	2   4  10 
2683	6  21   8 
2685	2  19  31 
2685	2   3  10 
2687	2  24  19 
2687	2   3  10 
2687	2  38  37 
2683	6  46  40 
2687	6   6   5 
2689	2  46  44 
2689	2  31  16 
2689	2  34  26 
2691	2  46  44 
2691	2  23  25 
2691	2   3  10 
2689	6  21  14 
2693	2  46  44 
2693	2   2   4 
2693	2  24  19 
2695	2  44  35 
2695	2   2   4 
2695	2  34  26 
2695	6   7   0 
2697	2  31  16 
2697	2  34  26 
2699	2  44  35 
2699	2  23  25 
2699	2   2   4 
2695	6  20  13 
2699	6  40  39 
2701	2  24  19 
2701	2  44  35 
2703	2  23  25 
2703	2  35  42 
2701	6   9   8 
2705	2  20  33 
2705	2  35  42 
2701	6   5   4 
2703	6  44  37 
2707	2   9   4 
2707	2  20  33 
2707	2  35  42 
2705	6  24  18 
2709	2   9   4 
2709	2  20  33 
2709	2  37  21 
2711	2  31  16 
2711	2  41  33 
2711	6  18  12 
2713	2  32  34 
2713	2  23  16 
2715	2  32  34 
2715	2  23  16 
2711	6  36  29 
2711	6  14   7 
2711	6  46  45 
2711	6   4   3 
2717	2  18  30 
2717	2   9   3 
2717	2  41  33 
2717	6  46  39 
2719	2  18  30 
2719	2  41  33 
2721	2  18  30 
2719	6   9   1 
2723	2   6  18 
2723	2  37  21 
2723	6  40  34 
2725	2   6  18 
2725	2  37  21 
2727	2   6  18 
2727	2   0  21 
2727	6  43  38 
2729	2  34  13 
2729	2  23  16 
2731	2  34  13 
2731	2   0  21 
2733	2  34  13 
2733	2  24  15 
2733	2  37  35 
2733	6  10   2 
2735	2  12   5 
2735	2  25  38 
2737	2  26  47 
2737	2  37  35 
2735	6  22   7 
2739	2  39  18 
2741	2   4  19 
2741	2  32  40 
2741	2   0  21 
2741	6  45  44 
2743	2  12   5 
2743	2  24  15 
2745	2   4  19 
2745	2  32  40 
2745	6  29   8 
2747	2  26  47 
2749	2  12   5 
2749	2  32  40 
2751	2   8   2 
2751	2  29  28 
2751	2  25  38 
2751	6  11  10 
2753	2   8   2 
2753	2  29  28 
2753	2  26  47 
2755	2  25  38 
2755	2   8   2 
2755	2  29  28 
2751	6   6   5 
2755	6  48  34 
2757	2   7  10 
2757	2  37  35 
2759	2   7  10 
2757	6  20  13 
2761	2   7  10 
2761	2  32  40 
2757	6  23  22 
2759	6  44  35 
2763	2  27  11 
2763	6  31  23 
2765	2  27  11 
2767	2  27  11 
2763	6  48  40 
2763	6   8   2 
2765	6  36  28 
2769	2  31  40 
2769	2   4  19 
2769	6  16   8 
2771	2  31  40 
2773	2  31  40 
2771	6  26  20 
2775	2  14  35 
2775	2  11   2 
2775	6  47  31 
2777	2  14  35 
2777	2  11   2 
2779	2  14  35 
2779	2  11   2 
2777	6  34  26 
2781	2  24  15 
2781	6  44  35 
2783	2  26  10 
2783	2  41  47 
2785	2  26  10 
2785	2  41  47 
2783	6  30  22 
2787	2  26  10 
2787	2  41  47 
2781	6  13   5 
2783	6  14   7 
2789	2  14  22 
2789	2  10   1 
2789	2  34  46 
2787	6  42  35 
2791	2  14  22 
2791	2  10   1 
2791	2  34  46 
2789	6  31  25 
2793	2  14  22 
2793	2  10   1 
2793	2  34  46 
2795	2  17  14 
2795	2  46  43 
2795	6  34  33 
2797	2  17  14 
2797	2  46  43 
2799	2  17  14 
2799	2  46  43 
2795	6   5   4 
2795	6  20  13 
2795	6   2   1 
2801	2  39  18 
2801	6  15   1 
2803	2  39  18 
2805	2  31  45 
2801	6  36  29 
2805	6  18  10 
2807	2  36  39 
2809	2  31  45 
2805	6  27  20 
2807	6   8   0 
2811	2  36  39 
2807	6  21  14 
2811	6  17   4 
2813	2  36  39 
2815	2  44  47 
2811	6  27  19 
2813	6   8   7 
2817	2  17  22 
2817	2  44  47 
2817	6  20   5 
2819	2  17  22 
2819	2  44  47 
2821	2  17  22 
2817	6   3   2 
2821	6  41  38 
2823	2   9  12 
2825	2   4   5 
2825	2   1   2 
2825	6  28  15 
2827	2   4   5 
2827	2   1   2 
2827	2  31  45 
2829	2   4   5 
2829	2   1   2 
2829	2  37  38 
2825	6  19  18 
2827	6  40  33 
2831	2  23  18 
2831	2  37  38 
2831	6   5   3 
2833	2  23  18 
2833	2  37  38 
2835	2  23  18 
2831	6  14   7 
2831	6  43  35 
2833	6  33  27 
2837	2   8  10 
2835	6  46  45 
2839	2  21  24 
2837	6  13   5 
2841	2  17  30 
2839	6   2   0 
2843	2  13  27 
2843	2  21  24 
2841	6  45  43 
2845	2  18   2 
2845	6  30  22 
2847	2  45  40 
2847	2  13  27 
2847	2   8  10 
2849	2  45  40 
2849	2  18   2 
2847	6  35  28 
2851	2  25  16 
2849	6   6   5 
2853	2  17  22 
2853	2  45  40 
2853	2  35  43 
2853	6  26  19 
2855	2   8  10 
2855	2  35  43 
2857	2  17  22 
2857	2  35  43 
2855	6  41  39 
2859	2   9  12 
2859	6  36  21 
2861	2  26  39 
2863	2  26  39 
2861	6  11   5 
2865	2  25  16 
2865	2  21  14 
2865	6  47  44 
2867	2   9  12 
2867	2  21  14 
2869	2  13  27 
2869	2  10   9 
2869	2  21  14 
2871	2  11  23 
2871	6  45  42 
2873	2  11  23 
2875	2  11  23 
2871	6  33  32 
2871	6  14   7 
2877	2  32  29 
2877	2   4  11 
2877	6  20  13 
2879	2  32  29 
2879	2   8   3 
2881	2  36  24 
2881	2   4  11 
2881	6  46  41 
2883	2  18   2 
2885	2  25  16 
2885	2   4  11 
2881	6  21  14 
2883	6  37  29 
2887	2  26  39 
2887	2  10   9 
2883	6  42  35 
2887	6  14   0 
2889	2  32  37 
2889	2  10   9 
2891	2  39  31 
2889	6  19  18 
2893	2  36  23 
2887	6   6   5 
2889	6  41  34 
2891	6   9   2 
2895	2  37  46 
2895	2  25  17 
2893	6   5   4 
2897	2  20  33 
2897	2  21  35 
2897	2   0   2 
2897	6  38  30 
2899	2  27  48 
2899	2  21  35 
2899	2   8   3 
2901	2  20  33 
2901	2  21  35 
2901	2   8   3 
2897	6  24  17 
2903	2  15  18 
2903	2  37  46 
2905	2  15  18 
2905	2  37  46 
2903	6  34  27 
2907	2  15  18 
2907	6  44  35 
2909	2  18  13 
2909	2  39  31 
2909	2  34  48 
2909	2   8   1 
2911	2  18  13 
2911	2  39  31 
2911	2  34  48 
2911	2   0   2 
2913	2  41  38 
2913	2  18  13 
2913	2  21  35 
2913	2   8   1 
2913	6   4   3 
2915	2  41  38 
2915	2  21  35 
2915	2   8   1 
2917	2  41  38 
2917	2  21  35 
2915	6  26  19 
2919	2   3  15 
2919	2  39  44 
2919	6  41  34 
2921	2   3  15 
2921	2  25  24 
2921	2  39  44 
2923	2   3  15 
2923	2  25  24 
2923	2  39  44 
2925	2   3  18 
2925	2  22  38 
2925	2  13  27 
2925	2  47  48 
2927	2  19  16 
2927	2  47  48 
2927	6  38  36 
2929	2  17  12 
2929	2   0   2 
2929	2  47  48 
2931	2   3  18 
2931	2  13  27 
2931	6  14   8 
2933	2  38  23 
2933	2  13  27 
2935	2  17  12 
2935	2  31  37 
2931	6  48  47 
2935	6  34  26 
2937	2  22  36 
2937	2  17  12 
2939	2  38  23 
2939	2  13  11 
2939	6  28  14 
2941	2   3  18 
2941	2  31  37 
2943	2  20  33 
2943	2  23  24 
2941	6  46  45 
2945	2   9  14 
2945	2  23  24 
2945	2  28  35 
2945	6  27   6 
2947	2   9  14 
2947	2  31  37 
2947	2  28  35 
2949	2   9  14 
2949	2  23  24 
2949	2  28  35 
2947	6  46  39 
2951	2  26  27 
2951	2  22  36 
2951	2  13  11 
2953	2  39  34 
2953	2   5  17 
2953	6  28   7 
2955	2  26  27 
2955	2   5  17 
2957	2  39  34 
2957	2   5  17 
2953	6  44  43 
2959	2  19  16 
2959	6  45  40 
2961	2  19  16 
2963	2  26  27 
2963	2  16  29 
2963	2  13  11 
2965	2  39  34 
2965	2  16  29 
2965	6  25  19 
2967	2  16  29 
2965	6   6   5 
2959	6   1   0 
2967	6  39  38 
2971	2   5  10 
2967	6  34  27 
2969	6  36  28 
2973	2  34  40 
2973	2  19   3 
2969	6  22  15 
2973	6  45  31 
2975	2  12  26 
2977	2  27  18 
2975	6  15   9 
2979	2  33  39 
2979	2  37  24 
2977	6   4   3 
2981	2  15  28 
2981	2  34  40 
2979	6  20   6 
2983	2  38  36 
2983	2  34  40 
2983	6   9   3 
2985	2  12  26 
2985	2  38  36 
2987	2  33  39 
2987	2  37  24 
2983	6  21   7 
2989	2   6   3 
2989	2  15  28 
2989	2  33  39 
2989	6  31  24 
2991	2   5  10 
2991	2  46  34 
2993	2   6   3 
2993	2  15  28 
2993	2  45  47 
2995	2  24   8 
2995	2  29  28 
2995	2  46  34 
2995	6   6   4 
2997	2  24   8 
2997	2  45  47 
2997	2  29  28 
2999	2  24   8 
2999	2  46  34 
2999	2  29  28 
3001	2  30   9 
3001	2  19   6 
3001	6  47  46 
3003	2  30   9 
3003	2  12  26 
3005	2  27  18 
3005	2   4   3 
3005	2  37  31 
3001	6  42  35 
3001	6  21  14 
3005	6  13   6 
3007	2  30   9 
3007	2  26  41 
3007	2  45  46 
3009	2  38  36 
3009	2  27  18 
3009	6  21   8 
3011	2  19  13 
3011	2  36  43 
3011	2  17   3 
3013	2  20  33 
3013	2  36  43 
3013	2  17   3 
3011	6  38  31 
3015	2  35  21 
3015	2   5  10 
3015	2  26  41 
3015	6   8   7 
3017	2  35  21 
3017	2   5  18 
3019	2  35  21 
3019	2  19  31 
3019	6  16  10 
3021	2  20  33 
3021	2  36  43 
3023	2  19  31 
3023	6  42  28 
3025	2   1  16 
3025	2  20  33 
3027	2   4  10 
3027	2  26  41 
3025	6  44  38 
3029	2  23  11 
3029	6  48  33 
3031	2  21   9 
3031	2  44  36 
3033	2  30  15 
3033	2   4  10 
3031	6  20   6 
3035	2  25  38 
3035	2  21   9 
3035	6  48  47 
3037	2  25  38 
3037	2  21   9 
3039	2  25  38 
3039	2   4  10 
3037	6  34  20 
3041	2   1  16 
3041	2  46  43 
3039	6  28  21 
3043	2  34  39 
3043	2   5  18 
3043	2  44  36 
3043	6   8   2 
3045	2  23  11 
3045	2  34  39 
3045	2  44  36 
3047	2   5  18 
3047	2  34  39 
3047	6  44  42 
3049	2  23  11 
3051	2   1  16 
3051	2   5  20 
3049	6  40  39 
3053	2  30  15 
3053	2  26  11 
3055	2  30  15 
3055	2   5  20 
3055	6  39  25 
3057	2  15  21 
3057	2   5  20 
3059	2  15  21 
3055	6  10   2 
3057	6  30  29 
3061	2  12  10 
3061	2  15  21 
3059	6  34  27 
3063	2  12  10 
3063	2  47  44 
3061	6  25  24 
3065	2  12  10 
3065	2  47  44 
3063	6  21  15 
3067	2  17   3 
3067	2  27  12 
3067	2  46  43 
3069	2   8  24 
3069	2  27  12 
3069	2  47  44 
3071	2   8  24 
3071	2  46  43 
3071	2  27  12 
3073	2   8  24 
3073	6  33  27 
3075	2  38  24 
3077	2  16  37 
3073	6   6   4 
3079	2  13  27 
3079	2   2   4 
3079	2  38  24 
3079	6  29  14 
3081	2  13  27 
3081	2   2   4 
3081	2  38  24 
3083	2  13  27 
3083	2   2   4 
3083	6  46  44 
3085	2   6  13 
3085	2  10   1 
3087	2   6  13 
3087	2  10   1 
3083	6  32  24 
3085	6  35  21 
3089	2  19  31 
3089	6   8   7 
3091	2  24  22 
3091	2   6  13 
3091	2  46  33 
3093	2  24  22 
3093	2  46  33 
3089	6   4   3 
3095	2  24  22 
3095	2  46  33 
3095	6  13   4 
3097	2  22  25 
3099	2  24   8 
3097	6  41  40 
3101	2  22  25 
3101	6   5   3 
3103	2  22  25 
3105	2  45  31 
3105	6  21  16 
3107	2  27  13 
3107	2  45  31 
3109	2  27  13 
3109	2  45  31 
3111	2  24   8 
3111	2  27  13 
3111	6  36  28 
3113	2  24   8 
3113	2  13   5 
3115	2  16  25 
3115	2  13   5 
3113	6  46  41 
3117	2   0   8 
3117	2  18  30 
3117	2  13   5 
3119	2  39  24 
3119	2   0   8 
3119	6  35  21 
3121	2  16  25 
3123	2  39  24 
3123	2   0   8 
3119	6  13   6 
3123	6  19  11 
3125	2  39  24 
3125	2   9   8 
3127	2  39  23 
3127	6  14   7 
3129	2  16  25 
3129	2  35  37 
3131	2  29  17 
3129	6  34  20 
3133	2   0   7 
3133	2  29  17 
3131	6  38  32 
3135	2   9   8 
3135	2  26  19 
3137	2  40  24 
3137	2   0   7 
3137	6  27  19 
3139	2  39  23 
3139	2   0   7 
3141	2  40  24 
3141	2   9   8 
3143	2  18  30 
3143	2   0   2 
3143	6  34  33 
3145	2  35  37 
3145	2  10   1 
3147	2  18  30 
3147	2   0   2 
3149	2  39  23 
3149	2  26  27 
3149	2   3   1 
3149	2  12  18 
3151	2  29  17 
3151	2  39  38 
3151	6  34  13 
3153	2  21   8 
3153	2  39  38 
3155	2  23  28 
3155	2   3   1 
3155	2  39  38 
3157	2  40  24 
3157	2  21   8 
3159	2  44  29 
3159	2  31  32 
3159	2  40  34 
3159	2  12  18 
3159	2   3   1 
3161	2  24  19 
3161	2  40  34 
3161	2  21   8 
3161	6  38  37 
3163	2  23  28 
3163	2  12  18 
3163	2   0   2 
3163	2  40  34 
3165	2  24  19 
3165	6   4   2 
3167	2  33  38 
3169	2  30  45 
3165	6  15   7 
3165	6  28  21 
3169	6  26  18 
3171	2  15   2 
3171	2  31  32 
3173	2  44  29 
3173	2  31  32 
3171	6   5   4 
3175	2   9  18 
3175	2  30  45 
3175	6  40  32 
3177	2   9  18 
3177	2  44  29 
3179	2  15   2 
3175	6  34  27 
3179	6  37  36 
3181	2   9  18 
3183	2  23  21 
3183	2   3  12 
3181	6  45  39 
3185	2  15   2 
3185	2  28  36 
3183	6  27  26 
3187	2  30  39 
3187	2   2   1 
3185	6  17  11 
3189	2  33  38 
3189	2   2   1 
3189	2  28  36 
3187	6  14   7 
3191	2  37  25 
3191	2   2   1 
3191	6  22  16 
3193	2  37  25 
3195	2  37  25 
3193	6   4   2 
3197	2  37  35 
3197	2  24  19 
3199	2  25  10 
3199	2  37  35 
3197	6  21  15 
3201	2  25  10 
3201	2  37  35 
3203	2  17  14 
3203	2  33  38 
3205	2  17  14 
3205	2  33  38 
3207	2  25  10 
3207	2  30  23 
3207	2  28  36 
3207	6  46  38 
3209	2  17  14 
3211	2  15   2 
3211	2   5  19 
3209	6  42  36 
3213	2  39  25 
3213	2  15   2 
3213	6  12   4 
3215	2  38  22 
3217	2  38  22 
3215	6  41  33 
3219	2  38  22 
3219	2  10  18 
3215	6   7   1 
3219	6  13   6 
3221	2  22  43 
3221	2  41  46 
3221	2   3   4 
3223	2  36  38 
3223	2  10  18 
3223	6  21   7 
3225	2  36  38 
3225	2   5  19 
3227	2  36  38 
3227	2   3   4 
3225	6  17  16 
3229	2  33  38 
3227	6  19  13 
3231	2  22  43 
3231	2  41  46 
3229	6   2   0 
3233	2  22  43 
3233	2  39  25 
3233	2   5  13 
3233	6  48  41 
3235	2  20  17 
3235	2  44  36 
3237	2  20  17 
3237	2  29  43 
3239	2  20  17 
3239	2  44  36 
3235	6  14   7 
3239	6  48  47 
3241	2  17   1 
3241	2  33  38 
3241	2  29  43 
3243	2  17   1 
3243	2  33  38 
3243	2  29  43 
3245	2  20  41 
3245	2  35  22 
3245	6  45  31 
3247	2  20  41 
3247	2  35  22 
3249	2  20  41 
3249	2  15   0 
3245	6  17  10 
3249	6  29  28 
3251	2  10   1 
3251	2  39  25 
3253	2  11  10 
3253	2  39  46 
3251	6  34  20 
3255	2  11  10 
3255	2  30  23 
3255	2  44  36 
3255	2  39  46 
3257	2  34  48 
3257	2  11  10 
3257	2  35  22 
3257	2  39  46 
3257	6  20  13 
3259	2  34  48 
3259	2  24   8 
3261	2  34  48 
3261	2  11   2 
3261	2  30  23 
3259	6  43  28 
3263	2  41  34 
3263	2  16  31 
3263	6   3   1 
3265	2  48  45 
3265	2  17  18 
3265	2  23  15 
3267	2  37  40 
3267	2  18  17 
3263	6  13   6 
3265	6  28  21 
3269	2   6   3 
3269	2  41  34 
3269	2  23  15 
3269	6  46  43 
3271	2   6   3 
3271	2  41  34 
3271	2  23  15 
3273	2   6   3 
3269	6  26  19 
3273	6  23   7 
3275	2   6  13 
3275	2  10   3 
3275	2  48  45 
3277	2   6  13 
3277	2  10   3 
3277	2  48  45 
3275	6  42  35 
3279	2  24   8 
3279	2   6  13 
3279	2  46  41 
3279	6  29  21 
3281	2  11   2 
3281	2  38  45 
3283	2  16  31 
3281	6  20   6 
3285	2  37  40 
3285	2  10   3 
3285	6  21  15 
3287	2  37  40 
3287	2  11   2 
3289	2  33  12 
3289	2  38  45 
3289	6  24  23 
3291	2   0   3 
3291	2  28  36 
3291	2  34  40 
3291	2  38  45 
3293	2  10   1 
3293	2  28  36 
3293	2  46  41 
3293	6  32  26 
3295	2  23   8 
3295	2  11   5 
3295	2  28  36 
3295	2  46  41 
3297	2  23  22 
3297	2   0   3 
3297	6  48  46 
3299	2  27  24 
3301	2  27  24 
3297	6  35  28 
3299	6   4   2 
3303	2  27  24 
3303	6  28  21 
3305	2  16  31 
3305	2  11   5 
3305	2  34  40 
3307	2  46  31 
3307	2  10   1 
3307	6  27   6 
3309	2   2  15 
3309	2  46  31 
3309	2  18  17 
3311	2   2  15 
3311	2  46  31 
3311	2  18  17 
3313	2  29  32 
3313	2   6   4 
3313	6  16   9 
3315	2  25  37 
3315	2   6   4 
3315	2  34  40 
3317	2  29  32 
3317	2   6   4 
3319	2  27  24 
3319	6  14   2 
3321	2  33  12 
3323	2  25  37 
3323	2  48  40 
3325	2  23  22 
3325	2  33  12 
3325	6   9   7 
3327	2  29  32 
3327	2  11   5 
3329	2  25  37 
3329	2  48  40 
3329	6  13   5 
3331	2  14  15 
3331	2  10   1 
3331	2  29  28 
3331	2  41  39 
3333	2  23  22 
3333	2   8   1 
3333	2  41  39 
3333	6  26  18 
3335	2  29  28 
3335	2   8   1 
3335	2  41  39 
3337	2  29  28 
3337	2   8   1 
3337	2  48  40 
3331	6  44  42 
3335	6   5   4 
3339	2  18  16 
3337	6  38  37 
3341	2  18  16 
3339	6  21  14 
3343	2  18  16 
3339	6  47  41 
3341	6   3   2 
3345	2  20  41 
3345	2  37  21 
3347	2  19   3 
3347	2  37  21 
3349	2  19   3 
3349	2  37  21 
3351	2  19   3 
3351	6  42  21 
3353	2  20  41 
3353	2   0   2 
3355	2  20  41 
3351	6  32  31 
3355	6   4   2 
3357	2  27  24 
3359	2  27  24 
3357	6  43  28 
3361	2   9  12 
3361	6  47  39 
3363	2   2  14 
3365	2   2  14 
3361	6  31  30 
3363	6  27   6 
3367	2   2  14 
3367	2  30  23 
3363	6  44  42 
3363	6  18  11 
3367	6  48  47 
3369	2  31  19 
3369	2  28  14 
3371	2  31  19 
3371	2   2   0 
3369	6  43  42 
3373	2  31  19 
3373	2  28  14 
3373	6   3   1 
3375	2  38  26 
3375	2  28  14 
3377	2  32  27 
3377	2  30  23 
3375	6   6   5 
3379	2  15  31 
3377	6  43  35 
3381	2  25  46 
3381	2   2   0 
3381	6  21  14 
3383	2   5  10 
3383	2  38  26 
3385	2  34  13 
3385	2  30  23 
3385	2   2   0 
3385	6  45  44 
3387	2   1  14 
3387	2  32  27 
3389	2   1  14 
3389	2  34  13 
3387	6  36  30 
3391	2   1  14 
3391	2  32  27 
3387	6  10   3 
3391	6  47  45 
3393	2  30  17 
3395	2   9  12 
3393	6  35  21 
3397	2  25  46 
3397	2   5   3 
3399	2  16  21 
3399	2  38  26 
3399	2   5   3 
3401	2  16  21 
3401	2  34  13 
3401	2   2   3 
3401	6  44  37 
3403	2  16  21 
3403	2  34  47 
3403	2   2   3 
3405	2  24  16 
3405	2  34  47 
3405	2   2   3 
3403	6  20  19 
3407	2  37  21 
3407	2  24  16 
3407	2  34  47 
3403	6   6   5 
3407	6   3   1 
3409	2  41  20 
3409	2  37  21 
3409	2  24  16 
3411	2  41  20 
3411	2  37  21 
3413	2   5   3 
3413	2  15  31 
3413	6  43  42 
3415	2  30  17 
3415	2  41  20 
3417	2   5   3 
3417	2  15  31 
3417	6  47  41 
3419	2   9  12 
3421	2  30  17 
3419	6  45  43 
3423	2   5   3 
3423	2  24  26 
3421	6   7   1 
3425	2  25  46 
3423	6  28  22 
3427	2  45  47 
3427	2  24  26 
3425	6  13   4 
3429	2  44  46 
3429	2  23  25 
3427	6   2   1 
3431	2  38  40 
3431	2  23  25 
3429	6  42  35 
3433	2   2  11 
3433	2  45  47 
3433	2  24  26 
3433	6  15  14 
3435	2   2  11 
3435	2  44  46 
3435	2  26  27 
3437	2   2  11 
3437	2  38  40 
3437	2  26  27 
3439	2  45  47 
3439	2  23  25 
3435	6  35  28 
3439	6   6   3 
3441	2  44  46 
3441	2  26  27 
3443	2  38  40 
3441	6  28  14 
3445	2  20   6 
3445	2  23  38 
3445	6  18  10 
3447	2  20   6 
3447	2  23  38 
3449	2  20   6 
3449	2  23  38 
3445	6  48  40 
3445	6   2   1 
3447	6  28  21 
3451	2  39  18 
3451	6   8   2 
3453	2  40  37 
3455	2  39  18 
3455	6  35  29 
3457	2   1  14 
3457	2  39  18 
3459	2   1  14 
3459	2  38  26 
3459	6  23  16 
3461	2   1  14 
3461	2  38  26 
3463	2   4   2 
3463	2  38  26 
3461	6  42  35 
3465	2   4   2 
3463	6  21   7 
3467	2  40  37 
3467	2   4   2 
3465	6  20  13 
3469	2  35  14 
3465	6  25  24 
3469	6  45  40 
3471	2   1   7 
3473	2  35  14 
3469	6  10   9 
3471	6  18  12 
3475	2  36  23 
3475	2   1   7 
3471	6  27  26 
3475	6  39  38 
3477	2  36  23 
3477	2   1   7 
3479	2  35  14 
3477	6  12  10 
3481	2  45  37 
3477	6  26  25 
3481	6  28  23 
3483	2  20  33 
3483	2  44  45 
3485	2  20  33 
3485	2  44  45 
3475	6  48  47 
3483	6  10   8 
3487	2  20  33 
3487	2  36  28 
3487	2  44  45 
3489	2  20   5 
3489	2  23  17 
3489	2   8   7 
3489	6  43  38 
3491	2  20   5 
3491	2  23  17 
3491	2   8   7 
3493	2  20   5 
3493	2  23  17 
3493	2   8   7 
3489	6  47  33 
3489	6  28  21 
3489	6   3   2 
3495	2  40  24 
3495	2  43  28 
3495	6  15   9 
3497	2  41  26 
3497	2  43  28 
3499	2  40  24 
3499	2  43  28 
3495	6   6   4 
3501	2   4  17 
3501	6  42  21 
3503	2  10   5 
3503	2  41  26 
3505	2   4  17 
3501	6  38  31 
3505	6  41  20 
3507	2  15  21 
3507	2   4  17 
3509	2  15  21 
3505	6   2   1 
3507	6  36  30 
3511	2  15  21 
3511	2  10   5 
3511	2  20  26 
3507	6  45  44 
3513	2  18  31 
3513	2   8  16 
3513	6  35  21 
3515	2  18  31 
3515	2   8  16 
3517	2  18  31 
3517	2   8  16 
3513	6  46  45 
3513	6  13   6 
3519	2  22   1 
3519	6  33  12 
3521	2  22   1 
3523	2  22   1 
3519	6  45  38 
3525	2  32  33 
3525	2  15  21 
3525	2  10   5 
3525	6  37  35 
3527	2  32  33 
3527	2  15  21 
3527	2   5  20 
3529	2  32  33 
3529	2  15  21 
3529	2   5  20 
3527	6  10   9 
3531	2  31  32 
3531	2  35  14 
3531	2   5  20 
3531	6  47  45 
3533	2  19  10 
3533	2  31  32 
3533	2  35  14 
3535	2  19  10 
3535	2  31  32 
3535	2  35  14 
3537	2  19  10 
3537	2  44  28 
3533	6   6   5 
3537	6   8   0 
3539	2  18  30 
3541	2  18  30 
3537	6  47  39 
3537	6  34  33 
3539	6  13   5 
3543	2  10   8 
3543	2  44  28 
3543	6  39  33 
3545	2  10   8 
3545	2  44  28 
3547	2  10   8 
3543	6  48  41 
3545	6  20  13 
3549	2  40  24 
3547	6  35  21 
3551	2  33  19 
3549	6   4   2 
3553	2  33  19 
3553	2  21   7 
3551	6  38  24 
3555	2  33  19 
3555	2  21   7 
3553	6  43  36 
3557	2  34  20 
3557	2  21   7 
3555	6   5   4 
3559	2  34  20 
3557	6  24  16 
3561	2   5  19 
3557	6  39  38 
3559	6  29  22 
3563	2   5  19 
3563	6  16   8 
3565	2  29  38 
3565	2  34  20 
3567	2  29  38 
3567	2   5  19 
3567	6  41  34 
3569	2   1   8 
3569	2  18  30 
3571	2   1   8 
3571	2  29  38 
3571	6  17  11 
3573	2   1   8 
3575	2   8  14 
3571	6  26  20 
3573	6  45  30 
3577	2   1   2 
3577	2  20  11 
3573	6  42  35 
3573	6  48  40 
3579	2  17  22 
3579	2   1   2 
3579	6  40  26 
3581	2  17  22 
3581	2   1   2 
3583	2  17  22 
3579	6  43  36 
3583	6   4   2 
3585	2  22  36 
3585	2  46  25 
3587	2  17  30 
3587	6  48  27 
3589	2  22  36 
3591	2  17  30 
3591	2   8  14 
3589	6   5   4 
3593	2  22  36 
3593	2  32  18 
3595	2  17  30 
3595	2   8  14 
3595	6  34  13 
3597	2  37  30 
3597	2   2  15 
3599	2  22  35 
3597	6  24  17 
3601	2  37  30 
3601	2   2  15 
3601	6  41  39 
3603	2  13  10 
3603	2  22  35 
3605	2  24  26 
3605	2   2  15 
3605	6  12  11 
3607	2  24  26 
3609	2  37  30 
3605	6  42  28 
3607	6   9   3 
3611	2  22  35 
3611	2  46  25 
3613	2  11  23 
3613	6  45  40 
3615	2  13  10 
3617	2  11  23 
3613	6  36  28 
3619	2  13  10 
3619	2  30  39 
3619	6  35  21 
3621	2  24  26 
3623	2  13  26 
3621	6  11  10 
3625	2  43  45 
3625	2  13  26 
3623	6  23  16 
3627	2  43  45 
3627	2  32  18 
3625	6  28  14 
3629	2  10  16 
3629	2  31  19 
3631	2   9  14 
3631	2  30  39 
3631	2  20  12 
3633	2   9  14 
3633	2  31  19 
3635	2   9  14 
3635	2  13  26 
3635	2  43  45 
3635	6  24  23 
3637	2  20  12 
3637	6  38  33 
3641	2  22  14 
3637	6  10   9 
3643	2  24  38 
3643	2  22  14 
3643	6  12   3 
3645	2  24  38 
3645	2  22  14 
3647	2  24  38 
3643	6  33  26 
3647	6  29  15 
3649	2  27  12 
3651	2  27  12 
3653	2   9  21 
3653	2  38  37 
3653	2  27  12 
3655	2  16  24 
3655	2  38  37 
3655	6  26  11 
3657	2  23  36 
3659	2  16  24 
3659	2  38  37 
3661	2  40  26 
3661	2  11  10 
3661	2  23  36 
3663	2   9  21 
3663	2  40  26 
3665	2  11  10 
3665	2  30  39 
3665	6  15   1 
3667	2  46  25 
3669	2  32  18 
3671	2   1   4 
3671	2  40  26 
3671	2  23  36 
3673	2   1   4 
3675	2   9  21 
3675	2  31  19 
3677	2   1   4 
3679	2  16  24 
3679	2  11  10 
