   1	2  23  31 
   1	2  20  18 
   1	6  45  43 
   3	2   0  21 
   3	2  27  34 
   3	2   5  10 
   5	2  14  16 
   5	2  27  34 
   3	6  25  19 
   7	2  35  29 
   7	2  45  48 
   7	2  14  16 
   5	6   3   2 
   9	2  30  39 
   9	2  19   6 
   9	6  15   7 
  11	2  12   3 
  11	2  32  37 
  11	2  27  34 
  13	2  35  29 
  13	2  12   3 
  13	2  45  48 
  13	6  25  17 
  15	2   0  21 
  15	2  12   3 
  15	2  45  48 
  17	2  30  39 
  17	6   7   2 
  19	2  23  31 
  19	2  19   6 
  21	2  32  37 
  17	6  41  34 
  21	6  20  12 
  23	2  17  15 
  23	2  35  29 
  25	2  17  15 
  25	2  30  39 
  23	6   4   3 
  27	2  12  18 
  27	2  23  31 
  25	6  43  35 
  29	2  11   8 
  27	6  40  34 
  31	2   2   3 
  31	2  14  16 
  31	2  19   6 
  27	6  46  45 
  31	6  36  30 
  33	2  34  13 
  33	2   2   3 
  33	2  17  15 
  35	2  34  13 
  35	2   2   3 
  33	6  45  38 
  37	2  11   8 
  37	6  24  23 
  39	2  45  42 
  39	2   5  10 
  41	2  45  42 
  41	2  34  13 
  39	6  21   7 
  43	2  45  42 
  43	2  12  18 
  41	6   3   2 
  45	2  35  21 
  45	2   0   7 
  45	2  19  24 
  43	6  48  34 
  47	2  28  23 
  47	2   3  12 
  47	6  44  39 
  49	2  35  21 
  49	2   5  10 
  51	2  28  23 
  51	2   3  12 
  47	6   7   1 
  49	6  26  25 
  53	2  35  21 
  53	2   3  12 
  53	6  48  46 
  55	2  25  30 
  55	2  21  35 
  57	2  25  30 
  57	2  21  35 
  55	6   2   1 
  59	2  47  26 
  59	2  28  23 
  61	2  47  26 
  61	2   1  15 
  61	6  43  28 
  63	2  47  26 
  63	2   1  15 
  65	2  11   8 
  65	6  48  33 
  67	2  45  42 
  67	2  16  18 
  69	2  23  28 
  67	6   7   1 
  71	2  25  30 
  71	2  21  35 
  69	6  12   4 
  73	2  32  37 
  73	2   7  15 
  75	2  25  41 
  75	2  29   8 
  75	6  20  12 
  77	2  26  33 
  77	2  43  46 
  77	2   7  21 
  79	2  30  37 
  79	2  25  41 
  79	2   7  21 
  75	6   4   3 
  81	2  10  31 
  81	2   7  21 
  81	6  44  43 
  83	2  13  34 
  83	2  23  28 
  85	2  27  11 
  85	2  23  28 
  83	6   7   1 
  87	2  20  32 
  87	6  43  28 
  89	2  10  31 
  91	2  26  33 
  91	6  17   2 
  93	2  14  28 
  93	2  44  46 
  93	2  13  34 
  95	2  45  42 
  95	2  26  33 
  95	6  15   7 
  97	2  19  24 
  97	2  45  42 
  99	2  30  37 
  99	2  27  11 
  99	6  28  21 
 101	2  16  18 
 101	2  44  46 
 103	2  20  32 
 101	6   3   1 
 105	2  14  21 
 105	2  25  41 
 105	2  30  37 
 105	6  42  35 
 107	2  10  31 
 107	2  14  21 
 109	2  19  24 
 109	2  14   7 
 109	6  46  44 
 111	2  13  34 
 111	2  14   7 
 113	2  16  18 
 113	2  14   7 
 111	6  35  28 
 115	2  27  11 
 115	2  45  30 
 115	6  14   1 
 117	2  20  32 
 119	2   4  19 
 119	2  45  30 
 119	6  34  33 
 121	2  29   8 
 121	2   4  19 
 123	2  29   8 
 123	2   4  19 
 125	2  28  14 
 125	2  27  18 
 121	6  47  46 
 125	6  38  30 
 127	2  28  14 
 127	2  27  18 
 129	2  28  14 
 129	2  27  18 
 125	6  16   9 
 125	6   1   0 
 125	6  44  43 
 131	2  15  30 
 131	2  26  47 
 131	6  11  10 
 133	2  15  30 
 133	2  26  47 
 135	2  15  30 
 135	2  26  47 
 131	6  42  35 
 131	6   2   1 
 137	2   1  15 
 137	2  32  44 
 137	6  20  11 
 139	2   1  15 
 139	2  32  44 
 141	2   1  15 
 141	2  45  38 
 141	6  30  24 
 141	6  47  33 
 141	6  43  35 
 143	6  15   1 
 147	2  35  30 
 143	6  18  11 
 147	6  47  45 
 149	2  23  10 
 151	2  15  29 
 147	6  33  26 
 151	6  24  10 
 153	2  45  43 
 155	2  15  29 
 143	6  20  13 
 149	6  13   5 
 155	6  46  38 
 157	2  10   2 
 157	2  23  24 
 159	2  10   2 
 159	2  23  24 
 157	6  21  15 
 161	2  10   2 
 161	2  35  30 
 157	6   5   4 
 163	2  17  38 
 163	6  20   5 
 165	2  17  38 
 167	2  17  38 
 163	6  42  28 
 169	2  25  10 
 169	2  45  43 
 169	2  21  29 
 169	6  34  20 
 171	2   2   4 
 171	2  35  30 
 173	2  25  10 
 173	2  45  43 
 173	6  30  28 
 175	2   2   4 
 177	2  25  10 
 175	6  45  39 
 179	2  15  18 
 179	6  35  28 
 181	2  41  38 
 181	2   2   4 
 183	2  41  38 
 181	6  22  16 
 185	2  41  38 
 183	6  10   3 
 187	2  32  44 
 187	2  28  21 
 189	2  15  18 
 189	2  38  46 
 189	2  34  41 
 191	2  15  18 
 191	2  38  46 
 191	2  34  41 
 193	2  10  18 
 193	2  33  32 
 193	2  29  15 
 193	2  38  46 
 195	2  30  25 
 195	2  28  21 
 195	2  34  41 
 195	6  45  43 
 197	2  26  23 
 199	2  10  18 
 199	2  33  32 
 199	2  28  21 
 175	6  13   6 
 199	6  13  12 
 201	2  22  43 
 201	2  10  18 
 201	2  33  32 
 203	2  22  43 
 203	6  39  34 
 205	2  22  43 
 207	2  36  43 
 205	6  18   3 
 209	2  36  43 
 209	2  39  38 
 207	6  22   8 
 211	2  36  43 
 211	2  39  38 
 209	6  34  27 
 213	2  22  43 
 213	2  39  38 
 211	6  12   3 
 215	2  36  31 
 215	6  17  16 
 217	2  36  31 
 219	2  36  31 
 213	6   7   0 
 215	6  40  33 
 215	6  46  45 
 217	6  20   4 
 221	2  22  43 
 223	2  33  17 
 223	2  36  42 
 223	6  21   7 
 225	2  33  17 
 225	2  36  42 
 227	2  33  17 
 227	2  36  42 
 223	6  12   6 
 223	6  45  38 
 229	2   8   3 
 229	2  30  25 
 229	6  13   5 
 231	2   8   3 
 231	2  30  25 
 233	2   8   3 
 233	6  32  30 
 235	2   3   1 
 237	2   3   1 
 229	6  45  44 
 233	6  18  17 
 229	6  35  21 
 235	6  20  13 
 239	2  16  37 
 239	6  32  25 
 241	2  16  37 
 243	2  16  37 
 239	6   7   0 
 241	6  19  12 
 245	2   3   1 
 245	2  22  43 
 245	6  33  25 
 247	2   3   2 
 247	2  35  37 
 247	2  14  16 
 249	2   3   2 
 249	2  35  37 
 249	2  14  16 
 247	6  12  11 
 251	2  24  45 
 251	2   3   2 
 253	2   5  18 
 253	2  29  15 
 253	6   2   1 
 255	2  25  19 
 255	2  35  37 
 255	2  14  16 
 257	2   5  18 
 257	2  29  15 
 257	6  45  39 
 259	2  25  19 
 259	2  30  28 
 261	2   5  18 
 261	2  30  28 
 259	6   9   3 
 263	2  25  19 
 263	2  30  28 
 263	6  47  40 
 265	2  18  20 
 265	2   3   5 
 267	2  19  25 
 267	2   3   5 
 265	6  30  14 
 269	2  18  20 
 269	2   3   5 
 271	2  19  25 
 271	2  30  38 
 271	6  21   9 
 273	2  19  25 
 273	2  30  38 
 275	2  13   5 
 275	2  30  38 
 269	6  47  46 
 275	6  40  25 
 277	2  13   5 
 277	2  37  21 
 279	2  13   5 
 279	2  37  21 
 277	6  16   9 
 281	2  18  20 
 281	2  37  21 
 281	6   4   3 
 283	2  16  18 
 283	2  13   6 
 285	2  31  17 
 285	2  34  20 
 283	6  21   7 
 287	2  12  27 
 287	2  31  17 
 283	6  43  35 
 283	6  46  45 
 289	2   8   3 
 289	2  24  39 
 289	2  34  20 
 289	6  35  21 
 291	2   8   3 
 291	2  24  39 
 291	2  34  20 
 293	2   8   3 
 293	2  32  39 
 293	2  13   6 
 293	6  45  37 
 295	2   2  11 
 295	2  32  39 
 295	2  13   6 
 297	2   4  25 
 295	6  21  15 
 299	2  12  27 
 299	2  31  17 
 297	6  47  40 
 301	2  15   3 
 301	2  36  31 
 303	2  16  18 
 303	2  36  31 
 303	6  41  34 
 305	2   2  11 
 305	2  32  39 
 307	2  15   3 
 307	2  36  31 
 309	2  26  23 
 307	6  47  46 
 311	2   4  25 
 309	6  44  35 
 313	2  16  18 
 313	6  39  31 
 315	2  12  27 
 317	2   2  11 
 315	6  43  28 
 319	2   4  25 
 319	6   9   8 
 321	2  44  46 
 321	2  33  27 
 321	2  24  11 
 323	2  44  46 
 323	2   4  12 
 323	2  33  27 
 321	6  35  21 
 325	2  44  46 
 325	2   2   0 
 325	2  24  11 
 325	2  33  27 
 327	2  26  23 
 327	2   2   0 
 327	6  45  43 
 329	2  15   3 
 329	2  26  20 
 331	2  10  23 
 331	2  26  20 
 329	6  47  41 
 333	2  17  29 
 333	2   4  12 
 331	6  14   8 
 335	2  10  23 
 335	2  26  20 
 333	6  44  38 
 337	2  15  28 
 337	2   2   0 
 337	2   4  12 
 337	6  40  26 
 339	2  37  16 
 341	2  37  16 
 343	2  38  25 
 343	2  15  28 
 343	6  34  20 
 345	2  17  29 
 347	2  38  25 
 347	2  15  28 
 347	6   5   3 
 349	2  38  25 
 351	2  40  32 
 351	2  15  36 
 351	6  19  18 
 353	2   2   7 
 353	2  34  39 
 355	2  38  43 
 355	2   2   7 
 355	6  41  34 
 357	2   5  20 
 357	2  17  29 
 359	2   5  20 
 359	2  37  16 
 361	2  10  23 
 361	2  45  33 
 361	6  21  14 
 363	2  24  11 
 363	2  29  37 
 363	2  41  39 
 365	2   5  20 
 365	2  23  24 
 365	2  40  32 
 365	2  29  37 
 367	2  10  31 
 367	6  34  20 
 369	2  16  28 
 369	2   4  11 
 371	2  10  31 
 367	6  44  43 
 367	6  47  46 
 373	2  25  13 
 373	2  15  36 
 373	6  46  45 
 375	2  17  12 
 375	2  40  32 
 375	2  29  37 
 377	2   5  20 
 377	2  16  28 
 379	2  25  13 
 379	2  38  44 
 379	2   2   7 
 379	6  29  21 
 381	2  17  12 
 381	2  46  33 
 383	2  23  24 
 383	2   5  20 
 383	2  41  39 
 379	6  42  35 
 381	6   8   0 
 385	2  42  45 
 385	2   4  11 
 385	2  23  24 
 385	6  20   6 
 387	2  42  45 
 387	2   4  11 
 389	2  42  45 
 387	6  23   8 
 391	2  46  33 
 391	2   5   6 
 391	6  20  19 
 393	2  10  31 
 395	2  16  28 
 395	2  38  44 
 393	6  47  40 
 397	2  25  13 
 397	2  15  36 
 399	2  17  12 
 399	2   7  15 
 399	2  47  44 
 401	2  10  24 
 401	2  12  13 
 401	2   7  15 
 401	2  47  44 
 403	2  31  16 
 403	2  12  13 
 399	6  35  28 
 403	6  46  44 
 405	2  11  25 
 405	2   7  15 
 407	2  10  24 
 407	2  12  13 
 407	6  28  15 
 409	2  11  25 
 409	2  47  46 
 411	2  10  24 
 409	6  43  42 
 413	2  31  16 
 411	6  26  19 
 415	2  44  35 
 411	6  46  40 
 415	6  24  22 
 417	2  44  35 
 419	2  44  35 
 413	6   3   1 
 417	6  33  20 
 421	2  24  18 
 421	2  28  35 
 419	6   9   3 
 423	2  24  18 
 423	2  44  47 
 423	2  28  35 
 421	6  22  14 
 425	2  19   3 
 425	2  44  47 
 425	2  28  35 
 427	2  19   3 
 427	2  44  47 
 429	2  24  18 
 429	2  35  44 
 429	6  33  26 
 431	2  31  16 
 433	2  35  44 
 433	6  17   2 
 435	2  35  44 
 431	6  12   4 
 433	6  30  22 
 433	6  46  39 
 437	6  42  35 
 439	2  19   3 
 441	2   3   1 
 441	2  24  26 
 439	6  39  37 
 443	2  18   9 
 443	6  35  28 
 445	2   3   1 
 445	2  24  26 
 447	2  18   9 
 445	6  45  38 
 449	2   3   1 
 449	2  24  26 
 439	6  22  14 
 449	6  28  22 
 451	2  18   9 
 453	2  11  25 
 441	6  13   6 
 449	6  43  36 
 451	6  40  34 
 455	2  37  29 
 455	2   1  14 
 451	6  46  45 
 455	6  13  11 
 457	2  37  29 
 457	2   1  14 
 459	2  37  29 
 459	2   1  14 
 457	6  39  33 
 461	2  30  24 
 461	6   5   3 
 463	2  23  38 
 465	2  36  39 
 461	6  14   8 
 461	6  19  18 
 467	2  18  15 
 467	6  47  34 
 469	2  18  15 
 471	2  18  15 
 467	6  45  37 
 467	6   3   2 
 473	2  15   0 
 473	2   5  26 
 473	6  38  36 
 475	2  18  27 
 475	2  15   0 
 477	2   5  26 
 477	2  15   0 
 479	2  22   9 
 479	2  38  39 
 479	2   5  26 
 479	6  43  35 
 481	2  18  27 
 481	2  38  39 
 483	2  30  24 
 483	2  20   5 
 483	2  39  46 
 479	6   7   0 
 481	6  22  15 
 485	2  18  27 
 485	2  39  46 
 485	6  35  28 
 487	2  15   9 
 487	2  30  24 
 487	2  20   5 
 487	2  39  46 
 489	2  15   9 
 489	2  24  17 
 489	2  20   5 
 489	6  45  40 
 491	2  15   2 
 491	2  24  17 
 493	2  11   9 
 491	6  26  20 
 495	2  29  45 
 495	2  11   9 
 497	2  40  19 
 497	2  23  36 
 497	6  21  14 
 499	2  40  19 
 499	2  23  36 
 501	2  40  19 
 501	2  37  36 
 497	6   8   1 
 497	6   4   3 
 503	2  29  45 
 503	2  24  17 
 503	6  20   4 
 505	2  29  45 
 507	2  21  29 
 503	6  41  40 
 505	6  32  24 
 509	2   4   1 
 509	2  37  36 
 509	6  34  20 
 511	2  23  24 
 511	2   7  28 
 513	2   4   1 
 513	2  21  29 
 513	2  23  24 
 509	6  47  46 
 511	6  38  32 
 515	2  34  41 
 515	2  15   2 
 513	6  43  42 
 517	2  34  41 
 517	2   4   1 
 517	2  21  29 
 517	2  23  24 
 517	6  46  38 
 519	2   7  28 
 519	2  34  41 
 519	2  25  10 
 521	2  15   2 
 519	6  13  12 
 523	2  37  36 
 523	2   3  16 
 521	6  33  32 
 525	2  11   9 
 525	2  37  35 
 525	6  20  13 
 527	2   7  28 
 527	2  11   5 
 529	2  21  36 
 529	2  25  10 
 523	6  47  41 
 527	6  45  38 
 531	2  20  33 
 531	2  21  36 
 531	2  11   5 
 529	6   7   1 
 533	2  20  33 
 533	2  37  35 
 533	2   3  16 
 533	6  47  46 
 535	2  20  33 
 535	2  37  35 
 535	2   3  16 
 537	2  26  31 
 537	2  11   5 
 537	6  16  14 
 539	2  26  31 
 539	2  13   5 
 541	2  26  31 
 541	2  13   5 
 537	6  36  28 
 537	6   2   1 
 543	2  45  36 
 543	2  25  10 
 543	2  13   5 
 543	6  23  15 
 545	2  45  36 
 547	2  21  28 
 543	6  40  34 
 543	6   1   0 
 545	6  12   3 
 549	2  45  36 
 545	6  32  31 
 549	6  14   0 
 551	2  18  34 
 551	2   2   3 
 553	2  18  34 
 553	2   2   3 
 551	6  31  23 
 555	2  18  34 
 555	2   2   3 
 551	6  44  35 
 557	2  22  23 
 557	2  12   3 
 555	6   8   7 
 559	2  22  23 
 559	2  12   3 
 557	6  39  25 
 561	2  22  23 
 561	2  12   3 
 557	6  42  36 
 557	6  34  27 
 563	2  22  14 
 563	2   4  25 
 565	2  24   8 
 565	6  27  12 
 567	2  15  23 
 569	2  31  46 
 569	2  22  14 
 567	6   3   1 
 571	2  15  23 
 571	6  33  18 
 573	2  22  14 
 575	2  15  23 
 571	6  20  13 
 571	6  38  37 
 573	6   2   1 
 577	2  40  33 
 577	2  21  36 
 577	6  17  12 
 579	2  40  33 
 579	2  21  36 
 581	2  40  33 
 581	2  21  36 
 583	2   3  17 
 583	2  33  39 
 583	6  37  28 
 585	2  18   9 
 585	2  33  39 
 587	2   3  17 
 587	2  33  39 
 583	6   6   5 
 583	6  27  20 
 589	2   7  28 
 589	2   4  25 
 591	2   7  28 
 591	2  31  46 
 591	6  10   5 
 593	2   7  28 
 593	2  31  46 
 595	2  28  29 
 595	2  44  46 
 591	6  34  26 
 597	2  10   7 
 597	2  28  29 
 597	2  44  46 
 597	6  33  31 
 599	2  10   7 
 599	2  28  29 
 599	2  44  46 
 601	2  18   9 
 601	6  22  14 
 603	2   3  17 
 603	2  27  39 
 605	2   4  25 
 601	6  44  36 
 607	2  24   8 
 607	2   5   4 
 607	6  45  43 
 609	2  24   8 
 609	2   5   4 
 611	2  10   7 
 611	2  22  23 
 607	6  34  20 
 611	6  32  25 
 613	2   8   1 
 613	2  22  23 
 613	2   5   4 
 615	2   8   1 
 615	2  22  23 
 613	6  47  44 
 617	2  18   9 
 617	6  14   7 
 619	2  25  10 
 621	2  18  33 
 617	6  29  28 
 621	6   4   3 
 623	2  15  17 
 623	2  37  32 
 625	2  15  17 
 625	2  37  32 
 627	2   7   9 
 627	2  18  33 
 627	6  43  28 
 629	2   7   9 
 629	2  18  33 
 631	2  25  10 
 631	2   8   1 
 627	6  30  23 
 631	6  40  39 
 633	2  28  14 
 633	2  25  10 
 635	2  28  14 
 635	2   2  18 
 637	2   7   9 
 637	2  37  32 
 639	2  15  17 
 639	2  30  36 
 639	2  34  47 
 641	2  28  14 
 641	2  32  45 
 641	6  19  17 
 643	2  28  14 
 643	2  34  47 
 645	2  30  36 
 645	2  32  45 
 647	2  17  23 
 647	2   8   3 
 647	2  27  40 
 649	2  17  23 
 649	2   8   3 
 649	2  27  40 
 651	2  17  23 
 651	2  28  14 
 651	2  34  47 
 653	2  31  22 
 651	6  12  11 
 655	2  31  22 
 647	6  44  43 
 653	6  41  27 
 657	2  11  23 
 657	6  44  38 
 659	2  11  23 
 661	2  11  23 
 663	2  38  23 
 663	2  11   4 
 663	2  28  14 
 659	6  27  20 
 665	2  20  17 
 665	6  39  37 
 667	2  20  17 
 669	2  20  17 
 665	6  14   1 
 671	2  29  37 
 671	2  11   4 
 671	6  26  24 
 673	2  29  37 
 673	2  11   4 
 675	2  29  37 
 675	2  11   9 
 671	6  47  41 
 671	6  21  14 
 671	6  13   6 
 677	2  16  24 
 677	2  26  20 
 677	2  37  21 
 677	6   6   4 
 679	2  16  24 
 679	2  26  20 
 679	2  37  21 
 681	2  16  24 
 681	2  26  20 
 681	2  37  21 
 677	6  41  34 
 677	6   8   1 
 683	2  38  23 
 683	2  20  13 
 683	2   1   3 
 683	6  26  25 
 685	2  38  23 
 685	2  20  13 
 687	2  11   9 
 687	2  30  36 
 687	2  20  13 
 687	6  45  40 
 689	2  35  23 
 691	2  35  23 
 689	6  10   4 
 693	2  38  33 
 689	6  19  12 
 689	6  14   8 
 693	6  42  36 
 695	2  10  24 
 695	2  13  34 
 697	2  10  24 
 697	2  13  34 
 695	6  21  14 
 699	2  10  24 
 699	2  13  34 
 695	6  47  46 
 699	6  37  35 
 701	2  24  19 
 703	2  24  19 
 701	6  40  33 
 705	2  24  19 
 705	2  35  21 
 701	6  10   9 
 705	6  46  38 
 707	2  19  12 
 707	2  32  33 
 707	2  35  21 
 709	2   2  18 
 709	2  35  21 
 709	6  41  34 
 711	2   8  24 
 711	2  19  12 
 713	2   8  24 
 713	2  19  12 
 711	6  43  28 
 715	2  46  40 
 715	2   8  24 
 711	6   4   3 
 715	6  27  19 
 717	2  16  28 
 717	2  46  40 
 719	2  16  28 
 717	6   6   4 
 721	2  16  28 
 721	2  27  34 
 717	6   1   0 
 717	6  44  43 
 717	6  32  25 
 719	6  46  40 
 723	2  43  28 
 723	2  16   1 
 723	2  27  34 
 723	6  25  19 
 725	2  43  28 
 725	2  16   1 
 725	2  27  34 
 727	2  43  28 
 727	2  16   1 
 725	6  38  30 
 729	2  17  25 
 725	6  47  46 
 729	6  21   7 
 731	2  17  25 
 733	2  17  25 
 729	6  43  35 
 729	6  20  19 
 729	6   3   2 
 731	6  46  45 
 735	2   4   1 
 735	2  35  21 
 731	6  40  34 
 735	6  24  17 
 737	2   4   1 
 737	2  35  21 
 739	2   4   1 
 739	2  35  21 
 735	6  26  19 
 737	6  46  41 
 741	2  37  23 
 741	2   3  18 
 741	6  28  14 
 743	2  24  45 
 745	2  24  45 
 741	6   6   5 
 743	6  34  20 
 747	2  14   2 
 747	2  24  45 
 749	2  29  32 
 749	2  11  10 
 751	2  14   2 
 751	2  38  37 
 751	2  26  33 
 751	6  17  11 
 753	2  14   2 
 753	2  45  42 
 753	2  26  33 
 755	2  31  22 
 755	2  26  33 
 755	6   9   8 
 757	2  29  32 
 759	2  29  32 
 757	6  11   5 
 761	2  31  44 
 761	2  29  28 
 761	6  14   9 
 763	2  31  44 
 763	2  29  28 
 765	2  38  37 
 765	2  29  28 
 761	6  33  26 
 763	6  12   4 
 767	2  23  21 
 767	2  45  42 
 767	6  33  32 
 769	2  20  12 
 769	2  17  10 
 769	2  22  35 
 769	2  38  37 
 771	2   9  11 
 771	2  22  35 
 771	6  44  38 
 773	2   2  18 
 773	2  22  35 
 775	2  20  12 
 775	2  23  21 
 773	6  41  33 
 777	2  14  30 
 777	2  17  10 
 777	2  20  12 
 777	6  43  35 
 779	2  33  24 
 779	2   9  11 
 781	2  33  24 
 781	2   9  11 
 783	2   2  18 
 783	2  31  38 
 783	2  29  28 
 783	6  23  15 
 785	2   2  18 
 785	2  45  42 
 787	2  17  10 
 787	2  12  26 
 787	2  46  45 
 787	2  29  28 
 787	6   1   0 
 789	2  23  25 
 789	2  46  45 
 791	2  23  25 
 791	2  46  45 
 787	6  43  42 
 789	6  21  14 
 793	2  23  25 
 789	6   4   3 
 793	6   9   1 
 795	2  21  30 
 795	2  11  13 
 797	2  33  24 
 797	2  15  14 
 797	2  11  13 
 797	2  29  28 
 797	6  38  37 
 799	2   9  25 
 801	2   9  25 
 799	6  35  21 
 803	2   9  25 
 805	2  35  30 
 805	2  12  26 
 805	6  14   2 
 807	2  20  25 
 807	2  35  37 
 809	2  20  25 
 809	2  35  37 
 811	2  21  14 
 811	2  10  31 
 811	6  43  35 
 813	2  21  14 
 813	2  10  31 
 815	2  20  25 
 815	2  21  14 
 815	6  30  16 
 817	2  12  26 
 819	2  11  13 
 793	6  47  46 
 811	6   1   0 
 817	6  35  21 
 821	2  30  39 
 817	6   2   1 
 821	6  18  12 
 823	2  30  39 
 823	2  15  21 
 825	2  30  39 
 825	2  15  21 
 823	6   3   2 
 827	2  30  46 
 827	2  15  21 
 823	6  42  35 
 827	6  33  26 
 829	2   2  23 
 831	2  30  46 
 831	2  21  14 
 831	6  12   3 
 833	2  30  46 
 833	2  21  14 
 835	2  44  46 
 835	2  21  14 
 835	6  33  24 
 837	2  44  46 
 839	2  44  46 
 837	6  11   9 
 841	2  43  37 
 837	6  14   7 
 837	6  29  22 
 841	6  39  33 
 843	2   2  23 
 845	2   2  23 
 843	6  45  44 
 847	2  12  33 
 847	2  14  16 
 847	2   2   3 
 847	6  36  28 
 849	2  12  33 
 849	2  14  16 
 849	2   2   3 
 851	2  12  33 
 851	2  14  16 
 851	2   2   3 
 853	2  38  17 
 853	6   7   1 
 855	2  23  35 
 855	2  11  26 
 857	2  32  29 
 859	2  38  17 
 859	6  21   7 
 861	2  11  26 
 861	2  37  46 
 863	2  10  31 
 865	2  30  21 
 865	2  11  26 
 865	6  45  39 
 867	2  23  35 
 869	2  30  21 
 869	2  10  26 
 871	2  32  29 
 871	6   7   2 
 873	2  23  35 
 875	2  32  29 
 877	2  38  17 
 877	6  29  28 
 879	2  39  18 
 881	2  25  17 
 867	6   6   5 
 881	6  46  38 
 883	2  15   9 
 885	2  16   3 
 881	6  12   5 
 887	2   8  29 
 887	6  12  11 
 889	2   8  29 
 891	2   8  29 
 883	6  33  27 
 893	2  11   8 
 893	2  37  38 
 895	2  11   8 
 895	2  37  38 
 897	2  11   8 
 897	6  38  29 
 899	2  11   6 
 899	2  15   9 
 901	2  11   6 
 901	2  15   9 
 903	2  11   6 
 903	2  30  21 
 903	6   8   2 
 905	2  27  11 
 905	2  30  36 
 907	2  27  11 
 907	2  30  36 
 909	2   4   2 
 909	2  21   7 
 909	2  25  17 
 909	2  30  36 
 909	6  40  33 
 911	2   4   2 
 911	2  14  35 
 911	2  25  17 
 913	2   4   2 
 913	2  22  24 
 913	6  43  37 
 915	2   2   0 
 915	2  32  23 
 917	2   2   0 
 917	2  22  24 
 915	6  12   4 
 919	2   2   0 
 919	2  32  23 
 921	2  12  33 
 921	2  21   7 
 921	6  36  30 
 923	2  12  33 
 923	2  21   7 
 925	2  12  33 
 925	6   9   0 
 927	2  33  46 
 927	2  22  24 
 929	2  33  46 
 929	2  21  36 
 927	6  13  12 
 931	2  16   3 
 931	2  33  46 
 931	6  37  31 
 933	2  27  11 
 935	2  12   9 
 931	6  29  28 
 937	2   2   4 
 937	2  14  35 
 937	6  38  25 
 939	2   2   4 
 939	2  14  35 
 941	2   2   4 
 937	6  34  20 
 941	6  42  21 
 943	2  25  19 
 945	2  25  19 
 943	6  47  45 
 947	2  25  19 
 947	2  16   3 
 947	2  42  36 
 943	6  34  33 
 947	6  21   7 
 949	2  41  25 
 949	2   3   2 
 949	2  42  36 
 951	2  19  20 
 951	2   3   2 
 949	6  46  45 
 953	2  41  25 
 953	2   0  14 
 953	2   3   2 
 951	6  42  36 
 955	2  19  20 
 955	2  32  23 
 955	2  28  21 
 955	6   7   2 
 957	2  41  25 
 957	2  28  21 
 959	2  19  20 
 959	2  47  41 
 959	2  32  30 
 959	2  28  21 
 955	6  45  44 
 961	2  19   6 
 961	2  47  41 
 961	2  16   8 
 961	2  32  30 
 961	6   3   2 
 963	2  40  25 
 963	2   0  14 
 965	2  20   5 
 965	2  47  41 
 965	2  16   8 
 965	2  32  30 
 961	6  45  43 
 965	6  28  21 
 967	2  19   6 
 967	2  46  41 
 967	2  16   8 
 969	2  40  25 
 967	6  44  36 
 971	2  20   5 
 971	2  47  33 
 971	2   0  14 
 971	6  24  17 
 973	2  19   6 
 973	2  46  41 
 973	2  14   7 
 975	2  20   5 
 975	2  47  33 
 975	2  21   8 
 975	6  43  38 
 977	2   3   5 
 977	2  47  33 
 977	2  14   7 
 979	2  13  20 
 979	2  21   8 
 979	6  17  11 
 981	2  13  20 
 981	2  46  41 
 981	2  14   7 
 983	2  13  20 
 983	2  32  30 
 983	2  21   8 
 981	6  43  35 
 985	2  40  25 
 985	2   3   5 
 985	6  29  22 
 987	2  31  17 
 989	2  27  25 
 989	2   3   5 
 987	6  46  44 
 991	2  12   9 
 987	6  48  41 
 993	2  40  37 
 993	2  12   9 
 995	2  39  18 
 995	6  43  29 
 997	2  10  26 
 999	2  27  25 
 997	6  47  38 
1001	2  10  26 
1003	2  31  17 
1001	6  28  14 
1005	2  39  18 
1003	6   2   1 
1007	2  40  37 
1007	2  11  10 
1007	6  20  19 
1009	2  31  17 
1011	2  40  37 
1011	2  11  10 
1009	6  14   1 
1013	2  27  25 
1013	2  37  36 
1013	2  11  10 
1013	6  47  41 
1015	2  18  15 
1015	2  38  43 
1017	2   5   2 
1017	2  31  23 
1017	2  37  36 
1017	6  27  20 
1019	2  40  24 
1019	2   5   2 
1019	2  37  36 
1021	2  45  48 
1021	2   5   2 
1021	6  25  23 
1023	2  45  48 
1023	2   5  11 
1025	2  38  43 
1025	2   5  11 
1023	6  20  13 
1027	2  23  29 
1027	2  45  48 
1027	2   5  11 
1023	6   8   2 
1027	6  42  35 
1029	2  41  27 
1029	2  31  25 
1029	2  11   2 
1031	2  41  27 
1031	2  23  29 
1031	2  11   2 
1029	6  45  44 
1033	2  41  27 
1033	2  31  25 
1033	2  11   2 
1029	6  13   6 
1033	6  22  16 
1035	2  12  33 
1035	2  37  44 
1037	2  39  26 
1037	2  37  44 
1033	6  35  28 
1035	6   2   1 
1039	2  20  17 
1039	2  38  43 
1039	6  28  14 
1041	2   6   3 
1041	2  39  26 
1041	2  37  44 
1043	2  19   4 
1043	6  37  23 
1045	2  12  33 
1047	2   6   3 
1047	6  41  27 
1049	2  37  29 
1049	2   6   3 
1051	2  37  43 
1051	6  18  16 
1053	2  38  36 
1055	2  37  43 
1053	6  47  41 
1057	2  18  13 
1057	2  16  15 
1057	2  38  36 
1045	6   7   0 
1059	2  18  13 
1059	2  45  47 
1059	2  16  15 
1059	6  42  28 
1061	2  18  13 
1061	2  45  47 
1063	2  13  34 
1059	6  31  30 
1061	6   9   3 
1065	2  13  34 
1065	2  37  43 
1061	6  14   7 
1063	6  47  46 
1067	2  20  17 
1067	6  42  37 
1069	2  19   4 
1071	2  12  33 
1067	6   7   1 
1069	6  28  22 
1073	2  39  26 
1073	6  10   1 
1075	2  13  34 
1075	2  45  46 
1077	2  33  47 
1077	2  12  13 
1077	2  38  36 
1075	6  23  15 
1079	2  19   4 
1079	2  32  31 
1079	6  45  37 
1081	2  40  24 
1081	2  12  13 
1083	2  20  17 
1081	6  28  14 
1085	2  40  24 
1085	2  12  13 
1087	2  17   9 
1087	2  28  37 
1087	2  25  26 
1087	2  40  48 
1085	6   4   3 
1089	2  29  16 
1089	2  33  47 
1087	6  20  12 
1091	2  24  39 
1091	6  15   8 
1093	2  12  10 
1093	2  28  37 
1093	2  25  26 
1093	2  40  48 
1095	2  12  10 
1095	2  33  47 
1095	2  28  37 
1097	2  30  15 
1097	2  25  26 
1097	2  12  10 
1097	2  40  48 
1097	6  46  45 
1099	2  17   9 
1099	2  32  31 
1101	2  29  16 
1101	2  26  12 
1099	6  14   7 
1103	2  46  34 
1103	2  17   9 
1103	6  13   4 
1105	2  30  15 
1105	2  46  34 
1107	2  24  39 
1107	2   9   8 
1103	6  43  35 
1109	2  13  27 
1109	2  29  16 
1109	6  11   3 
1111	2  13  27 
1111	2  30  15 
1113	2  13  27 
1113	2  24  39 
1113	2  36  29 
1113	2   9   8 
1115	2  11  27 
1115	2  28  15 
1115	6  45  43 
1117	2  11  27 
1117	2  28  15 
1119	2  11  27 
1119	2  28  15 
1121	2  46  34 
1121	2  24  21 
1121	2   9   8 
1121	6  13   4 
1123	2  30  45 
1123	2  34  48 
1125	2  40  37 
1123	6   9   1 
1127	2  32  46 
1127	2  11   5 
1127	2  36  29 
1127	6  20  13 
1129	2   4   9 
1129	2  30  45 
1129	2  34  48 
1131	2   4   9 
1131	2  40  37 
1133	2   4   9 
1133	2  32  46 
1133	2  36  29 
1133	6  27  20 
1135	2   9   4 
1135	2  30  45 
1137	2  10  31 
1135	6  43  35 
1139	2  33  17 
1129	6   7   0 
1139	6  38  37 
1141	2  33  17 
1143	2  26  12 
1141	6  28   7 
1145	2  27  39 
1145	2  11   5 
1143	6   3   2 
1147	2  23  35 
1147	2  26  12 
1147	6  47  45 
1149	2   3  19 
1149	2  23  35 
1151	2   3  19 
1151	2  23  35 
1147	6   8   7 
1153	2   3  19 
1153	2  28  35 
1153	2  40  38 
1153	6  22  16 
1155	2  27  39 
1155	2  28  35 
1155	2  11   5 
1157	2  27  39 
1157	2  28  35 
1155	6   2   0 
1159	2  23  25 
1159	2  34  48 
1157	6  12   6 
1161	2  37  22 
1161	2  32  46 
1161	6   4   3 
1163	2  16  18 
1165	2  16  18 
1161	6  34  27 
1163	6  48  39 
1167	2  16  18 
1163	6  43  42 
1167	6  13   5 
1169	2  18   2 
1169	2  37  22 
1171	2  18   2 
1171	2  37  22 
1169	6  47  40 
1173	2  18   2 
1169	6  42  35 
1173	6  45  44 
1175	2   5   4 
1175	2  23  25 
1177	2   5   4 
1177	2  24  21 
1175	6  20  13 
1179	2   9   3 
1179	2  23  25 
1179	6  46  43 
1181	2   5   4 
1183	2   9   3 
1183	2   6   5 
1181	6  23  18 
1185	2   9   8 
1185	2   6   5 
1181	6  27  20 
1185	6  45  37 
1187	2  33  17 
1187	2   6   5 
1189	2  27  32 
1189	2   9   8 
1185	6  43  42 
1187	6  22  21 
1191	2  10  31 
1191	6  44  43 
1193	2  10  31 
1195	2  24  22 
1195	2   9   8 
1195	6  46  33 
1197	2  23  37 
1197	2  20  18 
1199	2  23  37 
1199	2  20  18 
1197	6   8   3 
1201	2  33  19 
1201	2  23  37 
1203	2  33  19 
1203	2  29  15 
1203	6  24  10 
1205	2  33  19 
1205	2  28   7 
1207	2  45  39 
1207	2  29  15 
1207	6  34  19 
1209	2  14  30 
1209	2   4  10 
1209	2  45  39 
1211	2  23  22 
1211	2   4  10 
1211	2  45  39 
1209	6   2   1 
1213	2  40  26 
1213	2  14  30 
1213	2   4  10 
1215	2  25  38 
1215	2  23  22 
1215	6  12  10 
1217	2  34  46 
1217	2  28   7 
1219	2  27  32 
1219	2  29  15 
1219	6  45  44 
1221	2  10  16 
1221	2  40  26 
1223	2  10  16 
1223	2  27  32 
1219	6   1   0 
1221	6  35  21 
1225	2  10  16 
1225	2  19  31 
1227	2   0  21 
1227	2  25  38 
1227	6  13  12 
1229	2   0  21 
1229	2  34  46 
1231	2   0  21 
1231	2  40  26 
1227	6   4   3 
1227	6  16   9 
1227	6  43  36 
1233	2  12   9 
1233	2  34  46 
1233	6  37  29 
1235	2  12   9 
1235	2  32  34 
1237	2  12   9 
1237	2  32  34 
1233	6  42  35 
1239	2   2   9 
1239	2  24  45 
1239	6  27  12 
1241	2   8  29 
1243	2   2   9 
1243	2  24  45 
1243	6  21   7 
1245	2  19  31 
1245	2   2   9 
1247	2  25  38 
1245	6  47  41 
1249	2   7   1 
1249	2  19  31 
1249	2  28  21 
1249	6  16  15 
1251	2  27  41 
1251	2   7   1 
1251	2  21  28 
1251	2  38  31 
1253	2  27  41 
1253	2   7   1 
1253	2  21  28 
1253	2  38  31 
1251	6  12   4 
1255	2   8  29 
1255	2  27  41 
1257	2   8  29 
1257	2  20  18 
1257	6   4   3 
1259	2  14  30 
1261	2  24  45 
1261	2  15  14 
1259	6  41  27 
1263	2  23  22 
1263	2  38  31 
1263	6   3   1 
1265	2  12  26 
1265	2  30  45 
1265	2  15  14 
1267	2  40  37 
1267	2  21  28 
1267	6  17  16 
1269	2   5  20 
1269	2   7   1 
1269	2  30  45 
1271	2   5  20 
1271	2  40  37 
1271	2   7   1 
1269	6  28  21 
1273	2   9  25 
1273	6  46  37 
1275	2   3  19 
1275	2  15  14 
1277	2  27  18 
1277	2   7   1 
1275	6  35  28 
1279	2  12  26 
1279	2  30  45 
1279	6   7   2 
1281	2  37  29 
1281	2  27  18 
1281	2  40  46 
1283	2  37  29 
1283	2   5  20 
1281	6  23  16 
1285	2   3  19 
1285	2  37  29 
1283	6  46  40 
1287	2  16   4 
1287	2  37  29 
1285	6   7   0 
1289	2  16   4 
1289	2  32  34 
1289	2  37  29 
1291	2   7  28 
1291	2  12  26 
1291	6  44  31 
1293	2   7  28 
1293	2   3  19 
1295	2   7  28 
1295	2   2   3 
1295	6  41  20 
1297	2  31  24 
1297	2   2   3 
1297	2  37  29 
1299	2  31  24 
1299	2   2   3 
1297	6  46  45 
1301	2  17  20 
1299	6  29  14 
1303	2  17  20 
1303	6  46  41 
1305	2   9  25 
1307	2  17  20 
1303	6  44  43 
1305	6  30  29 
1309	2   9  25 
1309	2  46  38 
1311	2  44  23 
1311	6  20  11 
1313	2  44  23 
1315	2  44  23 
1311	6  14   7 
1311	6  35  28 
1311	6  39  32 
1317	2  33  20 
1317	2  16   4 
1317	2  46  38 
1317	6  35  29 
1319	2  33  20 
1319	2  31  24 
1321	2  33  20 
1321	2  24  31 
1317	6  44  43 
1319	6  15  10 
1323	2   6  20 
1323	2  24  31 
1319	6  48  47 
1323	6  44  42 
1325	2   6  20 
1325	2  10  11 
1325	2  24  31 
1327	2   6  20 
1327	2   9  21 
1323	6  39  33 
1327	6  30  24 
1329	2  20   4 
1331	2  10  11 
1329	6  28  14 
1333	2  27  18 
1333	2  46  38 
1331	6   6   5 
1335	2  36  15 
1335	2  27  41 
1335	2  10  11 
1335	6  32  31 
1337	2  36  15 
1337	2  18  12 
1337	2  27  41 
1339	2  36  15 
1339	2  18  12 
1339	2  27  41 
1341	2  36  44 
1341	2  31  22 
1341	2  20   4 
1341	6  47  46 
1343	2  36  44 
1343	2  31  22 
1343	2  18  12 
1345	2  36  44 
1345	2  31  22 
1345	2  20   4 
1341	6   8   0 
1347	2  43  28 
1347	2  26  24 
1347	2  47  41 
1347	2  11  10 
1347	6  14   8 
1349	2  43  28 
1349	2  40  19 
1351	2  43  28 
1351	2  26  24 
1351	2  47  41 
1351	2  11  10 
1351	6  39  38 
1353	2   9  21 
1353	2  20  12 
1353	2  47  41 
1355	2  26  24 
1355	2  11  10 
1355	6  35  14 
1357	2  40  19 
1359	2  40  19 
1357	6  45  44 
1361	2  36  35 
1361	2  20  12 
1357	6   3   2 
1361	6  31  16 
1363	2  36  35 
1363	2  20  12 
1365	2  36  35 
1361	6  40  34 
1363	6  46  45 
1367	2   9  21 
1365	6   5   4 
1369	2  38  29 
1369	2   7   9 
1365	6  19  13 
1371	2  38  29 
1371	2   7   9 
1371	6  20   5 
1373	2  38  29 
1373	2   7   9 
1375	2  36  44 
1375	2  31  38 
1371	6  33  25 
1375	6  10   8 
1377	2  29  42 
1377	2  31  38 
1377	2  20  27 
1379	2  36  44 
1379	2  31  38 
1379	2  20  27 
1377	6  46  40 
1381	2  10   4 
1381	2  29  42 
1381	2  20  27 
1381	6  32  25 
1383	2  10   4 
1383	2  36  44 
1385	2  10   4 
1385	2  29  42 
1381	6  15  14 
1385	6  46  38 
1387	2  29  42 
1389	2  29  42 
1387	6  18  16 
1391	2  35  38 
1393	2  40  19 
1393	2  29  42 
1393	6   9   3 
1395	2  40  19 
1397	2  40  19 
1393	6  45  44 
1395	6  35  22 
1399	2  18  19 
1399	2  31  45 
1399	6  40  33 
1401	2  18  19 
1401	2  31  45 
1403	2  18  19 
1403	2  31  45 
1401	6  35  14 
1405	2  18  26 
1399	6  13   6 
1399	6   2   1 
1405	6  32  31 
1407	2  35  44 
1407	2  18  26 
1409	2  35  44 
1409	2  18  26 
1405	6   6   5 
1405	6  46  40 
1407	6  14   0 
1411	2  35  44 
1411	2   4  25 
1413	2  44  23 
1411	6  20  13 
1415	2  35  14 
1415	2   4  25 
1417	2  44  23 
1417	6  40  26 
1419	2  35  14 
1421	2  44  23 
1417	6   5   3 
1421	6   7   0 
1423	2  28  31 
1425	2  22  38 
1423	6  34  20 
1427	2  35  14 
1429	2   2  23 
1427	6  45  44 
1431	2   2  23 
1429	6  47  34 
1433	2  28  31 
1429	6  20  19 
1433	6   8   3 
1435	2  47  45 
1437	2  47  45 
1435	6  35  21 
1439	2  47  45 
1439	2   4  25 
1441	2  21   7 
1441	2  25  32 
1441	6  30  16 
1443	2  21   7 
1443	2  25  32 
1445	2  21   7 
1445	2  25  32 
1441	6  41  20 
1441	6  46  45 
1441	6   4   3 
1447	2   2  23 
1447	2  41  47 
1447	6  26  19 
1449	2  22  38 
1449	2  41  47 
1451	2  28  31 
1451	2  41  47 
1447	6   6   5 
1449	6   3   2 
1453	2  36  24 
1451	6  15   8 
1455	2  30  38 
1455	2  19   3 
1453	6  41  34 
1457	2  22  10 
1453	6  47  46 
1457	6  43  37 
1459	2  47  26 
1459	2  15  28 
1461	2  16  21 
1461	2  47  26 
1459	6   5   3 
1463	2  36  24 
1463	6  40  27 
1465	2  22  10 
1467	2  30  38 
1467	2  15  28 
1467	6  12   6 
1469	2  16  21 
1469	2  30  38 
1471	2  36  24 
1469	6  34  27 
1473	2  22  10 
1473	6  47  32 
1475	2  19   5 
1475	2  15  28 
1477	2  19   5 
1477	2  16  21 
1473	6  45  37 
1479	2  32  26 
1479	2  36  29 
1479	2   5  12 
1479	2  16   3 
1481	2  10  11 
1481	2  19  27 
1481	2  38  40 
1481	2  36  29 
1479	6  21  14 
1483	2  24  18 
1483	2   5  12 
1483	2  38  40 
1483	2  36  29 
1481	6   8   2 
1485	2  37  21 
1485	2  10  11 
1485	2  19  27 
1485	6  47  41 
1487	2  37  21 
1487	2  24  18 
1487	2   5  12 
1489	2  37  21 
1489	2  10  11 
1489	2  19  27 
1489	6  16   8 
1491	2  43  37 
1493	2  43  37 
1489	6  32  25 
1491	6  27  12 
1495	2  43  37 
1491	6  35  28 
1491	6  47  46 
1491	6   3   2 
1495	6  23  15 
1497	2  37  46 
1497	2  10  12 
1499	2  37  46 
1499	2  10  12 
1497	6  33  27 
1501	2   1  15 
1501	2  37  46 
1501	2  24  18 
1501	6   6   4 
1503	2   7  28 
1503	2  38  40 
1505	2   1  15 
1505	2  38  33 
1503	6  24  17 
1507	2   7  28 
1507	2  38  33 
1507	6  12   3 
1509	2  24  45 
1511	2  24  45 
1509	6  21   7 
1513	2  12  27 
1513	2  24  45 
1515	2  12  27 
1515	2  45  24 
1515	2  21  28 
1515	2   8   2 
1517	2  12  27 
1517	2  45  24 
1517	2  42  28 
1517	2   8   2 
1519	2   1  15 
1519	2  42  28 
1519	2  10   3 
1519	2  38  33 
1519	6  20   6 
1521	2  45  24 
1521	2   1  14 
1523	2  30  16 
1521	6   4   3 
1525	2  20  26 
1525	2  30  16 
1523	6  45  43 
1527	2   3  15 
1527	2  20  26 
1527	6  32  31 
1529	2   3  15 
1529	2  20  26 
1531	2   1  14 
1523	6  47  40 
1529	6  44  36 
1533	2  32  27 
1533	2   3  15 
1535	2  32  27 
1535	2  21  36 
1531	6  12   6 
1535	6   7   1 
1537	2  32  27 
1537	2  21  36 
1539	2  27  34 
1539	2  24  12 
1539	2  21  36 
1535	6  46  45 
1541	2  40  32 
1541	2  27  34 
1541	2  30  16 
1541	2   7  14 
1541	2  44  45 
1541	6   6   4 
1543	2  23  25 
1543	2  27  34 
1543	2  42  28 
1543	2  44  45 
1545	2  40  32 
1545	2  36  37 
1545	2  16  14 
1547	2   4   1 
1547	2  23  25 
1547	2  36  37 
1547	6  47  34 
1549	2   4   1 
1549	2  23  25 
1549	2  44  45 
1551	2   4   1 
1551	2  36  37 
1551	6  23  21 
1553	2   1   4 
1553	2  40  32 
1555	2   1   4 
1553	6  45  36 
1557	2  24  12 
1555	6  41  33 
1559	2  24  12 
1557	6   7   2 
1561	2  18  25 
1559	6  43  28 
1563	2   1   4 
1563	2  24  33 
1559	6  47  46 
1565	2   3  15 
1565	2  18  25 
1565	6  46  43 
1567	2  20  17 
1569	2   4   2 
1569	2  18  25 
1567	6  28  21 
1571	2  43  42 
1571	2  46  40 
1571	2  20  17 
1567	6   7   0 
1573	2   7  21 
1573	2  43  42 
1573	2  24  33 
1573	2   4   2 
1575	2   7  21 
1575	2  46  40 
1575	2  43  42 
1575	2  20  17 
1577	2   7  21 
1577	2  24  33 
1577	2   4   2 
1577	6  44  38 
1579	2  28  21 
1581	2   3  15 
1577	6  20  13 
1579	6  47  33 
1583	2  28  21 
1583	2  10  13 
1583	6  43  37 
1585	2  20  33 
1585	2  16  14 
1587	2  20  33 
1587	2   3  15 
1589	2  20  33 
1589	2  28  21 
1589	6   4   1 
1591	2  46  40 
1593	2  38  25 
1591	6  29  21 
1595	2  38  25 
1591	6  27  20 
1593	6  41  40 
1597	2   5  20 
1597	2  21   7 
1595	6   3   2 
1599	2  23  26 
1597	6  45  44 
1601	2   5  20 
1601	2  21   7 
1597	6  36  35 
1601	6  32  17 
1603	2   5  20 
1603	2  21   7 
1603	6  47  45 
1607	2  23  26 
1605	6   2   0 
1609	2  23  26 
1605	6   5   4 
1611	2  17   2 
1611	2  32  46 
1611	6  21   7 
1613	2  17   2 
1613	2  32  46 
1615	2  17   2 
1615	2  32  46 
1611	6  13   5 
1603	6  43  42 
1609	6  43  36 
1617	2  13  34 
1617	2  16  14 
1615	6  44  36 
1619	2  13  34 
1619	2  16  15 
1617	6   4   3 
1621	2  13  34 
1621	2  23  37 
1619	6   7   1 
1623	2  10   5 
1623	2  23  37 
1619	6  28  21 
1623	6  47  26 
1625	2   7  21 
1625	2  10   5 
1627	2   1   2 
1627	2  14  35 
1625	6  31  30 
1629	2  26  20 
1629	2   7  21 
1627	6  10   4 
1631	2  31  19 
1631	2  16  15 
1631	2   1   2 
1633	2  31  19 
1633	2  14  35 
1633	2   1   2 
1635	2  31  19 
1635	2   7  21 
1631	6  40  34 
1635	6   9   3 
1637	2  31  40 
1637	2  26  20 
1639	2  31  40 
1639	2  26  20 
1637	6  21   7 
1641	2  38  25 
1637	6  12  11 
1643	2  33  12 
1643	2  16  15 
1643	2   7   1 
1643	6  30  28 
1645	2  11   8 
1647	2  33  12 
1647	2   7   1 
1643	6  46  45 
1647	6  16   9 
1649	2  33  12 
1649	2   7   1 
1651	2  47  33 
1649	6  45  44 
1653	2  11   8 
1653	2  47  33 
1653	6  30  23 
1655	2  11   8 
1655	2  47  33 
1657	2  14  35 
1657	2  25  33 
1657	6  47  45 
1659	2  16  29 
1659	2  25  33 
1661	2   8  24 
1657	6  27  20 
1657	6  12  11 
1663	2  16  29 
1663	2  25  33 
1663	6  20  12 
1665	2   8  24 
1667	2  16  29 
1665	6  41  33 
1669	2   8  24 
1669	6  12   4 
1671	2  31  40 
1671	2   2   8 
1673	2  30  37 
1673	2  16  21 
1671	6  27  26 
1675	2  45  29 
1675	2   2   8 
1675	6  18  11 
1677	2  20  33 
1677	2  16  21 
1679	2  20  33 
1679	2  45  29 
1679	2   2   8 
1681	2  20  33 
1681	2  16  21 
1681	6  36  30 
1683	2  33  12 
1685	2  33  12 
1681	6   2   1 
1683	6  21  15 
1687	2  17  30 
1687	6  34  13 
1689	2  17  30 
1691	2  17  30 
1693	2  34  47 
1693	2  13  10 
1693	2  30  44 
1695	2  34  47 
1695	2  13  10 
1695	2  30  44 
1697	2  34  47 
1697	2  13  10 
1697	2  30  44 
1699	2  38  26 
1699	2  10   9 
1701	2  32  17 
1701	2  27  34 
1703	2  38  26 
1703	2  10   9 
1705	2  32  17 
1705	2  27  34 
1707	2  38  26 
1707	2  10   9 
1709	2  33  12 
1709	2   1  15 
1711	2  45  29 
1711	2  27  34 
1709	6  24  17 
1713	2   1  15 
1711	6  11   3 
1715	2  32  24 
1715	2   1  15 
1713	6  27  13 
1713	6  46  37 
1717	6  24  18 
1719	2  27  40 
1721	2  27  40 
1717	6  16  15 
1723	2  37  24 
1723	2  27  40 
1725	2  37  24 
1725	2  27  40 
1723	6  11   9 
1727	2  37  24 
1727	2  27  40 
1729	2  18  34 
1729	6  39  31 
1731	2  18  34 
1733	2  18  34 
1729	6  15   9 
1713	6  42  35 
1717	6   7   0 
1719	6  13   6 
1729	6  35  29 
1725	6  13   6 
1735	2  15  31 
1735	6   5   3 
1737	2  15  31 
1739	2  15  31 
1735	6  41  27 
1741	2  22  15 
1741	2  31  43 
1741	2  41  40 
1741	6  19  10 
1743	2  22  15 
1743	2  31  43 
1745	2  22  15 
1745	2  31  43 
1741	6   6   5 
1747	2  22  43 
1747	2  27  19 
1747	6  47  32 
1749	2  22  43 
1749	2  27  19 
1751	2  22  43 
1751	2  27  19 
1747	6   3   1 
1753	2  31  28 
1753	6   9   4 
1755	2  31  28 
1757	2  31  28 
1753	6  19  13 
1759	2  15   9 
1759	2  29  31 
1759	6  26  11 
1761	2  15   9 
1761	2  29  31 
1763	2  15   9 
1763	2  29  31 
1759	6  46  44 
1759	6  13   6 
1759	6   1   0 
1765	2   7  28 
1765	2  32  24 
1765	6  13  11 
1767	2   7  28 
1767	2  32  24 
1769	2   7  28 
1769	2  32  24 
1771	2  23  10 
1771	2   7   0 
1771	2  33  26 
1771	6  44  38 
1773	2  23  10 
1773	2   7   0 
1773	2  33  26 
1775	2  23  10 
1775	2   7   0 
1775	2  33  26 
1771	6  12   5 
1777	2  38  29 
1777	2  17  10 
1777	6  14   0 
1779	2  31  36 
1779	2  17  10 
1781	2  38  29 
1781	2  17  10 
1777	6  12   4 
1777	6  40  33 
1783	2  28  37 
1783	6  16  11 
1785	2  28  37 
1787	2  28  37 
1783	6  32  26 
1789	2  16  15 
1789	2  31  36 
1789	2  26  12 
1791	2  16  15 
1791	2  38  29 
1791	2  26  12 
1793	2  16  15 
1793	2  31  36 
1793	2  26  12 
1795	2  38  17 
1795	6  28  14 
1797	2  31  19 
1799	2  38  17 
1799	6  33  26 
1801	2  28  35 
1801	2   8  14 
1803	2  28  35 
1803	2   8  14 
1801	6  23  10 
1805	2  28  35 
1805	2   8  14 
1801	6  20  12 
1805	6  45  33 
1807	6  16   4 
1807	6  42  28 
1807	6   7   0 
1811	6  38  33 
1813	2  16  22 
1813	2   4  12 
1815	2  16  22 
1815	2   4  12 
1813	6  14   7 
1817	2  16  22 
1817	2   4  12 
1813	6  43  35 
1817	6  46  39 
1819	2  15  28 
1819	2   4  13 
1821	2  10  16 
1821	2  12  25 
1819	6  44  43 
1823	2  14  22 
1823	2   4  13 
1823	6  25  17 
1825	2  15  28 
1825	2   4  13 
1827	2  14  22 
1825	6  44  38 
1829	2  10  16 
1829	2  33  25 
1827	6   6   5 
1831	2  15  28 
1831	2  32  25 
1831	6  46  41 
1833	2  10  16 
1833	2  32  25 
1835	2  14  22 
1835	2   2  10 
1835	2  32  25 
1833	6   5   4 
1837	2  43  22 
1837	2   2  10 
1833	6  20  13 
1837	6  39  25 
1839	2  29  14 
1839	2   2  10 
1841	2   1  15 
1839	6  34  20 
1843	2  44  28 
1843	2  16  25 
1845	2  37  23 
1845	2  26  11 
1845	6   8   2 
1847	2  36  24 
1849	2  44  28 
1849	2  12  17 
1847	6  40  34 
1851	2  43  22 
1851	6  18   5 
1853	2  29  14 
1853	2  38  40 
1855	2   1  15 
1855	2  38  40 
1857	2  16  25 
1857	2  44  28 
1859	2  37  23 
1859	2  33  18 
1859	6   7   2 
1861	2  36  24 
1863	2  31  19 
1863	6  28  21 
1865	2  12  17 
1865	2  44  46 
1867	2  16  25 
1867	2  44  46 
1869	2  43  22 
1869	2  12   3 
1869	6  40  32 
1871	2  29  14 
1871	2  10  13 
1873	2   1  15 
1873	6  43  28 
1875	2  31  19 
1877	2   4   1 
1877	2  38  32 
1879	2  37  23 
1879	2  14  21 
1879	2  33  18 
1881	2  36  24 
1881	2  12   3 
1881	2  14  21 
1883	2  29  17 
1883	6  33  32 
1885	2  23  16 
1885	2  37  45 
1885	2   4   1 
1885	2  14  21 
1887	2  15  22 
1887	2  37  45 
1887	2  10  13 
1889	2  25  24 
1889	2  15  22 
1889	2  44  46 
1889	2  12   3 
1889	6  33  27 
1891	2  29  17 
1893	2  23  16 
1893	2   4   1 
1893	2  37  45 
1895	2  26  11 
1895	2  23  16 
1895	2  40  46 
1893	6  21  14 
1897	2  25  24 
1897	2  40  46 
1897	6  20   4 
1899	2  15  22 
1899	2  25  24 
1899	2  40  46 
1901	2  16  15 
1895	6  36  35 
1901	6  45  40 
1903	2  29  17 
1903	2  20  27 
1905	2  10  13 
1903	6  14   7 
1907	2  32  18 
1907	2  20  27 
1905	6  36  30 
1909	2  26  11 
1909	2  16  15 
1909	6  41  39 
1911	2  18  17 
1911	2  13  12 
1913	2  24  11 
1913	2  20  27 
1909	6   7   1 
1909	6  28  21 
1911	6  44  36 
1915	2   8  21 
1915	2  40  26 
1915	2  13  12 
1917	2   9  30 
1917	2  40  26 
1917	2  13  12 
1919	2   9  30 
1919	2  40  26 
1919	6  12   6 
1921	2   9  30 
1923	2  43  30 
1923	2   1   3 
1923	2  18  17 
1921	6  40  33 
1925	2  43  30 
1925	2   1   3 
1925	2  18  17 
1927	2  43  30 
1927	2   1   3 
1927	2  16  15 
1927	6  33  18 
1929	2   8  21 
1931	2   8  21 
1929	6  45  43 
1933	2  24  11 
1933	6  14   0 
1935	2  32  37 
1937	2  32  37 
1935	6   9   4 
1939	2  36  21 
1939	6  39  34 
1941	2  36  21 
1943	2  36  21 
1941	6  18   2 
1945	6  45  40 
1947	2  19  18 
1947	2   2   1 
1949	2  19  18 
1949	2   2   1 
1945	6  28  22 
1947	6   6   4 
1951	2  14  30 
1951	2  19  18 
1951	2   2   1 
1951	6  34  27 
1953	2  14  30 
1955	2  14  30 
1953	6  19  12 
1957	2  39  30 
1957	2  14   9 
1959	2  27   6 
1959	2  39  30 
1959	2  14   9 
1961	2  27   6 
1961	2  39  30 
1961	2  14   9 
1963	2  27   6 
1963	2  22   9 
1963	6  44  39 
1965	2  22   9 
1967	2  22   9 
1951	6  42  35 
1965	6  20   6 
1969	2  30  25 
1969	6  14   9 
1971	2  19  40 
1973	2  27  39 
1969	6  43  42 
1971	6  29  23 
1975	2  19  40 
1975	2   9  10 
1975	6  44  43 
1977	2  27  39 
1977	2   9  10 
1979	2  19  40 
1979	2   9  10 
1975	6  14   7 
1977	6  35  29 
1981	2  27  39 
1981	6   9   4 
1983	2  45  40 
1985	2  39  44 
1981	6  21  14 
1983	6  26  20 
1987	2  45  40 
1987	2  24  11 
1987	6  28   7 
1989	2  26  47 
1991	2  26  47 
1993	2  26  47 
1993	6  16   0 
1995	2   5  19 
1995	2  39  44 
1997	2   5  19 
1997	2  45  40 
1993	6  29  21 
1999	2  31  47 
1999	2   5  19 
1999	6  21   9 
2001	2  31  47 
2001	2  19  12 
2003	2  39  44 
2003	2  19  12 
2005	2  31  47 
2005	2  19  12 
2005	6  43  36 
2007	2  38  40 
2007	2  18  23 
2009	2  38  40 
2009	2  18  23 
2005	6   9   3 
2007	6  13   5 
2011	2  45  29 
2011	2  24  17 
2011	6  34  33 
2013	2  36  31 
2013	2   4   5 
2015	2  45  29 
2015	2   6  11 
2011	6   9   8 
2017	2  36  31 
2017	2   4   5 
2017	6  47  34 
2019	2  36  31 
2019	2   6  11 
2021	2  18  23 
2021	2  36  28 
2021	2   4   5 
2021	6  20  13 
2023	2  30  25 
2025	2  45  29 
2025	2  10  18 
2023	6   5   4 
2027	2  20  34 
2027	2  30  25 
2027	6  45  43 
2029	2  20  34 
2029	2  24  17 
2031	2  20  34 
2031	2  10  18 
2027	6  21  15 
2033	2  32  37 
2033	2   6  11 
2033	6  27  20 
2035	2  38  40 
2035	2  14  29 
2035	2  24  17 
2037	2  32  40 
2037	2  14  29 
2037	2  10  18 
2037	6  46  45 
2039	2  32  40 
2039	2  36  28 
2041	2  14  29 
2041	2  32  40 
2039	6  19   3 
2043	2  36  28 
2043	6  23   7 
2045	2  19  20 
2047	2  19  20 
2043	6  38  32 
2043	6  41  34 
2045	6  10   4 
2049	2  19  20 
2049	2  41  46 
2045	6  43  35 
2049	6  24  22 
2051	2  19  34 
2053	2  19  34 
2049	6   7   1 
2051	6  10   9 
2055	2  19  34 
2055	2  21  35 
2051	6   6   5 
2051	6  39  38 
2057	2  47  34 
2057	2   1   3 
2057	2  21  35 
2057	6  23  17 
2059	2  27  32 
2059	2   1   3 
2059	2  21  35 
2061	2  47  34 
2061	2   1   3 
2057	6  13   5 
2061	6  28  14 
2063	2  20  17 
2063	2  41  46 
2065	2  20  17 
2065	2  41  46 
2067	2  20  17 
2067	6  46  37 
2069	2  17   8 
2071	2  17   8 
2067	6  22  21 
2069	6  19  13 
2073	2  31  15 
2073	2  47  34 
2073	6  11   4 
2075	2  24  33 
2077	2  31  15 
2075	6  47  46 
2079	2  27  32 
2079	2   9  14 
2079	6  37  29 
2081	2  24  33 
2083	2  17   8 
2083	6  41  20 
2085	2  31  15 
2087	2  36  23 
2085	6   3   2 
2089	2  41  47 
2089	2  27  32 
2089	6  45  37 
2091	2  41  47 
2091	2   1  15 
2093	2  41  47 
2093	2   3  17 
2091	6  26  19 
2095	2  29   8 
2095	2  47  45 
2097	2  19  16 
2097	2  47  45 
2099	2  19  16 
2099	2  47  45 
2101	2  19  16 
2101	6  45  43 
2103	2  24  33 
2103	2   1  15 
2105	2  26  33 
2105	2  24  11 
2105	2   1  15 
2107	2  27   6 
2107	2   9  14 
2107	6  44  31 
2109	2  26  33 
2109	2   9  14 
2111	2  27   6 
2111	6  22   8 
2113	2   3  17 
2113	2  26  33 
2115	2   3  17 
2115	2  27   6 
2113	6  45  39 
2117	2   8   2 
2117	2  36  23 
2117	6  41  26 
2119	2  29  22 
2119	2   8   2 
2121	2  36  23 
2121	2   8   2 
2117	6   5   4 
2121	6  21  14 
2123	2  31  16 
2123	2  41  47 
2125	2  31  16 
2125	2  41  47 
2123	6  26  18 
2127	2  31  16 
2127	2  41  47 
2123	6  43  35 
2129	2  16   4 
2129	2  31  25 
2129	6  46  34 
2131	2  16   4 
2131	2  31  25 
2133	2  16   4 
2133	2  31  25 
2129	6  37  36 
2135	2  31  44 
2135	2  26  34 
2135	2  29  22 
2135	6  11   9 
2137	2  31  44 
2137	2  26  34 
2137	2  35  21 
2139	2  31  44 
2139	2  26  34 
2139	2  35  21 
2141	2  25  18 
2141	2  35  21 
2141	6  30  16 
2143	2  25  18 
2145	2  25  18 
2141	6  34  13 
2147	2  30  45 
2147	2  13  11 
2147	6  32  26 
2149	2  30  45 
2149	2  13  11 
2151	2  30  45 
2151	2  13  11 
2147	6  16   9 
2141	6   7   1 
2153	2   9  12 
2153	2  37  32 
2155	2   9  12 
2155	2  37  32 
2157	2   9  12 
2157	2  37  32 
2159	2   1   9 
2159	2  12  20 
2159	2  22  31 
2161	2   1   9 
2161	2  12  20 
2161	2  22  31 
2163	2  24  16 
2163	2  12  20 
2163	6   3   1 
2165	2  24  16 
2167	2  22  31 
2165	6  26  19 
2169	2   3   9 
2169	6  38  23 
2171	2   4  19 
2173	2   4  19 
2143	6  42  35 
2169	6  14   0 
2169	6  35  28 
2171	6   9   2 
2175	2  26  39 
2175	6  28  14 
2177	2  23  10 
2177	2  26  39 
2179	2  23  10 
2179	2  26  39 
2175	6  12   6 
2181	2  23  10 
2181	2  26  34 
2181	6  46  43 
2183	2  26  34 
2185	2  26  34 
2181	6  14   8 
2181	6  12   5 
2187	2  36  23 
2187	2   8  10 
2187	2  40  34 
2187	6  19   6 
2189	2  36  23 
2189	2   8  10 
2189	2  40  34 
2191	2  36  23 
2191	2   8  10 
2191	2  40  34 
2193	2  36  43 
2193	2  12  26 
2193	2   8  23 
2193	6  39  38 
2195	2  36  43 
2195	2  12  26 
2195	2   8  23 
2197	2  36  43 
2197	2  12  26 
2197	2   8  23 
2199	2   4   6 
2199	2  36  45 
2199	6  25  23 
2201	2   2   5 
2201	2  36  45 
2203	2   2   5 
2203	2  36  45 
2199	6  41  34 
2199	6  14   7 
2205	2  18  15 
2205	6  38  36 
2207	2  20  17 
2209	2  19  25 
2205	6  47  41 
2207	6   7   0 
2211	2  28  36 
2211	2  12  24 
2211	6  47  45 
2213	2  28  36 
2213	2  12  24 
2215	2  28  36 
2215	2  20  17 
2215	6  33  32 
2217	2  28   7 
2219	2  28   7 
2217	6  18   3 
2221	2  28   7 
2217	6  46  44 
2221	6  34  27 
2223	2  36  44 
2223	2  18  32 
2225	2  36  44 
2225	2   3  15 
2225	2  19  25 
2227	2  36  44 
2227	2  26  39 
2227	2   3  15 
2229	2  29  36 
2229	2  18  32 
2229	6   3   1 
2231	2  29  36 
2231	2  26  39 
2233	2  29  36 
2233	2  18  32 
2229	6  21  14 
2233	6  45  44 
2235	2   6   3 
2237	2   6   3 
2233	6  41  34 
2235	6  35  23 
2239	2   6   3 
2239	2  26  39 
2235	6   7   0 
2239	6  48  41 
2241	2  23  10 
2241	2  43  35 
2241	2  19  25 
2243	2  23  10 
2243	2  43  35 
2241	6   1   0 
2245	2  23  10 
2245	2  48  45 
2243	6  26  25 
2247	2  23  16 
2247	2   1   4 
2247	2  48  45 
2249	2   7  28 
2249	2  23  16 
2249	2  48  45 
2249	6  27  18 
2251	2   7  28 
2251	2  23  16 
2253	2  43  35 
2249	6   4   3 
2251	6  38  32 
2255	2   1   3 
2251	6  47  41 
2253	6  22  16 
2257	2   1   3 
2257	2  27  41 
2255	6  44  43 
2259	2  12  24 
2259	2   7  28 
2259	6  40  33 
2261	2   2   5 
2261	2  37  22 
2263	2  20  17 
2263	6  43  28 
2265	2  17  19 
2267	2  18  12 
2267	2  27  41 
2263	6   7   1 
2267	6  31  16 
2269	2  21  28 
2269	2  34  26 
2271	2  21  28 
2271	2  18  12 
2271	2  27  41 
2269	6   3   1 
2273	2  21  28 
2273	2  20  32 
2275	2  38  35 
2275	2  15   2 
2275	2  34  26 
2275	6  13   5 
2277	2  36  39 
2277	2  16   7 
2279	2  43  45 
2279	2   1   0 
2279	2  24  31 
2279	2  34  26 
2279	6  11  10 
2281	2  38  35 
2281	2   1   0 
2281	2  41  27 
2283	2  37  22 
2283	2   1   0 
2283	2  41  27 
2285	2   3   5 
2285	2  36  39 
2285	2  16   7 
2287	2  17  19 
2287	2  43  45 
2287	6  21   8 
2289	2  20  32 
2291	2   3   5 
2291	2  24  31 
2291	2  43  45 
2291	2  41  27 
2293	2  30  21 
2293	2  10   8 
2293	6  34  13 
2295	2  30  21 
2295	2  10   8 
2297	2  30  21 
2297	2  10   8 
2299	2  23  30 
2299	2  48  34 
2299	2  18  12 
2299	6  21   8 
2301	2  23  30 
2301	2  48  34 
2301	2   3   5 
2303	2  23  30 
2303	2  48  34 
2303	6   6   4 
2305	2  38  35 
2305	2  17  19 
2307	2  37  22 
2307	2  17  18 
2305	6  48  34 
2309	2  15   2 
2309	2  24  31 
2309	6  37  29 
2311	2  15   2 
2311	2  20  32 
2313	2  16   7 
2313	2  32  19 
2311	6  48  47 
2315	2  37  25 
2313	6   4   3 
2317	2  37  25 
2315	6  15   1 
2319	2  37  25 
2317	6  46  40 
2321	2   8   3 
2321	2  17  18 
2321	6  37  28 
2323	2   8   3 
2323	2  20  34 
2323	2  17  18 
2325	2   8   3 
2325	2  20  34 
2325	6  23  17 
2327	2  46  37 
2327	2  20  34 
2329	2  46  37 
2327	6  28  21 
2331	2  46  37 
2331	2  17   5 
2329	6  33  26 
2333	2  10  13 
2333	2  43  37 
2333	6  29  22 
2335	2  46  33 
2335	2  17   5 
2335	2  43  37 
2337	2  10  13 
2337	2  46  33 
2337	2  43  37 
2339	2  36  39 
2339	2   7  16 
2339	6  18  11 
2341	2  15  21 
2341	2  46  33 
2343	2  29  35 
2343	2   7  16 
2339	6   3   2 
2343	6  47  45 
2345	2  32  19 
2345	2  15  21 
2347	2  29  35 
2347	2  17   5 
2347	6  21  14 
2349	2  25  39 
2349	2  29  35 
2351	2  25  39 
2351	2  43  35 
2345	6   2   1 
2349	6  20   5 
2353	2  22   1 
2353	2  25  39 
2349	6  41  34 
2355	2  22   1 
2355	2  32  19 
2355	6  45  44 
2357	2  10  13 
2357	2  15  14 
2359	2  22   1 
2359	2  10  11 
2359	2  25  20 
2361	2  28  44 
2361	2   7  16 
2357	6  40  34 
2361	6  25  19 
2363	2  28  44 
2363	2  10  11 
2365	2  28  44 
2365	2  10  11 
2363	6  16   8 
2367	2  43  35 
2367	2  19  20 
2363	6  40  39 
2367	6  31  25 
2369	2   7  14 
2369	2  43  35 
2369	2  19  20 
2371	2   7  14 
2367	6  29  22 
2369	6  10   9 
2373	2  44  31 
2373	2   7  14 
2371	6  20   6 
2375	2  44  31 
2375	2   9  14 
2371	6  42  35 
2377	2  10  26 
2377	6  38  29 
2379	2  18  34 
2381	2  10  26 
2377	6   7   1 
2377	6  13   5 
2383	2  18  34 
2383	6  29  15 
2385	2  18  34 
2387	2  38  33 
2387	6   5   3 
2389	2  15  16 
2389	2  37  29 
2391	2  15  16 
2391	2  38  33 
2387	6  24  18 
2383	6   1   0 
2393	2  10  26 
2393	2  37  29 
2393	6  14   7 
2395	2  26  20 
2395	2  44  31 
2397	2  24  45 
2395	6  12  11 
2399	2  26  20 
2399	2  15  16 
2399	2  37  29 
2395	6   2   1 
2401	2  24  45 
2401	6  21   8 
2403	2  26  20 
2403	2  42  37 
2405	2  24  45 
2405	6  27  13 
2407	2   8  10 
2407	2  45  47 
2409	2   8  10 
2409	2  45  47 
2405	6  36  35 
2407	6  32  23 
2411	2   8  10 
2411	2  45  47 
2411	6  20  12 
2413	2   8   1 
2413	2  46  32 
2413	2  42  37 
2415	2   8   1 
2415	2  46  32 
2415	2  42  37 
2413	6  17  16 
2417	2   8   1 
2417	2  38  33 
2413	6  22  14 
2417	6  13   4 
2419	2  16  28 
2419	2  46  32 
2421	2  21   8 
2421	2  32  38 
2421	6  47  34 
2423	2  18  10 
2423	2  21   8 
2423	2  32  38 
2425	2  18  10 
2425	2  21   8 
2425	2  32  38 
2421	6  30  23 
2427	2  23  11 
2427	2  46  43 
2427	6  14   8 
2429	2  25  12 
2429	2  46  43 
2431	2  23  11 
2431	2  46  43 
2427	6  34  27 
2433	2  25  12 
2433	2   9   7 
2433	2  37  42 
2433	6  40  34 
2435	2  23  11 
2437	2  25  12 
2437	2  30  23 
2437	2   9   7 
2435	6  44  36 
2439	2  18  10 
2439	2  30  23 
2439	6  27  13 
2441	2  44  47 
2441	2   4  17 
2443	2  44  47 
2443	2   3  15 
2445	2  44  47 
2445	2  12  10 
2445	6  34  27 
2447	2  16  28 
2449	2   4  17 
2449	2  37  42 
2445	6   7   1 
2447	6  40  32 
2451	2   3  15 
2451	2  37  42 
2453	2  47  34 
2453	2  12  10 
2453	2  30  23 
2453	6  21   7 
2455	2  47  34 
2455	2   4  17 
2457	2  47  34 
2457	2  12  10 
2453	6  36  35 
2459	2  32  45 
2459	2  34  27 
2459	2  16  28 
2459	6  11   5 
2461	2  32  45 
2461	2  34  27 
2463	2  32  45 
2463	2  34  27 
2461	6  36  30 
2465	2   3  15 
2465	6  47  45 
2467	2   6  27 
2469	2  23  32 
2467	6  10   8 
2471	2  47  34 
2467	6  28  21 
2471	6  45  37 
2473	2  18  10 
2473	2  47  34 
2475	2  18  10 
2475	2  23  32 
2477	2  28  37 
2477	2  18  10 
2477	2  47  34 
2479	2  28  37 
2479	2  19  16 
2479	2  47  40 
2481	2  28  37 
2481	2   6  27 
2481	2  47  40 
2481	6  24  10 
2483	2  28  35 
2483	2   6  27 
2483	2  47  40 
2485	2  28  35 
2481	6   7   1 
2483	6  45  44 
2487	2  10   2 
2487	2  24  33 
2487	2  28  35 
2487	6   5   4 
2489	2  10   2 
2489	2  24  33 
2489	2  28  43 
2491	2  10   2 
2491	2  23  32 
2491	6  43  36 
2493	2   4  10 
2493	2  24  33 
2495	2   4  10 
2495	2  23  38 
2493	6   2   1 
2497	2   4  10 
2497	2  28  36 
2497	2  23  38 
2495	6  26  25 
2499	2   4   2 
2499	2  28  36 
2499	2  23  38 
2485	6  20  13 
2495	6  47  40 
2501	2  25  30 
2501	2  12  10 
2501	6  45  39 
2503	2  25  30 
2503	2   4   2 
2505	2  25  30 
2505	2  12  10 
2507	2  25  26 
2507	2   4   2 
2507	6  37  22 
2509	2  25  26 
2509	2  12  10 
2511	2  25  26 
2507	6  40  34 
2511	6  17  11 
2513	2  37  45 
2515	2  37  45 
2511	6   3   2 
2511	6  20  13 
2513	6  47  32 
2517	2  37  45 
2513	6  22  14 
2517	6  12   3 
2519	2  37  22 
2521	2  37  22 
2519	6  25  17 
2523	2   2  14 
2519	6  46  40 
2523	6  37  29 
2525	2  39  25 
2525	2   2  14 
2527	2  39  25 
2527	2   2  14 
2523	6  27  20 
2523	6   6   5 
2529	2  39  25 
2529	2  29  22 
2529	2   3   2 
2529	6  11   5 
2531	2  39  41 
2531	2   3   2 
2533	2  39  41 
2533	2   3   2 
2529	6  14   7 
2529	6  20  13 
2531	6  35  23 
2535	2  39  41 
2535	6   3   1 
2537	2  39  37 
2539	2  18  31 
2537	6  28  14 
2541	2  39  37 
2537	6  34  27 
2541	6  12  10 
2543	2  39  37 
2545	2  28  37 
2543	6  23  15 
2547	2  28  37 
2543	6  41  34 
2545	6  46  39 
2549	2  23  26 
2551	2   8  17 
2551	2  28  37 
2551	6  40  34 
2553	2   8  17 
2555	2  18  31 
2551	6  13   5 
2553	6  29  21 
2557	2   8  17 
2553	6  46  45 
2557	6  34  20 
2559	2  15   8 
2559	2  24  10 
2561	2  15   8 
2561	2  24  10 
2559	6  39  37 
2563	2  19  16 
2565	2  41  46 
2565	2  19  16 
2565	6  36  29 
2567	2  41  46 
2567	2   9  16 
2567	2  19   4 
2569	2  41  46 
2569	2  12  20 
2569	2   9  16 
2567	6  21  14 
2571	2  18  31 
2571	2  46  45 
2571	2   9  16 
2573	2  23  26 
2573	2  46  45 
2571	6   5   4 
2575	2  23  26 
2575	2  46  45 
2577	2  17  26 
2577	2  15   8 
2577	6  38  36 
2579	2  33  18 
2581	2  17  26 
2577	6  13   5 
2577	6   3   2 
2579	6  15  14 
2583	2  38  40 
2583	2  19  13 
2583	6   4   2 
2585	2  38  40 
2585	2  19  13 
2587	2  38  40 
2585	6  23  15 
2589	2  47  38 
2589	2  12  20 
2587	6  25  18 
2591	2  22  37 
2591	2  12  20 
2589	6   2   0 
2593	2  22  37 
2593	2  33  25 
2591	6  46  39 
2595	2  18   4 
2595	2   0  15 
2593	6  20  13 
2597	2  18   4 
2597	2   0  15 
2597	2  47  38 
2599	2  18   4 
2599	2  22  37 
2599	6  40  34 
2601	2   4   2 
2601	2  22  28 
2601	2  37  36 
2603	2  18   6 
2603	2   0  15 
2603	2  37  36 
2605	2   4   2 
2605	2  17  26 
2605	2  47  38 
2605	2  22  28 
2605	6  13   6 
2607	2   4   2 
2607	2  33  25 
2607	2  16  15 
2607	2  44  38 
2609	2   7   2 
2609	2  27  25 
2609	2  44  38 
2609	2  22  28 
2609	6  47  41 
2611	2  18  13 
2611	2   7   2 
2611	2  44  38 
2613	2  18  13 
2613	2   7   2 
2613	2  37  36 
2615	2  11  23 
2615	2   7   1 
2615	6  45  42 
2617	2  34  13 
2617	2  24  10 
2617	2   7   1 
2619	2  11  23 
2619	2   7   1 
2619	6  34  26 
2621	2  11  23 
2623	2   3  12 
2623	2  16  15 
2621	6  40  39 
2625	2  26  13 
2625	2   2  23 
2621	6  44  42 
2627	2  30  39 
2627	2  10   8 
2627	6  25  19 
2629	2  30  39 
2629	2  10   8 
2631	2  30  39 
2631	2  16  15 
2627	6  43  35 
2631	6  10   2 
2633	2  35  30 
2633	2  26  13 
2635	2  35  30 
2635	2  20  41 
2633	6  14   0 
2637	2  35  30 
2637	2  27  19 
2633	6  46  45 
2637	6   9   4 
2639	2  31  30 
2639	2  20  41 
2641	2  31  30 
2641	2  27  19 
2639	6  35  21 
2643	2  31  30 
2643	2   3  12 
2641	6  48  46 
2645	2  21   9 
2645	2  24  32 
2645	6  19   5 
2647	2  21   9 
2647	2  31  44 
2649	2  21   9 
2649	2  24  32 
2647	6  48  34 
2651	2  14  30 
2651	2   3  12 
2651	6  43  35 
2653	2  17  33 
2653	2   2   8 
2655	2  13  34 
2655	2  14  30 
2657	2  17  33 
2655	6   2   1 
2659	2  13  34 
2659	2  31  44 
2657	6  22  21 
2661	2  17  33 
2661	6  44  36 
2663	2  10  23 
2663	2  20  41 
2665	2  13  34 
2665	2  10  23 
2667	2  14  30 
2667	2  27  12 
2669	2  24  32 
2669	2  10   5 
2669	6  37  28 
2671	2   2  17 
2673	2  27  12 
2669	6  15   7 
2671	6  40  32 
2675	2  10   5 
2673	6  24  23 
2677	2  27  12 
2675	6  35  14 
2679	2  11  32 
2681	2  14   9 
2681	2  31  36 
2681	6  26  19 
2683	2  14   9 
2683	2  23  30 
2685	2  14   9 
2685	2  23  30 
2681	6  48  40 
2681	6   6   4 
2683	6  45  38 
2687	2   6  19 
2687	2  23  30 
2683	6  42  35 
2687	6   3   0 
2689	2  26  39 
2691	2  26  39 
2689	6  44  30 
2693	2  26  39 
2693	2  14   0 
2693	2  10   5 
2695	2  18  39 
2695	2  14   0 
2695	6  44  43 
2697	2  26  47 
2697	2  14   0 
2699	2  18  39 
2699	6  22   8 
2701	2  26  47 
2703	2  18  39 
2705	2  26  47 
2705	2  28  22 
2705	6   8   3 
2707	2  38  39 
2707	2   6  19 
2707	2  28  22 
2709	2  38  39 
2709	2   6  19 
2709	2  28  22 
2707	6  34  33 
2711	2   3   4 
2711	2  38  39 
2711	6  14   1 
2713	2  11  32 
2715	2   3   4 
2715	2  39  41 
2711	6  35  28 
2715	6  26  24 
2717	2   3   4 
2717	2  39  41 
2719	2  39  41 
2713	6  44  37 
2715	6  12   6 
2717	6  28  14 
2721	2  37  24 
2719	6   4   3 
2723	2  37  24 
2721	6  39  33 
2725	2  37  24 
2725	2  20   4 
2723	6  14   8 
2727	2  11  32 
2723	6  35  28 
2727	6  45  44 
2729	2  11  16 
2731	2  26  13 
2729	6  21  14 
2733	2  45  39 
2733	2  11  16 
2733	6  41  27 
2735	2   9  30 
2737	2  24  37 
2735	6   5   4 
2739	2  38  35 
2739	2   2  17 
2737	6   7   0 
2741	2  19  31 
2741	6  22  21 
2743	2   3   0 
2743	2  45  39 
2743	2  26  13 
2745	2  20   5 
2745	2  24  37 
2739	6  48  41 
2745	6   8   2 
2747	2  38  35 
2747	2  20   5 
2749	2  19  31 
2749	6  47  46 
2751	2  15  36 
2751	2  26  13 
2753	2   9  30 
2753	2  20  26 
2753	6  12   5 
2755	2  15  36 
2755	2  20  26 
2757	2  45  39 
2757	2   8  17 
2757	2  20  26 
2757	6  29  22 
2759	2   2   5 
2759	2  45  48 
2761	2   2   5 
2761	2  45  48 
2759	6  18  17 
2763	2   2   5 
2763	2  38  35 
2765	2  22  25 
2765	6  46  44 
2767	2  22  25 
2769	2  22  25 
2765	6  42  35 
2765	6   3   1 
2771	2  29  44 
2771	2   1   0 
2771	2  18  13 
2771	2   4   3 
2771	6  32  31 
2773	2  29  44 
2773	2   1   0 
2773	2  18  13 
2773	2   4   3 
2775	2  29  44 
2775	2   0   1 
2775	2  18  13 
2775	2   4   3 
2777	2  11  16 
2777	2   0   1 
2777	2  45  48 
2777	6  21  14 
2779	2   9  30 
2781	2  24  37 
2781	2   0   1 
2779	6   5   4 
2783	2  15  36 
2783	2  19  32 
2783	6  46  45 
2785	2  12  33 
2785	2   9  15 
2787	2  27  24 
2785	6  36  35 
2789	2  38  30 
2789	2  19  10 
2787	6  14   8 
2791	2  29  45 
2791	2  19  10 
2791	6  40  32 
2793	2  29  45 
2793	2  19  10 
2795	2  29  45 
2795	2  18  20 
2787	6   6   5 
2793	6   1   0 
2797	2  32  17 
2797	2  42  29 
2795	6   4   3 
2799	2  32  17 
2799	2  42  29 
2801	2  32  17 
2801	2  42  29 
2801	6   2   1 
2803	2  41  32 
2805	2  41  32 
2803	6  36  22 
2807	2  41  32 
2803	6  19  17 
2807	6   3   2 
2809	2  22  25 
2809	2  40  41 
2811	2  34  19 
2811	2  36  44 
2811	2  23  14 
2813	2  22  25 
2813	2  40  41 
2813	6  45  43 
2815	2  34  19 
2815	2   2   8 
2817	2  22  25 
2817	2  40  41 
2813	6   5   4 
2819	2  36  44 
2819	2  34  19 
2819	2   2   8 
2819	6  23  21 
2821	2  36  44 
2821	2  11  19 
2821	2   2   8 
2823	2  11  19 
2819	6  47  46 
2821	6  32  25 
2825	2  22   1 
2825	2  11  19 
2821	6  41  34 
2825	6  46  44 
2827	2  31  23 
2827	2  21  14 
2827	2  18  20 
2829	2  31  23 
2829	2  21  14 
2829	2  18  20 
2827	6   2   0 
2831	2  31  23 
2831	2  41  46 
2831	2  36  28 
2831	6  19   5 
2833	2  37  23 
2833	2  41  46 
2835	2  45  32 
2835	2  22   1 
2835	6  47  41 
2837	2  25   4 
2837	2  36  28 
2839	2   9  15 
2839	2  45  32 
2839	2  36  28 
2839	6  27  19 
2841	2  37  23 
2841	2  47  46 
2843	2  38  30 
2843	2   9  15 
2843	6  43  35 
2845	2  12  33 
2845	2   9   8 
2847	2  19  24 
2847	2  15  21 
2847	6  47  46 
2849	2  43  31 
2849	2   9   8 
2851	2  43  31 
2851	2  15  21 
2849	6  34  20 
2853	2  22   1 
2851	6  11  10 
2855	2  37  23 
2855	2  27  41 
2855	6  14   7 
2857	2  25   4 
2857	2  37  36 
2859	2  12  33 
2859	2  37  36 
2859	6  17  16 
2861	2  45  32 
2861	2   6  20 
2863	2  38  30 
2863	2  47  33 
2863	2   6  20 
2861	6  11   3 
2865	2  14  35 
2865	2  46  38 
2865	2  27  41 
2867	2  14  35 
2867	2  19  24 
2867	2  46  38 
2867	6  40  33 
2869	2  14  35 
2869	2  19  13 
2869	2  46  38 
2871	2  10   7 
2871	2  37  36 
2871	2   6  20 
2873	2  43  31 
2873	2  47  40 
2873	2  19  13 
2873	2   9   8 
2875	2  25   4 
2875	2  43  42 
2875	2  47  40 
2875	2  15  21 
2877	2  31  45 
2877	2   4   1 
2877	2  43  42 
2877	2  27  41 
2879	2  30  24 
2879	2   4   1 
2879	2  43  42 
2879	2  34  47 
2881	2  23   2 
2881	2  19  13 
2881	2  34  47 
2881	6  44  35 
2883	2  12  25 
2885	2  10   7 
2885	2  34  47 
2887	2  32  29 
2887	2   4   1 
2887	6  48  47 
2889	2  16  28 
2891	2  31  45 
2891	2  10   7 
2887	6  27  20 
2893	2  44  47 
2893	2  12  25 
2893	2   8   1 
2893	6  22  16 
2895	2  44  47 
2895	2  12  25 
2895	2   8   1 
2897	2  31  45 
2897	2  20  12 
2897	2   8   1 
2899	2  30  24 
2899	2  20  12 
2897	6  33  26 
2901	2  23   2 
2901	2  20  12 
2899	6  14   7 
2903	2  26  11 
2903	2  22  28 
2903	2  44  47 
2903	6  13   6 
2905	2  32  29 
2907	2  26  11 
2907	2  30  24 
2907	2  47  41 
2903	6  16   9 
2909	2  23   2 
2909	2  47  41 
2911	2  32  29 
2911	6   5   2 
2913	2  22  28 
2913	2  47  41 
2915	2  43  46 
2913	6  24  17 
2917	2   7   2 
2917	2  22  30 
2917	6  47  45 
2919	2   7   2 
2919	2  23  18 
2921	2   7   2 
2921	2  23  18 
2917	6  33  27 
2917	6   5   4 
2923	2  39  24 
2923	2  42  21 
2923	6   4   2 
2925	2  39  24 
2925	2  42  21 
2927	2  39  24 
2927	2  42  21 
2923	6  48  34 
2929	2  26  11 
2929	2  36  15 
2929	6  41  40 
2931	2  16  31 
2931	2   4   6 
2933	2  17  14 
2931	6  27  26 
2935	2   7   2 
2935	2  13  11 
2935	2  43  46 
2935	6  24  16 
2937	2  47  33 
2937	2   4   6 
2939	2  47  33 
2939	2   7   2 
2939	2  13  11 
2937	6  44  28 
2941	2  24  31 
2941	2   4   6 
2941	2  47  33 
2943	2   0  16 
2943	2  43  46 
2943	6  12   4 
2945	2   0  16 
2945	2  48  46 
2947	2   0  16 
2947	2  48  46 
2943	6  26  25 
2945	6  37  29 
2949	2  25   9 
2949	2  48  46 
2949	6  13   5 
2951	2  25   9 
2951	2  22  30 
2953	2  25   9 
2953	2  22  30 
2951	6  46  40 
2955	2  25  27 
2955	2  36  15 
2955	2   5  11 
2957	2  28  16 
2957	6  34  13 
2959	2  28  16 
2961	2  24  31 
2961	2  36  15 
2957	6  47  46 
2963	2  32  44 
2963	2   7   2 
2963	6  13  11 
2965	2  32  44 
2967	2  32  44 
2963	6  22  21 
2969	2  25  27 
2969	2   4   1 
2969	6  47  38 
2971	2  17  14 
2973	2  25  27 
2973	2   4   1 
2969	6  43  36 
2975	2  47  34 
2975	2  23  18 
2975	6  38  37 
2977	2  47  34 
2977	2  28  16 
2979	2  17  14 
2979	2  47  34 
2975	6  13   6 
2981	2  16   7 
2981	2  43  46 
2981	6  27  25 
2983	2  16   7 
2983	2  43  46 
2985	2  16   7 
2985	2  43  46 
2981	6   5   3 
2987	2  11   2 
2987	6  39  34 
2989	2  11   2 
2991	2   4   1 
2987	6  30  23 
2987	6  21  14 
2993	2  30  45 
2993	2  20  18 
2993	6  16   8 
2995	2  21  37 
2995	2  20  18 
2997	2  39  44 
2997	2  20  18 
2993	6   3   2 
2999	2  16  31 
2999	2  11   3 
2999	6  34  20 
3001	2   2  23 
3001	2  39  44 
3003	2  30  45 
3003	2   3   4 
2999	6  14   7 
3005	2   5  20 
3005	2  16  31 
3005	6   1   0 
3007	2   5  20 
3007	2  21  37 
3009	2   5  20 
3009	2  30  45 
3005	6  41  34 
3007	6  10   9 
3011	2  26   5 
3011	2  21  37 
3013	2   1   9 
3013	2  26   5 
3013	6  42  21 
3015	2   1   9 
3015	2  26   5 
3017	2   1   9 
3017	2   3   4 
3013	6  31  30 
3017	6  40  19 
3019	2  16  30 
3019	2   3   4 
3021	2  30  14 
3023	2  38  40 
3023	2  19  18 
3023	6  16   7 
3025	2  38  40 
3025	2  19  18 
3027	2  38  40 
3027	2  19  18 
3023	6  13   5 
3029	2  27  13 
3029	2  36  38 
3029	6  15   1 
3031	2  27  13 
3031	2  36  38 
3033	2  27  13 
3033	2  36  38 
3029	6  18  10 
3029	6  48  47 
3035	2  34  18 
3035	2  21  15 
3035	2  38  46 
3035	6  30  29 
3037	2  34  18 
3037	2  21  15 
3037	2  38  46 
3039	2  34  18 
3039	2  21  15 
3039	2  38  46 
3035	6  13   6 
3041	2  34  48 
3041	2   2  23 
3041	2  39  44 
3041	6  20  12 
3043	2  17  33 
3043	2  29  14 
3045	2  34  48 
3045	2   2  23 
3043	6  44  43 
3047	2  32  20 
3047	2  29  14 
3047	6   2   1 
3049	2  25  22 
3051	2  17  33 
3047	6   5   4 
3049	6  46  45 
3053	2   2   4 
3053	2  25  22 
3055	2  32  20 
3055	2   2   4 
3055	6  28  15 
3057	2  34  48 
3057	2   2   4 
3059	2  32  20 
3055	6  44  37 
3059	6   4   2 
3061	2  25  22 
3063	2  46  34 
3061	6  42  35 
3065	2  15  18 
3063	6  31  30 
3067	2  15  18 
3065	6  47  45 
3069	2  15  18 
3065	6   6   5 
3067	6  35  28 
3071	2  17  33 
3071	6   8   2 
3073	2  17  11 
3073	2  39  32 
3075	2  46  34 
3075	2  17  11 
3071	6  30  22 
3073	6  43  35 
3077	2   8  21 
3077	2  39  32 
3077	2  17  11 
3077	6  27  13 
3079	2  45  43 
3079	2  28  15 
3079	2  10  11 
3081	2  35  30 
3081	2  39  32 
3081	2  10  11 
3081	6  21  15 
3083	2  27  40 
3083	2  45  43 
3083	2  10  11 
3085	2  27  40 
3085	2  35  30 
3079	6   1   0 
3083	6  13   5 
3087	2  27  40 
3087	2   8  15 
3087	2  28  21 
3087	2  45  43 
3085	6  18  10 
3089	2  46  34 
3089	2   8  15 
3089	2  35  30 
3091	2  27  25 
3091	2   1  10 
3091	2  28  21 
3091	2  39  46 
3091	6  23  15 
3093	2  27  25 
3093	2   1  10 
3093	2  39  46 
3095	2  27  25 
3095	2   1  10 
3095	2  39  46 
3093	6  44  35 
3097	2   5   2 
3097	2  25  23 
3099	2   5   2 
3099	2  32  38 
3097	6  21  14 
3101	2   5   2 
3101	2  32  38 
3097	6  34  27 
3103	2   3  19 
3103	2  32  38 
3103	6  15   0 
3105	2   3  19 
3107	2   3  19 
3103	6  41  34 
3105	6  44  39 
3105	6  30  24 
3109	6   9   4 
3111	2  41  39 
3113	2  41  39 
3109	6  19  13 
3109	6  35  21 
3111	6  37  30 
3115	2  19  33 
3115	6  24  16 
3117	2  19  33 
3119	2  19  33 
3115	6  48  46 
3115	6   3   1 
3115	6  43  35 
3121	2  24  26 
3121	2  43  45 
3121	6  11   3 
3123	2  24  26 
3123	2  43  45 
3125	2  24  26 
3125	2  41  39 
3125	6  29  15 
3127	2  19  10 
3129	2  19  10 
3127	6  31  24 
3131	2   9  22 
3131	2  43  45 
3127	6  41  34 
3131	6  18  12 
3133	2  31  46 
3133	2  16   2 
3135	2   9  22 
3133	6  33  26 
3137	2  24  18 
3137	2   9  22 
3133	6  44  36 
3139	2  24  18 
3139	2  22  28 
3139	6  45  33 
3141	2  24  18 
3141	2  22  28 
3143	2  16   2 
3137	6  13   6 
3143	6  13  11 
3145	2  44  45 
3145	2  22  28 
3147	2  44  45 
3147	2  16   2 
3145	6  40  31 
3149	2  44  45 
3149	2  19  10 
3151	2  29  31 
3151	2  40  46 
3151	2  26  13 
3151	6  10   4 
3153	2  29  31 
3153	2  40  46 
3153	2  26  13 
3155	2  29  31 
3155	2  26  13 
3157	2  10  24 
3157	2  34  19 
3155	6  46  45 
3159	2  10  24 
3159	2  34  19 
3157	6  36  21 
3161	2  10  24 
3161	2  34  19 
3161	6  47  39 
3163	2  36  24 
3165	2  36  24 
3163	6  20  19 
3167	2  36  24 
3163	6  41  34 
3163	6   9   2 
3167	6  47  46 
3169	2  17  24 
3171	2  17  24 
3169	6  34  19 
3173	2  39  31 
3169	6  44  36 
3175	2  10  19 
3175	2  39  31 
3175	6  36  22 
3177	2  10  19 
3177	2  39  31 
3179	2  10  19 
3173	6  48  47 
3175	6  34  33 
3179	6  46  31 
3181	2   8  10 
3183	2   8  10 
3181	6  34  19 
3185	2  17  24 
3185	6  46  44 
3187	2  25  23 
3187	2   8  10 
3189	2  25  23 
3189	2   8   1 
3187	6  20   6 
3191	2  40  46 
3191	2  24   9 
3191	6  37  29 
3193	2  48  27 
3193	2  24   9 
3195	2  40  46 
3195	2   8   1 
3193	6  12   5 
3197	2  33  30 
3197	2   8   1 
3195	6  18  17 
3199	2  33  30 
3199	6  14   0 
3201	2  33  30 
3203	2  48  27 
3203	2  24   9 
3199	6   6   4 
3203	6  36  28 
3205	2  40  46 
3205	2  16  19 
3207	2  48  27 
3207	6   4   1 
3209	2  47  46 
3211	2  38  26 
3207	6  17  16 
3209	6  29  21 
3213	2  18  39 
3213	6   9   2 
3215	2  47  46 
3217	2  38  26 
3215	6  17  11 
3219	2  47  46 
3219	6  37  32 
3221	2  16  21 
3221	2  11  19 
3223	2  16  21 
3223	2  11  19 
3219	6  41  34 
3219	6   3   2 
3225	2  16  21 
3225	2  33  32 
3225	2  19   4 
3225	6  48  45 
3227	2  14  21 
3227	2  33  32 
3227	2  19   4 
3229	2  16   7 
3229	2  33  32 
3229	2  19   4 
3231	2  14  21 
3231	2  41  48 
3231	2  10  31 
3233	2  16   7 
3233	2  41  48 
3233	2  38  26 
3233	6  11   5 
3235	2  14  21 
3235	2  41  48 
3235	2  23  32 
3237	2  16   7 
3237	2  41  27 
3235	6  45  43 
3239	2   0  21 
3239	2  41  27 
3239	6  12  11 
3241	2  35  14 
3241	2  41  27 
3243	2   9   7 
3243	6  41  38 
3245	2  22  17 
3247	2  16  15 
3245	6  19  13 
3249	2  35  14 
3249	6  40  34 
3251	2   0  21 
3253	2  22  17 
3251	6  26  19 
3255	2   9   7 
3251	6  44  38 
3255	6  48  41 
3257	2  16  15 
3259	2  35  14 
3257	6  27  18 
3261	2   0  21 
3257	6  38  32 
3261	6  44  43 
3263	2  22  17 
3263	2  20  34 
3265	2   9   7 
3265	2  12  33 
3265	2  28  35 
3267	2  16  15 
3267	2  26  41 
3267	2  28  35 
3267	6   1   0 
3269	2  37  21 
3269	2  25  17 
3269	2  20  34 
3271	2  16  29 
3271	2  12  33 
3271	6  43  42 
3273	2   2  14 
3273	2  26  41 
3275	2   1  22 
3275	2  27  39 
3277	2  10  31 
3277	2  28  35 
3277	2  20  34 
3277	6  22  15 
3279	2  25  17 
3279	2  19  20 
3281	2  10  31 
3281	2  19  20 
3277	6  44  43 
3283	2  43  22 
3283	2  12  33 
3285	2   2  14 
3285	2  26  41 
3285	6  44  35 
3287	2   1  15 
3287	2  25  17 
3287	2  19  20 
3289	2   2  14 
3289	2  25  31 
3287	6  40  34 
3291	2  37  21 
3291	2  18   2 
3293	2  23  38 
3293	6  28  14 
3295	2  27  39 
3297	2  23  38 
3293	6  18  11 
3285	6   6   5 
3293	6   9   3 
3297	6  48  27 
3299	2  16  29 
3301	2  43  22 
3301	2  11   2 
3303	2  18  30 
3303	2   0  14 
3303	6  47  41 
3305	2  18  30 
3305	2   0  14 
3307	2  18  30 
3307	2   0  14 
3303	6  42  35 
3309	2   5  18 
3309	2  45  30 
3309	2   1  15 
3309	2  28  35 
3311	2   5  18 
3311	2  45  30 
3311	2  28  35 
3309	6  33  32 
3313	2   5  18 
3313	2  37  21 
3311	6   9   8 
3315	2  45  30 
3315	2  18  27 
3315	2  28  35 
3315	6   4   3 
3317	2  16  29 
3317	2  39  48 
3319	2  43  22 
3319	2  18  27 
3319	2  39  48 
3321	2  46  30 
3321	2  11   2 
3321	6  33  26 
3323	2  24  10 
3323	2  45  47 
3325	2  23  21 
3325	2  45  47 
3325	2  13  11 
3327	2  46  30 
3327	2  18  27 
3327	6  14   7 
3329	2  24  10 
3329	2  39  48 
3331	2  25  31 
3331	2  45  47 
3331	2  13  11 
3329	6  36  28 
3333	2  24  10 
3333	2  47  45 
3329	6  34  27 
3333	6   7   1 
3335	2  23  21 
3335	2  47  45 
3335	2  13  11 
3337	2  46  30 
3335	6  27  26 
3339	2  28  14 
3339	2   2   1 
3339	2  47  45 
3337	6  13   4 
3341	2  28  14 
3341	2  25  31 
3341	2   2   1 
3339	6  17  16 
3343	2  27  13 
3343	2  28  14 
3343	2   2   1 
3341	6  46  40 
3345	2  27  13 
3345	2  23  21 
3343	6  32  25 
3347	2  27  13 
3343	6  43  37 
3345	6   3   0 
3349	2  23  39 
3347	6  35  28 
3351	2  27   6 
3351	6  46  44 
3353	2   9  25 
3355	2  17  26 
3353	6  28  21 
3357	2  46  33 
3353	6   5   4 
3357	6  44  36 
3359	2  46  33 
3361	2  27   6 
3357	6  31  24 
3359	6  22   8 
3363	2  17  26 
3361	6  48  47 
3365	2  22  43 
3365	2  27   6 
3363	6  38  31 
3367	2  22  43 
3367	6  12   3 
3369	2  36  15 
3369	2  46  33 
3371	2  36  15 
3371	6  46  41 
3373	2   3   8 
3375	2   3   8 
3373	6  31  29 
3377	2   3   8 
3373	6  20   6 
3377	6  41  33 
3379	2  37  16 
3381	2  37  16 
3379	6  13   4 
3383	2  22  43 
3383	6  32  31 
3385	2  36  15 
3385	2  20  34 
3387	2   0  21 
3387	2  20  34 
3385	6  46  45 
3389	2   9  25 
3389	6  43  35 
3391	2   9  25 
3393	2  17  26 
3385	6   6   5 
3389	6  29  22 
3391	6  47  46 
3395	2  22   7 
3395	2  12  25 
3393	6   3   2 
3397	2  45  43 
3397	2  22   7 
3397	2  12  25 
3399	2  45  43 
3399	2  22   7 
3399	2  12  25 
3401	2  45  43 
3401	2  24  27 
3401	6  14   2 
3403	2  19  40 
3405	2  36  31 
3405	2  20  34 
3405	6  48  47 
3407	2   2   4 
3407	2  24  27 
3409	2   2   4 
3409	2  36  31 
3407	6  21  14 
3411	2   2   4 
3411	2  24  27 
3411	6  44  35 
3413	2   2   7 
3413	2  19  40 
3415	2   2   7 
3415	2  19  40 
3417	2  37  16 
3417	2   6  20 
3417	6  32  25 
3419	2  45  29 
3419	2  16   9 
3419	2   6  20 
3421	2  22  37 
3421	2   6  20 
3417	6  11   4 
3421	6   8   7 
3423	2  13  25 
3423	2  45  29 
3425	2  13  25 
3425	2  22  37 
3423	6   4   3 
3427	2  13  25 
3427	2  16   9 
3427	2   0  14 
3427	6  44  38 
3429	2  25  13 
3429	2   2   8 
3431	2  25  13 
3431	2  16   9 
3431	2   0  14 
3427	6  35  28 
3433	2   7  28 
3433	2  25  13 
3417	6  41  40 
3433	6  44  43 
3435	2   7  28 
3437	2  23  39 
3435	6  19   4 
3439	2   7  28 
3439	6  46  44 
3441	6  25  10 
3445	2  45  29 
3441	6  13   5 
3441	6  14   8 
3447	2  25  33 
3447	2  22  37 
3447	6   8   2 
3449	2  30  18 
3451	2  25  33 
3447	6  47  46 
3449	6  43  35 
3453	2  30  18 
3453	6  14   1 
3455	2  38  17 
3457	2  38  17 
3453	6  48  47 
3455	6  27  13 
3459	2  35  21 
3459	2  38  17 
3461	2  27  48 
3461	2  35  21 
3461	2   4   2 
3461	6  30  17 
3463	2  27  48 
3463	2  35  21 
3463	2   4   2 
3465	2  27  48 
3465	2  14  21 
3465	2   4   2 
3465	6  44  43 
3467	2  25  33 
3467	2   9  22 
3469	2  17  18 
3469	2  14  21 
3467	6   5   4 
3471	2  23  39 
3467	6  27  20 
3469	6   2   0 
3473	2  36  31 
3473	2  14  21 
3473	6  40  26 
3475	2   4  16 
3477	2   2  10 
3475	6  37  29 
3479	2  26  11 
3477	6  14   7 
3481	2  26  11 
3481	2  39  45 
3479	6  48  47 
3483	2  26  11 
3483	2  14  29 
3483	2  39  45 
3485	2  33  24 
3485	2   2  10 
3485	6  46  44 
3487	2  34  18 
3487	2  14  29 
3489	2  32  31 
3489	2   4  16 
3489	6  41  27 
3491	2  32  31 
3491	2   9  22 
3493	2  14  29 
3493	2  32  31 
3493	2   2  10 
3495	2  46  40 
3495	2  27  19 
3495	2   4  16 
3495	6  44  35 
3497	2  46  40 
3497	2  20  17 
3499	2  46  40 
3499	2  27  19 
3495	6   7   1 
3499	6  31  23 
3501	2  44  46 
3501	2  34  18 
3503	2  44  46 
3503	2  34  18 
3501	6  21   8 
3505	2  38  25 
3505	6  48  34 
3507	2  21  28 
3507	2  38  25 
3507	2   0   8 
3509	2  21  28 
3509	2  39  45 
3509	2  18   2 
3505	6  43  36 
3509	6  23  15 
3511	2  21  28 
3511	2  27  19 
3511	2  44  46 
3513	2  38  25 
3511	6   4   2 
3515	2  36  23 
3511	6  48  41 
3515	6  19  13 
3517	2  36  23 
3517	2   0   8 
3519	2  36  23 
3519	2   0   8 
3515	6  21  14 
3515	6  46  39 
3517	6  10   3 
3521	2  19  40 
3521	2  30  36 
3521	6  14   7 
3523	2  23  26 
3525	2  31  47 
3525	2  13   5 
3525	6  43  28 
3527	2  33  24 
3527	2  13   5 
3529	2  20  17 
3527	6  48  46 
3531	2  35  14 
3531	2  33  24 
3531	2  13   5 
3533	2  19  40 
3533	2  35  14 
3535	2  23  26 
3535	2  46  44 
3535	6   7   2 
3537	2  31  47 
3539	2  30  36 
3539	2  19  40 
3537	6  28  21 
3541	2  20  17 
3541	2  46  44 
3543	2  23  26 
3543	2  46  44 
3543	6   5   3 
3545	2  31  47 
3545	2  35  14 
3545	2  27  26 
3547	2  30  36 
3547	2  15   7 
3547	2  27  26 
3547	6  46  41 
3549	2   9  22 
3549	2  18   4 
3551	2  25  23 
3551	2  28  36 
3551	6  10   8 
3553	2  29  22 
3553	2  27  26 
3555	2  25  23 
3555	2  28  36 
3551	6  13   5 
3553	6  47  41 
3557	2   8  21 
3557	2  18   4 
3557	6  37  31 
3559	2   8  21 
3561	2   8  21 
3557	6  27  13 
3559	6  18  11 
3563	2  27  41 
3563	2  29  22 
3559	6  46  45 
3557	6  42  35 
3563	6  43  37 
3565	2  34  18 
3565	2  15   7 
3567	2  34  18 
3567	2  29  22 
3563	6   3   2 
3569	2  34  18 
3569	2  42  45 
3569	2  15   7 
3569	6   2   1 
3571	2  17  38 
3571	2  27  41 
3573	2  34  46 
3573	2  28  36 
3573	6  24  12 
3575	2  34  46 
3577	2  34  46 
3575	6  35  14 
3579	2  31  24 
3579	2  20  12 
3579	6  48  46 
3581	2  31  24 
3581	2  19   3 
3581	2  43  35 
3583	2  31  24 
3583	2  20  12 
3583	2  43  35 
3581	6  22  21 
3585	2  18   2 
3585	2  42  45 
3585	6  13   6 
3587	2  16  32 
3587	2  43  35 
3589	2  30  24 
3589	2  27  41 
3589	6  10   8 
3591	2  30  24 
3591	2  20  12 
3593	2  25  23 
3593	2  42  45 
3595	2  16  32 
3593	6  13  12 
3597	2  17  38 
3599	2  19   3 
3599	2  30  24 
3599	6  46  44 
3601	2  18   2 
3603	2  19   3 
3601	6  30  22 
3605	2  18   2 
3605	6  39  33 
3607	2  30  44 
3609	2  30  44 
3607	6  18   9 
3611	2  37  39 
3613	2  18  33 
3613	2  30  44 
3615	2  37  39 
3615	6  24  10 
3617	2  37  39 
3615	6  19  12 
3621	2  40  24 
3623	2  19  31 
3625	2  40  24 
3627	2  19  31 
3629	2  18  33 
3631	2  40  24 
3633	2  16  32 
3635	2  19  31 
3637	2  18  33 
3639	2  17  38 
