   1	2   6   5 
   1	2  42  45 
   1	2  24  18 
   1	6   8   3 
   3	2  46  32 
   3	2   6   5 
   5	2  42  45 
   5	2  24  18 
   5	2   6   5 
   1	6  41  27 
   7	2  29   8 
   7	2  46  32 
   7	6  19   4 
   9	2  23  38 
  11	2  22  31 
   7	6  48  41 
   9	6   1   0 
  13	2   3  12 
  13	2  23  38 
   9	6  43  35 
  13	6  47  33 
  15	2   4   1 
  15	2  23  38 
  17	2  29   8 
  15	6  20  19 
  19	2   4   1 
  19	2  22  31 
  17	6  45  44 
  21	2   3  12 
  21	2  22  31 
  19	6  41  34 
  23	2  29   8 
  23	2  46  32 
  23	6  19  11 
  25	2  42  44 
  25	2  31  32 
  27	2  31  32 
  23	6   6   5 
  25	6  22   7 
  29	2  24  18 
  25	6  46  40 
  25	6   9   2 
  27	6  44  36 
  31	2   3  12 
  31	2  31  32 
  31	6  14   0 
  31	6  34  26 
  31	6  23  16 
  33	6  46  37 
  37	2  17  26 
  33	6   3   2 
  37	6  28  14 
  39	2  46  47 
  39	2  17  26 
  41	2  46  47 
  41	2  17  26 
  39	6  44  38 
  43	2  35  28 
  43	2  46  47 
  43	2   4   1 
  43	6  33  20 
  45	2  30  22 
  45	2  35  28 
  45	2  17   8 
  47	2  37  21 
  45	6   4   3 
  49	2  30  22 
  49	2  35  28 
  49	2  40  33 
  49	2  17   8 
  49	6  27  19 
  51	2  37  21 
  51	2  40  33 
  53	2  30  22 
  53	2  17   8 
  53	2  40  33 
  51	6   5   4 
  55	2  37  21 
  55	6  40  27 
  57	2  35  29 
  57	2  16   4 
  59	2  35  29 
  59	2  16   4 
  61	2  40  45 
  61	2  10  19 
  61	2  35  29 
  57	6   7   1 
  63	2  20   5 
  63	2  40  45 
  63	2  17  29 
  63	6  14   8 
  65	2  10  19 
  65	2  40  45 
  67	2  20   5 
  67	2  17  29 
  67	6  40  34 
  69	2  11   8 
  71	2  11   8 
  69	6  45  30 
  73	2  10  19 
  69	6  35  28 
  73	6  15   1 
  75	2  40  38 
  75	2  20   5 
  75	2  10   3 
  77	2  40  38 
  77	2  18  20 
  75	6  36  28 
  79	2  40  38 
  79	2  11   8 
  81	2   8   2 
  81	2  47  45 
  81	2  11  26 
  81	6  30  21 
  83	2   8   2 
  83	2  47  45 
  83	2  18  20 
  85	2  10   3 
  85	2  47  45 
  85	6  34  19 
  87	2  28   7 
  87	2  38  44 
  87	2  10   3 
  89	2  28   7 
  89	2  38  44 
  89	2  10   3 
  91	2  19   5 
  91	2   8   2 
  91	2  38  44 
  91	6  28  23 
  93	2  34  46 
  93	2  10   3 
  95	2  19   5 
  95	2  10   3 
  93	6   8   1 
  97	2  34  46 
  97	2  17  29 
  99	2  11  26 
  99	2  23   7 
 101	2  19   5 
 101	6  39  30 
 103	2  18  20 
  99	6  42  35 
 101	6  21  15 
 101	6   3   2 
 105	6  25  17 
 107	2  39  40 
 109	2  37  21 
 105	6  13   6 
 109	6  46  40 
 111	2  17   8 
 113	2  30   9 
 111	6  43  42 
 115	2  17   8 
 115	2  39  46 
 115	6  29  21 
 117	2  17   8 
 117	2  34  40 
 119	2  24   8 
 119	2  39  46 
 115	6   4   3 
 121	2  30   9 
 121	2  33  20 
 121	6  21  14 
 123	2  30   9 
 123	2  33  20 
 125	2  37  29 
 125	2  16   3 
 125	2  47  39 
 127	2  15  30 
 127	2  11  26 
 127	2  47  39 
 127	6  35  28 
 129	2  24   8 
 129	2  44  46 
 131	2  15  30 
 131	2  32  26 
 129	6  13   4 
 133	2  24   8 
 133	2  37  29 
 133	2  47  39 
 135	2  17   4 
 135	2   1   8 
 135	2  45  37 
 135	2  32  26 
 135	6  28  21 
 137	2  17   4 
 137	2   1   8 
 137	2  45  37 
 137	2  33  20 
 139	2  17   4 
 139	2  44  46 
 139	2   1   8 
 139	2  32  26 
 141	2   9  21 
 141	2  45  37 
 141	6  34  13 
 143	2   9  21 
 143	2  44  46 
 145	2   9  21 
 141	6  31  24 
 145	6  45  44 
 147	2  15  30 
 147	2  13   4 
 149	2  21   7 
 149	2  27  11 
 147	6  39  32 
 151	2  16  19 
 151	6  36  29 
 153	2  13   4 
 153	2  46  25 
 155	2  16  19 
 155	6  47  45 
 157	2  21   7 
 157	2  27  11 
 159	2  13   4 
 159	2  21   7 
 157	6  32  24 
 161	2  27  11 
 161	2  36  45 
 161	6   2   1 
 163	2  43  31 
 165	2  43  31 
 163	6  34  26 
 167	2   9  30 
 163	6   5   4 
 163	6  20  13 
 169	2  26  17 
 169	2  14   1 
 169	2  36  45 
 171	2   9  30 
 171	2  33  47 
 173	2  26  17 
 173	2  14   1 
 173	2  36  45 
 175	2  43  31 
 175	2  11   2 
 177	2   9  30 
 177	2  33  47 
 179	2  26  17 
 179	2  43  37 
 179	2  14   1 
 181	2  16  19 
 181	2  43  37 
 183	2  20  17 
 183	2  43  37 
 179	6  35  28 
 185	2  35  38 
 185	2  11   2 
 185	6  23  16 
 187	2  35  38 
 187	2  11   2 
 189	2  35  38 
 185	6  26  20 
 189	6   4   1 
 191	2  30  21 
 191	2  33  47 
 193	2  30  21 
 191	6  20  19 
 195	2   3  16 
 191	6  44  43 
 193	6  39  32 
 197	2  15   1 
 195	6  35  28 
 199	2   3  16 
 197	6  45  37 
 201	2  15   1 
 197	6  13   5 
 197	6  41  27 
 199	6  32  25 
 203	2   3  16 
 203	6  37  29 
 205	2  15   1 
 205	2  46  32 
 207	2  16  25 
 207	2   3   5 
 207	6  41  40 
 209	2  28  15 
 209	2   3   5 
 211	2   8  24 
 211	6  19  11 
 213	2  40  38 
 213	2  28  15 
 215	2   8  24 
 215	6  47  44 
 217	2   9  11 
 219	2  16  25 
 219	2   3   5 
 215	6  29  28 
 221	2  26  17 
 221	2  28  14 
 221	6  37  31 
 223	2   9  11 
 223	2  28  14 
 225	2  26  17 
 225	2  28  14 
 227	2  18  31 
 227	6  14   1 
 229	2  18  31 
 231	2  18  31 
 227	6  44  36 
 227	6  27  13 
 233	2  18  27 
 233	2  40  38 
 233	2  29  15 
 235	2  31  10 
 235	6  28  14 
 237	2  18  27 
 237	2  40  38 
 239	2  31  10 
 241	2  37  28 
 241	2  46  32 
 241	2   9  11 
 243	2  37  28 
 243	2  16  25 
 243	6  12  11 
 245	2   8  24 
 245	2  46  45 
 247	2  37  28 
 247	6  27  25 
 249	2  30  21 
 249	2   5   2 
 249	2  46  45 
 251	2   5   2 
 251	2  46  45 
 251	6  36  21 
 253	2  18  25 
 253	2   5   2 
 255	2  47  26 
 255	6   8   2 
 257	2  32  44 
 259	2  23  38 
 255	6  11   4 
 259	6  33  25 
 261	2  16  28 
 263	2  21   9 
 265	2  31  10 
 267	2  30  17 
 267	6   4   2 
 269	2  32  44 
 271	2  47  26 
 269	6  22  16 
 273	2  19  40 
 271	6  37  36 
 275	2  16   2 
 275	2  19  40 
 277	2  16   2 
 277	2  32  44 
 279	2  16   2 
 279	2  47  26 
 281	2  15  31 
 281	6  41  20 
 283	2  22  28 
 285	2  23  38 
 281	6  10   2 
 287	2  21   9 
 287	2  19  40 
 289	2  30  17 
 289	6  20  12 
 291	2  15  31 
 293	2  22  28 
 293	6  37  25 
 293	6   8   7 
 295	6  28  22 
 299	2  10  12 
 299	2  25  33 
 299	6  37  36 
 301	2  10  12 
 301	2  25  33 
 303	2  10  12 
 303	2  25  33 
 301	6  21   7 
 305	2  30  17 
 305	6  34  13 
 307	2  10   8 
 307	2  29  36 
 309	2  10   8 
 309	2  29  36 
 299	6  46  45 
 305	6  47  46 
 307	6  24  23 
 311	2  12  13 
 311	2  10   8 
 311	2  29  36 
 311	6  47  34 
 313	2  12  13 
 313	2  10   2 
 313	2  24  38 
 315	2  12  13 
 315	2  10   2 
 315	2  15  31 
 313	6  36  28 
 317	2  13   4 
 317	2   7   9 
 317	2  32  31 
 319	2  13   4 
 319	2  21  30 
 319	2   9  17 
 319	6  26  25 
 321	2  10   2 
 321	2  14  15 
 321	2  38  46 
 323	2  13   4 
 323	2   2   1 
 323	2  22  28 
 323	2  38  46 
 325	2  13  34 
 325	2  21  30 
 325	2   9  17 
 327	2  19   5 
 327	2  32  31 
 327	2  14  15 
 327	2   2   1 
 327	6  29  23 
 329	2  13  34 
 329	2  14  15 
 329	2  38  46 
 329	2   2   1 
 331	2  19   5 
 331	2  32  31 
 331	6  10   8 
 333	2  25  23 
 333	2  46  38 
 335	2  25  23 
 335	2  46  38 
 333	6  12   5 
 337	2  10  18 
 337	2  22  28 
 337	2  46  38 
 337	6   8   7 
 339	2  10  18 
 339	2  21  30 
 341	2  10  18 
 341	2  22  28 
 337	6  33  32 
 339	6  20  13 
 343	2  26  18 
 343	2  14  28 
 341	6  38  37 
 345	2  26  18 
 345	2  15   2 
 347	2  25  23 
 347	2  20  34 
 347	2  14  28 
 347	6  10   4 
 349	2  19  12 
 349	2  14  28 
 351	2  37  28 
 349	6  23  16 
 353	2  26  18 
 353	2  37  28 
 349	6  41  40 
 355	2  23  39 
 355	6  20  11 
 357	2  23  39 
 359	2  23  39 
 355	6  44  43 
 351	6   7   1 
 357	6   2   1 
 361	2  44  39 
 361	6  16  11 
 363	2  44  39 
 365	2  44  39 
 361	6  26  20 
 361	6  21  14 
 367	2  39  27 
 367	2   9  17 
 367	2  11  12 
 367	6  29  21 
 369	2  26  38 
 371	2  39  27 
 371	2  11  12 
 369	6  16   8 
 373	2  26  38 
 369	6   3   2 
 373	6  11   5 
 375	2  39  27 
 375	2  14   8 
 377	2  26  38 
 377	2  14   8 
 379	2  39  26 
 379	2  15   1 
 379	2   5  12 
 379	6  44  30 
 381	2  39  26 
 381	2  14   8 
 383	2  39  26 
 383	2  15   1 
 381	6  11   3 
 385	2  16  32 
 387	2  10  24 
 387	2  37  28 
 387	6  34  19 
 389	2  43  38 
 391	2  10  24 
 387	6  14   8 
 393	2  11  27 
 393	2  43  38 
 395	2  11  27 
 395	2  43  38 
 393	6  15   8 
 397	2  10  24 
 397	6  19  12 
 399	2  16  32 
 401	2  16  32 
 403	2  11  27 
 403	2  31  39 
 403	6  16   8 
 405	2  38  43 
 405	2  27  20 
 405	2  12  11 
 407	2  32  33 
 407	2  27  20 
 407	2  12  11 
 409	2  17  22 
 409	2  31  39 
 409	2  27  20 
 411	2  38  43 
 411	2  17  22 
 411	6  26  19 
 413	2  31  39 
 413	2  17  22 
 415	2  38  43 
 415	6  16   3 
 417	2  32  33 
 419	2  32  33 
 415	6  47  41 
 417	6  45  37 
 421	2  12  11 
 421	6  32  23 
 415	6  28  21 
 421	6  41  34 
 423	6  12   3 
 427	2  32  40 
 427	2  16  30 
 429	2  32  40 
 429	2  16  30 
 429	2  20  12 
 431	2  32  40 
 431	2  16  30 
 431	2  20  12 
 433	2  37  16 
 433	2  20  12 
 433	6  40  34 
 435	2  37  16 
 437	2  37  16 
 435	6  19   4 
 439	2  15  23 
 439	6  47  38 
 441	2   4   9 
 443	2   4   9 
 439	6  36  28 
 441	6  34  26 
 445	2  38  30 
 445	2   4   9 
 447	2  26  13 
 447	2  38  30 
 447	6  10   2 
 449	2  26  13 
 449	2  38  30 
 451	2  26  13 
 451	2  29  31 
 447	6  41  40 
 447	6   8   7 
 453	2  10  26 
 453	2  15  23 
 453	6  46  37 
 455	2  10  26 
 455	2  15  23 
 457	2  10  26 
 457	6  21   0 
 459	2  46  40 
 459	2  24  26 
 461	2  46  40 
 461	2  24  26 
 463	2  25  16 
 463	2  46  40 
 463	6   3   1 
 465	2  25  16 
 467	2  25  16 
 463	6  36  30 
 459	6  13  12 
 465	6  46  41 
 469	2   2  10 
 469	2  24  26 
 469	6  36  21 
 471	2   2  10 
 471	2  39  34 
 473	2   2  10 
 473	2  26  41 
 469	6   5   4 
 475	2  32  30 
 475	2  21   8 
 475	6  10   4 
 477	2  32  30 
 477	2  21   8 
 479	2  32  30 
 479	2  21   8 
 475	6  19  12 
 481	2  37  25 
 481	2   2   9 
 481	6  21  15 
 483	2  39  34 
 483	2   2   9 
 485	2  26  41 
 485	2   2   9 
 483	6  37  30 
 487	2  10  15 
 487	2  39  34 
 489	2  16  14 
 489	2  29  31 
 489	2  26  41 
 489	6  11   3 
 491	2  30  25 
 493	2  16  14 
 493	2  29  31 
 491	6  40  34 
 495	2  10  15 
 493	6  26  19 
 497	2  10  15 
 495	6  37  31 
 499	2  16  14 
 495	6  29  28 
 497	6  47  46 
 501	2  26  31 
 501	2   2   0 
 499	6  12  11 
 503	2  32  29 
 503	2   2   0 
 503	6  45  44 
 505	2  32  29 
 505	2   2   0 
 507	2  26  31 
 507	6  10   7 
 509	2  26  31 
 509	6  46  44 
 513	2  24  27 
 513	2   7  14 
 515	2  32  29 
 515	2   7  14 
 515	6  20  12 
 517	2  32  29 
 517	2   7  14 
 519	2  32  29 
 521	2  32  29 
 521	6  13   4 
 523	2  29  44 
 525	2  29  44 
 523	6  32  26 
 527	2  29  44 
 523	6  16  14 
 527	6   4   3 
 529	2  32  45 
 529	2  23  17 
 531	2  32  45 
 531	2  23  17 
 533	2  32  45 
 533	2  23  17 
 529	6  19  13 
 529	6  36  29 
 533	6   8   3 
 535	2  20  34 
 535	2  30  25 
 537	2  20  34 
 535	6  45  39 
 539	2  26  10 
 537	6  30  22 
 541	2  26  10 
 539	6  13   5 
 543	2  30  33 
 543	6  15   8 
 545	2  24  27 
 545	2  45  36 
 547	2  30  33 
 545	6   5   3 
 549	2  20  34 
 549	2  45  36 
 549	6  24  18 
 551	2   3   8 
 551	2  34  41 
 551	2  45  36 
 553	2   9  22 
 553	2  34  41 
 551	6  20  13 
 555	2  38  24 
 555	2   3   8 
 555	2  34  41 
 555	2  36  28 
 557	2  38  24 
 557	2   3   8 
 557	2  36  28 
 557	6  41  20 
 559	2  38  24 
 559	2  36  28 
 561	2  38  43 
 561	2   9  22 
 563	2  32  41 
 563	2   9  22 
 563	6  27  19 
 565	2  32  41 
 565	2   8   9 
 567	2  38  43 
 567	2   8   9 
 565	6  22  14 
 569	2  27  39 
 569	2   8   9 
 565	6   4   3 
 569	6  44  36 
 571	2   3  24 
 573	2  27  39 
 573	6  16  11 
 575	2  27  39 
 577	2  32  41 
 571	6  28  21 
 573	6   7   1 
 577	6  43  29 
 579	2  26  10 
 579	2  46  39 
 581	2  18  19 
 581	2  46  39 
 577	6  13   6 
 579	6  14   7 
 583	2  31  16 
 583	2  19  26 
 581	6  41  34 
 585	2  31  16 
 585	2  19  26 
 581	6   2   1 
 583	6  36  28 
 587	2  31  16 
 587	2  19  26 
 583	6  11   5 
 587	6  40  34 
 589	2  16  14 
 589	2  38  29 
 589	2   5  20 
 591	2  16  14 
 591	2  12  25 
 591	6  45  36 
 593	2   3  24 
 595	2  16  14 
 595	2  12  25 
 597	2   3  24 
 597	2  46  39 
 597	6  36  21 
 599	2  24  10 
 599	2   5  20 
 601	2   3   6 
 597	6   8   7 
 599	6  39  33 
 603	2  14  29 
 603	2  24  10 
 603	2   5  20 
 603	6   1   0 
 605	2  30  39 
 607	2  45  32 
 607	2  15  28 
 605	6  18  12 
 609	2  39  37 
 609	2  15  28 
 609	6  27  26 
 611	2  38  22 
 611	2   3   6 
 613	2  39  37 
 613	2  24  10 
 613	2  15  28 
 613	6  12   6 
 615	2  45  32 
 615	2  14  29 
 617	2  38  22 
 617	2  18  25 
 615	6   9   1 
 619	2  45  32 
 619	2  14  29 
 619	6  20   5 
 621	2  39  37 
 621	2  25  17 
 621	2   0  14 
 623	2  38  22 
 623	2  25  17 
 625	2   3  12 
 625	2  28  22 
 625	2  41  38 
 627	2   2   3 
 627	2  12  33 
 627	2   0  14 
 627	6  45  30 
 629	2   2   3 
 629	2  12  33 
 629	2   0  14 
 631	2  25  17 
 631	2   2   3 
 631	6  21  15 
 633	2  40  45 
 635	2  40  45 
 631	6  19  12 
 633	6  31  25 
 637	2  40  45 
 637	2  28  22 
 633	6  10   4 
 637	6  13   6 
 639	2  25  11 
 639	2  21  37 
 641	2  25  11 
 641	2  21  37 
 639	6  40  34 
 643	2  25  11 
 643	2  28  22 
 639	6  16   9 
 645	2  13  11 
 645	2  34  27 
 645	2  21  37 
 645	6  32  24 
 647	2  13  11 
 647	2  34  27 
 647	2  15   2 
 649	2  13  11 
 649	2  34  27 
 649	2  28   7 
 645	6  47  46 
 651	2  40  25 
 651	2  11   4 
 651	2  15   2 
 651	6  37  29 
 653	2  40  25 
 653	2  11   4 
 653	2  15   2 
 655	2  40  25 
 655	2  11   4 
 651	6  27  20 
 655	6  23  16 
 657	2  45  40 
 657	2  28   7 
 659	2  41  38 
 657	6  12   3 
 661	2  39  23 
 663	2   8  24 
 663	2  45  40 
 663	6  20  13 
 665	2  16   3 
 665	2  41  38 
 667	2  39  23 
 667	6  26  18 
 669	2  16   3 
 669	2  45  40 
 671	2  39  23 
 665	6   1   0 
 669	6  13  12 
 673	2   8  24 
 673	6  47  41 
 675	2   9  18 
 677	2   9  18 
 673	6  29  21 
 675	6  38  37 
 679	2   9  18 
 679	6  41  27 
 681	2  32  18 
 681	2  28   7 
 683	2  32  18 
 681	6  46  45 
 685	2  27  20 
 685	2   8  24 
 685	6  11   3 
 687	2  38  26 
 687	2   8  21 
 689	2  27  20 
 689	2  31  36 
 689	6  14   0 
 691	2  38  26 
 693	2  32  18 
 693	2  27  20 
 693	6  23   9 
 695	2  19  33 
 697	2  13  27 
 697	2  47  39 
 695	6  28  14 
 699	2  25  23 
 699	2  47  39 
 699	6  34  20 
 701	2  25  23 
 701	2   0   3 
 701	2  47  39 
 703	2  16  11 
 701	6  43  28 
 705	2  25  23 
 705	2   0   3 
 703	6  47  46 
 707	2  22  23 
 707	2  41  33 
 707	2   9   4 
 707	2  19  20 
 709	2  38  26 
 709	2   8  21 
 711	2   5  26 
 711	2  43  38 
 711	2  22  23 
 711	6  10   9 
 713	2  34  47 
 713	2  25  24 
 713	2  19  20 
 715	2   5  26 
 715	2  43  38 
 715	2  22  23 
 717	2  30   9 
 717	2  13  27 
 717	6  46  45 
 719	2  30   9 
 719	2  41  33 
 719	2  19  20 
 721	2  30   9 
 721	2  13  27 
 723	2  11  32 
 723	2   8  21 
 723	6  44  36 
 725	2  10   4 
 725	2  34  47 
 725	2  25  24 
 725	2  22  21 
 727	2  11  32 
 727	2  22  21 
 725	6   8   1 
 729	2  31  44 
 729	2  41  33 
 729	2  10   4 
 729	2  22  21 
 731	2  37  16 
 731	2  34  47 
 729	6  19  12 
 733	2  37  16 
 733	6  47  34 
 735	2  31  44 
 735	2   0   3 
 737	2  37  16 
 737	6   7   0 
 739	2   5  26 
 739	2  43  38 
 741	2  11  32 
 741	6  36  21 
 743	2  25  24 
 743	2   5  20 
 745	2  17  26 
 743	6  45  38 
 747	2  21   9 
 747	2   5  20 
 747	6  43  36 
 749	2  21   9 
 749	2   5  20 
 751	2  21   9 
 747	6  30  24 
 749	6  46  41 
 753	2   9   0 
 753	2  21  36 
 753	2  25  13 
 755	2  40  24 
 755	2  12   3 
 755	2  21  36 
 757	2  40  24 
 757	2   4   1 
 757	2  21  36 
 757	6  27  20 
 759	2  40  24 
 759	2   4   1 
 761	2  32  16 
 763	2  46  31 
 763	2   9   0 
 763	6  34  19 
 765	2  37  39 
 765	2   9   0 
 767	2  46  31 
 767	6   4   2 
 769	2  47  44 
 769	2  17  26 
 771	2  47  44 
 771	2  17  26 
 767	6  21   7 
 773	2  20   4 
 773	2  30  21 
 773	6  46  40 
 775	2  19  11 
 775	2  30  21 
 775	2   2   1 
 777	2  20   4 
 777	2  30  21 
 773	6  17  16 
 779	2  32  17 
 779	6  28   7 
 781	2  12   3 
 781	2  40  31 
 783	2  25  13 
 783	6  40  34 
 785	2  19  11 
 785	2  16   0 
 787	2  12   3 
 787	2  30  28 
 783	6  46  45 
 787	6  16   8 
 789	2  37  39 
 789	2  20   4 
 791	2  47  44 
 791	2  25  13 
 793	2  16  18 
 793	2  37  39 
 793	6  34  27 
 795	2  16  18 
 795	2  44  39 
 797	2  16  18 
 797	2  44  39 
 793	6  13   5 
 799	2  24  16 
 799	2  19  11 
 799	2  44  39 
 795	6  30  29 
 799	6   8   1 
 801	2  24  16 
 801	2  12  13 
 801	2  29  28 
 803	2  24  16 
 803	2  19  27 
 803	2  29  28 
 801	6  45  37 
 805	2  32  17 
 805	2   1   0 
 805	2  12  13 
 805	6  21  15 
 807	2  18   4 
 807	2   1   0 
 809	2  34  31 
 809	2  12  13 
 809	6   9   2 
 811	2  37  23 
 811	2  18   4 
 813	2  37  23 
 813	2  19  27 
 811	6  40  39 
 815	2  37  23 
 815	2   3   2 
 815	2  19  27 
 811	6  28  14 
 817	2  39  30 
 817	2  17  11 
 817	2   3   2 
 817	6  27  13 
 819	2  39  30 
 819	2  17  11 
 819	2   3   2 
 821	2  39  30 
 821	2  18   4 
 817	6  35  21 
 821	6  16   8 
 823	2  35  38 
 825	2  35  38 
 823	6   5   3 
 827	2  30  46 
 823	6  20  19 
 823	6  34  33 
 827	6   8   1 
 829	2  30  46 
 829	2  17  11 
 831	2  35  38 
 831	2  13   5 
 829	6  34  27 
 833	2  30  46 
 833	2   1   3 
 833	2  13   5 
 835	2  24   9 
 835	2  13   5 
 833	6  21  14 
 837	2  24   9 
 833	6  43  35 
 835	6  47  45 
 839	2  25  22 
 839	2   1   3 
 837	6  13  12 
 841	2  32  16 
 841	6  43  37 
 843	2  32  16 
 845	2  24   9 
 841	6  35  28 
 843	6  27  19 
 847	2  30  45 
 847	2   1   3 
 841	6  47  41 
 847	6  43  35 
 849	2  10  19 
 849	2  30  45 
 851	2  10  19 
 851	2  30  45 
 847	6  41  40 
 853	2  10  19 
 853	6  39  36 
 855	2   0   3 
 857	2   9  17 
 855	6  20  13 
 859	2  36  43 
 859	2  39  46 
 859	2  21  24 
 859	6   3   1 
 861	2  36  43 
 861	2  40  19 
 863	2  36  43 
 863	2  39  46 
 863	2  21  24 
 863	6  34  27 
 865	2  35  36 
 865	2  39  46 
 865	2  18   3 
 865	2   0   1 
 867	2  38  43 
 867	2  18   3 
 867	2   0   1 
 865	6  23  15 
 869	2  40  19 
 869	2  35  36 
 869	6  10   9 
 871	2  33  31 
 871	2  35  36 
 873	2  25  22 
 873	6  45  43 
 875	2  23  26 
 877	2  23  26 
 875	6   4   3 
 879	2  38  45 
 879	2  25  22 
 881	2  32  16 
 881	2  43  35 
 883	2  33  31 
 883	2  16   3 
 883	2  43  35 
 885	2  40  19 
 885	2  15   8 
 885	2  43  35 
 885	6  31  30 
 887	2  16   3 
 889	2  15   8 
 889	2  10  17 
 887	6  46  34 
 891	2  16   3 
 887	6  43  36 
 893	2  37  46 
 893	2  18   4 
 893	2  15   8 
 893	6  33  32 
 895	2  37  46 
 895	2  10  17 
 897	2  37  46 
 897	2  10  12 
 895	6  28  14 
 899	2  38  45 
 899	2  10  12 
 899	6  33  27 
 901	2   9  14 
 901	2  45  44 
 903	2   9  14 
 903	2  45  44 
 901	6  30  29 
 905	2   9  14 
 905	2  41  39 
 901	6  19  18 
 907	2  23  26 
 907	2  45  44 
 907	6   3   1 
 909	2  37  25 
 911	2  14  29 
 911	2  13  26 
 911	2  41  39 
 911	6  44  43 
 913	2  40  31 
 913	2  10  12 
 915	2  23   2 
 915	2  13  26 
 915	2  41  39 
 917	2  30  33 
 917	6  11   9 
 919	2  14  29 
 921	2  30  33 
 921	6   7   0 
 923	2  11  27 
 925	2  37  25 
 923	6  22  15 
 927	2  11  27 
 927	6  44  39 
 929	2  23   2 
 931	2  11  27 
 931	6  23  15 
 933	2  13  26 
 935	2   5  13 
 933	6  36  28 
 937	2  23  32 
 937	2   5  13 
 931	6   1   0 
 933	6  10   3 
 935	6  41  34 
 939	2  23  32 
 939	2   5  13 
 937	6   8   0 
 941	2  40  31 
 941	6   5   3 
 943	2  37  25 
 945	2  21  24 
 945	6  34  20 
 947	2  14  29 
 949	2  15   2 
 947	6  25  11 
 951	2  37  22 
 951	6   8   7 
 953	2  34  39 
 953	2  20  19 
 953	2  21  35 
 955	2  34  39 
 955	2  20  19 
 955	2  21  35 
 953	6   3   2 
 957	2  23  32 
 957	2  20  19 
 959	2  30  33 
 959	2  15  14 
 959	6  13   4 
 961	2  34  39 
 961	2  28   7 
 963	2  40  31 
 963	2  28   7 
 959	6  18  17 
 965	2  39  30 
 965	2  15  14 
 965	6  27  18 
 967	2  31  23 
 967	2  21  35 
 969	2  37  22 
 965	6   4   3 
 967	6   9   8 
 971	2  24  18 
 971	2  41  27 
 971	2  37  22 
 971	6   6   4 
 973	2  40  25 
 973	2  28   7 
 975	2  39  30 
 975	2  15  14 
 975	6  34  27 
 977	2  16  11 
 977	2  28  21 
 979	2  24  18 
 979	2  14   2 
 977	6  39  37 
 981	2  27   6 
 981	2  14   2 
 983	2  26  10 
 983	2  31  23 
 983	2  28  21 
 983	6  46  39 
 985	2  16  11 
 985	2  41  34 
 985	2  37  30 
 985	2  28  21 
 987	2  26  10 
 987	2  31  23 
 989	2  27   6 
 989	2  35  23 
 989	6  11  10 
 991	2  40  25 
 993	2  27   6 
 993	2  35  23 
 989	6  14   8 
 995	2  24  18 
 995	2  41  34 
 995	2   8   2 
 995	6  38  29 
 997	2  16  10 
 997	2  18  19 
 999	2  26  11 
 997	6   7   0 
1001	2  40  25 
1001	6  22   9 
1003	2  41  40 
1003	2  18  19 
1005	2  41  40 
1005	2  18  19 
1001	6  44  38 
1001	6  36  35 
1007	2  14  29 
1007	2   9   3 
1007	2  41  40 
1007	6  25  13 
1009	2  14  29 
1009	2   9   3 
1011	2  14  29 
1011	2   9   3 
1007	6   1   0 
1007	6  44  42 
1013	2  25  32 
1013	2   7  14 
1013	2  11   6 
1013	2  36  23 
1013	6   9   1 
1015	2  38  29 
1015	2   7  14 
1015	2  11   6 
1017	2  25  32 
1017	2   7  14 
1017	2  11   6 
1017	6  42  28 
1019	2  25  32 
1021	2  24  27 
1019	6   4   2 
1023	2  38  29 
1019	6  15  14 
1023	6  27  19 
1025	2  38  29 
1027	2  28   7 
1025	6  10   3 
1029	2  26  38 
1029	2  28   7 
1031	2  25   9 
1031	6  36  21 
1033	2  32  34 
1035	2  24  19 
1033	6   8   1 
1037	2  26  38 
1037	6  23  17 
1039	2  32  34 
1039	2  21   8 
1041	2  26  38 
1041	2  21   8 
1037	6  13   5 
1037	6  43  35 
1043	2  23  39 
1043	6  20  11 
1045	2  23  39 
1047	2  23  39 
1049	2  39  45 
1049	2  23  35 
1049	6  26  12 
1051	2  39  45 
1051	2  23  35 
1053	2  39  45 
1053	2  23  35 
1049	6   3   2 
1055	2  45  46 
1055	2   2  23 
1055	6  27  13 
1057	2  29  16 
1057	2  45  46 
1059	2   2  23 
1059	2  45  46 
1055	6  43  42 
1055	6  18  11 
1061	2  39  27 
1061	2  29  16 
1061	6  44  43 
1063	2  15  18 
1065	2  31  26 
1065	2  28   7 
1067	2  39  27 
1067	2  29  16 
1069	2  25   9 
1069	6  45  29 
1071	2  25   9 
1073	2  11   9 
1073	6  33  25 
1075	2  12  10 
1077	2  11   9 
1075	6  29  14 
1079	2  39  27 
1079	2  11   9 
1081	2  22  25 
1081	6   5   3 
1083	2  22  25 
1085	2  22  25 
1087	2  37  29 
1087	2  24  19 
1087	2  33  41 
1087	2   7  14 
1087	6   9   3 
1089	2  30  25 
1089	2   7  14 
1091	2  37  29 
1091	2  32  34 
1091	2   7  14 
1087	6   6   5 
1093	2   9  22 
1093	2  46  34 
1093	6  11   5 
1095	2  30  25 
1097	2   9  22 
1097	2  39  44 
1099	2  15  18 
1099	2  39  44 
1101	2  31  26 
1101	2  21   8 
1103	2  37  29 
1103	2  24  17 
1103	2  19   4 
1103	2  33  41 
1103	6   8   2 
1105	2  30  25 
1107	2  31  26 
1107	2  28  29 
1109	2   9  22 
1109	2  20  25 
1109	6  45  37 
1111	2  15  18 
1113	2   8  23 
1113	2  18  32 
1113	6  27  13 
1115	2  30  15 
1117	2  23  36 
1117	2  18  32 
1115	6  47  45 
1119	2   9  11 
1119	2  28  29 
1121	2  40  26 
1121	2   8  22 
1121	2  37  31 
1123	2  46  34 
1123	2  24  17 
1123	2   8  22 
1125	2  12  10 
1125	2  30  15 
1125	2  46  34 
1127	2  20  25 
1127	2  28  29 
1129	2   9  11 
1129	2  40  26 
1129	2  37  31 
1129	6  35  21 
1131	2  19   4 
1131	2  24  17 
1131	2  39  44 
1133	2  18  32 
1133	6  41  27 
1135	2  23  36 
1135	2  12  10 
1137	2  30  15 
1137	2   3  12 
1137	6  43  35 
1139	2  47  41 
1139	2  20  25 
1139	2   8  22 
1141	2  47  41 
1141	2   9  11 
1141	2  32  24 
1141	6  22  14 
1143	2  47  41 
1143	2  19   4 
1143	2  37  31 
1143	2   8   1 
1145	2  33  27 
1145	2   4   5 
1145	2  18   9 
1145	2  43  44 
1145	6  31  30 
1147	2  40  26 
1147	2  15  14 
1147	2   4   5 
1147	2  43  44 
1149	2  33  39 
1149	2  19  17 
1149	2  15  14 
1149	2   4   5 
1149	2  43  44 
1151	2  23  36 
1151	2  26  47 
1151	2   8   1 
1153	2  22  37 
1153	2   3  12 
1153	2  33  39 
1153	2   8   1 
1155	2  31  40 
1155	2   3  12 
1155	2  15  14 
1155	6  44  43 
1157	2  23  10 
1157	2  26  47 
1157	2   1   8 
1159	2  18   9 
1159	2  33  39 
1157	6  21  14 
1161	2  31  40 
1161	2   1   8 
1159	6  13   5 
1163	2  22  37 
1163	2  32  24 
1163	2   1   8 
1165	2  19  17 
1165	2  22  37 
1165	6   4   2 
1167	2  31  40 
1169	2  26  47 
1167	6  22  16 
1171	2  20   4 
1171	2  44  39 
1167	6  14   7 
1173	2  22  38 
1173	2  20   4 
1173	6   7   1 
1175	2  22  38 
1175	2  20   4 
1177	2  22  38 
1177	2  26  20 
1177	6   5   3 
1179	2  14  30 
1179	2  26  20 
1181	2  29  38 
1181	2  26  20 
1177	6  41  34 
1181	6  15   7 
1183	2  29  38 
1183	2  19  17 
1185	2  32  24 
1185	6  27  11 
1187	2  14  30 
1189	2  14  30 
1185	6  47  46 
1191	2   1   3 
1191	2  29  38 
1191	6  48  27 
1193	2   1   3 
1195	2   1   3 
1193	6  29  24 
1197	2  48  47 
1197	2  11   3 
1193	6  44  38 
1197	6   7   1 
1199	2  48  47 
1199	2  23  10 
1199	2  32  33 
1201	2  11   3 
1201	2  48  47 
1201	2  29  43 
1201	2  32  33 
1197	6  20  13 
1203	2  28   7 
1203	2  11   3 
1203	2  38  39 
1203	6  26  24 
1205	2  28   7 
1205	2   4  11 
1205	2  38  39 
1207	2  28   7 
1207	2   4  11 
1203	6  48  47 
1209	2  18   9 
1209	2  46  37 
1209	2  32  33 
1209	6  28  21 
1211	2  23  10 
1211	2  20  26 
1213	2  17  18 
1213	2  46  37 
1213	2  20  26 
1211	6   8   7 
1215	2  29  43 
1215	2  17  18 
1215	2  20  26 
1211	6  12   5 
1215	6  40  38 
1217	2  16   2 
1217	2  29  43 
1217	2   4  11 
1219	2  16   2 
1217	6  26  19 
1221	2  46  37 
1221	2  16   2 
1217	6  14   7 
1223	2  10   7 
1223	6  38  36 
1225	2  10   7 
1227	2  17  18 
1223	6  47  33 
1227	6   5   2 
1229	2  38  25 
1229	2  36  28 
1231	2  38  25 
1231	2  36  28 
1227	6  22  15 
1229	6  40  34 
1233	2  38  25 
1233	2   8   2 
1233	2  36  28 
1233	6  13   5 
1235	2  25   9 
1237	2   8   2 
1237	2  17  32 
1235	6  43  29 
1239	2  25   9 
1235	6  47  46 
1241	2   8   2 
1241	2  13  34 
1241	6  37  22 
1243	2   1   4 
1245	2  13  34 
1245	6  18  17 
1247	2  37  39 
1249	2  37  39 
1245	6   8   2 
1247	6  34  20 
1251	2  10   7 
1251	2  37  39 
1253	2  25   9 
1253	2  13  20 
1253	6  46  38 
1255	2   7  14 
1255	2  29  17 
1257	2  11  24 
1257	2   7  14 
1257	6   9   2 
1259	2  46  48 
1259	2  11  24 
1259	2   7  14 
1261	2  46  48 
1261	2  11  24 
1255	6  33  26 
1257	6  44  43 
1261	6  21  15 
1263	2  46  48 
1265	2  34  46 
1263	6  24  12 
1267	2  34  46 
1267	6  36  21 
1269	2  18  32 
1271	2   1   4 
1271	2  34  46 
1271	6  31  23 
1273	2  21   8 
1275	2  21   8 
1273	6  20  11 
1277	2  21   8 
1273	6  45  40 
1277	6  31  25 
1279	2  36  45 
1279	2   1   4 
1281	2  36  45 
1279	6  23  16 
1283	2  36  45 
1283	2  25  26 
1279	6  48  40 
1279	6  21  14 
1281	6   4   1 
1285	2  45  43 
1285	2  25  26 
1287	2  24  15 
1287	2  45  43 
1285	6  47  41 
1289	2  16   3 
1289	2  45  43 
1289	2  25  26 
1289	6   7   1 
1291	2  33  30 
1293	2  16   3 
1293	2  45  31 
1293	6  41  26 
1295	2  16   3 
1295	2  45  31 
1295	2  14   7 
1297	2  28  16 
1297	6  43  37 
1299	2  24  15 
1299	2   3   5 
1301	2  24  15 
1301	2   3   5 
1299	6  39  33 
1303	2  24  25 
1303	2   3   5 
1303	2  14   7 
1299	6  27  20 
1303	6  37  30 
1305	2  24  25 
1305	2  12   5 
1305	2   2   3 
1305	2  14   7 
1307	2  24  25 
1307	2  12   5 
1307	2   2   3 
1305	6  40  33 
1309	2  10  22 
1309	6  25  19 
1311	2  39  37 
1311	2   2   3 
1313	2  39  37 
1311	6  22  15 
1315	2  44  39 
1315	2  12   5 
1313	6   3   1 
1317	2  30  25 
1317	6  12   5 
1319	2  44  39 
1319	2  28  16 
1321	2  30  25 
1321	6  14   9 
1323	2  44  39 
1325	2  18  32 
1325	2  44  43 
1323	6  30  23 
1327	2  27  39 
1327	2  11   3 
1327	2  44  43 
1329	2  33  30 
1329	2  11   3 
1331	2  33  30 
1331	2  11   3 
1329	6  20  13 
1333	2  29  17 
1333	6  39  33 
1335	2  10  15 
1335	2  44  43 
1337	2  28  16 
1335	6  19   5 
1339	2  39  30 
1337	6  44  43 
1341	2  23  25 
1341	2  40  39 
1341	6  11   3 
1343	2  45  31 
1343	2  27  33 
1345	2  45  46 
1345	2  28  30 
1345	2  27  33 
1343	6  17  16 
1347	2  40  39 
1347	2  28  30 
1347	6  27  12 
1349	2  29  16 
1349	2  45  46 
1351	2  16  17 
1351	2  21  29 
1351	2  40  39 
1353	2  10  15 
1353	2  32  24 
1353	2  45  46 
1353	6  37  36 
1355	2  15  10 
1355	2  32  24 
1357	2  16  17 
1357	2  40  46 
1357	2  12  11 
1353	6  34  27 
1359	2  21  29 
1359	2  16  17 
1359	2  40  46 
1359	2  12  11 
1359	6  31  26 
1361	2  15  10 
1361	2  40  46 
1363	2  21  29 
1363	2   9   3 
1363	2  12  11 
1365	2  31  22 
1365	2   9   3 
1365	6  20  18 
1367	2  31  22 
1367	2   9   3 
1369	2  31  22 
1363	6  47  40 
1369	6  46  40 
1371	2  23  18 
1373	2  23  18 
1365	6  43  36 
1371	6  38  37 
1375	2  25  22 
1369	6   4   3 
1377	2  46  38 
1377	2  23  18 
1377	6  33  27 
1379	2  46  38 
1379	2  15  10 
1381	2  46  38 
1381	2   7  23 
1381	6  12   3 
1383	2  38  41 
1385	2  46  43 
1385	2   7  23 
1385	6  27  26 
1387	2  46  43 
1387	2   2  15 
1389	2  46  43 
1389	2   2  15 
1387	6  12  11 
1391	2  38  41 
1391	2   2  15 
1393	2  38  41 
1393	6  15   1 
1395	2  31  33 
1397	2  31  33 
1393	6  17  11 
1395	6  43  35 
1399	2  31  33 
1395	6  48  46 
1399	6  11   9 
1401	2  28  30 
1403	2  32  24 
1401	6  48  34 
1405	2  38  17 
1403	6  28  14 
1407	2  20  34 
1407	2  38  17 
1409	2  37  28 
1409	2  20  34 
1409	6  14   8 
1411	2  37  28 
1411	2  20  34 
1413	2  37  28 
1409	6  39  32 
1409	6  24  17 
1407	6  48  47 
1413	6  20   4 
1415	2  35  14 
1415	2  38  24 
1417	2  35  14 
1417	2  45  47 
1419	2  25  22 
1419	2  45  47 
1419	6   4   2 
1421	2  25  22 
1421	2  45  47 
1423	2  35  14 
1423	2  38  25 
1423	6  34  27 
1425	2  32  18 
1425	2  22  21 
1425	2   8  16 
1427	2  14   2 
1427	2  39  44 
1427	6  30  24 
1429	2  22  21 
1429	2  39  44 
1431	2  14   2 
1431	2  39  44 
1427	6  19  11 
1429	6  48  34 
1433	2  24  11 
1433	2  22  21 
1433	6  45  37 
1435	2  10  26 
1437	2  32  18 
1437	2   8  16 
1435	6  29  28 
1439	2  45  48 
1439	2  24  11 
1439	6   9   1 
1441	2  45  48 
1441	2  24  11 
1443	2  45  48 
1437	6  27  20 
1441	6  35  28 
1445	2  48  45 
1445	2  20  17 
1445	6  14   1 
1447	2  30  36 
1447	2  32  18 
1449	2  38  25 
1449	6  12  10 
1451	2  28  14 
1451	2  48  45 
1453	2  30  36 
1453	2  39  40 
1453	6  21   7 
1455	2  20  17 
1455	2  48  45 
1457	2  12  26 
1457	2  30  36 
1457	2  39  40 
1457	6  10   9 
1459	2  28  14 
1459	2  38  25 
1461	2  21  23 
1461	2  12  26 
1461	2  39  40 
1461	6  44  37 
1463	2   1   2 
1463	2  20  17 
1463	2  28  14 
1465	2   8  16 
1465	2  32  19 
1463	6  47  46 
1467	2  15  31 
1467	2  20   4 
1469	2  15  31 
1469	2  20   4 
1469	6  48  40 
1471	2  15  31 
1471	2  20   4 
1473	2  31  36 
1473	6  11   2 
1475	2  46  30 
1477	2  31  36 
1473	6  26  20 
1477	6  47  41 
1479	2  22  25 
1481	2   8  23 
1479	6  38  37 
1483	2  15  17 
1481	6  27  12 
1485	2  24  45 
1485	2   7   2 
1485	6  28  21 
1487	2   3  16 
1487	2  32  19 
1489	2  24  45 
1489	2   7   2 
1483	6  48  41 
1489	6  41  27 
1491	2   9  21 
1493	2   9  21 
1489	6  12   4 
1491	6  31  30 
1495	2  15  17 
1495	6  40  26 
1497	2   8  23 
1499	2   3  16 
1499	2  30  36 
1501	2  10  26 
1501	6  47  38 
1503	2  10  26 
1505	2   9  21 
1495	6  13   5 
1505	6  27  13 
1507	2  38  29 
1507	2  41  47 
1507	2   7   2 
1509	2  38  29 
1509	2  41  47 
1507	6  17  16 
1511	2  38  29 
1511	2  41  47 
1509	6  14   8 
1513	2  35  29 
1513	2  46  31 
1511	6  13   5 
1515	2  35  29 
1515	2  46  31 
1515	2  15  16 
1513	6  33  27 
1517	2  35  29 
1517	2   3  17 
1517	2  15   7 
1517	6  46  44 
1519	2  27  11 
1519	2  14  23 
1521	2  22  25 
1521	6   5   3 
1523	2  38  33 
1523	2  16  21 
1525	2  38  33 
1525	2  16  21 
1523	6  36  35 
1527	2  38  33 
1527	2   9   3 
1527	6  23  21 
1529	2  33  46 
1529	2   9   3 
1531	2  27  11 
1531	6  38  36 
1533	2  27  11 
1533	2  15   7 
1535	2  10  26 
1535	2  15   7 
1535	6  13   5 
1537	2  29  37 
1537	2  33  46 
1537	2   2  10 
1537	2  16  23 
1539	2  28  36 
1539	2  33  46 
1539	2   2  10 
1539	6  23  16 
1541	2  29  37 
1541	2  32  19 
1541	2   2  10 
1543	2  28  36 
1543	2  33  47 
1543	2   7   2 
1543	6  20  18 
1545	2  29  37 
1545	2  33  47 
1545	2   9   3 
1547	2  28  36 
1547	2  40  31 
1547	2   7   2 
1549	2  22  25 
1549	6   3   1 
1551	2  24  45 
1551	2  13  27 
1553	2  29  22 
1553	2  45  44 
1553	2  19  32 
1553	6  17  16 
1555	2  25  26 
1555	2  29  22 
1555	2  45  44 
1555	2   7   2 
1557	2  40  31 
1557	2  13  27 
1557	2  29  22 
1557	2  45  44 
1557	6   4   2 
1559	2  19  32 
1561	2  25  26 
1559	6  29  15 
1563	2  33  47 
1563	6  12   3 
1565	2  40  31 
1567	2  25  26 
1565	6  28  22 
1569	2   2   8 
1569	2  19  32 
1567	6  37  36 
1571	2   2   8 
1571	2  13  27 
1571	6  46  32 
1573	2   2   8 
1573	2  17  19 
1575	2  16  22 
1575	6  27  12 
1577	2  16  22 
1577	2  31  45 
1579	2  16  22 
1579	2  31  45 
1575	6  10   3 
1577	6  41  40 
1581	2  16   9 
1581	2  31  45 
1581	6  26  13 
1583	2   1  15 
1585	2  16   9 
1581	6  36  29 
1581	6   4   3 
1583	6  45  44 
1587	2  27  34 
1587	2  22  24 
1583	6  40  39 
1587	6  11   2 
1589	2  27  34 
1589	2  22  24 
1591	2  27  34 
1591	2  22  24 
1589	6  39  37 
1593	2   1  15 
1593	6  27  18 
1595	2  16   9 
1597	2   1  15 
1595	6  40  38 
1599	2  17  19 
1599	6  21   8 
1601	2  39  27 
1603	2  32  11 
1605	2  37  21 
1605	2  26  41 
1605	6  16  10 
1607	2  39  27 
1609	2  37  21 
1609	2  26  41 
1605	6   2   1 
1611	2  29  16 
1611	2  39  27 
1613	2  29  16 
1613	2  46  39 
1613	2  26  41 
1611	6   7   1 
1615	2  32  11 
1615	6  29  21 
1617	2  32  11 
1619	2  45  33 
1619	2  10   2 
1621	2  21  16 
1621	2  46  39 
1621	6  34  20 
1623	2  37  29 
1623	2  46  39 
1623	2  10   2 
1625	2  28  21 
1625	2  37  36 
1625	2  10   2 
1623	6  15   7 
1627	2  40  34 
1627	2  28  21 
1627	2  37  36 
1627	2  17  19 
1627	6   4   2 
1629	2  40  34 
1629	2  30  15 
1629	2  26  19 
1631	2  40  34 
1631	2  30  15 
1631	2  26  19 
1629	6  43  35 
1633	2  30  15 
1633	2  26  19 
1633	6  41  39 
1635	2   2  15 
1635	2  37  36 
1637	2   2  15 
1633	6  11   4 
1635	6  20  19 
1639	2  29  32 
1639	6  10   8 
1641	2  45  33 
1641	2  28  21 
1643	2  29  32 
1641	6  20  13 
1645	2  10  18 
1645	2  45  33 
1645	6  28  23 
1647	2  10  18 
1649	2  10  18 
1645	6  14   8 
1647	6  40  38 
1651	2  18  20 
1651	2   2  15 
1645	6   5   4 
1653	2  43  38 
1653	2  34  40 
1653	2  18  20 
1653	6   8   3 
1655	2  43  38 
1655	2  34  40 
1655	2  18  20 
1657	2  43  38 
1657	2  34  40 
1657	6  25  23 
1659	6  34  27 
1663	2  30  43 
1663	2  25  18 
1659	6   4   2 
1659	6  21  14 
1665	2   3  19 
1665	2  23  38 
1665	6  40  34 
1667	2   3  19 
1667	2  30  43 
1669	2   3  19 
1669	2  23  38 
1665	6  14   8 
1671	2  12  27 
1671	2  30  43 
1671	2  17   9 
1671	6  47  40 
1673	2   3  16 
1673	2  37  30 
1673	2  25  18 
1675	2  12  27 
1675	2  23  38 
1671	6  28  21 
1675	6   3   1 
1677	2  12  27 
1677	2  46  43 
1679	2  29  32 
1679	6  12   5 
1681	2   1  16 
1681	2  46  43 
1681	2  25  18 
1683	2   1  16 
1683	2  37  30 
1681	6  21  14 
1685	2   8   1 
1685	2   5   4 
1685	2  24  45 
1681	6  34  27 
1687	2  27  12 
1687	2  22  38 
1687	2  17   9 
1689	2  27  12 
1689	2   8   1 
1689	2  24  45 
1691	2  27  12 
1691	2  22  38 
1691	2  17   9 
1693	2  33  20 
1693	2   5   4 
1693	2   8   1 
1693	2  37  30 
1693	6  18  10 
1695	2  33  20 
1695	2   5   4 
1695	2  28  30 
1697	2  46  43 
1695	6   7   1 
1699	2  22  38 
1697	6  34  27 
1701	2  24  45 
1697	6   5   4 
1701	6   9   8 
1703	2  33  20 
1703	2  45  38 
1705	2  11  24 
1705	2  13  20 
1705	2  45  38 
1701	6  36  29 
1705	6  41  33 
1707	2  28  30 
1707	2  13  20 
1709	2  11  24 
1709	2  45  38 
1709	2  13  20 
1707	6  14   8 
1711	2  25  46 
1709	6  43  29 
1713	2  25  46 
1711	6   4   3 
1715	2  28  30 
1713	6  14   7 
1717	2  11  24 
1715	6  47  45 
1719	2  29  14 
1715	6  27  20 
1719	6  17   5 
1721	2  36  45 
1723	2  36  45 
1719	6  33  32 
1721	6   7   1 
1725	2  32  16 
1725	6  19  11 
1727	2  32  16 
1729	2  32  16 
1725	6  29  21 
1725	6  45  44 
1731	2   8  11 
1731	2  29  31 
1731	6  40  27 
1733	2   8  11 
1733	2  29  31 
1735	2   8  11 
1735	2  36  44 
1735	6  31  30 
1737	2  18  27 
1737	2   8   7 
1739	2  18  27 
1739	2   8   7 
1737	6  45  39 
1741	2  18  27 
1741	2   8   7 
1741	2  29  30 
1737	6   5   3 
1743	2  20   4 
1743	2  21  14 
1743	2  31  40 
1743	6  17   9 
1745	2  27  34 
1745	2  21  14 
1747	2  20   4 
1747	2  31  40 
1743	6  45  44 
1747	6  22  15 
1749	2  18  33 
1751	2  27  34 
1747	6  36  28 
1747	6   7   0 
1749	6  46  38 
1753	2  18  33 
1753	6  15   9 
1755	2  20   4 
1755	2  31  40 
1757	2  27  34 
1757	2  25  38 
1753	6  28  21 
1757	6  12  11 
1759	2  27  32 
1759	2  21  15 
1761	2  16  37 
1761	6  41  40 
1763	2  11  23 
1765	2  11  23 
1763	6  44  36 
1767	2  18  33 
1767	2  21  15 
1763	6   2   1 
1767	6  38  31 
1769	2  36  22 
1769	2  17  26 
1769	2   2   4 
1771	2  36  22 
1771	2  40  33 
1771	2   3   0 
1771	6  27  19 
1773	2  36  22 
1773	2   2   4 
1773	2  40  33 
1775	2  16  37 
1775	2  40  33 
1775	6   1   0 
1777	2  11  23 
1779	2  17  26 
1779	2  21  15 
1777	6  40  39 
1781	2   3   1 
1781	2  14  21 
1777	6  43  36 
1781	6  26  12 
1783	2  23  36 
1783	2   3   1 
1783	2  14  21 
1785	2  23  36 
1785	2  14  21 
1783	6  46  38 
1787	2  17  12 
1787	6  43  28 
1789	2  26  40 
1789	2   2   4 
1791	2  26  40 
1789	6  31  17 
1793	2  26  40 
1791	6   4   2 
1795	2  26  34 
1795	2  23  36 
1795	6  45  39 
1797	2  26  34 
1797	2  17   1 
1797	2  12   4 
1799	2  26  34 
1799	2   2  15 
1799	2  12   4 
1797	6  29  28 
1801	2  19  32 
1801	2  43  45 
1801	2   2  15 
1801	6   5   4 
1803	2  19  32 
1803	2  44  36 
1803	2   2  15 
1805	2  16  37 
1805	6  33  20 
1807	2   4   9 
1807	2  43  45 
1809	2   4   9 
1809	2  44  36 
1805	6  28  21 
1807	6  31  30 
1811	2   4   9 
1811	2  43  45 
1811	6  14   0 
1813	2  31  40 
1813	2  19   3 
1813	2  44  36 
1815	2  31  40 
1815	2  20   4 
1815	6  17  16 
1817	2  31  40 
1817	2  20   4 
1819	2  20   4 
1815	6  45  44 
1817	6  21   7 
1821	2  24  32 
1821	2  19   3 
1821	6  37  30 
1823	2   7  10 
1825	2   7  10 
1821	6  46  45 
1823	6  26  13 
1827	2   7  10 
1827	6  45  29 
1829	2  25   9 
1829	2  12   5 
1831	2  26  17 
1831	6   4   2 
1833	2  33  45 
1833	2  15  29 
1835	2  33  45 
1835	2  15  29 
1833	6  18  17 
1837	2  33  45 
1837	2   0   2 
1837	2  15  29 
1833	6  20  13 
1837	6   5   4 
1839	2  17   8 
1839	2  33  34 
1841	2  17   8 
1841	2  33  34 
1839	6  44  29 
1843	2  17   8 
1843	2  33  34 
1843	6  13   5 
1845	2  31  47 
1845	2  26  18 
1845	2   0   2 
1847	2  23  38 
1847	2  26  18 
1847	2   0   2 
1849	2  16   1 
1849	2  12  18 
1849	6  45  40 
1851	2  16   1 
1851	2  12  18 
1853	2  19   3 
1849	6  30  29 
1855	2  25   9 
1855	6  45  29 
1857	2  24  32 
1859	2  25   9 
1855	6  41  40 
1861	2  41  20 
1861	2  23  38 
1861	6  10   8 
1863	2  41  20 
1863	2  23  38 
1865	2  31  47 
1861	6  36  28 
1865	6  27  13 
1867	2  24  32 
1869	2  31  47 
1867	6  21   7 
1871	2  10  13 
1871	2  47  46 
1867	6  44  36 
1871	6  33  32 
1873	2  29  21 
1873	2  10  13 
1873	2  47  46 
1875	2  29  21 
1875	2  10  13 
1875	2  47  46 
1877	2  29  21 
1877	2  41  20 
1877	6  31  17 
1879	2  27  34 
1881	2  27  34 
1877	6  45  44 
1877	6   5   4 
1879	6  22   8 
1883	2  31  37 
1883	2  33  19 
1883	6  46  45 
1885	2   8  11 
1885	2  31  37 
1885	2  27  34 
1887	2   8  11 
1887	2  31  37 
1887	6  34  27 
1889	2   8  11 
1889	2  43  31 
1891	2  24  32 
1891	6  37  22 
1893	2  33  19 
1895	2  24  32 
1891	6   9   3 
1895	6  18  11 
1897	2  37  44 
1897	2  41  46 
1897	2  28  23 
1899	2  37  44 
1899	2  41  46 
1899	2  28  23 
1895	6  27  20 
1897	6   9   8 
1901	2  37  44 
1901	2  33  19 
1901	2  28  23 
1901	6   4   3 
1903	2  29   8 
1903	2  41  46 
1905	2  37  25 
1905	6  21   8 
1907	2  43  31 
1907	2  12  11 
1909	2  37  25 
1909	2  12  20 
1905	6  40  34 
1911	2   8  17 
1911	2  29  21 
1911	2  33  46 
1911	2  12  20 
1913	2  30  16 
1913	2  33  46 
1913	2  12  20 
1913	6  28  21 
1915	2  18  34 
1917	2   8  17 
1917	2  33  46 
1915	6  44  36 
1919	2  18  34 
1919	6  22   8 
1921	2  24  32 
1923	2  18  34 
1921	6  45  43 
1925	2   3   8 
1925	2  29  28 
1925	6  26  12 
1927	2   3   8 
1927	2  45  31 
1929	2  30  16 
1929	2  44  45 
1927	6  35  28 
1931	2  12   4 
1931	2  30  16 
1931	2  44  45 
1931	6  41  26 
1933	2  12   4 
1933	2  44  45 
1935	2   3   8 
1933	6  39  31 
1937	2  22  17 
1937	2  12   4 
1933	6  36  35 
1937	6  34  27 
1939	2  32  23 
1941	2  15  24 
1939	6  47  45 
1943	2  27  11 
1939	6  35  28 
1943	6  31  23 
1945	2  45  36 
1945	2  27  11 
1947	2  45  36 
1947	2  27  11 
1943	6   8   2 
1949	2  23   9 
1949	2  45  36 
1949	2  41  47 
1945	6  21  14 
1949	6  26  13 
1951	2  23   9 
1951	2  41  47 
1953	2  23   9 
1953	2  41  47 
1951	6  39  38 
1955	2   1   9 
1949	6  11   4 
1951	6  28  14 
1955	6  13  11 
1957	2  39  34 
1957	2   1   9 
1959	2  39  34 
1959	2   1   9 
1957	6  43  29 
1961	2  39  34 
1961	2   1   0 
1961	2   3  11 
1963	2  26  23 
1963	2   1   0 
1963	6  46  44 
1965	2  26  23 
1965	2   1   0 
1967	2  26  23 
1963	6   5   4 
1967	6  14   7 
1969	2  37  25 
1971	2  13  34 
1969	6  16  10 
1973	2  32  31 
1971	6  45  36 
1975	2  17  19 
1975	2  32  31 
1973	6   7   1 
1977	2  16  29 
1977	2   3  11 
1977	2  33  46 
1977	6  20  13 
1979	2   4   1 
1979	2  37  22 
1981	2   4   1 
1981	2  37  22 
1979	6  40  32 
1983	2   4   1 
1983	2  37  22 
1985	2   8  23 
1985	2  20  34 
1985	2   3  11 
1985	2  44  37 
1985	6  28  21 
1987	2  32  30 
1987	2  17  19 
1989	2   8  23 
1989	2  20  34 
1989	2  44  37 
1989	6  18  10 
1991	2  32  30 
1993	2   8  23 
1993	2  33  46 
1993	2  44  37 
1991	6  12   5 
1995	2  16  29 
1995	2  33  46 
1995	6   3   1 
1997	2  16  29 
1999	2  32  30 
1995	6  44  43 
1999	6  21  14 
2001	2  18  39 
2003	2   2   5 
2003	2  23  36 
2003	6  34  32 
2005	2   2   5 
2005	2  23  36 
2007	2   2   5 
2007	2  23  36 
2009	2  18  39 
2005	6  14   7 
2009	6  36  28 
2011	2  10   7 
2011	2  31  26 
2013	2  10   7 
2013	2  31  26 
2011	6  46  40 
2015	2  15  24 
2015	6   5   3 
2017	2  15  24 
2019	2  32  30 
2021	2  18  39 
2021	2   2  15 
2023	2  17  19 
2023	2  32  30 
2025	2  10   7 
2025	2  32  30 
2025	6  20  19 
2027	2  14   7 
2027	2  10  16 
2027	2  32  47 
2029	2  22   1 
2029	2  32  47 
2023	6  45  44 
2029	6  11   5 
2031	2  14   7 
2031	2  31  26 
2033	2   2  15 
2033	2  32  47 
2033	6  44  37 
2035	2  25  11 
2035	2  22   1 
2037	2  25  11 
2037	2  14   7 
2035	6  46  41 
2039	2  25  11 
2039	2   2  15 
2039	6  37  30 
2041	2  18  12 
2041	2   3   8 
2043	2  13  34 
2043	2   3   8 
2041	6  46  45 
2045	2  24  27 
2045	2   3   8 
2047	2  39  25 
2047	2  10  16 
2047	2  14  28 
2049	2  30  17 
2049	2  13  34 
2049	6  15   8 
2051	2  18  12 
2053	2  24  27 
2049	6   3   2 
2049	6  45  43 
2055	2  39  25 
2055	2  22   1 
2055	6  11   4 
2057	2  24  27 
2057	2  14  28 
2059	2  39  25 
2059	2  20  27 
2059	2  14  28 
2059	6  16   9 
2061	2  18  12 
2061	2  20  27 
2063	2  13  34 
2059	6  43  37 
2061	6   4   3 
2065	2  30  17 
2065	2  20  27 
2061	6  46  39 
2065	6   8   0 
2067	2  30  17 
2069	2  25  23 
2065	6  43  35 
2067	6  13   5 
2071	2   3   8 
2071	2  25  23 
2067	6  40  34 
2071	6  35  28 
2073	2   3   8 
2073	2  25  23 
2075	2  10   9 
2075	2  27  32 
2075	6  23  15 
2077	2  34  18 
2079	2  34  18 
2077	6   2   0 
2081	2  23  37 
2081	2  27  32 
2077	6  28  21 
2081	6  12  11 
2083	2   1   9 
2083	2  23  37 
2083	2  27  32 
2085	2   1   9 
2085	2  23  37 
2083	6  21  14 
2087	2  24  11 
2087	2   1   9 
2085	6  33  26 
2089	2   3   8 
2089	2  23  37 
2091	2   5   2 
2091	2  23  37 
2091	6  39  33 
2093	2   7   8 
2093	2  24  11 
2095	2   5   2 
2095	2  23  37 
2097	2  33  12 
2097	2   7   8 
2097	6  30  21 
2099	2  33  12 
2099	2   7   8 
2101	2  33  12 
2097	6   3   2 
2103	2  41  33 
2103	2  13  12 
2103	2   0  21 
2103	6  46  44 
2105	2  41  33 
2105	2  13  12 
2105	2   2  14 
2107	2  41  33 
2107	2  13  12 
2107	2   0  21 
2103	6  25  18 
2109	2  33  45 
2109	2   2  14 
2109	6  17  11 
2111	2  46  41 
2111	2   0  21 
2113	2  33  45 
2113	2   2  14 
2113	6  30  29 
2115	2  11  13 
2115	2  46  41 
2115	2   8  15 
2117	2  11  13 
2117	2  33  45 
2117	2   2   1 
2117	6  15   7 
2119	2  34  25 
2119	2   5   3 
2121	2  46  41 
2121	2  24  17 
2121	2   2   1 
2119	6  37  29 
2123	2  11  13 
2123	2   8   7 
2123	6  23  16 
2125	2   8   7 
2127	2   2   1 
2123	6  33  27 
2125	6  29  21 
2129	2  11   9 
2129	6  31  25 
2131	2  11   9 
2133	2  11   9 
2129	6  27  20 
2129	6  47  41 
2131	6  35  22 
2135	2  12  25 
2135	2   7   1 
2137	2  23  38 
2137	2   5  20 
2137	2   7   1 
2139	2  23  38 
2139	2   5  20 
2139	2   7   1 
2135	6  10   3 
2141	2  23  38 
2141	2   5  20 
2141	6  10   8 
2143	2  23  38 
2145	2  23  38 
2143	6  26  13 
2147	2  23  38 
2147	2  14   8 
2149	2  13   4 
2149	2  39  23 
2149	2  14   8 
2149	6  34  27 
2151	2  38  44 
2151	2  13   4 
2151	2  15  17 
2153	2  39  23 
2153	2  13   4 
2153	2  14   8 
2155	2  12  25 
2155	2  38  44 
2155	6   2   0 
2157	2  39  23 
2157	2  13  27 
2159	2  12  25 
2159	2  38  44 
2159	6  21  14 
2161	2  41  25 
2161	2   4   2 
2161	2  44  37 
2163	2  18  23 
2163	2  13  27 
2163	2  44  37 
2163	6  46  39 
2165	2   4   2 
2165	2  15  17 
2165	2  13  27 
2165	2  44  37 
2167	2  18  23 
2167	2  14   0 
2169	2  31  29 
2169	2   4   2 
2169	6   7   0 
2171	2  38  26 
2173	2  40  24 
2171	6  15   9 
2175	2  31  29 
2173	6  12   4 
2177	2  41  25 
2177	2  14   7 
2179	2  38  26 
2179	2   9  17 
2179	2  14   7 
2181	2  40  24 
2181	2   8   9 
2179	6   4   3 
2183	2  31  29 
2183	2   8   9 
2183	6  18  17 
2185	2  37  39 
2185	2   8   9 
2187	2  37  39 
2187	6   9   3 
2189	2  41  25 
2191	2  38  26 
2185	6  13   5 
2185	6  22  14 
2193	2   9  14 
2193	2  41  20 
2193	2  38  44 
2193	6   5   4 
2195	2   9  14 
2195	2  33  26 
2195	2  38  44 
2197	2  17  23 
2197	2  41  20 
2197	2  38  44 
2199	2   9  14 
2199	2  12  18 
2199	2  33  26 
2199	6  44  35 
2201	2  40  24 
2201	2  14   2 
2203	2  27  24 
2203	2  14   2 
2205	2  31  15 
2205	2  12  18 
2205	6  41  34 
2207	2  23  16 
2207	2  37  39 
2207	2  12  18 
2209	2   9   4 
2209	2  37  21 
2209	6  25  19 
2211	2  23  16 
2213	2   9   4 
2213	2  37  21 
2215	2  25  30 
2215	2  34  20 
2215	2   9   4 
2215	6  35  21 
2217	2  25  30 
2219	2  25  30 
2215	6  45  44 
2217	6   5   3 
2221	2  31  15 
2223	2  32  11 
2223	2  23  16 
2223	6  21   7 
2225	2  27  24 
2227	2  32  11 
2229	2  31  15 
2229	2   5  20 
2229	6  10   3 
2231	2  33  26 
2231	2  21  23 
2233	2   5  20 
2233	2  21  23 
2231	6  45  38 
2235	2  14   2 
2235	2   5  20 
2233	6  47  33 
2237	2   7  14 
2237	2  37  35 
2237	6   5   2 
2239	2  25  38 
2239	2   7  14 
2241	2  25  38 
2241	2   7  14 
2243	2  25  38 
2243	6  34  20 
2245	2  21  23 
2247	2  23   9 
2247	2  14  21 
2249	2  33  25 
2249	2  20   5 
2249	2  23   9 
2249	2  14  21 
2251	2  41  38 
2251	2  20   5 
2251	2  14  21 
2253	2  33  25 
2253	2  20   5 
2253	2  23   9 
2255	2  41  38 
2255	6  15  10 
2257	2  33  25 
2259	2  41  38 
2259	6  26  19 
2261	2  15  30 
2263	2  15  30 
2253	6  35  28 
2261	6   6   3 
2265	2  15  30 
2261	6  41  34 
2261	6  44  43 
2267	2  46  30 
2267	2   4  19 
2267	6  14   0 
2269	2  46  30 
2269	2   4  19 
2271	2  46  30 
2271	2   4  19 
2267	6  43  35 
2273	2  33  17 
2273	2  29  30 
2273	6   7   1 
2275	2  40  25 
2275	2  29  30 
2277	2  33  17 
2277	2  29  30 
2273	6  13   6 
2277	6  46  38 
2279	2  13  34 
2279	2  14  29 
2281	2  13  34 
2281	2  14  29 
2279	6   3   1 
2283	2  38  26 
2283	6  35  21 
2285	2  38  26 
2285	2   2   4 
2287	2  40  25 
2287	2   2   4 
2287	6  20  13 
2289	2  15  21 
2289	2  40  25 
2289	2   2   4 
2291	2  15  21 
2291	6  46  37 
2293	2  15  21 
2293	2  20  34 
2293	6   6   5 
2297	2  37  21 
2297	2  33  17 
2299	2  37  21 
2299	6  41  20 
2301	2  37  21 
2303	2  17  31 
2299	6   5   4 
2303	6  28   7 
2305	2  38  26 
2305	2  47  41 
2307	2  32  11 
2309	2  27  24 
2309	6   4   2 
2311	2  30  28 
2311	2  47  41 
2313	2  24  25 
2313	2  45  38 
2313	2  47  41 
2313	2  14  29 
2311	6  20  13 
2315	2   2  15 
2315	2  30  28 
2315	6  25  17 
2317	2   2  15 
2317	2  27  12 
2317	2  45  38 
2319	2   2  15 
2319	2  27  12 
2319	2  30  28 
2315	6  47  40 
2321	2  32  16 
2321	6  13   4 
2323	2   8   2 
2323	2  25  31 
2325	2  32  16 
2321	6  36  28 
2325	6   7   1 
2327	2  39  18 
2329	2  11  10 
2329	2  25  31 
2327	6  13   6 
2331	2  39  18 
2331	2   8   2 
2327	6  36  21 
2333	2  24  17 
2333	2  27  12 
2333	2  45  38 
2333	2   8   2 
2333	6  30  22 
2335	2  11  10 
2335	2  25  40 
2337	2  24  17 
2337	2   3  12 
2335	6  45  38 
2339	2  11  10 
2339	2  14  22 
2339	2  25  40 
2339	6   2   1 
2341	2  33  30 
2341	2  10   4 
2343	2  33  30 
2343	2  10   4 
2339	6  20  13 
2341	6  46  45 
2345	2  33  30 
2345	2   3  12 
2347	2  32  16 
2347	6  19  11 
2349	2  14  22 
2351	2  14  22 
2347	6  45  37 
2347	6  35  28 
2349	6  47  32 
2353	2  11   2 
2349	6  34  27 
2353	6  37  29 
2355	2  41  20 
2355	2  10   4 
2357	2  41  20 
2353	6  16  15 
2353	6   7   0 
2355	6  32  25 
2359	2  29   8 
2359	2  41  20 
2355	6  46  45 
2357	6   4   3 
2361	2  16  25 
2361	6  40  38 
2363	2  16  25 
2363	2   4  12 
2365	2  16  25 
2361	6  21   7 
2365	6  13   5 
2367	2  34  40 
2367	2  16  15 
2369	2  34  40 
2369	2  29   8 
2371	2  39  18 
2371	6  14   1 
2373	2  31  19 
2373	2  34  40 
2375	2  18  17 
2375	2  37  39 
2375	6  27  26 
2377	2  18  17 
2377	2  37  39 
2377	2   1   3 
2379	2  11   2 
2379	2  16  15 
2379	2  32  38 
2381	2  31  19 
2381	2  16  15 
2381	2   1   3 
2379	6  47  41 
2383	2  31  19 
2383	2   1   3 
2383	6  22  16 
2385	2  11   2 
2385	2  37  39 
2387	2  39  34 
2387	2   2  11 
2385	6  25  24 
2389	2  29   8 
2389	2   4  20 
2389	6  46  41 
2391	2  18  17 
2391	2  21  29 
2393	2  16  19 
2395	2  41  27 
2395	2  12  17 
2395	2  21  29 
2391	6   1   0 
2395	6  39  32 
2397	2  41  27 
2397	2  23  18 
2399	2  41  27 
2399	2  12  17 
2399	2  21  29 
2397	6   7   1 
2401	2  41  46 
2401	2  23  18 
2401	6   5   3 
2403	2  27  33 
2403	2  23  18 
2405	2  41  46 
2405	2  21   0 
2405	6  20  18 
2407	2   1   3 
2407	2  41  46 
2409	2   1   3 
2409	2  37  40 
2407	6  15  14 
2411	2  27  33 
2411	2   1   3 
2407	6   6   5 
2411	6  46  30 
2413	2  27  33 
2413	2   4  18 
2415	2   2  11 
2413	6  21  14 
2417	2  47  46 
2417	2  32  34 
2417	2  12  17 
2419	2  15  24 
2419	2  47  46 
2419	6   5   3 
2421	2  15  24 
2421	2  47  46 
2423	2  15  24 
2417	6  44  36 
2419	6  33  26 
2423	6  46  44 
2425	2  10  26 
2425	2  14   0 
2427	2   1   3 
2427	2  24  30 
2427	6  27  13 
2429	2  28  31 
2429	2   1   3 
2431	2  24  30 
2431	2   1   3 
2429	6  47  41 
2433	2  16  19 
2429	6  44  43 
2435	2  33  46 
2435	2   4  18 
2435	2  14   0 
2435	6  23   9 
2437	2  33  46 
2439	2  33  46 
2435	6  36  28 
2435	6  20  13 
2441	2  33  45 
2441	2   2  11 
2441	2  24  30 
2437	6  14   7 
2443	2  46  25 
2443	2   2   4 
2443	6  42  21 
2445	2  46  25 
2445	2   2   4 
2447	2  46  25 
2447	2   2   4 
2449	2  33  45 
2449	6  11   8 
2451	2  33  45 
2453	2  33  27 
2453	2  46  47 
2453	2  36  31 
2455	2  25  22 
2455	2  46  47 
2455	2  42  43 
2455	6  13   4 
2457	2  33  27 
2457	2  46  47 
2457	2  36  31 
2457	2   1   8 
2459	2  25  22 
2459	2  42  43 
2459	6  46  41 
2461	2  16  19 
2461	2  42  43 
2463	2  25  22 
2463	6  44  43 
2465	2  10  26 
2467	2  10  26 
2465	6  39  31 
2469	2  19  10 
2469	2   1   8 
2465	6  23  22 
2469	6  43  42 
2471	2  33  27 
2471	2  30  46 
2471	2  18   9 
2473	2  32  34 
2473	2  19  10 
2473	2   1   8 
2473	6  45  37 
2475	2  34  41 
2475	2  18   9 
2477	2  32  16 
2475	6   5   4 
2479	2  22  37 
2479	2  33  39 
2479	6   8   1 
2481	2  22  37 
2481	2  34  41 
2481	2  19  10 
2483	2  45  40 
2483	2  29  17 
2481	6   6   5 
2485	2  22  37 
2485	2  33  39 
2485	6  18   2 
2487	2  45  40 
2489	2  34  41 
2487	6  31  23 
2491	2   2   9 
2491	2  13  34 
2487	6  43  36 
2493	2  22  25 
2493	6  45  43 
2495	2  22  25 
2497	2  22  25 
2493	6   5   3 
2499	2  47  45 
2499	2  29  17 
2499	2   2   8 
2499	6  20  12 
2501	2  30  46 
2501	2   2   8 
2503	2  32  16 
2505	2  47  45 
2505	2  29  17 
2505	2   2   8 
2505	6  26  20 
2507	2  30  46 
2507	2  10   7 
2509	2  47  45 
2509	2  10   7 
2509	6  36  30 
2511	2  33  39 
2511	2  10   7 
2513	2  39  25 
2513	2   2   8 
2513	6  12   4 
2515	2  26  31 
2515	2  47  41 
2515	2   2   8 
2517	2  26  31 
2517	2  47  41 
2517	2   2   8 
2515	6  17  16 
2519	2  26  31 
2519	2  47  41 
2515	6  45  44 
2519	6   4   1 
2521	2  39  25 
2523	2  39  25 
2521	6  44  30 
2525	2   1  15 
2525	2  13  34 
2525	6  10   3 
2527	2   1  15 
2527	2  13  34 
2529	2   1  15 
2527	6  38  24 
2529	6  33  19 
2531	6   3   0 
2533	6  37  22 
2535	6  25  20 
2535	6  46  40 
2537	6   4   1 
2541	2  46  44 
2539	6  23  16 
2543	2   5   4 
2543	2  46  44 
2541	6  27  20 
2545	2  11  24 
2545	2  46  44 
2543	6  14   1 
2547	2  11  24 
2547	6  39  37 
2549	2  11  24 
2551	2  11  20 
2549	6   8   7 
2553	2  38  24 
2553	2   5   4 
2553	6  20  13 
2555	2  22  10 
2557	2  22  10 
2555	6  37  31 
2559	2  11  13 
2555	6  46  33 
2559	6  23  22 
2561	2   5   4 
2561	2  26  39 
2563	2  11  13 
2563	2  26  39 
2559	6   8   2 
2561	6  37  36 
2565	2  23  10 
2565	2  26  39 
2565	6  13   5 
2567	2  38  24 
2567	2  10   9 
2569	2  32  17 
2567	6  22  14 
2571	2  38  24 
2571	2  19  11 
2573	2  29  24 
2573	2   3   5 
2573	6  46  38 
2575	2  18  17 
2575	2   3   5 
2577	2  29  24 
2577	2  10   9 
2565	6   1   0 
2573	6  26  20 
2573	6   7   1 
2579	2  23  38 
2579	2  19  11 
2581	2  45  32 
2581	2  30  22 
2581	2  18  17 
2581	2   3   5 
2583	2  23  38 
2583	2  10   9 
2583	6  20   5 
2585	2  45  32 
2585	2  30  22 
2585	2  18  17 
2587	2  29  24 
2587	6  46  44 
2589	2  19  11 
2589	2  30  22 
2591	2  31  17 
2591	6  34  20 
2593	2  23  38 
2595	2  23   7 
2591	6   4   3 
2597	2  45  32 
2597	2   2   5 
2597	6  22  15 
2599	2  33  24 
2599	2  45  46 
2599	2   2   5 
2601	2  18  20 
2601	2  45  46 
2601	6  37  30 
2603	2  18  20 
2603	2  45  46 
2605	2   2   5 
2605	2  46  34 
2603	6  28  14 
2607	2  31  17 
2607	6  19  13 
2609	2  23   7 
2609	2  46  34 
2611	2  33  24 
2609	6  10   3 
2613	2  25  22 
2611	6  47  46 
2615	2  25  22 
2611	6  38  37 
2617	2  25  22 
2615	6  10   9 
2619	2  25  19 
2619	2  22  28 
2619	2  47  34 
2619	6  45  37 
2621	2  25  19 
2621	2  22  28 
2623	2  25  19 
2623	2  22  28 
2621	6  16   9 
2625	2  26  38 
2613	6  13   6 
2625	6  29  28 
2627	2  12   9 
2629	2  12   9 
2627	6  45  32 
2631	2  12   9 
2631	6  36  29 
2633	2  12  13 
2633	2  10  25 
2635	2  12  13 
2635	2  10  25 
2633	6  40  34 
2637	2  12  13 
2637	2  30  16 
2633	6  45  44 
2637	6   4   3 
2639	2  13  34 
2639	2  30  16 
2641	2  13  34 
2641	2  30  16 
2639	6  43  35 
2643	2  13  34 
2643	2  30  16 
2639	6  46  45 
2633	6  14   7 
2639	6  21  14 
2645	2  36  45 
2645	2  13   4 
2645	2  23  21 
2645	6  34  32 
2647	2  36  45 
2647	2  13   4 
2649	2  36  45 
2649	2  13   4 
2645	6   9   8 
2651	2  19  34 
2651	2  30  16 
2651	6  35  21 
2653	2  26  38 
2655	2  19  34 
2655	2  30  16 
2655	6  47  39 
2657	2   8  21 
2657	2  19  34 
2659	2   8  21 
2659	2  18  20 
2655	6  45  44 
2657	6  36  30 
2661	2   8  21 
2661	2  20  34 
2661	6  11   3 
2663	2  33  24 
2663	2  44  35 
2665	2  26  38 
2665	6  29  22 
2667	2  32  11 
2669	2  32  11 
2665	6  43  35 
2671	2  29  45 
2671	2  10  25 
2671	2  20  34 
2673	2   3  15 
2673	2  25  18 
2673	2  44  43 
2673	2  20  34 
2675	2  29  45 
2675	2  10  13 
2677	2   3  15 
2677	2  25  18 
2677	2  44  43 
2677	6  46  40 
2679	2  31  17 
2681	2   3  15 
2681	2  24  31 
2679	6  27  19 
2683	2  29  45 
2683	6   8   3 
2685	2  38  29 
2685	2  25  18 
2687	2  24  31 
2687	2  46  43 
2687	6  18  12 
2689	2  38  29 
2691	2  24  31 
2691	2  46  43 
2689	6   8   2 
2693	2  26  17 
2693	2  38  29 
2693	6  13  12 
2695	2   9  30 
2697	2  37  16 
2697	6  32  25 
2699	2  10  12 
2701	2  37  16 
2701	2  20  13 
2697	6  28  21 
2703	2   3  19 
2703	2  46  43 
2703	6  22  16 
2705	2   3  19 
2707	2   3  19 
2695	6  41  34 
2703	6  31  24 
2705	6  45  40 
2709	2  18  16 
2709	2  20  13 
2705	6  35  28 
2711	2  18  16 
2711	2  20  13 
2711	6  38  35 
2713	2  18  16 
2715	2  19   4 
2711	6  34  33 
2715	6  15   9 
2717	2  38  45 
2717	2  25  11 
2719	2  38  45 
2719	2  19   4 
2717	6  28  21 
2721	2  38  45 
2721	2  25   9 
2717	6  47  41 
2717	6  43  36 
2721	6  13   6 
2723	2  25   9 
2725	2  26  17 
2723	6  44  28 
2727	2  10  12 
2727	6  41  32 
2729	2  44  45 
2731	2  44  45 
2729	6  19  13 
2733	2  44  45 
2733	2  15  30 
2729	6   2   1 
2729	6  11   4 
2735	2  32  18 
2735	2  37  22 
2733	6  41  34 
2737	2  32  18 
2735	6  13   5 
2739	2  32  18 
2735	6   3   2 
2737	6  43  22 
2741	2  18   3 
2739	6  34  27 
2743	2  18   3 
2743	2  15  30 
2743	6  45  39 
2745	2  18   3 
2747	2   5  11 
2745	6  22   8 
2749	2  32  44 
2745	6  20  13 
2749	6   4   3 
2751	2  32  44 
2753	2  32  44 
2749	6  47  41 
2751	6  27  20 
2755	2  44  43 
2751	6  35  29 
2755	6  40  31 
2757	2   4  20 
2757	2  44  43 
2759	2   4  20 
2759	2  44  43 
2757	6  29  22 
2761	2  39  27 
2761	6  24  18 
2763	2  39  27 
2765	2  39  27 
2763	6  30  29 
2767	2  25   9 
2767	6  47  46 
2769	2  30  31 
2769	2  26  17 
2771	2  30  31 
2771	2  17  10 
2769	6  22  15 
2773	2  30  31 
2773	2  11  26 
2769	6  44  36 
2775	2  24  25 
2775	2  45  37 
2775	2   4  20 
2775	6  15   9 
2777	2  12  18 
2777	2  45  37 
2779	2  24  25 
2779	2  45  37 
2777	6  27  20 
2781	2  17  10 
2781	2  32  37 
2783	2  11  26 
2783	6  46  30 
2785	2  12  18 
2787	2  17  10 
2787	6  26  19 
2789	2  23  30 
2789	2  40  46 
2791	2  23  30 
2791	2  40  46 
2781	6   8   2 
2787	6  15   8 
2793	2  26  38 
2793	6   4   1 
2795	2  26  38 
2797	2  26  38 
2793	6  17  16 
2789	6  35  28 
2795	6  28  22 
2799	2  17  33 
2799	6  38  37 
2801	2  17  33 
2803	2  17  33 
2799	6  20  13 
2799	6   5   4 
2799	6   7   1 
2801	6  29  28 
2805	2  26   5 
2805	6  16   2 
2807	2  26   5 
2809	2  26   5 
2805	6  39  38 
2805	6  14   7 
2811	2  17   3 
2811	2  41  26 
2811	2  38  29 
2811	6  13   5 
2813	2  17   3 
2813	2  41  26 
2813	2  38  29 
2815	2  23  30 
2815	2  40  46 
2815	6   9   3 
2817	2  31  30 
2817	2  13  34 
2819	2  31  30 
2819	2  13  34 
2815	6  28  14 
2817	6  46  44 
2821	2  17   9 
2821	2  31  30 
2821	2  41  26 
2821	6  22  15 
2823	2   3   5 
2823	2  24  25 
2825	2   3   5 
2825	2  32  39 
2823	6  41  27 
2827	2  37  22 
2827	2  12  18 
2827	2  32  39 
2829	2  37  22 
2829	2  11  19 
2829	6  33  32 
2831	2  37  22 
2831	2   3   5 
2833	2  23  22 
2833	2  35  37 
2829	6  47  41 
2831	6  27  20 
2835	2  16  32 
2833	6  11   3 
2837	2  16  32 
2837	6  20   6 
2839	2  16  32 
2841	2  15   9 
2841	2  35  37 
2841	6  46  33 
2843	2   4  16 
2843	2  35  37 
2845	2   8  17 
2845	6   6   5 
2847	2  23  22 
2847	2  33  27 
2849	2  15   9 
2849	2  38  29 
2849	2  26  20 
2851	2   4  16 
2851	2  33  27 
2851	6  45  37 
2853	2   8  17 
2853	2  13  34 
2855	2  23  22 
2855	2  41  34 
2855	2   2   5 
2857	2   4  16 
2857	2  45  47 
2857	2  13  19 
2859	2  15   9 
2859	2  18   4 
2859	2  30  38 
2859	2  41  34 
2861	2   8  17 
2861	2  44  28 
2861	2  26  20 
2861	2  41  34 
2863	2  36  24 
2863	2   2   5 
2863	2  33  27 
2863	6  21  14 
2865	2  10  31 
2867	2  25  23 
2867	2  45  47 
2867	2   2   5 
2869	2  22  43 
2869	2  18   4 
2869	6  40  27 
2871	2  16  37 
2873	2  15   3 
2873	2  30  38 
2875	2   6  27 
2875	2   8  29 
2875	2  45  47 
2877	2   9  12 
2877	2  44  28 
2879	2  36  24 
2879	2  13  19 
2881	2   6  27 
2881	2  22  43 
2883	2  16  37 
2883	2   6  27 
2885	2  10  31 
2887	2  25  23 
2889	2  15   3 
2889	2  26  20 
2889	2  30  38 
2891	2   8  29 
2891	2  18   4 
2893	2   9  12 
2893	2  44  28 
2895	2  36  24 
2895	2  13  19 
2897	2  22  43 
2899	2  16  37 
2901	2  10  31 
2901	6  22  21 
2903	2   9  12 
2903	6  32  31 
2907	2  15   3 
2909	2  31  22 
2909	6  11   9 
2911	2  31  22 
2913	2  31  22 
2915	2  22   9 
2917	2  17  31 
2919	2  22   9 
2921	2  17  31 
2923	2  22   9 
2925	2  25  23 
2927	2   8  29 
2929	2  17  31 
