   1	2  24  11 
   1	2  29  43 
   1	6  14   1 
   3	2  26  47 
   3	2  36  35 
   5	2  13  34 
   5	2  29  43 
   3	6  17  16 
   7	2  12   3 
   7	2  28   7 
   7	6  40  38 
   9	2  10   1 
   9	2  36  35 
  11	2  21  16 
  11	2  36  35 
   9	6  19   5 
  13	2  15  31 
  13	6  10   2 
  15	2  26  47 
  15	2  29  43 
  17	2  13  34 
  17	6  45  42 
  19	2  24  11 
  19	2   2   1 
  21	2  21  16 
  21	2   2   1 
  21	2  13  34 
  23	2  40  19 
  23	2  28   7 
  25	2  45  38 
  25	2  12   3 
  25	2  28   7 
  25	6  32  26 
  27	2  45  38 
  27	2  21  16 
  29	2  45  38 
  29	2  12   3 
  25	6  48  41 
  27	6   7   1 
  31	2  40  19 
  27	6  36  30 
  31	6  45  44 
  33	2  24  11 
  35	2  40  19 
  35	2  16  30 
  35	2   3   1 
  29	6  28  21 
  35	6  21  14 
  37	2  32  47 
  37	2   3   1 
  39	2  32  37 
  39	2   3   1 
  37	6  34  27 
  41	2  21  42 
  37	6  18  12 
  41	6  47  45 
  43	2  21  42 
  43	2  11  27 
  45	2  21  42 
  45	2  11  27 
  47	2  47  34 
  47	2  15  31 
  47	2  43  42 
  47	6   6   4 
  49	2  47  34 
  49	2  15  31 
  49	2  43  42 
  51	2  47  34 
  51	2  16  30 
  51	2  43  42 
  51	6  25  19 
  53	2  16  30 
  55	2  43  38 
  51	6  28  21 
  53	6  47  41 
  57	2  32  37 
  53	6   4   3 
  55	6  16   7 
  59	2  32  37 
  57	6  27  13 
  61	2   3   8 
  61	2  43  38 
  61	6  25  17 
  63	2   3   8 
  63	2  27  41 
  63	2  43  38 
  65	2   3   8 
  65	2  27  41 
  61	6  22  21 
  63	6  12   6 
  67	2  25  39 
  67	2   2   8 
  65	6  44  35 
  69	2  12  26 
  69	2  16  24 
  69	6  46  40 
  71	2  12  26 
  71	2   2   8 
  73	2  12  26 
  73	2  16  24 
  71	6  37  28 
  75	2   2   8 
  75	2  27  41 
  75	6  39  32 
  77	2  14  17 
  77	2  45  37 
  77	2   2   1 
  79	2  14  17 
  79	2  45  37 
  79	2   2   1 
  77	6  41  27 
  81	2  25  32 
  81	2  44  46 
  81	2   2   1 
  81	6  15   7 
  83	2  25  32 
  83	2  44  46 
  83	2  11  13 
  85	2  32  26 
  85	2  44  46 
  83	6   2   1 
  87	2  32  26 
  87	2  45  37 
  77	6  42  35 
  85	6  24  23 
  89	2  32  26 
  89	2  35  37 
  85	6  20  13 
  87	6  47  41 
  91	2  16  23 
  91	2  35  37 
  89	6   3   1 
  93	2  30  44 
  91	6  25  12 
  95	2   1  22 
  93	6  47  46 
  97	2  31  25 
  93	6  41  34 
  97	6   9   4 
  99	2  31  25 
 101	2  31  25 
  97	6  36  35 
  99	6  41  27 
 103	2   1  22 
 103	6  32  18 
 105	2   1  22 
 107	2  22   8 
 107	2  36  37 
 109	2  13   4 
 109	2  29  32 
 109	6   9   1 
 111	2  13   4 
 111	2  29  32 
 113	2  13   4 
 113	2  29  32 
 115	2  13  27 
 115	2  14  17 
 115	2  46  43 
 117	2  13  27 
 117	2  16  14 
 117	2  18  11 
 117	2  46  43 
 119	2  13  27 
 119	2  22   8 
 119	2  18  11 
 119	2  46  43 
 121	2  32  20 
 121	2  16  14 
 121	6  37  29 
 123	2  32  20 
 123	2  16  14 
 125	2  32  20 
 121	6  47  41 
 125	6   9   4 
 127	2  30  44 
 129	2  30  44 
 127	6  32  26 
 131	2  13   4 
 131	2  22   8 
 127	6  47  46 
 133	2  32  37 
 133	2  13   4 
 133	6  23  15 
 135	2  32  37 
 135	2  13   4 
 137	2  32  37 
 137	2  18  11 
 133	6  34  27 
 139	2  24  27 
 139	6   3   1 
 141	2  24  27 
 143	2  24  27 
 139	6  44  28 
 139	6  40  39 
 145	2  12  24 
 145	6  46  44 
 147	2  12  24 
 149	2  12  24 
 145	6  28  14 
 145	6  34  33 
 151	2  23  44 
 151	2   3  12 
 151	6  39  32 
 153	2  23  44 
 153	2   3  12 
 155	2  23  44 
 155	2   3  12 
 151	6   7   1 
 157	2  46  33 
 157	2   3   8 
 157	2  36  30 
 157	6  19  13 
 159	2  24  25 
 159	2  28  37 
 159	2   3   8 
 161	2  46  33 
 161	2  36  30 
 161	2   3   8 
 163	2  24  25 
 163	2  20   4 
 163	2  28  37 
 163	6   9   1 
 165	2  46  33 
 165	2  36  30 
 167	2  24  25 
 167	2  20   4 
 167	2  28  37 
 167	6  39  33 
 169	2  11   2 
 171	2  11   2 
 169	6  30  28 
 173	2  26  19 
 173	6  17   9 
 175	2  26  19 
 177	2  20   4 
 173	6  45  39 
 175	6  36  22 
 179	2  26  19 
 179	6  17  11 
 181	2  45  29 
 183	2  45  29 
 179	6  41  34 
 181	6  32  25 
 185	2  45  29 
 179	6   8   1 
 185	6  34  20 
 187	2  10  25 
 189	2  10  25 
 187	6  42  37 
 191	2  10  25 
 187	6  22  15 
 191	6  40  34 
 193	2  10   8 
 195	2  37  25 
 195	6  14   9 
 197	2  37  25 
 199	2  37  25 
 195	6  12   4 
 201	2  27  11 
 201	2  32  38 
 201	6  28  14 
 203	2  27  11 
 203	2  32  38 
 205	2  27  11 
 205	2  32  38 
 207	2  10   8 
 207	2  20  27 
 207	2  37  28 
 207	6  39  33 
 209	2  10   8 
 209	2  20  27 
 209	2  37  28 
 211	2  20  27 
 211	2  37  28 
 211	2  17   2 
 213	2  25  22 
 213	6   4   2 
 215	2  25  22 
 217	2  25  22 
 219	2  23  44 
 219	6  20  11 
 221	2  23  44 
 223	2  23  44 
 219	6   2   1 
 225	2  33  20 
 225	2   1  22 
 225	6  11  10 
 227	2  33  20 
 227	2   1  22 
 229	2  33  20 
 229	2   1  22 
 225	6  42  35 
 231	2  10  16 
 231	2  45  40 
 231	6  35  21 
 233	2  27  24 
 235	2  18  20 
 235	2  45  40 
 235	6  31  23 
 237	2  18  20 
 237	2  45  40 
 239	2  18  20 
 237	6  21   8 
 241	2  27  24 
 233	6   4   3 
 239	6  46  44 
 243	2  21  23 
 243	6  27  11 
 245	2  21  23 
 247	2  21  23 
 243	6   7   1 
 245	6  44  39 
 249	2  34  27 
 249	2  10  16 
 249	6  25  18 
 251	2  34  27 
 251	2  37  21 
 251	2  10  16 
 253	2  34  27 
 253	2  28  44 
 249	6   2   1 
 253	6  39  31 
 255	2  18   9 
 255	2  28  44 
 257	2  18   9 
 257	2  28  44 
 255	6  34  27 
 259	2  23  31 
 259	2  18   9 
 259	6  44  28 
 261	2  23  31 
 261	2  10   8 
 263	2  11  24 
 261	6  27  20 
 265	2  37  21 
 265	6   5   2 
 267	2  37  21 
 269	2  23  31 
 265	6  46  40 
 271	2  20   5 
 271	2  22  38 
 269	6  43  35 
 273	2  20   5 
 273	2  15  17 
 271	6   2   1 
 275	2  20   5 
 275	2  37  24 
 277	2   5   2 
 277	2  39  26 
 277	6  30  24 
 279	2  20  34 
 279	2  14   9 
 281	2  10   8 
 281	2  39  26 
 283	2  32  27 
 283	2  11  16 
 283	2  37  30 
 283	6  21   7 
 285	2  44  47 
 285	2  24  19 
 287	2  32  27 
 287	2  11  16 
 287	2  37  30 
 289	2  35  23 
 289	2  20  34 
 289	6   3   0 
 291	2  22  38 
 291	2  20  34 
 293	2  44  47 
 293	2  24  19 
 295	2   7   0 
 295	2  35  23 
 295	2  39  26 
 295	6   5   3 
 297	2   7   0 
 297	2  22  38 
 299	2  32  27 
 299	2   7   0 
 299	6  37  35 
 301	2   3   2 
 301	2  15  17 
 303	2  14   9 
 301	6  40  34 
 305	2  10   8 
 305	2  37  23 
 307	2   3   2 
 307	2  44  47 
 307	2  15  17 
 309	2  11  16 
 309	2  32  37 
 309	6   7   1 
 311	2  24  19 
 311	2  38  39 
 313	2  46  44 
 313	2  23  26 
 311	6  10   3 
 315	2  21   0 
 315	2  32  37 
 315	6  18  12 
 317	2  14   9 
 317	2  38  39 
 319	2   9   2 
 319	2  46  44 
 317	6  30  29 
 321	2   8  10 
 321	2  38  39 
 323	2  30  25 
 323	2   8  10 
 325	2  30  25 
 325	2   9   2 
 323	6  40  39 
 327	2  30  25 
 327	2   8  10 
 329	2  15  17 
 329	2  30  35 
 329	6  47  33 
 331	2  15  17 
 331	2  30  35 
 333	2  21   0 
 329	6  12   4 
 333	6  45  38 
 335	2  23  26 
 337	2   9   2 
 333	6  43  36 
 337	6  23  18 
 339	2  46  44 
 337	6  21  14 
 339	6   3   1 
 343	2  23  28 
 343	2  18  26 
 341	6  45  43 
 345	2  23  28 
 345	2   3  11 
 337	6  41  34 
 345	6  40  26 
 347	2  23  28 
 347	2   3  11 
 349	2  29  28 
 349	2   3  11 
 349	2  14   0 
 349	6  17  16 
 351	2  45  47 
 351	2  29  28 
 351	2  14   0 
 353	2  45  47 
 353	2  29  28 
 353	2  14   0 
 351	6  19   4 
 355	2  45  47 
 355	2  15  16 
 355	2  30  35 
 357	2  17  33 
 357	2  29  44 
 357	2  14   0 
 359	2  24  38 
 359	6  33  19 
 361	2  24  38 
 363	2  24  38 
 359	6  15   1 
 365	2  33  47 
 365	2   1   3 
 365	2  30  24 
 365	6  19  18 
 367	2  33  47 
 367	2  29  44 
 367	2   1   3 
 369	2  33  47 
 369	2  30  24 
 369	2   1   3 
 365	6  16  15 
 371	2  27  33 
 371	2  17  18 
 371	2  29  44 
 371	6  15  14 
 373	2  27  33 
 373	2  17  18 
 375	2  32  37 
 371	6  47  46 
 375	6  19  17 
 377	2  28  37 
 379	2  28  37 
 371	6   2   1 
 377	6  46  32 
 381	2  28  37 
 377	6   4   2 
 377	6  48  41 
 381	6  17  15 
 383	2  48  45 
 385	2  48  45 
 383	6  26  12 
 387	2  48  45 
 387	6  15   2 
 389	2  31  26 
 391	2  31  26 
 389	6  48  41 
 393	2  31  26 
 389	6  44  43 
 383	6  29  28 
 389	6  13  11 
 393	6  28  15 
 395	2  41  20 
 395	2  30  24 
 397	2  41  20 
 395	6  45  44 
 399	2  16  32 
 399	6   7   1 
 401	2  44  28 
 401	2  23  31 
 401	2  41  20 
 403	2  16  32 
 403	6  44  37 
 405	2  23  31 
 405	2  27  33 
 405	2  10  12 
 407	2  16  32 
 407	2  19  27 
 409	2  37  28 
 409	2  18   9 
 409	6  46  40 
 411	2  37  28 
 411	2  10  12 
 413	2  23  31 
 413	2  18   9 
 409	6  14   7 
 415	2  38  25 
 415	2  14  28 
 415	2  10  12 
 415	6  40  34 
 417	2  31  16 
 419	2  38  25 
 419	2  14  28 
 421	2  20  34 
 421	2  31  16 
 421	6  28  21 
 423	2  32  45 
 423	2  19  27 
 425	2  20  34 
 425	2  38  25 
 423	6  10   8 
 427	2  32  45 
 427	2  19  27 
 427	6  36  28 
 429	2  20  34 
 429	2  31  16 
 431	2  18   9 
 431	6  41  27 
 433	2  14  21 
 433	2  32  45 
 435	2  12  17 
 435	2   0  21 
 435	6  37  31 
 437	2  13  27 
 437	2   0  21 
 439	2  13  27 
 439	2   0  21 
 437	6  17   3 
 441	2  39  36 
 441	2  13  27 
 441	6  15   8 
 443	2  39  36 
 443	2  19   4 
 445	2  39  36 
 445	2  12   3 
 445	6  34  27 
 447	2  46  39 
 447	2  36  35 
 447	2  24  25 
 447	2  12   3 
 449	2  46  39 
 449	2  36  35 
 449	2  24  25 
 447	6  22  16 
 451	2  46  39 
 451	2  36  35 
 451	2  19   4 
 451	6  48  34 
 453	2  14  30 
 453	2  19   4 
 455	2  14  30 
 453	6  45  39 
 457	2  14  30 
 453	6   9   2 
 455	6  18  13 
 459	2  41  39 
 459	6  36  15 
 461	2  41  39 
 461	2  24  25 
 463	2  41  39 
 461	6  27  19 
 465	2  36  38 
 465	2  17  15 
 465	6  48  40 
 467	2  36  38 
 467	2  17  15 
 469	2  36  38 
 469	2  17  15 
 471	2  32  29 
 467	6  19  12 
 471	6   8   3 
 473	2  32  29 
 475	2  32  29 
 471	6  45  44 
 477	2  12   3 
 477	2  45  40 
 477	2  29  36 
 477	6  31  23 
 479	2  12   3 
 479	2  45  40 
 479	2  29  36 
 481	2  12   3 
 481	2  45  40 
 481	2  29  36 
 477	6  26  25 
 477	6   8   7 
 483	2  16  25 
 483	6  44  35 
 485	2  16  25 
 487	2  16  25 
 483	6  13   4 
 483	6  46  40 
 489	2  23   9 
 489	2  41  27 
 489	6  45  43 
 491	2   8  16 
 491	2  41  27 
 493	2  23   9 
 493	2  41  27 
 489	6  32  18 
 489	6  28  21 
 495	2  31  47 
 495	2   8  16 
 495	6  20  11 
 497	2  31  47 
 497	2   8  16 
 499	2  31  47 
 495	6  44  36 
 499	6  15   0 
 501	2  32  40 
 503	2  31  36 
 501	6  18  10 
 505	2  22  35 
 505	2  32  40 
 501	6  13   5 
 501	6  46  45 
 501	6  27  26 
 507	2  18  33 
 507	2  23   9 
 509	2  18  33 
 509	2  22  35 
 509	6   8   2 
 511	2  18  33 
 511	2  22  35 
 513	2  46  25 
 513	2  43  35 
 515	2  23   8 
 515	2  32  40 
 515	2  43  35 
 515	6  19   5 
 517	2  23   8 
 517	2  32  38 
 517	2  43  35 
 519	2  31  36 
 515	6  10   3 
 517	6  47  41 
 521	2  11  16 
 521	2  32  38 
 521	2  29  43 
 519	6   7   1 
 523	2  11  16 
 523	2  32  38 
 523	2  29  43 
 523	6  41  27 
 525	2   2   4 
 525	2  31  36 
 527	2   2   4 
 527	2  22  36 
 527	6  32  25 
 529	2  23   8 
 531	2  11  16 
 531	2  29  43 
 529	6  40  34 
 533	2   2   4 
 533	2  30  45 
 531	6  14   7 
 535	2  18  27 
 535	2  30  45 
 533	6  43  35 
 537	2  18  27 
 537	2   0   2 
 537	2  30  45 
 539	2  46  32 
 539	2  12  17 
 539	2  22  36 
 539	2   0   2 
 541	2  18  27 
 541	2  22  36 
 541	2   0   2 
 541	6  47  45 
 543	2   8  23 
 545	2  15  10 
 543	6  34  20 
 547	2   4   1 
 547	2  31  28 
 547	6  44  43 
 549	2  46  32 
 549	2  20  11 
 549	2   8  23 
 551	2  32  39 
 551	2  19  16 
 551	6  47  41 
 553	2  12  17 
 553	2  32  39 
 555	2  15  10 
 555	2  32  39 
 553	6  37  29 
 557	2  24  33 
 557	2   4   1 
 559	2  20  11 
 559	2  31  28 
 561	2  19  16 
 561	2  45  36 
 563	2  24  33 
 563	2   4   1 
 563	2  45  36 
 565	2  12  17 
 565	2   1   0 
 565	2  45  36 
 567	2   8  23 
 567	2  20  11 
 567	6  46  32 
 569	2  15  10 
 569	2   1   0 
 571	2  10  22 
 571	2   1   0 
 569	6  27  20 
 573	2  18  32 
 573	6  22   9 
 575	2  18  32 
 575	2  41  27 
 577	2  18  32 
 577	2  41  27 
 573	6  45  43 
 573	6   7   0 
 579	2  22  29 
 579	2   3   0 
 579	2  24  33 
 579	2  46  44 
 581	2  22  29 
 581	2   3   0 
 581	2  39  26 
 583	2  22  29 
 583	2   3   0 
 583	2  32  45 
 583	2  41  27 
 585	2  31  28 
 585	2  11  20 
 585	2   0   8 
 587	2  19  16 
 587	2  46  44 
 587	6   1   0 
 589	2  12  33 
 589	2  30  28 
 591	2  25   4 
 591	2  46  44 
 591	6  30  29 
 593	2  12  33 
 593	2   1   8 
 595	2  11  20 
 595	2  32  45 
 595	2   1   8 
 597	2  31  15 
 597	2  11  20 
 599	2  39  26 
 599	2  10   9 
 599	2  29  28 
 601	2  25   4 
 601	2  29  28 
 601	6  47  45 
 603	2  25   4 
 605	2  10   9 
 603	6  28  14 
 607	2  12  33 
 607	6  23  16 
 609	2  39  26 
 611	2  32  47 
 611	2  11  20 
 609	6  43  28 
 613	2  16   3 
 613	2  39  33 
 613	6  18  12 
 615	2  30  45 
 617	2  30  45 
 615	6  16   8 
 619	2  30  45 
 619	2  11  20 
 615	6  47  40 
 621	2  38  23 
 621	2  11  20 
 621	6   8   2 
 623	2  17  30 
 623	2  39  33 
 625	2  24  45 
 625	2  28  29 
 623	6  12   5 
 627	2   2   3 
 627	2  38  23 
 625	6  34  27 
 629	2  17  30 
 629	2   2   3 
 627	6  14   8 
 631	2  24  45 
 631	2  28  29 
 629	6  19  12 
 633	2  31  15 
 633	6  47  34 
 635	2  17  30 
 637	2  31  15 
 637	6  44  36 
 639	2   8  17 
 639	2  39  33 
 641	2   9   2 
 641	2  15   7 
 641	2  32  41 
 641	6  19  11 
 643	2  38  23 
 643	2   9   2 
 645	2  47  44 
 645	2  15   7 
 645	2   9   2 
 645	2  28  29 
 647	2  24  45 
 647	6  28  14 
 649	2  40  24 
 651	2  25   4 
 649	6  45  37 
 653	2  10   1 
 653	2  32  41 
 655	2  28  30 
 655	2   8  17 
 655	6  47  45 
 657	2  25   4 
 657	2  15   7 
 659	2  28  30 
 659	2  10   1 
 659	6  25  19 
 661	2  45  44 
 661	2  28  30 
 661	2  10   1 
 663	2  45  44 
 663	2   9  14 
 665	2  47  26 
 665	2   9  14 
 665	6  37  29 
 667	2  40  24 
 669	2  47  26 
 669	2   9  14 
 671	2  31  36 
 671	2  19   4 
 671	6  22  16 
 673	2  31  36 
 675	2  47  26 
 673	6   5   4 
 677	2   8  17 
 677	2  20  26 
 675	6  35  28 
 679	2  11  16 
 679	2  32  41 
 681	2  11  16 
 681	2  41  39 
 681	2  20  26 
 683	2  11  16 
 683	2  32  45 
 681	6  28  21 
 685	2   4  16 
 685	2  41  39 
 685	2  20  26 
 687	2  11  12 
 687	2  40  24 
 687	2   8   1 
 689	2   4  16 
 689	2  32  45 
 691	2  11  12 
 691	2  31  36 
 691	2   8   1 
 689	6  47  41 
 693	2   4  16 
 693	2  32  45 
 695	2  11  12 
 695	2  36  31 
 695	2   8   1 
 695	6  41  27 
 697	2  11  16 
 699	2  11  16 
 695	6  21  14 
 697	6  46  37 
 701	2  11  16 
 697	6  32  25 
 703	2  37  22 
 703	2  11  27 
 703	2  46  40 
 705	2  37  22 
 705	2  10  19 
 705	2  46  40 
 707	2  37  22 
 707	2  11  27 
 707	2  47  39 
 709	2  17  22 
 709	2  46  40 
 709	6   2   0 
 711	2  44  32 
 713	2  30  24 
 709	6  19  12 
 711	6  15  14 
 715	2   2   4 
 715	2  36  31 
 717	2   2   4 
 717	2  17  22 
 717	6  45  38 
 719	2   2   4 
 719	2  30  24 
 721	2   4   5 
 721	2  17  22 
 721	6   8   2 
 723	2   4   5 
 723	2  44  32 
 725	2  36  31 
 725	2   4   5 
 723	6  22  21 
 727	2  10  12 
 727	2  44  32 
 729	2  11  27 
 729	2  30  24 
 729	6  21   8 
 731	2  36  38 
 731	2  11   5 
 733	2  24  39 
 733	2  11   5 
 731	6  34  20 
 735	2  37  21 
 735	2  11   5 
 735	6  32  24 
 737	2  37  21 
 737	2  10  12 
 739	2  37  21 
 739	2   1  10 
 737	6  47  34 
 741	2  30   9 
 741	6  25  18 
 743	2  36  38 
 745	2  30   9 
 743	6  33  27 
 747	2   2  18 
 747	2  36  38 
 747	6  23  15 
 749	2   2  18 
 751	2   1  10 
 751	2  32  39 
 749	6  45  37 
 753	2   3  15 
 753	2  32  39 
 749	6  35  28 
 755	2   3  15 
 755	2  45  47 
 755	6  31  25 
 757	2   3  15 
 757	2  45  47 
 759	2  15  14 
 759	2  45  47 
 759	2   1  10 
 759	6  12   5 
 761	2  31  29 
 761	2  15  14 
 763	2  31  29 
 763	2  15  14 
 761	6  47  34 
 765	2  31  29 
 765	2  14   8 
 761	6  10   3 
 765	6  20  12 
 767	2  22  24 
 769	2  14   8 
 767	6  45  37 
 771	2  17  26 
 771	2  14   8 
 769	6  29  28 
 773	2  17  26 
 773	6   8   0 
 775	2  22  24 
 775	2  20  34 
 777	2  17  26 
 773	6  44  42 
 777	6  29  21 
 779	2   2  18 
 781	2  20  34 
 779	6  42  35 
 783	2  30   9 
 783	2  20  34 
 783	6  21  14 
 785	2   9  18 
 787	2   9  18 
 785	6  31  23 
 789	2   9  18 
 773	6  46  39 
 789	6  14   7 
 791	2  31  19 
 793	2  31  19 
 785	6  47  41 
 791	6   9   1 
 795	2  31  19 
 795	2  28  14 
 791	6  41  34 
 797	2   8  23 
 797	2  27  19 
 797	6  46  43 
 799	2  10   7 
 801	2   8  23 
 801	2  27  19 
 803	2  45  31 
 803	2  28  14 
 803	2  27  19 
 803	6  17   9 
 805	2  45  31 
 805	2  28  14 
 805	2   5  19 
 807	2  45  31 
 807	2   5  19 
 809	2  10   7 
 809	6  45  33 
 811	2   8  23 
 813	2  10   7 
 815	2   8   7 
 815	2  25  31 
 815	6  45  36 
 817	2   8   7 
 817	2  25  31 
 819	2   8   7 
 819	2   5  19 
 815	6  34  33 
 821	2  28  16 
 821	2  25  31 
 821	6  13   4 
 823	2  14  35 
 823	2  32  25 
 825	2  39  23 
 825	6   8   2 
 827	2  34  13 
 827	2  29  36 
 829	2  34  13 
 829	2  29  36 
 827	6  39  38 
 831	2  28  16 
 831	2  34  13 
 833	2  14  35 
 833	2  13  34 
 835	2  38  23 
 835	2   5  26 
 835	6   9   1 
 837	2  22  24 
 837	2  13  34 
 839	2  38  23 
 839	2   5  26 
 841	2  28  16 
 841	2   7   1 
 841	2  32  25 
 841	6  19  11 
 843	2  14  35 
 843	2  40  24 
 845	2  29  36 
 845	2  40  24 
 845	2   7   1 
 847	2  23  21 
 847	2  43  35 
 847	2  13  34 
 847	2   7   1 
 849	2  28  36 
 849	2  40  24 
 849	6  14   8 
 851	2  29  30 
 851	2  43  35 
 851	2   5  26 
 853	2  28  36 
 853	2  32  25 
 853	2  40  41 
 853	2   5  20 
 855	2   8  11 
 855	2  29  30 
 855	2  43  35 
 855	2  40  41 
 855	6  27  26 
 857	2  31  22 
 857	2  40  41 
 859	2  23  21 
 857	6  18  10 
 861	2  31  22 
 861	2   5  20 
 863	2  33  18 
 863	2  23  21 
 863	6   8   2 
 865	2  33  18 
 865	2  28  36 
 867	2  33  18 
 867	2  29  30 
 869	2  33  45 
 869	2   2  11 
 869	6  35  14 
 871	2  33  45 
 871	2   2  11 
 873	2  33  45 
 873	2  13  11 
 873	6   2   1 
 875	2  37  35 
 875	2  18  16 
 875	2   7  14 
 877	2  37  35 
 877	2  18  16 
 877	2   7  14 
 875	6  46  41 
 879	2  37  35 
 879	2  18  16 
 879	2   7  14 
 881	2  31  22 
 881	2  13  11 
 881	6  46  44 
 883	2  21  35 
 883	2  17  31 
 883	2   5  20 
 885	2  28  16 
 885	6  33  19 
 887	2   9  30 
 889	2   9  30 
 891	2  39  33 
 891	2  18  19 
 891	2  21  35 
 891	6  24  23 
 893	2  39  33 
 893	2  18  19 
 893	2  21  35 
 895	2  39  33 
 895	2  13  11 
 895	2  35  44 
 891	6   8   2 
 897	2  24  33 
 897	2  35  44 
 897	6  14   2 
 899	2  24  33 
 899	2  35  44 
 901	2  24  33 
 901	6  37  29 
 903	2  18  19 
 905	2  18  24 
 903	6   5   3 
 907	2  37  32 
 903	6  16  15 
 909	2  29   8 
 909	6  45  32 
 911	2  29   8 
 913	2  28  15 
 913	6   3   2 
 915	2  17  31 
 917	2  37  45 
 917	2  28  15 
 917	2  18  24 
 919	2   9  30 
 921	2  29   8 
 921	6  32  18 
 923	2  37  45 
 925	2  37  45 
 923	6  28  23 
 927	2  18  10 
 927	2  37  45 
 905	6  27  20 
 927	6  33  27 
 929	2  18  10 
 929	2  37  45 
 931	2  18  10 
 929	6  29  22 
 933	2  17  31 
 923	6   2   1 
 935	2   9  10 
 935	2  32  24 
 935	6  44  29 
 937	2   9  10 
 939	2   9  10 
 935	6  15  14 
 937	6  26  24 
 941	2  39  44 
 919	6   5   4 
 933	6  12   4 
 941	6   3   0 
 943	2  39  44 
 945	2  39  44 
 941	6  22  15 
 943	6  34  26 
 947	2  16  24 
 943	6  20  13 
 947	6  38  36 
 949	2  16  24 
 951	2  16  24 
 947	6   7   2 
 949	6  13  11 
 953	2  36  22 
 953	6  33  31 
 955	2   3  16 
 957	2   3  16 
 955	6  21   7 
 959	2  12  24 
 955	6  45  44 
 959	6  39  33 
 961	2  12  24 
 963	2  36  22 
 961	6   7   1 
 965	2   3  16 
 963	6  20  13 
 967	2  36  22 
 967	2   3  11 
 965	6  45  32 
 969	2  28  22 
 969	2   3  11 
 969	6  16   9 
 971	2  25  38 
 971	2  28  22 
 971	2   3  11 
 973	2  36  21 
 973	2  33  20 
 975	2  12  24 
 975	2  36  21 
 975	2   2   9 
 975	6  33  27 
 977	2  28  22 
 977	2   1   3 
 979	2  36  21 
 979	2   1   3 
 977	6  31  24 
 981	2  12  26 
 981	2  15   7 
 981	2   2   9 
 981	6  46  43 
 983	2  12  26 
 983	2  15   7 
 983	2   2   9 
 985	2  12  26 
 985	2   1   3 
 985	6  24  16 
 987	2  27  20 
 989	2  27  20 
 985	6  21  14 
 987	6  11   2 
 991	2  46  31 
 991	2  15   7 
 987	6  44  36 
 991	6  33  26 
 993	2  46  31 
 993	2   0   2 
 995	2  46  31 
 995	2   0   2 
 991	6  20  13 
 993	6  36  22 
 997	2  46  39 
 997	2   0   2 
 997	6  31  25 
 999	2  46  39 
1001	2  46  39 
 997	6  13  11 
 999	6   8   2 
1003	2  31  38 
 999	6  29  21 
1003	6  19  17 
1005	2  31  38 
1005	2   8  22 
1007	2  40  38 
1007	2   8  22 
1009	2  20  25 
1009	2  30  28 
1009	6   4   2 
1011	2  29  31 
1013	2  19  32 
1009	6  45  44 
1009	6  15  14 
1013	6  36  30 
1015	2  17  15 
1015	2  12   4 
1015	2  45  33 
1017	2  20  25 
1017	6  21   9 
1019	2  40  38 
1019	2  12   4 
1021	2  19  32 
1021	6  44  43 
1023	2  23  18 
1025	2  29  31 
1025	2  12   4 
1025	2   9  10 
1023	6   7   0 
1027	2  36  28 
1027	2  23  18 
1027	2  40  38 
1027	6  13   5 
1029	2  17  15 
1029	2  45  33 
1029	2  36  28 
1031	2  29  31 
1031	2   9  10 
1031	6  40  26 
1033	2  17  15 
1033	2  38  37 
1035	2  28  14 
1035	2  38  37 
1035	2   9  10 
1037	2  20  25 
1037	2   4   1 
1037	2  29  21 
1037	2  38  37 
1039	2  19  32 
1039	2  28  14 
1039	6  37  30 
1041	2  34  46 
1041	2   5  17 
1041	2  28  14 
1043	2  19  20 
1043	2  32  25 
1043	2   4   1 
1043	6  43  35 
1045	2  23  18 
1045	2  34  46 
1047	2  18  12 
1047	2  23  16 
1047	2  34  46 
1045	6  14   0 
1049	2  37  40 
1049	2  18  12 
1047	6  10   3 
1051	2  37  40 
1051	2  19  20 
1051	6  15  14 
1053	2  37  40 
1053	2  18  12 
1055	2  45  33 
1053	6   2   0 
1057	2  24  27 
1057	6  45  36 
1059	2  33  26 
1059	2   5  17 
1061	2  24  27 
1061	6   4   2 
1063	2  45  40 
1063	2  14  35 
1063	2  19  20 
1065	2  39  37 
1065	2  23  16 
1065	6  34  20 
1067	2  10  31 
1069	2  36  15 
1069	2  32  25 
1069	6  11   3 
1071	2  33  26 
1071	2  29  21 
1071	2  23  16 
1073	2  45  40 
1073	2  14  35 
1071	6  20  13 
1075	2  10  31 
1075	6  28  14 
1077	2  39  37 
1077	2   2   1 
1077	2   5  17 
1079	2  24  27 
1079	2   5   4 
1079	6  44  43 
1081	2  10  31 
1081	2  28  35 
1081	2  14   7 
1083	2  33  26 
1083	2  29  21 
1083	2  18  10 
1083	2   5   4 
1085	2  36  15 
1085	2  32  25 
1085	2   5   4 
1085	6  27  19 
1087	2  45  40 
1087	2   8  22 
1089	2  36  15 
1089	2  46  40 
1089	6  32  31 
1091	2  19  16 
1091	2  46  40 
1093	2  29  15 
1093	2  18  10 
1093	2  46  40 
1093	6  20   5 
1095	2  39  37 
1095	2  22  24 
1097	2  33  25 
1097	2  14   7 
1093	6   2   1 
1097	6  37  28 
1099	2  26  12 
1099	2  14   7 
1101	2  26  12 
1097	6  17  16 
1099	6  40  39 
1103	2  21  16 
1103	2  26  12 
1099	6   3   2 
1103	6  45  37 
1105	2  34  40 
1105	2  21  16 
1107	2  34  40 
1107	2  19  17 
1105	6   7   1 
1109	2  38  45 
1109	2  33  25 
1109	2  21  16 
1109	6  13   4 
1111	2  23  31 
1111	2  34  40 
1113	2  29  15 
1113	2  38  45 
1113	2  33  25 
1111	6   2   1 
1115	2  11  32 
1115	2  29  15 
1117	2  30   9 
1117	2  26  25 
1117	6  46  40 
1119	2  23  31 
1119	2  18  10 
1121	2  22  24 
1117	6  12   5 
1119	6  44  35 
1123	2  11  32 
1119	6   8   1 
1125	2   4   1 
1125	2  38  45 
1125	2  22  24 
1125	2  20  33 
1127	2   4   1 
1127	2  23  31 
1127	2  26  25 
1127	6  46  44 
1129	2   4   1 
1129	2  31  22 
1131	2  19  17 
1129	6  34  33 
1133	2  30   9 
1133	6  48  46 
1135	2  30   9 
1135	2  26  25 
1137	2  24  16 
1137	6  33  19 
1139	2  15  10 
1141	2  30  21 
1141	6   9   4 
1143	2  27  48 
1143	2  30  21 
1145	2  27  48 
1145	2  30  21 
1147	2  27  48 
1147	2  24  16 
1147	6  29  14 
1149	2  11  32 
1151	2   4  19 
1151	2  24  16 
1149	6  48  47 
1153	2   2   5 
1153	2  31  22 
1153	6  27  26 
1155	2  14   9 
1157	2   2   5 
1157	2  31  22 
1153	6  36  35 
1159	2  33  47 
1159	2  15  10 
1159	6  37  29 
1161	2   4  19 
1163	2  33  47 
1163	2  14   9 
1163	6  11   5 
1165	2  37  39 
1165	2  20  34 
1165	2  14   9 
1167	2  37  39 
1167	2  20  34 
1165	6  35  28 
1169	2  23  26 
1167	6   3   2 
1171	2   7  28 
1171	2  33  47 
1171	6  24  18 
1173	2   7  28 
1175	2   7  28 
1171	6  13  12 
1173	6  40  33 
1177	2   4  19 
1177	6  29   8 
1179	2  18  20 
1181	2  18  20 
1179	6  45  39 
1183	2  29  36 
1183	2   8   2 
1183	2  18  20 
1185	2  29  36 
1185	2   8   2 
1185	2  33  17 
1183	6  21  14 
1187	2  29  36 
1187	2   8   2 
1187	2  33  17 
1185	6  12   5 
1189	2  36  35 
1189	2  33  17 
1189	6   7   1 
1191	2  36  35 
1191	2  23  26 
1193	2  36  35 
1193	2   3  11 
1193	2  31  47 
1195	2  38  35 
1195	2  15  10 
1195	6  20  12 
1197	2  29  44 
1197	2  14  15 
1199	2  38  35 
1199	2  14  15 
1195	6  34  33 
1197	6   3   1 
1201	2  29  44 
1201	2  14  15 
1197	6  18  17 
1201	6  34  20 
1203	2   3   5 
1203	2  37  45 
1203	2  25  16 
1205	2   3   5 
1205	2  38  35 
1207	2   3   5 
1207	2  23  26 
1207	6  44  35 
1209	2  19  18 
1209	2   4   9 
1211	2  26  27 
1211	2   4   9 
1207	6  47  46 
1209	6  30  24 
1213	2  19  18 
1213	2   4   9 
1209	6  22  21 
1213	6  46  33 
1215	2  30  28 
1215	2  19  18 
1217	2  30  28 
1215	6  15   2 
1219	2  30  28 
1219	2  26  27 
1215	6   5   4 
1219	6  46  45 
1221	2  29  35 
1221	2  24  11 
1221	2  26  27 
1223	2  31  33 
1223	6  12  10 
1225	2  45  29 
1227	2  38  40 
1227	6  28   7 
1229	2  20  12 
1229	2  38  40 
1231	2  20  12 
1231	2  38  40 
1229	6  10   3 
1233	2  35  28 
1233	2  20  12 
1233	2  31  33 
1235	2  22  10 
1235	6  46  34 
1237	2  22  10 
1239	2  35  28 
1239	2  24  11 
1233	6   7   1 
1239	6   9   1 
1241	2  45  29 
1241	2  18  33 
1243	2  45  29 
1243	2  18  33 
1245	2  25  16 
1245	2  35  28 
1245	2   3   2 
1245	6  46  37 
1247	2  25  16 
1247	2   3   2 
1249	2  17  14 
1245	6  27  20 
1251	2  37  36 
1251	2  24  11 
1251	6  14   1 
1253	2  37  36 
1253	2  24  26 
1255	2  37  36 
1255	2  24  26 
1253	6  11   4 
1257	2  23  36 
1257	6  33  27 
1259	2  23  36 
1259	2   3   2 
1261	2  22  10 
1263	2  23  36 
1263	6  10   8 
1263	6  32  25 
1263	6  20   5 
1263	6  46  40 
1265	6  37  28 
1269	2  10  25 
1269	6  23  15 
1271	2  10  25 
1271	2  37  38 
1273	2  10  25 
1273	2  37  38 
1269	6  40  34 
1275	2  39  23 
1275	6   5   3 
1277	2  39  23 
1279	2  39  23 
1275	6  27  19 
1275	6  14   8 
1281	2  44  39 
1281	2   7  28 
1281	2  18  19 
1283	2  44  39 
1283	2   7  28 
1283	2  24  26 
1283	6  11  10 
1285	2  44  39 
1285	2   7  28 
1287	2  39  44 
1285	6  34  20 
1289	2   3   9 
1289	2  39  44 
1285	6  25  24 
1287	6  22  21 
1291	2  20  11 
1291	2  37  38 
1291	6  40  32 
1293	2  20  11 
1293	2  35  14 
1295	2  20  11 
1295	2  35  14 
1293	6  45  38 
1297	2  24  22 
1297	2   3   9 
1297	6  34  20 
1299	2  24  22 
1299	2   3   9 
1299	2  39  44 
1301	2  24  22 
1301	6  46  37 
1303	2  11  20 
1305	2  17   1 
1305	6  33  26 
1307	2  37  22 
1309	2  16  28 
1305	6  12   4 
1311	2  23  32 
1311	2  11  20 
1313	2  23  32 
1313	2  11  20 
1315	2  23  32 
1315	6   4   1 
1317	2  34  31 
1319	2  40  32 
1319	2  37  22 
1321	2  24  27 
1321	6  21   8 
1323	2  34  31 
1325	2  24  27 
1321	6  12  11 
1325	6  45  43 
1327	2  11  23 
1327	2  40  32 
1329	2  15   1 
1329	2  40  32 
1329	6   4   3 
1331	2  21  36 
1331	2  24  27 
1333	2  21  36 
1333	2  33  46 
1333	6  23  16 
1335	2  21  36 
1335	2  19   4 
1337	2  33  46 
1337	6  36  21 
1339	2  17   3 
1339	2  33  46 
1341	2   2  17 
1341	6  46  32 
1343	2  23  28 
1343	2  19   4 
1345	2  11  16 
1345	6  43  36 
1347	2  15   1 
1347	2  34  31 
1349	2  11  16 
1349	2  31  25 
1351	2  37  22 
1351	2  11  12 
1351	6  32  24 
1353	2  15   1 
1353	2  11  12 
1355	2  35  14 
1355	2  11  12 
1357	2  23  28 
1357	2  39  34 
1357	6  11   4 
1359	2  44  35 
1359	2   1  14 
1359	2  31  25 
1361	2  46  43 
1361	2   1  14 
1363	2   3  16 
1363	2  37  40 
1363	6  20  12 
1365	2  36  15 
1365	2  39  34 
1367	2  23  38 
1369	2   9  18 
1369	2  44  35 
1369	6  40  32 
1371	2   3  16 
1371	2  44  35 
1373	2   2  17 
1371	6  19  12 
1375	2  46  43 
1375	2   3  16 
1377	2  37  32 
1377	2   1  14 
1377	2  12  11 
1379	2  36  15 
1379	2  39  34 
1379	6  19  11 
1381	2  23  38 
1383	2  46  43 
1381	6  21  14 
1385	2   9  18 
1385	2  44  46 
1385	6  29  23 
1387	2   9  18 
1387	2  44  46 
1389	2  44  46 
1385	6  33  27 
1389	6  11   9 
1391	2  37  32 
1393	2  29  38 
1395	2  23  26 
1395	6  45  43 
1397	2  23  26 
1399	2  23  26 
1401	2   9  14 
1401	2  31  25 
1401	6  45  40 
1403	2   9  14 
1405	2   9  14 
1401	6  20  12 
1401	6  29  28 
1407	2   2  17 
1407	2  21  28 
1407	6  39  31 
1409	2  18  17 
1409	2   4   2 
1409	2  21  28 
1411	2  12   9 
1411	2  21  28 
1407	6  44  37 
1413	2  36  15 
1413	2  19  40 
1415	2  36  38 
1415	2  25  34 
1415	2   4   2 
1415	6  23  22 
1417	2  19  40 
1419	2  18  17 
1419	2  36  38 
1419	2   4   2 
1419	6  33  26 
1421	2  11  24 
1423	2  11  24 
1421	6  37  29 
1425	2  32  16 
1427	2  26  23 
1427	6   7   2 
1429	2  26  23 
1431	2  26  23 
1433	2  23  14 
1433	2  20  26 
1433	2  36  38 
1435	2  31  15 
1435	2  20  26 
1435	6  36  28 
1437	2  12   9 
1439	2  23  14 
1439	2  19  40 
1441	2  32  16 
1443	2  31  15 
1443	2  20  26 
1445	2  25  34 
1445	2   7  28 
1447	2  18  17 
1447	2   7  28 
1447	6  45  33 
1449	2  23  14 
1451	2  21  23 
1449	6  36  35 
1453	2  12   9 
1455	2  37  45 
1455	2  32  16 
1455	2  12   4 
1457	2  37  45 
1457	2  11  24 
1459	2  37  45 
1459	2  25  34 
1459	2  12   4 
1459	6  23  15 
1461	2  37  36 
1461	2  12   4 
1463	2  37  36 
1461	6  25  18 
1465	2  37  36 
1465	2  31  23 
1467	2  17  29 
1469	2  38  24 
1469	2  21  15 
1471	2  16  23 
1471	2  37  46 
1471	6  18  10 
1473	2  32  31 
1473	2  16  23 
1473	2   7  28 
1475	2  37  46 
1475	2  16  23 
1477	2  30  18 
1477	2  21  15 
1479	2  30  18 
1479	6   8   2 
1481	2  30  18 
1483	2  17  29 
1485	2   2  18 
1485	2  37  46 
1487	2   2  18 
1487	6  30  22 
1489	2   2  18 
1491	2   9  10 
1487	6  45  39 
1485	6  14   7 
1485	6  35  28 
1491	6   5   4 
1493	2  22   8 
1493	2  32  31 
1495	2  22   8 
1495	2  32  31 
1493	6  37  36 
1497	2  22   8 
1497	2  32  31 
1499	2  30  18 
1499	6   8   2 
1501	2  30  18 
1503	2  30  18 
1499	6  21  14 
1505	2   4   2 
1505	2  37  25 
1505	6  22  16 
1507	2   4   2 
1507	2  37  25 
1509	2   4   2 
1509	2  37  25 
1511	2   3  16 
1511	2  32  31 
1511	6  28  21 
1513	2   2   1 
1513	2  18  39 
1515	2   3  16 
1515	2  32  31 
1517	2   2   1 
1517	2  18  39 
1517	6  36  28 
1519	2   3  16 
1521	2   2   1 
1521	2  18  39 
1523	2   7   1 
1523	2  39  40 
1523	2  11   3 
1523	6  30  25 
1525	2   7   1 
1525	2  39  40 
1525	2   9  10 
1527	2  11   3 
1527	2   7   1 
1527	2  39  40 
1511	6  34  27 
1523	6  27  20 
1529	2   4  25 
1529	6  15   1 
1531	2   4  25 
1533	2   4  25 
1529	6  46  41 
1529	6  30  29 
1535	2  16   2 
1535	2  25  27 
1535	6  37  28 
1537	2   4  20 
1539	2  16   2 
1539	2  25  27 
1541	2  38  24 
1541	2   4  20 
1541	6  29  15 
1543	2  38  24 
1543	2   4  20 
1545	2  25  27 
1545	2  11   3 
1547	2  16   2 
1547	2  39  36 
1547	6  20  11 
1549	2  29  38 
1551	2  22  16 
1549	6  40  34 
1553	2  17  30 
1553	6  21  15 
1555	2   9  10 
1555	2  12  25 
1557	2  27  41 
1555	6  38  30 
1559	2   5   2 
1559	2  27  41 
1557	6  24  17 
1561	2   1   9 
1561	2  20  34 
1561	2  29  30 
1561	6   5   4 
1563	2  26  23 
1565	2  26  23 
1561	6  39  38 
1567	2  15  18 
1567	2  38  36 
1569	2  15  18 
1569	2  38  36 
1571	2  15  18 
1571	2  38  31 
1573	2  18  17 
1573	2  15  14 
1573	2   4   2 
1573	2  20  34 
1573	2  29  30 
1575	2  10   7 
1575	2  27  41 
1575	2  36  30 
1577	2  22  16 
1577	2  12  25 
1579	2  18  17 
1579	2  15  14 
1579	2   1   9 
1579	2  20  34 
1579	2  38  31 
1579	6   4   3 
1581	2  26  23 
1583	2  22  16 
1583	2  39  41 
1585	2  10   7 
1585	2  32  26 
1585	2  36  30 
1587	2  18  17 
1587	2  15  14 
1587	2   3   2 
1587	2  39  41 
1587	2  36  30 
1589	2  12  25 
1589	2   1   9 
1589	2  29  14 
1591	2  10   7 
1591	2  32  26 
1593	2   7  16 
1593	2  39  41 
1595	2  18  10 
1595	2  29  14 
1595	2  38  31 
1597	2  17   3 
1597	2  29  14 
1597	2  32  26 
1599	2  25  22 
1599	6  38  37 
1601	2   7  16 
1603	2  18  10 
1601	6  33  32 
1605	2  17   3 
1603	6  28  14 
1607	2  18  10 
1607	6  32  23 
1609	6   7   2 
1613	2  37  28 
1609	6  18  11 
1613	6  40  32 
1615	2   8  23 
1617	2   8  23 
1615	6  44  35 
1619	2   8  23 
1619	6  32  18 
1621	2  37  28 
1623	2  37  28 
1621	6  14   8 
1625	2  23  18 
1625	2  32  38 
1627	2  14  35 
1627	2  32  38 
1627	2  17   3 
1625	6  47  34 
1629	2  14  35 
1629	2  32  38 
1629	6  17  10 
1631	2  14  35 
1631	6  47  39 
1635	2  23  18 
1633	6  44  35 
1637	2  23  18 
1593	6  13   5 
1599	6  20  13 
1631	6  27  20 
1635	6   3   1 
1639	2  19  18 
1639	2  44  45 
1639	2  23  14 
1637	6  33  27 
1641	2  19  18 
1641	2  44  45 
1641	2  23  14 
1639	6  35  28 
1643	2  19  18 
1643	2  44  45 
1643	2  23  14 
1641	6   5   3 
1645	2  24  18 
1645	2  21  14 
1643	6  39  33 
1647	2   4  19 
1647	2  23  28 
1645	6  45  44 
1649	2   4  19 
1649	2  21  14 
1651	2  45  39 
1651	2  24  18 
1651	2  21  14 
1651	6  27  13 
1653	2  45  39 
1653	2  23  28 
1655	2  24  18 
1655	2  45  39 
1655	6  21   8 
1657	2   4  19 
1659	2   4   5 
1655	6  37  36 
1657	6  45  39 
1661	2  23  28 
1661	2   4   5 
1659	6  26  20 
1663	2  28  14 
1663	2   4   5 
1663	6  23  17 
1665	2  39  27 
1665	2  28  14 
1667	2  39  27 
1667	2  28  14 
1663	6  44  43 
1669	2  24  12 
1669	6  36  21 
1671	2  40  19 
1671	2   2  16 
1673	2  26  17 
1673	2   1   2 
1675	2  36  43 
1675	2  24  12 
1675	2   1   2 
1675	6  14   7 
1677	2  36  43 
1677	2  40  19 
1677	2   1   2 
1679	2  36  43 
1679	2  26  17 
1681	2  36  45 
1681	2  24  12 
1681	6   7   2 
1683	2  36  45 
1683	2   5  20 
1685	2  39  27 
1685	6  43  28 
1687	2  40  19 
1689	2  26  17 
1689	2  40  47 
1687	6   3   2 
1691	2  28  14 
1691	2  37  23 
1691	2  40  47 
1691	2   5  20 
1693	2  28  14 
1693	2  17  24 
1693	2  40  47 
1693	2   5  20 
1693	6  38  32 
1695	2  28  14 
1695	2  17  24 
1697	2  29  16 
1693	6  44  43 
1695	6  13   4 
1699	2  25  22 
1695	6  47  46 
1695	6  41  34 
1701	2  32  18 
1701	2  36  45 
1701	6  27  13 
1703	2  32  18 
1703	2  37  23 
1705	2  32  18 
1705	2  37  23 
1693	6   2   1 
1701	6   4   3 
1703	6  28  14 
1707	2  34  18 
1707	2  46  37 
1709	2  25  22 
1709	6   3   1 
1711	2  22  31 
1713	2  32  27 
1713	2  29  16 
1709	6  45  44 
1715	2  30   9 
1715	6  33  19 
1717	2   1  14 
1717	2  17  24 
1717	2  46  37 
1719	2  30   9 
1715	6   5   4 
1721	2   5  26 
1721	2   1  14 
1721	2  46  37 
1723	2  34  18 
1723	2   1  14 
1723	6  38  36 
1725	2   5  26 
1727	2  34  18 
1725	6  21   7 
1729	2  38  33 
1729	2  12  17 
1731	2  15  36 
1731	2  32  27 
1731	6   4   3 
1733	2  15  36 
1733	2  32  27 
1735	2  15  36 
1731	6  46  45 
1735	6  20   6 
1737	2  28  15 
1737	2  38  33 
1739	2  39  36 
1739	2   1   7 
1737	6  18  11 
1741	2  22  31 
1741	2   1   7 
1741	6  45  44 
1743	2  28  15 
1743	2   5  26 
1745	2  29  16 
1745	2  34  26 
1745	2   1   7 
1745	6   6   4 
1747	2  46  25 
1747	2  28  15 
1749	2  39  36 
1749	6  15   1 
1751	2  46  25 
1753	2  39  36 
1751	6  13   5 
1755	2  30   9 
1755	2  34  26 
1757	2  22  31 
1757	2   9   2 
1757	2  34  26 
1757	6  20  13 
1759	2  46  25 
1759	2   1   3 
1761	2  38  33 
1761	2   9   2 
1759	6  28  21 
1763	2  31  40 
1763	2   1   3 
1763	6  18  16 
1765	2  31  40 
1765	2   1   3 
1767	2  31  40 
1767	2   3   4 
1763	6  27  20 
1763	6  45  44 
1767	6   7   1 
1769	2  18  20 
1769	2   3   4 
1771	2  24  22 
1771	2   3   4 
1769	6  44  37 
1773	2  18  20 
1773	2   9   2 
1773	6  35  28 
1775	2  23  39 
1775	2   4   1 
1777	2  12  17 
1777	6  38  33 
1779	2  18  20 
1781	2  12  17 
1777	6   8   2 
1783	2  37  16 
1783	2  33  27 
1785	2  37  16 
1785	2  33  27 
1783	6  19  12 
1787	2  37  16 
1787	2  33  27 
1789	2  16  28 
1789	6  38  33 
1791	2  16  28 
1793	2  16  28 
1789	6  11   3 
1795	2  32  29 
1795	2   4   1 
1797	2  14  30 
1797	6  11   2 
1799	2  24  22 
1801	2  32  29 
1789	6  20  13 
1803	2  12  11 
1803	2  14  30 
1803	6   9   3 
1805	2  12  11 
1805	2  24  22 
1807	2  12  11 
1807	2  32  29 
1805	6  45  44 
1809	2  11  10 
1809	2  22  24 
1809	6  33  20 
1811	2  11  10 
1811	2  14  30 
1813	2  11  10 
1813	2  22  24 
1813	6  44  35 
1815	2   5  12 
1815	2  22  24 
1817	2   5  12 
1813	6   8   7 
1815	6  46  40 
1819	2   5  12 
1819	2  21   9 
1817	6  31  25 
1821	2  20  11 
1821	6  44  28 
1823	2  20  11 
1825	2  20  11 
1821	6  40  33 
1821	6   8   2 
1827	2  31  36 
1827	2   4   1 
1829	2  21   9 
1829	2  44  38 
1829	2  25  34 
1829	6   5   4 
1831	2  31  36 
1833	2  23  39 
1831	6  18  10 
1835	2  31  36 
1831	6  14   8 
1835	6  13   5 
1837	2  18  33 
1837	2  44  38 
1839	2  18  33 
1839	2  44  38 
1837	6  28   7 
1841	2  18  33 
1841	6   4   3 
1843	2  23  39 
1845	2  27  18 
1845	2  23  15 
1843	6  36  28 
1847	2  33  31 
1847	2   2   5 
1849	2  21   9 
1849	2  33  31 
1849	6  18  12 
1851	2  35  21 
1851	2   9  10 
1851	2  33  31 
1853	2  35  21 
1853	2   9  10 
1851	6   7   1 
1855	2  16  28 
1855	2  27  12 
1853	6  37  31 
1857	2   1   3 
1857	2  35  21 
1857	2  27  12 
1853	6  46  40 
1859	2  18  31 
1859	2   1   3 
1859	6  22  14 
1861	2  18  31 
1861	2   1   3 
1863	2  18  31 
1859	6  20  13 
1859	6  40  33 
1859	6  44  36 
1863	6   8   1 
1865	2  39  18 
1865	2  36  35 
1867	2  17  29 
1865	6  13   6 
1869	2  44  32 
1869	2  23  15 
1869	2   9  10 
1871	2  33  31 
1871	2   3   6 
1871	2  36  35 
1873	2  16  28 
1873	6  19   4 
1875	2  16  28 
1877	2  23  15 
1877	2  36  35 
1873	6  40  38 
1879	2  19  26 
1879	2   4   1 
1879	2  22  37 
1879	6  40  34 
1881	2  19  26 
1881	2   4   1 
1881	2  22  37 
1883	2  17  29 
1883	6  14   8 
1885	2  39  18 
1887	2  44  32 
1885	6  35  28 
1889	2   2   5 
1889	2  33  31 
1891	2  25  40 
1891	2   3   6 
1891	2  22  37 
1893	2  19  26 
1893	2   4   1 
1893	2  38  35 
1893	6  23  16 
1895	2  44  32 
1895	2   3   6 
1897	2  25  40 
1895	6  28  14 
1899	2  39  18 
1897	6  13   6 
1901	2  17  29 
1903	2   2   5 
1903	2  33  31 
1903	6  43  28 
1905	2   5  17 
1905	2  33  27 
1907	2  13  26 
1907	2  15   1 
1907	6  17  10 
1909	2  45  43 
1909	2  12  19 
1909	2  33  27 
1909	2  15   1 
1911	2  45  43 
1911	2  13  26 
1911	2  15   1 
1913	2  45  43 
1913	2  17  32 
1913	2  12  19 
1913	6  15   7 
1915	2  29  44 
1915	2   2  18 
1915	2  33  27 
1917	2  45  31 
1917	2   5  10 
1917	6  34  20 
1919	2  21  24 
1921	2  16   3 
1921	2  45  31 
1917	6  43  36 
1923	2  20  25 
1923	2  29  44 
1923	6   4   1 
1925	2  38  35 
1927	2  20  25 
1927	2  29  44 
1929	2   1   8 
1929	2  17  32 
1929	2  12  19 
1929	6  36  22 
1931	2   1   8 
1931	2   5  10 
1931	2  45  31 
1933	2   2  18 
1933	6  45  40 
1935	2  22   9 
1937	2  22   9 
1935	6  20  12 
1939	2  21  24 
1939	2   1   8 
1939	6  44  37 
1941	2  16   3 
1941	2  13  26 
1943	2  22   9 
1943	2  12  25 
1939	6  41  40 
1945	2  17  32 
1945	2  45  44 
1945	6  14   1 
1947	2  38  35 
1947	2  10   4 
1947	2  26  34 
1949	2  29  31 
1949	2  45  44 
1949	2  10   4 
1949	2  26  34 
1951	2  21  24 
1951	2  45  44 
1953	2   2  18 
1953	6  37  21 
1955	2  17   2 
1955	2  26  34 
1957	2   9   1 
1957	2  25  20 
1957	6  41  34 
1959	2  16   3 
1959	2  29  31 
1961	2   8  21 
1961	2  25  20 
1961	2  10   4 
1961	6  38  36 
1963	2  34  13 
1963	2  17   2 
1965	2  12   3 
1963	6  22  15 
1967	2  32  38 
1967	2   9   1 
1967	6  19  11 
1969	2  14  35 
1969	2  32  38 
1971	2   8  21 
1971	2  32  38 
1969	6  30  23 
1973	2  34  13 
1973	2  14  35 
1973	2  38  45 
1973	6  10   2 
1975	2  29  31 
1975	2  34  13 
1977	2  14  35 
1977	2  25  20 
1977	2  38  45 
1979	2  27  24 
1979	2   8  21 
1981	2  27  24 
1981	2  21  14 
1983	2  12   3 
1983	2  29  35 
1983	2  21  14 
1983	2  38  45 
1983	6  33  25 
1985	2  17  10 
1985	2  29  35 
1985	2  21  14 
1987	2   9   1 
1987	2  29  35 
1985	6  38  37 
1989	2  22  25 
1985	6  13   5 
1991	2  22  25 
1993	2  22  25 
1991	6   5   4 
1995	2  27  24 
1995	6  35  28 
1997	2  12   3 
1997	2  25  26 
1999	2   8   3 
1999	2  20  27 
1997	6  23  17 
2001	2  33  34 
2001	2   8   3 
1997	6  38  31 
2003	2  17  19 
2003	2  33  34 
2001	6  28  21 
2005	2  17  19 
2005	2  33  34 
2003	6   4   2 
2007	2  17  19 
2003	6  39  38 
2003	6  15   7 
2001	6  44  36 
2007	6  36  29 
2009	2  18  31 
2009	2  20  27 
2011	2  18  31 
2011	2  20  27 
2009	6  14   2 
2013	2  18  31 
2013	6  27  13 
2015	2  38  17 
2017	2  38  17 
2015	6  28  14 
2019	2  38  17 
2019	6  20   5 
2021	2  17  15 
2023	2  17  15 
2021	6  32  30 
2025	2  17  15 
2021	6  47  41 
2025	6  13   4 
2027	2  22  28 
2027	2  25  26 
2029	2   9  15 
2029	2  25  26 
2031	2  32  19 
2031	2  22  28 
2031	2   8   3 
2033	2  32  19 
2033	2   9  15 
2033	2   4   3 
2035	2  32  19 
2035	2  22  28 
2035	2   4   3 
2035	6   7   1 
2037	2  32  44 
2037	2  19  27 
2037	2   4   3 
2039	2  32  44 
2039	2  19  27 
2037	6  23  17 
2041	2  32  44 
2041	2  19  27 
2041	2  21   8 
2039	6   5   3 
2043	2  44  47 
2043	2  20  18 
2043	2  21   8 
2045	2  17  19 
2045	2  44  47 
2045	2   2   3 
2045	6  22   7 
2047	2  17  19 
2047	2  44  47 
2047	2   2   3 
2049	2  20  18 
2049	2  36  44 
2049	2   2   3 
2051	2  31  22 
2051	2  20  18 
2051	2  36  44 
2051	6   3   1 
2053	2  39  23 
2053	2  36  44 
2055	2  31  22 
2053	6  27  13 
2057	2  11   3 
2057	2  39  23 
2055	6  44  43 
2059	2  11   3 
2059	2  32  27 
2059	2  21   8 
2061	2  11   3 
2061	2  32  27 
2061	6  29  16 
2063	2  32  27 
2061	6   7   1 
2061	6  45  44 
2063	6  18  12 
2067	2  38  29 
2067	2   9  15 
2069	2  38  29 
2069	2  18  24 
2069	2  16   9 
2069	6  27  13 
2071	2  38  29 
2071	2  18  24 
2071	2  16   9 
2073	2  31  22 
2073	6   3   1 
2075	2  39  23 
2075	2  13  12 
2077	2  18  24 
2077	2  37  28 
2077	2  13  12 
2075	6  34  27 
2079	2  31  25 
2079	2  13  12 
2079	2  16   9 
2079	2   7  21 
2079	6  45  36 
2081	2  17  19 
2081	2   7  21 
2083	2  15  24 
2081	6  40  34 
2085	2  31  25 
2085	2   7  21 
2083	6  12   3 
2087	2  38  40 
2087	2   7  21 
2087	6  23  17 
2089	2  38  40 
2089	2   7  21 
2091	2  38  40 
2091	2   7  21 
2089	6  27  12 
2093	2  37  28 
2093	6  16   1 
2095	2  27  32 
2097	2  27  32 
2093	6  47  46 
2095	6  13  12 
2099	2  29  16 
2099	2  27  32 
2095	6  44  43 
2101	2  29  16 
2101	2  31  25 
2101	6  40  27 
2103	2  29  16 
2105	2  16  23 
2105	2  37  28 
2099	6   3   2 
2103	6  18  11 
2107	2  27  20 
2107	2  16  23 
2105	6  14   8 
2109	2  17  26 
2107	6  46  44 
2111	2  11   8 
2111	2  27  20 
2113	2  29  44 
2113	2  17  26 
2113	2  40  46 
2115	2  15  24 
2115	2  27  20 
2115	2  40  46 
2113	6   4   3 
2117	2  29  44 
2117	2  17  26 
2117	2  40  46 
2119	2  11   8 
2119	2  29  44 
2119	6  27  20 
2121	2  16  23 
2123	2  15  24 
2121	6  45  39 
2125	2  11   8 
2121	6  36  28 
2127	2  20   4 
2127	2  23  14 
2127	6  38  32 
2129	2  12  17 
2131	2  29  15 
2131	2  20   4 
2133	2  32  19 
2133	2  29  15 
2133	6  17  10 
2135	2  32  19 
2135	2  29  15 
2137	2  32  19 
2137	6  44  29 
2139	2  39  25 
2139	2  12  10 
2141	2  39  25 
2141	2  12  10 
2137	6  14   8 
2143	2  30  17 
2143	6  34  13 
2145	2  30  17 
2147	2  30  17 
2143	6   3   2 
2143	6  21  14 
2149	2  17  33 
2149	6  28  22 
2151	2  17  33 
2153	2  17  33 
2149	6  20  12 
2155	2  24  37 
2155	2  12   4 
2155	6  15   9 
2157	2  33  32 
2159	2  24  37 
2155	6  27  20 
2155	6  28  21 
2157	6  12  11 
2161	2  29  15 
2161	2  33  32 
2161	6  46  44 
2163	2   3  19 
2163	2  29  15 
2165	2  23   8 
2165	2  33  32 
2165	6  20   4 
2167	2  31  28 
2169	2  31  28 
2167	6  16   9 
2171	2  39  25 
2171	6  44  36 
2173	2   4   9 
2173	2  33  40 
2175	2   3  19 
2175	6  40  34 
2177	2   4   9 
2179	2  23   8 
2177	6  45  44 
2181	2  29  15 
2181	2   3  19 
2181	6  40  39 
2183	2  24  37 
2185	2   4   9 
2183	6  27  19 
2187	2  30  39 
2187	6   9   4 
2189	2  30  39 
2191	2  30  39 
2193	2  17  38 
2193	2  33  34 
2193	6  20   5 
2195	2  17  38 
2195	2  33  34 
2197	2  31  28 
2197	6  10   8 
2199	2  31  28 
2201	2  25  23 
2199	6  34  20 
2203	2  17  38 
2205	2  39  34 
2205	2   3  17 
2205	6  13   5 
2207	2  39  34 
2207	2  10  11 
2207	2  15  36 
2209	2  39  34 
2209	2   3  17 
2209	6  37  29 
2211	2  13  34 
2211	2   3  17 
2213	2  32  16 
2213	6  11   3 
2215	2  31  28 
2217	2  32  16 
2219	2  10   3 
2219	2  13  34 
2219	2  15  36 
2219	6  46  45 
2221	2  25  23 
2221	2  10   3 
2223	2  13  34 
2223	2  15  36 
2225	2  31  28 
2225	6  27  11 
2227	2  36  28 
2229	2  36  28 
2225	6  47  46 
2225	6   8   7 
2231	2  47  26 
2231	2   3  15 
2231	2  36  28 
2233	2  47  26 
2233	2   3  15 
2235	2  47  26 
2235	2   3  15 
2233	6  37  30 
2237	2  27  34 
2237	2  14  17 
2237	6  47  39 
2239	2  25  23 
2239	2  27  34 
2241	2  14  17 
2241	2  27  34 
2243	2  32  16 
2243	6  11   4 
2245	2  31  25 
2247	2  31  25 
2243	6  29  21 
2243	6  20  13 
2245	6  16   8 
2249	2  31  25 
2249	6  20  11 
2245	6  40  39 
2251	6  24  22 
2239	6  44  37 
2245	6  44  43 
2251	6  44  38 
2251	6  40  34 
2251	6   8   1 
2255	6  11  10 
2257	2  20  34 
2259	2  20  34 
2257	6  23   7 
2261	2  20  34 
2257	6  47  45 
2263	2  24  18 
2263	2  21   9 
2263	6  33  20 
2265	2  24  18 
2265	2  21   9 
2267	2  24  18 
2267	2  21   9 
2263	6  45  37 
2269	2  24  29 
2269	6  45  40 
2271	2  24  29 
2273	2  24  29 
2269	6   4   1 
2269	6  26  19 
2275	2  29   8 
2275	2  11  20 
2275	6  40  32 
2277	2  29   8 
2277	2  11  20 
2279	2  29   8 
2279	2  11  20 
2281	2  18  32 
2281	6  29   8 
2283	2  18  32 
2285	2  18  32 
2281	6  13   5 
2287	2  24  38 
2287	2   8   1 
2287	6  22  14 
2289	2   2  18 
2291	2  24  38 
2291	2   8   1 
2287	6  43  36 
2291	6  27  12 
2293	2  24  38 
2293	2   8   1 
2295	2  39  38 
2295	2  23  24 
2295	2   9   8 
2281	6  47  41 
2297	2  32  27 
2297	2  29  37 
2297	2   9   8 
2297	2  11  12 
2299	2   2  18 
2299	2  39  38 
2299	6  21  15 
2301	2  32  27 
2301	2  11  12 
2303	2   2  18 
2303	2  39  38 
2303	6  33  27 
2305	2  14   2 
2305	2  23  24 
2305	2  29  37 
2305	2  11  12 
2307	2  14   2 
2307	2  23  24 
2307	2  29  37 
2307	2  11  12 
2309	2  32  33 
2309	2  14   2 
2309	2  11  12 
2309	6  44  38 
2311	2   2   4 
2311	2  22  17 
2313	2  15  10 
2311	6  41  27 
2315	2  37  24 
2315	2   2   4 
2315	6  21   7 
2317	2  38  33 
2317	2   2   4 
2319	2  32  27 
2319	2  11  12 
2321	2  38  33 
2321	2  29  21 
2321	2   9   8 
2321	6  11   5 
2323	2  32  27 
2323	2  29  21 
2325	2  38  33 
2325	2  29  21 
2323	6   9   1 
2327	2  32  27 
2327	6  23  21 
2329	2  39  34 
2331	2  38  40 
2329	6  25  19 
2333	2  39  34 
2333	2  15  10 
2335	2  25  16 
2335	2  38  40 
2333	6  36  29 
2337	2  25  16 
2337	2  38  40 
2335	6  20  12 
2339	2  37  24 
2335	6  21  14 
2339	6  41  33 
2341	2  37  24 
2343	2  15  10 
2343	2  38  43 
2341	6  27  20 
2345	2  25  16 
2345	2  45  36 
2345	6  14   7 
2347	2  39  34 
2347	2   3  16 
2349	2  23  25 
2349	2  38  43 
2349	6  20   5 
2351	2  22  37 
2351	2  17  10 
2353	2  23  25 
2353	2  45  36 
2353	6   9   3 
2355	2  34  19 
2355	2  22  37 
2357	2  34  19 
2357	2  22  37 
2359	2   5   3 
2359	2  23  25 
2359	2  38  43 
2359	6  34  20 
2361	2   5   3 
2361	2  45  36 
2363	2   5   3 
2361	6  23  21 
2365	2  20  19 
2363	6  39  38 
2367	2  11   8 
2367	6  24  23 
2369	2  11   8 
2371	2  11   8 
2367	6  33  26 
2369	6  38  36 
2373	2   9  16 
2373	2  20  11 
2373	6  22  14 
2375	2  24  26 
2377	2  24  26 
2375	6   5   2 
2379	2  30  33 
2381	2  30  33 
2381	2   2   1 
2381	2  17  10 
2379	6  14   7 
2383	2  30  33 
2383	2   2   1 
2383	2  17  10 
2381	6  12   4 
2385	2  30  44 
2385	2   9  16 
2385	6  33  32 
2387	2  30  44 
2387	2   2   1 
2387	2  20  11 
2389	2  30  44 
2389	2   1   9 
2389	2  20  11 
2385	6  21  14 
2391	2  24  26 
2391	2   1   9 
2391	6  11   5 
2393	2  36  22 
2393	2   1   9 
2395	2  36  22 
2393	6  32  31 
2397	2  36  22 
2395	6   9   8 
2399	2  24  11 
2399	6  36  21 
2401	2  24  11 
2403	2  24  11 
2399	6  33  26 
2401	6   8   1 
2405	2  36  31 
2405	6  26  12 
2407	2  36  31 
2407	2  16   2 
2409	2  36  31 
2409	2  16   2 
2411	2  40  31 
2411	2  16   2 
2411	6  44  36 
2413	2  40  31 
2415	2  40  31 
2411	6  11   4 
2413	6  22   8 
2417	2  24  17 
2417	2  39  40 
2419	2  31  19 
2419	2   8   3 
2421	2  25   9 
2421	6  47  44 
2423	2  24  17 
2423	2   8   3 
2425	2  25   9 
2421	6  29  22 
2427	2  33  47 
2427	2  24  17 
2427	2   8   3 
2429	2  33  47 
2427	6  38  30 
2431	2  33  47 
2429	6  15  10 
2433	2  26  38 
2435	2  11  10 
2435	2  26  38 
2435	6  22  16 
2437	2  11  10 
2437	2  26  38 
2439	2  11  10 
2439	2  39  40 
2441	2  16  18 
2441	2  39  40 
2441	6  36  21 
2443	2  16  18 
2445	2  16  18 
2443	6  41  27 
2435	6   7   1 
2441	6   2   1 
2443	6  39  38 
2447	6  16  11 
2447	6  44  43 
2447	6  21   7 
2449	6  27  26 
2453	2  12  11 
2449	6  47  46 
2453	6  37  21 
2455	2  26  18 
2457	2  12  11 
2457	6  25  24 
2459	2  12  11 
2459	2  15  21 
2461	2  15  21 
2457	6  40  33 
2459	6  45  36 
2463	2  26  18 
2463	2  15  21 
2461	6   4   2 
2465	2  26  18 
2465	2  40  45 
2465	6  28  14 
2467	2  32  18 
2469	2  32  18 
2467	6   5   3 
2471	2  26  23 
2467	6  46  45 
2471	6   8   7 
2473	2  26  23 
2475	2  32  18 
2475	6  30  22 
2477	2   4  18 
2477	2  40  46 
2479	2   4  18 
2479	2  40  46 
2475	6  27  20 
2477	6   8   2 
2481	2  44  32 
2481	6  12   4 
2483	2  44  32 
2485	2  44  32 
2483	6  14   8 
2487	2  31  19 
2487	6  36  28 
2489	2   2   4 
2489	2  25  40 
2491	2   8  11 
2491	6  32  27 
2493	2   2   4 
2493	2  37  44 
2495	2   8  11 
2495	2  37  44 
2497	2   2   4 
2497	2  26  23 
2499	2   8  11 
2499	2  37  44 
2499	6  41  27 
2501	2  36  23 
2501	2  12  18 
2503	2   4  16 
2499	6  46  32 
2505	2  10  22 
2505	2  26  39 
2507	2  36  23 
2507	2  26  39 
2507	6   8   2 
2509	2  36  23 
2509	2  26  39 
2511	2  31  19 
2513	2   4  16 
2513	2  39  36 
2513	6  20  13 
2515	2  10  22 
2517	2   4  16 
2517	2  39  36 
2519	2  10  22 
2519	6  46  44 
2521	2  24   9 
2521	2  19   5 
2523	2  18   4 
2523	2  31  29 
2523	6  14   8 
2525	2  12  33 
2527	2  25  40 
2525	6  29  23 
2529	2  12  33 
2525	6  44  43 
2531	2  14  28 
2531	2  17  38 
2531	6  13   5 
2533	2  14  28 
2533	2  31  23 
2535	2  14  28 
2535	2  17  38 
2531	6  41  34 
2537	2  11   8 
2537	2  39  36 
2537	6  27  20 
2539	2   2   5 
2539	2  29  45 
2541	2  11   8 
2541	6  41  39 
2543	2   2   5 
2545	2  11   8 
2541	6  43  28 
2547	2   2   5 
2547	2  22  28 
2547	2  25  40 
2547	6  45  43 
2549	2  14   9 
2549	2  18   4 
2549	2  31  23 
2551	2  21  24 
2549	6  34  27 
2553	2  15   3 
2553	2  45  39 
2553	2  19  13 
2553	6  30  24 
2555	2  14   9 
2555	2  45  39 
2555	2  19  13 
2557	2  15   3 
2557	2  45  39 
2557	6  27  19 
2559	2  32  16 
2561	2  32  16 
2559	6  43  37 
2563	2  24  26 
2563	2  22  28 
2563	2  40  46 
2559	6   7   1 
2563	6  11  10 
2565	2  29  37 
2565	2  24  26 
2565	2  40  46 
2567	2  21  30 
2567	2  40  46 
2567	6  27  13 
2569	2  10   7 
2569	2  29  37 
2571	2  10   7 
2571	2  37  39 
2573	2  11  20 
2573	2  21  30 
2573	6  45  39 
2575	2  11  20 
2575	2  22  28 
2575	2  31  30 
2577	2  14   9 
2577	2  18   4 
2577	2  31  30 
2579	2  12  33 
2579	2  29   8 
2581	2  32  16 
2581	2  37  45 
2581	6  19  11 
2583	2  22  14 
2583	2  37  45 
2585	2  16  28 
2583	6  41  34 
2587	2  11   2 
2587	2  22  14 
2587	2  31  30 
2589	2  11   2 
2589	2  24  26 
2589	2  22  14 
2585	6  47  46 
2591	2  11   2 
2591	6  39  23 
2593	2  19  20 
2595	2  20   4 
2597	2  15   3 
2597	2  27  39 
2599	2  17  38 
2599	6  34  27 
2601	2  10   7 
2601	2  38  36 
2603	2  12   3 
2603	2  21   7 
2603	2  38  36 
2601	6  47  40 
2605	2  27  11 
2605	2  21   7 
2605	2  38  36 
2603	6  23  16 
2607	2  19  25 
2607	2  34  39 
2607	2  21   7 
2607	2  36  43 
2609	2  18   2 
2609	2  34  39 
2609	2  36  43 
2609	6  21  14 
2611	2  24  33 
2611	2  12   3 
2611	2  37  38 
2613	2  17  32 
2613	2  36  43 
2611	6  47  46 
2615	2  15   9 
2615	2  20   4 
2615	2  37  38 
2617	2  10  16 
2617	2  19  25 
2617	2  37  38 
2617	6  29  21 
2619	2  27  11 
2621	2  18   2 
2619	6  46  38 
2623	2  21   8 
2623	2  24  33 
2625	2  15   9 
2625	2  20   4 
2625	2  31  29 
2627	2  17  32 
2627	6  45  37 
2629	2  10  16 
2629	2  19  25 
2631	2  23  28 
2631	2  27  11 
2631	6  14   8 
2633	2  12   3 
2633	2  24  33 
2635	2  17  32 
2633	6  37  29 
2637	2  21  14 
2637	2  18   2 
2637	2  33  39 
2639	2  15   9 
2639	2  18   4 
2639	2  33  39 
2641	2  10  16 
2641	2  21  14 
2641	2  31  37 
2641	6   2   1 
2643	2  23  28 
2643	2  40  19 
2645	2  11  25 
2645	2  21  14 
2645	6  34  20 
2647	2   3  10 
2647	2  24  30 
2647	2   1  15 
2649	2  22  38 
2649	2   3  10 
2651	2   2   5 
2651	2  24  30 
2651	2  21  14 
2651	2  33  39 
2653	2   2   5 
2653	2  22  38 
2653	6  33  27 
2655	2   2   5 
2655	2  24  30 
2657	2  13   5 
2657	2  16  17 
2657	2   7  28 
2659	2  13   5 
2659	2   1  15 
2659	2   3  10 
2659	2  31  37 
2661	2  13   5 
2661	2  16  17 
2661	2   7  28 
2659	6  26  19 
2663	2  13   5 
2663	2   1  15 
2665	2  18   4 
2665	2  22  38 
2667	2  11  25 
2667	2   7  28 
2669	2  40  26 
2669	2  13   5 
2669	2  16  17 
2669	6   3   2 
2671	2  40  26 
2671	2  13   5 
2669	6  29  14 
2673	6  20   5 
2675	2   9  14 
2677	2   9  14 
2673	6  33  32 
2679	2   3  19 
2679	6  16   8 
2681	2   3  19 
2683	2   3  19 
2685	2  32  23 
2685	2  12   3 
2687	2  19  34 
2687	2   9  14 
2689	2  32  23 
2689	2  12   3 
2691	2  19  34 
2691	6  16  10 
2693	2  19  34 
2697	2   5  10 
2699	2   5  10 
2701	2  32  23 
2701	2  12   3 
2703	2  18   4 
2705	2  11  25 
2707	2   5  10 
