   1	2   7   8 
   1	2   5  10 
   1	6  22  20 
   3	2  14   9 
   3	2   5  10 
   5	2   7   8 
   5	2   5  10 
   7	2  16  18 
   7	2   7   8 
   9	2  22  23 
   9	2  14   9 
   9	6  20  10 
  11	2  22  23 
  11	2  14   9 
  13	2  22  23 
   9	6   2   1 
  13	6  19  14 
  15	2  21  15 
  17	2  21  15 
  15	6   8   2 
  19	2  16  18 
  15	6   6   5 
  21	2   8  13 
  21	2  21  15 
  21	2  23  19 
  21	6   5   1 
  23	2   8  13 
  23	2  20  22 
  25	2   8  13 
  25	2  23  19 
  25	6  21  15 
  27	2  23  19 
  27	6  12   2 
  31	2   5  10 
  29	6  14   9 
  33	2   5  10 
  33	2  20  22 
  35	2   9   3 
  35	2  16  18 
  37	2   9   3 
  37	2   5  10 
  37	2  12  13 
  37	2  20  22 
  39	2   9   3 
  39	2   5  10 
  39	2  12  13 
  39	2  23  22 
  41	2   8  18 
  41	2   5  10 
  43	2   3   9 
  43	2  12  13 
  43	2   5  10 
  43	2  23  22 
  45	2   8  18 
  45	6  15   5 
  47	2   3   9 
  47	2  23  22 
  49	2   8  18 
  51	2   5   6 
  51	2   3   9 
  51	6  17  15 
  53	2   5   6 
  55	2   5   6 
  53	6   9   3 
  57	2  10  12 
  57	6  22  21 
  59	2   9  19 
  59	2  10  12 
  61	2   9  19 
  61	2  10  12 
  63	2  17  18 
  63	6  15   5 
  65	2  17  18 
  67	2   9  19 
  67	6  22  12 
  69	2  15  20 
  71	2  15  20 
  69	6   3   1 
  73	2  12  14 
  73	2  15  20 
  75	2  12  14 
  75	6  21  15 
  77	2  12  14 
  79	2  13  12 
  79	2   6   1 
  79	6   9   3 
  81	2  13  12 
  81	2   6   1 
  81	2  21  22 
  83	2  13  12 
  83	2   6   1 
  83	2  21  22 
  85	2  17  18 
  85	6   3   1 
  87	2  23  18 
  89	2  12  10 
  89	2  21  22 
  91	2   3  13 
  91	2   6   1 
  93	2   3  13 
  93	2   6   1 
  95	2  23  18 
  95	2   6   1 
  95	6  16  12 
  97	2  23  18 
  99	2  23  18 
  95	6  14   9 
  97	6   2   1 
 101	2  16  10 
 101	2  23  18 
 103	2   7  12 
 103	2  16  10 
 103	2  23  18 
 103	6   9   3 
 105	2   7  12 
 105	2  22  16 
 107	2   7  12 
 107	2  22  16 
 105	6  19  18 
 109	2   3   7 
 109	2  22  16 
 111	2   8  12 
 111	6  15   5 
 113	2   3   7 
 115	2   8  12 
 117	2   3   7 
 117	6  20  16 
 119	2   9  13 
 117	6   5   0 
 119	6   3   2 
 123	2   6  10 
 121	6  14   9 
 125	2   0   2 
 125	6  21  11 
 127	2   0   2 
 129	2   0   2 
 131	2   8  12 
 131	6   1   0 
 133	2  18  12 
 135	2  18  12 
 137	2  17   7 
 139	2  17   7 
 141	2  18  12 
 141	6   2   1 
 143	2  14  12 
 145	2  14  12 
 131	6  20  15 
 147	2  17   7 
 149	2   3  13 
 149	2   6  10 
 151	2  11   1 
 151	6  18   8 
 153	2  11   1 
 155	2   6  10 
 157	2  18  16 
 157	2   2   8 
 159	2  18  16 
 159	2   2   8 
 161	2  18  16 
 161	2   2   8 
 163	2  17  16 
 163	6   5   1 
 165	2   3  13 
 167	2  17  16 
 167	6   8   3 
 169	2  17  16 
 171	2  11   5 
 171	2  17  22 
 173	2  14  12 
 173	2   5  15 
 175	2   8  13 
 175	2   5  15 
 175	2  17  22 
 177	2  13  23 
 177	2   5  15 
 179	2  14  19 
 179	2   3   8 
 179	2  17  22 
 179	6  15   5 
 181	2  13  23 
 183	2  14  19 
 183	2   3   8 
 185	2  12  10 
 185	2  14  19 
 187	2  12  10 
 185	6   2   1 
 189	2  13  23 
 189	6  16  10 
 191	2   3   8 
 191	6   6   1 
 195	2  12  16 
 191	6  23  22 
 197	2   6  10 
 197	6  18   8 
 199	2   6  10 
 201	2   6  10 
 203	2   7   8 
 203	2  16  22 
 203	6  19  14 
 205	2   7   8 
 205	2  17  15 
 207	2   7   8 
 207	2  16  22 
 203	6   5   0 
 209	2   1   7 
 209	2  17  15 
 209	6  14   4 
 211	2   1   7 
 211	2  16  22 
 213	2   1   7 
 213	2  17  15 
 215	2  18  12 
 215	6   3   1 
 217	2  18  12 
 219	2  18  12 
 215	6  16  15 
 221	2   1   0 
 221	2   3   4 
 221	2  18  22 
 221	6  11   7 
 223	2   1   0 
 223	2   3   4 
 223	2  18  22 
 225	2   1   0 
 225	2   3   4 
 225	2  18  22 
 227	2   7   8 
 227	6  17  11 
 229	2   7   8 
 231	2   7   8 
 227	6  19  14 
 233	2   6   8 
 233	2  23  17 
 235	2   6   8 
 235	2  23  17 
 237	2   6   8 
 237	2  23  17 
 239	2   8  12 
 239	6  23  19 
 241	2   8  12 
 243	2   8  12 
 245	2  11  17 
 245	6  14   4 
 247	2  11  17 
 249	2  11  17 
 245	6   7   2 
 251	2   4   2 
 251	2  14  19 
 251	6  16  12 
 253	2   4   2 
 253	2  14  19 
 255	2   4   2 
 255	2  14  19 
 257	2   6   2 
 257	2  17  19 
 259	2   6   2 
 259	2  14  18 
 261	2   6   2 
 261	2  17  19 
 263	2  14  18 
 263	6   3   1 
 265	2  17  19 
 267	2  14  18 
 267	6  11  10 
 269	2   4   3 
 271	2   4   3 
 269	6   7   1 
 273	2   4   3 
 269	6  22  18 
 273	6  16  15 
 275	2   7  12 
 277	2   7  12 
 275	6  14   4 
 279	2   7  12 
 275	6   5   0 
 281	2  13  11 
 281	6   3   2 
 283	2  13  11 
 285	2  13  11 
 279	6  22  21 
 287	2   5  11 
 287	2  14  18 
 289	2   5  11 
 289	2  14  18 
 291	2   5  11 
 291	2  14  18 
 293	2   2   6 
 293	2  14  18 
 293	6  21  15 
 295	2   7  12 
 295	2  14  18 
 297	2   2   6 
 297	2  14  18 
 299	2  10  11 
 299	6  17  13 
 301	2  10  11 
 303	2   2   6 
 299	6   9   4 
 305	2  17  16 
 305	6   8   2 
 307	2  17  16 
 309	2  17  16 
 305	6   6   5 
 311	2   2   6 
 311	2  17  21 
 311	2  13   8 
 313	2   2   6 
 313	2  17  21 
 313	2  13   8 
 315	2   7  12 
 315	2  15   5 
 315	6  19   9 
 317	2   2   6 
 317	2  17  21 
 319	2   7  12 
 319	2  15   5 
 321	2  10  11 
 321	2  13   8 
 321	6  23  21 
 323	2   6   7 
 325	2  10  11 
 323	6  14  13 
 327	2   6   7 
 329	2  19  23 
 329	2  10  11 
 329	6   8   2 
 331	2  19  23 
 331	2  15   5 
 333	2  10  11 
 333	2  19  23 
 335	2   6   7 
 335	2  23  18 
 337	2  23  18 
 337	6   7   5 
 339	2  23  18 
 341	6  18  16 
 343	6   6   2 
 347	6  18  14 
 349	2   6  10 
 351	2   6  10 
 353	2  13   7 
 349	6   4   3 
 355	2  14   4 
 355	2   6  10 
 357	2  14   4 
 357	6  17   7 
 359	2  14   4 
 361	2   9  14 
 363	2   8   7 
 363	6  19  17 
 365	2   8   7 
 367	2   8   7 
 363	6   5   1 
 369	2   9  14 
 369	2  17   7 
 371	2   9  14 
 371	2  17   7 
 373	2  14  18 
 373	6  12   7 
 375	2  14  18 
 377	2  14  18 
 373	6   4   3 
 369	6  10   0 
 375	6  15   5 
 379	2   3   7 
 379	6  14  13 
 381	2   3   7 
 383	2   3   7 
 381	6  16  10 
 385	2   3   2 
 385	2  14  19 
 387	2   7   5 
 387	2  14  19 
 389	2   7   5 
 391	2   3   2 
 391	2  17  12 
 391	6   6   0 
 393	2   3   2 
 393	2  14  13 
 395	2  14  13 
 397	2   7   5 
 399	2  12  18 
 399	2  10   5 
 399	6   2   1 
 401	2  12  18 
 401	2  10   5 
 403	2  12  18 
 403	2  10   5 
 405	2   8   2 
 405	6  19  17 
 407	2   8   2 
 409	2   8   2 
 411	2   8   2 
 411	6  17  11 
 413	2   8   2 
 415	2   8   2 
 417	2  11   7 
 417	2  14  13 
 419	2   1   6 
 419	2  18  12 
 419	6  14   9 
 421	2  11   7 
 423	2   1   6 
 423	2  18  12 
 425	2  11   7 
 425	6  18  17 
 427	2   1   6 
 429	2   7   8 
 427	6  15  10 
 431	2  18  14 
 431	2   7   8 
 429	6   1   0 
 433	2  18  14 
 433	2   7   8 
 433	6  16  15 
 435	2  18  14 
 435	2   1   3 
 437	2  14  19 
 437	2   1   3 
 439	2  18  23 
 439	2   1   3 
 439	6  16  12 
 441	2  14  19 
 441	2   0   1 
 443	2  18  23 
 443	2   0   1 
 445	2  14  19 
 445	2  17  16 
 445	2   0   1 
 445	6   7   3 
 447	2  18  23 
 447	2  14   9 
 449	2  14   9 
 449	2  16  17 
 451	2   7   5 
 451	2  14   9 
 451	2  16  17 
 453	2  18  12 
 453	2   3   9 
 453	6   5   1 
 455	2  18  12 
 455	2   3   9 
 457	2  18  12 
 457	2   3   9 
 459	2   7   1 
 459	2  16  17 
 459	6  19   9 
 461	2   7   1 
 459	6  10   5 
 463	6   7   1 
 465	6  18  16 
 465	6   9   4 
 471	2   4   2 
 471	2  16  10 
 471	6  13  12 
 473	2   4   2 
 473	2  16  10 
 475	2   4   2 
 475	2  16  10 
 471	6  23  22 
 477	2   6  12 
 477	6  14   4 
 479	2   6  12 
 481	2   6  12 
 477	6  22  21 
 483	2  11  21 
 483	2   8  13 
 485	2  11  21 
 485	2   8  13 
 483	6   1   0 
 487	2  11  21 
 487	2   8  13 
 489	2   1   6 
 489	6  21  15 
 491	2  14  12 
 493	2   1   6 
 489	6   4   3 
 493	6  18  14 
 495	2   7   3 
 497	2   7   3 
 495	6  10   0 
 499	2  18  12 
 501	2  15  10 
 501	2   7   3 
 501	6  19  17 
 503	2  15  10 
 503	2   1   6 
 505	2  15  10 
 503	6   9   3 
 507	2  18  12 
 507	6  21  15 
 509	2  14  18 
 511	2  13   9 
 507	6   5   0 
 513	2  17  21 
 513	2   7   5 
 515	2   6  12 
 515	6  19   9 
 517	2  17  21 
 519	2   6  12 
 519	6  22  21 
 521	2  14  18 
 521	2   7   5 
 523	2  13  19 
 523	6   3   1 
 525	2  14  18 
 527	2  17  22 
 527	2  13  19 
 529	2   9   3 
 529	2   6  12 
 531	2   9   3 
 531	2  17  12 
 531	6   6   5 
 533	2   9   3 
 533	2  17  12 
 535	2  19  14 
 535	2  17  12 
 537	2   7   6 
 537	2  19  14 
 537	6  17  16 
 539	2   5   6 
 539	2  19  14 
 541	2   5   6 
 543	2   5   6 
 543	6  17  13 
 545	6   7   2 
 549	2  17  22 
 545	6  10   5 
 549	6  19   9 
 551	2  11   7 
 551	2  17  22 
 553	2  11   7 
 553	2  17  22 
 555	2  11   7 
 555	6   4   3 
 557	2  16   6 
 559	2  16   6 
 561	2   8  13 
 561	2  16   6 
 563	2   5   7 
 563	6  18  16 
 565	2   5   7 
 567	2   5   7 
 563	6   9   4 
 569	2   8  13 
 569	6  15   5 
 571	2   8  13 
 573	2  19  13 
 573	2   7   2 
 575	2  16  15 
 575	2  19  13 
 575	2   7   2 
 577	2  16  15 
 577	2  19  13 
 577	2   7   2 
 579	2  16  15 
 579	2  19  14 
 579	2  12   7 
 581	2   2   4 
 581	2  13  17 
 583	2  19  14 
 583	2  12   7 
 585	2   2   4 
 585	2  13  17 
 587	2  19  14 
 587	2  12   7 
 589	2   2   4 
 589	2  13  17 
 591	2  19  18 
 591	6   7   3 
 593	2  19  18 
 595	2  19  18 
 581	6  15   5 
 587	6  10   5 
 593	6  16  10 
 599	2  11   7 
 601	2  11   7 
 603	2  11   7 
 605	2   7   9 
 605	6  18  16 
 607	2   7   9 
 609	2   7   9 
 611	2   7   5 
 611	6  18  14 
 613	2   7   5 
 615	2   7   5 
 617	2  14   9 
 617	2  12  18 
 619	2  14   9 
 619	2   2   7 
 621	2  14   9 
 621	2  12  18 
 623	2  17  13 
 623	2   2   7 
 625	2   9   3 
 625	2  12  18 
 627	2  17  13 
 627	2   2   7 
 629	2   9   3 
 629	6  12  11 
 631	2   9   3 
 629	6  22  18 
 633	6   4   2 
 635	2  17  13 
 639	2  12   8 
 641	2  12   8 
 643	2  12   8 
 645	2  18   8 
 647	2  12  10 
 649	2  18   8 
 651	2  12  10 
 653	2  18   8 
 655	2  12  10 
 657	2   8   6 
 659	2  12   2 
 659	2   5  10 
 661	2  14  18 
 661	2   5  10 
 663	2   8   6 
 665	2  12   2 
 665	2   5  10 
 667	2  14  18 
 669	2   8   6 
 671	2  12   2 
 673	2  14  18 
