   1	2   2   3 
   1	2  10   5 
   3	2   2   3 
   3	2  10   5 
   5	2   2   3 
   5	2  10   5 
   7	6   7   5 
   7	6  15  14 
  13	2   5   4 
  13	2   7   3 
  13	6  14  10 
  15	2   5   4 
  15	2   7   3 
  17	2   5   4 
  17	2   7   3 
  19	6   9   1 
  25	2   9  13 
  25	6   2   0 
  27	2   9  13 
  29	2   9  13 
  31	2   2  10 
  31	6   4   0 
  33	2   2  10 
  35	2   2  10 
  37	2   9   4 
  39	2  14  10 
  39	2   2   5 
  41	2   9   4 
  43	2  14  10 
  43	2   2   5 
  45	2   9   4 
  47	2  14  10 
  47	2   2   5 
  49	2   4   0 
  49	2   3   2 
  49	6  13  10 
  51	2   4   0 
  51	2   3   2 
  53	2   4   0 
  53	2   3   2 
  55	2  10   6 
  55	6   1   0 
  57	2  10   6 
  59	2  10   6 
  61	2   6   9 
  63	2   7  10 
  65	2   6   9 
  67	2   7  10 
  69	2   6   9 
  71	2   7  10 
  73	2   6   1 
  73	6  14  13 
  75	2   7   3 
  77	2   6   1 
  71	6   8   4 
  79	2   5  13 
  79	2   7   3 
  81	2   5  13 
  81	2   7   3 
  83	2   5  13 
  85	2  10   2 
  87	2   9   8 
  87	2   6   1 
  89	2  14  13 
  89	2   3   1 
  91	2  10   2 
  93	2   9   8 
  93	2   3   1 
  95	2  14  13 
  95	2   3   1 
  97	2  10   2 
  99	2   9   8 
  99	2   1   2 
 101	2  14  13 
 101	2   1   2 
 103	2   5  13 
 103	6  11   3 
 105	2   5  13 
 107	2   5  13 
 109	2   7  10 
 109	2   1   2 
 111	2   9   6 
 113	2   7  10 
 113	6   2   1 
 115	2   7  10 
 117	2  11  10 
 113	6  12   8 
 119	2  12  14 
 119	6   4   1 
 121	2  12  14 
 123	2  12  14 
 125	2   9   6 
 125	6  15  14 
 127	2   9   6 
 129	6  12   4 
 131	2   7  15 
 133	2   7  15 
 135	2   6   4 
 137	2   5  13 
 139	2   6   4 
 141	2   5  13 
 143	2  11  10 
 145	2   6   4 
 147	2   5  13 
 149	2   7  15 
 149	2   4   9 
 151	2  11  10 
 151	2  12  13 
 153	2  10   2 
 155	2   5   7 
 155	2  12  13 
 157	2  15  11 
 157	2   4   9 
 159	2  10   2 
 161	2   5   7 
 161	2  12  13 
 163	2  15  11 
 163	2   4   9 
 165	2  10   2 
 165	6  12   8 
 167	2  15  11 
 169	6  15  14 
 171	2   5   7 
 173	2   4   6 
 175	2   7  11 
 175	2   2   5 
 175	2  14  13 
 177	2   9   8 
 177	2   7  11 
 179	2   4   6 
 179	2  14  13 
 181	2   2   5 
 181	2   7  11 
 181	2  14  13 
 183	2   9   8 
 183	2   7  11 
 185	2   4   6 
 187	2   2   5 
 187	2   7  11 
 189	2   9   8 
 189	2   2   6 
 191	2  13   9 
 191	2   2   6 
 193	2   8   5 
 193	2   7  11 
 195	2  13   9 
 195	2   2   6 
 197	2   8   5 
 199	2  13   9 
 199	6   7   2 
 201	2  10   9 
 203	2  10   9 
 205	2   8   5 
 205	6  14  13 
 207	2   6   5 
 209	2   6   5 
 211	2   6   5 
 211	6  13   8 
 213	6  15   7 
 217	2   8   4 
 219	2   8   4 
 219	2  15  14 
 219	6   7   2 
 221	2   8   4 
 221	2  15  14 
 223	2  10   9 
 225	2  15  14 
 225	6   9   4 
 227	2  15   7 
 229	2  15   7 
 231	2   9  13 
 231	2  15   7 
 233	2   9  13 
 233	6  11   6 
 235	2   9  13 
 237	2  13  14 
 239	2   9   4 
 241	2   9   4 
 243	2  13  14 
 243	6   6   4 
 245	2  13  14 
 249	2   4   8 
 249	6  11  10 
 251	2   4   8 
 253	2   4   8 
 255	2   8   5 
 257	2   8   5 
 259	2   9   6 
 261	2   8   5 
 263	6   6   4 
 269	2   6  10 
 271	2   6  10 
 273	2   6  10 
