   1	2  21   9 
   1	2  12   5 
   1	2  39  26 
   3	2  14  30 
   3	2  12   5 
   3	6  46  33 
   5	2  29  42 
   5	2   4  17 
   7	2  37  23 
   7	2  12   5 
   3	6   2   1 
   7	6  28  14 
   9	2  10  31 
  11	2  33  18 
  11	2  37  23 
   9	6  13   6 
  13	2  14   1 
  13	2   4  17 
  13	6  46  43 
  15	2  21   9 
  17	2  14   1 
  17	2   4  17 
  13	6  27  19 
  19	2  40  46 
  19	2  43  36 
  19	2  21   9 
  19	6  25  12 
  21	2  28  30 
  21	2  40  46 
  23	2  29  42 
  23	2  40  46 
  21	6   9   7 
  25	2  43  36 
  25	2  39  26 
  25	6   6   4 
  27	2  14   1 
  27	2  37  23 
  29	2  28  30 
  29	2  39  26 
  29	6  17  15 
  31	2   4   2 
  31	2  43  36 
  33	2   4   2 
  31	6  32  27 
  35	2   4   2 
  35	2  29  42 
  31	6  47  46 
  37	2  13  27 
  37	2  45  32 
  37	6  22   1 
  39	2  13  27 
  39	2  45  32 
  41	2  33  18 
  37	6  48  47 
  41	6  44  38 
  43	2  13  27 
  45	2  33  18 
  43	6  35  22 
  47	2  45  32 
  43	6   9   3 
  47	6  41  34 
  49	2   9  22 
  49	2  18   4 
  49	2  43  35 
  51	2  19   3 
  51	2  15  30 
  51	2  43  35 
  49	6  47  39 
  53	2   9  22 
  53	2  26  13 
  53	2  43  35 
  55	2  38  41 
  55	2  19   3 
  55	6  42  28 
  57	2  38  41 
  57	2  19   3 
  59	2  10  31 
  59	6  20   6 
  61	2   9  22 
  61	2  38  41 
  63	2  10  31 
  63	6  28  14 
  65	2  32  19 
  65	2  10   3 
  67	2  20  41 
  67	2  10   3 
  63	6  44  43 
  67	6  38  31 
  69	2   9  14 
  69	2  18   4 
  71	2   9  14 
  71	2  26  13 
  69	6  42  36 
  73	2  38  40 
  73	2  18   4 
  73	2   9  14 
  75	2  45  36 
  75	2  20  41 
  75	2  10   3 
  75	6  23  21 
  77	2  32  19 
  79	2  45  36 
  79	2  26  13 
  77	6   8   3 
  81	2  38  40 
  81	6  25  23 
  83	2  45  36 
  85	2  38  40 
  81	6  12   5 
  83	6  10   3 
  87	2  25  27 
  87	2  29  23 
  87	6  46  38 
  89	2  25  27 
  89	2  29  23 
  91	2  25  27 
  91	2  29  23 
  89	6  12   3 
  93	2  38  24 
  93	2  29  14 
  93	6  41  27 
  95	2  38  24 
  95	2  29  14 
  97	2  38  24 
  97	2  29  14 
  95	6  11   3 
  99	2  15  30 
  99	2  20  27 
  99	6  39  25 
 101	2  15  30 
 101	2  12  20 
 103	2  12  20 
  85	6  43  42 
  99	6  35  28 
 101	6   4   3 
 105	2  32  19 
 103	6  15   9 
 107	2  27  19 
 107	2  32  44 
 105	6  35  29 
 109	2  25  10 
 109	2  12  20 
 109	6  47  39 
 111	2  25  10 
 113	2  25  10 
 109	6  14   8 
 111	6  37  29 
 115	2  24  39 
 115	2  27  19 
 115	6   8   3 
 117	2  24  39 
 117	2  27  19 
 119	2  24  39 
 117	6  29  21 
 121	2  32  44 
 119	6  19  13 
 123	2  29  38 
 121	6   7   2 
 125	2  29  38 
 123	6  24  17 
 127	2  21   7 
 123	6  40  34 
 125	6  19  11 
 129	2  24  40 
 129	2  21   7 
 127	6   9   2 
 131	2  24  40 
 131	2  21   7 
 127	6  45  37 
 133	2  24  40 
 133	6  35  14 
 135	2  45  33 
 135	2  11  17 
 137	2  31  19 
 137	6  46  40 
 139	2  22  10 
 141	2  22  10 
 139	6  31  25 
 143	2  22  10 
 139	6  44  37 
 143	6  46  39 
 145	2  25  19 
 145	2  15  28 
 147	2  25  19 
 147	2  35  36 
 147	2   8  22 
 143	6  48  41 
 149	2  43  31 
 149	6  14   2 
 151	2  45  33 
 151	2  35  36 
 151	2  11  17 
 153	2  43  31 
 155	2  29  38 
 155	2  11  17 
 157	2  45  33 
 157	2  29  21 
 157	6  16   7 
 159	2  44  45 
 159	2  19  40 
 159	2  29  21 
 161	2  44  45 
 161	2  19  40 
 161	2  29  21 
 155	6   3   2 
 163	2  43  31 
 163	6  12   9 
 165	2  35  36 
 165	2  44  45 
 167	2  32  37 
 163	6  21  14 
 169	2  23  18 
 169	6  39  34 
 171	2  30  16 
 173	2  15  28 
 169	6  43  42 
 171	6  20  12 
 175	2  21  42 
 175	2  25  39 
 169	6   4   3 
 177	2  34  20 
 177	2  21  42 
 177	2  25  39 
 177	6   5   4 
 179	2  34  20 
 179	2   8  22 
 179	2  25  39 
 181	2  34  20 
 181	2  30  16 
 179	6  43  35 
 183	2  26  31 
 183	2   8  22 
 183	6  47  41 
 185	2  23  18 
 187	2  26  31 
 187	2  15  28 
 183	6  13   5 
 185	6  44  43 
 189	2  41  20 
 189	2  30  16 
 189	6  28  21 
 191	2  34  33 
 191	2  23  18 
 193	2  41  20 
 193	2   8  16 
 193	6  32  31 
 195	2  41  20 
 195	2  28  42 
 195	2  17  15 
 197	2  21  28 
 197	2   8  16 
 197	6  47  44 
 199	2  27  25 
 199	2  21  28 
 199	2   8  16 
 201	2  27  25 
 201	2  21  28 
 201	6  15   9 
 203	2  34  33 
 203	2  31  45 
 205	2  26  32 
 203	6  42  28 
 207	2  19  40 
 207	2  23  37 
 207	6   7   2 
 209	2  34  33 
 209	2  19  12 
 209	2  23  37 
 211	2  13  34 
 211	2  31  45 
 211	6  22  16 
 213	2  32  39 
 213	2  19  12 
 215	2  26  11 
 215	2  40  47 
 215	2  31  45 
 217	2  18  16 
 217	2  32  39 
 213	6  14   7 
 217	6  44  29 
 219	2  18  16 
 219	2  40  47 
 221	2  17   9 
 221	2  13  34 
 223	2  24  29 
 223	2  13  34 
 223	6  46  44 
 225	2  24  29 
 225	2  19  12 
 227	2  24  29 
 223	6   7   2 
 227	6  20  19 
 229	2  46  33 
 229	2  36  15 
 231	2  14  30 
 231	2  46  33 
 231	2  17   9 
 233	2  36  15 
 233	2  26  11 
 233	2  40  47 
 233	6  31  24 
 235	2  46  33 
 235	2  36  15 
 237	2  26  11 
 237	6  48  46 
 239	2  14  30 
 239	2  26  34 
 241	2  18  16 
 239	6  20  13 
 243	2  44  31 
 243	2  11  18 
 243	2  26  34 
 239	6   3   2 
 243	6  28  22 
 245	2  44  31 
 245	2  11  18 
 245	2  26  34 
 247	2  44  31 
 247	2  11  18 
 243	6  47  40 
 247	6  26  20 
 249	2  44  43 
 249	2  32  39 
 251	2  44  43 
 249	6  22  10 
 253	2  44  43 
 249	6  41  34 
 255	2  38  22 
 255	2  10  19 
 255	6  48  41 
 257	2  38  22 
 257	2  10  19 
 259	2  38  22 
 259	2  10  19 
 261	2  22  31 
 261	6  12   3 
 263	2  22  31 
 265	2  27  25 
 261	6  46  44 
 265	6  22  16 
 267	2  41  27 
 269	2  45  33 
 265	6  35  28 
 267	6  13  12 
 271	2  29  44 
 271	2  41  27 
 267	6   3   1 
 271	6  25  17 
 273	2  29  44 
 273	2  41  27 
 275	2  29  44 
 271	6  15  14 
 273	6   5   3 
 277	2  38  44 
 277	2  25  40 
 273	6   1   0 
 277	6  29  23 
 279	2  34  13 
 279	2  38  44 
 281	2  34  13 
 281	2  38  44 
 279	6   9   3 
 283	2  34  13 
 283	2  29  37 
 277	6  42  35 
 279	6  47  46 
 285	2  23   9 
 285	2  19  34 
 285	6  46  43 
 287	2  23   9 
 287	2  19  34 
 289	2  23   9 
 289	2  19  34 
 291	2  15  30 
 291	2  43  42 
 291	2  41  34 
 291	2  20  19 
 291	6   5   3 
 293	2  16  31 
 293	2  43  42 
 293	2  41  34 
 293	2  20  19 
 295	2  35  30 
 295	2  15  14 
 295	2  41  34 
 295	2  20  19 
 291	6  47  46 
 297	2   5  13 
 297	2  21   0 
 297	2  32  31 
 297	2  43  42 
 297	6  27  18 
 299	2  29  22 
 299	2   5  13 
 299	2  32  31 
 301	2  39  37 
 301	2  21   0 
 301	2   5  13 
 297	6  16   9 
 303	2   8  24 
 303	6  47  34 
 305	2  44  23 
 307	2  12   9 
 307	2  35  30 
 309	2  26  34 
 309	2  44  23 
 309	6   5   3 
 311	2  25  40 
 311	2  29  22 
 313	2  45  33 
 313	2  15  14 
 313	6  36  30 
 315	2  26  34 
 315	2  15  14 
 317	2  12   9 
 315	6  47  45 
 319	2  30  17 
 319	2  26  34 
 319	6  14   1 
 321	2  30  17 
 321	2  47  33 
 323	2  39  37 
 323	2  34  27 
 321	6  19  13 
 325	2   8  24 
 325	2  35  36 
 325	2  48  47 
 325	2  34  27 
 327	2  21   0 
 327	2  25  40 
 323	6  11   4 
 327	6  45  37 
 329	2   8  24 
 329	2  48  47 
 329	2  34  27 
 331	2  29  22 
 331	2  32  31 
 331	2  12   9 
 331	2  48  47 
 329	6  42  35 
 333	2  30  17 
 333	2  39  45 
 331	6  34  27 
 335	2  44  23 
 333	6   2   0 
 337	2  21  24 
 335	6  47  40 
 339	2   3   2 
 339	2  18  15 
 339	6  36  35 
 341	2   1   4 
 343	2   9  23 
 339	6  44  38 
 341	6  40  26 
 345	2  43  29 
 345	2   3   2 
 347	2  47  38 
 347	2  18  15 
 347	2   3   2 
 349	2  30  39 
 349	2   1   4 
 349	6  26  20 
 351	2  45  40 
 351	2   9  23 
 353	2  47  38 
 353	2  43  29 
 353	2   1   4 
 355	2  31  19 
 355	6  44  36 
 357	2  31  19 
 359	2  18  15 
 355	6  47  46 
 361	2  21  24 
 361	2  45  40 
 361	6  20   4 
 363	2  30  39 
 365	2  21  24 
 365	2  45  40 
 367	2  46  38 
 367	2   9  23 
 367	6  27  12 
 369	2  30  39 
 371	2  43  29 
 371	2  38  24 
 369	6   9   1 
 373	2  27  32 
 373	2   3   4 
 371	6  47  41 
 375	2  27  32 
 375	2   3   4 
 373	6  36  22 
 377	2  27  32 
 377	2   3   4 
 375	6  17   9 
 379	2  37  21 
 377	6  48  47 
 381	2  16  22 
 381	2  31  19 
 381	6  42  36 
 383	2  16  22 
 383	2  40  45 
 383	2  26  19 
 385	2  16  22 
 385	2  32  39 
 385	2  26  19 
 379	6   4   3 
 385	6  11   4 
 387	2  22  35 
 387	2  40  45 
 387	2  26  19 
 389	2  22  35 
 389	2  32  39 
 387	6   9   8 
 391	2  22  35 
 391	2  40  45 
 389	6  27  19 
 393	2  22   1 
 393	2  32  39 
 393	6  45  44 
 395	2  25   9 
 397	2  25   9 
 393	6  42  35 
 395	6  29  21 
 399	2  33  45 
 399	2  17  12 
 401	2  33  45 
 401	2  22   1 
 401	6  18  11 
 403	2  33  45 
 403	2  22   1 
 405	2  45  48 
 405	6  23  16 
 407	2   2  11 
 407	2  43  46 
 409	2  37  29 
 409	2   2  11 
 405	6  27  20 
 409	6  41  32 
 411	2  37  29 
 411	2   2  11 
 411	6  20  13 
 415	2  23  36 
 413	6   8   2 
 417	2  23  36 
 415	6  32  18 
 419	2  23  36 
 417	6  34  27 
 421	2  18  10 
 421	2  23  15 
 421	2  43  46 
 423	2  18  10 
 423	2  45  48 
 423	2  23  15 
 423	6  27  20 
 425	2  18  10 
 425	2  45  48 
 425	2  23  15 
 427	2  38  24 
 423	6  35  28 
 427	6   4   1 
 429	2  34  31 
 431	2  34  31 
 429	6  22  21 
 433	2  18   2 
 433	2  43  46 
 435	2  18   2 
 435	2  29  45 
 435	6  33  27 
 437	2  18   2 
 437	2  29  45 
 439	2  17  12 
 439	2  29  45 
 441	2  25   9 
 441	6  45  42 
 443	2  16  19 
 445	2  22   9 
 445	2  18  20 
 445	6  40  33 
 447	2  22   9 
 447	2  18  20 
 449	2  38  24 
 447	6  43  36 
 451	2  45  47 
 451	2  16  19 
 449	6  28  21 
 453	2  25  30 
 453	2  45  47 
 453	6  10   8 
 455	2  25  30 
 455	2  45  47 
 457	2  25  30 
 457	6  46  40 
 459	2  21   8 
 459	2  18  20 
 461	2  21   8 
 461	2   4  20 
 455	6  42  35 
 459	6  38  37 
 463	2  21   8 
 463	2  32  40 
 463	2   4  20 
 465	2  46  43 
 465	2   8   2 
 465	2  17  12 
 467	2  46  43 
 467	2   8   2 
 467	2  11  12 
 467	6  23  21 
 469	2  46  43 
 469	2   8   2 
 469	2  11  12 
 471	2  45  48 
 471	2   2   8 
 471	2  11  12 
 471	6  36  35 
 473	2  16  19 
 473	2  45  48 
 475	2  22   9 
 475	2  32  40 
 475	6  27  13 
 477	2  22   9 
 477	2  32  40 
 479	2  28  44 
 479	2  10  16 
 479	6  25  18 
 481	2  21  35 
 481	2  39  30 
 481	2   2   8 
 483	2  22   9 
 483	2  45  48 
 481	6  13  12 
 485	2  34  31 
 485	2  21  35 
 485	2   2   8 
 487	2  34  41 
 487	2  15  18 
 487	6  45  36 
 489	2  33  17 
 491	2  31  24 
 491	2  34  41 
 491	2  10  16 
 491	6  20  19 
 493	2  28  44 
 493	2  31  24 
 493	2  34  41 
 493	2  10  16 
 495	2  39  30 
 495	2  21  35 
 495	6   8   3 
 497	2  26  38 
 499	2  26  38 
 495	6  48  41 
 497	6  42  28 
 501	2  33  17 
 501	6  37  30 
 503	2  15  18 
 505	2  15  18 
 503	6  48  46 
 507	2  22   9 
 507	2  31  24 
 503	6  43  42 
 507	6  12  11 
 509	2  27  48 
 509	2  43  44 
 509	2  15  24 
 511	2  27  48 
 511	2  44  29 
 511	6  32  31 
 513	2  27  48 
 513	2  44  29 
 515	2   4  19 
 515	2  44  29 
 511	6  16   8 
 515	6  48  34 
 517	2  11  23 
 519	2  11  23 
 517	6  44  42 
 521	2  11  23 
 517	6  14   8 
 521	6  34  27 
 523	2  16  30 
 525	2  16  30 
 523	6  35  21 
 527	2  20  11 
 527	2  16  30 
 529	2  20  11 
 529	2  39  37 
 529	6  42  28 
 531	2  33  17 
 533	2  26  38 
 533	6   6   3 
 535	2  14  30 
 535	2  40  26 
 537	2  22  31 
 537	2  40  26 
 539	2  20  11 
 539	2  46  43 
 539	6  30  23 
 541	2  12  27 
 541	2  46  43 
 543	2   9  18 
 543	2  46  43 
 545	2  16  21 
 545	2  45  33 
 545	2  13  11 
 545	6  36  30 
 547	2  17   2 
 547	2  45  33 
 549	2  32  41 
 549	2  16  21 
 549	2  13  11 
 551	2  14  23 
 551	2  12  27 
 551	6  47  44 
 553	2   9  18 
 555	2  15  24 
 555	2  12  27 
 557	2  44  36 
 557	2  22  31 
 557	2  40  26 
 557	2  13  11 
 559	2  44  36 
 559	2  17   2 
 559	6  34  13 
 561	2  44  36 
 561	2  14  23 
 563	2  44  37 
 563	2  16  21 
 565	2  13   6 
 565	2  32  41 
 565	2  44  37 
 565	6  16  11 
 567	2  13   6 
 567	2  45  33 
 569	2  13   6 
 569	2  32  41 
 569	2  44  37 
 565	6  28  21 
 571	2   9  18 
 571	2  29  45 
 571	6  40  33 
 573	2  22  31 
 573	2  13  11 
 575	2  15  24 
 575	2  13  11 
 573	6  44  36 
 577	2  17   2 
 577	6  39  27 
 577	6  21  15 
 579	6  30  24 
 583	2  13  11 
 579	6  43  36 
 583	6  48  46 
 585	2  31  26 
 587	2  22  30 
 585	6  11  10 
 589	2  44  46 
 589	2  31  26 
 589	6  28  14 
 591	2  27  11 
 591	2  44  46 
 593	2  27  11 
 593	2  44  46 
 591	6  32  24 
 595	2  27  11 
 595	2  28  44 
 597	2  20  32 
 597	6  21   9 
 599	2  20  32 
 601	2  20  32 
 597	6  44  43 
 597	6  47  41 
 603	2  25  41 
 603	2  28  43 
 603	6  20  12 
 605	2  25  41 
 605	2  29  45 
 607	2  25  41 
 607	2  22  30 
 607	6  43  35 
 609	2  25   4 
 611	2  25   4 
 609	6  46  41 
 613	2  25   4 
 613	2  28  35 
 609	6  14   8 
 615	2  46  43 
 615	2   6   4 
 615	2  24  16 
 615	6  34  27 
 617	2  46  43 
 617	2  12   9 
 619	2  46  43 
 619	2   6   4 
 619	2  24  16 
 621	2  20  33 
 621	2  37  21 
 621	2  24  16 
 623	2  41  25 
 623	2  29  45 
 623	2   6   4 
 625	2  44  32 
 625	2  12   9 
 625	2  29  35 
 627	2  34  46 
 627	2  22  30 
 627	6  10   8 
 629	2  20  33 
 629	2  29  35 
 631	2  44  32 
 631	2  29  35 
 633	2  37  21 
 633	2  20  33 
 633	6  24  18 
 635	2  34  46 
 637	2  37  21 
 637	6  27  13 
 639	2  36  24 
 641	2  36  24 
 637	6  41  40 
 643	2  40  25 
 643	2  37  30 
 643	6  11  10 
 645	2  31  26 
 647	2  40  25 
 647	2  37  30 
 643	6  22  16 
 643	6  43  35 
 649	2  36  24 
 649	2  34  46 
 651	2  12   9 
 651	2  44  32 
 651	6  35  29 
 653	2   9   4 
 653	2  32  46 
 655	2  26  24 
 655	2   9   4 
 655	6  44  39 
 657	2  26  24 
 657	2   9   4 
 659	2  26  24 
 657	6  29  22 
 661	2  27  39 
 659	6   6   4 
 663	2  34  33 
 663	2  29  45 
 661	6  18  17 
 665	2  32  46 
 665	2  37  30 
 665	6  41  27 
 667	2  10  22 
 667	2  32  46 
 669	2  10  22 
 669	6  46  32 
 671	2  10  22 
 673	2  10   4 
 673	2  22  36 
 673	6  19  18 
 675	2  41  39 
 675	2  10   4 
 675	2  22  36 
 677	2  34  33 
 677	2  29  45 
 677	2  10   4 
 679	2  27  11 
 679	2  22  36 
 679	2  32  24 
 681	2  27  11 
 681	2  29  45 
 681	2  32  24 
 683	2  27  11 
 683	2  46  37 
 683	2  32  24 
 683	6  22  15 
 685	2  41  39 
 687	2  34  33 
 687	2  46  37 
 685	6  24  10 
 689	2  46  37 
 689	6  34  19 
 691	2   9  30 
 693	2   9  30 
 691	6  47  46 
 695	2  11   8 
 695	6  44  29 
 697	2  34  48 
 697	2  11   8 
 699	2  34  48 
 699	2  11   8 
 695	6  32  31 
 701	2  29  22 
 701	2  34  48 
 701	6  31  18 
 703	2  29  22 
 705	2  29  22 
 701	6  14   8 
 701	6  20  13 
 703	6  46  44 
 707	2  29  28 
 701	6   3   2 
 707	6  19  16 
 709	2  31  38 
 709	2  29  28 
 711	2  31  38 
 711	2  29  28 
 709	6  47  46 
 713	2  31  38 
 713	2  28  29 
 713	2  16  15 
 713	6  18  13 
 715	2  28  29 
 715	2  16  15 
 717	2  28  29 
 717	2  16  15 
 713	6  34  27 
 715	6  43  37 
 719	2  40  19 
 719	6  16   3 
 721	2  34  32 
 723	2  40  19 
 721	6  36  28 
 725	2  31  16 
 725	6  41  20 
 727	2  44  23 
 729	2  44  23 
 731	2  38  41 
 731	2  14  28 
 731	6  20  12 
 733	2  38  41 
 733	2  14  28 
 735	2  31  16 
 735	6  44  36 
 737	2  31  16 
 739	2  16  25 
 735	6  48  47 
 737	6  13   6 
 741	2  36  23 
 741	2  34  32 
 741	6  10   4 
 743	2  38  41 
 743	2  14  28 
 745	2  31  47 
 745	6  43  28 
 747	2  41  20 
 749	2  31  47 
 749	6  18  10 
 751	2  23  21 
 751	2  34  32 
 753	2  23  21 
 753	2  48  34 
 751	6  45  37 
 755	2  10  22 
 755	2  41  20 
 751	6  42  35 
 755	6  32  31 
 757	2  10  22 
 757	2  41  20 
 759	2  10  22 
 759	2  48  34 
 759	6  20  13 
 761	2  16  25 
 761	2  48  34 
 763	2  32  47 
 763	2  23  21 
 761	6   3   1 
 765	2  40  19 
 765	6  36  23 
 767	2  20  41 
 769	2  20  41 
 767	6   8   1 
 771	2  23  17 
 771	2  20  41 
 767	6  46  45 
 773	2  23  17 
 773	2  45  43 
 773	6  32  19 
 775	2  23  17 
 775	2  45  43 
 777	2  21  23 
 777	2  45  43 
 773	6  41  34 
 773	6   6   5 
 779	2  16  25 
 779	6  45  42 
 781	2  12  19 
 781	2  21  23 
 783	2  11  16 
 783	2  25  26 
 779	6  48  41 
 783	6  20  13 
 785	2  46  32 
 785	2  22  10 
 787	2  47  45 
 787	2  11  16 
 787	2  25  26 
 789	2  20  17 
 789	2  47  45 
 791	2  24  37 
 791	2  12  19 
 791	6  34  27 
 793	2  39  18 
 795	2  46  32 
 795	2  22  10 
 795	6  13   5 
 797	2  24  37 
 799	2  21  23 
 799	2  46  32 
 797	6  41  34 
 801	2   9  30 
 801	2  12  19 
 801	6  46  45 
 803	2  20  17 
 805	2  20  17 
 803	6  33  32 
 807	2  47  46 
 807	2  11  16 
 803	6  43  28 
 807	6  20  13 
 809	2  38  41 
 809	2  25  26 
 811	2  38  41 
 809	6   9   4 
 813	2  38  41 
 813	6  19  13 
 815	2  40  38 
 815	2  22  10 
 817	2  40  38 
 817	2   9  10 
 817	2   5   4 
 817	6  29  23 
 819	2  40  38 
 819	2  27  25 
 819	2   9  10 
 819	2   5   4 
 821	2  20  33 
 821	2   9  10 
 821	2   5   4 
 821	6  45  43 
 823	2  14  17 
 823	2  20  33 
 825	2  21  30 
 825	2  27  25 
 825	6  12  10 
 827	2  40  45 
 827	2  27  25 
 829	2  43  29 
 827	6  14   1 
 831	2  39  18 
 831	2  43  29 
 829	6  34  27 
 833	2  24  37 
 833	6  12   4 
 835	2  16  37 
 837	2  22   8 
 837	2  40  45 
 835	6  27  20 
 839	2  15  10 
 839	2  40  45 
 837	6  43  35 
 841	2  39  18 
 841	2  22   8 
 843	2  47  26 
 843	2  21  30 
 845	2  24  18 
 845	2  39  44 
 845	2  35  29 
 845	6  15   9 
 847	2  20  11 
 847	2  39  44 
 849	2  47  26 
 847	6  35  29 
 851	2   1  17 
 851	2  27  33 
 851	6  39  38 
 853	2  24  18 
 853	2   9  10 
 855	2  20  11 
 855	2  22   8 
 853	6  41  33 
 857	2  16  37 
 857	6  20  12 
 859	2  31  33 
 859	2   9  10 
 861	2  31  33 
 857	6  28  21 
 859	6  48  46 
 863	2  31  33 
 863	2  12  11 
 863	6  21  16 
 865	2  47  26 
 867	2  38  44 
 867	2  26  25 
 867	6  40  34 
 869	2   1  17 
 869	2  21  37 
 871	2  28  30 
 871	2   1  10 
 871	2  26  25 
 873	2  31  46 
 873	2  34  20 
 873	2  21  29 
 873	2   1  10 
 875	2  31  46 
 875	2  12   9 
 875	2  21  29 
 877	2  31  46 
 877	2  34  20 
 877	2   1  10 
 877	2  21  29 
 879	2  24  18 
 879	2  35  44 
 879	2  34  20 
 879	6  22   8 
 881	2  35  44 
 881	2  26  25 
 883	2  35  44 
 879	6  46  39 
 881	6  20  13 
 885	2  30  31 
 885	2  11  16 
 883	6  33  26 
 887	2  17  38 
 885	6  42  28 
 889	2  20  26 
 889	2  30  31 
 889	2  11  16 
 889	6  45  40 
 891	2  20  26 
 891	2  30  31 
 891	2  11  16 
 893	2  20  26 
 893	6  28  16 
 895	2  26   5 
 897	2  26   5 
 895	6  45  37 
 899	2  24  40 
 899	6  20   4 
 901	2  37  22 
 903	2  37  22 
 901	6  39  32 
 905	2   4  16 
 885	6   7   1 
 901	6  48  41 
 905	6  35  29 
 907	2   4  16 
 909	2  24  40 
 909	6   8   7 
 911	2  39  36 
 911	2  11  13 
 913	2  39  36 
 913	2  11  13 
 911	6  34  27 
 915	2  39  36 
 915	2  12   9 
 917	2  39  41 
 917	2   4  16 
 917	6  25  19 
 919	2  39  41 
 919	2  16  10 
 921	2  39  41 
 921	2  16  10 
 917	6  44  36 
 919	6  14   7 
 923	2  44  46 
 923	2  25  23 
 923	6  12   4 
 925	2  44  46 
 925	2  25  23 
 927	2  44  46 
 927	2  25  23 
 923	6  35  28 
 923	6  41  34 
 929	2  46  48 
 929	2  14  23 
 929	2  26   5 
 929	6  43  35 
 931	2  20  34 
 931	2  14  23 
 933	2  39  18 
 935	2  44  42 
 935	2  20  34 
 935	2  14  23 
 935	6  32  25 
 937	2  46  48 
 937	2  37  22 
 937	2  11  13 
 939	2  44  42 
 939	2  20  34 
 939	2   4   9 
 939	6  29  23 
 941	2  47  32 
 941	2  44  42 
 941	2  20   5 
 943	2  47  32 
 943	2  20   5 
 941	6   9   8 
 945	2  39  18 
 943	6  42  35 
 947	2  17  38 
 947	2  20   5 
 949	2  46  48 
 949	2  26  19 
 949	2  22   8 
 949	6  37  35 
 951	2  47  32 
 951	2  22   8 
 953	2  32  33 
 953	2  16  10 
 953	6  48  41 
 955	2  17  38 
 955	2  21  35 
 957	2  30  17 
 957	2  21  35 
 957	2  26  19 
 957	6  46  45 
 959	2  14  28 
 959	2  32  33 
 961	2  30  17 
 961	2  21  35 
 961	2  26  19 
 961	6  40  32 
 963	2  45  43 
 963	2  14  28 
 965	2  45  43 
 965	2  30  17 
 963	6  19  12 
 967	2  48  46 
 967	2  24  32 
 967	2  22   8 
 967	6  44  37 
 969	2  48  46 
 969	2  19  24 
 969	2  14  28 
 971	2  48  46 
 971	2  19  24 
 973	2  39  18 
 975	2  31  47 
 971	6  22  15 
 975	6  20   4 
 977	2  32  37 
 979	2  31  47 
 977	6  22  16 
 981	2  32  37 
 981	6  27  20 
 983	2  25  16 
 983	2  45  43 
 985	2  25  16 
 981	6  48  41 
 983	6  30  29 
 987	2  25  16 
 985	6  45  44 
 989	2  18  23 
 989	2  40  33 
 991	2  25  38 
 991	6  16  10 
 993	2  25  38 
 995	2  31  47 
 991	6  20  12 
 991	6  43  36 
 997	2  10  12 
 997	2  32  37 
 997	6  41  27 
 999	2  10  12 
 999	2  21  37 
1001	2  18  23 
1001	6  44  43 
1003	2  46  41 
1003	2  19  24 
1005	2  46  41 
1005	2  10  12 
1005	2  14  29 
1005	6  31  25 
1007	2  46  41 
1007	2  14  29 
1009	2  14  29 
1007	6  20  11 
1011	2  31  38 
1009	6  40  34 
1013	2  18  23 
1011	6  43  35 
1015	2  40  45 
1015	2  17  25 
1011	6   9   8 
1013	6  13   5 
1017	2  40  45 
1017	2  11  10 
1015	6  31  30 
1019	2  40  45 
1019	2  17  25 
1017	6  35  14 
1021	2  40  24 
1019	6  20  12 
1023	2  30  28 
1023	2  17  25 
1021	6  45  44 
1025	2  20  34 
1025	2  16  14 
1025	6  39  31 
1027	2  20  34 
1027	2  16  14 
1029	2  11  10 
1029	2  20  34 
1025	6  36  29 
1029	6  16   8 
1031	2  45  48 
1031	2  11  10 
1033	2  39  27 
1033	6  11   5 
1035	2  31  16 
1037	2  45  48 
1037	2   8  14 
1037	6  27  25 
1039	2  45  48 
1041	2  38  43 
1037	6  29  23 
1039	6  10   4 
1043	2  39  25 
1043	2  30  28 
1039	6  14   8 
1043	6  34  20 
1045	2  31  16 
1047	2  31  16 
1045	6  44  36 
1049	2  39  25 
1049	2  22  16 
1049	6  41  34 
1051	2  46  32 
1051	2  22  16 
1053	2  12  25 
1053	2  21  37 
1055	2  26  47 
1055	2  30  28 
1053	6  10   9 
1057	2  46  32 
1057	6  27  13 
1059	2  15  31 
1061	2  38  43 
1061	2  22  16 
1057	6  48  41 
1059	6  11  10 
1063	2  26  47 
1063	2  21  37 
1063	6  16   8 
1065	2  33  18 
1067	2  33  18 
1065	6  45  29 
1069	2  12  25 
1069	6  34  27 
1071	2  15  31 
1073	2  46  32 
1073	2  21   8 
1071	6  19  18 
1075	2  38  43 
1075	2  21   8 
1075	6  47  41 
1077	2  23  18 
1079	2  23  18 
1077	6  39  32 
1081	2  11  27 
1081	2  21   8 
1077	6  44  37 
1083	2  45  47 
1083	2  11  27 
1083	6  29  15 
1085	2  45  47 
1085	2  12  25 
1087	2  45  47 
1087	2  11  27 
1089	2  10  15 
1089	2  26  41 
1089	2  13  12 
1089	2  44  46 
1091	2  40  24 
1091	2   5  11 
1091	6  28   7 
1093	2  40  24 
1093	2  13  12 
1095	2  33  19 
1095	2  44  46 
1095	6   5   4 
1097	2  23  18 
1097	2  41  48 
1097	2  43  45 
1099	2  29  31 
1099	2  19  20 
1099	2  41  48 
1099	2  44  46 
1097	6   7   2 
1101	2  25  38 
1101	2   4  11 
1101	2  41  48 
1101	6  29  23 
1103	2  33  26 
1103	2  43  45 
1103	2  13  12 
1105	2  25  38 
1105	2   4  11 
1103	6  48  47 
1107	2  10  15 
1107	2  30  31 
1107	2  19  20 
1107	2  43  45 
1109	2  10  15 
1109	2  40  37 
1109	2  19  20 
1111	2  15  23 
1111	2   2  10 
1111	2  33  26 
1111	6  45  36 
1113	2  24  16 
1113	2  33  26 
1115	2  15  23 
1115	2   2  10 
1115	2  26  19 
1111	6  48  41 
1117	2  40  37 
1117	2   2  10 
1117	6  13  12 
1119	2  30  31 
1119	2  33  46 
1121	2  24  16 
1121	2  47  44 
1119	6  35  28 
1123	2  25  38 
1123	2  15  23 
1123	2   2   4 
1123	6  48  34 
1125	2  30  31 
1125	2  10  15 
1127	2  24  16 
1127	2  43  38 
1127	2   2   4 
1127	6  28  21 
1129	2  45  48 
1129	2  11  25 
1131	2  45  48 
1131	2  26  19 
1131	2   2   4 
1131	6  23  17 
1133	2  45  48 
1133	2  26  19 
1135	2  39  48 
1133	6  21   8 
1137	2  39  48 
1133	6   4   3 
1135	6  34  26 
1139	2  29  45 
1139	6   8   3 
1141	2  29  45 
1143	2  40  37 
1141	6  18  12 
1145	2  39  48 
1145	6  36  21 
1147	2  12   3 
1147	2  39  24 
1149	2  12   3 
1149	2  39  24 
1147	6  41  34 
1151	2  12   3 
1151	2  29  45 
1151	6  32  24 
1153	2  10  15 
1155	2  10  15 
1153	6  45  36 
1157	2   9  24 
1153	6  27  19 
1157	6   5   4 
1159	2   9  24 
1159	2  45  48 
1161	2   9  24 
1161	2  36  28 
1161	6  48  46 
1163	2   9   4 
1163	2  36  28 
1165	2   9   4 
1165	2  36  28 
1159	6  26  19 
1163	6  24  23 
1167	2   9   4 
1167	2  45  46 
1167	2  33  48 
1167	6  43  36 
1169	2  14  23 
1169	2  45  46 
1169	2  33  48 
1169	2   2  10 
1171	2  14  23 
1171	2  39  32 
1171	2   2  10 
1173	2  14  23 
1173	2  47  44 
1173	2   2  10 
1173	6  26  12 
1175	2   9  30 
1177	2  29  14 
1177	6  45  44 
1179	2  16  19 
1181	2  40  26 
1181	2  29  14 
1179	6   4   3 
1183	2  16  19 
1183	2  36  38 
1185	2  17  20 
1185	2  29  14 
1185	2  47  45 
1187	2   9  30 
1187	2  40  26 
1189	2  11  25 
1189	2  36  38 
1189	6  21   8 
1191	2  40  26 
1193	2  11  25 
1193	2  40  48 
1191	6  45  43 
1195	2  17  20 
1195	2  40  48 
1195	6  29  21 
1197	2  17  20 
1197	2  45  46 
1197	2  40  48 
1199	2  26  32 
1199	2  45  46 
1199	6  12  10 
1201	2  28  44 
1201	2  26  32 
1203	2  29  43 
1203	2  26  32 
1203	2  45  46 
1205	2  10  22 
1205	2  27  20 
1205	6  39  32 
1207	2  10  22 
1207	2  27  20 
1209	2  10  22 
1209	2  27  20 
1211	2  31  10 
1213	2  31  10 
1211	6  27  13 
1215	2   9  30 
1217	2  16  19 
1217	6  39  37 
1217	6  41  34 
1219	6  22  16 
1219	6  19  11 
1219	6  25  24 
1223	6  41  40 
1225	2  31  10 
1227	2  15  31 
1225	6  27  26 
1229	2  36  22 
1229	6   9   3 
1231	2  25  40 
1231	2  28  44 
1233	2  25  40 
1233	2  36  22 
1231	6  20  12 
1235	2  25  40 
1235	2  29  43 
1235	6  16   9 
1237	2  25   4 
1237	2  28  44 
1239	2  25   4 
1239	2  29  43 
1239	6  46  41 
1241	2  23  16 
1241	2  37  43 
1243	2  23  16 
1243	2  37  43 
1241	6  26  12 
1245	2  23  16 
1245	2  37  43 
1245	6  48  41 
1247	2  12   9 
1249	2  12   9 
1247	6  46  37 
1251	2  12   9 
1253	2  18  39 
1253	2  23  30 
1253	6   9   8 
1255	2  18  39 
1255	2  23  30 
1257	2  18  39 
1257	2  23  30 
1259	2  25   4 
1259	2  36  22 
1259	6  47  46 
1261	2   3  12 
1261	2  16  14 
1263	2  11   4 
1263	2  15  31 
1261	6  34  26 
1265	2  39  46 
1265	2   3  12 
1265	2  16  14 
1267	2  26  18 
1267	2  39  46 
1267	2  16  14 
1267	6  41  34 
1269	2  38  17 
1271	2  11   4 
1271	2  15  31 
1273	2  33  19 
1273	2  37  16 
1275	2  26  18 
1275	2  39  46 
1275	2  29  15 
1277	2  33  19 
1277	2  23   2 
1279	2  38  17 
1279	6  34  20 
1281	2  11   4 
1281	2  37  16 
1283	2  38  17 
1283	6   5   4 
1285	2  26  18 
1285	2  38  45 
1285	2  29  15 
1287	2  33  19 
1287	2  38  45 
1287	2  29  15 
1287	6  24  17 
1289	2   3  12 
1289	2  34  39 
1291	2  12  20 
1291	2  34  39 
1289	6  21  15 
1293	2  11  13 
1293	2  26  31 
1293	6  47  41 
1295	2  36  24 
1295	2  12  20 
1297	2  23   2 
1297	2  12  20 
1297	2  38  45 
1297	6  33  26 
1299	2  11  13 
1301	2  37  16 
1299	6  47  46 
1303	2   5  26 
1303	6  22   9 
1305	2  33  31 
1307	2   5  26 
1305	6  46  44 
1309	2  18   9 
1309	2  33  31 
1311	2  30  44 
1311	2  18   9 
1311	2  34  39 
1313	2  30  44 
1313	2  18   9 
1313	6  39  34 
1315	2  23   2 
1317	2  30  44 
1317	2  11  13 
1317	6  15   2 
1319	2   5  26 
1321	2  34  20 
1319	6  44  30 
1323	2  26  41 
1323	2  12  13 
1323	6  17   3 
1325	2  44  39 
1325	2  34  20 
1327	2  44  39 
1327	2  12  13 
1325	6  30  22 
1329	2  26  41 
1329	2  12  13 
1329	6   9   2 
1331	2  36  24 
1331	2  34  20 
1333	2  36  24 
1331	6  47  46 
1335	2   9  25 
1333	6  12   4 
1337	2   9  25 
1333	6  41  34 
1335	6  37  28 
1339	2   9  25 
1339	6  46  40 
1341	2   9  14 
1341	2  37  25 
1343	2   9  14 
1343	2  37  25 
1345	2  30  46 
1345	2   9  14 
1345	2  26  34 
1345	6  18  11 
1347	2  30  46 
1347	2   2   9 
1349	2  30  46 
1349	2   2   9 
1347	6  34  26 
1351	2  23  38 
1351	2   2   9 
1353	2  37  25 
1353	2  22  15 
1353	2   2   4 
1353	6  47  41 
1355	2  31  18 
1355	2  22  15 
1357	2  31  18 
1357	2  22  15 
1355	6   9   3 
1359	2  23  38 
1355	6  43  36 
1359	6  26  12 
1361	2  30   9 
1363	2  30   9 
1359	6  48  41 
1361	6  46  39 
1365	2  30   9 
1365	6  41  26 
1367	2  23  38 
1367	2   2   4 
1369	2  44  46 
1369	2   2   4 
1369	6  31  17 
1369	6  29  28 
1371	6  47  46 
1375	2  17  18 
1371	6  33  26 
1371	6  12   5 
1375	6  37  22 
1377	2   3   5 
1379	2   3   5 
1377	6  32  18 
1381	2   3   5 
1381	6  23   8 
1383	2  10  18 
1385	2  10  18 
1377	6  48  47 
1383	6  34  32 
1387	2  10  18 
1383	6  47  45 
1387	6  28  14 
1389	2   9  10 
1389	2  40  31 
1391	2  18  27 
1391	2  37  46 
1393	2  39  23 
1393	6  27  19 
1395	2  39  23 
1397	2  39  23 
1393	6  14   8 
1399	2  39  27 
1399	2   9  10 
1399	6  36  23 
1401	2  18  19 
1401	2   9  10 
1403	2  39  27 
1403	2  10  11 
1405	2  36  45 
1405	2  18  19 
1405	6  48  34 
1407	2  36  45 
1407	2  23  25 
1407	2  10  11 
1409	2  36  45 
1409	2  23  25 
1409	2  10  11 
1403	6   8   2 
1411	2  33  30 
1407	6  20  13 
1411	6  11   2 
1413	2  40  31 
1413	2  36  43 
1415	2  33  30 
1417	2  39  27 
1417	2  21   9 
1417	2  36  43 
1417	6  18  12 
1419	2  40  31 
1419	2  21   9 
1419	2  36  43 
1421	2  31  29 
1421	6  41  27 
1423	2  12  11 
1423	2  31  29 
1425	2  12  11 
1425	2  31  29 
1421	6   8   2 
1421	6  44  43 
1423	6  17  16 
1427	2  41  47 
1427	2  12  11 
1427	6  45  43 
1429	2  17  26 
1429	2  41  47 
1431	2  17  26 
1431	2  41  47 
1427	6  21  14 
1429	6  13   5 
1433	2  33  30 
1433	2  14   9 
1435	2  39  24 
1435	2  28  43 
1435	2   5  11 
1435	6  14   8 
1437	2  33  40 
1437	2  18  30 
1439	2  39  24 
1439	2  28  43 
1439	2   5  11 
1441	2  33  40 
1441	2  18  30 
1441	6   9   8 
1443	2  23  25 
1443	2  28  43 
1443	2   5  11 
1445	2  39  24 
1445	6  36  21 
1447	2  17  26 
1449	2  33  40 
1449	2  17  10 
1447	6   8   7 
1451	2  18  30 
1451	2  40  48 
1453	2   9  18 
1453	2  31  33 
1453	2  21  14 
1455	2  29  32 
1455	2  17  10 
1455	6  48  41 
1457	2  16  15 
1457	2  36  30 
1457	2   5   3 
1459	2  39  24 
1459	2  28   7 
1459	2   5   3 
1461	2  47  38 
1461	2   9  18 
1461	2  21  14 
1461	6  29  23 
1463	2  34  25 
1463	2  21  14 
1463	2   5   3 
1465	2  47  38 
1465	2   9  18 
1465	6  14   7 
1467	2  31  33 
1467	2  17  10 
1469	2  23  32 
1469	2   2   9 
1467	6  19  12 
1471	2  16  15 
1471	2  36  30 
1471	2  40  41 
1467	6  45  44 
1471	6   3   0 
1473	2  48  45 
1473	2  16  15 
1475	2  39  24 
1471	6  28  21 
1475	6  34  26 
1477	2  21  14 
1477	2  37  46 
1477	2   2   9 
1479	2  47  38 
1479	2  21  14 
1479	2   2   9 
1481	2  26  25 
1481	2  48  45 
1477	6  12   4 
1481	6  22   9 
1483	2  31  33 
1485	2  40  41 
1485	2  26  25 
1483	6  20  12 
1487	2  23  32 
1487	6   7   2 
1489	2  36  30 
1491	2  39  24 
1487	6  41  34 
1489	6  26  19 
1493	2   4   9 
1493	2  37  46 
1489	6  22  21 
1495	2   4   9 
1495	2  48  45 
1495	6  26  24 
1497	2   4   9 
1497	2  36  37 
1497	2  40  46 
1499	2  12   4 
1499	2  48  39 
1499	2  36  37 
1495	6  28  22 
1501	2  12   4 
1501	2  30  14 
1501	2  40  46 
1501	6  17  10 
1503	2  12   4 
1503	2  31  33 
1505	2  30  14 
1505	2  40  46 
1505	6  19  12 
1507	2  31  33 
1509	2  48  39 
1509	2  36  37 
1507	6  22   9 
1511	2  31  33 
1511	6  46  44 
1513	2  22  29 
1513	2  25   4 
1515	2  22  29 
1515	2  26  11 
1515	6  31  24 
1517	2  46  41 
1517	2  22  29 
1519	2  46  41 
1519	2  22  29 
1517	6  12   9 
1521	2  43  31 
1521	6  46  40 
1523	2  43  31 
1523	2   9   2 
1525	2  43  31 
1525	2   9   2 
1521	6  34  27 
1523	6  19  11 
1527	2  40  41 
1527	2  22  29 
1527	2   9   2 
1527	6  32  31 
1529	2  27  12 
1529	2  22  29 
1531	2  27  12 
1527	6  43  35 
1529	6  47  45 
1533	2  23  18 
1533	6  36  28 
1535	2  32  20 
1535	2  41  47 
1537	2  23  18 
1537	2  41  47 
1535	6  45  44 
1539	2  32  20 
1539	2  41  47 
1539	6  22  10 
1541	2  26  19 
1541	2  48  39 
1543	2  32  20 
1543	2  48  47 
1545	2  22  35 
1545	2  25   4 
1545	2  48  47 
1547	2  31  36 
1547	2  27  12 
1547	2  48  47 
1547	6  15   9 
1549	2  31  36 
1549	2  26  19 
1551	2  31  36 
1549	6  40  34 
1553	2   9  11 
1553	2  22  35 
1555	2  13  34 
1555	2  30  14 
1557	2  17  38 
1557	2  14   0 
1557	6  34  20 
1559	2   9  11 
1559	2  22  35 
1561	2  17  38 
1561	2  14   0 
1561	6  35  28 
1563	2  13  20 
1563	2  23  18 
1563	2  14   0 
1565	2   9  11 
1565	2  13  20 
1565	2  32  46 
1563	6  41  34 
1567	2  25   4 
1567	6  44  28 
1569	2  24  27 
1569	2   9   2 
1571	2  20  12 
1571	2   9   2 
1571	6  33  24 
1573	2  10   4 
1575	2  20  12 
1575	2   9   2 
1573	6  35  14 
1577	2  39  26 
1577	2  10   4 
1577	6  13  12 
1579	2  16  28 
1579	2  33  27 
1581	2  16  28 
1581	2  32  46 
1577	6  48  41 
1579	6   7   1 
1583	2  16  28 
1583	2  45  48 
1583	2  20  13 
1585	2  17  38 
1585	6  34  20 
1587	2  14  16 
1589	2  31  15 
1589	2  10   4 
1585	6  35  28 
1591	2  35  38 
1591	2  20   5 
1591	2  14  16 
1593	2  37  23 
1593	2  20   5 
1593	2  32  46 
1593	6  18  10 
1595	2  35  38 
1595	2  20   5 
1597	2  45  48 
1593	6   8   0 
1597	6  12   5 
1599	2  24  36 
1599	2  33  27 
1601	2  25  30 
1599	6   3   1 
1603	2  39  26 
1603	2  14  16 
1605	2  22  10 
1605	2  39  26 
1607	2   5   3 
1607	2  31  15 
1607	2  34  26 
1607	6  47  46 
1609	2  17  29 
1609	2  34  26 
1611	2  22  10 
1611	2  34  26 
1609	6  44  38 
1613	2   5   3 
1613	6  25  16 
1615	2  35  44 
1615	2   5   3 
1617	2  45  48 
1619	2  37  23 
1619	2  32  41 
1617	6  11   3 
1621	2  24  36 
1619	6  14   8 
1623	2  17  29 
1623	2  48  33 
1625	2  16  30 
1625	2  25  27 
1625	6  21  14 
1627	2  37  23 
1627	2  32  41 
1629	2  24  36 
1625	6   3   1 
1629	6  34  20 
1631	2   1  14 
1631	2  11  24 
1633	2   1  14 
1633	2  37  46 
1633	6  24  10 
1635	2   1  14 
1635	2  39  34 
1637	2  39  34 
1635	6  44  36 
1639	2  22  24 
1639	2   4   1 
1639	2  48  33 
1641	2  31  15 
1641	2  11  10 
1641	6  36  28 
1643	2   4   1 
1643	2  25  27 
1645	2  11  10 
1645	2  25  27 
1641	6  47  40 
1643	6  45  44 
1647	2  16  30 
1647	2  28  21 
1647	2  48  33 
1647	6  12  11 
1649	2   2  23 
1649	2  39  34 
1651	2  22   9 
1651	2  32  41 
1649	6  44  43 
1653	2  16   8 
1653	2  28  21 
1653	2  33  34 
1653	6  25  18 
1655	2  22   9 
1655	2  33  34 
1657	2  37  46 
1657	2  16   8 
1657	2  28  21 
1657	2  33  34 
1657	6   4   3 
1659	2  40  25 
1659	2  16   8 
1661	2  24  36 
1661	6  21  15 
1663	2  40  25 
1663	2   3   1 
1665	2  24  36 
1667	2  17  29 
1665	6  46  45 
1669	2  30  29 
1669	2  16   8 
1669	6  32  19 
1671	2  30  29 
1671	2  16   8 
1673	2  30  29 
1673	2  16   8 
1665	6   5   4 
1669	6  43  35 
1671	6  10   3 
1675	2  32  38 
1675	2  21  35 
1675	6  19  13 
1677	2  32  38 
1677	2  21  35 
1679	2  32  38 
1679	2  22   9 
1681	2  32  19 
1681	2  21  35 
1681	2  37  45 
1681	6  16  10 
1683	2  32  19 
1683	2  37  29 
1685	2  40  25 
1685	2  37  29 
1681	6   7   1 
1687	2   2  23 
1687	6  45  43 
1689	2   2  23 
1691	2  32  19 
1691	6  21  16 
1693	2  32  26 
1695	2  32  26 
1691	6   4   3 
1693	6  43  35 
1697	2  18   2 
1693	6  46  45 
1697	6  31  23 
1699	2  18   2 
1701	2  18   2 
1697	6  15  14 
1697	6  33  27 
1699	6  45  43 
1703	2  15  23 
1703	2  40  25 
1703	6   4   2 
1705	2  15  23 
1705	2  40  25 
1707	2  15  23 
1707	2  40  25 
1709	2  24  36 
1709	6  34  20 
1711	2  36  21 
1711	2  39  31 
1713	2   7  28 
1713	2  39  31 
1711	6  17  16 
1715	2  36  21 
1715	2  39  31 
1715	6  20   4 
1717	2  35  14 
1719	2   7  28 
1717	6  47  45 
1721	2   2  15 
1721	2  32  26 
1721	6  18  11 
1723	2  47  34 
1723	2  35  14 
1725	2  47  34 
1725	2   2  15 
1725	2  37  29 
1727	2  33  17 
1727	2  36  21 
1729	2  24   9 
1729	2  47  34 
1729	6  43  29 
1731	2  33  17 
1733	2  24   9 
1733	2  26  27 
1733	6  46  41 
1735	2  16  29 
1735	2  26  27 
1737	2  16  29 
1737	2  26  27 
1733	6  12  11 
1739	2  16  29 
1739	6  41  26 
1741	2   7  28 
1743	2  35  14 
1739	6  11   3 
1739	6  39  38 
1745	2  26  18 
1745	2   2  15 
1745	6  38  35 
1747	2  26  18 
1747	2   4   2 
1749	2  26  18 
1749	2   4   2 
1747	6  14   7 
1751	2  13  26 
1751	2   4   2 
1751	6  46  30 
1753	2  13  26 
1755	2  13  26 
1753	6  10   2 
1757	2  31  15 
1757	6  34  26 
1759	2  16  30 
1759	2  28  21 
1761	2  16  30 
1761	2  28  21 
1757	6  13  12 
1757	6  47  46 
1759	6   3   1 
1763	2  18  23 
1763	2  28  21 
1765	2  18  23 
1763	6  46  38 
1767	2  33  17 
1765	6  14   8 
1769	2  18  23 
1769	2  34  33 
1765	6  36  35 
1771	2  24   9 
1771	2  34  33 
1771	6  19  11 
1773	2  16  30 
1773	2  34  33 
1775	2  37  23 
1771	6  21  14 
1775	6   9   8 
1777	2  25  40 
1779	2  30  21 
1777	6  12   4 
1781	2  32  24 
1781	6  29  15 
1783	2  25  40 
1785	2  32  24 
1783	6  11  10 
1787	2   1  15 
1787	2  25  40 
1777	6  27  20 
1783	6  20  13 
1787	6  37  29 
1789	2   1  15 
1789	2  32  24 
1789	2  40  41 
1791	2   1  15 
1791	2  40  41 
1789	6  20  11 
1793	2   1   7 
1793	2  31  37 
1793	2  40  41 
1793	6  22  15 
1795	2   1   7 
1795	2  31  37 
1795	2  33  20 
1797	2   1   7 
1797	2  33  20 
1797	6  43  35 
1799	2  10  15 
1799	2  33  20 
1801	2  10  15 
1801	2  41  33 
1799	6   1   0 
1803	2  10  15 
1803	2  41  33 
1801	6  27  20 
1805	2  17  38 
1805	6  35  21 
1807	2  10   2 
1807	2  41  33 
1809	2  17  38 
1809	6  41  27 
1811	2  22  21 
1811	2  10   2 
1813	2  16   4 
1811	6  46  32 
1815	2  22  21 
1815	2  10   2 
1817	2  32  18 
1817	2  29  23 
1817	6  15   8 
1819	2  32  18 
1819	2  29  23 
1821	2  30  35 
1815	6  34  27 
1817	6  46  45 
1817	6   3   2 
1821	6  33  19 
1823	2  36  15 
1825	2  36  15 
1823	6  48  46 
1827	2   8  11 
1827	2  30  35 
1829	2  33  39 
1829	2   8  11 
1829	6  44  35 
1831	2  33  39 
1831	2  16   4 
1833	2  33  39 
1833	2   8  11 
1835	2  39  47 
1835	2  36  15 
1835	2  11  27 
1837	2  46  33 
1837	2  22  21 
1837	2  13  10 
1839	2  39  47 
1839	2  16   4 
1839	6  34  20 
1841	2  39  47 
1841	2  21   0 
1843	2  17  38 
1843	6  21   7 
1845	2  46  33 
1845	2  13  10 
1847	2  46  33 
1847	2  13  10 
1845	6  43  36 
1849	2  47  34 
1849	2  17  14 
1851	2  39  36 
1851	2   7   0 
1851	6  19   3 
1853	2  39  36 
1853	2   7   0 
1855	2  39  36 
1857	2  33  46 
1857	2  22  30 
1857	6   3   0 
1859	2  47  34 
1859	2  31  28 
1861	2  33  46 
1861	2  29  21 
1863	2  47  34 
1863	2  36  24 
1863	6  12   4 
1865	2  33  46 
1865	2  22  30 
1867	2  44  46 
1867	2  25  16 
1867	2  29  21 
1869	2  32  18 
1869	2  45  43 
1869	2  22  30 
1869	6   8   2 
1871	2  38  37 
1871	2  23  18 
1873	2  19  32 
1873	2  45  43 
1873	2  29  21 
1875	2   2   4 
1875	2  36  24 
1875	6  39  33 
1877	2   2   4 
1877	2  36  24 
1879	2  17  14 
1881	2  12  33 
1881	2  38  37 
1883	2  31  28 
1883	2  11  27 
1885	2  44  46 
1885	2  25  16 
1887	2  12  33 
1887	2  38  37 
1889	2  23  18 
1889	2  44  46 
1891	2  19  32 
1891	2   2   4 
1891	2  45  43 
1891	6  30  22 
1893	2  11  27 
1895	2  12  33 
1895	2   7   2 
1897	2  31  28 
1897	2   3  11 
1897	6  26  19 
1899	2  36  30 
1899	2   3  11 
1901	2  10  22 
1897	6  47  46 
1903	2  17  14 
1903	2  40  27 
1903	6  37  30 
1905	2  25  16 
1905	2   3  11 
1907	2  26  32 
1907	2  14  28 
1907	2  24  17 
1907	6   9   3 
1909	2  23  18 
1909	2  14  28 
1911	2  18  31 
1911	2  14  28 
1905	6  47  41 
1911	6  46  44 
1913	2   3  19 
1913	2  14   0 
1915	2   3  19 
1915	2  14   0 
1917	2   3  19 
1917	2  29  45 
1919	2  21  16 
1919	2  47  38 
1919	6  27  25 
1921	2  36  37 
1921	2   7   2 
1923	2  21  16 
1923	2  47  38 
1919	6  12   4 
1925	2  23  32 
1925	2  36  37 
1925	2   7   2 
1925	6  34  27 
1927	2  18  31 
1927	2  14   0 
1929	2  10  22 
1929	2  47  38 
1931	2  40  25 
1931	6  36  15 
1933	2  40  25 
1931	6   5   3 
1931	6  27  20 
1935	6  39  33 
1937	2  20   5 
1937	2  36  44 
1937	2  24  17 
1939	2  20   5 
1939	2  36  44 
1939	2  21  16 
1941	2  19  33 
1941	2  36  44 
1941	2  24  17 
1941	6  14   2 
1943	2  19  33 
1945	2  20   5 
1945	2  39  36 
1947	2  19  33 
1947	2  29  45 
1947	6   6   5 
1949	2  39  36 
1949	2  11  17 
1951	2  23  32 
1949	6  34  27 
1953	2  39  36 
1953	2  11  17 
1949	6  21  14 
1947	6   8   0 
1955	2   6  27 
1955	2  10  22 
1955	6  44  39 
1957	2   6  27 
1959	2   6  27 
1957	6  24  22 
1961	6  33  19 
1963	2  29  45 
1965	2  44  28 
1961	6   6   5 
1963	6  16   8 
1967	2  19   4 
1967	2  41  33 
1967	2  36  21 
1967	2  38  45 
1969	2  19   4 
1969	2  41  33 
1969	2  44  28 
1969	6  16  15 
1971	2  18  31 
1971	2  41  33 
1973	2  19   4 
1973	2  40  37 
1975	2  23  32 
1975	2   4  10 
1975	2  41  27 
1975	6  44  35 
1977	2  25  16 
1979	2  33  18 
1977	6   5   3 
1981	2  25  16 
1981	2  38  45 
1981	2  35  28 
1981	6  34  20 
1983	2  22   9 
1983	2  38  45 
1985	2   4  10 
1985	2  36  21 
1983	6  32  24 
1987	2  41  27 
1987	2  22   9 
1987	6  45  43 
1989	2  33  18 
1991	2  11  17 
1991	2  41  27 
1989	6  31  30 
1993	2   4  10 
1989	6  28  21 
1993	6  46  34 
1995	2  36  28 
1997	2  22   9 
1993	6  25  18 
1993	6  13  12 
1999	2  31  26 
1999	2  45  46 
1999	2   9   2 
1999	2  35  28 
2001	2  13  34 
2001	2  45  46 
2001	2  15  36 
2001	6  10   3 
2003	2  31  26 
2003	2  45  46 
2003	2  35  28 
2005	2  13  34 
2005	2  15  36 
2007	2  31  26 
2007	2   9   2 
2007	2  35  28 
2007	6  46  44 
2009	2  13  34 
2009	2  23  10 
2011	2  23  10 
2011	2  33  25 
2009	6  28  14 
2013	2  24  45 
2013	2   9   2 
2011	6  20  12 
2015	2  44  28 
2015	2  47  32 
2015	6   8   3 
2017	2  44  28 
2017	2  47  32 
2019	2  40  37 
2017	6  27  20 
2021	2  24  45 
2021	6  21   8 
2023	2  39  27 
2025	2  39  27 
2021	6   5   3 
2023	6  23  17 
2027	2  39  27 
2027	6   7   2 
2029	2  26  39 
2031	2  26  39 
2027	6   6   5 
2029	6  30  24 
2033	2  27   6 
2033	6  14   9 
2035	2  27   6 
2035	2  30  45 
2037	2  27   6 
2037	2  23  30 
2037	6  45  38 
2039	2  18  16 
2041	2  17  10 
2041	2   6  20 
2041	2  23  30 
2041	6  35  14 
2043	2  47  32 
2043	2  17  10 
2043	2   6  20 
2043	2  23  30 
2045	2  26  39 
2045	2  17  10 
2045	6  12   4 
2047	2  44  28 
2047	2  39  47 
2047	2  17  10 
2049	2  40  37 
2049	2  28  21 
2049	6  17   2 
2051	2  44  43 
2051	2  39  47 
2051	2  28  21 
2051	2   6  20 
2053	2  44  43 
2053	2  39  47 
2053	2  28  21 
2053	6  34  26 
2055	2  44  43 
2055	2  39  30 
2057	2  15  36 
2053	6  20  13 
2057	6  47  40 
2059	2  17  26 
2059	2  44  35 
2061	2  17  26 
2061	2  44  35 
2055	6   4   3 
2059	6  13   6 
2063	2  17  26 
2063	2  44  35 
2059	6  15   8 
2063	6  41  40 
2065	2  12  27 
2065	2  21  23 
2067	2  25  38 
2065	6  36  35 
2069	2  32  11 
2067	6  23  22 
2071	2  12  27 
2071	6  40  38 
2073	2  12  27 
2073	2  21  22 
2075	2  12  10 
2075	2  21  22 
2075	6  26  25 
2077	2  38  23 
2077	2  12  10 
2079	2  38  23 
2079	2  12  10 
2077	6  36  28 
2081	2  26  40 
2081	6  31  16 
2083	2  26  40 
2085	2  27  41 
2083	6  35  28 
2087	2   3  16 
2087	2  33  31 
2087	6  19  18 
2089	2   3  16 
2089	2  33  31 
2091	2   3  16 
2091	2  33  31 
2089	6  44  35 
2093	2  17  16 
2093	2  13  26 
2093	6  39  31 
2095	2  17  16 
2095	2  27  41 
2097	2  17  16 
2097	2  13  26 
2093	6  22  21 
2093	6   4   3 
2095	6  44  37 
2099	2  32  11 
2101	2  38  23 
2101	2  27  41 
2101	2  12  10 
2103	2  32  11 
2105	2  39  40 
2105	2  28  16 
2105	2  13  26 
2107	2  38  36 
2107	2  23  17 
2107	6  34  13 
2109	2  31  30 
2111	2  28  16 
2113	2   4  13 
2113	2  39  40 
2113	2  23  17 
2113	6  34  26 
2115	2   4  13 
2115	2  38  36 
2115	2  23  17 
2117	2   4  13 
2117	2  31  30 
2117	2  39  40 
2117	6  17  15 
2119	2  38  36 
2121	2  38  40 
2119	6  20  19 
2123	2  25  17 
2123	2  23  22 
2123	2  38  40 
2121	6  43  36 
2125	2  24  19 
2123	6   7   2 
2127	2  24  19 
2125	6  45  40 
2129	2  24  19 
2129	6  15   7 
2131	2  40  19 
2133	2  25  17 
2133	2  38  45 
2131	6  36  30 
2135	2  40  19 
2135	6   8   3 
2137	2  25  17 
2137	2  23  22 
2139	2  40  19 
2139	2  23  22 
2135	6  45  44 
2141	2  45  24 
2141	6  21   8 
2143	2  45  24 
2145	2  45  24 
2141	6  34  20 
2147	2  45  24 
2147	6  20   4 
2149	2  45  24 
2151	2  45  24 
2147	6   9   8 
2153	2  19   3 
2153	2  39  45 
2153	6  29  23 
2155	2  19   3 
2155	2  39  45 
2157	2  19   3 
2157	2  39  45 
2153	6  14   8 
2159	2  18  23 
2159	6  41  39 
2161	2  18  23 
2163	2  18  23 
2159	6  21  14 
2159	6   8   2 
2159	6  44  36 
2165	2  34  18 
2165	2  45  29 
2167	2  34  18 
2167	2  45  29 
2169	2  34  18 
2169	2  45  29 
2171	2  18   2 
2171	6  40  37 
2173	2  17   8 
2175	2  18   2 
2175	6  22  15 
2177	2  13  34 
2179	2  13  34 
2177	6  17   9 
2181	2  22  37 
2181	2  13  34 
2177	6  47  46 
2183	2  30  25 
2183	2   9   8 
2183	6  46  45 
2185	2  30  25 
2185	2   9   8 
2187	2  28  16 
2187	2  13  34 
2189	2  22  37 
2189	2  18   2 
2191	2  22  37 
2191	2  40  26 
2191	2   3   2 
2193	2  30  25 
2193	2  28  35 
2193	2   4   9 
2195	2  16  31 
2195	2  40  26 
2195	2  28  35 
2195	2   3   2 
2197	2  19  17 
2197	2  30  39 
2197	2  28  35 
2197	2   3   2 
2199	2  18  27 
2199	2  30  39 
2199	6  14   2 
2201	2  18  27 
2201	2  30  39 
2203	2  13  34 
2203	2  39  38 
2203	6  30  23 
2205	2  12  10 
2205	2  39  38 
2207	2   4   9 
2207	2  40  26 
2203	6  36  35 
2209	2  45  30 
2209	2  19  17 
2209	6  35  21 
2211	2  45  30 
2211	2  12  10 
2213	2  45  30 
2213	2   4   9 
2211	6  33  25 
2215	2  12   3 
2215	2  21  14 
2215	2  39  38 
2215	6  35  29 
2217	2  25  11 
2217	2  21  14 
2219	2  25  11 
2219	2  21  14 
2217	6  45  39 
2221	2  25  11 
2217	6  20   6 
2221	6  22   7 
2223	2  19  17 
2225	2  18  27 
2223	6   6   5 
2227	2  32  29 
2227	6  27  20 
2229	2  32  29 
2231	2  32  29 
2227	6   9   7 
2229	6  12   5 
2233	2  27  39 
2233	2  10  15 
2233	6  30  24 
2235	2  27  39 
2235	2   5   3 
2237	2  27  39 
2237	2  10  15 
2233	6  43  36 
2239	2  12  24 
2239	6  28   7 
2241	2  12  24 
2243	2  12  24 
2239	6  33  27 
2239	6  47  46 
2245	2  11  27 
2245	2  44  29 
2245	6  15   8 
2247	2  37  32 
2247	2   5   3 
2249	2  24  36 
2249	2  13  34 
2251	2  22  25 
2251	6   4   2 
2253	2  22  25 
2255	2  37  32 
2251	6  20  13 
2251	6  41  34 
2255	6  17  15 
2257	2  37  32 
2259	2  40  41 
2261	2  16  31 
2261	2  19  34 
2261	6   7   1 
2263	2  11  27 
2263	2  44  29 
2265	2  24  36 
2265	2  40  41 
2267	2  16  31 
2267	2  19  34 
2267	6   3   1 
2269	2  22  25 
2269	2  40  41 
2271	2  44  29 
2271	2  20  25 
2271	6  41  40 
2273	2  24  36 
2275	2  16   2 
2275	2  28  36 
2275	2  20  25 
2277	2  11  27 
2277	2  28  36 
2277	6   8   2 
2279	2  27  24 
2279	2  28  36 
2281	2  18  31 
2281	6  36  22 
2283	2   3  11 
2283	2  20  25 
2285	2   3  11 
2285	6  39  25 
2287	2  16   8 
2287	2   3  11 
2289	2  16   8 
2287	6  37  36 
2291	2  17  25 
2291	2   8  21 
2285	6  34  20 
2291	2  19  20 
2291	2  34  41 
2293	2  17  25 
2293	2   8  21 
2293	2  34  41 
2293	6  13   4 
2295	2  17  25 
2295	2   8  21 
2295	2  34  41 
2297	2  25  37 
2297	2  22  16 
2299	2   4  17 
2299	6  39  34 
2301	2   4  17 
2303	2   4  17 
2299	6  21  15 
2299	6  36  35 
2305	2  32  29 
2305	2  10   2 
2307	2  26  23 
2307	6   6   4 
2309	2  27  24 
2311	2  25  37 
2311	2  22  16 
2313	2  18  31 
2313	2  22  16 
2313	6  13   6 
2315	2  32  29 
2315	2  11   2 
2317	2  26  23 
2319	2  27  24 
2319	6  44  36 
2321	2  18  31 
2323	2  17   5 
2325	2  25  37 
2321	6  22  14 
2325	6   9   4 
2327	2  32  29 
2329	2  27  32 
2329	2  44  37 
2331	2  26  23 
2333	2  31  10 
2335	2  25  20 
2335	2  44  37 
2335	6   9   8 
2337	2  34  13 
2337	2  38  23 
2339	2  24  40 
2339	2  44  37 
2339	6  12   4 
2341	2  27  32 
2343	2  24  40 
2339	6  29  21 
2341	6  44  37 
2345	2  33  12 
2345	6  29  23 
2347	2  33  12 
2349	2  33  12 
2347	6  45  43 
2351	2  18  19 
2351	6   9   4 
2353	2  26  47 
2355	2  25  20 
2353	6  35  21 
2357	2  31  10 
2359	2  30   9 
2359	2  34  13 
2359	6  46  45 
2361	2  30   9 
2361	2  18  19 
2363	2  30   9 
2363	2  34  13 
2365	2  21   9 
2365	2  36  30 
2365	2  26  47 
2367	2  21   9 
2367	2  36  30 
2367	2  27  32 
2367	6  13  12 
2369	2  21   9 
2369	2  36  30 
2371	2  30  21 
2369	6  46  34 
2373	2  22  36 
2373	2  11   2 
2375	2  13  34 
2375	2  30  21 
2375	6   3   1 
2377	2  13  34 
2377	2  22  36 
2379	2  13  34 
2379	2  38  29 
2381	2  17   5 
2381	2  38  29 
2381	6  34  27 
2383	2  31  10 
2385	2  17   5 
2385	2  37  39 
2387	2  30  21 
2387	2  11   2 
2387	6  45  43 
2389	2  25  20 
2389	2  11   4 
2391	2  18  19 
2391	2  14   2 
2389	6  30  23 
2393	2  26  47 
2393	2  11   4 
2393	6  14   9 
2395	2  33  30 
2395	2  11   4 
2397	2  33  30 
2395	6  20  13 
2399	2  33  30 
2399	2   9   2 
2397	6  11   4 
2401	2  35  30 
2401	2  47  46 
2401	2   9   2 
2401	6  33  20 
2403	2  14  28 
2403	2  47  46 
2403	2   4   2 
2405	2  35  30 
2405	2  47  46 
2405	2   4   2 
2407	2  45  33 
2407	2  14  28 
2407	2   4   2 
2407	6  20  13 
2409	2  45  33 
2409	2  14  28 
2411	2  35  30 
2409	6   2   1 
2413	2  22  36 
2413	2  26   5 
2415	2  24  40 
2415	2  28  29 
2415	6  12   3 
2417	2  45  33 
2417	2  30  36 
2419	2  22  31 
2419	2  34  40 
2419	6  45  44 
2421	2  12  27 
2421	2  24  21 
2423	2  12  27 
2423	2  22  31 
2421	6   3   2 
2425	2  12  27 
2425	2  30  36 
2425	6  46  32 
2427	2  27  41 
2427	2  28  29 
2429	2  27  41 
2429	2  30  36 
2425	6  14   8 
2427	6  12   3 
2431	2  33  45 
2431	2  28  29 
2433	2  13  12 
2433	2  17  38 
2433	2  27  41 
2433	6  35  28 
2435	2  13  12 
2435	2  16  25 
2435	2  34  40 
2437	2  13  12 
2437	2  23   2 
2437	2  33  45 
2439	2  12   3 
2439	2  24  21 
2439	2  34  40 
2441	2  18  15 
2441	2  37  39 
2441	6  41  34 
2443	2  17  38 
2445	2  16  25 
2443	6  20  13 
2447	2  23   2 
2447	2  33  45 
2449	2  12   3 
2449	2  22  31 
2449	2  47  40 
2445	6  36  35 
2451	2  18  15 
2451	2  37  39 
2453	2  26   5 
2453	2  29  45 
2453	6   8   2 
2455	2  26   5 
2455	2  29  45 
2457	2  47  40 
2457	6  31  28 
2459	2  12   3 
2459	2  47  40 
2461	2  47  40 
2461	6   5   2 
2463	2  29  45 
2465	2  47  40 
2461	6  27  20 
2465	6  44  30 
2467	2  19   5 
2467	2  47  40 
2469	2  19   5 
2465	6  35  28 
2467	6  15   2 
2471	2  19   5 
2469	6  46  40 
2473	2  16  25 
2473	6   5   3 
2475	2  27  40 
2475	2  23   8 
2477	2  27  40 
2477	2  24  21 
2471	6  37  36 
2477	6  45  44 
2479	2  27  40 
2479	2  16   9 
2481	2  18   2 
2479	6  28  14 
2483	2  17  38 
2479	6  13   5 
2485	2  34  13 
2485	2  15  14 
2485	2   2   3 
2485	6  31  17 
2487	2  34  13 
2487	2  15  14 
2487	2   2   3 
2489	2  34  13 
2489	2  15  14 
2489	2   2   3 
2485	6  35  28 
2491	2  17   5 
2491	2  45  40 
2491	6  28   7 
2493	2  17   5 
2493	2  45  40 
2495	2  17   5 
2495	2  45  40 
2497	2  17  22 
2497	2   4   3 
2497	6  41  38 
2499	2  18  20 
2499	2  16   9 
2499	2   4   3 
2501	2  17  22 
2501	2   4   3 
2497	6   7   1 
2503	2  38  37 
2503	2  33  19 
2503	2  16   9 
2503	6   5   4 
2505	2  25  31 
2507	2  24  27 
2503	6  21   7 
2505	6  45  36 
2509	2   4   1 
2509	2  25  31 
2509	6  23  22 
2511	2   4   1 
2511	2  38  37 
2513	2  33  19 
2513	2  38  37 
2513	6   9   7 
2515	2  18  20 
2515	2  37  38 
2517	2  25  31 
2515	6  22  21 
2519	2   9  12 
2519	2  37  38 
2521	2   9  12 
2521	2  37  38 
2523	2  24  27 
2523	2  14   2 
2523	6  44  37 
2525	2   4   1 
2527	2  17  23 
2527	2  33  19 
2527	2  14   2 
2529	2   9  12 
2529	6  45  40 
2531	2  18  20 
2531	2  14   2 
2533	2  15  17 
2529	6  30  29 
2533	6  13   4 
2535	2  40  26 
2535	2  15  17 
2537	2  40  26 
2537	2  15  17 
2535	6  37  31 
2539	2  40  26 
2539	2   4   9 
2541	2  24  27 
2543	2  25  18 
2543	2   4   9 
2541	6  40  39 
2545	2  25  18 
2545	2   4   9 
2543	6  29  22 
2547	2  26  33 
2547	6  17   8 
2549	2  26  33 
2551	2  26  33 
2547	6  39  31 
2543	6  20  13 
2549	6  12   4 
2553	2  32  17 
2553	6  41  27 
2555	2  22  10 
2557	2  22  10 
2555	6  45  38 
2559	2  22  10 
2559	6  40  26 
2561	2  22  21 
2563	2  22  21 
2561	6  13  11 
2565	2  22  21 
2561	6  30  24 
2561	6   7   2 
2565	6  41  39 
2567	2  13  26 
2569	2  13  26 
2567	6  21   9 
2571	2  13  26 
2571	6  46  40 
2573	2  11  24 
2575	2  16  31 
2573	6  14   7 
2577	2  32  17 
2573	6  27  20 
2577	6  30  29 
2579	2  32  17 
2579	2  41  27 
2581	2   1  17 
2581	2  34  13 
2583	2   9   4 
2583	2  32  38 
2583	2  41  27 
2583	6  28  14 
2585	2  34  13 
2585	2  25  18 
2587	2  11  24 
2587	2  41  27 
2589	2  30  39 
2589	2   9   4 
2589	6  26  18 
2591	2  22  37 
2593	2  16  31 
2589	6  20  13 
2593	6  43  28 
2595	2  10  13 
2595	2  32  38 
2597	2  10  13 
2597	2  32  38 
2593	6  14   7 
2599	2  10  13 
2599	2  30  39 
2599	6  15  14 
2601	2  18   2 
2601	2  30  39 
2603	2  18   2 
2603	2  38  43 
2605	2   1  17 
2605	2  34  20 
2605	2  38  43 
2607	2  22  37 
2607	2  18   2 
2607	6  40  34 
2609	2   1  17 
2609	2  38  43 
2611	2  11  24 
2611	2   8   1 
2611	6  45  38 
2613	2   9   4 
2613	2  26  41 
2615	2  11   3 
2615	2   8   1 
2615	2  26  41 
2613	6  24  23 
2617	2  11   3 
2617	2   8   1 
2617	2  26  41 
2617	6  45  36 
2619	2  24  19 
2621	2  24  19 
2619	6  10   9 
2623	2  24  19 
2619	6   5   4 
2619	6   7   1 
2623	6  45  40 
2625	2  17  25 
2627	2  17  25 
2623	6  29  21 
2625	6  27  13 
2629	2  21   9 
2629	6  44  36 
2631	2  40  27 
2631	2  21   9 
2633	2  40  27 
2633	2  21   9 
2629	6  25  18 
2631	6  13   5 
2635	2  16  31 
2635	6  40  26 
2637	2  22  37 
2637	2  11   3 
2639	2  37  31 
2639	2   4   9 
2639	2  29  22 
2639	6  14   7 
2641	2  26  27 
2641	2  30  46 
2641	2   4   9 
2643	2  38  25 
2643	2  29  22 
2643	2   4   9 
2645	2  13  34 
2645	2  36  21 
2645	2  17  18 
2645	6   4   3 
2647	2  20  32 
2647	2  36  21 
2649	2  37  31 
2649	2  13  34 
2649	2  29  22 
2645	6   7   1 
2651	2  12  27 
2651	2  30  46 
2651	6   8   1 
2653	2  38  25 
2655	2  12  27 
2655	2  37  31 
2653	6  23  16 
2657	2  20  32 
2657	2  36  21 
2657	2   1   3 
2659	2  19  16 
2659	6  45  37 
2661	2  19  16 
2663	2  13  34 
2663	2  17  22 
2663	6   8   2 
2665	2  23  37 
2665	2  12  27 
2667	2  23  37 
2667	2  18  11 
2665	6  47  40 
2669	2  23  37 
2669	2   4  13 
2669	6  28  14 
2671	2  40  24 
2671	2   1   3 
2673	2  40  24 
2673	2   4  13 
2675	2  38  25 
2675	2   1   3 
2677	2  20  32 
2677	6  15   2 
2679	2  45  47 
2679	2  18  11 
2681	2  45  47 
2681	2  18  11 
2679	6  32  27 
2683	2   5   2 
2683	2  21  23 
2683	2  45  47 
2685	2   5   2 
2685	2  30  46 
2685	6  26  25 
2687	2   5   2 
2687	2  30  36 
2689	2  30  36 
2689	2   4  13 
2687	6  46  41 
2691	2  19  16 
2693	2  40  24 
2693	6   5   2 
2695	2  46  37 
2697	2  32  29 
2697	6  45  44 
2699	2  12   9 
2699	2  30  36 
2701	2   5  20 
2701	2  17  22 
2701	6   2   1 
2703	2  40  45 
2703	2  19  26 
2703	2  21  23 
2705	2  31  28 
2705	2   5  20 
2705	6  16  15 
2707	2  46  37 
2707	2  19  26 
2709	2  40  45 
2709	2   5  20 
2709	6  30  28 
2711	2  12   9 
2711	2  40  45 
2713	2  12   9 
2713	6  45  44 
2715	2  16  25 
2717	2  16  25 
2715	6  12   5 
2719	2  16  25 
2719	2  46  37 
2721	2  27  25 
2721	2   3   5 
2721	6  16   8 
2723	2  27  25 
2723	2   3   5 
2725	2  31  30 
2725	2  19  26 
2725	2   3   5 
2721	6  45  39 
2727	2  32  29 
2727	6  20  11 
2729	2  21  23 
2731	2  32  29 
2727	6   9   1 
2733	2   9  24 
2733	2  29  37 
2733	6  46  34 
2735	2   9  24 
2735	2  29  37 
2737	2   9  24 
2737	2  29  37 
2733	6  13  12 
2739	2  17  22 
2739	2  13  34 
2739	6  45  37 
2741	2  27  25 
2743	2  17  22 
2743	2  13  34 
2745	2  16  37 
2745	2  13  34 
2747	2  16  37 
2747	6  33  20 
2749	2  16  37 
2751	2  31  30 
2751	6  21   8 
2753	2  39  33 
2753	2  18  19 
2753	2  44  30 
2755	2  23  31 
2755	2  18  19 
2751	6  10   4 
2755	6  45  43 
2757	2   4  20 
2757	2  23  31 
2759	2   4  20 
2759	2  23  31 
2757	6   9   8 
2761	2   4  20 
2761	2  21  37 
2763	2  21  37 
2763	2   2  11 
2763	6  34  20 
2765	2  21  37 
2765	2   2  11 
2767	2  17  22 
2767	6  47  45 
2769	2  24  27 
2771	2  24  27 
2767	6   5   4 
2769	6  36  21 
2773	2  34  47 
2773	2   2  11 
2773	6  23  16 
2775	2  34  47 
2775	2  18  19 
2777	2  34  47 
2773	6  38  31 
2775	6  13   5 
2779	2  31  15 
2775	6  44  36 
2775	6  10   2 
2781	2  31  15 
2779	6  41  34 
2783	2  31  15 
2779	6  26  19 
2785	2  34  13 
2785	2  28  15 
2785	6  46  38 
2787	2  34  13 
2787	2  28  15 
2789	2  34  13 
2789	2  17  22 
2785	6   2   1 
2791	2  38  23 
2791	6  41  26 
2793	2  38  23 
2795	2  38  23 
2791	6   4   2 
2791	6  21  14 
2797	2  47  44 
2797	2  28  15 
2797	6  26  12 
2799	2  47  44 
2801	2  36  30 
2797	6   2   1 
2799	6  15  14 
2803	2  26  31 
2803	2  12   4 
2801	6  46  45 
2805	2  32  23 
2805	2  12   4 
2803	6  10   9 
2807	2  40  25 
2807	2  12   4 
2807	2  36  30 
2809	2  46  34 
2809	2  11  16 
2805	6  28  21 
2809	6  43  36 
2811	2  19  10 
2811	2  39  33 
2813	2  26  31 
2811	6  15   8 
2815	2  40  25 
2813	6  13   5 
2817	2  46  34 
2817	2  29  17 
2817	6   8   2 
2819	2  32  23 
2821	2  39  33 
2821	2  29  17 
2819	6  20  13 
2823	2  47  44 
2823	2  22   9 
2825	2   2   5 
2825	2  26  31 
2825	2  44  43 
2825	6  22  15 
2827	2  19  10 
2827	2  44  43 
2829	2   2   5 
2829	2  40  25 
2829	2  44  43 
2827	6  38  30 
2831	2  19  10 
2831	6  15   8 
2833	2  24  27 
2835	2  46  34 
2833	6   5   3 
2837	2  22  37 
2837	2  26  34 
2839	2  15  30 
2839	2   2   3 
2839	2  19   5 
2839	6  47  41 
2841	2  22  37 
2841	2  25  12 
2841	2   8   9 
2843	2  15  30 
2843	2  19   5 
2843	6  10   2 
2845	2  22  37 
2845	2  41  20 
2847	2  32  23 
2847	2  19   5 
2847	6  45  37 
2849	2   1   2 
2849	2  32  40 
2849	2  11  16 
2851	2  41  20 
2851	2   1   2 
2851	6  22  17 
2853	2  33  38 
2853	2   1   2 
2855	2  46  45 
2855	2  26  34 
2853	6  13   5 
2857	2  15  30 
2857	2  46  45 
2857	2  32  40 
2857	6  27  18 
2859	2  23  37 
2859	2   8   9 
2859	2  32  40 
2861	2  14  15 
2861	2  46  45 
2861	6  36  30 
2863	2  39  27 
2863	2  17   5 
2865	2  39  27 
2865	2  17   5 
2867	2   3  24 
2867	2  14  15 
2867	6  45  36 
2869	2   3  24 
2869	2  14  15 
2871	2  25  12 
2871	6  21  15 
2873	2  47  45 
2873	2  26  34 
2875	2  33  38 
2873	6  17   4 
2877	2  47  45 
2877	2  29  22 
2879	2  31  10 
2881	2  18  15 
2881	2  47  45 
2883	2  17  30 
2883	2   4   5 
2883	2  41  20 
2885	2  31  10 
2887	2  23  37 
2889	2  18  15 
2891	2  17  30 
2893	2  39  27 
2893	2  11  16 
2895	2  33  38 
2897	2   3  24 
2899	2  31  10 
2901	2  23  37 
2903	2  25  12 
2905	2  18  15 
2907	2  17  30 
