   1	2  11  27 
   1	2  43  38 
   1	2  22   7 
   1	6  48  47 
   3	2  13   5 
   3	2  18   2 
   3	2  45  30 
   3	2  21  15 
   5	2  31  29 
   5	2  19  34 
   5	2  10   4 
   7	2  47  44 
   7	2  11  27 
   7	2  22   7 
   9	2  43  38 
   9	2  13   5 
   9	2  18   2 
   9	2  21  15 
   9	6  41  33 
  11	2  31  29 
  11	2  10   4 
  13	2  45  30 
  13	2  13   5 
  13	2  18   2 
  13	2  21  15 
  15	2  19  34 
  15	2  43  38 
  15	2  22   7 
  15	2  10   4 
  17	2  47  44 
  17	2  11  27 
  17	6  24  16 
  19	2  19  34 
  21	2  47  44 
  17	6   7   1 
  17	6  35  28 
  19	6  10   3 
  23	2  31  29 
  21	6  12   6 
  25	2  16   7 
  21	6  27  26 
  23	6  48  47 
  27	2  16   7 
  27	2   5   3 
  23	6  44  43 
  25	6  38  30 
  29	2  16   7 
  29	2   5   3 
  25	6  28  21 
  27	6  33  25 
  31	2  45  38 
  31	2   5   3 
  27	6  20  19 
  31	6  36  23 
  31	6  21  14 
  33	6  47  45 
  37	2  25   9 
  33	6  12   4 
  37	6  22  14 
  39	2  45  36 
  39	2  25   9 
  41	2  45  36 
  41	2  25   9 
  39	6  47  41 
  43	2  45  36 
  43	6  26  10 
  45	2  36  28 
  47	2  36  28 
  43	6  23  22 
  45	6  46  38 
  49	2  18  34 
  49	2  36  28 
  43	6  14   7 
  49	6   9   1 
  51	2  40  26 
  53	2  24  38 
  53	2  20  41 
  51	6  22  14 
  55	2  40  26 
  55	2  11   9 
  51	6  43  35 
  57	2  24  38 
  57	2  11   9 
  57	6  33  20 
  59	2  24  38 
  59	2  11   9 
  61	2  38  46 
  61	2  15  10 
  57	6  35  29 
  63	2  40  26 
  63	2  30  16 
  61	6  44  43 
  65	2  40  31 
  65	2  15  10 
  67	2  39  44 
  67	2  24  22 
  65	6  19  12 
  69	2  39  44 
  69	2  24  22 
  67	6   9   1 
  71	2  39  44 
  71	2  24  22 
  67	6   4   3 
  73	2  18  34 
  73	2  38  46 
  73	6  14   1 
  75	2  40  31 
  77	2  33  41 
  77	2  38  46 
  73	6  13   5 
  73	6  36  29 
  77	6  23  17 
  79	2   3   1 
  79	2  33  41 
  81	2   3   1 
  79	6  45  36 
  83	2  12  17 
  81	6  32  26 
  85	2  12  17 
  81	6  48  41 
  83	6   2   1 
  87	2  12  17 
  83	6  14   7 
  85	6  43  37 
  89	2   3   2 
  89	2  18  34 
  85	6  29  22 
  85	6  46  45 
  91	2  14  17 
  91	6  46  34 
  93	2   2   5 
  95	2  14  17 
  91	6  36  29 
  95	6  13  12 
  97	2  32  34 
  97	2  15  10 
  99	2  32  34 
  97	6  48  47 
 101	2  30  16 
  97	6  45  44 
  99	6   3   1 
 103	2  40  31 
 101	6  27  13 
 105	2  14  17 
 105	2  46  38 
 107	2  27  41 
 107	2   2   5 
 107	2  46  38 
 107	6  29  14 
 109	2  27  41 
 109	2   2   5 
 109	2  46  38 
 111	2  32  34 
 111	2  17   2 
 111	6  13   5 
 113	2   1  14 
 113	2  27  41 
 115	2   1  14 
 111	6  46  45 
 113	6  24  16 
 117	2   1  14 
 117	2  34  13 
 113	6  36  28 
 119	2  46  25 
 119	6  22   9 
 121	2  46  25 
 123	2  46  25 
 119	6  37  36 
 125	2  30  24 
 125	2  34  13 
 125	6  21   7 
 127	2  10  31 
 129	2  17   2 
 129	2  34  13 
 129	6  46  37 
 131	2  12   9 
 133	2  15  18 
 135	2  37  21 
 135	2  17   2 
 135	6  34  13 
 137	2  37  21 
 139	2  37  21 
 135	6  47  46 
 137	6  17   1 
 141	2  41  47 
 141	6  45  36 
 143	2  17  25 
 143	2  41  47 
 145	2  12   9 
 145	2  41  47 
 147	2  30  33 
 147	6  11   2 
 149	2  30  33 
 151	2  30  33 
 147	6  46  45 
 147	6  20  13 
 153	2  24  45 
 153	6  41  27 
 155	2  24  45 
 157	2  17  25 
 153	6   8   3 
 157	6  45  29 
 159	2  12   9 
 161	2  17  25 
 161	6  12   3 
 163	2  40  45 
 163	2  24  29 
 165	2  40  45 
 165	6  35  23 
 167	2  12  26 
 169	2  12  26 
 167	6  46  40 
 171	2  12  26 
 171	2   9   1 
 171	6  30  28 
 173	2  40  19 
 173	2   9   1 
 175	2  40  19 
 175	2   9   1 
 177	2  40  19 
 177	6  16   8 
 179	2  46  45 
 179	2  11  27 
 181	2  11  27 
 177	6  29  22 
 181	6  44  39 
 183	2  15  18 
 185	2  15  18 
 183	6   3   2 
 187	2  29  44 
 187	2  18  33 
 189	2  29  44 
 189	2   3  19 
 189	6  32  24 
 191	2  29  44 
 191	2   3  19 
 193	2  44  29 
 193	2   3  19 
 195	2  44  29 
 195	2  20  32 
 195	6  17  16 
 197	2  44  29 
 197	2  20  32 
 199	2  46  44 
 187	6  14   8 
 195	6   8   2 
 199	6  26  12 
 201	2  36  15 
 203	2  22  16 
 203	2  46  44 
 201	6   3   2 
 205	2  12  17 
 205	2  46  44 
 205	6  29  14 
 207	2  12  17 
 209	2  12  17 
 205	6  32  26 
 205	6  41  34 
 211	2  32  23 
 211	2   3  12 
 211	6  14   8 
 213	2  32  23 
 213	2   3  12 
 215	2  32  23 
 215	2   3  12 
 211	6  45  37 
 211	6  47  41 
 217	2  29  32 
 217	2   3   8 
 219	2  10  31 
 217	6  27  20 
 221	2  29  32 
 221	2   3   8 
 223	2  10  31 
 223	2  27  26 
 223	6  28  14 
 225	2  38  31 
 225	2  18  33 
 227	2  45  47 
 227	2  11  20 
 227	6  32  23 
 229	2  45  47 
 231	2  45  47 
 229	6  20   4 
 233	2  29  23 
 233	2  38  31 
 233	6  46  40 
 235	2  23  10 
 237	2  23  10 
 235	6  26  20 
 239	2  30  46 
 239	2   3   8 
 241	2  26  24 
 241	2   3   4 
 241	6  36  21 
 243	2  32  34 
 243	2   3   4 
 245	2  26  24 
 245	2   3   4 
 247	2  30  46 
 247	2  21  15 
 247	6  26  18 
 249	2  30  46 
 249	2  21  15 
 251	2  22  16 
 251	2  38  31 
 251	6  44  36 
 253	2  32  34 
 253	2  23  10 
 255	2  18  24 
 255	2  26  33 
 251	6   8   1 
 257	2  32  34 
 257	2  22  16 
 255	6  10   3 
 259	2  46  44 
 259	2  24  30 
 259	2  41  34 
 259	6  21   8 
 261	2  32  19 
 261	2  41  34 
 263	2  46  44 
 263	2  24  30 
 263	2  41  34 
 265	2  18   2 
 265	2  46  44 
 265	2  33  34 
 265	6  35  21 
 267	2  18   2 
 267	2  33  34 
 269	2  32  19 
 269	2   8   3 
 267	6  47  46 
 271	2  24  30 
 271	2  44  35 
 271	2   8   3 
 271	2  33  34 
 273	2  18   2 
 273	2  38  30 
 273	6  47  34 
 275	2  23  11 
 275	2  44  35 
 277	2  15  31 
 279	2  32  19 
 279	2   8   3 
 279	2  44  35 
 281	2  20  34 
 281	2  45  24 
 281	6  14   2 
 283	2  40  26 
 283	2  38  30 
 285	2  20  34 
 285	2  45  24 
 287	2  23  11 
 287	6  46  43 
 289	2  23  11 
 291	2  20  34 
 287	6  14   8 
 291	6  25  23 
 291	6   5   3 
 293	6  37  36 
 297	2  40  26 
 297	6   4   2 
 299	2  29  23 
 299	2  40  26 
 301	2  29  23 
 299	6  38  37 
 303	2  12   4 
 303	2  29  23 
 301	6  27  25 
 305	2  12   4 
 305	2  43  22 
 301	6  41  40 
 307	2  12   4 
 307	2  43  22 
 303	6  10   9 
 307	6  39  25 
 309	2  43  22 
 311	2  37  30 
 309	6  20   5 
 313	2  17  25 
 313	2  30  14 
 315	2  17  25 
 315	2  30  14 
 315	6  12   4 
 317	2  17  25 
 317	2  30  14 
 319	2  15  31 
 321	2  15  31 
 321	2   5  11 
 323	2  45  24 
 323	6  19  12 
 325	2  15  31 
 327	2  15  31 
 323	6   4   3 
 325	6  44  43 
 329	2  32  19 
 329	6  23   9 
 331	2  32  19 
 333	2  32  19 
 329	6  28  14 
 325	6  47  46 
 331	6  46  45 
 335	2  17  14 
 335	2  20  33 
 335	6   2   1 
 337	2  17  14 
 337	2  20  33 
 339	2  17  14 
 339	2  20  33 
 335	6  36  29 
 341	2   9   3 
 341	2  39  36 
 343	2   8  14 
 343	2  39  36 
 343	2   5  11 
 341	6  34  27 
 345	2  17   2 
 345	2  39  36 
 347	2   9   3 
 347	2  44  32 
 347	6  27  19 
 349	2   8  14 
 349	2  23  37 
 351	2  17   2 
 347	6  47  41 
 351	6  45  36 
 353	2   9   3 
 355	2   8  14 
 355	2   5  11 
 353	6  40  26 
 357	2  17   2 
 357	6  43  28 
 359	2  40  39 
 361	2  40  39 
 359	6  19  16 
 363	2  45  47 
 363	6  28  21 
 365	2  26  19 
 365	2  16   2 
 365	2  45  47 
 367	2  26  19 
 367	2  16   2 
 367	2  40  39 
 365	6  36  30 
 369	2  26  19 
 369	2  14   1 
 369	2  45  47 
 369	6  11   3 
 371	2   8  22 
 371	2  26  34 
 373	2  14   1 
 373	2  44  32 
 373	6  29  23 
 375	2  19  11 
 375	2  14   1 
 375	2  44  32 
 377	2  19  11 
 377	6  40  38 
 379	2  23  25 
 381	2  23  25 
 377	6  14   8 
 379	6  12  10 
 383	2  23  25 
 383	6  44  38 
 385	2  25  12 
 385	2  21   9 
 387	2  10  23 
 387	2  26  34 
 383	6  47  46 
 389	2  25  12 
 389	2  14  22 
 389	6  37  35 
 391	2  25  12 
 391	2  14  22 
 393	2  27  25 
 393	2  16   2 
 389	6  47  41 
 395	2  10  23 
 395	2  26  34 
 395	6  44  42 
 397	2  10  23 
 399	2  21   9 
 399	2  27  25 
 401	2  37  23 
 401	2  19  11 
 401	6  40  34 
 403	2  17  30 
 405	2  37  23 
 401	6   3   2 
 403	6  20  12 
 407	2  17  30 
 401	6  14   8 
 407	6   8   2 
 409	2  18  34 
 409	2  29  35 
 411	2  18  34 
 411	2  29  35 
 407	6  45  44 
 413	2  18  34 
 413	2  35  36 
 413	6  14   8 
 415	2  20  41 
 415	2  37  23 
 417	2  10  18 
 417	2  37  40 
 415	6   5   4 
 419	2  20  41 
 419	2  17  30 
 421	2  10  18 
 421	2  15  31 
 421	2  35  36 
 423	2  20  41 
 423	2  21   9 
 425	2  10  18 
 425	2  43  30 
 425	2  41  46 
 425	2  14  15 
 425	6  20   5 
 427	2  23  16 
 427	2  41  46 
 427	2  35  36 
 429	2  21  42 
 429	2  41  46 
 429	6  32  24 
 431	2   5   2 
 431	2  22  29 
 433	2   4  10 
 433	2  21  42 
 431	6  47  41 
 435	2  27  25 
 435	2  43  30 
 435	2   5   2 
 435	2  14  15 
 437	2  32  34 
 437	2  23  16 
 437	2   4  10 
 437	6  47  45 
 439	2  32  34 
 439	2  22  29 
 439	2   5   2 
 441	2  32  34 
 441	2  23  16 
 441	2   4  10 
 441	6  36  21 
 443	2  11  24 
 445	2  39  25 
 441	6   2   1 
 443	6  34  20 
 447	2  11  24 
 447	2  36  42 
 447	2  14  15 
 449	2  31  18 
 449	2  22  29 
 449	6  16   8 
 451	2  37  40 
 453	2  31  18 
 449	6   4   3 
 449	6  20  13 
 451	6  21  14 
 455	2  39  25 
 455	2  43  30 
 455	6  13   4 
 457	2  37  40 
 459	2  39  25 
 455	6   8   1 
 459	6  44  29 
 461	2   2   4 
 463	2   2   4 
 461	6  32  19 
 465	2   2   4 
 465	2  23  21 
 465	6  45  43 
 467	2  12  19 
 467	2  23  21 
 469	2  12  19 
 469	2  23  21 
 467	6   8   3 
 471	2  32  38 
 471	2  12  19 
 471	2  42  43 
 471	6  29  23 
 473	2  32  38 
 473	2  14   8 
 473	2  42  43 
 475	2  32  38 
 475	2  14   8 
 475	2  42  43 
 473	6  19  10 
 477	2  14   8 
 477	6  38  32 
 479	2  23   9 
 481	2  23   9 
 479	6  27  13 
 483	2  31  18 
 477	6  43  35 
 483	6  15   2 
 485	2  33  27 
 485	2  36  38 
 487	2  33  27 
 487	2  31  46 
 485	6  17  11 
 489	2  33  27 
 489	2  15  22 
 489	2  36  38 
 491	2  11  13 
 491	2  31  46 
 491	2  15  22 
 491	6  35  28 
 493	2  11  13 
 493	2  31  46 
 493	2  15  22 
 495	2  17  24 
 491	6  44  43 
 491	6  34  27 
 495	6  12   3 
 497	2  24  37 
 499	2  24  37 
 495	6   8   1 
 497	6  47  34 
 501	2  11  13 
 501	2  36  38 
 495	6  22  14 
 501	6  23  16 
 503	2  40  19 
 505	2  25  12 
 505	2  44  47 
 505	2  10   2 
 501	6  21   7 
 507	2  26  23 
 507	6  47  45 
 509	2  26  23 
 511	2  26  23 
 507	6   7   1 
 507	6  43  36 
 507	6   5   4 
 513	2  16   9 
 513	2  11  26 
 513	2  44  45 
 513	6  31  29 
 515	2   9   8 
 515	2  11  26 
 515	2  44  45 
 517	2  16   3 
 513	6  47  41 
 517	6  26  13 
 519	2  23  36 
 519	2   9   8 
 521	2  23  36 
 521	2  10   2 
 519	6  46  38 
 523	2  18  33 
 523	2   9   8 
 523	6  36  22 
 525	2  26  39 
 525	2  11  13 
 527	2  40  19 
 527	6   3   1 
 529	2  25  12 
 529	2  23  22 
 529	2  42  45 
 531	2  26  39 
 531	2  36  44 
 531	6  13   5 
 533	2  17  30 
 535	2  17  30 
 533	6  41  27 
 537	2  16   1 
 537	2   3  11 
 537	2  42  45 
 539	2  27  13 
 539	2  17  30 
 539	6  45  43 
 541	2  27  13 
 541	2  10   2 
 541	2  15  28 
 543	2  18  33 
 543	2  30  29 
 543	6  20  13 
 545	2  16   1 
 545	2  36  44 
 545	2   3  11 
 547	2  18  33 
 547	2   1   9 
 547	2  30  29 
 547	2  42  43 
 549	2  40  19 
 549	2   1   9 
 549	2  36  44 
 551	2  25  12 
 551	2  15  28 
 551	6  38  37 
 553	2  27  20 
 553	2  23  17 
 555	2  25  10 
 551	6  43  42 
 553	6  14   8 
 557	2  26  39 
 557	2  23  17 
 557	6  12   4 
 559	2  24  38 
 559	2   1   9 
 561	2  40  45 
 561	2  23  17 
 559	6  28  14 
 563	2   2   5 
 563	2  46  39 
 563	6  26  24 
 565	2  37  28 
 565	2   2   5 
 565	2  46  39 
 565	2  15  14 
 567	2  37  28 
 567	2   2   5 
 567	2  46  39 
 569	2  33  31 
 569	2  18  19 
 569	6   4   2 
 571	2  24  16 
 571	2  26  20 
 571	2  40  45 
 571	2  30  29 
 573	2  33  31 
 573	2  18  19 
 569	6  21  14 
 573	6  36  29 
 575	2  25  10 
 577	2  24  16 
 577	2  26  20 
 577	2  40  45 
 577	2   3  11 
 575	6   8   1 
 579	2  25  10 
 579	2  37  28 
 579	6  46  40 
 581	2  24  16 
 581	2  18  19 
 581	2  21  37 
 583	2  26  20 
 583	2  30   9 
 585	2  33  31 
 585	6  22   8 
 587	2  20   4 
 589	2  40  26 
 583	6  42  35 
 585	6  45  44 
 589	6  13   4 
 591	2   2   8 
 591	2  28  31 
 593	2   2   8 
 593	2  18  24 
 593	2  21  37 
 591	6  34  27 
 595	2   2   8 
 595	2  28  31 
 595	6  19  13 
 597	2   2  10 
 597	2  28  31 
 599	2   2  10 
 599	2  21  37 
 597	6  47  34 
 601	2  20  19 
 601	2  30   9 
 595	6   5   4 
 601	6  21  14 
 603	2  47  38 
 603	2  18  24 
 605	2  47  38 
 605	2   2  10 
 605	2  20  19 
 605	6  29  23 
 607	2  47  38 
 609	2  40  26 
 607	6  14   8 
 611	2  40  26 
 607	6   3   2 
 609	6  45  43 
 613	2  25  16 
 611	6  29  28 
 615	2  33  45 
 615	2  18  24 
 617	2  35  14 
 617	2  33  45 
 613	6   4   3 
 617	6  18  12 
 619	2  35  14 
 619	2  33  45 
 621	2  35  14 
 621	6  47  31 
 623	2   8  10 
 625	2   8  10 
 623	6  44  36 
 627	2  32  18 
 627	6  14   9 
 629	2  32  18 
 631	2  32  18 
 629	6  43  29 
 633	2  25  16 
 633	6  20  12 
 635	2  31  15 
 637	2  29  17 
 637	6  38  32 
 639	2  36  22 
 641	2  29  17 
 643	2   2  23 
 643	2  45  43 
 643	6  18  11 
 645	2  31  15 
 647	2  36  22 
 647	6  32  24 
 649	2  36  22 
 651	2  45  43 
 651	2   8  10 
 653	2  39  18 
 653	6  22   7 
 655	2  39  18 
 657	2  39  18 
 653	6  36  35 
 659	2  22  38 
 659	6  11   2 
 661	2  22  38 
 663	2  22  38 
 659	6  34  20 
 659	6   7   0 
 665	2   2   1 
 665	2  38  44 
 665	2  11  23 
 665	6  47  34 
 667	2   2   1 
 667	2  38  44 
 667	2  29  17 
 669	2   2   1 
 669	2  38  44 
 669	2  11  23 
 671	2   3  24 
 671	2  36  29 
 673	2   3  24 
 673	2  36  29 
 675	2  25  16 
 675	2  36  29 
 671	6  34  27 
 675	6  13   4 
 677	2  31  15 
 679	2  30  14 
 679	6  25  18 
 681	2   4   2 
 681	2  31  39 
 683	2   4   2 
 683	2  38  47 
 681	6  28  14 
 685	2   4   2 
 685	2  26  32 
 685	2  45  43 
 681	6  13   6 
 687	2   1  14 
 687	2  37  25 
 687	6   6   5 
 689	2   1  14 
 689	2  33  30 
 689	2  11  18 
 691	2   1  14 
 691	2  31  39 
 691	2  11  18 
 691	6  43  29 
 693	2  14  16 
 693	2  40  19 
 695	2   5   2 
 695	2  38  47 
 697	2   3  24 
 697	6  46  45 
 699	2  27  24 
 701	2   1   4 
 701	2  33  30 
 703	2  23  44 
 703	2  11  18 
 705	2   3   0 
 705	2  37  25 
 707	2  15  17 
 707	2  26  32 
 707	6  45  36 
 709	2   9  12 
 711	2  14  16 
 711	2  26  32 
 711	6  11   5 
 713	2  22  36 
 713	2  31  39 
 715	2  22  36 
 715	2  45  31 
 717	2  22  36 
 717	2  11   2 
 717	2  45  31 
 719	2  36  28 
 719	2  27  24 
 719	6   4   2 
 721	2  35  22 
 721	2  38  47 
 723	2  36  28 
 723	2  15  17 
 723	6  39  27 
 725	2  35  22 
 725	2   1   2 
 725	2  11   4 
 727	2   3   0 
 727	2  36  28 
 729	2  23  44 
 729	2   1   2 
 729	6  20   5 
 731	2  14  16 
 731	2  38  43 
 733	2  39  24 
 731	6   1   0 
 735	2  40  19 
 735	2  35  22 
 737	2   9  12 
 737	2  38  43 
 737	6  28  21 
 739	2  37  25 
 739	2   3   1 
 741	2  40  19 
 741	2   3   8 
 743	2  23  44 
 743	2  47  40 
 743	2  20  27 
 743	6   7   0 
 745	2  33  30 
 747	2  24  23 
 747	2  37  39 
 747	2  20  27 
 743	6  11   2 
 747	6  35  28 
 749	2  15  17 
 749	2  30  44 
 749	2  47  40 
 749	2  20  27 
 751	2   9  12 
 751	2  37  39 
 753	2  17   4 
 753	2   7  28 
 753	2  47  40 
 753	6  44  38 
 755	2  18  15 
 757	2  10  16 
 755	6  47  34 
 759	2   9  14 
 759	2  24  23 
 759	2  44  43 
 761	2  19  32 
 761	2  10  16 
 761	6  21   7 
 763	2  17   4 
 763	2  30  38 
 765	2  19  32 
 765	2  10  16 
 761	6  43  35 
 767	2   2   7 
 767	2  21  28 
 767	2  24  23 
 767	2  37  39 
 767	6  27  12 
 769	2   2   7 
 769	2  45  31 
 769	2  21  28 
 771	2   9  14 
 771	2  30  38 
 771	6  25  24 
 773	2   3   8 
 775	2   2   7 
 771	6  35  28 
 771	6  47  46 
 773	6  34  20 
 777	2  24  29 
 777	2   3   8 
 777	6  39  38 
 779	2  18  15 
 781	2  24  29 
 781	2   7   8 
 781	2   3  12 
 777	6  48  47 
 783	2  27  48 
 783	2  17   4 
 783	2  30  31 
 783	2   7   8 
 785	2  27  48 
 785	2  24  29 
 785	2   7   8 
 785	6  44  38 
 787	2  18  15 
 789	2  27  48 
 789	2   9  14 
 789	6   6   4 
 791	2  19  32 
 791	2   7   8 
 793	2  25  27 
 793	2  29  45 
 793	2   7   8 
 791	6  48  41 
 795	2  24  38 
 795	2  10   9 
 795	6  19   6 
 797	2  29  45 
 797	2  10   9 
 799	2  24  38 
 799	2  10   9 
 797	6  41  34 
 801	2  23  32 
 801	2   3  12 
 801	2   7   8 
 799	6  28  21 
 803	2  19  34 
 803	2  30  31 
 803	6  16   1 
 805	2  41  39 
 807	2  25  27 
 805	6  21  14 
 809	2  20  18 
 809	2  41  39 
 805	6  37  36 
 809	6  16   9 
 811	2  19  34 
 811	2  29  45 
 813	2  20  18 
 813	2  30  31 
 813	6  45  40 
 815	2  14   2 
 815	2  25  27 
 817	2  14   2 
 817	2  20  18 
 815	6  30  23 
 819	2  14   2 
 819	2  19  34 
 819	6  45  43 
 821	2  30  32 
 821	2   3  12 
 823	2  30  32 
 823	2  27  20 
 823	2  10   3 
 821	6   8   7 
 825	2  24  38 
 825	2  27  20 
 825	2  10   3 
 821	6  28  21 
 825	6  43  36 
 827	2  41  39 
 827	2  27  20 
 827	2  10   3 
 829	2  40  19 
 827	6  23  16 
 831	2  40  19 
 827	6  21  14 
 829	6   8   2 
 833	2  29  31 
 833	6  26  11 
 835	2  36  15 
 837	2  36  15 
 839	2   9  11 
 839	2  39  30 
 839	6  34  20 
 841	2   9  11 
 841	2  29  31 
 843	2   9  11 
 843	2  39  30 
 839	6  44  43 
 845	2  17  14 
 845	6  39  37 
 847	2  17  14 
 849	2  17  14 
 845	6  20   6 
 851	2  39  26 
 851	2  36  15 
 851	6   6   4 
 853	2  39  26 
 853	2  14  21 
 853	2  37  30 
 855	2  39  26 
 855	2  14  21 
 853	6  16   9 
 857	2  40  19 
 857	2  14  21 
 855	6  44  30 
 859	2  12   9 
 859	2  14  21 
 859	6  39  33 
 861	2  16  28 
 863	2  16  28 
 861	6  19  11 
 865	2  16  28 
 865	6  38  32 
 867	2  17  16 
 867	2  14  21 
 869	2  17  16 
 869	2  14  21 
 867	6   4   1 
 871	2  33  20 
 871	2  17  16 
 871	6  37  28 
 873	2  33  20 
 873	2  15   1 
 875	2  33  20 
 875	2  15   1 
 873	6  11   4 
 877	2  38  37 
 877	2  15   1 
 877	6  26  24 
 879	2  38  37 
 879	2   4   2 
 881	2  38  37 
 881	2   4   2 
 879	6  28  22 
 883	2  24  11 
 883	6  39  37 
 885	2  24  11 
 887	2  24  11 
 885	6  21   8 
 889	2  25  24 
 889	6  46  41 
 891	2  36  21 
 891	2  25  24 
 891	2  12   9 
 893	2  36  21 
 893	2  25  24 
 893	2  12   9 
 895	2  37  28 
 895	2   9  10 
 895	6  25  12 
 897	2  37  28 
 897	2   9  10 
 899	2  37  28 
 899	2   9  10 
 901	2  28  43 
 901	2   4   2 
 901	6  19  17 
 903	2  35  37 
 905	2  28  43 
 895	6  40  34 
 903	6   3   2 
 907	2  17  30 
 905	6  45  39 
 909	2  17  30 
 907	6  20  19 
 911	2  35  37 
 911	2  22  24 
 911	2   9   8 
 911	6  39  33 
 913	2  28  43 
 913	2   9   8 
 915	2  35  37 
 915	2  22  24 
 915	2   9   8 
 913	6  19  11 
 917	2  43  46 
 917	2  22  24 
 917	6   8   2 
 919	2  17  30 
 921	2  18  17 
 921	2  43  46 
 917	6  34  27 
 921	6  22  21 
 923	2  18  17 
 923	2  43  46 
 925	2  18  17 
 925	2  45  43 
 923	6   9   3 
 927	2  23  32 
 927	2  45  43 
 929	2  23  32 
 929	2  45  43 
 927	6  19  18 
 931	2  29  31 
 931	6  34  33 
 933	2  36  22 
 935	2  29   8 
 931	6  46  45 
 933	6  24  17 
 937	2  19  27 
 937	2  29   8 
 937	6  39  38 
 939	2  19  27 
 939	2  29   8 
 941	2  19  27 
 941	6  43  28 
 943	2  31  40 
 943	2  27  19 
 945	2  25  39 
 941	6   9   7 
 947	2  43  38 
 947	2  27  19 
 947	6  14   1 
 949	2  43  38 
 949	2  27  19 
 951	2  43  38 
 951	6  17  11 
 953	2  31  40 
 953	2   7  28 
 955	2  31  40 
 955	2   7  28 
 957	2  17  30 
 957	6  43  35 
 959	2  17  30 
 961	2  17  30 
 957	6   4   2 
 957	6  39  33 
 963	2  23  32 
 963	6  44  36 
 965	2  16  17 
 965	2  25  33 
 967	2  15  23 
 967	2  25  33 
 963	6  20   4 
 969	2  14  35 
 969	6  31  18 
 971	2  14  35 
 973	2  14  35 
 969	6  33  27 
 975	2  31  37 
 975	2  16  17 
 975	6  41  20 
 977	2  31  37 
 977	2  16  17 
 979	2  31  37 
 979	2   2  14 
 981	2  39  44 
 981	2  15  23 
 981	2  18  10 
 983	2  30  37 
 983	2  18  10 
 983	6  14   8 
 985	2  31  36 
 985	2  18  10 
 987	2  45  24 
 989	2  39  44 
 989	2  15  23 
 989	6  19  10 
 991	2  30  37 
 993	2  31  36 
 991	6  15  14 
 995	2  45  24 
 997	2  39  44 
 997	2   2   8 
 997	6  22  17 
 999	2  46  44 
 999	2   2   8 
1001	2  46  44 
1003	2  32  17 
1003	2  30  37 
1005	2  32  17 
1005	2  22  29 
1007	2  32  17 
1007	2  22  29 
1009	2  31  36 
1009	2  10   8 
1011	2  45  24 
1011	2  35  36 
1013	2  17  14 
1013	2  45  40 
1013	2  35  36 
1015	2  32  24 
1015	2   7  28 
1015	2  46  44 
1017	2  30  31 
1017	2  45  40 
1017	2  35  36 
1017	2  10   8 
1019	2  37  25 
1019	6  16   8 
1021	2  30  31 
1021	2  45  40 
1023	2  37  25 
1019	6  28  21 
1025	2  17  14 
1025	2  41  46 
1025	6  43  36 
1027	2  32  24 
1027	2  41  46 
1029	2  17  14 
1029	2  41  46 
1031	2  32  24 
1031	2  22  29 
1031	2  44  45 
1033	2  30  31 
1033	2  14  22 
1033	2  44  45 
1033	6  17   9 
1035	2  33  31 
1035	2  29  35 
1035	2  44  45 
1037	2  33  31 
1037	2  29  35 
1039	2  38  17 
1039	6  41  27 
1041	2  38  17 
1043	2  38  17 
1045	2  17  23 
1045	6  46  43 
1047	2  17  23 
1049	2  17  23 
1045	6   8   3 
1051	2  41  38 
1051	2   9  21 
1053	2  41  38 
1053	2   9  21 
1055	2  37  25 
1055	2  14  22 
1055	6  41  40 
1057	2   8  23 
1059	2   8  23 
1057	6  32  26 
1061	2   9  21 
1057	6  37  36 
1063	2  32  37 
1063	2  10  16 
1063	6  19  12 
1065	2  32  37 
1065	2  14  22 
1067	2  32  37 
1063	6   2   1 
1067	6  17  15 
1069	2  40  38 
1069	2  29  35 
1071	2  40  46 
1069	6   4   2 
1073	2  19  32 
1071	6  29  28 
1075	2  19  32 
1073	6  15   7 
1077	2  19  32 
1077	6  28  21 
1079	2  19   4 
1079	2  40  46 
1079	2   8  23 
1081	2  19   4 
1081	2  40  46 
1081	6  37  23 
1083	2  19   4 
1085	2  18  26 
1083	6  46  40 
1087	2  23   2 
1083	6  35  28 
1087	6  19  18 
1089	2  23   2 
1091	2  23   2 
1089	6  43  35 
1093	2   3   2 
1093	2  18  30 
1089	6  39  33 
1095	2  32  29 
1095	2   3   2 
1097	2  11  23 
1097	2  46  43 
1097	6   8   1 
1099	2  17  33 
1099	2  44  37 
1101	2  32  29 
1099	6  12   4 
1103	2  17  33 
1103	2  44  37 
1103	6  35  28 
1105	2  11  23 
1107	2   3   2 
1107	2  12  24 
1107	2  44  37 
1105	6  41  34 
1109	2  11  23 
1109	2  46  43 
1111	2  32  29 
1111	2   4   2 
1113	2  17  33 
1113	6  28  22 
1115	2  19  26 
1115	2   4   2 
1115	2  39  31 
1117	2  19  26 
1117	2   4   2 
1113	6  37  36 
1117	6  45  39 
1119	2   7  23 
1121	2  18  30 
1119	6  34  27 
1123	2   7  23 
1123	2  46  43 
1125	2  12  24 
1125	6  43  28 
1127	2  12  24 
1129	2  26  10 
1125	6  46  45 
1131	2  18  30 
1133	2   7  23 
1133	6  40  19 
1135	2   2   7 
1135	2  30  23 
1137	2   2   7 
1137	2  30  23 
1139	2  16  31 
1139	6  19  11 
1141	2  16  31 
1143	2   2   7 
1143	2  30  23 
1145	2  11   9 
1143	6  38  32 
1147	2  11   9 
1145	6  36  21 
1149	2  39  18 
1151	2  24  36 
1151	6  12   3 
1153	2  24  36 
1155	2  24  36 
1157	2  26  10 
1157	6  38  29 
1159	2  26  10 
1161	2  11   9 
1145	6   7   0 
1161	6  27  26 
1163	2  15  29 
1165	2  15  29 
1163	6   2   0 
1167	2  38  25 
1167	2  15  29 
1169	2  26  17 
1169	6  22   8 
1171	2  38  25 
1173	2  26  17 
1173	6  46  37 
1175	2  26  17 
1177	2   8   3 
1177	2  34  26 
1177	6  23  17 
1179	2   8   3 
1179	2  34  26 
1181	2   8   3 
1181	2  34  26 
1179	6  47  46 
1183	2  14  23 
1183	2  34  27 
1179	6  37  36 
1183	6  32  18 
1185	2  15  36 
1185	2  34  27 
1187	2  15  36 
1187	2  34  27 
1189	2  18  12 
1189	2  14  23 
1189	2  39  32 
1189	6  44  35 
1191	2  18  12 
1191	2  14  23 
1191	2  39  32 
1193	2  18  12 
1189	6  47  41 
1193	6  23   8 
1195	2  26  39 
1197	2  26  39 
1195	6  10   4 
1199	2  38  25 
1199	6  41  34 
1201	2  25  10 
1203	2  25  10 
1199	6  21  15 
1201	6  44  30 
1205	2  19  34 
1205	2   9  15 
1207	2  19  34 
1207	2  21  36 
1207	6  38  32 
1209	2  19  34 
1209	2   9  15 
1211	2  34  19 
1211	2   9  15 
1213	2  40  32 
1213	2  36  37 
1213	2  17   3 
1213	6  27  19 
1215	2  40  32 
1215	2  36  37 
1215	2  17   3 
1217	2  40  32 
1217	2  36  37 
1217	2  17   3 
1219	2  34  27 
1219	2  16  31 
1219	6  46  44 
1221	2  34  27 
1221	2  25  10 
1223	2  16  28 
1223	6  19   4 
1225	2  46  40 
1225	2  16  28 
1227	2  46  40 
1227	2  16  28 
1229	2  19  32 
1229	2  10   2 
1229	6  44  28 
1231	2  19  32 
1231	2  10   2 
1233	2  19  32 
1233	2  10   2 
1235	2  25  23 
1235	2  46  40 
1235	6  10   9 
1237	2  25  23 
1239	2  25  23 
1235	6  36  28 
1237	6  45  40 
1241	2  10  17 
1241	6  28   7 
1243	2  40  24 
1243	2  44  45 
1245	2  40  24 
1245	2  44  45 
1241	6  19  12 
1247	2  40  24 
1247	2  44  45 
1249	2  26  39 
1249	2   7   9 
1249	6  29  23 
1251	2  39  32 
1251	2  10  17 
1253	2   7   9 
1253	2  39  32 
1249	6  44  37 
1255	2  23  18 
1255	2  39  32 
1255	6  45  37 
1257	2  23  18 
1259	2  23  18 
1255	6   3   2 
1257	6  40  39 
1261	2  21  23 
1261	2  27  18 
1263	2  21  23 
1263	2  27  18 
1263	6  45  39 
1265	2  21  23 
1265	2  27  18 
1267	2   4  16 
1267	2  27  26 
1267	6  29  21 
1269	2   4  16 
1269	2  27  26 
1271	2  10  17 
1271	2  27  26 
1269	6  40  38 
1273	2   7   9 
1273	6  18   4 
1275	2  45  29 
1277	2  45  29 
1279	2  23   2 
1281	2  23   2 
1279	6  33  19 
1283	2  23   2 
1285	2  33  30 
1285	6   9   8 
1287	2  33  30 
1289	2  33  30 
1291	2  18  16 
1291	6  40  37 
1285	6   4   3 
1293	6  15   3 
1297	2  37  30 
1293	6  25  18 
1299	2  37  30 
1299	2  18   3 
1301	2  37  30 
1301	2  18   3 
1299	6  22  16 
1303	2  18   3 
1297	6  43  35 
1303	6  33  31 
1303	6  35  28 
1305	6   4   1 
1309	2  45  29 
1309	6  34  20 
1311	2  15  30 
1313	2  15  30 
1311	6   2   0 
1315	2  15  30 
1311	6  43  35 
1315	6  19  11 
1317	2  29   8 
1319	2  29   8 
1321	2  11  16 
1321	2  39  27 
1321	6  44  36 
1323	2  11  16 
1323	2  39  27 
1325	2  11  16 
1325	2  39  27 
1321	6   7   0 
1327	2  11   4 
1327	2  28  16 
1327	6  38  26 
1329	2  11   4 
1329	2  28  16 
1331	2  11   4 
1331	2  28  16 
1333	2   2  11 
1333	2  28  14 
1333	6  39  37 
1335	2   4  20 
1335	2  28  14 
1337	2   2  11 
1337	2  28  14 
1339	2  33  19 
1339	2  36  28 
1339	2  14   1 
1339	6  31  23 
1341	2  33  19 
1341	2  36  28 
1341	2  14   1 
1343	2   4  20 
1343	2  36  28 
1343	2  14   1 
1345	2   9  23 
1345	2  33  19 
1345	6  36  28 
1347	2   9  23 
1347	2  41  33 
1349	2   2  11 
1349	2  41  33 
1349	6  15  14 
1351	2   4  20 
1351	2  41  33 
1353	2  11  24 
1351	6  37  35 
1355	2  11  24 
1355	2  15   1 
1353	6  27  20 
1357	2  16  37 
1357	6   4   3 
1359	2  16  37 
1361	2  16  37 
1359	6  33  27 
1363	2   9  23 
1357	6  28  21 
1359	6  19  12 
1363	6  38  36 
1365	2  16  19 
1367	2   3   9 
1367	2  21   7 
1367	6  27   6 
1369	2  37  46 
1369	2   3   9 
1369	2  21   7 
1371	2  37  46 
1371	2   3   9 
1371	2  21   7 
1373	2  39  23 
1373	2   4   6 
1373	6  36  28 
1375	2  39  23 
1375	2   4   6 
1377	2  16  19 
1373	6   7   0 
1377	6  46  38 
1379	2  16  19 
1381	2  11  24 
1381	2  22  28 
1381	6   9   1 
1383	2  37  38 
1383	2  25  40 
1383	2  22  28 
1383	2   4   6 
1385	2  31  24 
1385	2  37  45 
1385	2  22  28 
1385	6  34  19 
1387	2  16  14 
1387	2  37  45 
1389	2  16  14 
1389	2  37  45 
1385	6   4   3 
1391	2  39  23 
1387	6   1   0 
1391	6  19   6 
1393	2  31  24 
1393	2  15   9 
1395	2  29   8 
1393	6  39  33 
1397	2  11  23 
1399	2  39  36 
1399	2  16  14 
1399	6  20   4 
1401	2  39  36 
1401	2  15   9 
1403	2  39  36 
1403	6  16   1 
1405	2  34  46 
1405	2  35  29 
1407	2  39  33 
1407	2  35  29 
1403	6  21  14 
1407	6  27  20 
1409	2  17  32 
1409	2  35  29 
1411	2  25  40 
1405	6  12   5 
1411	2   2   5 
1409	6  14   7 
1413	2   2   5 
1413	2  34  46 
1413	2  31  24 
1415	2   2   5 
1415	2  39  33 
1411	6  36  29 
1415	6  24  23 
1417	2  34  46 
1419	2  39  33 
1415	6  21  14 
1417	6   5   2 
1421	2  25  40 
1419	6  45  44 
1423	2  10  26 
1421	6  29  23 
1425	2   2   0 
1425	2  34  40 
1423	6  13   5 
1427	2  30  18 
1427	2   2   0 
1427	2  34  40 
1425	6  46  45 
1429	2  10  26 
1429	2  37  31 
1429	6   7   1 
1431	2  11  24 
1431	2  34  40 
1433	2  30  18 
1433	6  41  34 
1435	2  17  32 
1435	2   2   0 
1437	2  11  24 
1435	6  44  28 
1439	2  13  34 
1439	2   3   1 
1439	6  25  24 
1441	2  13  34 
1441	2   3   1 
1443	2  13  34 
1443	2   3   1 
1441	6  28  14 
1445	2  10  26 
1445	2  37  31 
1445	6  13   5 
1447	2  30  18 
1447	2  14   0 
1449	2  17  32 
1449	2  14   0 
1449	6  29  28 
1451	2  10   4 
1451	2  34  39 
1451	2  19  25 
1451	2  14   0 
1453	2   8  17 
1453	2  34  39 
1455	2  32  18 
1455	6  22  16 
1457	2  32  18 
1459	2  19  25 
1459	2  34  39 
1455	6   7   1 
1461	2  16  11 
1461	2  37  31 
1461	6  46  34 
1463	2  15  24 
1463	2  10   4 
1465	2  16  11 
1461	6   2   1 
1465	6  35  21 
1467	2   5   2 
1469	2   5   2 
1467	6  39  27 
1471	2   8  17 
1473	2  23  39 
1473	2  10   4 
1473	6  27  13 
1475	2  35  38 
1475	2   8  17 
1477	2  23  39 
1477	2   3  10 
1479	2  35  38 
1479	2   5   2 
1479	6  26  25 
1481	2  35  38 
1481	2  16  11 
1483	2  35  28 
1483	2  38  44 
1483	2   4  13 
1481	6   2   1 
1485	2  23  39 
1485	2  35  28 
1485	2  19  26 
1487	2   9  30 
1487	2  26  19 
1487	6  47  41 
1489	2  38  44 
1489	2  15  24 
1489	2  35  28 
1489	2  26  19 
1489	2   3  10 
1491	2   9  30 
1491	2  26  19 
1491	6  21  14 
1493	2  38  44 
1493	2   4  13 
1495	2  32  18 
1495	2  44  36 
1497	2  39  23 
1497	2  44  36 
1497	2   4  13 
1499	2  39  23 
1499	2  44  36 
1499	2   3  10 
1497	6  14   8 
1501	2  39  23 
1501	6  43  35 
1503	2  15  24 
1505	2  31  16 
1501	6   3   2 
1503	6  40  33 
1507	2   9  30 
1507	6  25  18 
1509	2  37  46 
1509	2  15   1 
1511	2  37  46 
1511	2  15   1 
1499	6  13   5 
1513	2  18   3 
1513	2  37  46 
1513	6  15   7 
1515	2  18   3 
1517	2  18   3 
1513	6  28  21 
1515	6  46  43 
1519	2  11   9 
1519	6  24  23 
1521	2  46  47 
1521	2   0   3 
1523	2  46  47 
1523	2  11   9 
1519	6  33  26 
1521	6  43  28 
1525	2  24  26 
1525	2   0   3 
1525	2  46  47 
1527	2  30  23 
1527	2  11   9 
1527	6  44  39 
1529	2  18  15 
1531	2  24  26 
1531	2   0   3 
1533	2  44  43 
1533	2  31  16 
1533	2   7   1 
1533	2  11  19 
1533	6  46  40 
1535	2  30  23 
1535	2  44  43 
1535	2   5   3 
1535	2   0   1 
1537	2  18  15 
1537	2  44  43 
1539	2  24  26 
1539	2  43  44 
1539	2   5   3 
1539	2   0   1 
1539	6  28  14 
1541	2  30  23 
1541	2  11  19 
1541	2  43  44 
1541	2   0   1 
1543	2  11  19 
1543	2  43  44 
1541	6  39  32 
1545	2   5   3 
1543	6  24  17 
1547	2   3   1 
1545	6  37  22 
1549	2   3   1 
1547	6  33  19 
1551	2  45  37 
1551	2   3   1 
1551	6  22  21 
1553	2  45  37 
1553	2   4  17 
1555	2  45  37 
1555	2   4  17 
1553	6  32  26 
1557	2   4  17 
1557	6  45  29 
1553	6  20  13 
1559	6  18   2 
1563	2  46  45 
1563	6  43  30 
1565	2  46  45 
1565	2  26  18 
1567	2  46  45 
1567	2  26  18 
1565	6   9   4 
1569	2  37  25 
1569	6  47  40 
1571	2  29   8 
1571	2  26  18 
1573	2  29   8 
1573	6  20  18 
1575	2  29   8 
1577	2   2  15 
1571	6  45  38 
1575	6  40  33 
1579	2  31  16 
1579	2  21  29 
1577	6  45  44 
1581	2  15  14 
1581	6  33  24 
1583	2  28  44 
1585	2  28  44 
1579	6   4   3 
1585	6   3   0 
1587	2  33  46 
1587	2  21  29 
1589	2  33  46 
1589	2  21  29 
1591	2  37  25 
1591	2  16  10 
1591	6  21   7 
1593	2  33  46 
1593	2  16  10 
1595	2  37  25 
1595	2  46  47 
1595	2  16  10 
1597	2  28  44 
1597	2  24   8 
1597	6  41  20 
1599	2  31  36 
1599	2  15  14 
1601	2  43  44 
1601	2  24   8 
1601	6  28  21 
1603	2  23  32 
1603	2  46  47 
1603	2  43  44 
1605	2  25  19 
1605	2  46  47 
1605	2  43  44 
1605	2   9   7 
1605	6  38  31 
1607	2   0  21 
1607	2  25  19 
1607	2  47  41 
1609	2   0  21 
1609	2  25  19 
1609	2  47  41 
1607	6  17  10 
1611	2  37  28 
1611	2  15  14 
1611	2  47  41 
1613	2  18  31 
1613	2   0  21 
1613	6  46  44 
1615	2  18  31 
1615	2   9   7 
1617	2  18  31 
1617	2   9   7 
1613	6  41  33 
1615	6  28  22 
1619	2  18  31 
1619	6   9   8 
1621	2  18  31 
1623	2  23  32 
1623	2  19  11 
1619	6  45  44 
1625	2  38  36 
1625	2   3   0 
1627	2  37  22 
1627	2  19  11 
1627	6  46  39 
1629	2  24   9 
1629	2  19  11 
1631	2  37  22 
1631	2   3   0 
1633	2  18  31 
1633	6  43  28 
1635	2  18   5 
1637	2  40  24 
1633	6   8   2 
1637	6  19  11 
1639	2  43  46 
1641	2  43  46 
1639	6  28  21 
1643	2  43  46 
1643	2  18   5 
1639	6  16   8 
1639	6  31  30 
1639	6   3   2 
1645	2  23  32 
1645	2  21  14 
1645	2   2   0 
1645	6  45  43 
1647	2  23  26 
1649	2  25  22 
1645	6  48  41 
1647	6   5   3 
1651	2  45  48 
1651	2  15  29 
1653	2  45  48 
1653	2  15  29 
1653	2  18   3 
1655	2  38  36 
1655	2  21  14 
1655	6  25  16 
1657	2  45  48 
1657	2  21  14 
1659	2  44  28 
1655	6  11   4 
1659	6  48  47 
1661	2  30   9 
1663	2  17  31 
1663	6  21   8 
1665	2  46  25 
1667	2  46  25 
1663	6  43  35 
1663	6   4   3 
1669	2  46  25 
1669	2  35  21 
1669	6   8   3 
1671	2  38  47 
1671	2  35  21 
1673	2  39  32 
1673	2  45  37 
1673	2  35  21 
1673	6  48  27 
1675	2  30   9 
1677	2  17  31 
1677	2  21   8 
1677	6  44  36 
1679	2  10  25 
1681	2  10  25 
1669	6  12   5 
1679	6  21   7 
1683	2  46  44 
1683	2  10  25 
1679	6  20  12 
1685	2  23  26 
1685	2  46  44 
1685	2   7   8 
1685	6   4   3 
1687	2  38  47 
1687	2  16  22 
1687	2  27  25 
1687	2   7   8 
1689	2  39  32 
1689	2  36  28 
1689	6  34  20 
1691	2  45  37 
1691	2  39  32 
1691	2  16  22 
1691	2  11   4 
1693	2  30   9 
1695	2  40  24 
1695	2  36  28 
1695	2  11   4 
1695	6   8   0 
1697	2  17  31 
1697	2  46  44 
1699	2  38  47 
1699	2  27  25 
1699	2  11   4 
1697	6  28  21 
1701	2  40  24 
1701	2  45  37 
1701	6  20   4 
1703	2  15  29 
1703	2  32  47 
1705	2  30  28 
1705	2  14  15 
1705	6  45  43 
1707	2  23  26 
1709	2   1  22 
1709	2  27  25 
1709	6  47  41 
1711	2  35  43 
1711	2   9  16 
1713	2  23  44 
1709	6  12  11 
1711	6  27  20 
1715	2  29  24 
1715	2  14  15 
1713	6   3   2 
1717	2  46  34 
1717	2  30  28 
1717	2  14  15 
1717	6  25  19 
1719	2  35  43 
1719	2   9  16 
1719	2  46  34 
1721	2   1  22 
1721	2  46  34 
1723	2  31  10 
1723	2  35  43 
1723	6  41  27 
1725	2  23  44 
1727	2  29  24 
1725	6   7   2 
1729	2  40  25 
1729	2  30  28 
1725	6  13  12 
1731	2  21   7 
1731	2  26  39 
1731	2   9  16 
1731	6  11   3 
1733	2  32  27 
1733	2  21   7 
1735	2  40  25 
1735	2  21   7 
1735	6  38  30 
1737	2  33  17 
1737	2  21  35 
1739	2  33  17 
1739	2  21  35 
1737	6  20  12 
1741	2  23  44 
1743	2  31  10 
1743	2  21  35 
1745	2  26  39 
1745	2   1  22 
1745	6  12   4 
1747	2  32  27 
1747	2   2   9 
1747	2  22  43 
1749	2  29  24 
1749	2  38  44 
1749	2   2   9 
1749	6  15   7 
1751	2  40  25 
1751	2  38  44 
1751	2   2   9 
1753	2  26  39 
1751	6  28  21 
1755	2  31  10 
1755	2  40  41 
1755	6  27  13 
1757	2  24  32 
1757	2  15  29 
1757	2  40  41 
1759	2  46  39 
1759	2  15  29 
1757	6  10   4 
1761	2  34  27 
1761	2  24  32 
1761	2  15  29 
1763	2  33  17 
1763	2  38  44 
1763	6  35  28 
1765	2   4  13 
1765	2  23  17 
1765	2  46  39 
1765	2  34  27 
1767	2  16  10 
1767	2  46  39 
1767	2  34  27 
1767	6  37  31 
1769	2   4  13 
1769	2  40  41 
1769	2  15  28 
1771	2  16  10 
1757	6   2   1 
1769	6  46  45 
1773	2  18  31 
1773	2  15  28 
1771	6  34  33 
1775	2  18  31 
1775	2  15  28 
1775	6  45  44 
1777	2  18  31 
1779	2  18   2 
1777	6  15  14 
1781	2  31  37 
1781	2  18   2 
1783	2  23  17 
1783	2   4  13 
1783	2  35  44 
1783	6  14   8 
1785	2  31  37 
1787	2  24  32 
1787	2  35  44 
1777	6  47  34 
1783	6  47  46 
1783	6  34  27 
1785	6  18  11 
1789	2  30  14 
1789	6  43  35 
1791	2  30  14 
1791	2  11   2 
1793	2  30  14 
1793	2   2   4 
1789	6  45  39 
1789	6  34  33 
1793	6  25  18 
1795	2  14   0 
1795	2  46  30 
1797	2  14   0 
1797	2  46  30 
1795	6  34  20 
1799	2  22  35 
1799	2  31  37 
1799	2  11   9 
1799	6   7   0 
1801	2  23  17 
1801	2  38  32 
1801	2   2   4 
1801	2  43  44 
1803	2  16  10 
1803	2  38  32 
1801	6  20  19 
1805	2  14   7 
1805	2  46  30 
1805	2   2   4 
1807	2  22  35 
1807	2  11   9 
1807	2  38  32 
1809	2  24  37 
1809	2  11   9 
1811	2  30  33 
1811	6   9   7 
1813	2  29  22 
1813	2  38  43 
1815	2  24  37 
1817	2  19  16 
1817	2  38  43 
1819	2  35  14 
1819	6  26  10 
1821	2  29  22 
1821	2  38  43 
1823	2  35  14 
1825	2  15  10 
1825	2  26  39 
1827	2  15  10 
1827	2  26  39 
1825	6  30  24 
1829	2  15  10 
1829	2  26  39 
1831	2  15  17 
1831	2  30  37 
1831	6  40  32 
1833	2  15  17 
1835	2  15  17 
1833	6  35  30 
1837	6  18   9 
1839	2  29  22 
1841	2  22  28 
1837	6  41  27 
1841	6  37  36 
1843	2  21   9 
1845	2  21   9 
1843	6  32  20 
1847	2  21   9 
1849	2  37  25 
1849	2  22  28 
1849	6   3   0 
1851	2  37  25 
1851	2  22  28 
1853	2  37  25 
1849	6  13  12 
1849	6  40  34 
1853	6  28  22 
1855	2  37  32 
1857	2  37  32 
1855	6  20  11 
1859	2  37  32 
1855	6   8   2 
1859	6  35  28 
1861	2  18  11 
1861	2  32  46 
1863	2  10  31 
1861	6  15  14 
1865	2  24  33 
1865	6  12   3 
1867	2  21  23 
1867	2  32  46 
1869	2  21  23 
1869	2  32  46 
1871	2  25  12 
1871	6   3   1 
1873	2  25  12 
1875	2  25  12 
1865	6  37  36 
1871	6  45  38 
1867	6  34  27 
1871	6  36  29 
1877	2  12   3 
1877	2  24  33 
1877	6  29  15 
1879	2  25  38 
1881	2  12   3 
1881	6  39  25 
1883	2  15   1 
1883	2  30  29 
1885	2  15   1 
1883	6  12   4 
1887	2  39  38 
1887	2  21  23 
1883	6  27  20 
1887	6   7   1 
1889	2  18  11 
1889	2  39  38 
1889	2  28  21 
1891	2   4   3 
1891	2  26  24 
1891	2  39  37 
1891	2  28  21 
1893	2  19  16 
1893	2  39  37 
1893	2  28  21 
1895	2  10  31 
1895	6  14   7 
1897	2  18  11 
1897	2   3   2 
1897	2  44  23 
1899	2  10  31 
1895	6  34  27 
1901	2  19  16 
1901	2  39  37 
1903	2  15  14 
1903	2  17  12 
1903	2   3   2 
1903	2  37  43 
1903	6  39  34 
1905	2   4   1 
1905	2  37  43 
1907	2  10  11 
1907	2  37  43 
1905	6  28  21 
1909	2  18  20 
1909	2   3   2 
1907	6  16   8 
1911	2  30  25 
1911	2  10  11 
1911	6  21  14 
1913	2  16  31 
1915	2  17  12 
1915	6  39  36 
1917	2   4   1 
1919	2  18  20 
1919	6   5   3 
1921	2  36  15 
1921	2  18  20 
1923	2  32  29 
1925	2  36  15 
1925	2  10  11 
1925	6  39  33 
1927	2  36  15 
1927	2  20   5 
1929	2  17  12 
1929	2  36  35 
1927	6   3   2 
1931	2  19  33 
1931	2  44  23 
1933	2  26  24 
1933	2   4   1 
1933	2  36  35 
1933	6  39  38 
1935	2  26  24 
1935	2   4   1 
1935	2  36  35 
1937	2  24  22 
1937	2  20   5 
1937	2  35  43 
1937	6  10   9 
1939	2  19  33 
1939	2  24  22 
1939	2  37  36 
1941	2  30  25 
1941	2  35  43 
1941	6  15  14 
1943	2  19  33 
1943	2  37  36 
1945	2  30  25 
1945	2  35  43 
1945	6  12  10 
1947	2  32  29 
1949	2  32  29 
1947	6   8   7 
1951	2  27  12 
1951	2  44  23 
1953	2  27  12 
1953	2  16  31 
1953	6  29  21 
1955	2  27  12 
1955	2  16  31 
1957	2  45  31 
1957	2  10  16 
1957	2  34  19 
1959	2  29  38 
1959	2  10  16 
1959	2  34  19 
1961	2  29  38 
1961	2   4   1 
1961	6  27  25 
1963	2  29  38 
1963	2  10  16 
1965	2   4   1 
1965	2  37  36 
1965	6  46  40 
1967	2  17  23 
1967	2  20   5 
1969	2  15  18 
1967	6  44  35 
1971	2  33  32 
1971	2  17  23 
1971	6   5   3 
1973	2  35  14 
1973	2  45  31 
1975	2  33  32 
1975	2  35  14 
1971	6  27  19 
1975	6  45  38 
1977	2  19   5 
1977	2  17  23 
1977	2  33  32 
1979	2  19   5 
1979	2  24  22 
1981	2  30   9 
1981	2  19   5 
1983	2  15  18 
1983	2  38  31 
1983	2  34  27 
1983	6  35  28 
1985	2  15  18 
1987	2  15   3 
1987	2  33  32 
1987	6  19  12 
1989	2  30   9 
1991	2  28  14 
1991	2  23  31 
1991	6  46  34 
1993	2  15   3 
1995	2  23  31 
1993	6  25  18 
1997	2  30   9 
1995	6   5   4 
1999	2  38  25 
1999	6  35  22 
2001	2  19  40 
2003	2  19  40 
1999	6   9   7 
2005	2  19  40 
2005	2  30  28 
2005	6   8   3 
2007	2  40  45 
2007	2  30  28 
2009	2  40  45 
2009	2  23  31 
2007	6  18  17 
2011	2  40  45 
2011	2  15   8 
2011	2  30  28 
2013	2   3  17 
2013	2  33  32 
2013	6  21   8 
2015	2   3  17 
2015	2  33  32 
2017	2   3  17 
2013	6  43  35 
2013	6  20  19 
2017	6  39  31 
2019	2   3   8 
2021	2   3   8 
2019	6  26  18 
2023	2   3   8 
2023	2  43  46 
2019	6  23  22 
2025	2  18  23 
2025	2  43  46 
2025	6   3   1 
2027	2  18  23 
2027	2  43  46 
2029	2  18  23 
2029	6  46  34 
2031	2  17  29 
2033	2  17  29 
2031	6  14   7 
2035	2  17  29 
2035	6  45  39 
2037	2  18   3 
2037	2  28  15 
2039	2  16   4 
2035	6  34  33 
2039	6  36  35 
2041	2  17  12 
2043	2  23  14 
2043	2  40  26 
2043	6  12  11 
2045	2  24  29 
2047	2  38  25 
2047	2  28  15 
2045	6  40  34 
2049	2  18   3 
2049	2  43  22 
2049	6  32  31 
2051	2  16   4 
2051	2  34  26 
2053	2  17  11 
2053	2  34  26 
2053	2  28  15 
2055	2  24  29 
2055	2  33  26 
2055	6  11   9 
2057	2  24  29 
2057	2  33  26 
2059	2  44  29 
2059	2  33  26 
2061	2  11  32 
2061	2  44  29 
2061	6   2   1 
2063	2  11  32 
2063	2  44  29 
2065	2  11  32 
2065	6  44  35 
2067	2  20  32 
2067	2  17   9 
2069	2  12  11 
2069	2  23  14 
2069	6  39  33 
2071	2  12  11 
2071	2  23  14 
2073	2  12  11 
2073	2  24  36 
2075	2  20  32 
2075	2  43  22 
2077	2  20  32 
2077	2  43  22 
2079	2  20   5 
2079	2  23   9 
2079	6  39  38 
2081	2  27  11 
2083	2  20   5 
2083	2  23   9 
2079	6  35  28 
2085	2  27  11 
2085	2  30  14 
2085	6  43  35 
2087	2  39  25 
2087	2  20   5 
2089	2  18   3 
2089	2  30  14 
2091	2  16   4 
2089	6  20  13 
2093	2  16  31 
2089	6  34  33 
2091	6  28  21 
2095	2  27  11 
2091	6  44  43 
2097	2   4  11 
2097	2  16  31 
2097	6  34  26 
2099	2   4  11 
2099	2  16  31 
2101	2  23   9 
2101	2   4  11 
2097	6  46  44 
2103	2  26  10 
2103	2  30  14 
2103	6  13   5 
2105	2  26  10 
2105	2  23  29 
2107	2  26  10 
2107	2  23  29 
2105	6  45  43 
2109	2   5   3 
2109	2  33  18 
2109	2  23  29 
2105	6  14   7 
2111	2  37  25 
2111	2   5   3 
2111	6  21  14 
2113	2  24  36 
2113	2   5   3 
2113	2  46  34 
2115	2  37  25 
2115	6   5   2 
2117	2  24  36 
2117	2  46  34 
2119	2  37  25 
2121	2   5  12 
2121	2  15  31 
2121	6  36  35 
2123	2   5  12 
2123	2  16  25 
2125	2   5  12 
2125	2  14   9 
2125	2  46  34 
2127	2  13  12 
2127	2  38  22 
2127	6  25  17 
2129	2  13  12 
2129	2  38  22 
2131	2  13  12 
2131	2  38  22 
2133	2  27  25 
2133	2  14   9 
2133	6  46  37 
2135	2  27  25 
2135	2  14   9 
2137	2  27  25 
2133	6  12  11 
2137	6   9   8 
2139	2  33  18 
2139	2  22  37 
2141	2  33  18 
2141	2  22  37 
2143	2  18  24 
2143	2  46  33 
2143	6  36  21 
2145	2  25  27 
2147	2  18  24 
2147	2  46  33 
2143	6   9   4 
2149	2   4  19 
2149	2  15  31 
2149	6  44  36 
2151	2   4  19 
2151	2  16  17 
2153	2   4  19 
2153	2  15  31 
2155	2  32  44 
2155	2  16  17 
2155	6   4   1 
2157	2  32  44 
2159	2  32  44 
2155	6  28  22 
2161	2  40  19 
2161	2   1  22 
2163	2  40  19 
2163	2   1  22 
2161	6  44  43 
2165	2  40  19 
2165	2   1  22 
2167	2  32  44 
2167	2   7  22 
2167	6  13  10 
2169	2  32  44 
2169	2   7  22 
2171	2  32  44 
2171	2   7  22 
2173	2  19   3 
2173	2  35  44 
2173	2  14  15 
2173	6  40  32 
2175	2   1  10 
2175	2  35  44 
2175	2  14  15 
2177	2  19   3 
2177	2  35  44 
2177	2  14  15 
2179	2  25  27 
2179	2   1  10 
2179	2  28  37 
2179	6  12   5 
2181	2  18  24 
2181	2  46  33 
2183	2  25  27 
2183	2   1  10 
2179	6  15  14 
2181	6  43  29 
2185	2  19   3 
2183	6  46  40 
2187	2  34  27 
2187	2  18  23 
2187	6  35  28 
2189	2  19  33 
2189	2  10  16 
2191	2  34  27 
2191	2  18  23 
2187	6  38  37 
2193	2  19  33 
2193	2  10  16 
2193	6  37  21 
2195	2  34  27 
2195	2  10  16 
2197	2  19  33 
2197	6  17   9 
2199	2  19  27 
2201	2  19  27 
2197	6   4   3 
2199	6  38  29 
2203	2  19  27 
2199	6  40  33 
2203	6  15   9 
2205	6  38  26 
2209	2   8  21 
2203	6   5   4 
2211	2  38  45 
2211	2  26  12 
2211	2  28  15 
2211	6  10   2 
2213	2  38  45 
2213	2  26  12 
2213	2  28  15 
2215	2  38  45 
2215	2  26  12 
2215	2  28  15 
2217	2  10  26 
2217	2  46  38 
2219	2  17  32 
2219	6  27  13 
2221	2  46  38 
2221	2   8  21 
2223	2  17  32 
2217	6  43  36 
2223	6  37  36 
2225	2  10  26 
2227	2  10  26 
2223	6  22  15 
2225	6  13   5 
2229	2  46  38 
2229	2  15  10 
2229	6  33  26 
2231	2  31  38 
2231	2  15  10 
2233	2  31  38 
2233	2   8  21 
2231	6  13  12 
2235	2  17  32 
2235	2  29  21 
2237	2  39  27 
2237	2  15  10 
2237	6  30  24 
2239	2  39  27 
2239	2   2   9 
2241	2  39  27 
2241	2   2   9 
2243	2  39  24 
2243	2  13  27 
2243	2  29  21 
2243	2   2   9 
2239	6  11   4 
2245	2  39  24 
2245	2  13  27 
2245	2  29  21 
2245	6   4   2 
2247	2  39  24 
2247	2  13  27 
2249	2  39  25 
2247	6  36  21 
2251	2  32  17 
2249	6  20  13 
2253	2  39  25 
2253	2  16  10 
2251	6   2   1 
2255	2  26  12 
2255	2  31  38 
2255	2  16  10 
2253	6  21  14 
2257	2  32  17 
2253	6  35  29 
2257	6  20  19 
2259	2   1  14 
2259	2  32  17 
2261	2   1  14 
2261	2  38  31 
2261	2  16  10 
2261	6  40  33 
2263	2   1  14 
2263	2  19  24 
2263	2   4  10 
2265	2   1   7 
2265	2  19  24 
2265	2   4  10 
2259	6  29  28 
2263	6  45  37 
2267	2  26  12 
2267	2   1   7 
2265	6  29  22 
2269	2  39  25 
2269	2   1   7 
2269	2   4  10 
2271	2  18  23 
2271	6  45  40 
2273	2  19  24 
2273	2   7  28 
2275	2  15  17 
2271	6   5   4 
2275	6  30  29 
2277	2  27  40 
2277	2  45  44 
2277	2  15  17 
2279	2  27  40 
2279	2  45  44 
2279	2  15  17 
2275	6   2   1 
2277	6  13   5 
2281	2  27  40 
2281	2  45  44 
2281	2   7  28 
2281	6  18  11 
2283	2  39  30 
2285	2  39  30 
2283	6  21  15 
2287	2  26  12 
2287	2  38  31 
2283	6   9   2 
2289	2  34  19 
2289	2  38  31 
2289	2   7  28 
2291	2  11   9 
2291	2  26  32 
2291	6  29  14 
2293	2  40  25 
2295	2  34  19 
2293	6  16  10 
2297	2  40  25 
2293	6   5   4 
2297	6  44  29 
2299	2  11   9 
2299	2  26  32 
2301	2  34  19 
2297	6  14   7 
2303	2  46  44 
2303	2  33  24 
2303	2  11   9 
2305	2  46  44 
2305	2  33  24 
2305	6  15   9 
2307	2  46  44 
2307	2  26  32 
2309	2  39  30 
2305	6  11   5 
2311	2  12   9 
2311	2  30  28 
2311	6  46  45 
2313	2  12   9 
2313	2  30  28 
2315	2  12   9 
2315	2  30  28 
2317	2  29  45 
2317	2  20  12 
2317	6  14   8 
2319	2  29  45 
2319	2  20  12 
2321	2  40  25 
2321	2  20  12 
2321	6  23  22 
2323	2  25  10 
2325	2  25  10 
2321	6  38  37 
2323	6  12   5 
2327	2  29  45 
2327	2  25  10 
2329	2  33  24 
2329	2  29  35 
2329	6   5   2 
2331	2  34  31 
2333	2  34  31 
2329	6  21  14 
2329	6  44  43 
2335	2  32  17 
2335	2  29  35 
2335	6   8   2 
2337	2  32  17 
2337	2  29  35 
2339	2  34  31 
2335	6  19  12 
2339	6  35  21 
2341	2  32  17 
2343	2  13  34 
2343	2  16  30 
2341	6   3   2 
2345	2  35  43 
2345	2  13  34 
2345	2  16  30 
2341	6  46  45 
2343	6  25  18 
2347	2  35  43 
2347	2  13  34 
2347	2  16  30 
2345	6  21   7 
2349	2  38  25 
2349	2  35  43 
2349	6   5   3 
2351	2  38  25 
2353	2  38  25 
2351	6  28  15 
2355	2  26   5 
2355	6  38  30 
2357	2  26   5 
2357	2   8  15 
2359	2  26   5 
2359	2   8  15 
2355	6  17  10 
2357	6  35  28 
2361	2   8  15 
2361	6  33  19 
2363	2  21  30 
2365	2  21  30 
2361	6   3   2 
2363	6  16   8 
2367	2  21  30 
2367	2  33  46 
2367	2  11  19 
2369	2  21  22 
2369	2  35  37 
2369	2  33  46 
2369	2  11  19 
2369	6   7   2 
2371	2  21  22 
2371	2  35  37 
2371	2  33  46 
2371	2  11  19 
2373	2  21  22 
2373	2  35  37 
2369	6  24  17 
2373	6  40  32 
2375	2   7  28 
2377	2   7  28 
2373	6  27  26 
2373	6  12   4 
2375	6  17  10 
2379	2   7  28 
2375	6  44  43 
2379	6  46  31 
2379	6  34  13 
2381	6  21   9 
2385	6  46  34 
2387	2  21  36 
2387	2   9   4 
2389	2  21  36 
2389	2   9   4 
2385	6  25  18 
2391	2  23  26 
2391	6   3   1 
2393	2  23  26 
2395	2  23  26 
2391	6  35  28 
2391	6  45  38 
2397	2   3  18 
2397	2  21  36 
2397	6  38  32 
2399	2   3  18 
2401	2   3  18 
2397	6   8   7 
2397	6  27  20 
2399	6  29  21 
2403	2   9   4 
2403	6  32  20 
2405	2   4   5 
2407	2   4   5 
2405	6  14   9 
2409	2   4   5 
2409	6  39  36 
2411	2  11   8 
2413	2  11   8 
2409	6  27  26 
2415	2  30  18 
2415	2  40  39 
2417	2  30  18 
2417	2  40  39 
2419	2  30  18 
2419	2  40  39 
2415	6  13   5 
2421	2  23  44 
2421	6  19   3 
2423	2  22  38 
2425	2  23  44 
2427	2  19  20 
2427	2  22  38 
2427	6   5   3 
2429	2  19  20 
2429	2  23  44 
2431	2  19  20 
2431	2  22  38 
2431	6  43  35 
2433	2  27  20 
2433	2  18   9 
2435	2  27  20 
2435	2  18   9 
2433	6  30  22 
2437	2  27  20 
2437	2  18   9 
2437	2  44  43 
2439	2  22  10 
2439	2  34  20 
2439	2  44  43 
2441	2  22  10 
2441	2  34  20 
2441	2  44  43 
2443	2  22  10 
2443	2  34  20 
2443	2  44  46 
2445	2  14  28 
2445	2  38  26 
2445	6  10   9 
2447	2  37  24 
2447	2  14  28 
2447	2  13  34 
2449	2  23  25 
2449	2  14  28 
2449	2  44  46 
2449	6  34  20 
2451	2  17  31 
2451	2  44  46 
2453	2  21   9 
2453	6  46  43 
2455	2  23  25 
2455	2  13  20 
2457	2  21   9 
2457	2  13  20 
2459	2  30  18 
2459	6   9   8 
2461	2  32  29 
2463	2  38  26 
2461	6  11   3 
2465	2  37  24 
2465	2  21   8 
2467	2  30  18 
2467	2   3   9 
2467	6  43  35 
2469	2  17  31 
2469	2  14   8 
2469	2   3   4 
2471	2  38  26 
2471	2  14   8 
2471	2   3   4 
2473	2  32  29 
2473	2   3   4 
2473	6  13  12 
2475	2  37  24 
2475	2  14   8 
2477	2  23  25 
2477	6  38  36 
2479	2  15  23 
2481	2  15  23 
2479	6  33  19 
2483	2  21  36 
2475	6   3   2 
2483	6  24   9 
2485	2  34  46 
2485	2  21  36 
2487	2  34  46 
2487	2  21  36 
2485	6  12   5 
2489	2  33  38 
2489	2  15  23 
2491	2  33  38 
2491	6  12   3 
2493	2  33  38 
2495	2  32  29 
2497	2  19  10 
2497	2  32  24 
2497	6  45  37 
2499	2  12  33 
2501	2  19  10 
2501	2  32  24 
2497	6  22  14 
2503	2  12  33 
2503	2  23  35 
2503	6  14   8 
2505	2  19  10 
2505	2  32  24 
2507	2  30  18 
2509	2   3   8 
2509	2  40  19 
2509	6  29  23 
2511	2   3   8 
2511	2  40  19 
2513	2  12  33 
2513	6  14   2 
2515	2  45  33 
2515	2  18  12 
2515	2  29  35 
2517	2  45  33 
2517	2  18  12 
2517	2  29  35 
2515	6  24  23 
2519	2   3   8 
2519	2  45  33 
2519	2  18  12 
2519	6  29  28 
2521	2  17  31 
2523	2  11  24 
2523	2  34  46 
2521	6  15   8 
2525	2  26  17 
2525	2  44  46 
2527	2  15  30 
2527	2  40  19 
2527	6  45  44 
2529	2   9  10 
2529	2  29  31 
2529	2  33  40 
2531	2  15  30 
2531	2  33  40 
2529	6  18  12 
2533	2   9  10 
2533	2  29  31 
2533	2  45  46 
2533	2  33  40 
2535	2  37  16 
2535	6  33  27 
2537	2  11  24 
2537	2  45  46 
2539	2  37  16 
2539	6  12   5 
2541	2  38  33 
2541	2   9  10 
2541	2  22  23 
2543	2  38  33 
2543	2  22  23 
2543	6   8   3 
2545	2  38  33 
2545	2  22  23 
2547	2  25  33 
2541	6  35  28 
2547	6  38  29 
2549	2  26  17 
2551	2  25  33 
2551	2   4  10 
2553	2  15  30 
2553	2  25  33 
2553	2  12   3 
2553	6  43  35 
2555	2  11  24 
2555	2  15  21 
2555	2  40  45 
2557	2  26  17 
2557	2  38  31 
2557	2  15  21 
2557	6   4   2 
2559	2  24  19 
2559	2  15  21 
2559	2  43  46 
2561	2  26  20 
2561	2  36  31 
2561	6  21   7 
2563	2  18  11 
2563	2  32  38 
2565	2  24  19 
2565	2   2  10 
2565	2  40  45 
2565	6   5   4 
2567	2  29  21 
2567	2  26  20 
2567	2   2  10 
2567	2  40  45 
2569	2  29  21 
2569	2  32  38 
2567	6  15   8 
2571	2  29  21 
2571	2  18  11 
2571	2  26  20 
2569	6  44  43 
2573	2  21  30 
2573	2  12   3 
2573	6  25  17 
2575	2  21  30 
2575	2  12   3 
2577	2  21  30 
2577	2  27  20 
2575	6  43  35 
2579	2  25  34 
2579	2  30  22 
2577	6  12   5 
2581	2  37  16 
2581	2  27  20 
2583	2  33  12 
2583	2  16  17 
2583	2  30  22 
2583	6   7   2 
2585	2  33  12 
2585	2  16  17 
2585	2  30  22 
2587	2  36  31 
2587	2  16  17 
2587	2  27  20 
2589	2  35  14 
2589	2  25  34 
2589	6   4   2 
2591	2  35  14 
2591	2  24  19 
2593	2  36  31 
2593	6  16  15 
2595	2  33  12 
2597	2  18  11 
2597	2  32  38 
2595	6  29  21 
2599	2  25  34 
2599	2  10  11 
2599	2  44  46 
2595	6   2   1 
2597	6  13   5 
2601	2  35  14 
2601	2  25  17 
2603	2  24  29 
2603	2  14   7 
2603	2   4  12 
2603	2  44  46 
2603	6  33  27 
2605	2  31  36 
2605	2  10  11 
2605	2  14   7 
2607	2  24  29 
2607	2   4  12 
2607	2  14   7 
2609	2  27  13 
2609	2  32  18 
2609	6  14   1 
2611	2  38  35 
2611	2  27  13 
2611	2  10  11 
2613	2  31  36 
2613	2  27  13 
2613	6  10   3 
2615	2  14  21 
2615	2  31  36 
2617	2  14  21 
2617	6  39  30 
2619	2  14  21 
2619	2  25  17 
2619	2   4  12 
2621	2  21  14 
2621	2  25  17 
2615	6  34  27 
2621	6  27  12 
2623	2  30  16 
2623	2  21  14 
2625	2  30  16 
2625	2  21  14 
2627	2  30  16 
2627	6  25  19 
2627	6  28  21 
2629	6  30  16 
2633	6  32  26 
2635	2   9  16 
2635	2  30  37 
2637	2   9  16 
2637	2  30  37 
2633	6  21   7 
2639	2   9  16 
2639	2  30  37 
2639	2  26  18 
2641	2   8  16 
2641	2  32  30 
2643	2  25  23 
2645	2   7  10 
2645	2  32  30 
2647	2  12   9 
2647	2  38  35 
2649	2   8  16 
2649	2  32  30 
2651	2  25  23 
2653	2   7  10 
2653	2  38  35 
2655	2  12   9 
2655	6  37  29 
2657	2   8  16 
2657	2  26  18 
2659	2   7  10 
2661	2  15  29 
2663	2  15  29 
2665	2  25  23 
2667	2  24  37 
2669	2  15  29 
2671	2  12   9 
