   1	6  20  10 
   7	2   3   4 
   9	2   3   4 
   1	2  33  28 
   3	2  33  28 
   5	2  33  28 
   7	2  13  27 
   9	2  15  17 
   1	6  31  24 
   9	6  35  32 
  11	2   5  10 
  11	2   8   6 
  13	2  16   2 
  15	6  23  15 
  15	2  31  32 
  17	2  31  32 
  15	2   3   4 
  19	2  31  32 
   9	6  24  18 
  15	2  18   0 
  21	2   5  10 
  17	2  18   0 
  21	2   8   6 
  21	2  32  31 
  23	2  16   2 
  25	2  16   2 
  27	2   5  10 
  21	2  35  29 
  21	2  19  20 
  23	2  35  29 
  25	2  35  29 
  27	2  23  17 
  29	2  23  17 
  23	2  19  20 
  25	2  19  20 
  23	2  32  31 
  25	2  32  31 
  27	2  13  27 
  29	2  13  27 
  31	6  35  29 
  31	2   5  16 
  33	2   5  16 
  35	2   5  16 
  31	2   8   6 
  33	2  18   0 
  35	2  18  20 
  37	6  21  18 
  35	6   7   1 
  43	2  33  19 
  43	6  17   3 
  45	2  33  19 
  47	2  21  20 
  49	2  17  28 
  47	2  30  18 
  51	2  34  23 
  49	2   7  25 
  51	2  30  18 
  53	2  34  23 
  53	2  30  18 
  51	2  21  20 
  51	6   3   0 
  55	2  17  28 
  57	6  18   6 
  57	2  10   3 
  59	2  17  28 
  61	2  10   3 
  61	2  34  23 
  53	6  20  14 
  59	6  14   8 
  63	2  17  23 
  63	2  10   3 
  63	6  27  24 
  65	2   5   3 
  67	2   5   3 
  69	2  33  19 
  69	2   5   3 
  65	2  17  23 
  71	2   7  25 
  67	2  17  23 
  71	6   4   3 
  73	2  27  15 
  75	2  27  15 
  73	2  18  24 
  75	2  18  24 
  73	6   6   1 
  77	2  27  15 
  77	2  18  24 
  79	6  17   4 
  79	2   7  25 
  81	2  27  35 
  81	2   0   7 
  83	2   0   7 
  85	2   0   7 
  83	2  27  35 
  81	2  14  15 
  85	2  27  35 
  83	2  14  15 
  85	2  14  15 
  87	2  27  21 
  89	2  27  21 
  91	2  27  21 
  87	2   3   1 
  89	2   3   1 
  91	2   3   1 
  81	2  25  30 
  93	2   0   8 
  95	2   0   8 
  97	2   0   8 
  83	2  25  30 
  85	2  25  30 
  87	2  19  31 
  89	2  19  31 
  91	2  19  31 
  93	2  19  21 
  95	2  19  21 
  97	2  19  21 
  99	6  32  18 
  99	6   5   3 
  99	6  15  14 
  87	6  29  23 
  93	6  23  17 
 105	6   3   1 
 105	2  28  32 
 107	2  28  32 
 105	2  18  14 
 107	2  18  14 
 109	2  18  14 
 109	2  28  32 
 111	6  26  13 
 111	2  10   3 
 113	2  10   3 
 115	2  10   3 
 111	6  34  22 
 117	6   4   2 
 117	2  22  15 
 119	2  22  15 
 121	2  22  15 
 123	2   8   1 
 125	2   8   1 
 127	2   8   1 
 117	2  26  33 
 119	2  26  33 
 121	2  26  33 
 123	2  26  27 
 125	2  26  27 
 127	2  26  27 
 123	2  17   4 
 125	2  17   4 
 127	2  17   4 
 129	6   9   7 
 129	2  17   5 
 131	2  17   5 
 133	2  17   5 
 111	6  30  24 
 135	2   9  16 
 117	6  31  30 
 117	6  19  18 
 123	6  30  18 
 137	2   9  16 
 123	6  35  34 
 129	6  34  31 
 135	2  34  28 
 137	2  34  28 
 135	2  25  31 
 137	2  25  31 
 135	6  18  13 
 139	2  25  31 
 139	2  34  28 
 139	2   9  16 
 135	6  11   5 
 141	6  28  27 
 141	2  32  25 
 143	2  32  25 
 145	2  32  25 
 141	2  13  14 
 143	2  13  14 
 145	2  13  14 
 141	2  16  23 
 143	2  16  23 
 147	2  13  27 
 145	2  16  23 
 149	6  10   8 
 149	2  32  26 
 151	2  32  26 
 153	2  32  26 
 149	6  22  21 
 155	6  33  26 
 155	2   2   0 
 157	2   2   0 
 159	2   2   0 
 155	2  29  17 
 157	2  29  17 
 159	2  29  17 
 161	6  26  15 
 161	6  23  11 
 167	2  34  16 
 149	6  24  18 
 155	6  18  12 
 169	2  21   9 
 171	2  34  16 
 161	6  12   1 
 167	6  30  12 
 173	2   1   4 
 173	2  26  31 
 173	6  28  23 
 175	2   1   4 
 179	2  34  16 
 175	6  26  25 
 177	6   7   0 
 181	2  25  31 
 181	2  21   9 
 181	2  17  23 
 183	6  28  26 
 183	2   2  15 
 189	2  17  23 
 185	2   1   4 
 187	2   4   3 
 189	2   4   3 
 187	2   8   1 
 189	2   8   1 
 189	2  26  19 
 191	2   8   1 
 191	2   4   3 
 191	2  17  23 
 191	2  26  19 
 193	6  29  17 
 193	2   1  12 
 193	2  21   9 
 195	2  14   9 
 199	2  22   8 
 199	2   4  11 
 201	2   4  11 
 201	2  23  29 
 203	2  23  29 
 203	2   7   3 
 205	2   4  11 
 207	2  10  17 
 193	2  25  31 
 195	2  31  30 
 197	2  31  30 
 199	2  31  30 
 197	2  26  19 
 201	2  25  19 
 205	2  21  28 
 203	2  25  19 
 205	2  30  32 
 205	2   1  12 
 207	2  13  27 
 209	2  30  32 
 209	2   1  12 
 209	2  14   9 
 211	2  25  19 
 213	2  30  32 
 211	2  21  28 
 211	2   4   1 
 213	2  22   8 
 213	6  19  12 
 215	2   2  15 
 215	2  23  29 
 217	2  21  28 
 217	2  10  17 
 215	6  30  24 
 219	2   7   3 
 221	2   7   3 
 219	2  23  29 
 221	2  23  29 
 223	2  10  17 
 225	2   2  15 
 227	2   2  12 
 225	2  23  29 
 227	2  29  23 
 221	6  33  31 
 227	6  15  10 
 233	2  22   8 
 235	2   4   1 
 235	2  29  23 
 229	2  19  26 
 231	2  19  26 
 233	2  19  26 
 235	2  19  24 
 235	6  21  15 
 237	2  11  10 
 237	2  29  23 
 239	2   4   1 
 241	2  13  27 
 241	2  11  10 
 243	6  15   1 
 243	2  19  24 
 245	2  19  24 
 243	6  33  29 
 247	6  24  18 
 249	2   8   1 
 251	2  14   9 
 253	2   2  12 
 255	2   2  12 
 253	2  11  10 
 253	2  31  21 
 257	2   8   1 
 255	2  31  21 
 257	2  31  21 
 259	2  14   9 
 261	2  14   9 
 259	2  27  25 
 261	2  17  29 
 261	6  24  12 
 263	2  17  29 
 263	2  14   9 
 265	2  15  21 
 265	2   8   1 
 265	2  17  29 
 267	6  32  24 
 267	2  10   9 
 273	2  32  26 
 275	2  32  26 
 267	2  34  29 
 269	2  10   9 
 269	2  34  29 
 271	2  34  29 
 267	2   1   2 
 269	2   1   2 
 271	2  10   9 
 273	2  13  16 
 275	2   8  11 
 277	6  19   7 
 277	2  15  21 
 279	2  15  21 
 277	2  17   4 
 279	2  17   4 
 281	2  17   4 
 277	6  34  33 
 283	2  13  16 
 285	2  17  29 
 287	2  17  29 
 285	2  14  24 
 287	2  14  24 
 289	2   8  11 
 291	2   8  11 
 293	2   1   2 
 295	2   2   4 
 289	2  27  25 
 291	2  27  25 
 293	2  22  19 
 295	2  22  19 
 297	2  13  16 
 299	2  17  29 
 297	2  32  26 
 299	2  33  32 
 299	2  14  24 
 301	2   2   4 
 301	2  22  19 
 301	2  33  32 
 303	2  27  16 
 305	2  27  16 
 303	2  19  31 
 305	2  19  31 
 307	2  27  16 
 307	2  19  31 
 303	6   4   3 
 309	2  19  26 
 311	2  19  26 
 309	2  34  29 
 313	2  19  26 
 311	2  34  29 
 309	2  15   7 
 313	2  34  29 
 311	2  11   9 
 313	2  15   7 
 309	6  30  24 
 315	2  15   7 
 315	2  31  30 
 313	6  11   4 
 317	2  33  32 
 317	2  18   8 
 315	6  29  28 
 319	2  18   8 
 319	2  21  16 
 321	6  20  13 
 321	2  11  29 
 323	2  11  29 
 325	2  11  29 
 327	2  15  10 
 321	2  31  30 
 321	2   2   3 
 323	2  31  30 
 327	2  33  30 
 323	6   3   2 
 329	6  32  30 
 329	2  22  11 
 331	2  22  11 
 333	2  15  10 
 335	2  15  10 
 335	2  33  32 
 329	2   7  19 
 331	2   7  19 
 333	2   7  19 
 337	6  34  29 
 337	2  18   8 
 339	2   4   9 
 341	2  21  16 
 341	6   4   3 
 343	2  21  16 
 345	2  34  20 
 347	6  17   4 
 347	2  34  20 
 349	2  33  32 
 351	2  34  20 
 347	6   2   1 
 353	6  34  31 
 359	2  31  25 
 353	2  17  16 
 353	2  20  14 
 355	2  20  14 
 353	2   3   9 
 355	2  17  16 
 357	2  20  14 
 357	2  17  16 
 359	2  22  11 
 353	6   6   1 
 359	6  14   9 
 365	2  15  16 
 367	2  15  16 
 361	2  31  25 
 363	2  31  25 
 365	2  32  33 
 367	2  32  33 
 365	6  20  19 
 371	2  18  19 
 369	2   9   4 
 369	2  27  22 
 371	2  32  33 
 373	2  18  19 
 375	2  18  19 
 371	2   9   4 
 373	2   9   4 
 371	2  23  21 
 373	2  27  22 
 375	2  23  21 
 375	6   4   2 
 381	2  11   4 
 383	2  11   4 
 385	2  11   4 
 377	2  23  21 
 379	2  27  22 
 381	2  14  22 
 383	2  14  22 
 385	2  14  22 
 373	6  31  30 
 381	6  34  33 
 377	6  18   6 
 387	2   6   7 
 387	2  15  16 
 383	2  30  18 
 385	2  30  18 
 389	2   6   7 
 387	2  30  18 
 389	2  25  33 
 389	6  15   3 
 395	2  15  26 
 397	2  14  20 
 391	2   6   7 
 399	2  15  26 
 401	2  15  26 
 395	6   7   2 
 401	2   3   2 
 391	6  30  18 
 389	6  23  11 
 395	6  28  23 
 401	2  17  23 
 403	6   4   2 
 403	2  17  23 
 405	2  17  23 
 403	2  25  33 
 403	2  15  21 
 405	2  15  21 
 405	2  25  33 
 407	2  15  21 
 407	6  18   6 
 409	2   3   4 
 409	2  14  20 
 413	2  19   7 
 411	2   3   4 
 415	2   2   6 
 417	2   2   6 
 419	2   2   6 
 409	2  22  33 
 411	2  22  33 
 413	2  22  33 
 415	2  14  20 
 415	2  16  23 
 421	2  14  32 
 423	6  26   8 
 417	6  23  11 
 423	6  17  16 
 429	2  17  11 
 429	2  19   7 
 431	6  34  31 
 431	2   8   9 
 431	2  17  11 
 433	2   8   9 
 435	2   8   9 
 437	6  23  20 
 437	6  10   9 
 443	6  27  25 
 443	2   8   2 
 445	2   8   2 
 447	2   8   2 
 449	2   8   2 
 449	2  34  28 
 443	2  23  16 
 451	2   8   2 
 451	2  34  28 
 445	2  23  16 
 449	2  26  25 
 453	2   8   2 
 447	2  23  16 
 453	2  34  28 
 449	2  23  17 
 451	2  26  25 
 453	2  26  25 
 455	2  20  26 
 455	2  34  29 
 457	6  26  14 
 463	2  26  32 
 465	2  26  32 
 467	2  20  14 
 467	2  30  25 
 469	2  30  25 
 457	2  34  29 
 459	2  34  29 
 461	2  10  22 
 471	2  30  25 
 463	2  10  22 
 465	2  10  22 
 467	2  16  22 
 469	2  20  14 
 469	2  23  17 
 471	2  28  15 
 467	6   4   2 
 473	6  29  15 
 479	2  19   7 
 481	2   7  14 
 479	2  16  22 
 473	2  30  31 
 475	2  30  31 
 477	2  30  31 
 481	2  28  29 
 483	2   6  20 
 483	2  28  29 
 473	6  11   4 
 479	6   4   3 
 481	6  30  24 
 485	2  23  17 
 485	2  27   9 
 487	6  24  12 
 487	2  27   9 
 489	2  27   9 
 491	2  27  21 
 491	2  29  34 
 491	2  17  11 
 491	6   3   1 
 493	2  29  34 
 493	2  27  21 
 493	2  17  11 
 495	2  16  22 
 497	2  17  11 
 499	2  16  10 
 501	2  16  10 
 497	2   7  14 
 503	2  16  10 
 497	2  27  21 
 493	2  25  18 
 505	2  15   9 
 495	2  29  34 
 499	2  23  29 
 501	2  23  29 
 503	2  23  29 
 505	2  23  11 
 507	2  23  11 
 495	2  25  18 
 499	2   1  12 
 509	2  23  11 
 501	2   1  12 
 499	2  31  27 
 507	2  15   9 
 501	2  31  27 
 503	2  25  18 
 505	2  33  19 
 507	2  33  19 
 509	2   6  20 
 511	6  11   4 
 511	2  33  19 
 513	2  31  27 
 511	2  15   9 
 513	2   1  12 
 515	2   6  20 
 517	6   6   2 
 517	2  20  28 
 519	2  20  28 
 521	2  21  19 
 523	6  26  15 
 523	2  18   6 
 525	2  18   6 
 527	2  18   6 
 529	6  27  19 
 535	2  20  28 
 535	2   6  12 
 529	2   2   9 
 537	2  26  32 
 537	2   7  14 
 517	6  17  11 
 539	2  25   7 
 537	6  28  17 
 541	2  25   7 
 543	6  25  13 
 543	2   2   9 
 543	2  28  33 
 545	2  28  33 
 545	2   2   9 
 547	2  21  27 
 547	2   9  17 
 549	6  31  25 
 549	2  21  27 
 551	2  28  33 
 549	2   9  17 
 553	2  28  34 
 555	2  26  32 
 557	2  26  32 
 555	2  28  34 
 551	2   9  17 
 557	2  28  34 
 549	2  13   7 
 553	2   1   2 
 559	2   7  21 
 561	6  28  25 
 561	2   1   2 
 563	2   1   2 
 561	2  15  14 
 565	2   2   1 
 563	2  15  14 
 561	2   6  12 
 563	2   6  12 
 565	2  15  14 
 567	6  22  15 
 567	2   2   1 
 567	2  33  27 
 569	2  20  26 
 571	2  20  26 
 569	2   2   1 
 567	6  35  29 
 571	6  18   6 
 573	2  16  28 
 575	2  16  28 
 577	2  16  28 
 573	2  20  26 
 577	2   8  13 
 579	6  20  10 
 585	2  19  14 
 585	2  22  32 
 587	6  32  27 
 587	2  10  17 
 587	2  19  14 
 589	2  10  17 
 589	2   8  13 
 591	2  10  17 
 591	2  19  14 
 591	6   6   2 
 593	2  20  14 
 595	2  20  14 
 593	2  33  32 
 595	2  22  27 
 593	6  25  18 
 597	2  15   2 
 599	2   8  13 
 599	2  22  27 
 601	6  16   9 
 601	2  12  18 
 603	2  12  18 
 601	2  20  14 
 605	2  12  18 
 601	2  33  32 
 603	2  25  26 
 607	2   1  19 
 607	2  17   4 
 587	6  35  29 
 603	6  33  28 
 609	6  13   6 
 609	2  15   2 
 611	2  15   2 
 609	2  25  26 
 611	2  25  26 
 613	2  33  25 
 615	2   7  21 
 617	6  19   8 
 617	2  29  27 
 619	2  29  27 
 621	2  29  27 
 609	6  11   4 
 615	2  17  11 
 617	2  17  11 
 623	6   4   3 
 623	2   7  21 
 625	2   1   8 
 625	2  33  25 
 627	2   1   8 
 629	2   7   6 
 629	2   3   2 
 631	2   3   2 
 633	2   3   2 
 631	2   7   6 
 633	2   7   6 
 627	2  33  25 
 625	2  22  21 
 627	2  22  21 
 629	2  28  16 
 631	2  22  21 
 633	2  28  16 
 629	6  32  19 
 635	6  21   7 
 635	6  25  18 
 635	6  11   4 
 641	6  22  20 
 641	2   2   7 
 647	2  21  27 
 643	2   2   7 
 649	2  22  29 
 645	2   6  12 
 647	2   2   7 
 649	2   1   2 
 651	2   1   2 
 649	2   6  12 
 651	2  32  34 
 651	2   6  12 
 649	6  14   9 
 655	2  20  25 
 655	2  28  16 
 657	2  21  27 
 659	2  19  15 
 661	2  19  15 
 659	2  32  34 
 653	2   1   2 
 663	2  19  15 
 661	2  32  34 
 655	6   6   1 
 661	6   4   2 
 665	2  20  25 
 665	2  23  34 
 667	2   1   3 
 667	2  14  19 
 667	2  23  34 
 667	2  32  26 
 669	6   2   1 
 669	2  22  29 
 669	2  20  25 
 671	2  32  26 
 669	2   9  15 
 673	2  32  26 
 671	2  14  19 
 673	2   9  15 
 671	2  22  29 
 673	2  23  34 
 669	6  12   6 
 675	6  30  12 
 675	2  34  29 
 681	2  14  19 
 675	2   2   3 
 677	2  34  29 
 675	2  10  16 
 675	2  21  27 
 677	2   2   3 
 679	2  34  29 
 681	2   7   1 
 677	2  10  16 
 679	2  10  16 
 681	6  27  17 
 687	2  32  25 
 687	2   8  22 
 689	6  27  13 
 695	2  13  20 
 689	2  10  17 
 695	2  27  28 
 697	2  32  25 
 699	2  32  25 
 697	2   7   1 
 701	2  13  20 
 703	2  19  18 
 705	2  19  18 
 691	2  10  17 
 695	2   9  15 
 703	2   7   1 
 697	2  10  17 
 699	2   9  16 
 701	2   9  16 
 703	2  17  10 
 697	2  27  28 
 699	2  27  28 
 701	2  27  33 
 703	2  21  15 
 705	2   8  22 
 707	2  17  10 
 707	2  21  15 
 709	2   8  22 
 707	2  19  18 
 711	2  13  20 
 703	2  30  32 
 705	2  30  32 
 707	2  30  32 
 711	2  27  33 
 711	2   9  16 
 713	6   6   1 
 713	2  17  10 
 713	2  19  20 
 719	2   6  18 
 713	2  27  33 
 715	2  21  15 
 717	2  26  14 
 719	2  26  14 
 715	6  23  11 
 721	6  11   3 
 721	2  13  25 
 727	2   3   1 
 723	2  26  14 
 725	2  19  20 
 727	2  19  20 
 725	2  33  34 
 727	2  33  34 
 729	2  33  34 
 729	2   3   1 
 727	6  22  11 
 731	2   6  18 
 733	2  28  14 
 735	6  10   2 
 735	2   6  18 
 737	2  13  25 
 741	2  10  11 
 743	2  10  11 
 735	2  22  21 
 739	2  13  25 
 745	2  10  11 
 741	2  28  14 
 743	2  22  21 
 745	2  29  26 
 747	2   4  16 
 743	6  18  12 
 743	6   2   1 
 747	6  27  20 
 749	2   9   8 
 751	2   4  16 
 753	6  34  27 
 753	2   3   2 
 755	2   4  16 
 757	2   3  10 
 759	6  34  29 
 759	2   3  10 
 759	2   7  20 
 761	2   7  20 
 763	2   2  15 
 749	6  30  24 
 765	2   2  15 
 761	6  17  11 
 767	2   2  15 
 769	2  22  21 
 771	2  34  26 
 769	2   9   8 
 771	2   9   8 
 755	6  24  18 
 763	2  13  18 
 765	2  13  18 
 767	2  13  18 
 767	6  11   4 
 773	2  34  26 
 773	2   4   2 
 769	6  18   6 
 775	6  16  13 
 781	2   3  10 
 775	2  34  33 
 783	2   9  21 
 777	2  34  33 
 785	2  28  14 
 781	6  32  25 
 781	6   6   1 
 787	2   4   2 
 787	2  13  12 
 787	2  17  28 
 789	2  29  11 
 791	2  29  11 
 793	2  34  33 
 793	2  10  15 
 789	2  13  12 
 795	2  29  11 
 787	2  26  25 
 791	2  13  12 
 789	2  26  25 
 791	2  26  25 
 793	2  12  13 
 795	2   7  20 
 797	2  34  29 
 797	2   9  21 
 799	2  22  32 
 801	2  22  32 
 797	2  12  13 
 803	2  22  32 
 805	2  17  28 
 799	2   4   2 
 799	2  12  13 
 807	2  17  28 
 809	2  34  29 
 801	2  14  19 
 803	2  14  19 
 809	2   9  21 
 809	2  17  11 
 811	2  10  15 
 813	2  20  18 
 813	2  16   9 
 815	2  16   9 
 817	2  17  11 
 815	2  20  18 
 801	2   7   6 
 819	2  16   9 
 821	2  17  11 
 817	2  20  18 
 803	2   7   6 
 821	2  14  19 
 811	2  34  29 
 805	2   7   6 
 807	2   1   7 
 809	2   1   7 
 811	2   1   7 
 813	2   7   1 
 815	2   7   1 
 817	2   7   1 
 805	6  32  31 
 813	6  33  29 
 819	6  27  21 
 823	2   9   1 
 823	6  29  17 
 825	2   9   1 
 827	2   2  20 
 829	2   8  21 
 811	6  31  30 
 829	6  34  33 
 831	2   8  21 
 833	2   8  21 
 819	6  30  24 
 829	6  24  12 
 835	2   2  20 
 837	2   9   1 
 839	2   2  20 
 839	2  12   6 
 841	6  32  25 
 841	2  12   6 
 841	2  10  15 
 843	2  12   6 
 843	2  17   4 
 843	2  21  14 
 845	2  28  27 
 845	2  13   6 
 845	2  17   4 
 847	2  28  27 
 847	2  19   8 
 849	2  19   8 
 849	2  28  27 
 847	6  16  10 
 851	2  29  28 
 851	2  12  24 
 851	2  21  14 
 851	6  33  32 
 853	2  19   8 
 855	2  21  14 
 855	2  12  24 
 857	2  12  24 
 853	2  29  28 
 855	2  29  28 
 859	2  13   6 
 861	2  13   6 
 855	2  17   4 
 863	2  18  14 
 865	2  18  14 
 857	2  11  17 
 859	2  11  17 
 861	2  11  17 
 857	6  33  29 
 863	2  22  29 
 865	2  22  29 
 857	6   3   2 
 867	2  22  29 
 863	2   3   4 
 865	2   3   4 
 869	2  22  21 
 867	2   3   4 
 871	2  18  14 
 869	6  10   3 
 873	2  32  19 
 873	2  22  21 
 875	6  29  17 
 875	2  20  15 
 877	2  32  19 
 881	2  16  17 
 879	2  18  13 
 881	2   8   3 
 881	2  32  19 
 883	6  33  19 
 883	2  16  17 
 885	2  16  17 
 883	2   8   3 
 885	2   8   3 
 887	2  17  10 
 889	6  11  10 
 889	2   7  12 
 889	2  20  15 
 891	2  20  15 
 891	2   7  12 
 893	2   8  19 
 893	2  22  21 
 889	6  34  32 
 895	2  29  22 
 895	2  10  14 
 895	6  25  24 
 897	2  10  14 
 899	2  17  11 
 899	2   7  12 
 901	2  17  11 
 897	2  29  22 
 899	2  15  28 
 901	2  29  22 
 901	2   9   3 
 901	2  20  25 
 901	6  13  12 
 903	2  16  34 
 905	2  16  34 
 907	2  16  34 
 907	2  18  12 
 903	6  26  20 
 907	6   7   2 
 909	2  18  12 
 909	2  15  28 
 913	2   9   3 
 915	2   9   3 
 917	2  15  28 
 913	2  13  12 
 909	2  26  25 
 915	2  13  12 
 917	2  13  12 
 911	2  26  25 
 909	6  17  11 
 919	6  33  31 
 925	2  34  29 
 919	2  22  16 
 927	2  34  29 
 919	2   7  20 
 921	2   7  20 
 923	2   7  20 
 921	2  22  16 
 929	2  34  29 
 923	2  22  16 
 925	2   3  16 
 927	2   3  16 
 925	2  32  20 
 929	2   3  16 
 927	2  32  20 
 931	2   8  19 
 931	6  28  17 
 933	2   8  19 
 935	2  32  20 
 937	6  10   7 
 937	2  21  20 
 937	2  31  32 
 939	2  21  20 
 939	2  31  32 
 941	2  31  32 
 941	2  21  20 
 943	2   7  14 
 943	2  31  18 
 937	6  34  29 
 943	6  27  22 
 949	2  28  21 
 951	2  28  21 
 953	2  28  21 
 945	2  31  18 
 947	2  31  18 
 949	2  18  12 
 945	2   7   2 
 947	2   7   2 
 949	2   7   2 
 951	2  18  12 
 953	2  18  12 
 949	2  26  32 
 951	2  26  32 
 953	2  26  32 
 951	6   3   1 
 955	2  28  32 
 955	2  20  19 
 957	6  17   3 
 963	2  15   8 
 957	2  20  19 
 965	2  15   8 
 959	2  27  31 
 963	2  28  32 
 965	2  27  31 
 959	6  18   6 
 967	6  34  33 
 967	2  14  25 
 969	2  14  25 
 967	2  22  10 
 971	2  14  25 
 969	2  22  10 
 971	2  22  10 
 967	6   6   1 
 973	6  12   6 
 973	2  28  32 
 973	2  15   8 
 975	2  15   9 
 975	2  27  31 
 977	2  20  19 
 977	2  10   4 
 977	6  33  31 
 983	2  25  31 
 979	2  13   8 
 981	2   7  14 
 979	2  10   4 
 983	2   7  14 
 981	2  10   4 
 983	2   4   3 
 979	6  22  21 
 985	2  25  31 
 987	2  25  31 
 985	2   7  14 
 989	2  31  32 
 987	2  14  16 
 991	2  20  26 
 993	2  20  26 
 989	2  13   8 
 995	2  31  32 
 985	2   4   3 
 991	2  13   8 
 987	2   4   3 
 989	2  10  17 
 997	2  31  32 
 993	2   7  13 
 991	2  10  17 
 993	2  10  17 
 995	2   4   2 
 997	2   4   2 
 999	2  11  10 
1001	2  11  10 
1003	2   4   2 
1005	2  11  10 
 995	2  21  18 
 997	2  21  18 
1005	2   1   2 
 999	2  20  26 
1007	2   1   2 
1001	2  21  18 
1003	2  18  21 
1005	2  18  21 
1007	2  18  21 
1009	2  22  21 
1009	2   8   4 
1001	6  32  31 
1009	6  31  24 
1011	2   7  13 
1013	2  14  16 
1015	2  14  16 
1013	2   1   2 
1015	6   6   1 
1017	2  29  17 
1017	2  27  20 
1019	2  22  21 
1021	6   3   1 
1021	2  22  21 
1023	2  27  20 
1025	2  21  25 
1027	2  21  25 
1029	2  26  12 
1023	2  29  17 
1025	2  29  17 
1031	2   7  13 
1031	2  21  25 
1033	2  28  29 
1035	2  28  29 
1037	2  28  29 
1027	2  10   3 
1029	2  10   3 
1033	2   8   4 
1035	2   8   4 
1033	2  21  16 
1035	2  21  16 
1037	2  15   9 
1037	2   1  19 
1037	6  17  11 
1039	2   1  19 
1041	2   1  19 
1039	2  15   9 
1043	2  22   9 
1043	6  24  12 
1045	2  33  15 
1047	2  33  15 
1049	2  33  15 
1043	6  11   5 
1051	6  17   9 
1057	2  10   3 
1051	2   7  12 
1053	2   7  12 
1051	2  26  24 
1053	2  27  20 
1059	2  22  17 
1059	2   3   2 
1061	2   3   2 
1055	2  26  24 
1055	2   7  12 
1057	2  18  24 
1059	2  18  24 
1061	2  18  24 
1061	2  22  17 
1057	2   6  14 
1059	2   6  14 
1061	2   6  14 
1057	6  34  32 
1063	6  34  23 
1063	2   9  19 
1069	2  17  23 
1065	2   9  19 
1067	2   9  19 
1069	2   3   2 
1069	2   7  13 
1069	6  15  10 
1071	2  17  23 
1071	2  19  27 
1073	2   7  13 
1075	2  22  26 
1077	2  25  15 
1075	6   2   1 
1079	2  17  23 
1081	2   5   2 
1079	2  19  27 
1081	2  22  26 
1083	2   5   2 
1083	2  19  27 
1085	2  22  26 
1085	2   5   2 
1085	6  18  12 
1087	2   4  10 
1087	2   8  20 
1089	2  21  16 
1091	6  12   2 
1091	2  16  23 
1097	2   7  13 
1091	2  26  27 
1093	2  16  23 
1095	2  16  23 
1093	2  26  27 
1095	2  26  27 
1099	2   8  20 
1097	2   4  10 
1099	2   4  10 
1097	6  24  18 
1101	2   8  20 
1097	6  33  29 
1103	6  33  19 
1103	2   2  10 
1105	2   2  10 
1109	2  12  19 
1111	2  12  19 
1113	2  12  19 
1107	2   2  10 
1109	6  21   8 
1109	6  17   5 
1115	6  22   9 
1115	2  24  19 
1115	2   6  12 
1117	2  24  19 
1117	2   6  12 
1119	2   6  12 
1119	2  24  19 
1121	6  19  15 
1121	6   7   2 
1115	6  35  33 
1121	6  35  23 
1127	6  24  13 
1127	2   5  23 
1129	2  21  26 
1129	2  17  29 
1131	2  22  28 
1131	6  11   4 
1133	2  12   7 
1135	2  12   7 
1137	2   9  14 
1139	2   3   8 
1141	2   3   8 
1143	2   3   8 
1133	2  22  28 
1135	2  22  28 
1145	2   8   6 
1133	2  25  19 
1135	2  25  19 
1137	2  18  19 
1139	2  21  26 
1141	2  20  25 
1143	2  20  25 
1145	2  20  25 
1147	2  25  24 
1149	2  18  19 
1151	2  18  19 
1137	2  17  29 
1139	2  17  29 
1141	2  11  17 
1141	2  28  29 
1153	2  25  24 
1147	2  15  27 
1149	2   8   6 
1143	2  11  17 
1145	2  11  17 
1149	2   5  23 
1151	2  28  29 
1155	2  25  24 
1153	2  28  29 
1151	2   9  14 
1153	2   9  14 
1155	2   5  23 
1155	2   8   6 
1157	6  18   7 
1157	2  28  35 
1159	2  28  35 
1157	2  23  17 
1159	2  23  17 
1161	2  23  17 
1161	2  15  27 
1163	6  25  24 
1163	2  28  35 
1163	2   5   2 
1169	2  21  26 
1165	2   7   9 
1167	2   7   9 
1169	2   5   2 
1169	2  12  18 
1165	6  29  23 
1171	6   3   1 
1171	2  16  20 
1173	2  16  20 
1175	2  16  20 
1171	6  33  28 
1177	6  26  18 
1177	2   5   2 
1179	2   2  16 
1181	2   2  16 
1183	6  22  10 
1183	2  19   1 
1185	2  19   1 
1187	2  19   1 
1189	6  22  14 
1195	2  21  11 
1197	2  13  14 
1199	2  13  14 
1201	2  13  14 
1203	2  14  20 
1203	2  18  12 
1197	2  22  23 
1205	2  33  26 
1197	2  10   3 
1207	2  33  26 
1199	2  22  23 
1201	2  22  23 
1203	2  22  23 
1205	2  18  12 
1205	2  22  23 
1207	2  22  23 
1199	2  10   3 
1209	2  25  13 
1211	2  14  20 
1211	2  24   6 
1213	2  14  20 
1213	2  18  12 
1215	2  24   6 
1201	2  10   3 
1217	2  33  26 
1219	2  24   6 
1221	2  25  13 
1223	2  25  13 
1219	2  35  33 
1221	2  35  33 
1223	2  35  33 
1203	2   3  10 
1205	2   3  10 
1207	2   3  10 
1209	6  17   3 
1215	6  22  10 
1221	6  10   2 
1227	2  10  16 
1229	2  17  29 
1225	2  26  20 
1227	2  26  20 
1225	2  18  13 
1229	2  26  20 
1227	2  18  13 
1229	2   7   9 
1231	6  32  22 
1231	2   8   3 
1233	2   8   3 
1235	2   8   3 
1237	6   5   4 
1237	2  19   7 
1239	2  19   7 
1241	2  19   7 
1237	2  15  27 
1239	2  17  29 
1241	2  17  29 
1239	2  32  27 
1239	2  15   9 
1241	2  32  27 
1243	2  32  27 
1241	2  15   9 
1243	2   1   4 
1245	2   1   4 
1245	2  19  27 
1247	2  25  32 
1247	2  21  11 
1249	2  21  11 
1249	2  25  32 
1251	2  25  32 
1251	2  10  17 
1247	6   6   2 
1251	6  29  21 
1253	2  24   6 
1255	2   1   4 
1257	6  16   2 
1263	2  16  11 
1265	2  10  17 
1267	2  23  29 
1257	2  18  13 
1269	2  23  29 
1263	2  19  27 
1263	2   1   8 
1265	2  19  27 
1267	2  16  11 
1265	2   1   8 
1271	2  23  29 
1267	2   1   8 
1269	2  24   6 
1271	2  24   6 
1269	2  15   9 
1271	2   3   9 
1273	2   2   7 
1275	2   2   7 
1271	2  16  11 
1273	2   4  15 
1277	2   2   7 
1275	2   4  15 
1277	2   4  15 
1279	2  21  14 
1279	2   3   9 
1281	2  21  14 
1281	2  10  17 
1283	2  21  14 
1283	2   3   9 
