   1	6  14   4 
   7	2  24  22 
   9	2  24  22 
   1	2   6  12 
   3	2   6  12 
   5	2   6  12 
   1	6  20  15 
   7	6   4   2 
  11	2  24  22 
   7	6  15   5 
   7	6  13  12 
  13	6   3   1 
  13	2  21  20 
  15	2  21  20 
  17	2  21  20 
  19	2  20  21 
  21	2  20  21 
  23	2  20  21 
  13	2  11  17 
  15	2  11  17 
  17	2  11  17 
  19	2   5   7 
  21	2   5   7 
  23	2   5   7 
  13	2  19  14 
  15	2  19  14 
  17	2  19  14 
  19	2   4   9 
  21	2   4   9 
  23	2   4   9 
  19	6  18  17 
  25	6   8   3 
  25	2  17  15 
  27	2  17  15 
  29	2  17  15 
  25	2   6   5 
  25	2  14  19 
  27	2  14  19 
  29	2  14  19 
  31	2  13   9 
  33	2  13   9 
  35	2  13   9 
  27	2   6   5 
  29	2   6   5 
  31	6  24  22 
  31	6   2   0 
  31	6  15  11 
  37	6  11   1 
  37	6  13   8 
  37	6  24  19 
  37	6  21  20 
  43	6  22  18 
  49	2  13  23 
  51	2  13  23 
  43	2  10   0 
  45	2  10   0 
  47	2  11  16 
  49	2  11  16 
  51	2  11  16 
  43	2   2   3 
  45	2   2   3 
  47	2   2   3 
  49	2   1   2 
  51	2   4   3 
  53	2  15  11 
  53	2   4   3 
  53	2  13  23 
  55	2  16  17 
  55	2   4   3 
  55	2  19  13 
  51	6   5   0 
  57	2  19  13 
  57	2  23  22 
  59	2  16  17 
  61	2  23  22 
  57	2  10   5 
  59	2  10   5 
  61	2  10   5 
  57	2   1   2 
  59	2   1   2 
  59	2  19  13 
  61	2  19  14 
  61	6  12   8 
  63	2  23  22 
  63	2  10   5 
  65	2  10   5 
  67	2  10   5 
  65	2  21  22 
  67	2  16  17 
  69	2  21  22 
  67	2  13   9 
  69	2  10   5 
  71	2  21  22 
  69	2  19  14 
  71	2   0   2 
  73	2   0   2 
  71	2  15  11 
  73	2  15  11 
  75	2   6  16 
  77	2   6  16 
  73	2  24  23 
  75	2  24  23 
  77	2  19  14 
  79	6  18  12 
  79	2   0   2 
  79	6  15  10 
  79	6  22  21 
  85	2  12   7 
  85	2  24  23 
  81	6   1   0 
  79	6  14   9 
  85	6  21  15 
  87	2  12   7 
  89	2  12   7 
  85	6   9   4 
  91	6  11   6 
  91	2  13  14 
  93	2  13  14 
  95	6  13   9 
  97	2  11  16 
  99	2  15   5 
  91	6   3   2 
 101	6  21  20 
 101	2   6   2 
 103	2   6   2 
 107	2  15   5 
 109	2   6   2 
 111	2  10   0 
 101	2  13  17 
 113	2  10   0 
 103	2  13  17 
 105	2  13  17 
 115	2  10   0 
 111	2   9   3 
 107	2  22  17 
 109	2  22  17 
 111	2   7  12 
 113	2   7  12 
 113	2   9   3 
 115	2   7  12 
 115	2   9   3 
  95	6  24  19 
 111	6  23  21 
 117	6  10   5 
 117	2   2   4 
 117	2  16  12 
 119	2  16  12 
 121	2  16  12 
 119	2   2   4 
 121	2   2   4 
 123	2   4   9 
 123	2  21  11 
 125	2   4   9 
 125	2  21  11 
 127	2  21  11 
 127	2   4   9 
 117	2  23  18 
 119	2  23  18 
 121	2  23  18 
 123	2  24  18 
 125	2  24  18 
 127	2  24  18 
 123	6   2   1 
 129	6  19   9 
 129	2   6   0 
 131	2   6   0 
 133	2   6   0 
 129	2  15  10 
 129	2  22  17 
 135	6  16   6 
 141	2   6   1 
 143	2   6   1 
 145	2   6   1 
 135	2  24  18 
 137	2  24  18 
 139	2  24  18 
 141	2  17  16 
 143	2  17  16 
 145	2  17  16 
 135	6   9   8 
 141	6  23  19 
 147	6  11   5 
 147	2   2   8 
 149	2   2   8 
 151	2   2   8 
 153	6   5   1 
 159	2   2   1 
 153	6  14  12 
 161	2   2   1 
 163	2   2   1 
 159	2  12  11 
 161	2  12  11 
 163	2  12  11 
 159	6  19   9 
 165	2   9   7 
 159	6  22  20 
 165	2  10  20 
 167	2  10  20 
 167	2   9   7 
 165	6  22  18 
 171	2  11  21 
 173	2  11  21 
 175	2  11  21 
 169	2   8   3 
 171	2  18  13 
 173	2  18  13 
 175	2  18  13 
 169	6   1   0 
 171	6   9   3 
 177	6  23  17 
 177	2  10  20 
 183	2  21  22 
 185	2  21  22 
 177	2   3   7 
 179	2   3   1 
 181	2   3   1 
 177	2  13  14 
 183	2  12  18 
 183	2   3   1 
 185	2  13  14 
 185	6   5   1 
 187	2  12  18 
 189	2  12  18 
 187	2   8   9 
 187	2  21  22 
 189	2   8   9 
 189	6  20  15 
 191	2  18  23 
 191	2   9   3 
 193	2  18  23 
 193	2   9   3 
 191	6   7   6 
 197	2  16  11 
 195	2  18  23 
 199	2  17  12 
 199	2   5  10 
 201	2  16  11 
 203	2   5  10 
 205	2  16  11 
 207	2  21  16 
 209	2  21  16 
 195	2   9   3 
 211	2  21  16 
 207	2   5  10 
 197	2   8   2 
 199	2   8   2 
 201	2   8   2 
 203	2  13  14 
 209	6  10   6 
 213	2  17  12 
 215	6  24  22 
 215	6  11   5 
 203	6   4   3 
 209	6  14   8 
 221	2  10  20 
 215	2   7   8 
 217	2   7   8 
 219	2   7   8 
 221	2  17  12 
 221	6   3   1 
 223	2  10  20 
 225	2  10  20 
 221	6  19  14 
 227	6   5   0 
 227	2  12   7 
 227	2  22  20 
 229	2  12   7 
 231	2  12   7 
 229	2  22  20 
 231	2  22  20 
 227	6  14   4 
 233	2  22  23 
 233	2   5  15 
 235	2   5  15 
 237	2   5  15 
 233	2  13   3 
 235	2  13   3 
 237	2  13   3 
 235	2  22  23 
 237	2  22  23 
 239	2  11  17 
 239	2  14  13 
 239	6   2   0 
 241	2  11  17 
 243	2  11  17 
 241	2  14  13 
 243	2  14  13 
 245	2  14  13 
 239	6  24  23 
 247	2  14  13 
 249	2  14  13 
 239	6  21  20 
 245	6   3   2 
 251	2   3   9 
 253	2   3   9 
 255	2   3   9 
 245	6  10   0 
 251	2   1   0 
 251	2  10  15 
 253	2  10  15 
 253	2   1   0 
 255	2  10  15 
 255	2   1   0 
 245	6  24  22 
 251	6  23  19 
 257	6  14   8 
 257	2   1   5 
 259	2   1   5 
 257	2  23  21 
 261	2   1   5 
 259	2  23  21 
 261	2  23  21 
 263	6  18  16 
 269	2  19  14 
 271	2  19  14 
 269	2  23  17 
 263	2   2   6 
 265	2   2   6 
 267	2   2   6 
 269	2   2   7 
 271	2   2   7 
 269	2  15  20 
 271	2  15  20 
 273	2  19  14 
 273	2  15  20 
 273	2   2   7 
 271	2  23  17 
 273	2  23  17 
 275	6  21  15 
 275	6  14  13 
 275	6   7   1 
 281	6  18  12 
 281	2   5  15 
 283	2   5  15 
 285	2   5  15 
 281	6   3   2 
 287	2  19  18 
 289	2  19  18 
 287	2   7  12 
 291	2  19  18 
 289	2   7  12 
 291	2   7  12 
 287	6  16  10 
 293	6  10   0 
 293	2  19  14 
 295	2  19  14 
 297	2  19  14 
 293	2  17   7 
 295	2  17   7 
 299	2  10   0 
 297	2  17   7 
 299	2  17  19 
 301	2  10   0 
 303	2  10   0 
 301	2  17  19 
 305	2   2   6 
 303	2  17  19 
 305	2  22  16 
 307	2   2   6 
 307	2  22  16 
 309	2  22  16 
 309	2   2   6 
 305	6  24  14 
 311	6  16  10 
 311	2  22  23 
 313	2  22  23 
 315	2  22  23 
 311	2   3   2 
 317	2  13  11 
 313	2   3   2 
 319	2  13  11 
 321	2  13  11 
 315	2   3   2 
 317	6   2   0 
 323	6  14   8 
 323	2  11  21 
 329	2  13  14 
 331	2  13  14 
 333	2  13  14 
 325	2  11  21 
 327	2  11  21 
 329	2  21  23 
 331	2  21  23 
 333	2  21  23 
 335	2  23  19 
 337	2  23  19 
 339	2  23  19 
 329	6   4   2 
 335	2   4   9 
 337	2   4   9 
 339	2   4   9 
 335	6  16  12 
 335	6   5   1 
 341	6  12   2 
 347	2  13   7 
 349	2   8   2 
 341	2  10   5 
 343	2  10   5 
 345	2  10   5 
 347	2  15  16 
 349	2  15  16 
 351	2  15  16 
 351	2   8   2 
 353	2  16  11 
 353	2   8   2 
 347	6   5   0 
 349	6  19  18 
 355	2   6   2 
 357	2   6   2 
 359	2   6   2 
 355	6  19   9 
 355	6  21  20 
 361	6  16   6 
 367	2   3   2 
 367	2   6  11 
 361	6  23  19 
 369	2   5  10 
 371	2   5  10 
 369	2  22  16 
 371	2  22  16 
 373	2  22  16 
 369	2  13   7 
 369	2   9   4 
 371	2  13   7 
 371	2   9   4 
 373	2   9   4 
 373	2   5  10 
 373	6   7   1 
 379	2   6  11 
 381	2   1   5 
 375	2  14   9 
 383	2   1   5 
 385	2   1   5 
 375	2  21  23 
 377	2  21  23 
 379	2  21  23 
 381	2  20  22 
 383	2  20  22 
 385	2  20  22 
 377	2  14   9 
 379	2  14   9 
 381	2   8   7 
 383	2   8   7 
 385	2   8   7 
 387	2   3   2 
 389	2   4   8 
 391	2   3   2 
 393	6   9   3 
 399	2   4   8 
 381	6  24  19 
 387	6  10   0 
 401	2   4   8 
 387	6  23  17 
 393	2  17  15 
 395	2  17  15 
 397	2  17  15 
 399	6  20  10 
 405	6  22  20 
 403	6   9   7 
 409	2   9  19 
 411	2  22  21 
 413	2  22  21 
 415	2  22  21 
 411	2   9  19 
 413	2   9  19 
 409	6  11   7 
 417	2  21  23 
 415	6   9   7 
 419	2  21  23 
 421	6  18  13 
 427	2  22  18 
 429	2  22  18 
 431	2  22  18 
 421	2   4   9 
 423	2   4   9 
 425	2   4   9 
 433	2  18  24 
 421	2  15  11 
 423	2  15  11 
 425	2  15  11 
 421	2   2   7 
 423	2   2   7 
 425	2   2   7 
 427	6  16  11 
 427	6   2   0 
 433	2   2   3 
 433	6  10   0 
 435	2   2   3 
 435	2  13   9 
 437	2  13   9 
 437	2   2   3 
 439	2  13   9 
 435	2  21  23 
 439	2   0   2 
 441	2   3   7 
 441	2  10  20 
 441	2  18  24 
 443	6  23  17 
 443	2  10  20 
 443	2   3   7 
 445	2   0   2 
 447	2   0   2 
 443	6  19  14 
 449	6  21  15 
 449	2   3   7 
 449	2  18  24 
 451	2  19  23 
 453	2  19  23 
 451	6   8   6 
 455	2  19  23 
 455	2  15  16 
 457	6  12   7 
 457	2  15  16 
 459	2  10  20 
 461	2  15  16 
 457	6   9   3 
 457	6   1   0 
 457	6  22  18 
 463	6  10   0 
 469	2  20  15 
 469	2  11   6 
 471	2  11   6 
 473	2  11   6 
 471	2  20  15 
 463	2  17  18 
 473	2  20  15 
 463	2  14   8 
 465	2  17  18 
 465	2  14   8 
 467	2  14   8 
 469	2   4  14 
 471	2   4  14 
 473	2  17  18 
 475	6  22  21 
 475	2   4  14 
 477	2  18  12 
 475	2   6   5 
 479	2  18  12 
 477	2   6   5 
 479	2   6   5 
 481	6  24  19 
 481	2  16  17 
 483	2  16  17 
 481	2   2   6 
 481	2  13   9 
 485	2  16  17 
 483	2  13   9 
 485	2  13   9 
 487	2  22  24 
 483	2   2   6 
 489	2  22  24 
 491	2  22  24 
 485	2   2   6 
 493	2  18  12 
 487	6  15  10 
 495	6  12  11 
 495	6  18  14 
 501	6  19  13 
 501	2  20  16 
 503	2  20  16 
 505	2  20  16 
 487	6   3   1 
 493	2   0   1 
 495	2   0   1 
 497	2   0   1 
 493	2   3   4 
 495	2   3   4 
 497	2   3   4 
 501	2   4   9 
 503	2   4   9 
 505	2   4   9 
 501	6  23  22 
 501	6   6   0 
 507	6  22  20 
 507	2  12   8 
 509	2  12   8 
 507	2  19  14 
 511	2  12   8 
 509	2  19  14 
 511	2  19  14 
 507	6  10   5 
 513	6  24  22 
 513	2   1   3 
 513	2  20  15 
 513	2  12  13 
 515	2   1   3 
 515	2  20  15 
 517	2   1   3 
 515	2  12  13 
 517	2  12  13 
 519	2  23  18 
 521	2  23  18 
 523	2  23  18 
 517	2  20  15 
 519	6   8   6 
 519	6  21  15 
 525	6  16  12 
 525	6   6   5 
 525	6  19   9 
 531	6  23  19 
 531	2  15  10 
 533	2  15  10 
 535	2  15  10 
 531	2  13   8 
 533	2  13   8 
 535	2  13   8 
 531	6   6   2 
 537	6   3   2 
 537	2  21  22 
 539	2  21  22 
 541	2  21  22 
 543	2  21  22 
 545	2  21  22 
 547	2  21  22 
 537	2  14  13 
 539	2  14  13 
 541	2  14  13 
 537	2  15  11 
 539	2  15  11 
 541	2  15  11 
 543	6  11   1 
 549	6  10   5 
 549	2   1   2 
 551	2   1   2 
 549	2  23  21 
 553	2   1   2 
 555	2  11  12 
 557	2  11  12 
 551	2  23  21 
 559	2  11  12 
 553	2  23  21 
 555	6  20  15 
 561	2  10  15 
 563	2  10  15 
 543	6  14   8 
 555	2  24  14 
 557	2  24  14 
 559	2  24  14 
 555	6   4   3 
 561	6  19   9 
 565	2  10  15 
 561	6  21  17 
 567	6  19  17 
 567	2   9   4 
 567	2  10   5 
 573	2  13  19 
 569	2   9   4 
 569	2  10   5 
 571	2  10   5 
 573	2  21  16 
 571	2   9   4 
 573	2   4   3 
 573	6   5   0 
 575	2  21  16 
 579	2  15   5 
 581	2   1  11 
 583	2   1  11 
 575	2   4   3 
 577	2   4   3 
 575	2  13  19 
 585	2  15   5 
 587	2  15   5 
 589	2  10   5 
 589	2  21  16 
 591	2  15  16 
 593	2  15  16 
 577	2  13  19 
 579	2   3   8 
 581	2   3   8 
 583	2   3   8 
 585	2   8  13 
 587	2   8  13 
 589	2   8  13 
 579	6  24  19 
 585	6  23  19 
 591	2  14  19 
 593	2  14  19 
 591	6   2   0 
 597	2   1  11 
 599	2  15  16 
 595	2  14  19 
 599	6  18  12 
 605	2  18  23 
 605	2  12   6 
 597	6   9   3 
 607	2   9  19 
 607	2  12   6 
 609	2   9  19 
 607	2  21  22 
 611	2   9  19 
 609	2  21  22 
 609	2  12   6 
 611	2  21  22 
 611	2   2  12 
 611	2  10   5 
 613	6  21  20 
 613	2   2  12 
 613	2  10   5 
 615	2   5   0 
 617	2   5   0 
 615	2  19  13 
 617	2  18  23 
 619	6  23  13 
 619	2  15  10 
 621	2  15  10 
 623	2  15  10 
 619	6   6   1 
 625	6  15  10 
 625	2  18  13 
 627	2  17  21 
 625	2   1   3 
 627	2   1   3 
 629	2  17  21 
 629	2   1   3 
 631	6  13   3 
 637	2  17  21 
 639	2  16  21 
 641	2  16  21 
 631	2   5   0 
 633	2   5  10 
 643	2  16  21 
 639	2  19  23 
 641	2  19  23 
 635	2   5  10 
 637	2   5  10 
 639	2   5  10 
 641	2   5  10 
 645	2  21  15 
 645	2   2  12 
 647	6   8   2 
 647	2  21  15 
 649	2  21  15 
 647	2  12  17 
 649	2  12  17 
 651	2  12  17 
 653	2   8   4 
 655	2   8   4 
 657	2   8   4 
 651	2   5  10 
 659	6  14   8 
 653	6   5   1 
 665	6   8   7 
 665	2  18  14 
 667	2  18  14 
 669	2  18  14 
 653	6  20  16 
 659	6  11   5 
 665	2  11  16 
 671	2   3   4 
 673	2   3   4 
 675	2   3   4 
 665	2   0   5 
 667	2   0   5 
 669	2   0   5 
 667	2  11  16 
 669	2  11  16 
 671	2  12   7 
 673	2  12   7 
 671	2  16  20 
 675	2  12   7 
 673	2  16  20 
 675	2  16  20 
 671	6  23  22 
 677	2  13  23 
 679	6  17  15 
 679	6  19  14 
 685	2  13  23 
 677	6   2   0 
 687	2  13  23 
 683	2   2   3 
 685	2   2   3 
 687	2   2   3 
 683	6   6   5 
 689	6   9   3 
 689	2  12   7 
 689	2  15   5 
 691	2  12   7 
 693	2  12   7 
 691	2  15   5 
 695	2   7   1 
 697	2  15   5 
 689	2  23  24 
 691	2  23  24 
 693	2  23  24 
 695	2  24  19 
 697	2  24  19 
 699	6  22  21 
 699	2  13  11 
 701	2  24  19 
 703	2  13  11 
 697	6   3   2 
 705	6  10   0 
 711	2  20  15 
 705	2  22  18 
 707	2  22  18 
 713	2  20  15 
 709	2  22  18 
 715	2  20  15 
 705	2   9  14 
 711	2   2   6 
 707	2   9  14 
 709	2   9  14 
 711	2  24  22 
 713	2  24  22 
 715	2  24  22 
 713	2   2   6 
 715	2   2   6 
 711	6  14   9 
 717	2  20  21 
 717	2  13  11 
 719	2  23  13 
 719	2  16  11 
 717	6   4   2 
 721	2  23  13 
 721	2  16  11 
 719	6   5   0 
 723	2  23  13 
 725	2   7   1 
 723	2  20  21 
 725	2  23  19 
 725	2  16  11 
 725	6   9   4 
 727	2  20  21 
 729	2  21  20 
 727	2   0   2 
 727	2  11  12 
 729	2   0   2 
 731	2  21  20 
 729	2  11  12 
 731	2  11  12 
 733	2  21  20 
 731	2   0   2 
 733	2   7   1 
 727	2  23  19 
 729	2  23  19 
 731	6  18  14 
 735	6  15  10 
 737	2  18  23 
 737	2   9  14 
 739	2  18  23 
 741	2  17  15 
 739	2   9  14 
 741	2   9  14 
 735	6   2   0 
 743	2  18  23 
 741	2   2   3 
 743	2   2   3 
 745	2   2   3 
 741	2   0   5 
 747	2   4  14 
 743	2  10   6 
 745	2   0   5 
 747	2   0   5 
 745	2  17  15 
 747	2  17  15 
 749	6  13  12 
 755	2  17  12 
 757	2  17  12 
 755	2   4  14 
 757	2   4  14 
 759	2  13  19 
 749	2  10   6 
 751	2  10   6 
 761	2  13  19 
 763	2  17  12 
 763	2  14   4 
 753	2   6   2 
 755	2   6   2 
 757	2   6   2 
 753	6  21  15 
 759	6  15   5 
 763	6  24  23 
 765	2  21  16 
 767	2  21  16 
 769	2  13  19 
 765	2   3   1 
 767	2   3   1 
 769	2  21  16 
 771	2  10  12 
 773	2  10  12 
 775	2   5   6 
 775	2  14   4 
 777	6   6   0 
 777	2  14   4 
 783	2   7   6 
 771	6  23  21 
 777	2  21  16 
 785	2   7   6 
 779	2  21  16 
 781	2  21  16 
 787	2   7   6 
 789	2  17  11 
 791	2  17  11 
 789	2   5   0 
 791	2   3   1 
 777	6  24  23 
 783	6  20  15 
 783	6  24  14 
 789	6  21  20 
 795	2  22  21 
 793	2  10  12 
 793	2   9  14 
 795	2   9  14 
 797	2   9  14 
 797	2  22  21 
 793	2   3   2 
 795	2   3   2 
 799	2  13  12 
 795	2   5   0 
 797	2   3   2 
 799	2  16  10 
 801	2  17  11 
 803	2  22  21 
 803	2  13  12 
 799	6   9   3 
 803	6  15  10 
 805	2  19  17 
 807	2  18  22 
 799	6   1   0 
 805	6   3   1 
 809	2  16  15 
 809	2  13  12 
 811	6   8   2 
 811	2  11   6 
 811	2  18  22 
 813	2  11   6 
 813	2  21  23 
 815	2  21  23 
 817	2  19  17 
 819	2  18  22 
 821	2  19  17 
 817	6   8   7 
 815	6  10   0 
 821	2   1   0 
 821	2  20  10 
 823	6  18  17 
 823	2   1   0 
 823	2  14   8 
 825	2  14   8 
 827	2  14   8 
 825	2   1   0 
 829	2  13   3 
 831	2  13   3 
 829	2  16  15 
 831	2  20  10 
 833	2  20  10 
 833	2   4   8 
 835	6  15   5 
 835	2   4   8 
 837	2  13   3 
 839	2  14  18 
 841	2  21  23 
 841	2   4   8 
 841	2  11   6 
 843	6  12   7 
 843	2   5  10 
 845	2   5  10 
 843	2  20  16 
 845	2  20  16 
 849	2  12  22 
 847	2   5  10 
 843	6   9   3 
 843	6  24  19 
 849	6   3   1 
 851	2  12  22 
 853	2  14  18 
 853	2  20  16 
 855	6  19  14 
 855	2  12  22 
 857	2   7   6 
 857	2  15  17 
 859	2   7   6 
 859	2  15  17 
 855	6   4   3 
 861	6  20  10 
 861	2  24  23 
 863	2  19  18 
 861	2   0   1 
 865	2  12  18 
 867	2  12  18 
 863	2   0   1 
 865	2   0   1 
 869	6   8   2 
 869	2  15  17 
 871	2  21  11 
 871	2  24  23 
 873	2  24  23 
 873	2  21  11 
 875	6   2   0 
 875	2  21  11 
 877	2  22  17 
 879	2  22  17 
 877	2  11  15 
 879	2  11  15 
 875	6   9   4 
 881	2   2   4 
 881	2  11  15 
 883	2  12  18 
 883	2   2   4 
 885	2   2   4 
 885	2  22  17 
 885	6  11   5 
 887	2  14   9 
 889	2  14   9 
 887	6  23  21 
 891	2   7   6 
 891	2  14   9 
 893	2   0  10 
 893	2  21  20 
 893	2   3   7 
 893	6  24  14 
 895	2   3   7 
 897	2  12  17 
 899	2  12  17 
 901	2  12  17 
 895	2  21  20 
 899	2  23  24 
 901	2  23  24 
 903	2  23  24 
 903	2   3   7 
 895	2   0  10 
 897	2   0  10 
 897	2  21  20 
 899	6   1   0 
 899	6  14   9 
 905	6   9   3 
 903	6  16  10 
 909	2   0  10 
 905	6  24  18 
 911	2  19  14 
 911	2   0  10 
 911	6   3   2 
 913	2   0  10 
 913	2  19  14 
 915	2  19  14 
 917	2  13  11 
 911	6  23  22 
 917	2  20  22 
 919	2  13  11 
 921	2  13  11 
 919	2  20  22 
 921	2  20  22 
 917	6   2   0 
 923	6  17  15 
 923	2   6   0 
 925	2   6   0 
 927	2   6   0 
 923	2  24  19 
 925	2  24  19 
 927	2  24  19 
 923	6   9   3 
 929	2  13  14 
 929	2   7  11 
 931	2  13  14 
 931	2   7  11 
 929	6  24  23 
 933	2   7  11 
 933	2  13  14 
 935	6  14   9 
 941	2  14  24 
 935	2   5   6 
 943	2  14  24 
 945	2  14  24 
 935	2   2   3 
 937	2   2   3 
 939	2   2   3 
 937	2   5   6 
 939	2   5   6 
 935	2  21  16 
 937	2  21  16 
 939	2  21  16 
 947	2  17  18 
 949	2  17  18 
 951	2  17  18 
 941	2  10   0 
 943	2  10   0 
 945	2  10   0 
 941	6   4   3 
 947	2   1   3 
 949	2   1   3 
 951	2   1   3 
