   1	6  30  16 
   1	2  48  33 
   3	2  34  41 
   5	2  34  41 
   3	2  20  25 
   5	2  20  25 
   1	6   3   1 
   1	6  28  21 
   1	6  45  44 
   7	6  25  13 
  13	2  40  38 
  15	2  34  41 
   7	2   9   7 
   9	2   9   7 
  11	2   9   7 
  17	2  48  33 
  13	2  15  29 
  15	2  35  36 
  17	2  28  43 
  13	2  20  13 
  15	2   8   0 
  17	2   8   0 
  13	2  18   4 
  15	2  12   3 
  17	2  12   3 
  15	2  17  24 
  17	2  17  24 
  19	6  20  11 
  19	2  30  44 
  21	2  30  44 
  23	2  35  36 
  19	2   8   0 
  23	2  16  14 
  23	2  39  31 
  19	6  34  33 
  25	6  45  40 
  25	2  25  23 
  27	2  25  23 
  25	2  35  36 
  29	2  16  14 
  25	2  12   3 
  27	6  27  20 
  31	2  45  38 
  31	2  28  43 
  31	2  18   4 
  31	6  16   8 
  33	2  48  34 
  35	2  34  48 
  37	2  34  48 
  33	2  45  38 
  33	2  28  43 
  39	2  34  48 
  37	2   8  14 
  35	2  39  31 
  33	2  18   4 
  37	2  25  23 
  39	2  39  31 
  39	2  15  29 
  33	6  20  13 
  35	6  11   3 
  35	6  43  42 
  39	6  13   6 
  41	2   3   9 
  41	2  30  44 
  43	2  17  24 
  43	2  15  29 
  45	6  22  17 
  45	2   8   0 
  47	2   8   0 
  49	2   8   0 
  43	6   3   2 
  45	6  20  13 
  51	2  28  22 
  51	2   2   9 
  41	6  32  26 
  51	2  37  32 
  51	6   6   4 
  53	2  28  22 
  55	2  28  22 
  53	2  37  32 
  57	2  28  22 
  55	2  37  32 
  57	2  37  42 
  57	2   4   3 
  53	6   9   1 
  51	6  14   7 
  41	6  47  41 
  51	2  41  27 
  53	2  41  27 
  55	2  41  27 
  51	6  18  17 
  59	2   4   3 
  59	2  37  42 
  57	2  27  18 
  59	2  16  25 
  57	6  41  40 
  61	2   4   3 
  61	2  37  42 
  61	2  16  25 
  57	6  13   6 
  59	6   7   0 
  63	2  26   5 
  65	2   2   1 
  63	2  28  22 
  65	2  26   5 
  65	2  28  22 
  63	6  47  45 
  67	2  26   5 
  67	6  21   9 
  69	2  41  20 
  71	2  41  20 
  67	6  36  30 
  69	6  46  45 
  73	2  41  20 
  73	2   0   3 
  73	6  29  24 
  75	2  47  41 
  77	2  47  41 
  75	2   5   6 
  77	2   5   6 
  75	6  19  11 
  79	2   5   6 
  79	2  40  31 
  75	6  45  44 
  79	6  35  14 
  81	2  33  19 
  83	2  46  32 
  81	6   4   2 
  85	2  40  31 
  85	2  35  29 
  83	6  27  13 
  87	2  47  41 
  87	2  17  30 
  89	6  48  41 
  89	2   9  11 
  89	2  35  29 
  91	2   9  11 
  93	2   9  11 
  91	2  35  29 
  89	2  46  32 
  91	2  46  32 
  93	6  39  26 
  99	2  13  18 
  95	2   9  15 
  97	2   2  14 
 101	2  16  25 
 103	2  40  31 
 103	2   9  15 
  85	6  44  43 
  93	6  43  35 
 101	6  20  12 
 105	2  45  39 
 105	2  17  30 
 107	2  45  39 
 107	2  12  24 
 105	2  35  21 
 107	2  35  21 
  99	6   1   0 
 105	6   2   1 
 109	2  20  26 
 109	2  17  30 
 109	2  45  39 
 111	2  33  19 
 109	2  35  21 
 111	2  35  36 
 113	2  45  42 
 115	2  35  36 
 117	2  45  42 
 111	2   9  15 
 113	2  33  19 
 119	2  35  36 
 113	2   2   3 
 113	2   8  16 
 115	2  17   5 
 117	2   2   3 
 115	2  20  26 
 117	2  13  18 
 117	2   8  16 
 119	2   1  14 
 119	2  12  24 
 117	6  34  27 
 121	2  12  24 
 121	2   1  14 
 119	6  40  39 
 123	2  17   5 
 125	2  25  41 
 125	2  15   1 
 125	2  45  42 
 127	6  29  14 
 127	2  17   5 
 133	2  30  43 
 127	2  47  33 
 129	2  47  33 
 131	2  47  33 
 133	2   0  14 
 129	2   3  18 
 131	2   3  18 
 133	2  20  26 
 129	6   6   5 
 133	6  17   3 
 135	2  30  43 
 137	2  30  43 
 139	2  24  36 
 141	2  24  36 
 135	2   0  14 
 135	2  27  20 
 143	2   8  16 
 137	2  27  20 
 139	2  27  20 
 143	2  25  41 
 145	6  36  31 
 145	2   0  14 
 147	2  15   1 
 145	2  17  18 
 151	2  25  41 
 153	2  24  31 
 149	2  15   1 
 151	2   1   0 
 153	2   1   0 
 139	6  12   4 
 145	6   4   3 
 145	6  20  13 
 151	6  36  21 
 155	2   3   2 
 153	6  18  12 
 157	2   7  21 
 157	2   3   2 
 133	6  46  45 
 159	2   3   2 
 159	2   7  21 
 155	6  23  16 
 153	6  40  34 
 159	2  40  38 
 157	6  36  35 
 161	2  40  38 
 161	2   7  21 
 159	6  27  20 
 163	2  40  38 
 165	2  27  34 
 163	2  21  42 
 165	2  45  29 
 165	2   3   8 
 159	6  12   6 
 161	6  25  17 
 167	2   5  26 
 169	2   5  26 
 167	2  45  29 
 169	2  45  29 
 167	2   1   0 
 167	6  16   9 
 171	2  21  42 
 171	2  27  34 
 171	6  31  18 
 173	2  21  42 
 173	2  27  34 
 171	6  46  40 
 169	6   1   0 
 175	2   9   1 
 175	6  44  36 
 177	2   3   8 
 181	2  23  29 
 179	2   9   1 
 183	2  23  29 
 177	2  40  25 
 179	2  40  25 
 181	2  44  46 
 183	2  40  25 
 181	2   3   8 
 185	2  22  17 
 187	2   5  26 
 187	2   9   1 
 185	2  44  46 
 187	2  44  46 
 187	2  23  29 
 187	6  21  14 
 189	2  37  31 
 189	2   6   5 
 191	2  37  31 
 193	2  37  31 
 191	2   6   5 
 189	2  18  26 
 191	2  18  26 
 193	2   6   5 
 193	2  22  17 
 195	6  22  10 
 195	6  44  37 
 193	6   7   1 
 189	6  48  46 
 195	6  48  27 
 201	6  12   4 
 201	2  27  20 
 201	2  47  48 
 203	2  27  20 
 205	2  27  20 
 201	2  10  17 
 201	2  36  22 
 203	2  36  22 
 203	2  47  48 
 205	2  17  29 
 207	2  36  22 
 209	2  17  29 
 205	2  47  48 
 211	6  46  44 
 211	2  22  35 
 213	2  22  35 
 217	2  37  21 
 211	2   4   2 
 211	2  18  26 
 219	2  37  21 
 213	2   4   2 
 215	2   4   2 
 217	2  20   4 
 219	2  20   4 
 217	6  47  46 
 221	2  22  35 
 221	2  20   4 
 213	6  25  24 
 221	6   8   7 
 223	2  44  35 
 223	2  33  47 
 225	2  44  35 
 225	2  33  47 
 223	6  24  22 
 229	2  37  21 
 227	2  33  47 
 231	2  43  31 
 229	2  47  40 
 231	2  47  40 
 223	6  20  13 
 233	6  33  24 
 233	2  44  35 
 235	2  35  28 
 239	2  19  33 
 237	2  35  28 
 239	2  35  28 
 239	2  15  30 
 241	6  35  14 
 241	2  19  33 
 243	2  19  33 
 245	2  33  41 
 245	2  18  24 
 235	6  46  45 
 241	6  45  44 
 227	6   2   1 
 233	6   4   2 
 247	2  33  41 
 249	2  33  41 
 251	2  47  40 
 247	2  15  30 
 247	2   4  19 
 249	2  15  30 
 251	2  17  29 
 251	6  14   8 
 253	2   4  19 
 253	2  43  31 
 255	2   4  19 
 255	2  43  31 
 253	6  48  47 
 257	2  33  26 
 257	2  30  43 
 257	2  15   1 
 257	6  17  11 
 259	2  35  44 
 259	2  41  27 
 261	2  33  26 
 259	2  15   1 
 261	2  28  22 
 261	6  47  45 
 263	2  23  31 
 265	2  28  22 
 263	2  19   5 
 265	2  19   5 
 261	6   8   2 
 265	6  24  17 
 267	2  41  27 
 267	2  28  22 
 269	2  19   5 
 267	2  45  37 
 269	2  45  37 
 269	2  15   1 
 269	6  47  34 
 275	2  20  34 
 271	2  36  24 
 271	2   2   4 
 273	2  36  24 
 273	2   2   4 
 275	2  36  24 
 277	2  35  44 
 275	2   2   4 
 279	2  45  37 
 277	2  24  32 
 279	2  24  32 
 277	2   5  11 
 281	2  35  44 
 277	2  20  34 
 279	2   5  11 
 281	2   5  11 
 279	2  20  34 
 281	2  41  27 
 281	2  24  32 
 277	6  22   8 
 283	2  36  39 
 285	2  33  26 
 285	2  23  31 
 283	2  18  17 
 285	2  18  17 
 287	2  36  39 
 289	6  33  24 
 289	6  43  29 
 283	6   4   2 
 295	2  36  39 
 289	2   2   8 
 291	2   2   8 
 297	2  30  29 
 297	2  39  32 
 289	2   6   4 
 291	2   6   4 
 293	2   6   4 
 295	2   4   6 
 299	2  47  33 
 301	2  39  32 
 299	2  30  29 
 297	2   4   6 
 299	2   4   6 
 293	2   2   8 
 301	2   4   6 
 295	6  17  15 
 301	6  30  16 
 303	2   4   6 
 303	2  47  33 
 305	2   4   6 
 305	2  39  32 
 301	6  28  21 
 297	6  45  44 
 307	6  27  12 
 307	2  38  30 
 309	2  38  30 
 311	2  38  30 
 313	2  47  33 
 313	2  23  31 
 307	6  17  10 
 313	2  12  10 
 307	6  43  35 
 307	6  21   7 
 315	6  39  36 
 321	2  25  39 
 323	2  33  20 
 315	2  16  14 
 321	2  36  28 
 323	2  36  28 
 317	2  16  14 
 319	2  16  14 
 321	2   2  16 
 323	2  31  24 
 321	6   7   0 
 325	2  46  30 
 325	2  12  10 
 325	6  33  27 
 327	2  12  10 
 331	2  27  20 
 333	2  27  20 
 327	2  46  30 
 329	2  46  30 
 329	2  10   8 
 331	2  25  39 
 333	2  25  39 
 331	2  30  21 
 331	2  10   8 
 333	2  10   8 
 333	2  30  21 
 331	6  44  43 
 335	2  31  24 
 335	6  26  20 
 337	2  36  28 
 339	2  30  21 
 335	6   8   7 
 335	6  11   3 
 331	6  48  41 
 337	6  46  40 
 341	2  30  22 
 341	2  35  36 
 341	6  25  17 
 347	2  17   8 
 349	2  17   8 
 351	2  17   8 
 343	2  35  36 
 343	2  30  22 
 345	2  30  22 
 345	2  35  36 
 343	2  40  34 
 345	2  40  34 
 347	2  33  38 
 349	2  33  38 
 351	2  33  38 
 341	6  20  12 
 347	6  48  47 
 347	6  12   4 
 347	6  36  28 
 353	6  23  18 
 353	2  47  45 
 355	2  40  34 
 357	2  33  32 
 357	2  47  45 
 353	2   8   1 
 355	2   8   1 
 357	2   8   1 
 353	6   4   3 
 353	6  43  42 
 359	6  18   4 
 359	2  33  32 
 359	2  23  29 
 361	2  23  29 
 359	2  46  44 
 361	2  38  43 
 363	2  38  43 
 363	2  23  29 
 353	6  21  14 
 359	6  14   9 
 359	6  48  41 
 365	6  38  30 
 365	2  41  25 
 367	2  26  40 
 371	2  46  44 
 369	2  33  32 
 365	2  21  28 
 367	2  21  28 
 365	2   3   9 
 369	2  21  28 
 371	2  29  35 
 371	2  31  24 
 373	2  29  35 
 375	2  29  35 
 367	2   3   9 
 369	2   3   9 
 371	2  33  27 
 373	2  41  25 
 375	2  41  25 
 365	6   7   0 
 371	6  21  14 
 371	6  13   4 
 371	6  16   8 
 377	6  41  27 
 377	2  25  17 
 379	2  25  17 
 381	2  25  17 
 383	2  26  40 
 377	2   2   8 
 385	2  27  13 
 379	2   2   8 
 377	2  30  43 
 385	2  31  25 
 385	2  46  44 
 381	6   8   7 
 377	6  28  21 
 383	6  35  21 
 387	2  31  25 
 387	2  47  45 
 387	2  27  13 
 389	6  39  18 
 395	2  18  11 
 395	2  44  39 
 389	2  21   7 
 395	2  27  13 
 391	2  21   7 
 393	2  21   7 
 389	6  30  23 
 395	2  23   8 
 389	6  42  35 
 397	6  46  44 
 397	2  23   8 
 397	2  18  11 
 399	2  18  11 
 399	2  23   8 
 397	2  33  41 
 399	2  33  41 
 401	2  31  25 
 403	6  23   7 
 403	2  46  39 
 405	2  26  40 
 407	2  46  39 
 401	6  13  11 
 395	6  35  28 
 403	2  43  35 
 405	2  43  35 
 407	2  43  35 
 407	6  48  34 
 409	2  44  35 
 411	2  44  35 
 413	6  28  16 
 413	2  38  47 
 419	2  18  16 
 415	2  41  40 
 417	2  38  47 
 419	2  41  40 
 419	2  44  35 
 407	6   5   4 
 419	6  31  30 
 421	2  34  13 
 423	2  18  16 
 423	2  41  40 
 421	6  45  43 
 425	2  34  13 
 413	6   4   3 
 425	6   8   3 
 427	2  28  43 
 429	2  28  43 
 427	2  34  13 
 429	2  24  26 
 431	6  33  31 
 437	2  24  26 
 439	2  24  26 
 431	2  28  43 
 431	2   7   8 
 433	2   7   8 
 435	2   7   8 
 441	2  18  16 
 433	2  35  28 
 435	2  35  28 
 441	2  27  33 
 441	2  31  45 
 437	2  35  28 
 429	6  13   5 
 435	2   3   5 
 437	2   3   5 
 439	2   3   5 
 439	6  21   7 
 443	2  38  47 
 445	2  39  38 
 447	2  31  45 
 443	2  27  33 
 445	2  27  33 
 449	2  31  45 
 447	2  41  33 
 449	2  41  33 
 443	2  10   5 
 445	2  18   9 
 447	2  18   9 
 449	2  18   9 
 439	6  43  36 
 445	6  42  21 
 445	6  13   6 
 451	6  31  29 
 451	2  41  33 
 453	2  41  33 
 455	2  41  33 
 451	2   3  18 
 453	2  10   5 
 451	2  44  42 
 453	2  44  42 
 457	2  41  33 
 455	2   3  18 
 457	2  10   5 
 451	2  14   8 
 453	2  14   8 
 455	2  14   8 
 455	2  44  42 
 457	2  14   7 
 457	2  30  36 
 457	2  25  24 
 457	2  39  38 
 459	6  48  46 
 459	2  14   7 
 461	2  14   7 
 465	2  39  38 
 459	2  25  24 
 461	2   3  18 
 459	2  30  36 
 461	2  30  36 
 463	2  25  24 
 465	2  18  25 
 465	6  22   1 
 467	2  18  25 
 469	2  18  25 
 459	6  13   5 
 467	6  46  44 
 465	6  12   4 
 459	6  33  27 
 471	2  31  33 
 463	6  42  35 
 471	6  35  29 
 473	2  31  33 
 475	2  31  33 
 473	2  44  43 
 475	2  44  43 
 471	6   4   1 
 473	6  48  46 
 477	2  44  43 
 477	2   4  11 
 471	6  17  16 
 471	6  20  13 
 477	6  24  15 
 479	2  39  33 
 481	2  39  33 
 479	2   4  11 
 481	2   4  11 
 483	6  37  22 
 483	2  32  24 
 485	2  32  24 
 487	2  32  24 
 483	6  10   5 
 477	6  27  20 
 483	6  34  27 
 483	6  47  40 
 489	6  19  17 
 489	2  37  43 
 491	2  37  43 
 495	2  23  38 
 489	2  34  48 
 497	2  17  22 
 499	2  23  38 
 491	2  34  48 
 493	2  34  48 
 495	2  19  27 
 497	2  19  27 
 499	2  19  27 
 477	6   1   0 
 483	6   8   1 
 495	6  40  33 
 489	6   6   4 
 489	6   8   2 
 495	6   4   2 
 493	6  36  35 
 501	6  27  19 
 501	2  17  22 
 503	2  16  24 
 505	2  16  24 
 507	2  17  22 
 501	2  39  40 
 501	2  37  43 
 503	2  40  41 
 505	2  40  41 
 507	2  48  34 
 503	6  46  45 
 501	6   2   1 
 501	6   5   4 
 507	6  32  31 
 509	2  48  34 
 511	2  48  34 
 509	2   1  22 
 511	2  45  37 
 509	2  19   5 
 511	2  19   5 
 511	6  22   8 
 513	2  40  41 
 513	2  17  31 
 515	2  17  31 
 517	6  24  23 
 517	2  19   5 
 519	2  19  13 
 517	2  45  37 
 519	2  45  37 
 517	2   1   8 
 519	2   1   8 
 521	2   8   9 
 521	2  19  13 
 519	6   4   3 
 523	2  16  23 
 525	2  17  31 
 523	2  19  13 
 523	6  14   0 
 527	2  36  23 
 525	6  13   5 
 529	2  31  22 
 529	2   8   9 
 531	6   9   1 
 531	2  31  22 
 533	2  31  22 
 535	2  36  23 
 515	6  47  34 
 537	2   8   1 
 521	2  27  34 
 523	2  27  34 
 525	2  27  34 
 537	2  36  23 
 521	6  46  40 
 527	2  40  26 
 529	2  40  26 
 531	2  40  26 
 533	6  26  12 
 539	6  32  26 
 539	2   9  11 
 541	2   9  11 
 543	2   9  11 
 539	2  36  45 
 541	2  36  45 
 543	2  36  45 
 539	6  22  21 
 539	6  41  34 
 545	6  12   5 
 545	2  44  32 
 547	2  44  32 
 549	2  22  17 
 545	6   2   1 
 545	6  47  41 
 549	6  38  32 
 551	2  22  17 
 553	2  22  17 
 555	6  23  10 
 555	2  44  38 
 555	2  14   8 
 561	2  21  22 
 561	2   9  10 
 555	2  26  13 
 561	2  24  32 
 551	6  47  46 
 557	6  46  44 
 557	6  20   6 
 563	6  27  20 
 563	2  14   8 
 565	2  14   8 
 567	2   2   5 
 563	2  38  43 
 565	2  38  43 
 567	2  38  43 
 563	2  23  29 
 565	2  23  29 
 567	2  21  22 
 563	6  33  25 
 569	6  44  36 
 575	2  36  42 
 569	2  21  22 
 569	2  19  24 
 569	2   9  10 
 577	2  35  43 
 571	2  19  24 
 571	2   9  10 
 573	2  16  25 
 575	2  11  17 
 579	2  45  33 
 581	2  35  43 
 581	2  16  25 
 573	6   3   2 
 579	2   3   5 
 583	2  16  25 
 583	2  36  42 
 581	2   3   5 
 583	2   4   3 
 571	6  21   7 
 581	6  46  41 
 585	2   5   6 
 585	2  35  43 
 587	2   5   6 
 585	2  30  16 
 587	2  11  17 
 589	2   5   6 
 587	2  36  42 
 587	2  38  31 
 589	2  30  16 
 587	2  41  27 
 589	2  41  27 
 577	6   7   0 
 585	6   2   1 
 583	6  14   7 
 591	6  37  28 
 591	2  41  27 
 597	2  45  33 
 591	2  11  17 
 593	2   4   3 
 597	2  23  29 
 595	2   4   3 
 593	6  18  17 
 591	6  15   8 
 599	6  28   7 
 599	2  45  33 
 601	2  19  24 
 605	2   7   1 
 601	2  41  40 
 603	2  26  13 
 605	2  26  13 
 603	2  38  31 
 603	2  41  40 
 605	2  30  16 
 605	2  41  40 
 597	6   4   3 
 605	6  35  21 
 607	2  16  23 
 611	2  29  15 
 607	2  19   5 
 607	2  38  31 
 609	2  38  39 
 611	2  38  39 
 609	2  19   5 
 611	2  19   5 
 607	6  10   2 
 607	6  34  33 
 613	6  26  11 
 613	2  21  14 
 613	2  38  39 
 615	2   7   1 
 613	2  16  23 
 615	2  16  23 
 615	2  46  38 
 617	2  46  38 
 613	2  36  35 
 617	2   7   1 
 615	2  36  35 
 617	2  36  35 
 613	6  48  41 
 617	6  22  16 
 619	2  31  26 
 621	2  31  26 
 619	6   2   1 
 623	2  31  26 
 623	2  21  14 
 619	6  43  42 
 619	6  12   4 
 625	6  34  20 
 625	2  21  14 
 625	2  46  38 
 625	2  10  25 
 627	2  10  25 
 629	2  10  25 
 627	2  29  15 
 629	2  29  15 
 631	6  37  25 
 631	2  21  15 
 633	2  14  22 
 637	2   4  16 
 639	2  14  22 
 639	2  11  10 
 637	2  26  41 
 641	2   9   2 
 643	2  11  10 
 637	2  37  44 
 641	2  36  23 
 643	2  14  22 
 639	2  26  41 
 641	2  26  41 
 643	2  34  25 
 643	2  37  44 
 639	6  13   5 
 645	6  14   0 
 645	2  12  20 
 645	2  34  25 
 647	2  34  25 
 647	2  12  20 
 649	2  13  19 
 651	2  13  19 
 649	2  39  24 
 653	2  13  19 
 645	2   9   2 
 645	2  37  44 
 647	2   9   2 
 649	2  11  10 
 651	2   4  16 
 653	2   4  16 
 649	6  48  34 
 647	6  44  42 
 655	6  17   8 
 661	2   9  16 
 661	2  11   4 
 663	2  36  23 
 663	2  11   4 
 665	2  11   4 
 665	2  42  29 
 665	2   9  16 
 661	6   7   0 
 651	6  39  32 
 665	2  32  24 
 655	6  27  26 
 655	6  48  47 
 667	6   5   4 
 667	2  21  15 
 667	2  47  44 
 669	2  21  15 
 667	2   1   2 
 669	2   1   2 
 671	2   1   2 
 667	2  26  17 
 669	2  26  17 
 671	2  26  17 
 673	2  30  17 
 673	2  34  26 
 671	6  28  21 
 675	2  30  17 
 677	2  30  17 
 675	2  34  26 
 677	2  12  20 
 669	6  45  43 
 675	2  39  45 
 677	2  39  45 
 673	6   4   3 
 673	6   1   0 
 677	6  15  14 
 679	2  39  45 
 679	2  34  26 
 679	2  42  29 
 681	2  47  44 
 679	2   3   1 
 681	2   3   1 
 681	6  27  18 
 683	2   8  21 
 683	2  47  44 
 685	2   9  16 
 687	2  32  24 
 689	2  31  10 
 685	2  47  48 
 687	2  47  48 
 689	2  47  48 
 685	6  43  28 
 679	6   6   5 
 687	2   6  20 
 689	2   6  20 
 691	6  18   4 
 691	2  44  45 
 693	2  44  45 
 695	2  44  45 
 691	2   8  21 
 693	2   8  21 
 695	2  28  21 
 691	2  27  40 
 693	2  27  40 
 695	2  27  40 
 695	6   8   2 
 701	2   3   1 
 703	2   2   3 
 697	2   6  20 
 697	2  28  21 
 699	2  34  27 
 697	2  45  38 
 699	2  28  21 
 699	2  45  38 
 701	2  45  38 
 701	2  36  23 
 701	2  34  27 
 703	2  42  29 
 703	2  34  27 
 697	6  40  32 
 703	6  39  18 
 705	2  42  28 
 707	2  42  28 
 705	2   2   3 
 707	2   2   3 
 709	6  17  15 
 709	2  32  30 
 715	2  11   3 
 717	2  17  25 
 719	2  17  25 
 711	2  37  39 
 713	2  37  39 
 715	2  37  39 
 717	2  41  27 
 711	2  42  28 
 719	2  41  27 
 721	2  41  27 
 715	2  22  21 
 717	2  22  21 
 719	2  22  21 
 721	2  17  25 
 717	2   4   2 
 723	2  18  17 
 717	2  46  37 
 719	2  46  37 
 721	2  46  37 
 719	2   4   2 
 721	2   4   2 
 723	2  27  41 
 723	2  32  30 
 721	6  21  15 
 725	2  26  25 
 725	2  11   3 
 725	6  46  43 
 731	2  21  35 
 733	2  21  35 
 731	2  31  10 
 735	2  43  42 
 735	2   8  23 
 737	2  21  35 
 733	2  11   3 
 731	2  27  41 
 733	2  26  25 
 735	2  26  25 
 733	2  47  46 
 737	2  32  30 
 739	2  43  42 
 739	2  30  14 
 735	2  47  46 
 737	2  47  46 
 735	2  11   3 
 739	2  27  41 
 737	2  18  17 
 739	2  18  17 
 737	6   5   3 
 743	2   1   3 
 741	2  16  25 
 743	2  16  25 
 741	2  43  42 
 741	6  41  40 
 745	2  16  25 
 745	2   1   3 
 747	6  41  27 
 747	2  31  10 
 749	2  21   9 
 751	2   1   3 
 749	6  46  31 
 753	2  21   9 
 753	6  27   6 
 755	2  10  24 
 757	2  10  24 
 749	6  44  36 
 755	6  44  39 
 759	2  10  24 
 755	6  28   7 
 759	6  48  41 
 761	2  30  14 
 761	2  33  39 
 763	2   2  16 
 765	2  17  12 
 763	2  28  44 
 767	2  11   5 
 767	2   8  23 
 769	2   8  23 
 765	2  46  34 
 769	2  11   5 
 767	2  33  39 
 769	2  46  34 
 765	6  42  28 
 771	6  15   7 
 771	2  46  34 
 771	2  17  12 
 773	2  17  12 
 773	2  42  44 
 775	2  42  44 
 773	2  33  39 
 775	2  19  10 
 775	6  31  29 
 781	2  12  25 
 781	2  38  39 
 777	2   2  16 
 779	2   2  16 
 783	2  46  45 
 783	2  26  31 
 785	2  26  31 
 781	2  21   9 
 785	2  46  45 
 783	6  29  21 
 787	2  26  31 
 787	2  46  45 
 783	6   4   1 
 783	6  17  16 
 773	6  48  41 
 789	6  48  46 
 789	2   6   4 
 789	2  21   8 
 791	2  22  24 
 789	2  33  26 
 795	2  38  39 
 793	2  21   8 
 791	2  33  26 
 793	2  33  26 
 795	2  22  24 
 791	2   6   4 
 793	2   6   4 
 795	2  13   4 
 789	6  43  35 
 795	6  41  34 
 797	2  22  24 
 799	2  30  14 
 797	2  13   4 
 801	2  46  43 
 799	2  19  10 
 801	2  19  10 
 801	6   1   0 
 803	2  44  30 
 803	2  15  16 
 803	2  13   4 
 805	2  44  30 
 805	2  12  25 
 807	2  12  25 
 803	2  48  40 
 807	2  46  43 
 809	2  46  43 
 805	2  15  16 
 807	2  21   8 
 809	2  15  16 
 803	6  34  27 
 809	6   2   1 
 811	2  31  34 
 813	2  31  34 
 811	2  42  43 
 815	2  44  30 
 815	2  48  40 
 811	6  16  15 
 809	6  13   4 
 815	2   2   4 
 815	2  13  27 
 817	6  26  23 
 817	2   2   4 
 823	2  26  41 
 817	2  42  43 
 817	2  38  39 
 823	2  23  16 
 819	2   2   4 
 819	2  42  43 
 821	6  44  42 
 825	2  23  16 
 825	2  26  41 
 817	6  14   7 
 823	6  39  31 
 827	2  26  41 
 827	2  22  35 
 823	6   7   1 
 823	6  11   3 
 829	6  27  20 
 829	2   7  21 
 829	2  32  11 
 831	2   7  21 
 829	2  23  16 
 833	2  22  35 
 831	2  48  40 
 835	2  13  20 
 831	2  31  17 
 833	2  31  17 
 835	2  39  34 
 835	2  22  35 
 833	6   2   1 
 837	2  32  11 
 835	6  44  37 
 839	2   7  21 
 839	2  32  11 
 841	6  25  19 
 841	2  41  39 
 843	2  41  39 
 845	2  41  39 
 841	6  36  23 
 841	6   6   4 
 841	6   8   0 
 841	6  21  14 
 847	6  46  43 
 847	2  23  18 
 849	2  23  18 
 851	2  23  18 
 847	2  13  20 
 849	2  13   6 
 851	2  13   6 
 847	6  28  21 
 847	6   7   0 
 847	6   9   2 
 849	6  34  27 
 853	2  28  43 
 853	2  11   9 
 853	2  13   6 
 853	6  38  24 
 855	2  28  43 
 859	2  31  17 
 861	2  16  31 
 855	2  26  19 
 857	2  26  19 
 857	2  28  43 
 859	2  26  19 
 855	6   3   2 
 855	6  40  34 
 853	6  14   7 
 863	6  40  37 
 869	2  16  31 
 861	6  19   4 
 861	6   2   1 
 859	6  28  21 
 865	2  21  14 
 871	2  38  45 
 871	2  23   8 
 867	6  20  12 
 867	6   4   3 
 869	6  41  33 
 875	2  46  41 
 873	2  21  14 
 877	2  32  19 
 873	2  37  29 
 875	2  21  14 
 875	2  37  29 
 877	2  37  29 
 869	6  43  42 
 873	6   3   2 
 873	6  17  16 
 879	6   5   3 
 879	2  23   8 
 879	2  38  45 
 881	2  38  45 
 881	2  23   8 
 883	2  45  36 
 885	2  45  36 
 883	2  16  14 
 885	2  11   9 
 879	6  27  20 
 885	6  32  26 
 887	2  11   9 
 889	2  16  14 
 887	2  29  30 
 889	2  29  30 
 887	2  46  41 
 889	2  46  41 
 889	6  12   4 
 891	2  40  27 
 893	2  40  27 
 891	2  16  14 
 891	2  29  30 
 893	2  17  31 
 887	6  42  35 
 893	6  35  14 
 895	2  40  27 
 897	2  41  34 
 897	2  11  20 
 899	6  30  25 
 899	2  41  34 
 901	2  40  48 
 905	2  32  25 
 907	2  46  33 
 899	2   9  14 
 901	2   9  14 
 903	2   9  14 
 905	2  28  30 
 905	2   7  14 
 907	2   7  14 
 907	2  24  10 
 899	6  20  12 
 907	6  42  29 
 909	2   7  14 
 909	2  32  25 
 913	2   9  22 
 915	2   9  22 
 909	2  41  34 
 911	2  40  48 
 913	2  40  48 
 917	2   9  22 
 909	2  11  12 
 911	2  11  12 
 913	2   5  12 
 911	2  32  25 
 915	2  26  19 
 917	2  26  19 
 911	6   7   0 
 909	6  44  38 
 915	6  41  38 
 919	2   5  12 
 921	6  29  23 
 921	2   5  12 
 921	2  46  33 
 923	2  46  33 
 919	6   9   3 
 919	6  21  14 
 923	6  20  18 
 927	2  43  29 
 925	6  14   9 
 929	2  43  29 
 929	2  41  20 
 925	6  38  31 
 931	6  15   7 
 931	2  43  29 
 931	2  24  10 
 931	2  41  20 
 933	2  41  20 
 933	2  28  30 
 935	2  24  10 
 935	2  45  36 
 935	6  34  19 
 937	2  28  30 
 939	2  30  15 
 937	6  47  39 
 941	2  41  34 
 941	2   4   9 
 941	6  30  21 
 947	2  11  23 
 949	2  21  15 
 943	2  41  34 
 949	2  39  18 
 951	6  32  18 
 951	2  21  15 
 953	2  21   0 
 955	2  21   0 
 957	2  39  32 
 957	2  11  23 
 959	2  21   0 
 959	2  39  32 
 951	2  41  34 
 953	2  47  41 
 955	2  47  41 
 957	2  47  41 
 937	6  43  42 
 943	6  44  43 
 959	6  24  18 
 961	2  47  46 
 963	2  38  45 
 961	2   4   9 
 963	2   4   9 
 961	6  36  28 
 965	2  47  46 
 965	2  11  23 
 967	2  38  45 
 967	2  35  23 
 967	2   5   4 
 965	2  32  26 
 967	2  32  26 
 965	6   8   2 
 969	2  32  26 
 971	2  32  44 
 969	2   5   4 
 971	2   5   4 
 971	2   9  22 
 973	6  28  14 
 973	2  32  44 
 975	2  32  44 
 977	2  38  45 
 977	2  17  33 
 979	6  39  24 
 979	6  15   8 
 967	6  20  13 
 979	6  10   2 
 979	6  43  36 
 973	6   5   4 
 979	6  48  34 
 985	2  28  37 
 985	2  10  13 
 985	2  47  46 
 987	2  10  13 
 985	2  32  34 
 987	2  32  34 
 989	2  10  13 
 989	2  32  34 
 987	2  28  37 
 989	2  28  37 
 991	6  29  24 
 991	2  46  38 
 993	2  46  38 
 995	2  46  38 
 991	6  19  11 
 991	6   8   2 
 997	2  35  23 
 999	2  35  23 
 997	2  19  26 
 999	2  19  26 
 991	6  41  34 
 997	6  48  45 
1003	2  45  43 
1005	2  45  43 
1007	2  45  43 
1001	2  19  26 
1001	2  24  10 
1003	2  24  10 
1005	2  30  31 
1007	2  30  31 
1005	2  18  13 
1007	2  18  13 
1009	2  18  13 
1009	2  39  44 
1001	2  15  28 
1011	2  30  31 
1003	2  15  28 
1013	2  24  10 
1013	2  39  44 
1005	2  15  28 
1007	6  15   1 
1013	2  29  15 
1003	6  34  27 
1009	6  48  34 
1015	6  27  20 
1015	2  10  25 
1017	2  10  25 
1019	2  10  25 
1015	2  29  15 
1017	2  29  15 
1019	2   7  15 
1019	2  42  29 
1015	6  48  45 
1011	6   6   5 
1021	6  11   2 
1021	2  45  37 
1021	2   7  15 
1023	2   7  15 
1021	2  32  25 
1023	2  42  29 
1023	2  32  25 
1025	2  26  34 
1025	2  45  37 
1021	6  13   6 
1025	6  35  21 
1027	2  32  25 
1027	2  11  20 
1029	2  11  20 
1027	2  45  37 
1027	2   2   1 
1029	2   2   1 
1029	2  48  45 
1025	6  23  16 
1029	6  33  32 
1031	2  11  20 
1033	2  20  13 
1031	2   2   1 
1031	2  48  45 
1033	2  48  45 
1031	2  42  29 
1035	2  26  34 
1033	2  23  29 
1035	2  23  29 
1037	2  26  34 
1037	2  23  29 
1035	2  20  13 
1037	2  20  13 
1035	2  39  44 
1033	6   4   1 
1033	6  21  14 
1037	6  47  38 
1039	2   9  22 
1041	2   9  22 
1037	6  43  42 
1039	6  27  25 
1043	2  10   9 
1043	2  30  38 
1045	6  40  25 
1051	2  47  34 
1053	2   4  19 
1045	2  21  37 
1047	2  21  37 
1049	2  21  37 
1051	2  44  23 
1053	2  30  38 
1053	2   1  14 
1053	6  41  33 
1055	2  21  22 
1055	2  18  25 
1057	2  18  25 
1055	2  10   9 
1055	2  30  38 
1057	2   1  14 
1055	6   5   4 
1059	2  21  22 
1059	2  17  32 
1053	6  36  35 
1059	6  45  43 
1061	2   5  19 
1063	2   3  24 
1063	2  13  27 
1061	6  29  28 
1065	2  13  27 
1065	2   3  24 
1067	2  43  36 
1067	2   3  24 
1065	2  40  45 
1067	2  40  45 
1067	2  13  27 
1059	6   8   7 
1065	6  14   0 
1069	2  17  32 
1071	2  47  34 
1071	2  21  22 
1073	2  47  34 
1069	2  43  36 
1071	2   1   0 
1075	2  40  45 
1077	2  45  40 
1071	2  18  25 
1071	2  10   9 
1075	2  13  27 
1071	2  43  36 
1077	2  13  27 
1073	2  17   3 
1075	2  17   3 
1077	2  17   3 
1073	6  28   7 
1079	6  48  47 
1079	2  44  23 
1081	2  10  17 
1079	2  35  28 
1081	2  35  28 
1083	2  35  28 
1083	2  10  17 
1085	2  35  42 
1085	2  10  17 
1079	2   5  19 
1081	2  19  20 
1083	2  19  20 
1085	2  19  20 
1079	2  39  32 
1081	2  39  32 
1083	2  39  32 
1085	2  45  40 
1081	6   6   5 
1081	6   8   2 
1087	6  17  15 
1087	2  35  42 
1093	2  44  23 
1095	2  14  23 
1095	2  35  42 
1097	2  14  23 
1099	2  31  29 
1087	2   4   2 
1089	2   4   2 
1091	2   4   2 
1101	2  37  42 
1087	2  13  27 
1093	2   2  11 
1095	2   2  11 
1097	2   2  11 
1099	2   3   0 
1101	2  12  17 
1089	6  41  34 
1095	6  47  46 
1095	6  33  26 
1101	6  39  33 
1103	2  37  42 
1103	2  12  17 
1105	2  12  17 
1107	2  12  25 
1105	2  37  42 
1101	6  48  41 
1101	6  28  21 
1107	6  21   9 
1109	2  12  25 
1113	2  31  29 
1113	2  17  18 
1111	6  27   6 
1115	2  17  18 
1115	2  31  29 
1107	6  46  44 
1113	6  44  42 
1117	2  12  25 
1113	6   9   3 
1113	6   7   0 
1119	6  39  37 
1119	2  12  11 
1119	2  35  42 
1121	2  35  42 
1119	2   9   7 
1123	2  35  42 
1125	2  42  28 
1121	2   5   3 
1121	2  17  18 
1125	2  44  37 
1123	2   5   3 
1125	2   5   3 
1121	6   1   0 
1117	6  34  27 
1125	2  34  39 
1123	6  18  16 
1127	2  36  35 
1127	2  45  40 
1129	6  42  21 
1129	2  46  45 
1131	2  46  45 
1133	2  46  45 
1129	2  18  26 
1131	2  18  26 
1133	2  18  26 
1129	6  41  34 
1127	6   3   1 
1133	2   1   8 
1135	2  16  30 
1135	2  41  39 
1135	2  42  43 
1137	2  16  30 
1139	2  31  22 
1137	2  46  48 
1139	2   1   8 
1139	2  46  48 
1133	2   3   5 
1135	2  12  11 
1137	2   3   5 
1139	2   3   5 
1137	2  42  43 
1139	2  36  35 
1135	6  27  20 
1141	2  32  29 
1141	2  12  11 
1141	2   3   2 
1143	6  13   5 
1143	2   1   8 
1143	2  44  37 
1145	2  44  37 
1143	2  18  33 
1143	2  46  48 
1145	2   8   1 
1147	2   8   1 
1145	2  18  33 
1143	2  21  28 
1145	2  21  28 
1147	2  31  22 
1147	2  42  43 
1147	6  26  18 
1149	2  14  23 
1149	2  13  20 
1151	2  13  20 
1149	2  36  35 
1149	2  41  39 
1151	2  31  22 
1153	2  32  29 
1155	2  26  33 
1155	2  28  21 
1149	2   3   2 
1153	2  13  20 
1157	2  27  20 
1151	2   8   1 
1153	2   9   7 
1155	2   3   2 
1155	2  16  30 
1157	2   8   7 
1157	2  10   2 
1159	2   8   7 
1157	2  42  45 
1159	2  32  29 
1159	2  10   2 
1159	2  27  20 
1157	6   5   4 
1161	2  25   9 
1161	2  42  45 
1163	6  38  17 
1163	2  27  20 
1169	2  25   9 
1171	2  10   2 
1171	2   8   7 
1163	2  28  21 
1165	2  28  21 
1171	2  19  27 
1169	2  42  45 
1171	2  40  38 
1171	2  29  23 
1173	6  40  37 
1179	2  34  26 
1173	2   1  16 
1175	2   1  16 
1177	2   1  16 
1181	2  34  26 
1179	2  37  38 
1181	2  37  38 
1183	2  34  26 
1179	2  21   7 
1181	2  29  23 
1185	2  19  27 
1183	2  37  22 
1185	2  21   7 
1185	2  38  44 
1179	6  10   5 
1187	2  21   7 
1185	2  24  10 
1187	2  24  10 
1189	2  24  10 
1187	2  38  44 
1189	2  38  44 
1187	2  19  27 
1191	6  11   9 
1191	2  29  23 
1197	2  24  17 
1197	2   9  15 
1193	2  42  29 
1199	2   9  15 
1199	2  24  17 
1195	2  42  29 
1197	2  42  29 
1185	6  41  40 
1189	6  27  20 
1195	2  48  27 
1197	2  48  27 
1199	2  48  27 
1197	6   4   3 
1201	2  24  17 
1203	2  17  24 
1205	2  17  24 
1201	2  37  22 
1203	2   9  15 
1205	2  37  22 
1191	6  39  32 
1201	6  34  13 
1197	6   1   0 
1205	6   3   1 
1211	2   3  18 
1213	2   9  16 
1207	2   5  13 
1209	2   5  13 
1207	2  41  34 
1209	2  41  34 
1213	2  25  11 
1211	2  41  34 
1201	6  47  46 
1207	6  21  14 
1207	6  46  37 
1213	2  41  46 
1211	6   1   0 
1215	2   5  13 
1215	2  41  46 
1215	2   3  18 
1215	2  22  23 
1213	6  37  35 
1217	2  41  46 
1219	2  27  13 
1217	2   3  18 
1221	2  27  13 
1223	2  27  13 
1219	2  18  31 
1221	2  18  31 
1217	2  15   8 
1219	2  15   8 
1221	2  14   0 
1223	2  18  31 
1223	2  15   8 
1225	6  23  22 
1225	2  26  34 
1227	2  26  34 
1229	2  26  34 
1219	6  44  42 
1219	6  48  47 
1225	6   2   1 
1231	6  45  33 
1231	2   9  16 
1231	2  14   0 
1233	2  17  24 
1233	2  14   0 
1235	2  23  22 
1225	6  11   4 
1225	6  35  28 
1231	6  20  12 
1235	6  10   1 
1237	2  23  22 
1237	2  20  32 
1239	2  20  32 
1241	2  20  32 
1243	2  20  33 
1241	2   9  16 
1245	2  20  33 
1243	2   8  29 
1245	2  38  24 
1245	6  11   9 
1247	2  20  33 
1247	2  45  37 
1249	2  45  37 
1245	6  28  14 
1249	6  47  34 
1251	2  38  24 
1251	2   1  14 
1253	2   1  14 
1253	2  45  37 
1251	6  35  28 
1255	2   1  14 
1257	2   3   1 
1257	2  21  14 
1255	2  32  18 
1257	2  32  18 
1251	6   6   5 
1255	6  37  23 
1259	2  32  18 
1259	2   3   1 
1259	2  21  14 
1261	6  44  39 
1261	2  12  18 
1261	2  21  14 
1261	2   3   1 
1263	2   4   3 
1265	2  11  20 
1267	6  38  30 
1267	2  12  18 
1269	2  11  20 
1271	2   4   3 
1273	2   4   3 
1267	2  43  44 
1269	2  43  44 
1271	2  43  44 
1273	2  42  43 
1271	2  12  18 
1273	2  30  24 
1273	2  39  47 
1263	6  15   9 
1275	6   5   2 
1275	2  42  43 
1277	2  42  43 
1275	2  40  38 
1277	2  40  38 
1279	2  39  47 
1281	6   1   0 
1281	2  40  38 
1283	2  32  33 
1281	2  23  10 
1283	2  23  10 
1283	2  38  45 
1287	2  15  36 
1285	2  32  33 
1289	2  23  10 
1287	2  39  47 
1289	2  38  45 
1289	2  32  33 
1281	6  19   5 
1289	6  48  47 
1291	2  23  26 
1293	2  39  33 
1295	2  39  33 
1293	2  15  36 
1295	2  15  36 
1293	2  11  20 
1295	2  13  11 
1297	6  21   0 
1297	2  10   9 
1299	2  10   9 
1303	2   2   0 
1303	2  16  24 
1303	2  21  28 
1297	2  39  33 
1299	2  38  45 
1305	2  21  28 
1307	2  22  43 
1301	2  13  11 
1305	2   2   0 
1307	2   2   0 
1303	2  13  11 
1299	6  41  33 
1305	6  34  18 
1309	2  37  46 
1309	2  21  28 
1309	6   7   2 
1311	2  19  31 
1313	2  19  31 
1311	6  44  36 
1317	2   0  21 
1319	2   8  29 
1315	6  20   5 
1315	6  39  33 
1321	6  21  15 
1321	2  18   2 
1321	2  47  44 
1323	2  18   2 
1325	2  19  31 
1327	2   8  29 
1327	6  41  20 
1329	2  21  36 
1331	2  21  36 
1329	2  16  24 
1331	2  10   9 
1327	6   5   4 
1333	6  15   7 
1333	2  19   3 
1333	2  47  44 
1339	2  23  26 
1339	2   0   7 
1341	2  18   2 
1341	2  47  44 
1333	6  35  28 
1343	6  39  38 
1343	2  22  43 
1343	2  19   3 
1343	2   0   7 
1345	2  19   3 
1347	2   3   1 
1345	2  22  43 
1349	2   3   1 
1347	2  18  19 
1349	2  18  19 
1347	2  21  36 
1347	2  16  24 
1343	2  41  47 
1345	2  41  47 
1347	2  41  47 
1349	2  37  46 
1349	2  41  34 
1349	6  16  14 
1351	2  38  35 
1351	2  18  19 
1353	2  38  35 
1355	2  37  46 
1357	2  23  26 
1351	2   3   1 
1353	2   1   3 
1355	2   1   3 
1357	2   1   3 
1347	6   6   5 
1357	6  47  45 
1359	2  25  16 
1361	2  25  16 
1359	6   7   0 
1363	2  25  16 
1363	2  41  34 
1359	6  36  28 
1353	6  13   6 
1359	6   5   3 
1365	6  33  17 
1365	6  45  36 
1371	6  44  38 
1371	2  28  15 
1371	2  40  33 
1371	2  10  24 
1373	2  16   3 
1375	2  16   3 
1373	2  40  33 
1375	2  40  33 
1365	6  20  13 
1365	6   1   0 
1371	6  27  19 
1377	6  44  42 
1377	2  16   3 
1377	2  39  25 
1379	2  31  30 
1377	2  41  34 
1379	2  47  33 
1381	2  39  25 
1373	6  28  21 
1383	2  42  35 
1379	2  21  15 
1381	2  21  15 
1383	2  21   7 
1383	2  47  33 
1383	2  31  30 
1379	6  12   3 
1383	6  17  16 
1385	2   3   1 
1387	2   3   1 
1385	2  31  30 
1385	2  47  33 
1387	2  29  32 
1383	6  45  44 
1389	6  11   2 
1389	2  22  36 
1389	2  45  40 
1391	2  45  40 
1391	2  22  36 
1393	2  45  40 
1393	2  21   7 
1389	6  26  20 
1393	6  42  35 
1395	2  26  38 
1395	2  21   7 
1397	2   3   1 
1397	2  21  16 
1397	2  26  38 
1395	6  48  47 
1399	2   2   1 
1399	2  21  16 
1399	2  26  38 
1395	6  13   6 
1401	6  20  12 
1401	2  22  36 
1401	2   2   1 
1401	2  39  25 
1403	2   9  25 
1405	2   9  25 
1407	2  27  41 
1407	2  31  43 
1409	2  31  43 
1407	2   2   1 
1411	2  44  38 
1409	2  47  40 
1411	2  10  24 
1411	2  47  40 
1407	6  13  12 
1403	6  22  14 
1409	2   7  14 
1411	2   7  14 
1413	6  46  33 
1413	2  11  23 
1419	2  17  33 
1421	2  10  24 
1423	2  34  18 
1413	2   7  14 
1419	2  44  38 
1421	2  37  46 
1423	2  37  46 
1411	6  35  28 
1415	6  14   8 
1421	2  28  14 
1425	2  44  38 
1425	2  17  33 
1423	2  28  14 
1425	2  28  14 
1421	6   1   0 
1427	6  45  43 
1427	2  34  18 
1429	2  11  23 
1427	2   2   8 
1429	2  27  41 
1429	2   2   8 
1431	2   9  25 
1431	2  47  40 
1431	6  30  22 
1433	2   2   8 
1433	2  35  43 
1433	2  17  33 
1435	2  17  10 
1437	2  34  18 
1435	2   2   8 
1437	2   2   8 
1437	2  37  46 
1439	6  22   9 
1445	2   4   9 
1447	2   2   8 
1439	2  27  41 
1441	2  46  33 
1439	2  35  43 
1441	2  35  43 
1443	2  31  45 
1445	2  29  32 
1447	2  47  45 
1449	2  46  33 
1447	2  17  10 
1449	2  11  23 
1451	6  39  27 
1451	2   4   9 
1453	2   4   9 
1455	2  17  10 
1447	6  42  35 
1449	6   7   0 
1451	6  29  23 
1457	6   6   4 
1457	2  27  20 
1457	2  47  45 
1459	2  27  20 
1457	2  23  32 
1459	2  37  29 
1459	2  31  32 
1461	2  24  23 
1461	2  27  20 
1461	2  47  45 
1463	6  40  19 
1463	2  37  29 
1465	2  37  29 
1463	2  24  23 
1465	2  24  23 
1469	2  31  32 
1469	2   3  19 
1455	6  21  14 
1455	6   8   0 
1453	6  42  35 
1459	6  43  42 
1471	6  30  24 
1471	2  46  33 
1473	2   3  19 
1475	2   3  19 
1473	6  46  40 
1477	2   9   4 
1477	2  26  24 
1467	6  35  21 
1473	2  35  44 
1479	2  26  24 
1475	2  35  44 
1479	2   9   4 
1481	2  26  24 
1477	2  35  44 
1479	2  43  46 
1481	2   9   4 
1481	2  43  46 
1483	6  27  12 
1483	2  14  16 
1483	2  31  32 
1485	2  43  46 
1487	2  28  43 
1483	6   3   1 
1487	6  47  46 
1489	2  10   3 
1491	2  10   3 
1489	2  33  41 
1491	2  33  41 
1489	2  20   6 
1491	2  20   6 
1489	2  28  43 
1491	2  28  43 
1485	6  25  24 
1485	6  16  15 
1489	6   7   1 
1493	2  10   3 
1493	2  20   6 
1493	2  23  39 
1495	6  24  16 
1495	2  18  19 
1495	2   7  21 
1495	2  33  41 
1497	2  18  19 
1499	2  18  19 
1497	2   7  21 
1499	2   7  21 
1501	6  22  17 
1507	6  17   5 
1507	2  28  22 
1509	2  28  22 
1511	2  28  22 
1513	6  28  16 
1513	2  12   5 
1515	2  12   5 
1517	2  12   5 
1501	6   7   1 
1493	6  44  43 
1497	6  48  33 
1503	6  34  26 
1495	6  46  38 
1503	6  47  40 
1501	6  38  37 
1507	6  43  37 
1519	6  30  17 
1509	6  40  27 
1525	2  28  42 
1527	2  28  42 
1529	2  28  42 
1525	2  16  10 
1527	2  16  10 
1519	2  27  13 
1521	2  27  13 
1515	2  40  46 
1523	2  27  13 
1517	2  40  46 
1529	2  16  10 
1519	2  40  46 
1521	2  40  47 
1525	2  26  38 
1525	2   5  13 
1527	2  26  38 
1529	2  40  47 
1527	2   5  13 
1529	2   5  13 
1507	6   1   0 
1519	6  14   7 
1525	6   7   1 
1531	6  45  42 
1531	2  22  21 
1531	2  24  33 
1533	2  22  21 
1533	2  24  33 
1535	2  22  21 
1535	2  24  33 
1537	6  28  14 
1537	2  46  45 
1539	2  46  45 
1541	2  46  45 
1537	2  25  24 
1539	2  25  24 
1541	2  25  24 
1537	2  33  34 
1539	2  33  34 
1541	2  33  34 
1531	6  10   9 
1531	6  20  19 
1537	6  12   3 
1537	6  37  30 
1537	6  43  42 
1543	6  11   9 
1543	2  40  47 
1543	2  44  37 
1545	2  30  24 
1547	2  30  24 
1545	2  47  40 
1547	2  47  40 
1543	2  34  27 
1545	2  34  27 
1547	2  34  27 
1543	2  28  42 
1545	2  28  42 
1547	2  28  42 
1543	6   7   0 
1549	6  42  28 
1549	2  14  15 
1549	2  44  37 
1551	2  44  37 
1549	2   3   1 
1555	2  28   7 
1549	2  47  40 
1549	2  25  19 
1551	2  25  19 
1553	2  26  38 
1555	2  25  19 
1555	2  45  44 
1551	6  17  10 
1557	6  26  20 
1557	2  14  15 
1559	2  14  15 
1557	2  30  24 
1557	2   3   1 
1559	2   3   1 
1557	2  45  44 
1559	2  38  24 
1561	2  23  39 
1557	6  36  35 
1561	6   4   2 
1563	2  37  30 
1565	2  37  30 
1567	2   8   2 
1567	2  37  30 
1563	2  27  13 
1565	2  27  13 
1567	2   5  20 
1563	2  32  17 
1565	2  32  17 
1567	2  32  17 
1563	6  35  21 
1569	6  33  31 
1569	2   9  21 
1571	2  28   7 
1573	2  28   7 
1569	2   5  20 
1575	2  27  13 
1569	2  45  44 
1575	2   9  21 
1571	6  48  46 
1575	6  44  36 
1577	2  19  12 
1579	2  19  12 
1581	2  44  31 
1581	2  19  12 
1577	2   9  21 
1581	2  21  29 
1579	2   9  10 
1581	2   8   2 
1577	6  48  47 
1577	6  33  27 
1583	6   7   0 
1583	2  44  31 
1585	2  44  31 
1583	2   6  27 
1585	2   6  27 
1587	2  44  46 
1587	2   6  27 
1589	2  44  46 
1589	2   5  20 
1583	2   9  10 
1585	2   9  10 
1583	2  21  29 
1585	2  21  29 
1587	2  10  17 
1589	2   8   2 
1589	2  10  17 
1587	6  31  23 
1591	2  10  17 
1593	2  38  24 
1593	2   3   2 
1595	2   3   2 
1595	2  38  24 
1593	2  29  42 
1595	2  29  42 
1591	6  12   6 
1591	6  40  33 
1597	6  35  21 
1597	2  31  39 
1597	2   3   2 
1599	2  16   3 
1599	2  44  46 
1601	2  16   3 
1599	2  32  26 
1601	2  32  26 
1603	6   8   3 
1603	2  44  28 
1603	2  32  26 
1605	2  46  40 
1607	2  46  40 
1609	2  44  28 
1609	2   4   5 
1611	2   4   5 
1611	2  29  42 
1609	2   2   0 
1611	2   2   0 
1609	2  25  41 
1611	2  25  41 
1613	6   5   3 
1613	2  16   8 
1619	2   4   3 
1613	2  44  28 
1613	2  25  41 
1615	2  46  40 
1615	2  25  24 
1617	2  25  24 
1619	2  25  24 
1615	6  29  15 
1621	6  31  17 
1621	2   2   0 
1617	6  47  41 
1615	6  27  20 
1621	2  20   5 
1623	2  20   5 
1625	2  20   5 
1621	6  22  14 
1627	6  45  37 
1627	2  12  17 
1629	2  12  17 
1631	2   6   5 
1627	2  14   1 
1629	2  14   1 
1631	2   9  23 
1627	6  34  27 
1623	6  48  40 
1621	6  42  35 
1627	6  35  28 
1629	6  40  32 
1633	2  12  17 
1633	2  14   1 
1633	2  29  43 
1635	6  33  18 
1635	2   9  23 
1637	2   1   8 
1637	2  29  43 
1639	2  29  43 
1635	2   6   5 
1637	2   6   5 
1639	2   1   8 
1641	6  18  11 
1641	2   1   8 
1641	2  41  33 
1643	2   9  23 
1643	2  47  45 
1647	2  29  32 
1645	6  16   9 
1649	2  41  33 
1643	6   7   0 
1639	6  13   5 
1647	6  11   3 
1651	2  41  33 
1645	6  20  13 
1649	6  39  38 
1653	2   3   0 
1649	6  28  21 
1649	6  30  24 
1651	6  27  20 
1655	2  41  39 
1655	2  17  23 
1655	6  21   7 
1657	2  26  24 
1657	2  41  39 
1659	2  17  23 
1659	2  40  33 
1655	6  44  42 
1655	6   4   2 
1661	6   8   3 
1661	2  44  38 
1661	2  26  24 
1663	2  44  38 
1663	2  40  33 
1665	2  44  38 
1663	2  17  23 
1665	2  26  24 
1657	6  13   6 
1661	6  42  28 
1663	6   6   5 
1667	2  47  45 
1669	2  29  32 
1667	2   8   0 
1669	2   8   0 
1671	6   9   7 
1671	2  29  32 
1673	2  47  45 
1673	2  29  35 
1675	2  40  33 
1675	2  46  45 
1675	2  29  35 
1669	6   6   4 
1667	6  20  19 
1673	6  24  19 
1679	2  13  19 
1677	2   2   0 
1677	2  41  39 
1679	2  46  45 
1679	2   8  14 
1677	2  29  35 
1675	6   5   4 
1679	6  36  24 
1681	2   2   0 
1681	2  46  45 
1681	2  13  19 
1685	2  16  32 
1687	2   2   0 
1687	2  22  36 
1689	2  22  36 
1691	2  22  36 
1683	2  13  19 
1687	2  39  27 
1689	2  39  27 
1691	2  39  27 
1687	2  17  11 
1689	2   9   4 
1691	2   9   4 
1689	6  24  18 
1695	2  10  18 
1693	2  22  15 
1695	2  22  15 
1697	2  22  15 
1697	2  10  18 
1693	2  42  36 
1695	2  42  36 
1697	2  42  36 
1693	6  13   6 
1693	6  38  33 
1699	6  32  23 
1699	2  10  18 
1699	2   8  14 
1705	2  32  47 
1701	2   8  14 
1705	2   9   4 
1699	6  27  13 
1699	6  44  35 
1705	6  35  21 
1707	2  20  33 
1707	2  16  23 
1709	2  17  11 
1709	2  20  33 
1705	6  45  44 
1707	6   7   1 
1711	2  27  40 
1711	2  37  24 
1711	6   5   4 
1713	2  20  33 
1713	2   9  30 
1715	2  27  40 
1715	2  37  24 
1713	6  21  14 
1717	2  27  40 
1717	2  37  24 
1717	6   4   1 
1719	2  33  48 
1723	2  18  25 
1725	2  33  48 
1723	2  14   1 
1725	2  14   1 
1719	2  16  23 
1725	2  17  11 
1711	6  42  35 
1719	6  44  42 
1721	6  30  23 
1719	6  20  13 
1725	6  44  38 
1731	2  28  44 
1727	2  33  48 
1727	2   3  17 
1729	2  18  25 
1729	2  13   4 
1731	2  32  47 
1731	2  13   4 
1727	6   7   1 
1729	6  16   9 
1733	2  18  25 
1733	2  13   4 
1733	2  38  41 
1733	2  14   7 
1733	6  42  28 
1735	2  48  45 
1739	2  42  44 
1741	2  42  44 
1735	2   6  13 
1735	2  15  24 
1737	2  32  47 
1739	2  22  14 
1737	2   6  13 
1743	2  48  45 
1737	2   4   9 
1739	2   2  18 
1741	2  15  24 
1743	2   2  18 
1745	2   2  18 
1743	2  22  14 
1745	2  22  14 
1747	2  16  23 
1749	2  28  22 
1749	2   4   9 
1745	2  38  41 
1747	2  42  44 
1739	2   6  13 
1747	2  25  33 
1749	2  38  41 
1751	6  13  11 
1751	2  42  44 
1753	2  42  44 
1751	2  15  24 
1753	2  25  33 
1753	2  16  23 
1755	2  15  14 
1757	2   4   9 
1757	2  28  22 
1755	2  47  41 
1757	2  47  41 
1755	6  31  26 
1759	2  15  14 
1759	2  47  41 
1755	6  44  43 
1759	6   2   0 
1761	2  26  12 
1763	2  26  12 
1765	2   3  17 
1761	2  15  14 
1765	2  26  12 
1763	2  28  22 
1761	2  31  37 
1763	2  31  37 
1765	2  31  37 
1761	6  40  39 
1767	6  41  34 
1767	2  12  10 
1769	2  12  10 
1767	2  31  46 
1771	2  12  10 
1769	2  31  46 
1773	2  48  45 
1773	2   3  17 
1765	6  21   7 
1771	2  21  35 
1775	2  31  46 
1777	2  25  33 
1773	2  21  35 
1779	2  33  17 
1775	2  21  35 
1781	6  28  15 
1787	6  11   9 
1777	6  43  37 
1781	6  46  41 
1787	2  44  46 
1789	2  44  46 
1791	2  44  46 
1781	6  32  26 
1773	6  20  13 
1787	6  29  24 
1787	6  34  20 
1793	2   7  10 
1795	2   7  10 
1797	2   7  10 
1793	2  36  29 
1795	2  36  29 
1797	2  36  29 
1793	2  32  46 
1795	2  32  46 
1797	2  32  46 
1793	6  27  13 
1799	6   5   2 
1799	2  14  29 
1801	2  14  29 
1803	2  14  29 
1799	2  46  34 
1801	2  46  34 
1803	2  46  34 
1799	6  43  42 
1799	6  18  17 
1805	6  10   4 
1805	2  37  25 
1807	2  36  31 
1807	2  34  47 
1809	2  36  31 
1809	2  34  47 
1805	6  14   0 
1811	6   7   2 
1811	2  12   5 
1813	2  12   5 
1815	2  12   5 
1811	2  24  27 
1813	2  24  27 
1815	2  24  27 
1817	6  46  40 
1817	2  19  16 
1819	2  19  16 
1821	2  19  16 
1811	6  44  35 
1817	6  35  28 
1823	6  44  39 
1823	2  19  20 
1823	2  28   7 
1825	2  19  20 
1829	2  39  46 
1831	2  39  46 
1827	2  19  20 
1823	2   2   3 
1833	2  39  46 
1825	2   2   3 
1827	2   2   3 
1823	2  16  17 
1825	2  16  17 
1827	2  16  17 
1825	2  28   7 
1827	2  28   7 
1829	2   9  15 
1831	2   9  15 
1833	2   9  15 
1829	2  42  28 
1831	2  42  28 
1833	2  42  28 
1829	6  37  31 
1823	6  48  34 
1835	6  46  43 
1835	2   2   3 
1837	2   2   3 
1839	2   2   3 
1823	6  11   5 
1829	6  27  18 
1835	6  23  18 
1841	6  32  24 
1841	2  48  47 
1841	2  42  35 
1843	2  42  35 
1845	2  36  37 
1835	6  34  27 
1835	6   8   7 
1829	6  13   5 
1841	6  15   0 
1841	6  27  12 
1843	6  48  46 
1847	2  21  24 
1847	2  33  34 
1847	6   5   3 
1849	2  31  25 
1851	2  48  27 
1851	2  14  23 
1853	2  33  34 
1853	2  18   3 
1849	2  42  35 
1847	6  44  37 
1853	6  38  22 
1855	2  18   3 
1857	2  18   3 
1853	6  20  13 
1855	6  47  41 
1859	2  32  39 
1859	2  22   1 
1859	6  20  18 
1861	2  38  40 
1863	2  38  40 
1865	2  41  34 
1865	2   6  20 
1867	2   6  20 
1869	2   6  20 
1861	2  22   1 
1863	2  22   1 
1865	2  21  24 
1867	2  41  34 
1867	2  21  24 
1869	2  32  39 
1869	2  18  24 
1871	2  18  24 
1869	2  41  34 
1871	2  32  39 
1865	6   3   1 
1869	6  28  22 
1873	2  48  27 
1865	6  37  36 
1871	6   8   3 
1875	2  48  27 
1877	6  17   3 
1877	2  38  40 
1883	2  18  24 
1877	6  13   6 
1885	2  17  26 
1877	6   8   7 
1887	2  17  26 
1875	6  43  28 
1883	6  22   8 
1879	6  41  40 
1881	6  45  43 
1887	2  47  45 
1885	6  12   4 
1889	2  17  26 
1891	2  18  12 
1889	2  47  45 
1891	2  47  45 
1889	2  22  36 
1893	2  38  32 
1893	2  18  12 
1891	2  22  36 
1893	2  22  36 
1889	6   8   2 
1893	6  41  27 
1895	2   4   2 
1895	2  31  25 
1897	2  38  32 
1897	2  14  23 
1899	2  14  23 
1899	2  19  20 
1899	2  38  32 
1897	2   4   2 
1899	2   4   2 
1895	6  36  28 
1899	6  48  34 
1901	2  19  20 
1903	2  19  20 
1901	2   3   4 
1903	2   3   4 
1905	2  13  27 
1905	2   3   4 
1901	2  44  45 
1903	2  44  45 
1905	2  44  45 
1901	2   7  28 
1903	2   7  28 
1905	2   7  28 
1907	6  39  26 
1907	2  14  15 
1909	2  14  15 
1911	2  14  15 
1907	6   6   5 
1907	6  11   3 
1907	6   1   0 
1907	6  43  28 
1901	6  24  17 
1907	6  30  23 
1905	6  48  41 
1913	6  46  44 
1913	2  33  31 
1915	2  33  31 
1913	2   0  21 
1917	2  33  31 
1919	2  31  15 
1921	2  31  15 
1913	2  18  12 
1919	2  13  27 
1921	2  13  27 
1915	6  10   2 
1923	6  17  15 
1923	2   6  27 
1923	2  37  30 
1925	2  37  30 
1925	2   6  27 
1927	2   6  27 
1927	2  37  30 
1919	6  47  46 
1929	6  39  37 
1929	2   0  21 
1931	2   0  21 
1933	2  15   7 
1929	6  26  18 
1935	6  23  11 
1935	2  33  26 
1937	2  33  26 
1939	2  33  26 
1933	6   2   1 
1935	6  46  43 
1941	6  27  13 
1941	2  48  46 
1943	2  48  46 
1945	2  48  46 
1947	2  39  46 
1941	2  11   3 
1949	2  39  46 
1943	2  11   3 
1945	2  11   3 
1947	2  11   5 
1949	2  11   5 
1951	2  11   5 
1941	2  15   7 
1943	2  37  22 
1945	2  37  22 
1947	2  15   7 
1947	2  24  36 
1949	2  24  36 
1951	2  39  46 
1951	2  24  36 
1947	6  34  20 
1947	6   3   2 
1953	6  12  10 
1953	2  36  44 
1953	2  25  24 
1955	2  25  24 
1955	2  37  22 
1957	2  25  24 
1957	2  35  22 
1953	6  40  33 
1953	6   7   1 
1959	6  15   3 
1959	2  20  12 
1959	2  36  44 
1961	2  20  12 
1963	2  20  12 
1961	2  36  44 
1965	6  24   9 
1971	2  28   7 
1971	2  24  18 
1965	6  13   5 
1959	6  39  33 
1959	6  48  41 
1965	2  27  41 
1967	2  27  41 
1969	2  27  41 
1973	6  32  17 
1973	2  28   7 
1975	2  28   7 
1977	2   0   7 
1977	2  28  29 
1979	6  42  21 
1979	2   8   9 
1981	2   8   9 
1979	2  24  18 
1983	2   8   9 
1981	2  24  18 
1983	2  24  38 
1971	6   4   3 
1985	6  17  16 
1985	2  28  29 
1985	2   0   7 
1987	2   0   7 
1991	2  18   4 
1985	2  31  32 
1993	2  18   4 
1987	2  28  29 
1991	2  35  22 
1993	2  35  22 
1971	6  27  13 
1987	6  40  27 
1993	2  40  45 
1989	6   8   2 
1977	6  13   6 
1995	6  48  46 
1995	2   8  21 
1997	2   8  21 
1999	2   8  21 
1995	2  17   3 
2001	2  28  16 
2001	2  40  45 
1993	6  20  13 
1997	6  11   3 
1997	6  31  25 
1999	6  27  13 
2003	2   3   1 
2003	2  42  37 
2003	6  16  14 
2005	2  42  37 
2005	2  33  20 
2007	2  42  37 
2005	2   3   1 
2009	2  22  36 
2007	2   3   1 
2009	2   3   2 
2011	2   3   2 
2011	2  22  36 
2009	2   0   8 
2013	2  28  14 
2015	2  28  14 
2007	2  33  20 
2009	2  41  32 
2009	2  17  11 
2011	2  40  45 
2011	2  17  11 
2013	2  37  31 
2013	2  18   4 
2015	2   5   4 
2015	2  40  26 
2015	2  37  31 
2013	6   9   1 
2017	2   5   4 
2017	2  33  20 
2017	2  24  38 
2019	6  44  30 
2025	2  22  36 
2019	2   0   8 
2019	2   5   4 
2021	2   3   2 
2019	2  40  26 
2021	2   5  20 
2021	2   0   8 
2023	2   1   0 
2023	2  40  26 
2025	2  41  32 
2025	2   1   0 
2027	2  37  31 
2025	2   5  20 
2027	2   5  20 
2027	2   1   0 
2023	6  17   9 
2025	6  46  45 
2029	2  41  32 
2029	6   8   3 
2031	2  48  41 
2033	2  48  41 
2031	2  24  38 
2033	2  37  44 
2033	2  17  25 
2027	6  29  22 
2029	6  13   5 
2033	6  35  21 
2035	2   3   5 
2037	2   3   5 
2039	2   3   5 
2039	2   7  21 
2035	2  37  44 
2035	2  48  41 
2035	2  17  25 
2037	2  37  44 
2037	2  17  25 
2039	6  45  42 
2041	2   7  21 
2043	2   7  21 
2039	6  25  16 
2045	6  45  40 
2045	2  25  27 
2047	2  25  27 
2051	2  19  40 
2053	2  25  27 
2045	2  42  35 
2055	2  19  40 
2047	2  42  35 
2049	2  42  35 
2057	6  38  26 
2045	6  22   9 
2051	6  28  15 
2057	6  15   2 
2057	6  35  28 
2057	6   6   5 
2063	6  36  22 
2063	2  19  40 
2065	2  46  40 
2065	2  27  26 
2067	2  27  26 
2067	2  46  40 
2069	2  35  43 
2065	2   2   5 
2067	2   2   5 
2069	2  12   9 
2069	2  46  40 
2069	6  30  21 
2071	2  12   9 
2073	2  12   9 
2071	2  35  43 
2075	2  36  42 
2075	2   9  22 
2075	2  31  25 
2075	2  12  19 
2071	6  47  45 
2077	6   3   0 
2077	2  27  26 
2077	2  35  43 
2079	2  12  19 
2079	2  36  42 
2081	2  36  42 
2081	2  12  19 
2083	2   3  12 
2077	2  39  23 
2079	2  39  23 
2081	2  39  23 
2083	2  31  25 
2085	6  22  10 
2091	2  17  33 
2093	2  17  33 
2095	2   9  10 
2095	2  30  24 
2097	2  31  25 
2099	2  17  33 
2091	2  21  22 
2093	2  21  22 
2095	2  21  22 
2097	2  29  22 
2099	2  29  22 
2083	6   7   0 
2085	6  13   6 
2083	6  45  43 
2089	2  43  35 
2091	2  43  35 
2093	2  43  35 
2089	6  46  45 
2091	6  20  13 
2089	6   1   0 
2097	6   8   1 
2101	2  30  24 
2101	2  46  34 
2103	2  30  24 
2103	2   2   5 
2101	2  28  35 
2105	2  11  23 
2103	2  46  34 
2103	2  28  35 
2105	2  46  34 
2105	2  28  35 
2105	6   8   2 
2107	2  11  23 
2109	2  11  23 
2107	6  42  35 
2111	2  25  26 
2111	2   3  12 
2113	2  25  26 
2111	2  23  15 
2113	2   3  12 
2113	2  23  15 
2107	6  44  39 
2113	2  40  39 
2113	6  44  28 
2115	2  40  39 
2117	2  40  39 
2119	2  28  21 
2115	2   9  10 
2121	2  29  22 
2115	2  25  26 
2117	2   5  10 
2119	2  11  32 
2121	2  11  32 
2123	6   4   2 
2123	2  31  45 
2125	2  23  15 
2123	2  28  21 
2125	2  44  38 
2125	2  28  21 
2127	2  31  45 
2119	6  48  47 
2125	2  48  27 
2127	2  48  27 
2127	6  35  14 
2133	2  21   0 
2129	2  11  32 
2131	2  31  45 
2131	2  48  27 
2133	2  39  32 
2131	2   5  10 
2133	2   5  10 
2133	6  34  26 
2135	2  16  14 
2137	2  16  14 
2139	2  22   8 
2141	2  22   8 
2135	2  13  11 
2137	2  13  11 
2143	2  21   0 
2139	2  13  11 
2135	2  44  38 
2137	2  44  38 
2141	2  12  33 
2139	2  38  45 
2141	2  38  45 
2143	2  39  32 
2143	6  17   3 
2145	2  22   8 
2145	2  39  32 
2147	2  22   8 
2147	2  38  45 
2143	6  26  20 
2143	6  48  41 
2145	6  43  35 
2149	2  16  14 
2149	2  20   4 
2151	2  22   8 
2151	2  20   4 
2151	2  46  43 
2151	6  25  17 
2153	2  22   8 
2153	2  46  43 
2155	2  46  43 
2153	2  20   4 
2157	2  41  25 
2157	2  43  42 
2155	2   4   2 
2157	2  21   0 
2159	6  37  32 
2159	2  16  17 
2161	2  16  17 
2159	2   4   2 
2163	2  16  17 
2161	2   6  20 
2163	2   6  20 
2159	6  14   7 
2159	6  35  28 
2165	6  45  38 
2165	2  43  42 
2167	2  43  42 
2165	2   4   2 
2165	2  29  14 
2167	2  29  14 
2169	2  29  14 
2165	2  32  26 
2167	2  32  26 
2169	2  32  26 
2165	6  18  17 
2165	6  47  40 
2171	6  40  25 
2171	2  38  37 
2171	2   6  20 
2171	2  23  29 
2173	2  38  37 
2177	2  41  40 
2173	2  23  29 
2175	2  23  29 
2171	2   3   0 
2177	2  18   6 
2179	2  41  40 
2179	2  26  31 
2179	2   3   0 
2181	6  30  17 
2177	6  43  35 
2187	6  45  24 
2187	6  14   2 
2181	6  34  20 
2187	6  20  12 
2187	6  34  33 
2187	6  36  29 
2193	6  33  32 
2193	2  19  17 
2193	2  38  37 
2195	2  30  28 
2195	2  19  17 
2197	2  30  28 
2197	2  19  17 
2193	6   4   2 
2195	6  45  43 
2199	2  10  17 
2201	2  10  17 
2203	2  10  17 
2199	2  30  28 
2201	2  45  46 
2199	2  12   4 
2201	2  12   4 
2201	2  26  31 
2203	2  20  34 
2203	2  45  46 
2201	2  28  43 
2203	2  28  43 
2199	6  15   1 
2205	6  33  31 
2205	2  12   4 
2205	2  45  46 
2205	2  35  14 
2207	2   4  10 
2207	2  28  43 
2209	2   7  28 
2209	2   4  10 
2207	6  46  45 
2211	2   4  10 
2211	2  15  30 
2211	2  26  33 
2207	6  13  12 
2211	6   2   1 
2213	2  15  30 
2213	2  47  46 
2215	2  15  30 
2215	2  45  43 
2213	2  20  34 
2215	2  18   6 
2215	2  27  34 
2215	6  48  40 
2217	2  35  14 
2217	2  18   6 
2219	2   3   0 
2221	2  35  14 
2223	2  45  43 
2217	2  31  30 
2217	2  27  34 
2219	2  31  30 
2219	2  27  34 
2221	2  26  41 
2221	2  31  30 
2223	2   8  23 
2223	2  26  41 
2221	6  11   3 
2225	2  47  46 
2227	2  47  46 
2229	2  47  48 
2225	2  24  17 
2227	2  24  17 
2225	2   7  28 
2227	2   7  28 
2229	2   8  23 
2229	2  45  43 
2225	6  33  20 
2231	6  44  36 
2231	2  47  48 
2233	2  47  48 
2231	2  11  20 
2231	2  22  31 
2233	2  22  31 
2235	2   8  23 
2235	2  26  41 
2237	6  14   1 
2237	2  11  20 
2239	2  11  20 
2241	2   4  11 
2237	2  30  39 
2239	2  30  39 
2241	2  30  39 
2241	2  20  34 
2241	6  25  17 
2243	2   4  11 
2245	2   4  11 
2243	2  47  39 
2243	2  20  34 
2245	2  20  34 
2245	2  47  39 
2243	6  29  14 
2247	2  24  25 
2247	2  47  39 
2249	6  21   9 
2249	2  24  30 
2251	2  24  30 
2253	2  24  30 
2247	6   5   4 
2255	6   4   3 
2255	2  36  29 
2255	2   9  17 
2257	2   9  17 
2259	2   9  17 
2257	2  36  29 
2259	2  22  31 
2261	6  43  31 
2261	2  21  14 
2263	2  21  14 
2265	2  21  14 
2261	6   3   1 
2247	6  34  20 
2253	6  19  12 
2249	6  47  46 
2255	6  47  34 
2267	2   1  14 
2269	2   1  14 
2261	2  34  19 
2271	2  42  21 
2273	2  42  21 
2275	2  42  21 
2263	2  34  19 
2265	2  34  19 
2267	2  31  33 
2269	2  31  33 
2271	2  31  33 
2273	6  39  34 
2277	2  36  29 
2277	2   1  14 
2267	6  12   4 
2267	6  18  17 
2273	2  18  13 
2279	2  36  44 
2275	2  18  13 
2281	2  36  44 
2277	2  18  13 
2279	2   7  14 
2279	2  13  19 
2281	2  13  19 
2283	2  36  44 
2283	2  13  19 
2279	2   4   2 
2281	2   7  14 
2281	2   4   2 
2283	2   4   2 
2283	2   7  14 
2285	6  42  30 
2285	2   7   8 
2287	2   7   8 
2291	2  30  16 
2285	2  12   4 
2293	2  30  16 
2287	2  12   4 
2289	2  12   4 
2289	6   7   1 
2285	6  25  18 
2279	6  48  34 
2285	6  34  27 
2291	2  12  27 
2293	2  12  27 
2291	6  43  35 
2295	2  30  16 
2295	2  12  27 
2295	2   7  21 
2279	6  46  39 
2285	6  40  39 
2297	6  46  43 
2297	2  30  31 
2297	2   1   8 
2299	2  30  31 
2297	2  16  10 
2299	2   7  21 
2301	2  30  31 
2299	2  16  10 
2303	2  45  46 
2305	2  45  46 
2307	2  44  43 
2303	2  25  41 
2301	2  16  10 
2305	2  25  41 
2301	2   7  21 
2307	2  25  41 
2297	6  20  12 
2303	6  29  15 
2303	6   6   3 
2309	6  32  19 
2309	2  44  43 
2311	2  45  46 
2309	2  15   2 
2311	2  15   2 
2313	2  15   2 
2313	2  44  43 
2309	6   6   5 
2313	6  47  46 
2319	2  34  47 
2315	2   2   9 
2317	2   2   9 
2319	2   2   9 
2315	2   5  19 
2317	2   5  19 
2319	2   5  19 
2315	6  38  32 
2321	6  25  16 
2327	2  12  25 
2329	2  12  25 
2321	2  44  38 
2323	2  44  38 
2325	2  44  38 
2321	6  47  41 
2327	2  34  41 
2329	2  34  41 
2309	6  30  29 
2315	6  21   7 
2321	2  35  21 
2323	2  35  21 
2325	2  35  21 
2331	6  31  22 
2331	2  19  18 
2333	2  19  18 
2335	2  19  18 
2321	6   3   1 
2331	6   5   4 
2331	6  33  27 
2327	6   7   1 
2327	6  44  36 
2337	2  18   3 
2339	2  18   3 
2341	2  18   3 
2337	2   7  15 
2339	2   7  15 
2333	2  46  44 
2341	2   7  15 
2335	2  46  44 
2337	2  30  39 
2339	2  30  39 
2341	2  30  39 
2333	6  42  35 
2337	6  27  13 
2343	6   3   1 
2343	2  45  31 
2345	2  12  25 
2347	2  27  40 
2343	2  22  21 
2345	2  16  15 
2347	2  16  15 
2349	2  16  15 
2347	2   5  13 
2345	2  28  30 
2347	2  28  30 
2349	2  28  30 
2349	2  41  20 
2349	2   4   3 
2349	6   7   0 
2351	2  27  40 
2351	2   4   3 
2353	2   5  13 
2351	2  30  37 
2351	2  22  21 
2353	2  32  23 
2353	6  41  27 
2355	2   5  13 
2359	2  27  20 
2359	2  41  40 
2355	2  30  37 
2357	2  30  37 
2361	2  46  44 
2361	2  27  20 
2355	2  28  14 
2357	2  22  21 
2357	2   4   3 
2359	2  28  14 
2361	2  28  14 
2355	6  24  16 
2359	6   4   3 
2363	2  18  27 
2363	2  45  31 
2361	6  16   9 
2365	2   4  19 
2365	2  45  31 
2363	6  28  14 
2367	2  32  23 
2367	2   2   9 
2369	2   2   9 
2369	2  32  23 
2367	2  43  37 
2369	2  43  37 
2367	6  47  46 
2371	2  23  10 
2373	2   4  19 
2373	2  30  46 
2375	2  28  29 
2373	2   2   9 
2375	2  33  45 
2375	6  11   8 
2377	2  30  46 
2379	2  30  46 
2381	6  27  11 
2381	2   8  14 
2381	2  28  29 
2383	2  28  29 
2381	2  43  37 
2385	2  37  28 
2383	2   8  14 
2385	2   8  14 
2381	6  48  47 
2381	6  32  24 
2387	6  47  44 
2387	2  23  10 
2389	2  18  11 
2391	2  18  11 
2393	2  33  45 
2395	2  33  45 
2389	2  22   8 
2391	2  24  16 
2393	2  24  16 
2395	2  23  10 
2391	6  35  28 
2391	6   7   1 
2397	6   3   1 
2397	2  36  43 
2397	2  24  16 
2403	2   4  19 
2403	2  22   8 
2399	2  42  44 
2401	2  42  44 
2403	2  42  44 
2397	6  47  40 
2399	6  31  24 
2405	6  11   3 
2405	2   9  16 
2405	2  36  43 
2407	2  37  35 
2409	2  37  35 
2405	2  27  34 
2407	2   9  16 
2409	2  22   8 
2407	2  27  34 
2409	2  27  34 
2403	6  40  39 
2405	6  25  24 
2411	6  45  31 
2411	2  36  43 
2411	2   4  19 
2411	2   9  16 
2413	2   4  19 
2415	2   4  19 
2413	2  36  22 
2415	2  36  22 
2411	6  40  34 
2417	6  28   7 
2423	2  15  24 
2425	2  15  24 
2427	2  15  24 
2423	2  42  45 
2425	2  42  45 
2427	2  42  45 
2417	6  34  13 
2423	2  11  13 
2425	2  11  13 
2427	2  11  13 
2429	6  44  29 
2435	2  21  29 
2429	2  20  32 
2431	2  20  32 
2437	2  21  29 
2429	2  17  11 
2439	2  21  29 
2431	2  17  11 
2433	2  17  11 
2429	2   1   7 
2431	2   1   7 
2433	2   1   7 
2433	2  20  32 
2435	2  13  26 
2437	2  13  26 
2439	2  13  26 
2435	6  46  44 
2435	6  16   0 
2441	6  31  23 
2441	2  28  44 
2441	2   5  13 
2443	2   5  13 
2443	2  28  44 
2445	2   5  13 
2445	2  28  44 
2441	6  48  47 
2441	6  26  10 
2447	6  19   5 
2447	2  28  42 
2449	2  28  42 
2451	2  28  42 
2447	2  31  40 
2453	2  33  26 
2447	2  16  10 
2449	2  16  10 
2451	2  16  10 
2453	2  23  14 
2453	2  10   2 
2447	6  45  44 
2453	6  43  37 
2455	2  10   2 
2457	2  10   2 
2455	2  33  26 
2457	2  33  26 
2455	2  23  14 
2457	2  23  14 
2453	6  47  46 
2453	6  12   6 
2459	6  28   7 
2459	2  33  45 
2461	2  33  45 
2463	2  33  45 
2459	2  12  17 
2461	2  12  17 
2463	2  12  17 
2465	6  48  27 
2465	2  44  29 
2465	2  17  16 
2471	2  47  48 
2467	2  15   3 
2469	2  17  16 
2471	2  17  16 
2469	2  44  29 
2471	2  44  29 
2469	6   4   1 
2473	2  47  48 
2473	2  36  22 
2465	6  39  32 
2471	6  32  31 
2475	2  45  36 
2475	2  47  48 
2477	2  32  40 
2475	2   6   4 
2479	2  32  40 
2477	2   6   4 
2477	2  45  36 
2479	2  45  36 
2479	2   6   4 
2481	6  25  12 
2481	2  39  40 
2483	2  39  40 
2485	2  39  40 
2475	6  14   9 
2481	6  15   1 
2471	6  34  27 
2487	6  17   4 
2487	2  26  32 
2489	2  26  32 
2493	2  18  20 
2493	2   1   3 
2495	2  26  32 
2497	2  27  11 
2499	2  27  11 
2493	2  23  15 
2501	2   1   3 
2495	2  23  15 
2497	2  23  15 
2503	2  27  11 
2487	6  48  47 
2481	6  37  28 
2493	2  46  37 
2499	2  28  14 
2501	2  28  14 
2495	2  46  37 
2497	2  46  37 
2503	2  28  14 
2499	6  47  39 
2499	6  37  23 
2505	6   9   3 
2505	2  25  38 
2507	2  25  38 
2509	2  25  38 
2505	2  34  27 
2507	2  34  27 
2505	2  11  12 
2509	2  34  27 
2507	2  11  12 
2509	2  11  12 
2511	6  39  30 
2511	2  18  20 
2511	2   3   5 
2513	2   3   5 
2515	2   3   5 
2513	2  18  20 
2517	6  45  43 
2517	2  24  17 
2519	2  24  17 
2521	2  24  17 
2517	6  34  19 
2523	6  17  12 
2523	2  38  45 
2523	2  41  34 
2525	2  41  34 
2525	2  38  45 
2527	2  41  34 
2527	2  38  45 
2505	6  14   0 
2517	6  30  22 
2523	2  14  22 
2525	2  14  22 
2527	2  14  22 
2517	6   3   2 
2523	6   2   0 
2523	6  35  28 
2529	6  45  38 
2529	2  32  24 
2529	2  14  29 
2531	2  14  29 
2529	2  19   3 
2533	2  14  29 
2531	2  19   3 
2533	2  19   3 
2531	2  32  24 
2533	2  32  24 
2535	6  39  34 
2535	2   1  22 
2535	2  37  44 
2537	2   1  22 
2537	2  37  44 
2539	2   1  22 
2539	2  37  44 
2535	6  25  19 
2535	6  42  35 
2535	6  11  10 
2541	6  23  10 
2547	2  26  38 
2549	2   6  19 
2547	2  10   4 
2549	2  37  43 
2551	2  37  43 
2549	2  10   4 
2551	2  13  34 
2549	2  46  39 
2551	2  46  39 
2541	6  28  14 
2547	6  21   8 
2553	6   3   1 
2553	2  13  34 
2555	2  13  34 
2559	2  10   4 
2557	2  34  48 
2559	2  34  48 
2557	2   6  19 
2559	2   6  19 
2561	2  34  48 
2553	2  36  29 
2561	2   6   4 
2553	2  46  39 
2555	2  36  29 
2557	2  30  39 
2559	2  30  39 
2561	2  30  39 
2557	6  35  21 
2563	2  26  38 
2565	2  33  48 
2565	2  30  28 
2563	2   6   4 
2565	2   6   4 
2561	6  17  16 
2567	6  43  31 
2567	6  10   5 
2559	6   7   1 
2567	2   7  21 
2569	2   7  21 
2571	2   7  21 
2565	6  20  19 
2567	6  40  34 
2573	6  19  11 
2579	2  24  21 
2573	6  45  44 
2573	6  40  39 
2573	6   8   1 
2579	6  34  20 
2581	2   2  11 
2585	2  20   5 
2581	2  37  31 
2583	2  14  16 
2585	2  14  16 
2583	2  36  29 
2585	2  43  35 
2579	6  46  45 
2585	6  45  31 
2587	2  14  16 
2587	2  20   5 
2589	2  20   5 
2589	2   9  14 
2587	2  43  35 
2589	2  43  35 
2585	6  41  34 
2591	2  34  19 
2591	2   6   5 
2593	2   6   5 
2591	2  31  23 
2593	2  26  38 
2595	2  34  19 
2597	2  34  19 
2591	2   9  14 
2593	2   9  14 
2595	2   6   5 
2595	2  44  35 
2597	2  44  35 
2595	2  31  23 
2597	2  31  23 
2595	6  10   8 
2599	2  33  48 
2601	2  33  48 
2599	2  44  35 
2599	2  23  22 
2601	2  30  28 
2601	2  10  18 
2599	6  13   5 
2603	2  23  22 
2603	2  10  18 
2601	6  43  42 
2605	2  30  28 
2605	2   2  11 
2603	6  27  26 
2607	2   2  11 
2607	2  23  22 
2603	6  46  41 
2607	6  37  31 
2609	2  26  17 
2611	2  26  17 
2609	6   5   4 
2613	2  43  46 
2615	2  43  46 
2613	2  26  17 
2615	2  34  26 
2615	2   1   4 
2617	2   1   4 
2617	2  37  35 
2617	2  34  26 
2609	6  22  21 
2615	2  24  22 
2619	2  34  26 
2617	2  24  22 
2619	2   1   4 
2619	2  43  46 
2619	2  23  30 
2615	6  20  13 
2621	6  17  16 
2621	2  46  38 
2621	2   4  12 
2623	2   4  12 
2625	2   4  12 
2621	2  26  41 
2623	2  26  41 
2623	2  37  35 
2625	2  26  41 
2625	2  46  38 
2621	6  14   8 
2625	6  42  28 
2627	2  16   1 
2629	2  16   1 
2627	2  13  11 
2629	2   5  12 
2631	2  13  11 
2631	2  23  30 
2631	2  28  14 
2631	2   2   9 
2627	2  46  38 
2627	6  48  34 
2629	6  46  38 
2633	2  28  14 
2633	2  13  11 
2635	2   5  12 
2633	2  23  30 
2637	2   5  12 
2633	2   2   9 
2635	2  16   1 
2637	2   1   0 
2639	2   1   0 
2641	2   1   0 
2635	2  37  35 
2637	2  22  38 
2639	2  22  38 
2641	2  28  14 
2637	2  10  18 
2633	6  33  26 
2635	6  47  41 
2639	6  25  17 
2643	2  42  35 
2643	2   2   9 
2643	2  22  38 
2639	6  27  12 
2641	6  48  47 
2645	2  42  35 
2645	2  12   4 
2647	2  12   4 
2645	2  15  17 
2649	2  12   4 
2647	2  42  35 
2647	2  15  17 
2649	2  15  17 
2645	2  34  27 
2647	2  34  27 
2649	2  34  27 
2651	6  29  21 
2651	2  13   4 
2653	2  13   4 
2655	2  13   4 
2651	2  39  25 
2653	2  39  25 
2655	2  39  25 
2651	6  41  34 
2645	6  44  37 
2657	6  47  38 
2657	6  43  29 
2651	6   7   1 
2657	6   5   2 
2657	6  34  27 
2657	6  18  17 
2657	6  15  14 
2663	6   6   4 
2663	2  16  37 
2665	2  16  37 
2663	2  27  19 
2665	2  27  19 
2667	2  16  37 
2667	2  27  19 
2669	6  28  23 
2675	2  17  23 
2677	2  17  23 
2679	2  17  23 
2669	2   5  12 
2671	2   5  12 
2669	2   9   2 
2671	2   9   2 
2673	2   5  12 
2673	2   9   2 
2669	6  27  20 
2669	6  45  43 
2675	6  28  14 
2663	6  48  47 
2663	6  32  25 
2669	2  32  40 
2671	2  32  40 
2673	2  32  40 
2675	2  40  45 
2677	2  40  45 
2679	2  40  45 
2675	6  19   5 
2681	6  24  12 
2687	6  25  23 
2687	2  42  45 
2689	2  42  45 
2691	2  42  45 
2675	6   2   1 
2687	2   2   5 
2689	2   2   5 
2691	2   2   5 
2693	6  38  36 
2693	2  23  15 
2695	2  23  15 
2697	2  23  15 
2693	2  20  18 
2695	2  20  18 
2697	2  20  18 
2693	6   5   3 
2693	6  47  33 
2699	6  20   4 
2699	2  36  28 
2701	2  36  28 
2699	2  25  33 
2701	2  25  33 
2703	2  36  28 
2703	2  25  33 
2699	6  23   8 
2699	6  47  45 
2705	6   3   1 
2705	2  43  36 
2705	2  39  23 
2707	2  39  23 
2709	2  39  23 
2711	2  28  21 
2713	2  28  21 
2715	2  28  21 
2707	2  43  36 
2711	2  31  17 
2713	2  31  17 
2709	2  43  36 
2715	2  31  17 
2705	2  27  12 
2711	2   7   1 
2707	2  27  12 
2709	2  27  12 
2711	2   6  12 
2713	2   6  12 
2715	2   6  12 
2713	2   7   1 
2715	2   7   1 
2717	2   1   3 
2719	2  26   5 
2721	2   6  12 
2721	2   1   3 
2723	2   1   3 
2723	2   6  12 
2711	2  44  45 
2713	2  44  45 
2721	2  32  23 
2723	2  32  23 
2725	2  32  23 
2715	2  44  45 
2725	2   6  12 
2717	6  43  35 
2727	6  28  15 
2733	2  14  35 
2727	2  18  39 
2729	2  18  39 
2731	2  18  39 
2735	2  14  35 
2733	2  26   5 
2735	2  26   5 
2737	6  18  16 
2743	6   5   2 
2743	2  32  27 
2745	2  32  27 
2747	2  32  27 
2733	6  46  45 
2733	6  48  41 
2737	6  43  28 
2743	2  43  45 
2745	2  43  45 
2747	2  43  45 
2743	6  21  14 
2743	6  29  23 
2749	6  13   5 
2749	2  39  45 
2751	2  43  44 
2753	2  39  45 
2749	2  10  23 
2751	2  10  23 
2753	2  10  23 
2749	6  14   8 
2739	6  48  47 
2749	6  41  27 
2755	6  37  25 
2755	2   0   2 
2755	2  22  16 
2761	2   4  18 
2761	2  14  23 
2761	2  43  44 
2755	6  46  40 
2757	6   1   0 
2761	6  46  33 
2763	2  14  23 
2765	2  14  23 
2767	2  39  45 
2767	2  22  16 
2763	2   1   2 
2765	2   1   2 
2763	2   4  18 
2765	2   4  18 
2767	2  25  20 
2769	6  38  23 
2775	2  43  44 
2769	2  26  13 
2775	2  22  16 
2771	2  26  13 
2773	2  26  13 
2775	2  25  20 
2767	6   4   2 
2773	6   4   3 
2777	2  44  45 
2777	2  21  35 
2777	2  25  20 
2773	6   7   1 
2779	6  30  25 
2779	2  44  45 
2785	2  11  23 
2785	2  26  34 
2787	2  29  30 
2779	2   8   2 
2781	2  44  45 
2787	2   5  20 
2787	2  41  39 
2781	2   8   2 
2783	2   8   2 
2787	2   0   2 
2787	2  25  17 
2779	6  42  35 
2789	6  46  38 
2789	2   5  20 
2789	2   0   2 
2791	2   5  20 
2791	2   0   2 
2795	2  46  47 
2789	2  25  17 
2793	2  26  34 
2795	2  26  34 
2789	2  29  30 
2791	2  29  30 
2793	2  11  23 
2797	2  46  47 
2795	2  11  23 
2797	2  18  11 
2797	2  13  27 
2799	2  18  11 
2799	2  13  27 
2799	2  46  47 
2797	2   8  16 
2799	2  23  14 
2785	6  43  35 
2801	6  40  26 
2801	2  23  14 
2803	2  23  14 
2805	2  14  29 
2791	6  44  43 
2799	6   9   3 
2797	6  44  38 
2805	6   6   3 
2811	2  25  17 
2811	2  13  27 
2807	2  35  22 
2809	2  44  36 
2811	2  44  36 
2809	6  21   7 
2813	2  32  47 
2813	2  44  36 
2815	2  14  29 
2815	2  45  44 
2813	2  18  11 
2815	2   5  18 
2813	6  16   9 
2817	2   5  18 
2819	2  32  47 
2817	2  45  44 
2819	2  35  22 
2821	2  17  20 
2823	2   5  18 
2819	2  45  44 
2821	2  14  29 
2823	2  35  22 
2821	2  41  39 
2823	2  41  39 
2825	2  16  37 
2825	6  26  13 
2827	2   8   9 
2829	2   0   3 
2831	6  36  31 
2831	2   8   9 
2833	2   0   3 
2835	2   0   3 
2831	2  13   6 
2833	2  13   6 
2835	2  13   6 
2825	6  48  40 
2831	6  19  18 
2831	6  33  27 
2837	6  20  19 
2837	2   6   4 
2839	2   6   4 
2841	2   6   4 
2837	2  21  36 
2839	2  16  37 
2841	2  33  31 
2841	2  21  36 
2841	6   9   1 
2843	2   6   5 
2843	2  33  31 
2845	2  33  31 
2847	2  17  19 
2843	2  21  36 
2847	2  32  47 
2845	2   6   5 
2847	2   6   5 
2845	6  28  21 
2849	2  16  37 
2851	6  47  38 
2857	2  42  37 
2857	2  47  34 
2851	2  17  19 
2853	2   8  17 
2855	2   8  17 
2859	2  47  34 
2861	2  47  34 
2857	2  18  15 
2859	2  18  15 
2859	2  42  37 
2861	2  42  37 
2861	2  18  15 
2863	6  34  20 
2863	2  24  18 
2865	2  24  18 
2867	2  24  18 
2857	6   3   2 
2863	6  10   9 
2863	6  46  37 
2863	6  21  15 
2869	6  13   4 
2869	2   9  15 
2871	2   9  15 
2869	2  34  47 
2873	2   9  15 
2871	2  34  47 
2873	2  34  47 
2869	6  36  24 
2863	6   7   0 
2869	6   1   0 
2875	6  48  34 
2875	2  21  37 
2877	2  21  37 
2879	2  21  37 
2875	2  24  25 
2877	2  24  25 
2879	2  24  25 
2875	2   4   1 
2877	2   4   1 
2879	2   4   1 
2881	6  25  23 
2881	2  43  36 
2887	2  25  26 
2883	2  43  36 
2889	2  25  26 
2891	2  25  26 
2885	2  43  36 
2881	6  47  39 
2887	6  30  16 
2875	6  20  13 
2887	6  43  42 
2881	6  12   3 
2887	2  12  13 
2889	2  12  13 
2891	2  12  13 
2887	6  45  40 
2881	6  14   7 
2887	6  21  14 
2887	6   3   1 
2893	6  13   5 
2893	2   7   1 
2895	2   7   1 
2897	2   7   1 
2893	2  30  45 
2893	2  26  33 
2895	2  26  33 
2897	2  25  24 
2895	6  43  28 
2899	2  25  24 
2895	6  47  46 
2895	6  38  30 
2893	6  11  10 
2901	6  18  15 
2901	2  38  45 
2907	2  23  35 
2909	2  29  32 
2907	6   4   1 
2911	2  29  32 
2913	6  47  41 
2913	2   4   5 
2913	2  26  33 
2915	2   4   5 
2913	2  38  45 
2917	2   4   5 
2913	2  23  35 
2915	2  15  30 
2913	2  10  18 
2915	2  10  18 
2917	2   8  17 
2915	6  45  43 
2919	2  15  30 
2921	2  25  24 
2919	2  40  33 
2921	2  38  46 
2921	2  40  33 
2919	6  13  12 
2923	2  40  33 
2923	2  10  18 
2923	2  38  46 
2923	2  23  35 
2919	6   1   0 
2925	2  21  35 
2925	2  27  11 
2925	2  38  46 
2925	6  24  16 
2927	2  21  35 
2927	2  27  11 
2929	2  27  11 
2929	2  21  35 
2927	2  44  38 
2929	2  44  38 
2931	6  41  27 
2931	2  24  11 
2931	2  44  38 
2933	2  24  11 
2935	2  24  11 
2937	6  24  17 
2937	6  34  13 
2925	6   8   1 
2931	6  28   7 
2937	2  36  28 
2939	2  36  28 
2941	2  36  28 
2937	2   0   7 
2939	2   0   7 
2941	2   0   7 
2933	6  46  45 
2937	6   9   3 
2943	6  13   5 
2943	2  26  24 
2945	2  26  24 
2943	2  46  41 
2947	2  26  24 
2943	2  10   9 
2945	2  10   9 
2947	2  10   9 
2945	2  46  41 
2947	2  46  41 
2943	6  43  36 
2949	6  36  24 
2949	2  41  47 
2949	2   3   5 
2951	2  41  47 
2951	2   3   5 
2953	2  41  47 
2955	2  24  12 
2957	6  33  31 
2957	2   3   5 
2959	2  11  17 
2961	2  11  17 
2955	6  36  35 
2949	6  14   8 
2955	6   8   1 
2955	6  21  14 
2955	6  48  46 
2959	6  13   6 
2963	2  21  37 
2963	2  27  18 
2961	6   8   2 
2965	2  33  20 
2965	2  11  17 
2967	2   8  16 
2965	2  21  37 
2967	2  21  37 
2967	2  33  20 
2967	6   5   3 
2969	2  15  30 
2971	2  42  30 
2973	2  42  30 
2969	2  27  18 
2971	2  27  18 
2973	2  33  20 
2971	2  15   7 
2973	2  15   7 
2975	6  41  25 
2975	2   1   3 
2977	2   1   3 
2979	2   1   3 
2973	6   6   5 
2969	6  46  45 
2975	6  45  36 
2981	2  24  12 
2981	2  21  36 
2981	2  34  33 
2981	6  47  45 
2983	2  21  36 
2983	2   8  16 
2987	2  37  45 
2989	2  21  36 
2985	2   8  16 
2983	2  27  13 
2983	2   3  10 
2991	2  15   7 
2985	2   3  10 
2985	2  27  13 
2987	2  34  33 
2983	2  18  25 
2987	2  24  12 
2989	2  39  41 
2991	2  39  41 
2989	2  18  25 
2989	2   3  10 
2993	2  29  32 
2995	6  24  22 
2995	2  37  45 
2997	2  39  41 
2999	2  34  33 
2999	2  37  45 
2991	6  12   4 
2993	6   1   0 
2997	6  20   6 
3001	2  18  25 
3001	2   9  23 
3001	6  41  39 
3003	2  19  24 
3005	2  19  24 
3001	6  43  37 
3001	6  14   0 
3003	6   6   4 
3009	2   4   2 
3007	2  28  43 
3007	2  19  24 
3009	2  42  30 
3009	2  27  13 
3011	6  27  19 
3011	2  29  14 
3013	2  29  14 
3011	2   4   2 
3013	2   4   2 
3015	2  35  42 
3011	2  24  17 
3013	2  24  17 
3015	2   9  23 
3007	6  48  41 
3007	6  45  39 
3013	6  45  44 
3017	2  29  14 
3019	2  38  29 
3021	2   7  22 
3017	2  24  17 
3017	2  34  13 
3019	2  12  19 
3023	2   7  22 
3019	2  47  33 
3021	2  35  42 
3023	2  35  42 
3021	2  20  41 
3023	2  20  41 
3017	6   4   3 
3021	6  31  17 
3025	2  21  14 
3025	2  20  41 
3027	6   6   5 
3027	2   9  23 
3029	2  39  31 
3027	2  28  43 
3029	2  17   8 
3031	2  41  46 
3031	2   3   9 
3033	2   3   9 
3029	2  28  43 
3031	2  21  14 
3027	2  20  27 
3033	2  21  14 
3029	2  20  27 
3033	2  41  46 
3033	2  12  19 
3031	6  36  24 
3035	2   3   9 
3035	2  41  46 
3037	2  32  11 
3039	2  47  33 
3037	2  21  28 
3037	2  16  23 
3039	2  15  24 
3041	2  21  28 
3039	2  12  19 
3041	2  16  23 
3041	2  32  11 
3041	2  20  27 
3037	6  44  36 
3043	6  27  20 
3043	2   7  22 
3045	2  21  28 
3043	2  32  11 
3045	2  16  23 
3045	2  46  44 
3047	2  32  30 
3045	2  18  11 
3047	2  17   8 
3049	6  43  22 
3049	2  27  48 
3051	2  47  33 
3049	2  18  11 
3051	2   6  20 
3053	2   6  20 
3051	2  18  11 
3053	2  11  10 
3053	6  40  25 
3059	2  38  29 
3061	2  32  30 
3059	2  17   8 
3063	2  32  30 
3061	2  11  10 
3065	2  39  31 
3063	2  11  10 
3055	2   6  20 
3061	6  21   7 
3059	6  41  27 
3065	2  41  48 
3061	6  42  35 
3065	6  19   4 
3067	2  46  44 
3069	2  45  40 
3065	6  17  16 
3067	6  21   0 
3071	2  19  26 
3071	2  39  31 
3071	2  41  48 
3073	6  47  40 
3073	2  19  26 
3073	2  23  31 
3075	2  19  26 
3075	2  23  31 
3073	2  36  21 
3077	2  38  29 
3077	2   7  10 
3077	6  27  13 
3079	2  23  31 
3079	2  36  21 
3081	2  15  24 
3083	2  34  27 
3079	2  45  47 
3081	2  46  44 
3083	2  45  47 
3083	2  36  21 
3083	6  25  17 
3085	2  42  45 
3089	2  15  24 
3087	2  42  45 
3085	2  34  27 
3089	2  42  45 
3079	6   4   2 
3091	2  30  39 
3091	2  43  44 
3091	2  26  25 
3091	2   7  10 
3085	6   6   5 
3091	6  13   6 
3093	2  43  44 
3093	2  38  32 
3095	2  43  44 
3093	2  46  47 
3095	2  46  47 
3093	2   1  17 
3095	2  38  32 
3095	2  16  29 
3097	6  34  19 
3097	2  46  47 
3097	2  38  32 
3099	2  46  44 
3097	2  16  29 
3099	2  16  29 
3101	2  46  44 
3097	2   6   4 
3099	2   6   4 
3101	2   6   4 
3101	6  23   8 
3103	2  26  25 
3105	2  26  25 
3103	2  46  44 
3103	6   5   3 
3107	2  24  18 
3105	6  47  46 
3109	2   1  17 
3111	2   1  17 
3109	2   6   5 
3111	2   6   5 
3101	6  28  21 
3105	6  38  37 
3109	6  26  20 
3113	2  17   4 
3103	6  41  34 
3111	6  47  41 
3115	2   1   3 
3115	2  24  18 
3115	2   6   5 
3111	6  39  38 
3107	6  43  35 
3113	6  44  36 
3117	2  24  18 
3117	2   2  14 
3117	6  39  34 
3119	2   7  10 
3121	2   2  14 
3123	6  44  39 
3123	2  17   4 
3125	2   1   3 
3127	2  17   4 
3123	6  29  21 
3117	6  20  13 
3129	2  44  28 
3123	2  34  20 
3125	2  34  20 
3127	2  34  20 
3129	2   1   3 
3129	2  34  27 
3131	6  24  12 
3137	2  30  38 
3131	2   0   1 
3133	2   0   1 
3131	2  34  27 
3135	2   2  14 
3137	2   4  13 
3137	2   0   1 
3139	2   6   3 
3141	2   4  13 
3133	2  34  27 
3137	2  34  25 
3139	2  33  39 
3143	2  32  11 
3145	6  26  23 
3139	6  48  41 
3145	6  47  45 
3151	6  10   9 
3157	2  32  11 
3159	2  32  11 
3151	2  22  23 
3153	2  22  23 
3155	2  22  23 
3151	6  27  20 
3137	6  35  28 
3151	2  44  35 
3153	2  44  35 
3155	6  44  37 
3161	6  31  17 
3161	2  26  40 
3161	2   2   8 
3163	2  26  40 
3163	2   2   8 
3165	2  26  40 
3161	2   4  13 
3165	2   2   8 
3167	6  24  22 
3167	2  43  45 
3167	2   6   3 
3169	2  43  45 
3167	2  27  41 
3169	2   6   3 
3171	2  33  39 
3173	6  29  15 
3173	2  34  25 
3175	2  47  40 
3177	2  34  25 
3171	6  45  44 
3177	2  43  44 
3179	6  45  33 
3185	2  26   5 
3185	2  30  38 
3185	2  43  35 
3179	6  15   2 
3187	2  30  46 
3189	2  22  29 
3187	2  26   5 
3189	2  45  39 
3187	2  43  35 
3189	2  19  10 
3189	2  43  35 
3189	6  41  34 
3191	2  22  29 
3191	2  19  10 
3193	2  22  29 
3191	2  39  31 
3193	2  39  31 
3191	2  44  42 
3193	2  44  42 
3195	2  44  42 
3195	2  29  28 
3195	2  39  31 
3197	2  22  37 
3197	2  47  40 
3199	2  38  45 
3201	2  38  45 
3203	2  38  45 
3199	2  47  40 
3193	2  19  10 
3195	2  10  12 
3195	2  27  34 
3199	2  29  28 
3197	2  27  34 
3199	2  16  19 
3201	2  16  19 
3203	2  16  19 
3201	2  29  28 
3205	6  20   5 
3205	2  30  46 
3207	2  22  37 
3209	2  22  37 
3205	2  18  17 
3207	2  18  17 
3209	2  18  17 
3205	6  34  33 
3211	2  26  20 
3213	2  27  34 
3215	2  27  34 
3217	2  27  34 
3211	2  14  23 
3213	2  14  23 
3215	2  14  23 
3217	2  30  46 
3213	2  10  12 
3215	2   2   5 
3217	2  10  12 
3219	2   2   5 
3221	2   2   5 
3219	2  24  33 
3221	2  24  33 
3223	2  24  33 
