   1	6  16   2 
   1	2   6   5 
   3	2   6   5 
   5	2   6   5 
   1	2  42  45 
   3	2  46  32 
   5	2  42  45 
   1	6  14   7 
   7	2  30  14 
   1	6  19  11 
   7	6  12  10 
   9	2  23  38 
  11	2  22  31 
  13	6   6   5 
  13	2  30  14 
  15	2   8  10 
  15	2  42  45 
  17	2  24  18 
   7	6  41  27 
  13	6  48  34 
  15	6  29  22 
  19	2  12  27 
  19	2  46  32 
  17	6   2   0 
  21	2  24  18 
  17	6  43  35 
  21	6  46  33 
  23	2  30  14 
  23	2  11   2 
  25	2   8  10 
  25	6  35  21 
  27	2  11   2 
  29	2  11   2 
  31	2  37  46 
  31	2  12  27 
  31	6  14   9 
  33	2  37  46 
  33	2  24  18 
  33	2  33  32 
  35	2  29  31 
  37	2  29  31 
  39	2  31  32 
  35	2  12  27 
  37	2   8  10 
  39	2   9  10 
  35	6  46  44 
  37	6  34  19 
  41	2  31  32 
  41	2   9  10 
  43	2   9  10 
  41	2  37  44 
  43	2  34  46 
  39	6  22   7 
  45	6  40  37 
  45	2  17  19 
  47	2  17  19 
  49	2  17  19 
  51	6  45  36 
  51	2  31  32 
  51	2  12  11 
  53	2  12  11 
  55	2  12  11 
  45	6   7   2 
  51	2   2   3 
  53	2   2   3 
  55	2   2   3 
  51	6  21   7 
  53	6  25  16 
  57	2   7   1 
  57	2  12  11 
  57	2  37  35 
  51	6  40  34 
  59	2  12  11 
  57	2  40  46 
  59	2  44  30 
  61	2  44  30 
  57	2  27  34 
  59	2  27  34 
  61	2  27  34 
  59	2   7   1 
  61	2   7   1 
  59	2  16  15 
  61	2  16  15 
  61	2  12  11 
  59	2  39  25 
  61	2  39  25 
  59	6  28  21 
  65	2  36  28 
  67	2  36  28 
  63	2   7   2 
  63	2  23  38 
  65	2  40  46 
  65	2  16  15 
  67	2   7   2 
  67	2  23  38 
  63	6   5   4 
  63	6  20  18 
  69	6  34  26 
  69	2  17   3 
  71	2  24  15 
  73	2  24  15 
  69	2  37  35 
  71	2  37  35 
  73	2  37  29 
  69	6  13   5 
  67	6  47  40 
  73	6  43  42 
  75	2   7   2 
  75	2  39  25 
  77	2  24  15 
  75	2  37  29 
  79	2  17   3 
  81	2  10  26 
  83	2  17   3 
  85	2  17   2 
  87	2  17   2 
  77	2  37  29 
  79	2  44  30 
  81	2  36  28 
  83	2  30  37 
  77	2  46  39 
  85	2  30  37 
  87	2  30  37 
  79	2  46  39 
  81	2  46  39 
  83	6  21  14 
  89	6  16   4 
  83	6  46  34 
  89	2  46  45 
  91	2  46  45 
  93	2  46  45 
  83	6  43  35 
  83	6  19  13 
  89	6  31  25 
  89	6  35  29 
  95	6  36  21 
  95	2  45  38 
  95	2   4   6 
  97	2  45  38 
  99	2  45  38 
  97	2   4   6 
  99	2   4   6 
  95	2  33  19 
  95	2  23  16 
  97	2  23  16 
  99	2  23  16 
  97	2  33  19 
 101	2  27   6 
 101	2  31  29 
  95	6   8   1 
 101	6  16  14 
 103	2  33  19 
 105	2  31  29 
 107	2  43  46 
 107	2   8  24 
 105	6  27  13 
 109	2  43  46 
 111	2  13   6 
 113	2  13   6 
 109	2  14  21 
 111	2  14  21 
 111	2  43  46 
 109	2  18  16 
 113	2  44  43 
 113	2  31  29 
 111	2  18  16 
 113	2  18  16 
 109	6   3   1 
 115	2  44  43 
 115	2  38  46 
 115	2  16   3 
 115	2  29  28 
 115	6   7   1 
 117	2  16   3 
 119	2  10  26 
 121	2  10  26 
 117	2  44  43 
 117	2  31  39 
 117	2  29  28 
 119	2  29  28 
 119	2  31  39 
 121	2  14  21 
 121	2  38  46 
 121	6  43  36 
 123	2  31  39 
 125	2  38  46 
 123	2  18  27 
 125	2   9  25 
 127	6  23  21 
 127	2  18  27 
 129	2  18  27 
 131	2  32  27 
 127	6  45  43 
 133	6  28  21 
 133	2  40  45 
 133	2  16   3 
 135	2  40  45 
 135	2  16  15 
 137	2  16  15 
 137	2  40  45 
 135	2   3   4 
 137	2   3   4 
 133	6  27  19 
 133	6  31  30 
 139	6  36  28 
 139	2  33  18 
 139	2  16  15 
 139	2   3   4 
 141	2  33  18 
 143	2  32  19 
 145	2  35  44 
 145	2  32  19 
 139	6  47  46 
 141	6  30  23 
 141	6  14   7 
 143	6  10   2 
 149	2  13   4 
 147	2  30  32 
 151	2  33  18 
 147	2  46  45 
 149	2  35  44 
 151	2  35  44 
 149	6  23   9 
 155	2   9   3 
 153	2  26  19 
 153	2  46  45 
 155	2  26  19 
 155	2  46  45 
 147	6  21  14 
 153	6  40  34 
 157	2  23  25 
 157	2  13   4 
 153	6  43  35 
 153	6  14   7 
 157	6   2   1 
 159	2  17  10 
 161	2  10  11 
 159	2  21  35 
 161	2  21  35 
 159	2  20  34 
 161	2  20  34 
 159	6  39  30 
 163	2   9   3 
 163	2  20  34 
 163	2  21  35 
 165	2   9   3 
 165	2  27  34 
 165	2  23  25 
 165	6  46  43 
 167	2  26  19 
 167	2  10  11 
 171	2  39  32 
 169	2  10  11 
 167	2   1   7 
 171	2  18  16 
 169	2   1   7 
 173	2   8  24 
 175	2   8  24 
 173	2  13   4 
 169	2  27  34 
 171	2  27  34 
 171	2  36  43 
 173	2  36  43 
 175	2  36  43 
 173	2  40  45 
 175	2  40  45 
 165	6  28  21 
 175	6  20   4 
 177	2  15  21 
 177	2  31  25 
 179	2   1   7 
 177	2  40  45 
 179	2  24  45 
 177	6  36  35 
 181	2   4   2 
 181	2  31  25 
 181	2  15  21 
 181	6  45  40 
 183	2   4   2 
 185	2   4   2 
 183	2  30  29 
 183	2  15  21 
 185	2  30  29 
 181	6   7   0 
 183	6  19  17 
 187	2  39  32 
 189	2  18  16 
 191	2  31  25 
 191	2   4   6 
 187	6  47  41 
 187	6   1   0 
 187	6  44  28 
 191	6  20  19 
 193	2  24  40 
 195	2  17  15 
 197	2  41  20 
 199	2  41  20 
 193	2  44  45 
 197	2  25  32 
 199	2  25  32 
 195	2  30  29 
 201	2  41  20 
 201	2  25  32 
 195	2  44  45 
 197	2  44  45 
 193	6   3   2 
 203	2   4   6 
 203	2  24  40 
 199	6  43  37 
 197	6  28  14 
 199	6   9   2 
 205	6  14   8 
 205	2  23  37 
 205	2   3  12 
 205	2  39  40 
 207	2   3  12 
 207	2  23  37 
 209	2  23  37 
 207	2  39  40 
 211	2  11  24 
 213	2  23  21 
 209	2  39  40 
 213	2   4   6 
 205	6  34  27 
 211	6  43  35 
 215	2   3  12 
 215	2  23  21 
 217	6  22   9 
 217	6   6   5 
 211	6  46  34 
 223	2  18  16 
 225	2  37  22 
 225	2   1   4 
 227	2  11  24 
 225	2  20  34 
 227	2  20  34 
 229	2  20  34 
 227	2  14  35 
 227	2  46  38 
 229	2  37  22 
 229	2   1   4 
 231	6  45  36 
 231	2  23  21 
 231	2   8  10 
 233	2   8  10 
 235	2  17  15 
 231	6  12   5 
 231	6  34  32 
 235	6   2   0 
 237	2  11  24 
 239	2  25  11 
 237	2  46  38 
 239	2  46  38 
 237	6  34  20 
 241	2  14  35 
 241	2  32  24 
 241	6   4   2 
 243	2  14  35 
 243	2  26  31 
 245	2  17  15 
 245	2  33  45 
 245	6  36  28 
 247	2  26  31 
 247	2   1   2 
 247	2   4   5 
 249	2   4   5 
 249	2  33  45 
 247	6  16  14 
 251	2  44  46 
 251	2  26  31 
 251	2   4   5 
 249	6   1   0 
 253	2  33  45 
 253	6  28  15 
 255	2  18  33 
 257	2  32  24 
 255	2  44  46 
 257	2   4  20 
 259	2  32  24 
 257	2  43  45 
 259	2  43  45 
 261	2  43  45 
 261	2  24  32 
 259	2  15   3 
 261	2  15   3 
 259	6  27  26 
 263	2  24  32 
 263	2  37  22 
 265	6  31  26 
 265	2  22  21 
 271	2  18  33 
 273	2   4  20 
 267	2  22  21 
 269	2  28  43 
 273	2  23  39 
 263	6   7   1 
 275	6  34  13 
 275	2  36  31 
 275	2  22  21 
 277	2  36  31 
 277	2  15   3 
 279	2  36  31 
 281	2  28  43 
 279	2   8  10 
 281	2  18  33 
 281	2   8  15 
 283	6  21  14 
 283	2  25  11 
 285	2   4  20 
 289	2  14   0 
 291	2  14   0 
 283	2  36  37 
 287	2  25  11 
 293	2   8  15 
 285	2  44  46 
 289	2   5  10 
 295	2   8  15 
 287	2  36  37 
 289	2  36  37 
 291	2   5  10 
 287	2  40  46 
 293	2  28  43 
 295	2  28  36 
 293	2   5  10 
 289	2  33  26 
 291	2  33  26 
 293	2  40  46 
 295	2  33  26 
 289	6  31  23 
 295	2  31  39 
 297	6  25  19 
 297	2  43  37 
 299	2  43  37 
 301	2  43  37 
 297	2  23  21 
 297	2  40  46 
 299	2  23  21 
 301	2  23  21 
 297	6  34  27 
 299	6  46  45 
 303	2  30  25 
 303	2  14   0 
 305	6  32  16 
 305	2  28  36 
 307	2  28  36 
 295	6   4   3 
 303	2  13   4 
 305	2  13   4 
 311	2  30  25 
 313	2  30  25 
 315	2  21  30 
 315	2  26  10 
 317	2  32  27 
 317	6   5   3 
 319	2  32  27 
 321	2  32  27 
 305	6  45  44 
 317	6  14   7 
 311	6  43  35 
 305	6  47  41 
 311	6  47  45 
 317	2  45  43 
 319	2  45  43 
 321	2  45  43 
 317	6  23  17 
 317	6  47  41 
 323	6  29   8 
 329	2  21  30 
 331	2  31  39 
 323	2  18  17 
 323	2  13   4 
 329	2  26  10 
 331	2  18  17 
 333	2   4  19 
 335	2  26  10 
 333	2  21  30 
 335	2  31  39 
 337	2  31  39 
 337	2   7  10 
 335	2  29  44 
 337	2  27  41 
 337	2  29  44 
 339	6   8   3 
 339	2  46  32 
 339	2  22  30 
 341	2  22  30 
 339	2  27  41 
 341	2  27  41 
 343	2  22  30 
 341	2  46  32 
 339	2  18  17 
 343	2  46  32 
 339	6  43  35 
 345	6  45  32 
 345	2  36  30 
 345	2  15   8 
 347	2  36  30 
 347	2  15   8 
 349	2  36  30 
 349	2  15   8 
 345	2   3  12 
 347	2   3  12 
 349	2   3  12 
 343	6  41  27 
 351	6  35  14 
 351	2  45  46 
 351	2  32  34 
 353	2  32  34 
 353	2  45  46 
 355	2  45  46 
 355	2  32  34 
 351	2   3   2 
 353	2   3   2 
 355	2   3   2 
 351	6  17  12 
 357	6   5   3 
 363	2  27  12 
 357	2  24  16 
 359	2  38  35 
 361	2  38  35 
 363	2  38  35 
 365	6  33  17 
 365	2  29  44 
 365	6  20  13 
 357	6   7   1 
 363	6  14   8 
 369	6  22  14 
 371	2  13   5 
 371	2  38  33 
 373	2  13   5 
 375	2  13   5 
 373	2  38  33 
 375	2  31  39 
 371	2  17   2 
 375	2  41  34 
 373	2  17   2 
 375	2   1  10 
 367	6  43  35 
 377	6   5   4 
 377	2  23   8 
 377	2  32  18 
 379	2  46  44 
 379	2  23   8 
 377	2  41  34 
 379	2  41  34 
 381	2  23   8 
 381	2  46  44 
 373	6  35  28 
 383	6  37  25 
 383	2   8   3 
 385	2   8   3 
 387	2   8   3 
 383	6  13   5 
 383	6  28  22 
 383	6  47  41 
 389	2   0   8 
 389	2  21  23 
 391	2   0   8 
 389	2  27  12 
 389	2  43  37 
 391	2  13  19 
 391	2  21  23 
 393	2  21  23 
 393	2  32  18 
 395	2  32  18 
 397	2  25  32 
 399	2  25  32 
 401	2  25  32 
 397	2  27  12 
 403	2  39  24 
 405	2  38  33 
 399	2  13  19 
 401	2  19  12 
 403	2  19  12 
 405	2  19  12 
 393	2   0   8 
 405	2  17   2 
 395	6  36  28 
 395	6   7   0 
 401	6  29  21 
 407	6  21   7 
 407	2  31  38 
 413	2  21  28 
 407	2  17  16 
 415	2  21  28 
 409	2  17  16 
 409	2  43  37 
 411	2  43  37 
 407	2   3   2 
 409	2   3   2 
 411	2   3   2 
 411	2  17  16 
 407	2  33  20 
 409	2  33  20 
 411	2  33  20 
 413	2  37  40 
 415	2  37  40 
 413	2   1  10 
 415	2   8  16 
 415	6  11  10 
 417	2  46  44 
 419	2  39  24 
 421	2  39  24 
 417	2  27  26 
 419	2  27  26 
 421	2  27  26 
 417	2  21  28 
 413	6  13   5 
 417	6   2   1 
 419	6  43  29 
 423	2   8  16 
 423	2  31  38 
 423	2  25  26 
 421	6  13  11 
 425	2  37  40 
 427	2  45  47 
 427	2  25  26 
 425	2   8  16 
 427	6   7   1 
 429	2  25  26 
 429	2  45  47 
 431	2  31  38 
 427	6  22  10 
 431	6  40  27 
 433	2  10  11 
 435	2  10  11 
 433	2  22  29 
 435	2  22  29 
 431	6  44  43 
 433	6   8   7 
 437	2  45  47 
 437	2  22  29 
 437	2  10  11 
 439	2  35  29 
 441	2  35  29 
 437	2  27  20 
 439	2  27  20 
 441	2  27  20 
 439	6  15   9 
 443	2  35  29 
 433	6  31  25 
 439	2  11  25 
 441	2  11  25 
 443	2  11  25 
 445	6  34  19 
 445	2  35  43 
 447	2  35  43 
 449	2  35  43 
 445	2  14  22 
 447	2  14  22 
 449	2  14  22 
 439	6  47  39 
 445	6  46  31 
 445	6   3   1 
 451	6  35  14 
 451	2  34  47 
 453	2  34  47 
 455	2  34  47 
 451	2   3   5 
 451	2  31  30 
 453	2   3   5 
 453	2  31  30 
 455	2   3   5 
 455	2  31  30 
 457	6  17   4 
 457	2  29  45 
 459	2  29  45 
 461	2  29  45 
 457	2  14   7 
 459	2  14   7 
 461	2  14   7 
 463	6  39  23 
 463	2  20   5 
 469	2  10  13 
 471	6  12   3 
 469	6  38  29 
 471	6  14   8 
 469	6  47  33 
 475	2  44  47 
 471	6  17  16 
 477	2  20   5 
 477	2  44  47 
 477	2  16   9 
 475	6  29  22 
 479	2  16   9 
 479	2  20   5 
 479	2  44  47 
 477	6  24  18 
 481	2  44  35 
 481	2  14  22 
 481	2  16   9 
 483	6   9   3 
 483	2  36  24 
 485	2  36  24 
 487	2  36  24 
 483	6  21  14 
 481	6  47  39 
 481	6  34  20 
 487	6  47  34 
 489	2  44  35 
 489	2  16  23 
 491	2   9   2 
 491	2  24  32 
 493	2  16  23 
 491	2  44  35 
 493	2   3  18 
 493	2  39  37 
 493	6  14   8 
 495	2  44  46 
 495	2  19  34 
 495	2  16  23 
 497	2  44  46 
 497	2  19  34 
 497	2  24  32 
 497	6  30  29 
 499	2  19  34 
 499	2  44  46 
 499	2  24  32 
 499	2   9   2 
 501	2  10  13 
 501	2  40  34 
 493	6  42  35 
 501	6  45  43 
 503	2  40  34 
 503	2   4  19 
 507	2  26  38 
 507	2  43  42 
 509	2  47  45 
 503	2   9   2 
 505	2  17  16 
 503	2  21  22 
 509	2   4  19 
 507	2  17  16 
 509	2  43  42 
 505	2  21  22 
 507	2  21  28 
 509	2  21  28 
 511	2  21  28 
 511	2  39  37 
 505	2   2   8 
 509	2  17  16 
 507	2   2   8 
 509	2   2   8 
 511	2   4  19 
 511	6   7   1 
 513	2  43  42 
 513	2  40  34 
 515	2  39  37 
 513	2   3  18 
 515	2   3  18 
 515	6  42  35 
 517	2  47  45 
 517	2  34  32 
 517	2  10  13 
 519	2  31  10 
 521	6   9   2 
 521	2  18  19 
 521	2  34  32 
 523	2  18  19 
 521	2  23  37 
 525	2  33  12 
 527	2  33  12 
 521	2  14  28 
 523	2  23  37 
 525	2  23  37 
 523	2  14  28 
 525	2  14  28 
 527	6  22   9 
 529	2  47  45 
 531	2  33  12 
 533	6  46  34 
 533	2  18  19 
 539	2  46  32 
 533	2  22  35 
 535	2  22  35 
 537	2  22  35 
 533	2   3   5 
 535	2   3   5 
 537	2   3   5 
 535	6  19  18 
 539	6  28   7 
 541	2  26  38 
 543	2  26  38 
 539	6  13   5 
 545	6  32  30 
 551	2  33  34 
 551	2  28  36 
 553	6  43  28 
 553	2  19  26 
 555	2  19  26 
 557	2  33  34 
 545	6   9   4 
 551	2   5   4 
 553	2   5   4 
 555	2   5   4 
 551	2  24   9 
 553	2  24   9 
 555	2  24   9 
 559	6  28  22 
 559	2  19  26 
 561	2  33  34 
 563	2  34  26 
 559	2  43  36 
 565	2  34  26 
 567	2  34  26 
 561	2  43  36 
 565	2  36  29 
 567	2  36  29 
 557	6   8   3 
 563	6   5   2 
 545	6  46  45 
 557	6  38  24 
 563	2  38  47 
 563	2  24  17 
 565	2  24  17 
 567	2  24  17 
 565	2  38  47 
 569	2  36  29 
 569	2   1   2 
 571	2   1   2 
 567	2  38  47 
 569	2  32  27 
 571	2  32  27 
 569	6  13   5 
 573	2  32  27 
 573	2   1   2 
 569	6  23  16 
 569	6  18  10 
 575	6  12   9 
 581	2  27  13 
 575	2  45  29 
 575	2  32  25 
 581	2  16   9 
 583	2  16   9 
 577	2  32  25 
 577	2  45  29 
 579	2  45  29 
 583	2  27  13 
 579	2  32  25 
 581	2  31  18 
 583	2  31  18 
 581	6   7   1 
 585	2  16   9 
 585	2  27  13 
 587	6   5   4 
 587	2  30  23 
 587	2  18  27 
 589	2  18  27 
 589	2  30  23 
 591	2  18  27 
 591	2  30  23 
 587	6  14   7 
 593	6  22  16 
 593	2  10   3 
 595	2  10   3 
 597	2  10   3 
 581	6  46  40 
 587	2  46  43 
 589	2  46  43 
 591	2  46  43 
 593	2  43  31 
 595	2  43  31 
 597	2  43  31 
 599	6  43  22 
 593	6  41  20 
 599	2  41  46 
 601	2  41  46 
 603	2  41  46 
 599	6   2   1 
 599	6  20  13 
 599	6  25  11 
 605	6  34  20 
 605	2  39  25 
 605	2  28  22 
 607	2  28  22 
 607	2  39  25 
 609	2  39  25 
 609	2  35  14 
 605	6   4   2 
 611	2  41  38 
 611	2  11   8 
 613	6  46  25 
 613	2  35  14 
 615	2  35  14 
 617	2  28  22 
 613	6  10   9 
 613	6  13   5 
 617	6  37  30 
 619	2  16   2 
 621	2  11   8 
 619	6  39  34 
 623	2  11   8 
 625	2  16   2 
 625	2  31  25 
 625	2  45  43 
 627	6  39  38 
 627	2  11  19 
 629	2  11  19 
 627	2  16   2 
 629	2  30  23 
 631	2  30  23 
 633	2  45  43 
 633	2   8  17 
 625	6  34  27 
 635	6  18  16 
 635	2  38  44 
 637	2  38  44 
 639	2  38  44 
 631	6  27  13 
 641	2  11  19 
 643	2  31  25 
 641	2   9   2 
 643	2   9   2 
 643	2  40  27 
 641	2  45  43 
 643	2  12  13 
 619	6  28  21 
 635	6  21   7 
 643	6  44  28 
 649	2  30  23 
 645	2   9   2 
 647	2   7   9 
 645	2  40  27 
 649	2  28  21 
 651	2  28  21 
 651	2  16  10 
 645	2  12  13 
 647	2  40  27 
 649	2  46  44 
 653	2   8  17 
 653	2  28  21 
 647	2  12  13 
 651	2  46  44 
 653	2  46  44 
 649	6  27  19 
 651	6  32  31 
 657	2  33  24 
 659	2  16  10 
 655	2  21  22 
 657	2  21  22 
 659	2  21  22 
 659	2  19  18 
 659	2  36  31 
 655	6   7   1 
 659	6  47  34 
 661	2  36  31 
 665	2  47  46 
 661	2  16  10 
 663	2   1   9 
 667	2  47  46 
 663	2  14  23 
 665	2   8  17 
 667	2  36  31 
 667	2   8  16 
 667	2  19  18 
 665	6  22  21 
 669	2  33  24 
 671	2  32  25 
 669	2   1   9 
 671	2  14  23 
 669	2  47  46 
 671	2  47  45 
 669	6  20  12 
 673	2   8  16 
 673	2  37  31 
 673	6  40  39 
 675	2  37  31 
 675	2   8  16 
 677	2  14  23 
 675	2  19  18 
 675	6  34  27 
 679	2  37  31 
 671	6  10   3 
 677	6  12   3 
 681	2  41  40 
 681	2  31  43 
 683	6  38  23 
 683	2  41  40 
 689	2   4  25 
 689	2  47  45 
 679	6  14   7 
 691	6  33  32 
 691	2  20  27 
 693	2  20  27 
 695	2  20  27 
 691	2  23  10 
 691	2  47  45 
 693	2  23  10 
 697	2  32  24 
 697	2  12  27 
 699	6  27  12 
 699	2  24  17 
 701	2  31  43 
 705	2  27  12 
 703	2  24  17 
 705	2  31  43 
 697	6  41  40 
 707	6  32  29 
 713	2  47  38 
 713	2  27  12 
 713	2  24  17 
 713	2  35  29 
 695	6   8   2 
 701	6   3   1 
 715	6  25   9 
 721	2  12  24 
 715	2  35  29 
 715	2  41  34 
 717	2  41  34 
 721	2  40  33 
 717	2  35  29 
 713	6  21  14 
 719	2  36  21 
 721	2  36  21 
 721	6   7   1 
 723	2  41  34 
 723	2  12  24 
 725	2  23  10 
 727	2  36  21 
 725	2  40  33 
 727	2  40  33 
 729	2  21   7 
 729	2  34  27 
 729	2  36  37 
 731	2  21   7 
 733	2  21   7 
 727	2  25  31 
 731	2  34  27 
 733	2  34  27 
 729	2  39  32 
 731	2  36  37 
 731	2  39  32 
 733	2  36  37 
 733	2  39  32 
 727	6   4   2 
 733	2   2   9 
 729	6  19  18 
 735	6  17  11 
 735	2   2   9 
 735	2  35  37 
 737	2  20  32 
 741	2  12  24 
 743	2  25  31 
 737	2   1   7 
 739	2   1   7 
 741	2   1   7 
 739	6  40  34 
 737	6  36  21 
 745	2  20  32 
 747	2  45  36 
 749	2  45  36 
 745	2  23  17 
 747	2  23  17 
 751	2  35  37 
 749	2  23  17 
 751	2  16  23 
 753	6  30  17 
 753	6  45  44 
 747	6  34  13 
 753	6  41  34 
 759	2  21  30 
 753	6  13   5 
 759	2   5   3 
 753	6  32  26 
 759	2  20  26 
 759	6  47  45 
 761	2  17  32 
 763	2  16  23 
 763	2  25  31 
 765	2  47  41 
 765	2  35  37 
 765	2  17  32 
 765	6  22   8 
 767	2  47  41 
 769	2  47  41 
 771	2   2   8 
 767	2  17  32 
 773	2   2   8 
 769	2  26  33 
 775	2   5   3 
 767	2  44  36 
 769	2  45  38 
 771	2  21  30 
 771	2  41  46 
 773	2  41  46 
 775	2  41  46 
 773	2  21  30 
 775	2  21   7 
 775	2  16  23 
 771	6  25  19 
 777	6  12   4 
 777	2  10  17 
 777	2  30  35 
 779	2  30  35 
 777	2   2   8 
 779	2  10  17 
 781	2  21   7 
 781	2  10  17 
 783	2  21   7 
 777	2  46  34 
 779	2  46  34 
 781	2  26  33 
 783	2  26  33 
 783	2   4   2 
 785	2   4   2 
 785	2  26  27 
 781	2  45  38 
 783	2  36  45 
 785	2  36  45 
 781	6  47  41 
 783	6  24  18 
 787	2   5   3 
 787	2  36  45 
 789	2   5  10 
 789	2  46  34 
 789	2  30  35 
 785	6  15  14 
 791	6  37  22 
 791	2  20  12 
 791	2  41  25 
 793	2  20  12 
 795	2  20  12 
 793	2  41  25 
 795	2  41  25 
 791	6   7   1 
 797	6  24  15 
 803	2   5  10 
 797	2  26  27 
 803	2  32  24 
 799	2  26  27 
 797	6  46  41 
 805	6  25  17 
 805	2  12  19 
 805	2  28  15 
 807	2  28  15 
 809	2  28  15 
 805	2  39  37 
 807	2  39  37 
 809	2  39  37 
 807	2  12  19 
 809	2   4   2 
 803	6  34  27 
 811	6  11   4 
 811	2  37  43 
 811	2  17   9 
 813	2  37  43 
 811	2  39  46 
 813	2  17   9 
 811	2  29  28 
 813	2  29  28 
 813	2  39  46 
 815	2  29  28 
 815	2  37  43 
 815	2  32  24 
 809	6  34  20 
 815	6  41  34 
 817	2  17   9 
 817	2  39  46 
 819	2  16   9 
 819	2  32  24 
 821	2  17   3 
 817	2  12  19 
 821	2  33  40 
 811	6  14   7 
 817	6  37  28 
 819	6  12   5 
 823	2  37  46 
 823	2  25  34 
 825	2  17   3 
 825	2  37  46 
 827	2  12  10 
 827	2  41  39 
 823	2  14  28 
 827	2  29  23 
 829	6  31  15 
 829	6  27  11 
 835	6  26  19 
 835	2   8  15 
 837	2  14  28 
 839	2  14  28 
 841	2  28  36 
 837	2  16   9 
 839	2  16   9 
 841	2   8  15 
 835	2  31  47 
 837	2  31  47 
 839	2  31  47 
 841	2  33  40 
 841	2  38  24 
 843	6  44  32 
 843	2   8  15 
 843	2  29  23 
 845	2  29  23 
 845	2   8   9 
 847	2   8   9 
 841	6  19  12 
 843	6  47  41 
 847	6  29  22 
 849	2  38  24 
 851	2  47  39 
 849	2   8   9 
 851	2  25  34 
 847	6  12   4 
 853	6  22   8 
 853	2  33  40 
 853	2  18  11 
 855	2  17   3 
 855	2  31  32 
 857	2  31  32 
 857	2   3   4 
 853	6  36  35 
 855	6  41  20 
 859	2   3   4 
 859	2  44  29 
 861	2  12  20 
 861	2  44  29 
 863	2  44  29 
 861	2   3   4 
 859	2  16   8 
 861	2  16   8 
 859	2  31  32 
 861	2  25  34 
 863	2  16   8 
 863	2  18  11 
 861	2  47  39 
 863	2  34  27 
 863	6  46  39 
 865	2  36  29 
 867	2  36  29 
 869	2  37  39 
 865	2  12  20 
 869	2  28  35 
 867	2  18  11 
 871	2  38  24 
 871	2  36  29 
 867	2  34  27 
 869	2  12  20 
 871	2  34  27 
 865	6  15   2 
 871	6   4   2 
 873	2  23  26 
 875	2  30  14 
 875	6  47  34 
 877	2  11  17 
 877	2   2   8 
 877	2  37  21 
 879	2  11  17 
 879	2  30  14 
 879	6   2   1 
 881	2  23  26 
 881	2  28  35 
 885	2   4  20 
 881	2  46  44 
 883	2  37  21 
 885	2   1   8 
 885	2  46  44 
 883	6  33  32 
 887	2  37  21 
 887	2   4  20 
 887	2   1   8 
 883	6  24  16 
 889	6  41  38 
 889	2  21  35 
 889	2  16   2 
 891	2  16   2 
 893	2  16   2 
 891	2  21  35 
 893	2  21  35 
 889	6  20  12 
 895	6  29  15 
 895	2  32  31 
 895	2  20  34 
 895	2  46  44 
 895	2  11  17 
 897	2  40  19 
 899	2   4  12 
 899	2  32  31 
 901	6  41  33 
 901	2  30  14 
 903	2  16  15 
 905	2  16  15 
 903	6  25  24 
 907	2  16  15 
 909	2   8  15 
 909	2  40  19 
 903	6  44  29 
 901	6   3   2 
 909	6  43  30 
 911	2   8  15 
 913	2   8  15 
 911	2  33  18 
 913	2  33  18 
 911	6  13   5 
 915	2  33  18 
 915	6  29  14 
 917	2  17  18 
 917	2  20  34 
 917	2  32  31 
 919	2  40  19 
 915	6   2   1 
 921	6  11   3 
 921	2   1  14 
 921	2  20  34 
 921	2  39  44 
 921	2  30  24 
 923	2   1  14 
 923	2  30  24 
 925	2  30  24 
 927	2  17  18 
 923	2  39  44 
 925	2  39  44 
 927	2  43  44 
 927	2  38  31 
 925	2   1  14 
 923	6  27  13 
 927	6  28   7 
 929	2  38  31 
 933	2  30  29 
 931	2  32  25 
 933	2  32  25 
 933	2   1   7 
 935	2   1   7 
 929	2  27  41 
 931	2  27  41 
 929	2  43  44 
 933	2  27  41 
 935	2  23  26 
 931	2  43  44 
 929	6   5   3 
 933	6  45  43 
 937	2  17  18 
 939	2  32  25 
 937	2  30  29 
 939	2  19  12 
 939	2  30  29 
 941	2  38  31 
 941	2  19  12 
 937	2   1   7 
 943	2  19  12 
 943	2  30  38 
 939	2   7   1 
 941	2   7   1 
 943	2   7   1 
 937	2  34  41 
 939	2  34  41 
 941	2  34  41 
 945	6  44  36 
 945	2  13   4 
 947	2  13   4 
 949	2  13   4 
 945	2  24  40 
 947	2  24  40 
 949	2  24  40 
 951	6  46  34 
 951	6  29  17 
 957	6  28  14 
 963	2  29  36 
 965	2  29  36 
 957	2  17  18 
 959	2  17  18 
 961	2  17  18 
 951	6  13   5 
 967	2  29  36 
 957	2  13  27 
 959	2  13  27 
 961	2  13  27 
 963	2  24  27 
 965	2  24  27 
 967	2  24  27 
 957	6  47  45 
 963	2  44  45 
 965	2  44  45 
 967	2  44  45 
 969	6  24  12 
 975	2  30  38 
 969	2  41  47 
 971	2  41  47 
 973	2  41  47 
 969	6  43  28 
 975	6  34  13 
 981	2  40  34 
 977	2  45  43 
 981	2  13  11 
 979	2  30  38 
 981	2  45  43 
 963	6   8   2 
 969	6  15   9 
 975	6  28  15 
 981	6  24  15 
 983	2  44  46 
 985	2  40  34 
 983	2  13  11 
 985	2  45  43 
 985	2  13  11 
 987	6  41  27 
 987	2  15  29 
 987	2   5  13 
 989	2   5  13 
 991	2   5  13 
 987	2  10  24 
 987	2  44  46 
 989	2  10  24 
 991	2  10  24 
 989	2  44  46 
 989	2  15  29 
 991	2  15  29 
 991	6  39  38 
 997	2  40  34 
 999	2  46  43 
 993	2  11  19 
1001	2  47  34 
 995	2  11  19 
 997	2  11  19 
1003	2  46  43 
 999	2  23  10 
1001	2  23  10 
1003	2  23  10 
1003	6  33  26 
1005	2  16  10 
1007	2  16  10 
1005	2  46  43 
 999	6  13   5 
1007	6  38  37 
1009	2  26  24 
1011	2  26  24 
1005	6   5   4 
1011	2   9   4 
1007	6  29  21 
1013	2  47  34 
1013	2  37  28 
1015	2  47  34 
1013	2   9   4 
1015	2  37  28 
1015	2  16  10 
1017	6  25  22 
1023	6  11   2 
1023	2  38  33 
1023	2  23  22 
1025	2  38  33 
1027	2  38  33 
1025	2  23  22 
1027	2  23  22 
1023	6  14   7 
1023	6  43  35 
1029	6  16  10 
1029	2  37  28 
1031	2  43  37 
1033	2  43  37 
1029	2  25  20 
1031	2  25  20 
1035	2  43  37 
1033	2  25  20 
1035	2  26  24 
1035	2   9   4 
1037	6   2   1 
1037	2  11  19 
1039	2  11  19 
1037	2  25  32 
1041	2  11  19 
1039	2  25  32 
1041	2  25  32 
1037	6  37  23 
1043	6  27  19 
1043	2   8  24 
1045	2   8  24 
1047	2   8  24 
1029	6  46  40 
1049	2  23  17 
1051	2  23  17 
1053	2  24  12 
1043	2  46  43 
1045	2  46  43 
1049	2   8   1 
1047	2  46  43 
1051	2   8   1 
1053	2   8   1 
1055	6  12  10 
1061	2  23  17 
1061	2  19  12 
1063	2  24  10 
1063	2  19  12 
1055	6  15  14 
1049	6  46  34 
1055	2  27  34 
1057	2  27  34 
1065	2  24  10 
1065	2  19  12 
1059	2  27  34 
1049	6  36  29 
1061	6  14   1 
1055	6  45  36 
1061	6  29  28 
1061	6  45  40 
1067	6   9   1 
1067	2  21  14 
1069	2  21  14 
1073	2  10   2 
1067	2  40  33 
1071	2  21  14 
1069	2  40  33 
1071	2  40  33 
1075	2  10   2 
1073	2  40  41 
1077	2  10   2 
1075	2  40  41 
1077	2  40  41 
1067	6  38  24 
1073	2  38  46 
1075	2  38  46 
1077	2  38  46 
1067	6  19   5 
1073	2  19  24 
1075	2  19  24 
1079	2  46  38 
1081	2  46  38 
1077	2  19  24 
1079	2  19  25 
1081	2  19  25 
1073	6  29  15 
1079	6  16  10 
1083	2  37  32 
1079	6  28  14 
1079	6  41  34 
1085	6  33  20 
1085	2  24  22 
1091	2  20  13 
1087	2  24  22 
1089	2  24  22 
1091	2  33  31 
1085	6  11   9 
1093	2  20  13 
1095	2  20  13 
1093	2  46  38 
1095	2  37  32 
1091	6  18  11 
1091	6  22  16 
1097	6  16  11 
1103	2  11  13 
1103	2  14  16 
1105	2  14  16 
1107	2  14  16 
1097	2  33  31 
1105	2  11  13 
1107	2  11  13 
1099	2  33  31 
1101	2  37  32 
1103	2  44  31 
1105	2  44  31 
1107	2  44  31 
1103	6  33  26 
1109	6  37  35 
1109	2  16  17 
1115	2  43  35 
1109	2  14   1 
1109	2  19  25 
1111	2  10  26 
1113	2  10  26 
1115	2  10  26 
1101	6  47  41 
1111	6  23  15 
1107	6  47  46 
1117	2   2  11 
1119	2  20  19 
1117	2  29  32 
1119	2  24  40 
1119	2  43  35 
1121	2  43  35 
1123	2  37  44 
1119	2  15   9 
1121	2  15   9 
1121	2  24  40 
1123	2  15   9 
1121	2  20  19 
1123	2  18  34 
1125	6  33  31 
1125	2   2  11 
1125	2  35  22 
1131	2  24  40 
1127	2  20  19 
1127	2  14   1 
1129	2  14   1 
1131	2  37  44 
1127	6  11   4 
1131	6  14   1 
1133	2  23  31 
1135	2  23  31 
1133	2  37  44 
1133	2  18  34 
1135	2  18  34 
1137	6  33  19 
1137	2   1   9 
1137	2  23  31 
1139	2  23  30 
1141	2  23  30 
1139	2   1   9 
1141	2   1   9 
1135	6  36  28 
1143	6  41  38 
1149	2  39  31 
1151	2  23  30 
1143	2  20  18 
1145	2  19  12 
1147	2  19  12 
1149	2  19  12 
1151	2  26   5 
1145	6  10   9 
1137	6  15  14 
1143	6  28  14 
1151	2  14   9 
1151	6  46  44 
1153	2  23   8 
1157	2  37  44 
1153	2  26   5 
1155	2  23   8 
1157	2  16  17 
1155	2  26   5 
1157	2  39  31 
1157	2   5  12 
1149	6  35  28 
1157	2  28  22 
1157	6   3   1 
1159	2  39  31 
1159	2  16  17 
1159	2  37  44 
1161	2  29  32 
1163	2  38  30 
1163	2   2   4 
1163	2  26  40 
1165	6  47  34 
1165	2  38  30 
1167	2  38  30 
1169	2  37  44 
1169	2  23   8 
1171	2  45  31 
1165	2  11  19 
1171	2  26  40 
1167	2   5  12 
1169	2   5  12 
1173	2  26  40 
1171	2  14   9 
1173	2  14   9 
1173	2  45  31 
1175	6  30   9 
1181	2  20  18 
1175	2  41  40 
1177	2  41  40 
1175	2  21  14 
1179	2  41  40 
1181	2  45  31 
1181	2  28  22 
1171	6   5   4 
1183	6  17  16 
1183	2  29  32 
1185	2  38  35 
1187	2  21  14 
1187	2  32  27 
1189	6  33  31 
1189	2  21  14 
1195	2  24  29 
1195	2  47  33 
1189	2   3  12 
1191	2   3  12 
1193	2  11  19 
1195	2  11  19 
1191	6  14   8 
1187	6  45  44 
1197	6  21  14 
1197	2  44  30 
1197	2  25  39 
1199	2  44  30 
1199	2  25  39 
1201	2  25  39 
1201	2  44  30 
1197	2  16   9 
1199	2  16   9 
1201	2  16   9 
1197	6  34  27 
1197	6  12   4 
1203	6  44  35 
1203	2  11  27 
1205	2   9   2 
1203	2  31  23 
1207	2   9   2 
1205	2  47  33 
1205	2  20  18 
1207	2  32  34 
1205	6  30  22 
1209	2   9   2 
1209	2  32  34 
1209	2  35  28 
1207	6  19   5 
1211	2  14  16 
1213	2   3   4 
1211	2  36  39 
1213	2  38  44 
1213	2  47  33 
1213	2  24  29 
1215	6  27  13 
1215	2  36  39 
1215	2  14  16 
1217	2  35  28 
1217	2  31  23 
1219	2  24  29 
1219	2  38  44 
1215	6   3   1 
1217	6  41  40 
1221	2  11  13 
1221	2  35  28 
1221	2  31  23 
1221	6   7   1 
1223	2  36  39 
1223	2  11  13 
1225	2  33  20 
1225	2  36  21 
1225	6  24  10 
1227	2  36  21 
1229	2  36  21 
1227	2  33  20 
1231	2  31  29 
1231	2  14  16 
1225	6  48  46 
1231	2  27  48 
1231	6   4   3 
1233	2  27  48 
1235	2  27  48 
1233	2   9  16 
1235	2   9  16 
1233	2  31  29 
1235	2  31  29 
1231	6  45  44 
1237	6  44  28 
1237	2  32  24 
1239	2  32  24 
1237	2  47  48 
1241	2  32  24 
1237	2   8  10 
1239	2   8  10 
1241	2   8  10 
1239	2  47  48 
1241	2  47  48 
1237	6  34  20 
1243	6  46  44 
1243	2  33  34 
1245	2  33  32 
1247	2  33  32 
1243	2  18  23 
1245	2  18  23 
1247	2  18  23 
1243	6  13   5 
1243	6  28  14 
1249	6  17  15 
1249	2  33  32 
1249	2  46  48 
1251	2  46  48 
1253	2  46  48 
1249	6  12   4 
1249	6  43  28 
1251	6  33  27 
1255	2  21   7 
1257	2  25  17 
1257	2  15  28 
1255	6   4   2 
1259	2  25  17 
1259	2  15  28 
1261	6  38  33 
1261	2  15  28 
1261	2  18  11 
1263	2  22  15 
1265	2  14   2 
1263	2  18  11 
1265	2  18  11 
1257	6  20  13 
1265	6  36  29 
1271	2  37  38 
1267	2  14   2 
1269	2  14   2 
1271	2   3   8 
1273	2   3   8 
1273	2  31  24 
1275	2  31  24 
1275	2  22  15 
1267	2  20  33 
1269	2  20  33 
1271	2  20  33 
1275	2   4   2 
1273	6  45  40 
1277	2  25  17 
1277	2  22  15 
1277	2   4   2 
1273	6  27  13 
1279	2  45  36 
1279	2  17  25 
1281	2  17  25 
1279	2  21   7 
1281	2  37  38 
1279	2   4   2 
1283	2  17  25 
1279	2  40  34 
1281	2  40  34 
1283	2  40  34 
1281	2  22  29 
1281	2   3   8 
1283	2  22  29 
1283	2  37  38 
1283	6   8   3 
1289	2   9  16 
1285	2  31  24 
1285	2  22  29 
1289	2  21   7 
1287	2  45  36 
1289	2  45  36 
1279	6  20  19 
1285	6  33  20 
1291	6  46  44 
1291	2   5  17 
1293	2   5  17 
1295	2   5  17 
1297	2  45  48 
1297	2   2   5 
1291	6  14   7 
1297	6  25  23 
1299	2   2   5 
1299	2  45  48 
1301	2  45  48 
1301	2   2   5 
1303	6  32  26 
1303	2   7  23 
1305	2   7  23 
1307	2   7  23 
1303	6  36  28 
1309	2  23   8 
1309	2  21  28 
1309	2  33  39 
1303	6  11  10 
1311	2  21  28 
1311	2  23   8 
1309	2  20  11 
1311	2  20  11 
1311	2  33  39 
1309	6  44  36 
1313	2  19  25 
1315	2  32  30 
1313	2  21  28 
1313	2  16  17 
1315	2  20  11 
1313	6  47  46 
1317	2  32  30 
1317	2  16  17 
1317	6  13   5 
1319	2  18   3 
1319	2  33  39 
1321	2  16  17 
1321	2  32  30 
1315	6  21  14 
1319	6  48  47 
1323	2  20  34 
1323	2  32  38 
1323	2  21  36 
1325	6  47  44 
1325	2  18   3 
1327	2  19  25 
1329	2  19  25 
1327	2  23   8 
1329	2   8  14 
1325	6  34  27 
1327	6  10   3 
1331	2  21  36 
1333	2  21  36 
1331	2  32  38 
1333	2  18  10 
1333	2  32  38 
1335	2  38  22 
1337	2   8  14 
1331	2  20  27 
1337	2  30  46 
1339	2  30  46 
1333	2  20  27 
1339	2   8  14 
1335	2  19   4 
1337	2  19   4 
1339	2  19   4 
1335	6  41  34 
1341	2   4   2 
1341	2  13  27 
1341	2  41  47 
1341	2  38  22 
1343	6  26  11 
1349	2   4   2 
1351	2   4   2 
1343	2  38  22 
1343	2  41  47 
1345	2  41  47 
1345	2  22   7 
1347	2  30  46 
1349	2  25  46 
1351	2  25  46 
1353	2  10  23 
1353	2  32  40 
1353	2  13  27 
1349	6  37  36 
1349	6  28  21 
1355	6   5   3 
1355	2  22   7 
1357	2  36  15 
1355	2  32  40 
1359	2  36  15 
1361	2  13  27 
1357	2  32  40 
1361	2  36  15 
1363	2  10  23 
1363	2  33  47 
1363	6  44  35 
1365	2  33  47 
1369	2  35  28 
1365	2  15   3 
1365	2  30  24 
1367	2  30  24 
1369	2  30  24 
1367	2  15   3 
1369	2  15   3 
1367	2  33  47 
1369	2  26  33 
1363	6  13  12 
1369	6  45  39 
1371	2  22   7 
1371	2   3  17 
1373	2  15  21 
1371	2  26  33 
1373	2   3  17 
1373	2  26  33 
1369	6  48  41 
1375	6  33  18 
1381	2   3  17 
1381	2  20  26 
1383	2  16  18 
1375	2  38  30 
1385	2   7   8 
1383	2  32  33 
1377	2  38  30 
1375	2  35  28 
1377	2  35  28 
1385	2  32  33 
1379	2  45  43 
1387	2  20  26 
1389	2  20  26 
1387	2   7   8 
1381	2  45  43 
1383	2  38  30 
1385	2  10  23 
1389	2   7   8 
1387	2   2  10 
1391	2  32  33 
1385	2  45  43 
1389	2   2  10 
1391	2  16  18 
1387	6  48  45 
1387	6   5   4 
1387	6  36  29 
1393	6  48  41 
1393	2  45  44 
1393	2  33  27 
1395	2  45  44 
1397	2  45  44 
1393	2  15  21 
1395	2  15  21 
1393	2   2  10 
1395	2  33  27 
1397	2  16  18 
1399	2  44  45 
1399	2  15  28 
1397	2  33  27 
1401	6  29  17 
1401	2  44  45 
1403	2  44  45 
1399	6  41  34 
1399	6  39  32 
1405	6  47  33 
1407	2  17  11 
1409	2  17  11 
1407	2  14  29 
1409	2  15  28 
1409	6  37  30 
1411	2  25  46 
1411	2  15  28 
1413	2  17  11 
1413	6  32  27 
1419	2  33  31 
1419	2  46  44 
1421	6  26   5 
1421	2  14  29 
1423	2  14  29 
1425	2  14  28 
1427	2  14  28 
1429	2  14  28 
1421	2  46  44 
1427	2  33  31 
1429	2  25  11 
1423	2  46  44 
1431	2  33  31 
1433	6  34  18 
1433	2  31  30 
1435	2  31  30 
1437	2  31  30 
1439	6  17  15 
1439	2  27  19 
1439	2  40  33 
1441	2  27  19 
1443	2  27  19 
1441	2  40  33 
1443	2  40  33 
1439	6  38  31 
1431	6  43  28 
1439	6   4   2 
1445	6  39  37 
1451	2  37  44 
1453	2  37  44 
1445	2  18   9 
1455	2  30  16 
1451	2  33  26 
1451	2  46  39 
1453	2  46  39 
1453	2  25  11 
1453	2  27  20 
1455	2  25  11 
1455	2  46  39 
1457	2  37  44 
1457	2  33  26 
1447	6   2   1 
1445	6  28  21 
1451	6  21  14 
1459	2  44  29 
1459	2  18   9 
1461	2  18   9 
1463	2  24  18 
1463	2  33  26 
1465	2  27  20 
1465	2  24  18 
1461	2  44  29 
1463	2  14   1 
1465	2  14   1 
1457	6  47  41 
1465	2  33  41 
1463	6  38  36 
1467	2  24  18 
1469	2  28  36 
1467	2  14   1 
1469	2  15   1 
1471	2  15   1 
1469	2  25  18 
1467	2  33  41 
1469	2  38  47 
1467	2  27  20 
1473	2   9  14 
1471	2  25  18 
1475	2  15   1 
1471	2  38  47 
1473	2  25  18 
1471	2  28  36 
1473	2  28  36 
1473	2  38  47 
1475	2  17  25 
1475	2  45  38 
1469	6  27  20 
1477	6  23   2 
1483	2  30  16 
1485	2  30  16 
1477	2  39  26 
1479	2  33  41 
1481	2  39  26 
1483	2  39  26 
1475	6  13   5 
1475	6  43  35 
1487	6  36  29 
1487	2  45  38 
1489	2  45  38 
1491	2  31  24 
1487	2   9  14 
1489	2   9  14 
1491	2   9   3 
1491	2  14  15 
1485	6  40  27 
1493	2  32  30 
1495	2  32  30 
1493	2  14  15 
1495	2  14  15 
1491	2  27  12 
1493	2  11   2 
1495	2  27  12 
1495	2   9   3 
1491	6  47  45 
1497	6  40  39 
1497	2  16  19 
1499	2  11   2 
1499	2  31  24 
1501	2  17  25 
1503	2  31  24 
1503	2  11   2 
1497	2  44  36 
1503	2  43  45 
1499	6  15   7 
1499	6  20  13 
1505	2  16  19 
1505	2  43  45 
1507	2  32  30 
1507	2  27  12 
1507	2   9   3 
1509	2  16  19 
1511	2  31  39 
1513	2  17  25 
1515	2  31  39 
1509	2   4   3 
1511	2   4   3 
1515	2  10   2 
1507	6  44  43 
1513	2  44  45 
1511	6  29  14 
1511	6  34  20 
1517	6  20  12 
1517	2  10   2 
1519	2  10   2 
1517	2  47  34 
1519	2  47  34 
1521	2   4   3 
1517	2  29  37 
1519	2  29  37 
1521	2  47  34 
1521	2  29  37 
1523	2  17  29 
1517	6   8   7 
1523	6  33  20 
1525	2   2   4 
1527	2   2   4 
1523	6  44  38 
1523	6  47  46 
1529	2   2   4 
1529	2  38  33 
1525	6  22  17 
1531	6   7   1 
1531	2  37  40 
1533	2  38  33 
1535	2  31  39 
1537	2  24  15 
1531	6  12   3 
1535	6  44  35 
1539	2  17   3 
1535	6  34  26 
1539	6  14   7 
1541	2  22  29 
1543	2  22  29 
1541	2  45  32 
1545	2  37  40 
1547	2  38  33 
1547	2  35  14 
1549	2  35  14 
1541	2  17   3 
1543	2  17   3 
1549	2  34  33 
1545	6   2   1 
1537	6  13  12 
1545	6  17  12 
1549	6  46  38 
1551	2  27  12 
1553	2  27  12 
1555	2  27  12 
1551	2  35  14 
1553	2  28  35 
1553	2  24  15 
1555	2  28  35 
1557	2  34  33 
1555	2  24  15 
1559	2  34  33 
1551	2   2   3 
1553	2   2   3 
1555	2   2   3 
1557	2  14  17 
1559	2  14  17 
1555	6  44  38 
1557	6  13  12 
1561	2  14  17 
1563	6  11   8 
1569	2  25  24 
1569	2   8   7 
1569	2  10   2 
1563	2  37  40 
1565	2  28  35 
1565	6  44  37 
1565	6  40  27 
1567	6  35  28 
1571	2   8   7 
1571	2  26  11 
1571	6  37  23 
1577	2  45  32 
1579	2  38  40 
1573	2  10   2 
1573	2   8   7 
1577	2   9  23 
1579	2   9  23 
1573	6  20   5 
1575	6  28  14 
1579	6  27  18 
1581	2   9  23 
1581	2  43  28 
1583	2  15  14 
1581	2  38  40 
1583	2  39  36 
1583	6   9   3 
1585	2  31  19 
1589	2  12  17 
1585	2  15  14 
1585	2  43  28 
1587	2  15  14 
1587	2  39  36 
1591	2  12  17 
1593	2  16   9 
1595	2  12  17 
1589	2  39  36 
1591	2  38  40 
1597	2  10   2 
1593	2  33  39 
1595	2  33  39 
1591	2  43  28 
1593	2  44  28 
1597	2  25  24 
1595	2  44  28 
1597	2  30  36 
1597	2  33  39 
1593	6  48  47 
1599	6   5   3 
1599	2  25  24 
1601	2  45  32 
1603	2  38  29 
1603	2  48  27 
1601	2  18  17 
1603	2  18  17 
1595	6  15   8 
1601	6   7   1 
1605	2  44  28 
1607	2  38  29 
1605	2  26  11 
1609	2  38  29 
1605	2  16   9 
1607	2   3   1 
1609	2  16   9 
1607	2  48  27 
1609	2  26  11 
1611	6  32  26 
1611	2  30  36 
1611	2   3   1 
1613	2   3   1 
1615	2   8   3 
1613	2  30  36 
1611	2  18  17 
1617	2  24  45 
1611	2   5  13 
1617	2   8   3 
1619	2   4  10 
1619	2  36  28 
1619	2  31  19 
1609	6  41  40 
1615	6  48  41 
1619	6   2   1 
1621	2  24  45 
1621	2   5  13 
1623	2  31  19 
1625	2  19  16 
1627	2  24  45 
1627	2  41  27 
1627	2   5  13 
1627	2   8   3 
1621	6  36  35 
1627	2  35  28 
1629	6  32  23 
1629	2  12   5 
1631	2  12   5 
1633	2   4  10 
1629	2  35  28 
1635	6   9   8 
1635	2  32  27 
1637	2  32  27 
1635	2  23  21 
1639	2  32  27 
1637	2  23  21 
1639	2  23  21 
1635	2  12   5 
1629	6  43  37 
1637	6  18  11 
1641	2  27  26 
1641	2  23  22 
1629	6  47  41 
1641	6   8   1 
1643	2  23  22 
1643	2   4  10 
1645	2  23  22 
1643	2  27  26 
1645	2  27  26 
1645	2  12   4 
1635	6  47  45 
1641	2  36  45 
1647	2  39  23 
1647	2  12   4 
1649	6  31  15 
1649	2  12   4 
1655	6  28  14 
1655	2  40  31 
1657	2  40  31 
1659	2  40  31 
1651	6  20  13 
1655	6  45  44 
1651	6   3   2 
1651	6  26  18 
1657	6  19   3 
1661	2  36  44 
1661	2   8  15 
1663	6  30  21 
1663	2  34  19 
1665	2  34  19 
1667	2  34  19 
1669	6  32  30 
1669	2   8  15 
1671	2   8  15 
1661	6  47  46 
1663	6  44  43 
1663	6  17  10 
1669	2   5  10 
1671	2   5  10 
1673	2   5  10 
1669	6  20  19 
1669	6  48  41 
1669	6  43  35 
1673	6  21   7 
1675	2  26  47 
1677	2  26  47 
1675	2   3  16 
1677	2   3  16 
1679	2  39  23 
1675	2  36  35 
1681	2  39  23 
1683	2  26  47 
1685	2  26  41 
1679	2  28  36 
1681	2  28  36 
1683	2  21  35 
1685	2  21  35 
1683	2   2  16 
1685	2   2  16 
1679	6   7   0 
1679	6  11   4 
1685	6  45  39 
1687	2   2  16 
1689	2   0   3 
1691	2  16  24 
1687	2  26  41 
1687	2  28  36 
1689	2  21  35 
1691	2  40  47 
1693	6  25  11 
1693	2  40  47 
1695	2  40  47 
1697	2  38  40 
1691	6  29  28 
1699	6  31  23 
1699	2  26  41 
1701	2  27  26 
1699	2   0   3 
1703	2  27  26 
1701	2  41  46 
1703	2  41  46 
1701	2   0   3 
1697	6  36  29 
1703	6  21   8 
1705	2  41  46 
1707	2  32  30 
1707	6  47  45 
1709	2  21  35 
1711	2  21  35 
1709	2  32  30 
1711	2  32  30 
1703	6  11   3 
1709	6   8   3 
1715	2   8  15 
1715	2   3   4 
1717	2   8  15 
1713	2  38  40 
1715	2  36  45 
1717	2  36  45 
1717	2   3   4 
1713	2  27  26 
1715	2  34  32 
1717	2  34  32 
1713	6  23  17 
1719	6  33  20 
1719	2  36  45 
1719	2   1  17 
1721	2  21  35 
1721	2   1  17 
1723	2   1  17 
1721	6  46  44 
1725	2  10  26 
1725	2  23  29 
1727	6  20  11 
1727	2   8  15 
1727	2  38  40 
1733	2  27  20 
1729	2  39  33 
1735	2  10  26 
1727	2  23  29 
1729	2  23  29 
1731	6  47  45 
1729	6   7   1 
1731	6  30  21 
1737	6  18  17 
1737	2  36  45 
1737	2  27  20 
1737	2  21   7 
1739	2  27  20 
1741	2  34  32 
1743	2  44  30 
1737	2   3   4 
1739	2  21   7 
1741	2  21   7 
1743	2  21  14 
1743	2  10  26 
1745	6  38  30 
1745	2  20  26 
1747	2  20  26 
1749	2  20  26 
1745	2  21  14 
1747	2  21  14 
1745	2   2   3 
1751	2  36  45 
1753	2  44  38 
1747	2  11   9 
1749	2  11   9 
1755	2  44  38 
1751	2  11   9 
1753	2  17  22 
1755	2  16  24 
1757	2  36  45 
1753	2   2   3 
1757	2   0   8 
1755	2   2   3 
1743	6  47  41 
1751	6  41  27 
1757	2  27  12 
1759	6  37  25 
1759	2   0   8 
1765	2  41  38 
1761	2   0   8 
1765	2  17  22 
1767	6  35  21 
1767	2  37  30 
1767	2  16  24 
1769	2  37  30 
1767	2  39  33 
1769	2  25  19 
1773	2  21  23 
1771	2  25  19 
1773	2  25  19 
1763	6   7   1 
1775	6  22   9 
1775	2  19  18 
1777	2  19  18 
1775	2  39  33 
1779	2  19  18 
1777	2  39  31 
1779	2  39  31 
1777	2  33  34 
1779	2  33  34 
1771	6  45  44 
1759	6   5   4 
1775	6  13   5 
1777	6  43  36 
1781	2  17   9 
1781	2  39  31 
1781	2  33  34 
1783	6  19  16 
1783	2  44  35 
1785	2  44  35 
1787	2  44  35 
1781	6   4   3 
1789	6  20   4 
1789	2  17   9 
1789	2  22  36 
1791	2  21  23 
1793	2  17   9 
1793	2  22  36 
1783	6  41  39 
1795	2   1   3 
1797	2  17   9 
1789	2  39  38 
1795	2  22  36 
1791	2  39  38 
1797	2  22  14 
1795	2  27  12 
1797	2  27  12 
1797	2  37  30 
1793	6  32  25 
1799	6  40  33 
1799	2  20  27 
1801	2  20  27 
1799	2  18  25 
1803	2  20  27 
1799	2  29  36 
1801	2  18  25 
1803	2  18  25 
1801	2  29  36 
1803	2  29  36 
1799	2  16  15 
1801	2  16  15 
1799	2   1   3 
1803	2  16  15 
1801	2   1   3 
1803	6   4   2 
1805	2  22  14 
1805	2  24  17 
1807	2  21  23 
1799	6  45  38 
1805	6  27  13 
1809	2  18  31 
1809	2  22  14 
1809	2   9   1 
1811	6  45  32 
1811	2   9   1 
1817	2  10  25 
1811	6  30  22 
1811	6  13   5 
1809	6  35  28 
1815	6  43  35 
1819	2  24  17 
1819	2  33  27 
1819	2   2  14 
1821	6  25  11 
1821	2  43  45 
1823	2  43  45 
1827	2  12   4 
1825	2  43  45 
1827	2  24  17 
1821	2  22   8 
1823	2  22   8 
1825	2  22   8 
1827	2  33  27 
1829	2  33  27 
1829	2   2  14 
1827	2  45  47 
1829	2  45  47 
1827	6  36  29 
1831	2  45  47 
1833	2  47  41 
1831	2  27  19 
1831	2  10  11 
1831	2   0  15 
1833	2  12   4 
1833	2  16  37 
1831	6  33  32 
1835	2  47  41 
1835	2  12   4 
1835	2  16  37 
1833	6  28  21 
1837	2  27  19 
1839	2  27  19 
1837	2   9   1 
1837	2  23  32 
1837	2  47  41 
1839	2  47  41 
1839	2  23  32 
1839	2  10  11 
1837	6  45  43 
1841	2   0  15 
1841	2  47  41 
1841	6   5   3 
1843	2  27  33 
1843	2  18  31 
1843	2  43  28 
1845	2  43  28 
1845	2  27  33 
1845	2  18  31 
1847	6  32  25 
1847	2  47  41 
1847	2  16  37 
1849	2  36  37 
1849	2   2  14 
1851	2  43  28 
1851	2   4  16 
1849	6  34  20 
1853	2   0  15 
1855	2   0   3 
1855	2  23  25 
1855	2  21  28 
1857	2  24  15 
1859	2  31  19 
1859	2  21  28 
1861	6  41  27 
1861	2  21  28 
1861	2   0   3 
1863	2  10  22 
1865	2   4  16 
1861	2  45  32 
1863	2  45  32 
1865	2  45  32 
1863	6  43  35 
1867	2  23   8 
1869	2   4  16 
1869	2  36  37 
1871	2  43  45 
1871	2  10  22 
1867	2  40  32 
1869	2  40  32 
1871	2  40  32 
1867	6  27  20 
1873	6  20  12 
1873	2  43  45 
1873	2  40  34 
1873	2  24  15 
1875	2   9  25 
1877	2  24  15 
1875	2  43  45 
1877	2  43  44 
1879	2  43  44 
1879	2   9  25 
1881	2  43  44 
1881	2   0   3 
1875	2  40  34 
1877	2  40  34 
1881	2  41  33 
1879	6  38  30 
1883	2   9  25 
1883	6  47  41 
1885	2  31  19 
1885	2  28  15 
1887	2  23   8 
1887	2  36  37 
1889	6  45  42 
1889	2  23   8 
1891	2  10  22 
1893	2  21   8 
1887	6  32  25 
1895	2  21   8 
1893	2  11  25 
1895	2  11  25 
1897	2  11  25 
1897	2  21   8 
1895	2  42  35 
1897	2  42  35 
1895	6  47  45 
1899	2  42  35 
1899	2  12  10 
1893	6  30  23 
1901	6  10   5 
1907	2  31  19 
1907	2  28  15 
1909	6  39  27 
1909	2  12   5 
1909	2  10  23 
1911	2  12   5 
1911	2  10  23 
1913	2  28  15 
1915	6  37  36 
1915	2  10  23 
1917	2  10  17 
1919	2  10  17 
1915	6  27  13 
1915	6   8   0 
1915	6  21  14 
1915	6  40  32 
1921	6   3   1 
1921	2  26  23 
1923	2  31  34 
1925	2  31  34 
1923	6  13   5 
1927	2  39  38 
1927	2  42  21 
1927	2  10  17 
1927	6  41  27 
1929	2  42  21 
1931	2  42  21 
1929	2   3   5 
1931	2   3   5 
1929	2  39  38 
1931	2  39  38 
1929	6  25  17 
1933	2  44  38 
1933	2   3   5 
1927	6   8   1 
1933	6  21   8 
1939	2   9   3 
1935	2  24  19 
1937	2   5  20 
1935	2  44  38 
1941	2   9   3 
1939	2  25  27 
1941	2   5  20 
1943	2   5  20 
1937	2  45  43 
1939	2  36  21 
1941	2  45  43 
1943	2   9   3 
1943	2  36  21 
1941	6  24  18 
1945	2  36  21 
1947	6  14   0 
1947	2  18  19 
1947	2   4  10 
1947	2  44  38 
1949	2   5  11 
1951	2   5  11 
1949	2  44  42 
1951	2  44  42 
1953	2   5  11 
1953	2  44  42 
1949	2  29  24 
1951	2  29  24 
1953	2  29  24 
1949	6   3   2 
1949	6  39  33 
1949	6  20  13 
1955	6  10   3 
1961	2   4   3 
1955	2  26  23 
1957	2  18  19 
1957	2  24  30 
1955	2  45  43 
1959	2  26  23 
1961	2  24  30 
1963	6  31  26 
1963	2  17  10 
1965	2  17  10 
1967	2  17  10 
1955	6   8   1 
1969	6  13  10 
1969	2  31  37 
1971	2  31  37 
1973	2  31  37 
1969	2  23  22 
1971	2  23  22 
1973	2  23  22 
1961	6  46  40 
1975	6  32  16 
1981	2  15  22 
1981	2  25  27 
1981	2  10   1 
1983	6  23  14 
1989	2  16   8 
1983	2  26  34 
1983	2   4   3 
1991	2  15  22 
1993	2  15  22 
1985	2  33  32 
1985	2   4  12 
1987	2  13  34 
1991	2   3   0 
1993	2   4  12 
1991	2  24  30 
1989	2  33  32 
1991	2  33  32 
1993	2  25  27 
1975	6  44  35 
1981	6  46  44 
1993	2  39  46 
1987	6  44  43 
1993	6  10   9 
1995	2  29  43 
1995	2  20  25 
1997	2  29  43 
1999	2  29  43 
1997	2  13  34 
2001	2  44  43 
1999	2  16   8 
2001	2  10  18 
2003	2  16   8 
2005	2  17  16 
2003	2   4  12 
1995	2  39  46 
1997	2  39  46 
1999	2  38  32 
2001	2  29  31 
2003	2  37  21 
2005	2  44  43 
2005	2  38  32 
2007	2  30  23 
2007	2  20  25 
2009	2  24  27 
2007	2  44  43 
2005	2  14  28 
2011	2  24  27 
2007	2  14  28 
2009	2  14  28 
2013	2  38  32 
2013	2   3   0 
2013	2  30  23 
1999	6  47  46 
2011	6  35  21 
2015	2  30  23 
2017	2  37  35 
2017	2  14  15 
2019	2  24  27 
2019	2  14  15 
2015	6   9   2 
2019	6  46  44 
2021	2  29  31 
2021	2  10  18 
2021	2   2   1 
2023	2  29  31 
2023	2  10  18 
2025	2  17  16 
2025	2  26  47 
2027	2  20  25 
2025	2  37  35 
2023	2   2   1 
2027	2  14  15 
2029	6  39  18 
2025	6   2   0 
2031	2   3   2 
2027	6  30  23 
2029	6  21  14 
2027	6  44  43 
2035	6  14   0 
2035	2  37  39 
2035	2   9  18 
2037	2  26  47 
2039	2  35  38 
2041	2  28  14 
2041	2  37  39 
2037	2  17  16 
2039	2   9  18 
2041	2   9  18 
2039	6  27  13 
2043	2   2  23 
2043	6  44  39 
2045	2  27  34 
2045	2  28  14 
2047	2  28  14 
2045	2   5  17 
2047	2  18  20 
2047	6  23   9 
2049	2  26  47 
2051	2  18  20 
2049	2  37  44 
2053	6  33  25 
2053	2   2   9 
2055	2   2   9 
2057	2  15   9 
2059	6  36  23 
2065	2  36  42 
2065	2   5  17 
2067	6  25  23 
2067	2  36  42 
2069	2  36  42 
2067	6  10   8 
2065	6  28  21 
2051	6  47  46 
2059	6  47  34 
2065	2  27  34 
2067	2  27  34 
2069	2  27  34 
2071	6  46  44 
2073	2  10  23 
2075	2  18  20 
2073	2   0   8 
2075	2   0   8 
2075	6   3   2 
2077	2   0   8 
2079	2  14   0 
2077	2  25  19 
2079	2  25  19 
2075	6  31  30 
2077	6  43  35 
2081	2  10  23 
2081	2  14   0 
2081	2  25  19 
2077	6  47  45 
2083	6  45  37 
2083	2  10  23 
2085	2  19   4 
2087	2  19   4 
2083	2  14   0 
2085	2  16  23 
2087	2  16  23 
2083	6  40  34 
2085	6   2   1 
2089	2  45  40 
2089	2  25  24 
2085	6  29  28 
2089	6  20  11 
2091	2  15   9 
2091	2  45  40 
2093	2  21   8 
2095	2  19   4 
2093	2  45  40 
2095	2  31  37 
2095	2  16  23 
2095	6   7   1 
2097	2  11   3 
2097	2  33  47 
2097	2  30  44 
2099	2  43  38 
2101	2  31  37 
2099	2  33  47 
2101	2  33  47 
2099	2  11   3 
2101	2  10  13 
2099	6  28  22 
2103	2   5  17 
2103	2  43  38 
2105	6  18  12 
2105	2  30  44 
2105	2  15   9 
2107	2  14  15 
2107	2  31  37 
2109	2  30  44 
2111	2   7  22 
2105	2  47  46 
2111	2  12   5 
2107	2  47  46 
2109	2  47  46 
2113	2  12   5 
2115	2  11   3 
2113	2   7  22 
2115	2   7  22 
2117	2  12   5 
2117	2  14  15 
2117	2  29  37 
2119	2  17  22 
2121	2  14  15 
2121	2  25  24 
2119	2  36  44 
2121	2  29  37 
2103	6  27  20 
2117	6   3   2 
2109	6  33  27 
2123	2  25  24 
2123	2  36  44 
2115	2  39  33 
2125	2  23  24 
2117	2  39  33 
2119	2  39  33 
2125	2  29  37 
2121	2  33  39 
2123	2  33  39 
2125	2  33  39 
2127	6  30  17 
2119	6  13   5 
2133	6  30  28 
2133	2  10   5 
2135	2  10   5 
2137	2  17  18 
2123	6  15  14 
2127	6  45  43 
2127	6  32  26 
2129	6  14   7 
2133	6  26  20 
2133	6  45  40 
2139	6  32  30 
2139	2  17  18 
2145	2  28  22 
2141	2  17  18 
2145	2  40  25 
2139	6  45  43 
2137	6   5   3 
2135	6   7   0 
2143	6   9   2 
2147	2  32  30 
2147	2   5  20 
2145	6  43  42 
2149	2  32  30 
2149	2   5  20 
2149	2  21   8 
2151	6  45  43 
2151	2  32  30 
2151	2  21   8 
2153	2  28  22 
2157	2  46  37 
2153	2  32  26 
2155	2  32  26 
2157	2   5  20 
2155	2  23  24 
2157	2  23  24 
2157	2  28  42 
2153	6   9   7 
2159	6  27  13 
2159	2   3  18 
2161	2   3  18 
2159	2  30  14 
2161	2  30  14 
2163	2  30  14 
2163	2   3  18 
2159	6  46  45 
2165	6  31  10 
2171	2  32  26 
2173	2  38  31 
2165	2  14  21 
2171	2   8   3 
2167	2  28  42 
2171	2  13   5 
2169	2  28  42 
2173	2  13   5 
2171	2  23  22 
2175	2  38  31 
2173	2   8   3 
2171	2  36  44 
2173	2  23  22 
2175	2  19  16 
2177	6  30   9 
2177	2  13   5 
2183	2  38  31 
2177	2  14  21 
2183	2  10   4 
2179	2  14  21 
2183	2  23  22 
2165	6  47  46 
2171	6  47  41 
2185	2  10   4 
2179	2  41  20 
2185	2  46  38 
2187	2  24  17 
2187	2  41  20 
2187	2  45  37 
2187	2   8   3 
2173	6  43  42 
2179	6  42  35 
2185	6  35  28 
2189	2  10   4 
2189	2  40  25 
2189	2  45  37 
2189	6  14   7 
2191	2  41  20 
2193	2  27  20 
2193	2  40  25 
2191	2   2  10 
2193	2   2  10 
2189	6  23  22 
2195	6  47  41 
2195	2  19  16 
2195	2  32  39 
2197	2  19  16 
2197	2  32  39 
2199	2   4  16 
2199	2  32  39 
2199	2  26  19 
2201	6  29   8 
2201	2  26  19 
2201	2  24  17 
2203	2  25  11 
2203	2  27  20 
2205	2  25  11 
2205	2  27  20 
2191	6  45  44 
2201	6  45  40 
2207	6  40  34 
2207	2  30  45 
2209	2  28  14 
2207	2  25  11 
2209	2  24  17 
2211	2  30  45 
2211	2   2  10 
2209	2  26  19 
2211	6  20  13 
2213	2  47  31 
2213	2  28  14 
2215	2   4  16 
2215	2  46  38 
2215	6  33  32 
2221	2  34  20 
2217	2  30  45 
2219	2   4  16 
2221	2  21  22 
2219	2  46  38 
2221	6  36  30 
2223	2  21  22 
2225	2  21  22 
2223	2  34  20 
2225	2  34  20 
2221	6  10   5 
2221	6  39  25 
2227	6  22  14 
2227	2  47  31 
2227	2   9  10 
2229	2   9  10 
2229	2  47  31 
2231	2   9  10 
2231	2  34  33 
2231	2  47  46 
2231	2  24  19 
2213	6   1   0 
2231	6  38  37 
2233	2  28  22 
2237	2  22  37 
2233	2  47  46 
2239	2  28  35 
2233	2  11  25 
2235	2  11  25 
2241	2  28  35 
2239	2  39  45 
2237	2  34  33 
2241	2  47  46 
2237	2  10  17 
2243	2  28  35 
2239	2  10  17 
2241	2  18  15 
2243	2  32  30 
2243	2  10  17 
2243	6   8   2 
2245	2  32  30 
2245	2  28  21 
2247	2  32  30 
2247	2  28  21 
2243	6  12   4 
2243	6  27  20 
2243	6  47  41 
2241	6  44  43 
2245	6  17  16 
2249	2  28  21 
2249	2   4   2 
2249	2  34  33 
2251	2  11  25 
2251	2  22  37 
2253	6  19  17 
2253	2  39  45 
2253	2  34  33 
2255	2  22  37 
2253	2   4   2 
2257	2  39  45 
2259	2  24  17 
2259	2  19  13 
2261	2  24  17 
2263	2  24  17 
2261	2  19  13 
2255	2   4   2 
2263	2  19  13 
2255	2  34  33 
2265	2  24  17 
2257	2  34  33 
2265	2  12  26 
2267	2  24  17 
2267	2   5   4 
2269	2   5   4 
2271	2  12  26 
2273	2  12  26 
2275	2   5   4 
2257	2  30  36 
2259	2  30  36 
2261	2  30  36 
2277	6  20   4 
2257	6  21   8 
2263	6  35  21 
2269	2  43  35 
2271	2  43  35 
2273	2  43  35 
2259	6  40  39 
2263	6   8   1 
2265	6  39  38 
2275	6  44  35 
2269	6  23   8 
2275	2  32  23 
2277	2  32  23 
2279	2  32  23 
2281	2  22  23 
2283	6  39  26 
2283	2  22  23 
2285	2  22  23 
2275	6  14   7 
2281	6  37  36 
2281	6   9   8 
2287	2   4   9 
2289	6  31  23 
2289	2   4   9 
2291	2   4   9 
2289	2  20  41 
2291	2  26  27 
2293	2  26  27 
2295	2  18  15 
2295	2  39  44 
2287	6  35  28 
2297	6  18  10 
2297	2   8  23 
2299	2   8  23 
2301	2   8  23 
2297	2  26  27 
2297	2  39  44 
2299	2  39  44 
2297	6  28  21 
2299	6  27  13 
2305	2  13  12 
2305	2  18  26 
2303	6  21   9 
2307	2  13  12 
2309	2  13  12 
2307	2  27  40 
2309	2  27  40 
2309	2  29  21 
2309	2   2   9 
2301	6  45  38 
2307	6  31  25 
2311	2  27  40 
2311	2  29  21 
2311	2   2   9 
2307	6  45  43 
2311	6  13   5 
2313	2   2   9 
2315	2  16   2 
2317	2  16   2 
2313	2  32  37 
2315	2  18  26 
2315	2  29  21 
2317	2  20  41 
2309	6   7   0 
2315	6  46  45 
2319	2  20  41 
2319	2  10  15 
2317	6  36  28 
2321	2  18  26 
2323	2  14  28 
2323	2  34  27 
2321	2  10   3 
2323	2  10   3 
2321	2  23  38 
2323	2  32  37 
2319	6   1   0 
2323	6  19  12 
2325	2  16   2 
2325	2  34  27 
2327	2  34  27 
2325	2  36  31 
2327	2  10   3 
2327	2  23  38 
2327	2  14  28 
2329	6  46  33 
2329	2  14  28 
2331	2  21  22 
2333	2  21  22 
2329	2   3   9 
2331	2   4   1 
2333	2   4   1 
2329	6  20  13 
2329	6  30  24 
2331	6  43  35 
2335	2   4   1 
2335	2  21  22 
2335	2  33  20 
2337	6  12   5 
2337	2   3   9 
2339	2   3   9 
2343	2  12  18 
2345	2  12  18 
2337	2   0  14 
2339	2   0  14 
2337	2  32  37 
2341	2   0  14 
2339	2  23  38 
2341	2  37  44 
2343	2  36  31 
2347	2  12  18 
2345	2  36  31 
2347	2  43  36 
2347	2  16  31 
2337	6  41  27 
2343	6  27  20 
2349	6  15   8 
2349	2  37  44 
2351	2  37  44 
2353	2  43  36 
2349	2  33  27 
2351	2  33  27 
2355	2  43  36 
2353	2  40  27 
2355	2  40  27 
2357	2  44  43 
2349	2  24  11 
2351	2  24  11 
2357	2  19  32 
2353	2  10  17 
2355	2  10  17 
2357	2  10  17 
2353	6   5   4 
2347	6  28  21 
2355	6   8   2 
2359	2  40  27 
2359	2  24  11 
2359	2  44  43 
2355	6  22  21 
2361	6  31  22 
2367	2  30  38 
2361	2   4   2 
2363	2   4   2 
2365	2   4   2 
2367	2  24  25 
2361	2  44  43 
2367	2  11   4 
2369	6  18  17 
2369	2  30  38 
2371	2  30  38 
2373	2  38  41 
2369	6  20   5 
2367	6  28  15 
2373	6  15   0 
2375	2   3  10 
2377	2   3  10 
2375	2  31  26 
2377	2  19  32 
2379	6  27  19 
2379	2  24  25 
2379	2  11   4 
2381	2   3  10 
2379	2  16  22 
2381	2  23   8 
2383	2  11   4 
2383	2  23   8 
2373	6  35  28 
2379	6  40  33 
2375	6  45  44 
2385	2  27  32 
2381	2  44  35 
2383	2  44  35 
2385	2  16  22 
2387	2  23   8 
2389	2  36  39 
2385	6  10   3 
2379	6  13   6 
2387	6  27  20 
2391	2  44  35 
2391	2  24  25 
2389	6  16  15 
2393	2  31  26 
2391	6   4   2 
2395	2  31  26 
2393	6  46  44 
2397	2  22  23 
2399	2  36  39 
2401	2  38  41 
2401	2  22  23 
2397	2   2   8 
2397	2   6   4 
2399	2   6   4 
2401	2   6   4 
2399	2   2   8 
2401	2   2   8 
2403	6  18   9 
2403	2  31  30 
2405	2  31  30 
2407	2  22  23 
2409	2  31  30 
2409	2  18  19 
2411	2  25  12 
2403	2  35  44 
2405	2  35  44 
2413	2  25  12 
2407	2  35  44 
2411	6  30  23 
2415	2  18  19 
2403	6  46  40 
2409	6  21  15 
2415	2  35  21 
2409	6  46  44 
2409	6   3   1 
2417	2  18  19 
2415	2   3   5 
2417	2  36  39 
2417	2   3   5 
2419	6  31  16 
2425	2  37  32 
2419	2   3   5 
2421	2  11   5 
2423	2  11   5 
2425	2  17  15 
2403	6  34  27 
2419	6  27  20 
2425	6   2   0 
2427	2  25  12 
2429	2  17  15 
2431	2  35  21 
2431	2  11   5 
2431	2  33  31 
2433	6  37  25 
2433	2  40  34 
2435	2  40  34 
2437	2  40  34 
2433	6   4   2 
2431	6   7   0 
2429	6  20  13 
2437	6  22  14 
2439	2  37  45 
2441	2  37  45 
2439	2  25  32 
2443	2  38  41 
2445	2  25  32 
2443	2  35  21 
2439	2   4   6 
2441	2   4   6 
2443	2   4   6 
2445	2  44  29 
2445	2   5   4 
2439	6  17   9 
2445	2   9  15 
2445	6  41  27 
2447	2  23  10 
2449	2   8   9 
2449	2  44  29 
2449	2   5   4 
2447	6  39  32 
2451	2  23  10 
2453	2  19  25 
2453	2  15  16 
2455	2  19  25 
2457	2  19  25 
2453	2   5   4 
2451	2  37  45 
2455	2  23  10 
2457	2  15  16 
2453	2  46  41 
2457	2  44  29 
2459	6  32  17 
2465	6  47  31 
2465	2  15  16 
2465	2  27  11 
2467	2  27  11 
2469	2   8   9 
2469	6  13   4 
2471	2   8   9 
2475	2   3   4 
2471	2  18  17 
2477	2   3   4 
2473	2  18  17 
2471	2  34  32 
2473	2  34  32 
2475	2  34  32 
2475	2  18  17 
2477	2  46  41 
2477	2  26  24 
2459	6  44  43 
2473	6   9   1 
2459	6  28  21 
2473	6  14   7 
2465	6  43  35 
2471	6  29  22 
2477	2  35  29 
2479	6   7   1 
2479	2  33  47 
2481	2  44  39 
2481	2  27  11 
2479	2  35  29 
2481	2  35  29 
2483	2  26  24 
2483	2  44  39 
2485	2  33  47 
2485	2  30  38 
2487	2  26  24 
2487	2  44  39 
2483	2  28  35 
2489	2  46  41 
2483	2   3   4 
2485	2   1   4 
2489	2  36  24 
2487	2   1   4 
2489	2   1   4 
2491	6  25   9 
2491	2  28  35 
2493	2  28  35 
2491	2  47  41 
2493	2  47  41 
2495	2  47  41 
2491	2  30  38 
2497	2  40  25 
2499	2  40  25 
2493	2  30  38 
2491	6  12   6 
2495	6  43  37 
2495	6  22  14 
2497	6   6   4 
2501	2  29  32 
2503	6  46  34 
2503	2  36  24 
2509	2  29  32 
2501	6  14   7 
2507	2   2   7 
2511	2  29  32 
2509	2   2   7 
2511	2   2   7 
2503	6  19  12 
2513	6  24  22 
2513	2  46  37 
2515	2  46  37 
2517	2  46  37 
2513	2  19  34 
2513	2   4   2 
2515	2   4   2 
2517	2   4   2 
2515	2  19  34 
2517	2  19  34 
2513	6   7   0 
2519	2  36  22 
2519	2  40  25 
2519	2   0   3 
2521	2   0   3 
2523	2   0   3 
2521	2  24  26 
2523	2  24  26 
2525	2  24  26 
