   1	6  23   9 
   1	2   6  19 
   3	2  32  26 
   5	2  32  26 
   3	6  19  12 
   7	2  27  29 
   7	2   3   2 
   9	6  28  16 
   9	2   3   2 
   9	2   6  12 
  11	2   3   2 
  15	2   9   4 
   9	2  32  26 
  15	2  34  20 
  17	2  15  21 
  19	2  34  20 
  11	2   6  12 
  21	2  34  20 
  23	2   1  13 
  19	2  23  16 
  21	2   9   4 
  23	2  15  21 
  23	2  28  33 
  11	6  31  24 
  21	6  23  17 
  25	2  24  14 
  27	2  24  14 
  29	2   1  13 
  31	2   1  13 
  29	2   9   4 
  33	2  13  12 
  25	2  28  33 
  27	2  28  33 
  29	2  27  29 
  31	2  27  29 
  29	2  17  16 
  31	2  17  16 
  33	2  15  21 
  33	2   4  17 
  29	6  31  25 
  33	6  35  33 
  35	2  15  16 
  37	2  24  14 
  39	2  20  32 
  41	2  13  12 
  41	2  15  16 
  35	6   5   4 
  41	6   4   2 
  43	2  20  32 
  45	2  20  32 
  39	6  28  23 
  43	6  24  18 
  47	2  15  16 
  47	2   7   2 
  47	6  28  26 
  49	2   5  17 
  51	2   5  17 
  49	2   7   2 
  51	2   7   2 
  53	6  18   0 
  53	6   9   4 
  53	6  17  11 
  53	6  29  21 
  53	6  33  32 
  59	2  17  35 
  61	2  17  35 
  59	2  13  12 
  59	2  32  24 
  61	2  19  26 
  59	2   0   2 
  61	2   0   2 
  63	6  11   4 
  63	2  14  21 
  65	2  14  21 
  69	2  17  35 
  63	2  32  24 
  65	2  32  24 
  67	2  19  26 
  69	2  19  26 
  63	2   0   2 
  65	6   7   6 
  71	2  24   6 
  73	2  24   6 
  75	2  24   6 
  71	6  28  10 
  77	2   2   6 
  79	2   2   6 
  81	2   2   6 
  77	2  10  11 
  79	2  10  11 
  81	2  10  11 
  83	2  10   5 
  85	2  10   5 
  77	2  25  28 
  79	2  25  28 
  81	2  25  28 
  83	2  23  28 
  85	2  23  28 
  83	6  25   7 
  87	2  23  28 
  89	2  33  23 
  91	2  14  21 
  93	2  27  25 
  87	2  10   5 
  91	2  11  17 
  93	2   3   7 
  95	2   3   7 
  97	2   3   7 
  93	2  11  17 
  99	2   3   7 
  95	2  33  23 
  97	2  11  17 
 101	2  17  10 
  97	2  27  25 
  99	2  27  25 
 101	2  21  14 
 101	2  24  25 
 101	6  35  33 
 103	2  21  14 
 105	2  15  20 
 107	2  21  14 
 107	2  35  23 
 103	2  24  25 
 105	2  24  25 
 101	6  12   1 
 107	6  32  24 
 109	2  15  20 
 111	2  17  10 
 107	6   7   1 
 109	6  28  22 
 113	2   3   1 
 115	2  23  11 
 115	2   3   1 
 117	2   3   2 
 115	2  33  27 
 117	2  33  27 
 113	2  12  24 
 115	2  12  24 
 113	2  15  20 
 117	2  12  24 
 117	2  17  10 
 119	2  33  27 
 119	2  13  15 
 119	2   3   2 
 121	2   3   2 
 121	2  33  32 
 119	2  23  11 
 121	2  13  15 
 121	2  23  11 
 123	6  22   9 
 123	2  33  32 
 129	2   4   9 
 129	2  21  27 
 131	2  21  27 
 133	2  21  27 
 123	2  12   7 
 125	2  12   7 
 127	2  12   7 
 129	2  12  25 
 131	2   4   9 
 131	2  12  25 
 133	2   4   9 
 133	2  12  25 
 135	6  24  19 
 141	2   7  20 
 143	2   1   4 
 135	2  33  32 
 145	2   1   4 
 147	2   1   4 
 143	2  22  26 
 149	2   3   1 
 151	2   3   1 
 145	2  22  26 
 153	2   3   1 
 147	2  22  26 
 149	2  19  26 
 151	2  19  26 
 149	2  16  22 
 151	2  16  22 
 153	2  16  22 
 153	2  19  26 
 149	6  34  33 
 155	2  16   9 
 155	2   7  20 
 141	6  30  24 
 149	6  31  30 
 155	2  33  31 
 155	6   5   4 
 157	2  13  15 
 157	2  33  31 
 159	2   7  20 
 161	2  21  14 
 163	2  15  11 
 165	2  16   9 
 167	2  15  11 
 169	2  15  11 
 159	2  33  31 
 161	6  12   0 
 167	2   2   0 
 169	2   2   0 
 171	2  16   9 
 167	6  19  13 
 161	6  33  31 
 167	2  33  29 
 169	2  33  29 
 171	2  33  29 
 167	6  31  24 
 173	2  21  14 
 175	2  21  14 
 173	2  10  16 
 173	2  24  12 
 175	2  24  12 
 177	2  24  12 
 175	2  10  16 
 177	2  10  16 
 173	2  33  35 
 175	2  33  35 
 177	2  33  35 
 171	6   1   0 
 177	2   2   1 
 179	6  29  17 
 179	2   9   7 
 181	2   9   7 
 183	2   9   7 
 185	2   3   7 
 179	2  26  24 
 181	2  26  24 
 183	2  26  24 
 185	2  19  24 
 185	6  32  22 
 187	2   3   7 
 191	2  29  22 
 193	2  29  22 
 189	2   3   7 
 191	2   9   1 
 193	2   9   1 
 187	2  19  24 
 195	2   9   1 
 191	2  33  26 
 195	2  29  22 
 193	2  33  26 
 195	2  19  24 
 191	6  17  11 
 197	6  24  12 
 197	2  33  26 
 197	2   3   9 
 199	2   3   9 
 201	2   3   9 
 197	6  29  17 
 203	6  15  13 
 203	2  32  24 
 205	2  32  24 
 207	2  32  24 
 203	6  35  29 
 203	6  11   4 
 209	6  26  12 
 209	6   4   3 
 209	6  17  11 
 209	6  35  34 
 209	6  22  15 
 215	6   3   2 
 215	2  15  14 
 215	2  27  32 
 221	2   6   2 
 217	2  15  14 
 217	2  27  32 
 223	2   6   2 
 215	2  25  24 
 225	2   6   2 
 217	2  25  24 
 219	2  25  24 
 219	2  15  14 
 221	2  26  34 
 223	2  26  34 
 219	2  22  17 
 221	2  22  17 
 223	2  22  17 
 225	2  23  20 
 221	6   5   4 
 227	2  23  20 
 227	2   7   1 
 225	6  34  33 
 229	2  23  20 
 229	2   7   1 
 231	6  19  15 
 231	2   7   1 
 231	2  27  32 
 233	2  27  32 
 235	2  27  32 
 227	6   4   3 
 233	2  11   4 
 235	2  11   4 
 237	6  24  18 
 237	2  22  29 
 237	2  20  13 
 237	2  11   4 
 239	2  17  35 
 241	2  22  29 
 243	2  12   0 
 241	2  26  33 
 243	2  22  29 
 241	6  10   4 
 245	2  12   0 
 245	2  22  23 
 245	2  27  32 
 237	6   8   2 
 245	2  15   8 
 247	6   3   1 
 247	2  17  35 
 247	2  20  13 
 249	2  17  35 
 249	2  20  13 
 251	2  20  27 
 251	2  29  35 
 253	6   4   3 
 253	2  22  23 
 253	2  20  27 
 255	2  22  23 
 257	2  29  35 
 255	2  20  27 
 253	2   6   1 
 255	2   6   1 
 257	2   6   1 
 257	6  25  21 
 259	2  29  35 
 259	2  12   0 
 261	6  29  23 
 263	2  12  19 
 263	2  16  21 
 265	2   0  13 
 265	2  16  21 
 259	6   3   2 
 267	6  29  17 
 267	2  12  19 
 267	2  15   8 
 269	2  15   8 
 271	2  15  14 
 269	2  12  19 
 263	6  33  31 
 271	6  24   6 
 273	2  16  21 
 275	2  21  11 
 277	2  23  10 
 279	2  23  10 
 281	2   8  22 
 283	2  21  11 
 285	2  21  11 
 277	2  24  25 
 279	2  24  25 
 283	2  29  34 
 285	2  29  34 
 281	2  24  25 
 283	2  25  32 
 285	2  25  32 
 283	6  12   2 
 287	2  25  32 
 287	2  29  34 
 287	6  17  16 
 289	2   0  13 
 293	2  23  10 
 295	2  17  29 
 291	2   0  13 
 295	2  15  14 
 293	2   7   0 
 297	2  10   2 
 289	2  24  26 
 299	2  15  14 
 299	2  17  29 
 291	2  24  26 
 293	2  24  26 
 295	2  25  19 
 299	2   7   0 
 297	2  18  12 
 299	2  18  12 
 295	6  32  27 
 301	2  25  19 
 301	2   8  22 
 303	6  15  13 
 303	6  34  32 
 309	2  25  19 
 309	2   8  22 
 311	6  24  12 
 311	2  15  23 
 313	2  17  29 
 315	2   5  17 
 317	2  10   2 
 319	2   7   0 
 313	2  26  21 
 317	2  18  24 
 315	2  26  21 
 317	2  27  29 
 319	2  26  21 
 319	2   5  17 
 321	2  15  23 
 323	2  10   2 
 323	2  21  20 
 325	2  21  20 
 321	2  13  12 
 325	2   5  17 
 323	2  13  12 
 325	2  13  12 
 319	6  35  34 
 321	6  32  24 
 327	6  18  14 
 327	2  32  34 
 329	2  32  34 
 331	2  32  34 
 327	6   6   0 
 327	6  23  11 
 333	6  28  17 
 339	2  27  29 
 339	2  16  14 
 333	6  31  18 
 333	6   6   1 
 339	2  18   6 
 333	6   4   3 
 341	2  16  14 
 341	2  32  31 
 343	2  16  14 
 345	2  22  16 
 343	2  32  31 
 341	2  18   6 
 345	2  32  31 
 345	2  14   9 
 343	2  18   6 
 345	6  18   6 
 347	2  14   9 
 347	2  34  23 
 349	2  34  23 
 349	2  14   9 
 351	6  35  32 
 351	2  12   7 
 357	2  35  28 
 359	2  34  23 
 353	2  12   7 
 355	2  12   7 
 361	2  35  28 
 361	2  32  18 
 361	2  15  11 
 351	6   3   2 
 363	6  25  14 
 363	2  22  16 
 365	2  22  16 
 367	2  10  16 
 367	2  35  28 
 357	6   2   1 
 363	2   1   6 
 369	2  14   9 
 369	2  11   5 
 369	2  32  18 
 371	6  22   4 
 371	2   1   6 
 373	2   1   6 
 375	2   6  13 
 371	6  24  18 
 377	6  19  15 
 383	2  23  15 
 383	2   6  13 
 385	2  14   9 
 377	2  11   5 
 379	2  11   5 
 383	2  32  24 
 385	2  27  29 
 385	6  18   6 
 387	2  23  15 
 389	2  21  20 
 391	2  18  13 
 391	2  23  15 
 387	2  32  31 
 389	2  32  31 
 391	2  32  31 
 387	2   2   4 
 393	2  24  19 
 389	2   2   4 
 393	2   6   8 
 393	2  10  16 
 395	2  35  23 
 395	2   2   4 
 397	2  10  16 
 399	2  11  10 
 399	2  35  23 
 393	2  26  27 
 395	2  26  27 
 395	2  24  19 
 397	2  24  19 
 399	2  20  19 
 401	2  26  27 
 401	2  18  24 
 401	2  35  23 
 397	2   6   8 
 401	2  14   9 
 403	6  25  21 
 403	2  11  10 
 409	2  29  28 
 409	2  20  19 
 411	2  18  24 
 411	2  29  28 
 413	2  20  19 
 413	2  29  28 
 403	2   6   8 
 405	2   8   3 
 407	2   1   6 
 407	2   4   9 
 409	2   8   3 
 415	2  21  34 
 411	2   4   9 
 417	2  21  34 
 413	2   4   9 
 411	2   1   6 
 415	2  11  10 
 413	2   1   6 
 415	2  13  12 
 417	2  13  12 
 419	2  18  24 
 419	2  21  34 
 415	2   8   3 
 417	6   5   2 
 421	2  34  27 
 423	2  15  21 
 421	2  13  12 
 423	2   2   6 
 421	6  31  24 
 425	2   8  14 
 427	2   2   6 
 425	2  34  27 
 427	2  15  21 
 427	6  35  32 
 429	2  15  21 
 431	2   8  14 
 433	2  32  19 
 435	2  34  27 
 435	2   8  14 
 435	2  12  25 
 423	6  17   5 
 429	6   1   0 
 429	6  10   3 
 435	6  23  10 
 437	2  32  19 
 439	2  12  25 
 441	6  21   8 
 441	6  11   4 
 441	6  24  12 
 447	6   7   3 
 453	2   2   6 
 453	2  14  15 
 455	2  14  15 
 447	2  23  35 
 449	2  23  35 
 451	2  23  35 
 457	2  16   3 
 455	2  12   0 
 457	2  12   0 
 447	2  24  25 
 449	6  27  25 
 459	2  12   0 
 459	2  16   3 
 455	6  31  24 
 455	6  27  26 
 455	6  35  34 
 461	2  18   7 
 463	2  18   7 
 465	2  12  13 
 467	2  12  13 
 461	2  27  17 
 463	2  27  17 
 469	2  12  13 
 465	2  27  17 
 467	2  17  21 
 469	2  17  21 
 471	2  20  13 
 461	2   4   9 
 463	2   4   9 
 465	2   8   2 
 467	2   4   9 
 469	2   8   2 
 473	2  20  13 
 471	2  16   3 
 473	2   3  10 
 473	2  29  23 
 475	6  24   6 
 475	2  14  15 
 475	2  34  27 
 475	2   3  10 
 477	2  34  27 
 481	2  32  19 
 483	2  20  13 
 477	2   3  10 
 483	2  24  25 
 481	2   6   0 
 483	2   6   0 
 485	2  24  25 
 475	2  29  23 
 485	2   6   0 
 481	2   8   2 
 477	2  29  23 
 479	2  16  28 
 481	2  16  28 
 483	2  16  28 
 485	2  17  21 
 483	6   3   2 
 487	2  24  25 
 487	2  34  27 
 487	2  17  15 
 489	6  27  23 
 489	2   3  10 
 491	2   3  10 
 493	2   3  10 
 495	2  17  15 
 489	2  18   7 
 491	2   7  19 
 493	2  31  25 
 495	2   2   6 
 495	2  24  32 
 497	2   7  19 
 497	2  16  34 
 499	6  23  11 
 499	2   2   6 
 501	2  27  14 
 503	2   7  19 
 505	6  29  26 
 505	2   2   6 
 505	2   4  11 
 507	2   4  11 
 509	2   4  11 
 507	6  12   8 
 511	2  23  35 
 511	2  31  25 
 513	6   1   0 
 513	2  18  12 
 513	2  23  35 
 513	2  27  14 
 515	2  23  35 
 513	2  31  25 
 517	2  29  23 
 515	2  27  14 
 515	2  18  12 
 517	2  24  32 
 517	6  21   9 
 519	2  18  12 
 521	2  24  32 
 523	2  17  15 
 523	6  35  32 
 525	2  14   7 
 527	2  13   2 
 529	6  12   1 
 529	2  16  34 
 531	2  21  26 
 531	2   3   9 
 533	2   3   9 
 535	2  13   2 
 533	2  21  26 
 531	2  29  23 
 533	2  29  23 
 535	2  21  26 
 535	6  34  23 
 537	2  13   2 
 537	2  21  15 
 539	2   3   9 
 539	2  14   7 
 541	6  23  11 
 541	2  21  15 
 543	2  14   7 
 545	2  21  15 
 537	6  32  25 
 543	2  32  34 
 547	2  16  11 
 545	2  25  12 
 547	2  25  12 
 545	6  34  33 
 551	2  35  23 
 549	2   4  11 
 551	2   4  11 
 549	2   2  14 
 551	2  25  12 
 551	6  14   8 
 557	2   2   8 
 553	2  24  27 
 559	2   2   8 
 555	2  35  23 
 555	2  32  33 
 557	2  16  10 
 559	2   4  11 
 557	2  32  33 
 557	2  25  20 
 559	2  35  23 
 559	2  25  20 
 555	6  12   0 
 561	2   1   0 
 561	2  28  14 
 561	6  32  31 
 563	2   1   0 
 563	2  28  14 
 565	2  11  23 
 565	2   1   0 
 567	6  35  22 
 567	2  25  20 
 567	2   6   1 
 569	2  20  13 
 571	2  20  13 
 573	2  20  13 
 573	2  16  10 
 569	6   2   0 
 567	6  33  32 
 573	6  33  29 
 575	2   2   4 
 577	2   6   1 
 579	2   9  22 
 579	2   6   1 
 573	6  31  24 
 575	6  20  19 
 581	6  12   1 
 581	2  16  10 
 581	2  31  27 
 583	2  29  17 
 585	2  29  17 
 583	6  33  31 
 587	2   0   6 
 587	2  11  23 
 583	6  20  15 
 589	2   0   6 
 589	2   9  22 
 591	2   2   4 
 593	2   2   4 
 589	2  18  31 
 591	2  33  27 
 591	2   0   6 
 591	2  18  31 
 593	2   6   0 
 595	2   6   0 
 593	2  18  31 
 591	2  29  17 
 593	2  16  17 
 595	2  28  14 
 595	2   3  10 
 597	6  24  12 
 597	2   3  10 
 597	2  14  15 
 599	2   3  10 
 601	2  11  23 
 599	2  14  15 
 601	2  14  15 
 597	6  27  26 
 603	6   4   3 
 603	2  27  28 
 605	2  31  33 
 609	2   9  22 
 603	2   7  12 
 607	2  20  25 
 605	2   7  12 
 607	2   7  12 
 609	2   6   0 
 609	2  31  33 
 609	6  19  13 
 611	2  16  17 
 613	2  16  17 
 611	2  27  28 
 613	2  27  28 
 611	6   9   2 
 615	2  28  29 
 615	2  11  17 
 617	2  21  15 
 619	2  20  25 
 617	2  12   2 
 617	2  11  17 
 619	2  13   7 
 621	2  13   7 
 621	2  21  15 
 617	2  28  29 
 623	2  18  14 
 619	2  28  29 
 619	2  11  17 
 621	2  31  33 
 623	2  27  26 
 623	6   2   1 
 625	2  27  26 
 627	2  27  26 
 629	2   8  22 
 631	2  12   1 
 631	2  21  15 
 625	6  31  24 
 631	2  26  31 
 633	6  24  14 
 633	6  33  23 
 639	6  22   4 
 645	2   8   4 
 645	2  28  21 
 647	2   8   4 
 639	2  18  24 
 645	2  23  17 
 647	2  26  31 
 647	2  22  29 
 649	2  28  21 
 641	2  18  24 
 643	2  18  19 
 645	2  18  19 
 647	2  18  19 
 649	2  13   7 
 649	2  23  17 
 649	6  32  24 
 651	2  22  29 
 651	2  14   3 
 653	2   9  16 
 651	6   6   1 
 655	2   9  16 
 655	2  32  33 
 657	2  12   6 
 657	2  32  33 
 659	2  32  33 
 655	2  20  25 
 657	2  20  15 
 659	2  22  29 
 661	2  26  31 
 659	2  14   3 
 661	2  14   3 
 663	2  20  15 
 663	2   3   4 
 659	2  18   6 
 663	2  24  25 
 661	2  23  17 
 663	2   8   7 
 663	6  28  27 
 665	2  20  15 
 665	2   8   7 
 665	2   3   4 
 667	2  18   6 
 667	2  15  11 
 669	2  27  21 
 669	2  18   6 
 669	2   9  16 
 665	6  32  31 
 671	2  24  25 
 671	2  10  28 
 673	6   7   2 
 673	2  24  25 
 679	2   8   2 
 673	2  21  29 
 673	2  32  33 
 675	2  26  20 
 677	2  21  29 
 677	2  31  25 
 679	2  26  20 
 673	6  17  10 
 679	2  17  28 
 679	6  31  24 
 681	2  17  28 
 683	2   9  13 
 685	6  17  15 
 685	2  24  25 
 685	2   3   4 
 691	2   9  13 
 693	2   9  13 
 695	2  21  29 
 687	2  24  25 
 695	2  18   0 
 691	2  17  11 
 693	2  17  11 
 697	2  10   2 
 697	2  26  20 
 699	6  31  27 
 699	2  16  14 
 701	2  16  14 
 703	2  16  14 
 705	6   7   0 
 705	2  16  26 
 707	2  23  17 
 709	2  23  17 
 711	2  23  17 
 707	2  19  15 
 709	2  19  15 
 711	2  19  15 
 713	2   9  11 
 707	2  28  27 
 713	2  13  24 
 709	2  32  33 
 711	2  28  27 
 713	2  28  27 
 715	2  16  26 
 717	6  24  12 
 717	2  14  21 
 719	2  14  21 
 723	2  13  12 
 717	2  28  29 
 725	2  18   7 
 719	2  28  29 
 717	2  32  33 
 721	2  20  27 
 723	2  20  27 
 725	2  20  27 
 717	6  10   3 
 723	6  23  10 
 727	2  19   1 
 729	2  14  21 
 731	2  13  12 
 729	2  24  31 
 731	2  24  31 
 729	2   3   2 
 731	2   3   2 
 733	2  19   1 
 735	2  24  31 
 735	2   9  11 
 737	2   9  11 
 735	2  12  13 
 737	2  12  13 
 729	2  28  29 
 731	6  33  22 
 737	2  33  31 
 737	2  23  22 
 739	6  20  15 
 739	2  18   7 
 739	2  33  31 
 739	2  23  22 
 741	2  12  13 
 741	2  17  29 
 741	2  33  31 
 743	2  17  29 
 741	2   2   8 
 743	2   3   7 
 745	2  16  26 
 747	2  19   1 
 747	2  17  29 
 747	2  15   9 
 747	2  27  33 
 749	6  24  12 
 749	2  23  22 
 751	2  16  23 
 753	2  16  23 
 749	2   2   8 
 751	2   2   8 
 749	2  32  20 
 751	2  32  20 
 753	2  32  20 
 753	6   4   2 
 755	2  20  32 
 755	2  16  23 
 757	2  29  23 
 757	2  20  32 
 759	6  11  10 
 759	2  29  23 
 759	2  27  33 
 761	2  29  23 
 761	2  27  33 
 759	2  12   2 
 761	2  12   2 
 763	2  12   2 
 763	6  33  22 
 765	2   3   7 
 767	2   3   7 
 765	6  25  18 
 769	2  10   2 
 769	6  21  14 
 771	2  10   2 
 771	2  31  33 
 773	2  10   2 
 775	2  15   9 
 777	2   4  10 
 779	2   4  10 
 773	2  31  33 
 771	2  18   6 
 781	2   4  10 
 775	2  31  33 
 773	2  18   6 
 775	2  18   6 
 777	2  12  18 
 779	2  12  18 
 781	2  12  18 
 777	2  14   1 
 777	2  26  25 
 779	2  14   1 
 781	2  14   1 
 779	2  26  25 
 783	2  20  32 
 783	2   3   8 
 785	6  11   4 
 785	2  21  22 
 791	2  16  20 
 793	2  26  25 
 793	2  15   9 
 787	6  33  28 
 783	6   6   0 
 789	6   1   0 
 793	6  28  17 
 795	2   3   8 
 795	2  31  25 
 797	2   3   8 
 797	2  31  25 
 789	6  18  12 
 795	6  12   0 
 799	2  15  17 
 799	2  31  25 
 801	6  10   2 
 801	2  19  33 
 803	2  19  33 
 805	2  19  33 
 807	6  32  18 
 807	2  21  22 
 807	2   1   4 
 809	2   1   4 
 809	2  21  22 
 811	2   1   4 
 813	2   0   1 
 813	2  24  12 
 813	2  16  20 
 813	6  33  28 
 819	2  32  33 
 815	2   4  14 
 821	2  32  33 
 817	2   4  14 
 819	2  24  12 
 821	2   2  13 
 819	2  29  22 
 821	2  29  22 
 823	2  19  26 
 825	2  32  33 
 823	2   0   1 
 823	2  15  17 
 825	2  16  20 
 827	2  15  17 
 825	2  24  12 
 827	2  19  26 
 829	2  29  22 
 829	2  33  31 
 831	2  17  16 
 829	2   2  13 
 831	2   0   1 
 831	2  19  26 
 833	6  18   7 
 833	2  17  16 
 833	2  26  32 
 835	2  26  32 
 835	2  29  22 
 837	2  26  32 
 837	2  29  22 
 831	6   9   4 
 837	6  11   4 
 839	2  29  22 
 839	2  19   8 
 841	2  19   8 
 839	6   6   0 
 843	2  19   8 
 843	2  17  16 
 845	2  33  31 
 845	2   9  14 
 847	6  31  27 
 847	2  10   7 
 849	2  10   7 
 851	2  10   7 
 853	6  23  11 
 853	2   1   3 
 855	2   1   3 
 853	2  18  31 
 855	2  18  31 
 853	2  14  15 
 853	2  33  27 
 859	2  10  20 
 861	2  21   7 
 857	6  31  24 
 863	2  28  23 
 863	2   1   3 
 863	2  14  15 
 863	2  18  24 
 865	6   2   1 
 865	2  28  23 
 865	2  10  20 
 867	2  28  23 
 867	2  14  15 
 869	2  14  27 
 871	2   1  13 
 873	2  26  15 
 875	2  14  27 
 875	2  24  31 
 867	6  11   4 
 873	6  12   6 
 877	2  10  20 
 879	2   2  10 
 879	2  20  12 
 877	2  24  31 
 881	2   2  10 
 881	2  20  12 
 879	2  24  31 
 881	2  32  31 
 877	2  28  23 
 879	2  28  23 
 881	2  28  23 
 883	2  14  27 
 885	6  14   9 
 885	2  32  31 
 887	2  32  31 
 889	2  27  29 
 891	6  24  14 
 883	6   6   1 
 883	6  17  11 
 891	6  33  32 
 897	6  32  18 
 897	2  14   8 
 899	2   1   4 
 901	2   1   4 
 891	6  23  17 
 903	6  33  23 
 909	2  33  32 
 903	2  13  18 
 911	2  27  29 
 905	2   1   4 
 913	2  26  15 
 907	2   6   1 
 915	2  26  15 
 917	2  25  24 
 917	2  21   7 
 909	6  11   4 
 919	2  33  32 
 921	2  33  32 
 919	2  14   8 
 919	2   6   1 
 915	2   4   3 
 921	2  20  12 
 917	2   4   3 
 919	2   4   3 
 921	2   2  10 
 919	6  28  22 
 923	2  25  24 
 925	2  25  24 
 925	2  21   7 
 923	6  17  10 
 927	2  14   8 
 927	2  32  25 
 927	2   6   1 
 925	6  34  29 
 929	2  21  11 
 929	2  13  18 
 931	6  12   1 
 931	2  21  11 
 931	2  32  25 
 933	2   9   4 
 933	2  22  16 
 933	2  32  25 
 935	2  22  16 
 935	2   9   4 
 935	2  27  34 
 937	2  15   3 
 939	2  15   3 
 937	2  17  23 
 937	2  13  18 
 941	2   7  10 
 943	2   7  10 
 945	2   7  10 
 935	2  32  31 
 939	2  26  28 
 941	2  26  28 
 943	2  26  28 
 945	2  32  31 
 947	6   7   2 
 947	2  21  11 
 947	2  32  31 
 949	2  22  16 
 951	2  17  23 
 951	2  31  34 
 953	6  33  31 
 953	2  16   2 
 955	2  17  23 
 959	2  24  31 
 953	2  12  13 
 955	2  20   8 
 957	2  12  13 
 957	2  15   3 
 959	2  33  34 
 959	2  20   8 
 957	6  11   5 
 961	2  20   8 
 963	2  12  13 
 961	2  33  34 
 963	2  16   2 
 961	2  24  31 
 963	2  24  31 
 965	6   3   1 
 965	2  14  25 
 967	2  14  25 
 969	2  14  25 
 965	6  27  22 
 971	6  31  24 
 971	2   1   8 
 973	2   9   4 
 975	2  16   2 
 971	6  27  26 
 971	6  19  13 
 977	6  24  14 
 977	6  23  17 
 977	6  33  32 
 983	2  27  15 
 983	2  25  19 
 977	6   4   3 
 983	2   5   4 
 985	6  34  33 
 985	2   5   4 
 985	2  25  19 
 987	2  25  19 
 985	2  14   7 
 987	2   1   8 
 989	2  14   7 
 991	2  14   7 
 987	2   5   4 
 985	2  16  22 
 987	2  16  22 
 989	2  16  22 
 991	6  34  29 
 993	2  20  12 
 993	2   1   8 
 995	2  20  12 
 997	6  10   7 
 989	6  30  24 
 997	6  26  25 
1003	6  11   5 
1003	2  14   3 
1005	2   7  13 
1005	2  31  21 
1007	2   7  13 
1007	2  31  21 
1005	6   3   2 
1009	2   7  13 
1009	2  10  17 
1009	2  31  21 
1011	6  18   6 
1011	2  27  15 
1011	2  30  31 
1013	2  11  29 
1017	2  18  25 
1019	2  30  31 
1013	2  14   2 
1015	2  11  29 
1015	2  14   2 
1017	2  10  17 
1019	2  23  21 
1017	6   6   1 
1021	2  18  25 
1021	2  14  22 
1023	6   4   2 
1023	2  23  21 
1023	2  18  25 
1025	2  23  21 
1025	2  30  31 
1027	2  27  15 
1025	2  13  18 
1027	2  13  18 
1027	6  31  30 
1029	2   9   1 
1031	2   9   1 
1029	2  13  18 
1031	2  19  13 
1029	6  28  23 
1033	2  19  13 
1033	2   9   1 
1033	6  30  24 
1035	2  20  12 
1035	2  11  29 
1037	2  21   8 
1037	2   6  12 
1039	2  32  20 
1039	2   6  12 
1041	2   6  12 
1041	2  31  33 
1043	2  29  28 
1043	2  32  20 
1045	2  32  20 
1045	2  29  28 
1037	2  10  17 
1039	6  11   3 
1045	2   3   1 
1043	6  24  12 
1047	2  21   8 
1049	6  25  15 
1055	2  21   8 
1057	2   3   1 
1057	2  29  28 
1055	2  18  25 
1057	2  18  25 
1057	6  20  14 
1059	2  31  33 
1059	2   7  12 
1061	2  31  33 
1059	2  11  23 
1063	2  31  33 
1061	2   7  12 
1063	2  19  13 
1065	2  18  25 
1063	2   3   1 
1065	2  15   2 
1067	2   7  12 
1067	2  25  19 
1069	2  25  19 
1061	2  11  23 
1063	2  11  23 
1067	2  10   3 
1069	2  15   2 
1065	2  17  23 
1067	2  17  23 
1069	2  17  23 
1065	6  28  27 
1071	6  23  11 
1071	2  25  19 
1077	2  23  28 
1079	2  31  33 
1071	2  15   2 
1073	2   2   9 
1075	2   2   9 
1073	2  13  14 
1075	2  13  14 
1077	2   8   7 
1077	2  16  15 
1079	2  20  22 
1079	2   2   9 
1081	6  26  18 
1087	2  20  22 
1081	2   8   7 
1089	2  23  28 
1083	2   2   1 
1091	2  23  28 
1085	2   2   1 
1087	2  10   3 
1087	2   8   7 
1089	2   2   1 
1089	2  16  15 
1091	2  16  15 
1087	6  18  12 
1087	6  33  32 
1091	6   4   2 
1093	2  20  21 
1095	2  20  21 
1093	2  28  33 
1093	2  23  17 
1095	2  28  33 
1095	2  23  17 
1093	6  25  24 
1097	2  13  14 
1097	2  10   3 
1097	2  22  29 
1099	2  28  33 
1101	2  26  27 
1099	2  12   2 
1101	2  12   2 
1103	2  12   2 
1099	2  16  15 
1101	2  16  15 
1103	2  23  17 
1103	2  26  27 
1105	6  28  10 
1111	2  26  27 
1113	2  31  32 
1115	2  23  33 
1105	2  12  18 
1117	2  16  15 
1107	2  12  18 
1109	2  12  18 
1111	2   2   6 
1113	2   2   6 
1115	2   2   6 
1117	2   6   7 
1117	6  29  27 
1123	2  22  27 
1119	2  14   3 
1121	2   2   9 
1125	2  20  21 
1121	2   6   7 
1123	2  10   8 
1125	2   2   9 
1125	2  29  17 
1125	2   6   7 
1117	6  31  24 
1123	6  32  31 
1127	2  15  12 
1129	6  18   6 
1129	2  20  26 
1129	2   2   9 
1135	2   1   6 
1137	2   1   6 
1131	2  14   3 
1133	2  14   3 
1131	2  23  33 
1135	2  20  26 
1133	2  29  17 
1135	2  29  17 
1137	2  22  27 
1135	6  31  24 
1139	2  10   8 
1139	2  20  26 
1139	6  33  28 
1141	2  10   8 
1143	2   9  20 
1143	2   1   6 
1143	6  17  11 
1145	2  19  27 
1147	2  32  33 
1147	2   9  20 
1145	6   6   1 
1149	2  19  27 
1151	2  19  27 
1153	2  23  28 
1149	2   3  11 
1153	2   9  20 
1155	2  27  21 
1155	2   3  11 
1157	6  26  25 
1157	2  15  12 
1159	2  15  12 
1161	2   8  12 
1161	6  28  17 
1163	2   8  12 
1167	2  28  26 
1167	2  15  17 
1165	6   4   2 
1169	2  15  17 
1171	2  16  13 
1173	2  16  13 
1175	2  16  13 
1177	2  15  17 
1179	2  15  20 
1179	2   3  11 
1181	2  17   9 
1181	2  18  13 
1183	2  18  13 
1183	2  17   9 
1185	2   8  12 
1169	2  32  33 
1171	2  32  33 
1173	2  32  33 
1175	2  32  33 
1177	2  32  33 
1181	2  28  26 
1183	2  28  26 
1185	2  27  21 
1185	6  25  24 
1187	2  17   9 
1187	2  27  21 
1189	2  15  20 
1189	6   7   3 
1191	2  25  28 
1193	2  25  28 
1195	6  11   3 
1195	2  24   6 
1197	2  25  28 
1199	2  18  13 
1199	2  29  28 
1201	6  26  15 
1201	2  29  28 
1203	2  29  28 
1205	2  11  23 
1201	6   3   2 
1207	2   3  15 
1207	2  24   6 
1207	2  11  23 
1209	6  32  28 
1215	2  13  27 
1209	6   9   4 
1217	6  21  10 
1217	2   7  18 
1219	2  24   6 
1223	2  24  32 
1223	2  11  23 
1223	2   3  15 
1225	6  32  31 
1225	2   7  18 
1225	2  23  28 
1225	2   3  15 
1227	2  19  21 
1231	2  24  31 
1227	2   6   2 
1229	2   6   2 
1227	2  11  10 
1233	2  24  31 
1229	2  11  10 
1231	2   6   2 
1229	2  15  14 
1235	2  22  32 
1237	2  11  10 
1237	2  15  14 
1237	2  23  28 
1233	6  12   1 
1239	2  22  32 
1239	2   7  18 
1241	2  22  32 
1241	6   8   6 
1243	2  19  21 
1243	2  10  11 
1245	2  19  21 
1245	2  10  11 
1243	6  32  30 
1247	2  23  28 
1247	2  10  11 
1247	2  15  14 
1249	2  13  27 
1251	6  34  16 
1251	2  30  12 
1251	2  26  20 
1253	2  30  12 
1255	2  30  12 
1257	6  22  11 
1257	2   9  14 
1259	2   9  14 
1257	2   6  12 
1257	2  26  24 
1263	2   3  11 
1259	2  26  24 
1261	2  26  24 
1259	2   6  12 
1261	2   6  12 
1265	2   3  11 
1267	2   3  11 
1263	2  21  29 
1263	2  18   6 
1265	2  21  29 
1267	2  21  29 
1265	2  18   6 
1267	2  18   6 
1269	6  14  10 
1275	6  15   8 
1263	6  31  30 
1269	6  34  31 
1275	2  25  31 
1277	2  25  31 
1279	2  25  31 
1275	6  34  23 
1269	6  12   6 
1275	6  18  12 
1281	2  31  19 
1283	2  31  19 
1281	2   8   1 
1283	2   8   1 
1281	2  23  11 
1285	2   9  10 
1285	2  13  27 
1287	6   9   3 
1287	2  33  27 
1293	2   3   4 
1287	2  31  19 
1289	2   7  13 
1289	2  33  27 
1291	2   7  13 
1293	2  28  15 
1293	2   7  13 
1295	6  20   9 
1295	6  29  17 
1301	6  34  29 
1301	2  25  20 
1301	2  17  10 
1303	2   3   4 
1301	2   8   1 
1303	2  25  20 
1305	2   9   2 
1305	2  25  20 
1303	6   7   6 
1307	2   9   2 
1307	2  33  27 
1307	2  23  11 
1307	6  25  18 
1309	2   9   2 
1309	2  23  11 
1309	2  20  21 
1311	2  20  21 
1311	2   3   4 
1311	2  29  23 
1311	6   6   1 
1313	2  20  21 
1313	2  17  10 
1313	2  34  31 
1315	2  17  10 
1315	2  34  31 
1317	6  11   4 
1317	2  19   8 
1319	2  28  15 
1321	2  29  23 
1323	2  28  15 
1319	2  18   6 
1321	2  18   6 
1323	2  18   6 
1323	6   4   2 
1325	2  12   6 
1325	2  34  31 
1329	2  28  14 
1327	6  31  24 
1333	2  20  24 
1331	2  12   6 
1335	2  19   8 
1331	2  29  23 
1333	6  34  23 
1337	2  19   8 
1329	6   5   4 
1335	6  32  31 
1339	2  28  14 
1341	6  20  19 
1341	2   9  15 
1341	2  34  27 
1343	2  34  27 
1345	2  34  27 
1347	2  19  24 
1341	2   2   7 
1349	2  33  20 
1343	2   2   7 
1341	2  23  11 
1351	2  19  24 
1345	2   2   7 
1343	2  23  11 
1345	2  23  11 
1347	2   7   1 
1349	2   7   1 
1351	2  12   6 
1351	2  21   8 
1347	6  29  17 
1353	6  27  25 
1353	2   9  15 
1353	2   7   1 
1359	2  27  22 
1355	2   9  15 
1359	6  13   3 
1365	2  10   3 
1365	2  13  26 
1367	6  21  16 
1359	6  30  24 
1367	6   2   1 
1367	6  24  13 
1361	6  34  29 
1373	2  27  22 
1373	2  13   2 
1373	6  25  24 
1375	2  13   2 
1377	2  16   8 
1379	6  34  31 
1379	2  13   2 
1381	2  10   3 
1383	2  17   5 
1385	2  27  22 
1385	2  10   3 
1387	2  25  26 
1389	2  25  26 
1387	2  22  29 
1389	2  22  29 
1381	6  12   1 
1391	2  31  32 
1391	2  28  14 
1393	2   6  24 
1393	2  22  29 
1395	2  17   5 
1395	2   6  24 
1397	6  27  20 
1397	2   1   3 
1397	2  31  32 
1399	2  31  32 
1399	2  16   8 
1401	2   9   8 
1403	2   9   8 
1401	2  17   5 
1403	2  11  17 
1397	2  18  12 
1405	2  11  17 
1407	2   5  16 
1403	2  33  27 
1409	2   5  16 
1411	2  11  17 
1405	2   6  24 
1407	2  14   7 
1407	2  18  12 
1409	2  14   7 
1411	2   9   8 
1413	2   1   3 
1415	2   1   3 
1409	2  18  12 
1405	2  33  27 
1407	2  26  32 
1409	2  26  32 
1411	2  25  28 
1413	2  20  12 
1415	2  20  12 
1417	2  20  12 
1419	2  27  23 
1419	2  19  31 
1421	2  18  30 
1421	2  14   7 
1421	2  26  32 
1423	2  19  31 
1425	2  18  30 
1421	2   5  16 
1423	2  27  23 
1425	2  33  15 
1427	2  27  23 
1427	2  19  31 
1429	2  25  28 
1431	2  25  28 
1433	2  33  15 
1435	2  33  15 
1433	2  18  30 
