   1	6  22  20 
   1	2   7   8 
   3	2   7   8 
   5	2   7   8 
   7	2  14   9 
   1	2   5  10 
   3	2   5  10 
   7	2  21  15 
   9	2  16  18 
   7	6   2   1 
  11	2  14   9 
  13	2  14   9 
  11	2   5  10 
  11	2  22  23 
  13	2  22  23 
  15	2  22  23 
  11	6  16  12 
  15	6   9   8 
  17	2  12  18 
  19	2  12  18 
  17	2  21  15 
  19	2  21  15 
  13	6   6   1 
  21	6  13   3 
  21	6  16  10 
  27	6  15   5 
  33	2  21  15 
  35	2  21  15 
  27	2   7  12 
  29	2   2   3 
  31	2   2   3 
  33	2   2   3 
  29	2  19  13 
  31	2  19  13 
  33	2  19  13 
  35	2  13  19 
  33	6  11   6 
  37	2   9   3 
  37	2  21  15 
  37	6  18  13 
  39	2   9   3 
  41	2   9   3 
  39	2  16  22 
  41	2  16  22 
  39	6   6   5 
  43	2  18  19 
  43	2  16  22 
  43	6   8   2 
  45	2  18  19 
  45	2  21  16 
  47	2  21  16 
  49	6  21  15 
  49	2   8  13 
  51	2   8  13 
  53	2   8  13 
  49	2   6   2 
  51	2   6   2 
  53	2   6   2 
  55	2  15  16 
  55	2   7  12 
  57	2   7  12 
  59	2   2   7 
  57	6  20  10 
  61	2   8  12 
  47	6  23  19 
  55	2  19  14 
  57	2  19  14 
  59	2  19  14 
  55	6  23  22 
  61	2  19  23 
  63	6   3   1 
  69	2   2   7 
  71	2   2   7 
  63	2  19  23 
  65	2  19  23 
  67	2  21  22 
  69	2  21  22 
  71	2  21  22 
  67	2  18  14 
  69	2  18  14 
  71	2  18  14 
  63	2  11  10 
  65	2  11  10 
  67	2  11  10 
  69	2  11  10 
  71	2  11  10 
  73	2  11  10 
  73	6   9   3 
  75	2   1   6 
  77	2   1   6 
  73	6  22  18 
  79	2  11  13 
  79	2  21  22 
  81	2  21  22 
  83	2  21  22 
  81	2  11  13 
  83	2  11  13 
  79	6   3   2 
  85	6  12   8 
  91	2  12   8 
  93	2  12   8 
  95	2  14   8 
  97	2  12  16 
  99	2  12  16 
 101	2  12  16 
  85	2   1   6 
  87	6  10   5 
  85	6  23  18 
  87	6   2   1 
  93	2   5   1 
  95	2   5   1 
  97	2   5   1 
  99	2   6   5 
 101	2   6   5 
  97	6   9   3 
 103	2  11   7 
 105	2  11   7 
  91	6  23  22 
  97	6  19  18 
 103	2  18  13 
 105	2  19   9 
 103	6   1   0 
 107	2  11   7 
 107	2  18  13 
 103	6  21  20 
 109	6  22  17 
 109	2  14   8 
 115	2  18  13 
 109	2   6   5 
 117	2  19   9 
 117	2   7  12 
 111	6  10   5 
 119	2  14   8 
 119	2  11  16 
 117	6   5   0 
 121	2   7  12 
 121	2  19   9 
 123	6  17   7 
 123	2  20  10 
 129	2   7   2 
 131	2   7   2 
 133	2   7   2 
 125	2  20  10 
 127	2  20  10 
 123	2  19  14 
 125	2  19  14 
 127	2  19  14 
 129	2  18  13 
 135	2   7   8 
 129	2  11  16 
 137	2  17  12 
 131	2  15   5 
 133	2  15   5 
 135	2  15   5 
 137	2   5   6 
 131	6  23  19 
 139	6  10   6 
 139	2  18  13 
 141	2  18  13 
 137	6   3   2 
 143	6  19   9 
 145	2   5  10 
 147	2   5  10 
 137	6  21  20 
 149	2   7   8 
 151	2   7   8 
 143	2  21  17 
 145	2  21  17 
 147	2  21  17 
 153	2   8   6 
 149	6  19  18 
 155	6  13   3 
 155	2  11  16 
 161	2   8   6 
 157	6  21  16 
 163	6  10   5 
 163	2  23  21 
 163	2   9  13 
 165	2   9  13 
 167	2   9  13 
 169	2  13  19 
 171	2  13  19 
 169	2  11  10 
 171	2  11  10 
 163	6   3   2 
 169	2   7   2 
 171	2   7   2 
 165	6  22  21 
 173	2  11  10 
 173	2   7   2 
 173	2  14   9 
 171	2  23  22 
 175	2  13  19 
 177	2   8   6 
 173	2  23  22 
 177	6  17  15 
 179	2  14   9 
 181	2  14   9 
 179	6   6   2 
 183	2   9   8 
 183	2  10  15 
 183	2  17  18 
 185	6  15   5 
 185	2  17  18 
 185	2   9   8 
 187	2   9   8 
 191	2  10   5 
 193	2  10   5 
 187	2  17  18 
 189	2  17  12 
 191	2  17  12 
 193	2  17  12 
 189	6   8   2 
 189	6  19  14 
 195	6  22  18 
 195	6  20  15 
 201	2  13  18 
 203	2  13  18 
 201	2  16   6 
 203	2  16   6 
 205	6  22  20 
 205	2   8  14 
 207	2   8  14 
 211	2  20  22 
 209	2   8  14 
 211	2   9  14 
 213	2  20  22 
 215	2  20  22 
 213	2   9  14 
 215	2   9  14 
 205	6  11  10 
 217	2  10  20 
 217	2   7  17 
 219	2  10  20 
 219	2  13  18 
 221	6  24  22 
 221	2  13   8 
 223	2  13   8 
 227	2  19  24 
 225	2  13   8 
 227	2   7  17 
 229	2   7  17 
 229	2  19  24 
 227	2  10  20 
 231	2  16   6 
 231	2  19  24 
 231	6   9   8 
 233	2  24  18 
 233	2  16  20 
 235	2  24  18 
 237	2  24  18 
 235	2   6  11 
 237	2  16  20 
 239	2  16  20 
 241	2  16  20 
 237	2  10   5 
 239	2  10   5 
 241	2  10   5 
 237	6   9   7 
 239	6  23  18 
 243	2   6  11 
 245	2  18  12 
 247	2  18  12 
 249	2  18  12 
 251	6  13   3 
 251	2   6  11 
 253	2   5  11 
 255	2   5  11 
 251	6  23  22 
 243	6  20  15 
 257	6  22  21 
 257	2  12   2 
 257	2   9  19 
 259	2  12   2 
 259	2   9  19 
 261	2  12   2 
 261	2   9  19 
 263	6  21  20 
 263	2   6   8 
 263	2  18  17 
 265	2   3   2 
 267	2   3   2 
 269	2   3   2 
 265	2   5  11 
 265	2   9  14 
 267	2   9  14 
 265	2  18  17 
 267	2  18  17 
 269	2  10  20 
 271	2   6   8 
 269	2  19  18 
 273	2   6   8 
 271	2  19  18 
 275	2   9  14 
 277	2   9  14 
 271	2  16  15 
 279	2   9  14 
 281	2   9  14 
 273	2  16  15 
 275	2   7  17 
 277	2   7  17 
 275	2  10  20 
 279	2   7  17 
 277	2  10  20 
 281	2  17  15 
 283	2  17  15 
 285	2  17  15 
 287	2  10  20 
 287	2  19  18 
 289	6  18  13 
 289	2  10  20 
 291	2  10  20 
 293	2  11   7 
 295	6  24  18 
 301	2  12  18 
 303	2  12  18 
 305	2  12  18 
 307	6  12   7 
 295	6  20  10 
 295	6  14   9 
 301	6  15   5 
 313	2   8  13 
 315	2  11  12 
 307	6  23  19 
 307	6  21  15 
 313	2  21  23 
 315	2  21  23 
 307	6   5   1 
 315	6   3   1 
 317	2  11  12 
 317	2  21  23 
 321	2   6   2 
 321	2   8  13 
 319	6  23  17 
 323	2   7   1 
 323	2  10  11 
 325	2   7   1 
 325	2  10  11 
 319	6  21  20 
 325	2  17  21 
 327	2   7   1 
 327	2  18  16 
 329	2  18  16 
 329	2   6   2 
 323	6   9   4 
 331	2   6   2 
 331	2   8  13 
 333	2  14  13 
 331	2  17  21 
 333	2   2   4 
 335	2   3   8 
 333	2  10  11 
 335	2   6   1 
 333	2  17  21 
 335	2  18  16 
 337	6  16  12 
 337	2   3   8 
 339	2   3   8 
 337	2  23  18 
 339	2  23  18 
 341	2  23  18 
 343	2  17  23 
 337	2   6   1 
 341	2   2   4 
 345	2  16  20 
 347	2  16  20 
 345	2   7  12 
 347	2   7  12 
 339	6  10   5 
 345	6   5   1 
 349	2  16  20 
 349	2  14  13 
 351	2   7  12 
 351	6  20  10 
 353	2   7  12 
 355	2   7  12 
 351	6  22  18 
 357	6  23  17 
 357	2  14  13 
 357	2   2   4 
 359	2   4   8 
 361	2   4   8 
 363	2   7  12 
 363	2  22  21 
 359	6  19  14 
 365	6  19  17 
 371	2  22  21 
 365	2   4   8 
 371	2  13   3 
 365	2   6   5 
 367	2   5  10 
 369	2   5  10 
 371	2  11   6 
 373	2   5  10 
 373	2  22  21 
 373	2   1   2 
 373	6  13   8 
 375	2  10   5 
 377	2  10   5 
 379	2  10   5 
 375	2   1   2 
 375	2  17  16 
 377	2  17  16 
 379	2  17  16 
 381	2  11   6 
 379	2   8   3 
 383	2   5  10 
 381	2   8   3 
 375	2  23  19 
 383	2   3   7 
 377	2  23  19 
 381	2  22  23 
 383	2  22  23 
 379	6  19  14 
 385	2   1   2 
 385	2  14  13 
 385	2  22  23 
 387	2  14  13 
 385	2   5  10 
 387	2  11   6 
 387	6   3   2 
 389	2  14  13 
 393	2   8   3 
 389	2  21  16 
 391	2   6  12 
 395	2   2   7 
 393	2   5  10 
 395	2  11  17 
 397	2   6  12 
 397	2  21  16 
 399	2  11  17 
 397	2   8   3 
 399	2   8   3 
 401	6  12   2 
 407	2  12   7 
 407	2  21  16 
 409	2  11  17 
 407	6   9   3 
 413	2   6   2 
 411	2  12  17 
 413	2  12  17 
 413	2   9  14 
 411	6  15  10 
 415	2   8   2 
 415	2  12  17 
 417	2  13  11 
 417	2  22  21 
 417	6   4   2 
 419	2  13  11 
 419	2  22  21 
 421	2  13  11 
 421	2  22  21 
 423	6  23  17 
 423	2   9  14 
 425	2   9  14 
 427	2   8   4 
 423	2   1   2 
 425	2   1   2 
 427	2   1   2 
 429	6  11   1 
 435	2   7   2 
 437	2   7   2 
 435	2  11  17 
 437	2  11  17 
 439	2   7   2 
 441	2   8   4 
 441	2   2   1 
 439	2  11  17 
 429	6  24  23 
 435	6  24  19 
 443	2   7  11 
 443	2  14   4 
 435	6  20  15 
 441	2  20  22 
 443	2  20  22 
 445	2  19   9 
 445	2   7  11 
 445	2  20  22 
 447	2   2   1 
 447	2  19   9 
 449	2   2   1 
 449	2  19   9 
 451	6   3   2 
 451	2  13  17 
 453	2  13  17 
 455	2  13  17 
 447	6  20  10 
 457	2   6  16 
 457	2   3   9 
 459	6  14   4 
 459	2   7  11 
 461	2   6  16 
 463	2   6  16 
 465	6  21  16 
 465	2   4  14 
 467	2   4  14 
 469	2  14  13 
 471	2  16  21 
 471	2   8  12 
 473	2  16  21 
 473	2  14  13 
 475	2  14  13 
 465	2   5   6 
 467	2   5   6 
 469	2   5   6 
 471	2   1   5 
 477	2   3   9 
 473	2   1   5 
 475	2   1   5 
 475	2  16  21 
 477	2  10  11 
 479	2   8  12 
 481	2   8  12 
 477	6  23  21 
 479	6   6   1 
 483	2   3   9 
 483	2  16  17 
 483	2  19  23 
 485	2  12  22 
 487	2  12  22 
 485	6   3   1 
 489	2  12  22 
 491	6  13   7 
 497	2  19  23 
 491	2  10  11 
 493	2  10  11 
 497	2  11   1 
 499	2  19  23 
 499	2  10   5 
 501	2  10   5 
 491	2   3   4 
 503	2  10   5 
 499	2  16  17 
 493	2   3   4 
 495	2   3   4 
 497	2   8  13 
 499	2   8  13 
 501	2   8  13 
 503	2   8   3 
 501	2  16  17 
 503	2  12  16 
 501	6  23  19 
 505	2   7   6 
 505	6  15  10 
 507	2  19  14 
 507	2  23  17 
 507	2   7   6 
 509	2   7   6 
 509	2   9  13 
 509	6  23  22 
 511	2  12  16 
 511	2   8   3 
 513	2   9  13 
 513	2  11   1 
 515	2  22  17 
 515	2  19  14 
 515	2   8   3 
 515	6  11   5 
 517	2  22  17 
 517	2   9  13 
 519	2  19  14 
 517	6   3   2 
 521	2  12  16 
 523	6  16  11 
 523	2   5   1 
 525	2   1   5 
 529	2   7  12 
 527	2   1   5 
 529	2   1   5 
 521	6  23  19 
 531	2   7  12 
 527	6  19  14 
 533	2   7  12 
 533	2   4  14 
 529	6  22  16 
 535	6   6   2 
 535	2  15  16 
 535	2   4  14 
 537	2   4  14 
 539	2  13  17 
 541	2  23  22 
 539	2   4   9 
 541	2  15  16 
 543	2  15  16 
 543	2  23  22 
 541	2   8   2 
 543	2   8   2 
 545	2  23  22 
 545	2  11   6 
 545	2   8   2 
 547	2  11   6 
 541	2  14  19 
 549	2  11   6 
 543	2  14  19 
 545	2  14  19 
 547	2  13  17 
 549	2  13  17 
 547	2   4   9 
 549	2   4   9 
