   1	6  34  20 
   1	2   5  17 
   3	2   5  17 
   5	2   5  17 
   1	6   9   2 
   7	6  21  11 
   7	2   6   2 
   9	2   6   2 
  11	2   6   2 
   7	2  35  34 
   9	2  35  34 
  11	2  35  34 
  13	6  33  22 
  13	6  10   3 
   1	6  31  24 
   7	6  25  18 
  13	6  18   0 
  19	2  26  12 
  21	2  26  12 
  23	2  26  12 
  19	2  23  29 
  21	2  23  29 
  23	2  23  29 
  19	2  10  11 
  21	2  10  11 
  23	2  10  11 
  19	6   8   3 
  25	6  23  17 
  25	2  18  19 
  25	2   9  27 
  27	2   9  27 
  27	2  18  19 
  29	2   4  14 
  31	2   4  14 
  29	2  31  33 
  33	2  25  21 
  35	2  18  19 
  33	2   5  10 
  35	2   5  10 
  25	2   0   1 
  27	2   0   1 
  29	2   0   1 
  37	2   8  13 
  39	2   0   2 
  41	2   0   2 
  37	2   5  10 
  43	2   8  13 
  35	2  31  33 
  37	2  25  21 
  39	2  25  21 
  41	2  31  33 
  43	2  31  26 
  41	6  21  15 
  45	2   8  13 
  45	2  31  26 
  31	6  29  23 
  39	6  17  10 
  37	6  35  29 
  43	6  35  28 
  47	2   4  14 
  43	6  24  18 
  49	6  22  19 
  55	2   9  27 
  57	6   9   6 
  57	2  31  26 
  57	2  28  22 
  59	2  28  22 
  61	2  28  22 
  63	6  20  13 
  63	2   9  15 
  65	2   9  15 
  67	2   0   2 
  63	2   4  11 
  65	2   4  11 
  67	2   4  11 
  63	6  28  23 
  69	2  14  27 
  71	2  14  27 
  73	2  14  27 
  69	6  29  23 
  69	6   3   1 
  59	6  30  24 
  69	6  25  18 
  75	6  32  30 
  81	2  34  32 
  75	2   9  15 
  83	2  34  32 
  75	2   7  19 
  77	2   7  19 
  77	2  10   3 
  85	2  34  32 
  79	2   7  19 
  79	2  10   3 
  81	2  19  18 
  83	2  19  18 
  85	2  19  18 
  81	2  15  17 
  81	2   7   6 
  83	2   7   6 
  85	2   7   6 
  83	2  10   3 
  85	2  11  10 
  83	6  23  21 
  89	2  32  14 
  87	2  11  10 
  89	2  11  10 
  91	6  13  12 
  91	2  34  29 
  93	2  34  29 
  95	2  34  29 
  91	2  20  21 
  93	2  20  21 
  95	2  20  21 
  87	6   1   0 
  91	6  17   9 
  97	6  33  23 
 103	2  27  31 
  97	2  15   9 
  97	2   7   1 
  99	2   7   1 
  99	2  15   9 
 105	2  27  31 
 107	2  19  21 
 109	2  27  31 
 101	2   7   1 
 111	2  19  21 
 103	6   8   4 
 103	6  23  17 
 113	2  32  14 
 115	2  32  14 
 117	2  26  20 
 119	2  26  20 
 117	2  18   6 
 119	2  18   6 
 121	2  18   6 
 113	2  22  23 
 121	2  26  20 
 115	2  22  23 
 117	2  17   4 
 119	2  17   4 
 121	2  17   4 
 123	6  28  26 
 123	2   4   3 
 125	2   4   3 
 127	2   4   3 
 117	6  15   8 
 123	2  15  17 
 125	2  15  17 
 127	2  15  17 
 123	6  18   7 
 129	6  11   3 
 129	2  22  23 
 131	2  29  23 
 129	2  26  13 
 131	2  26  13 
 133	2  28  22 
 133	2  26  13 
 135	6  26  21 
 135	2  29  23 
 137	2  29  23 
 141	2  28  22 
 135	2   2  13 
 137	2   2  13 
 141	2  19  26 
 139	6  14   8 
 143	2  26  34 
 135	6  10   4 
 143	6  16   5 
 145	2  26  34 
 147	2  26  34 
 149	6  23  11 
 155	2  10  15 
 155	2  27  23 
 157	2  16  21 
 159	2  10  15 
 161	2  10  15 
 159	2  28  22 
 149	2   2  13 
 151	2   3   2 
 151	2   6  13 
 153	2   3   2 
 153	2   6  13 
 155	2   3   2 
 155	2   6  13 
 161	2  27  23 
 157	6   7   2 
 149	6  31  25 
 157	2  25  18 
 163	2  11  10 
 165	2  11  10 
 159	2  25  18 
 161	2  25  18 
 163	2  32  14 
 165	2  32  14 
 163	6  29  23 
 167	2  16  21 
 167	2   9   8 
 167	6  25  18 
 169	2   4   1 
 169	2  27  29 
 171	2   9   8 
 171	2  16  21 
 171	6  34  29 
 173	2  19  21 
 175	2  25  26 
 173	2   4   1 
 175	2  16   2 
 175	6  18  13 
 177	2  16   2 
 179	2  16   2 
 177	2  25  26 
 179	2  25  26 
 181	6  31  18 
 181	2  16  22 
 183	2  16  22 
 187	2  31  34 
 181	2   9   8 
 185	2   4   1 
 187	2   6   1 
 187	2  11  10 
 183	6  20  14 
 189	2  13   2 
 189	2  31  34 
 191	6  17   4 
 191	2  32  20 
 197	2  17  29 
 191	2   6   1 
 197	2  13   2 
 193	6  32  25 
 199	2  13   2 
 199	2  31  34 
 201	6  31  24 
 201	2   9  23 
 201	2   6   1 
 203	2   1   6 
 203	2   9  23 
 201	2  27  20 
 203	2  27  20 
 205	2   1   6 
 205	2  14   4 
 205	6  35  34 
 207	2  27  20 
 207	2   1   6 
 209	2  14   4 
 211	2  14   4 
 207	6  24  18 
 213	2  19  21 
 215	2  19  21 
 213	2  17  29 
 217	2  25  19 
 215	2  17  29 
 213	2   4   8 
 215	2   4   8 
 217	2  17  35 
 219	6  21  14 
 225	2  15  21 
 219	2  25  19 
 227	2  15  21 
 229	2  15  21 
 221	2  25  19 
 225	6  18   7 
 219	6  29  17 
 231	2   4   8 
 231	2  26  27 
 233	2  26  27 
 231	2  16  22 
 225	2  29  35 
 227	2  29  35 
 233	2  15  11 
 235	6  16   2 
 241	2   9  23 
 235	2  26  27 
 237	6  25  20 
 243	2  15  11 
 231	6  12   6 
 243	6  28  27 
 245	2  14   3 
 247	2  14   3 
 245	2  16  17 
 247	2  16  17 
 243	6  25  18 
 249	2  14   3 
 251	2   3   4 
 253	2   3   4 
 249	2  16  17 
 249	2  25  27 
 251	2   7   8 
 251	2  25  27 
 253	2   7   8 
 253	2  25  27 
 251	6  35  23 
 255	2   3   4 
 255	2  21  20 
 257	2  21  20 
 255	2  18  25 
 257	2  18  25 
 257	2  29  28 
 259	2  35  27 
 255	2   7   8 
 257	2  10   9 
 259	2  14  19 
 261	2  14  19 
 263	2  18  25 
 261	2  35  27 
 263	2  35  27 
 265	2  25  18 
 259	2  10   9 
 261	2  10   9 
 263	2  10   8 
 265	2  10   8 
 265	2  21  20 
 265	2  29  28 
 267	2  23  21 
 269	2  32  22 
 267	2  13   2 
 269	2  14  19 
 271	6  16   3 
 277	2  10   8 
 271	2  29  28 
 271	2  19  26 
 273	2  19  26 
 277	2  23  21 
 279	2  16  27 
 281	2  16  27 
 283	2  16  27 
 275	2  25  18 
 279	2  13   2 
 281	2  25  18 
 285	2  23  21 
 283	2  13   2 
 285	2   2   1 
 285	6  12   6 
 287	2  15  11 
 289	2  14  15 
 287	2  19  26 
 291	2  14  15 
 289	2  29  27 
 287	2   2   1 
 289	2   2   1 
 291	2  29  27 
 293	2  23  28 
 293	2  14  15 
 293	2  26  19 
 291	6   3   1 
 297	2  25  15 
 299	2  25  15 
 297	2   1   6 
 295	2  23  28 
 301	2  25  15 
 297	2  23  28 
 303	2  32  22 
 303	2   7  13 
 305	2   7  13 
 305	2  32  22 
 297	6  11   4 
 307	2   7  13 
 307	2  29  27 
 303	2   9   4 
 305	2   9   4 
 307	2   9   4 
 307	6  25  18 
 309	2  13  14 
 309	2  22  11 
 311	2  13  14 
 313	2  13  14 
 309	2   1   6 
 309	2   3   9 
 311	2  22  11 
 311	2   3   9 
 313	2  32  35 
 315	2  26  19 
 311	2   1   6 
 313	2   2  10 
 315	2   3   9 
 315	2  22  11 
 317	6  28  17 
 317	2  26  19 
 323	2  32  35 
 319	2  14   9 
 321	2  14   9 
 323	2   4   1 
 325	2   4   1 
 319	2  18  19 
 321	2  18  19 
 325	2  28  20 
 327	6  28  25 
 333	2  18  19 
 327	2   4   1 
 333	2   4  17 
 333	2  32  35 
 335	2  22  32 
 335	2  14   9 
 329	6   6   1 
 337	6   3   1 
 337	2  16  28 
 339	2  16  28 
 341	2  16  28 
 343	2  23  16 
 345	2   2  10 
 337	2  25  20 
 347	2  23  16 
 349	2   3  11 
 339	2  25  20 
 351	2   3  11 
 347	6  13   7 
 341	6  25  20 
 343	6  35  33 
 349	2  25  33 
 351	2  25  33 
 353	6  11   4 
 353	2  25  33 
 355	2  22  32 
 357	2  21  13 
 359	2  11  17 
 359	2   8  20 
 357	6  33  32 
 361	2  11  17 
 361	2  21  13 
 363	2  23  16 
 361	2   3   4 
 363	2   8  20 
 363	6  12   6 
 365	2   2  10 
 367	2   8  20 
 365	6  29  23 
 369	2  21  13 
 369	2   2   1 
 363	6  32  31 
 371	2   8   3 
 371	2  22  33 
 369	6  31  24 
 375	2  12  25 
 373	2  23  22 
 373	2   2   1 
 375	2   2   1 
 373	2  10  15 
 377	2   8   3 
 373	2  33  27 
 377	2  21  26 
 379	6  25  19 
 379	2  10  15 
 381	2  10  15 
 379	2  33  27 
 381	2  33  27 
 383	2   8   3 
 379	2  23  22 
 381	2  23  22 
 383	6  23  11 
 385	2   8   9 
 385	2  21  26 
 387	2   8   9 
 387	2  12  19 
 389	6  28  25 
 389	2  11   3 
 391	2  11   3 
 393	2  11   3 
 389	6   7   6 
 395	6  16   3 
 395	2  28  29 
 395	2  25  13 
 397	2  28  29 
 399	2  28  29 
 397	2  25  13 
 401	2  10  15 
 399	2  12  19 
 401	2  27  23 
 401	2   6  24 
 403	6  22  20 
 403	2   8   9 
 409	2  14  20 
 409	2   6  24 
 411	2  21  26 
 411	2  18  12 
 409	6  17   3 
 413	2   6  24 
 415	2  25  13 
 417	2   1  13 
 415	2   4  22 
 419	2   1  13 
 417	2  25  24 
 417	2   4  22 
 419	2  25  24 
 419	2   4  22 
 421	6   7   2 
 421	2  17  22 
 423	2  17  22 
 421	2  25  24 
 421	2  14  20 
 423	2  18  12 
 423	2  14  20 
 425	2  18  12 
 425	2  21  33 
 427	6  25   7 
 433	2  12   7 
 427	2  17  22 
 433	2  25  19 
 433	2  27  23 
 433	2  10  15 
 435	6  32  18 
 435	2  22  28 
 437	2  22  28 
 439	2  22  28 
 441	2  25  19 
 441	2  12   7 
 443	2  25  19 
 441	2  28  22 
 435	2  10  15 
 443	2  12   7 
 437	2  15  14 
 439	2  15  14 
 443	2  21  33 
 445	2  15  14 
 437	2  17  10 
 439	2  17  10 
 441	2  17  10 
 445	2  27  23 
 433	6   3   2 
 447	2  27  25 
 449	2   1  13 
 449	2  28  22 
 443	6  10   4 
 451	2  23  16 
 453	2  23  16 
 451	2  19  20 
 455	2  28  22 
 451	2   6   2 
 453	2   6   2 
 455	2   6   2 
 453	2  19  20 
 455	2  19  20 
 455	6  15  10 
 457	2  27  25 
 459	2  27  25 
 457	2   6  13 
 457	2   8   2 
 459	2   8   2 
 459	2   6  13 
 461	2   6  13 
 463	2  13   6 
 461	2  15  26 
 463	2  15  26 
 465	2  13   6 
 465	2  15  26 
 461	6  23  11 
 467	6  29  22 
 467	2  19  12 
 467	2   1   9 
 469	2  13   6 
 471	2  19  12 
 473	2  24  26 
 471	2   1   9 
 475	2  24  26 
 473	2   6  13 
 475	2   6  13 
 477	2  19  12 
 473	2  15  22 
 475	2  15  22 
 473	2   8   2 
 477	2  21  33 
 475	6   4   2 
 479	2  33  32 
 479	2  21  23 
 481	2  11  16 
 481	2  33  32 
 479	2   6  13 
 481	6  12   2 
 483	2  21  23 
 485	2  21  23 
 487	2   1   9 
 489	2  15  22 
 483	2  33  32 
 485	2  25  32 
 487	2  24  26 
 491	2  22  20 
 489	2  12  24 
 491	2  12  24 
 493	2  25  32 
 489	2   4  11 
 491	2   4  11 
 493	2  23  17 
 493	2  21   9 
 493	6   6   1 
 495	2  21   9 
 497	2  21   9 
 499	2  14  16 
 495	2  25  32 
 495	6  34  29 
 501	6  19   7 
 501	2  23  17 
 503	2  23  17 
 501	2  15  10 
 503	2  15  10 
 505	2  15  10 
 501	6  34  32 
 507	2   4  11 
 507	2  19  26 
 507	6  15   1 
 513	2  22  20 
 515	2  22  20 
 513	2   9  11 
 517	2  14  16 
 519	2  14  16 
 521	2  22  23 
 521	2   2  14 
 509	6  33  31 
 509	6  18  12 
 515	2  18  24 
 523	2  22  23 
 523	2   2  14 
 525	6  27  15 
 525	6   4   3 
 517	6  31  18 
 531	2   9  11 
 533	2  20  16 
 535	2  20  16 
 531	2  31  32 
 533	2  31  32 
 535	2  31  32 
 531	6  34  29 
 537	2  32  31 
 537	2  22  23 
 537	2   8  15 
 537	2  18   6 
 539	6  29  17 
 539	2  32  31 
 539	2   2  14 
 541	2  21  25 
 543	2  32  31 
 543	2  18   6 
 543	2   8  15 
 545	6  31  19 
 551	2  31  26 
 545	2   8  15 
 553	2  31  26 
 547	2  17  10 
 547	2   1   8 
 549	2   1   8 
 549	2  17  10 
 551	2   9  11 
 553	2   3  15 
 555	2  21  25 
 555	2   1   8 
 557	2  21  25 
 555	2  17  10 
 545	6  34  29 
 559	6  26  22 
 559	2  18   6 
 561	2   6   7 
 563	2   6   7 
 565	2  14  13 
 561	2  18  24 
 565	2  22  28 
 563	2  18  24 
 565	2  18  24 
 557	6  10   3 
 565	6   3   0 
 567	2  22  28 
 569	2  22  28 
 567	2  14  13 
 569	2  14  13 
 567	6  25  24 
 571	2  11  21 
 573	2  20  16 
 575	2  34  31 
 577	2  27  28 
 575	2  10  15 
 571	2   6   7 
 577	2   0  18 
 577	2  10  15 
 575	6  23  17 
 579	2   6   9 
 579	2  20  26 
 581	2   2   7 
 581	2  10  22 
 583	2   0  18 
 583	2  15  17 
 585	2  15  17 
 587	2  15  17 
 585	2   2   7 
 583	2  27  28 
 587	2   2   7 
 585	2  34  31 
 587	2  34  31 
 589	6  31  24 
 589	2   6   9 
 589	2  34  23 
 591	2   6   9 
 589	2  20  26 
 593	2  11  21 
 595	6  25  15 
 591	6  34  29 
 601	2  11  21 
 603	6  31  21 
 603	6   4   2 
 593	6  12   6 
 599	6   6   0 
 609	6  11   4 
 609	2  16  15 
 609	2  32  31 
 611	2  32  31 
 609	2  29  23 
 611	2  29  23 
 611	2  21   8 
 613	2  21   8 
 615	2  10  22 
 617	2  10  22 
 615	2   6  18 
 619	2  16  15 
 613	2  32  31 
 619	2  27  28 
 617	2   7  19 
 619	2  18  12 
 619	6   1   0 
 621	2  16  15 
 621	2  20  26 
 623	2  16  15 
 621	2  18  12 
 623	2  26  13 
 625	2  18  12 
 625	2  21   8 
 627	2  22  28 
 627	2  14  20 
 629	2  21  17 
 631	2  11  29 
 631	2  14  20 
 627	6  24   6 
 633	2   9  23 
 633	2   6   0 
 633	2  24  25 
 635	6   4   2 
 635	2  21  17 
 637	2  21  17 
 641	2   9  23 
 635	2   6   0 
 643	2   9  23 
 635	2  24  25 
 637	2  24  25 
 639	2  24  31 
 641	2  24  31 
 637	2   6   0 
 643	2  24  31 
 645	6   9   6 
 645	2  22  28 
 647	2  22  28 
 651	6  16  15 
 651	2  26  13 
 657	2  11  29 
 651	2   2   0 
 653	2   2   0 
 655	2   2   0 
 657	2  14  20 
 653	6  32  25 
 657	6   2   0 
 659	2  26  13 
 661	2  26  25 
 659	2  15  16 
 661	2  15  16 
 663	2  14  18 
 665	2  14  18 
 663	2  17  28 
 667	2  14  18 
 665	2  17  28 
 667	2  17  28 
 663	6   3   2 
 669	6  34  32 
 669	2  21  22 
 671	2  21  22 
 669	2   9  10 
 669	2   7  19 
 673	2  21  22 
 671	2   7  19 
 675	2  19  20 
 677	2  19  20 
 673	2   0   7 
 675	2   0   7 
 671	2   9  10 
 673	2   9  10 
 675	2  11  29 
 677	2  16   3 
 677	2  29  34 
 677	2   0   7 
 679	6  34  29 
 679	2  16   3 
 685	2  34  29 
 679	2  26  25 
 687	2  34  29 
 681	2  26  25 
 681	2  15  12 
 683	2  13   6 
 683	2   9  11 
 685	2  13   6 
 685	2   9  11 
 687	2  15  12 
 683	6  32  31 
 689	6   1   0 
 689	2  19  20 
 689	2  34  29 
 691	2  34  29 
 689	2   9  11 
 691	2  16   3 
 691	2  18  26 
 693	2  28  14 
 695	2  13   6 
 695	2  34  29 
 697	2  28  14 
 693	6  10   3 
 697	6  25  18 
 699	2  21   7 
 701	2  21   7 
 703	2  25  26 
 699	2  10  17 
 703	2  15  12 
 705	2  21   7 
 707	2  15  22 
 709	2  15  22 
 711	2  15  22 
 707	2  25  26 
 705	6  17  11 
 711	2  10  11 
 707	6  12   1 
 709	6  34  32 
 713	2  10  11 
 715	2  13   9 
 717	6  21   8 
 717	2  18  12 
 719	2  18  12 
 721	2  18  12 
 715	6  29  17 
 723	2  28  14 
 725	2  12  18 
 721	2  17  10 
 725	2  29  34 
 725	2   8   7 
 723	2  17  10 
 725	2  17  10 
 727	2  13   9 
 729	2  13   9 
 725	2  27  21 
 727	2  27  21 
 727	2  29  34 
 729	2  27  21 
 729	2  29  34 
 727	6  31  24 
 731	2   8   7 
 731	2  23  21 
 733	6  32  31 
 733	2  23  21 
 733	2  12  18 
 735	2  12  18 
 733	2   8   7 
 739	2  26  28 
 735	6   3   1 
 735	6  17  11 
 741	6  12   8 
 741	2  23  21 
 743	2  21  20 
 745	2  21  20 
 741	6  34  32 
 747	6  27  20 
 747	2   8  10 
 749	2   8  10 
 747	2  12  18 
 751	2   8  10 
 753	2  22   9 
 755	2   3  16 
 757	2   3  16 
 749	2  12  18 
 751	2  12  18 
 753	6  20  19 
 753	6   6   1 
 747	6  32  31 
 753	6  31  24 
 759	6  15   7 
 765	2   3  16 
 765	2  19   6 
 755	6  33  28 
 767	2  13  16 
 769	2  13  16 
 761	6  33  32 
 767	2  26  32 
 769	2  26  32 
 771	2  19   6 
 771	2  22   9 
 773	2  13  16 
 775	6  10   3 
 775	2  21  27 
 781	2  22   9 
 783	2  16  22 
 785	2  23  34 
 787	2  23  34 
 775	2  19   6 
 777	2  20  19 
 779	2  20  19 
 781	2  20  19 
 783	2  20  14 
 785	2  20  14 
 787	2  20  14 
 777	2   6   1 
 779	2   6   1 
 781	2   6   1 
 783	2   1   7 
 785	2  24   6 
 787	2  24   6 
 789	6  21  14 
 789	2   1   7 
 791	2   1   7 
 789	2  23  34 
 791	2  34  33 
 793	2  34  33 
 791	2  23  10 
 793	2  23  10 
 789	6  25  19 
 795	6  34  33 
 795	2  23  10 
 795	2  24   6 
 801	2  27  17 
 797	2   7   6 
 799	2   7   6 
 803	2  27  17 
 805	2  10  15 
 805	2  33  34 
 801	2   7   6 
 797	6  31  24 
 803	6   6   2 
 807	2  10  15 
 809	2  16  22 
 811	2  16  22 
 807	2  31  32 
 809	2  14  19 
 809	2  31  32 
 811	2  31  32 
 811	2  14  19 
 807	6  34  29 
 809	6   7   1 
 813	2  27  17 
 813	2  14  19 
 809	6   9   3 
 815	2  26  33 
 815	2  10  15 
 815	2  19  13 
 817	6  34  32 
 817	2  10   2 
 819	2  10   2 
 821	2  10   2 
 817	2  19  13 
 817	2  21  23 
 819	2  21  23 
 819	2  19  13 
 821	2  21  23 
 821	2  19  12 
 823	6  10   7 
 823	2  25  32 
 825	2  25  32 
 827	2  25  32 
 829	2  14  25 
 831	2  14  25 
 823	6  28  27 
 829	6  29  11 
 833	2  14  25 
 835	6  22  20 
 835	2  11  10 
 837	2  11  10 
 839	2  11  10 
 829	6   3   2 
 841	2  26  33 
 841	2  23   9 
 835	6  18  12 
 841	2  19  18 
 843	6   6   2 
 843	2  15  14 
 843	2  17  22 
 845	2  17  22 
 847	2  17  22 
 849	2  11  16 
 843	2  19  18 
 851	2  11  16 
 849	2  13   8 
 843	2  26  33 
 845	2  31  33 
 847	2  31  33 
 849	2  28  29 
 851	2  13   8 
 849	2  21  20 
 851	2  21  20 
 851	2  28  29 
 849	6  32  24 
 853	2  28  29 
 853	2  15  14 
 853	6  10   3 
 855	2  22  34 
 855	2  24   6 
 857	2  24   6 
 857	2  22  34 
 859	2  15  14 
 859	2  17  28 
 859	2  24   6 
 861	6  11   9 
 861	2  31  33 
 867	2   7  14 
 869	2   1   6 
 863	2  22  34 
 869	2   9  16 
 871	2  23  11 
 869	2  21  20 
 871	2   1   6 
 863	2  24  25 
 873	2  23  11 
 873	2   1   6 
 865	2  24  25 
 867	2  24  25 
 869	6  31  18 
 875	6  12   8 
 875	2  29  26 
 877	2  29  26 
 879	2  29  26 
 881	2   7  14 
 883	2  13  12 
 875	2  10  11 
 877	2  10  11 
 885	2  18  12 
 883	2   8   3 
 885	2   8   3 
 887	2   8   3 
 887	2  18  12 
 881	2  17  28 
 883	2  17  28 
 885	2  20  28 
 885	2  10  11 
 887	2  21  16 
 881	6  32  31 
 887	6  26  25 
 889	2  18  12 
 889	2  21  16 
 889	2   1   8 
 891	2   1   8 
 891	2  21  16 
 887	6  34  29 
 893	2   1   8 
 893	2  22  32 
 889	6   4   3 
 895	2  33  15 
 891	6  18  12 
 897	6  24  12 
 897	2  16  11 
 897	2  20  28 
 899	2  33  15 
 901	2  16  11 
 901	2  20  28 
 901	6   9   8 
 907	2   7  14 
 903	2  16  11 
 905	2  22  32 
 907	2  22  32 
 909	6  34  26 
 909	2  12   8 
 911	2  12   8 
 913	2  12   8 
 905	6  11   4 
 909	6  23  22 
 915	2  19  26 
 915	2   8   7 
 917	2   8   7 
 915	2  29  11 
 919	2   8   7 
 917	2  32  18 
 919	2  32  18 
 921	2  33  15 
 921	2   1  12 
 921	6  25  24 
 923	2  14  15 
 923	2  29  11 
 923	2   1  12 
 925	2  29  11 
 925	2   1  12 
 925	2  14  15 
 927	6  22  21 
 927	2  24   6 
 929	2  24   6 
 931	2  19  26 
 927	6  34  29 
 927	6  11   9 
 933	6  32  25 
 939	2  19  26 
 941	2  24   6 
 943	2  25  18 
 933	2  14  15 
 933	2  29  17 
 935	2  29  17 
 937	2  29  17 
 939	2  29  11 
 941	2  10  28 
 943	2  10  28 
 943	6  14  13 
 945	2  32  34 
 947	2  32  34 
 949	6  33  31 
 949	2  21  14 
 951	2  21  14 
 953	2  21  14 
 945	6  17   4 
 943	6   2   1 
 949	6   6   1 
 951	6  29  17 
 955	2  14  20 
 951	6   4   3 
 957	6  23   9 
 963	2  22  21 
 963	2   9   1 
 957	2  31  19 
 963	2  32  34 
 963	2  17  11 
 959	6  24  12 
 965	2  14  20 
 967	2  14  20 
 965	2  17  11 
 965	2  34  29 
 967	2  10  28 
 965	6  12   7 
 969	2  34  29 
 969	2  22  21 
 965	6  31  24 
 969	6  11   4 
 971	2  34  29 
 971	2  24  19 
 973	2  24  19 
 971	2  22  21 
 971	6   7   2 
 975	2  15  10 
 975	2  18  24 
 973	6  27  23 
 977	2  19  12 
 977	2  15  10 
 979	2  15  10 
 981	2  17  16 
 979	2  18  24 
 981	2  19  12 
 983	2  18  24 
 979	2  27  26 
 981	2  27  26 
 977	2   2   3 
 979	2   2   3 
 981	2   2   3 
 983	2  27  26 
 985	2  20  32 
 983	2   9   1 
 985	2   9   1 
 983	6  29  22 
 987	2  20  32 
 989	2  17  16 
 987	2   4   9 
 989	2   4   9 
 991	2   4   9 
 989	2  21  27 
 987	2   1   2 
 989	2   1   2 
 989	2  19  12 
 991	2  17  16 
 991	2   1   2 
 993	2   2   4 
 995	2   1  15 
 997	2   2   4 
 997	2  13  14 
 997	2  21  27 
 991	6  25  18 
 989	6  34  29 
 995	6  29  23 
 999	2   2   4 
1001	2  22  16 
 999	2  20  32 
1001	2   8  26 
1003	6   3   0 
1003	2  22  16 
1003	2  13  14 
1005	2  13  14 
1005	2  31  34 
1009	2   1  15 
1011	2   0  18 
1011	2  21  27 
1011	6  17   9 
1013	2  32  27 
1015	2  31  34 
1017	6  21  19 
1017	6  23  17 
1023	2  31  34 
1023	2   9  14 
1025	6  31  24 
1025	2  10  21 
1027	2  34  23 
1029	2  22  16 
1027	2   9  14 
1029	2   9  14 
1017	6   2   1 
1023	6  12   1 
1029	6  34  29 
1031	2   0  18 
1035	2  29  23 
1033	2   0  18 
1037	2  29  23 
1031	2  10  21 
1033	2  10  21 
1035	2   8  26 
1037	2   8  26 
1039	6  28  14 
1039	2  18  24 
1041	2  18  24 
1043	2  18  24 
1039	6  17  10 
1045	2   2  15 
1047	2   8   1 
1045	2  12  18 
1049	2   8   1 
1047	2  12  18 
1045	2  23  17 
1045	2  26  31 
1049	2  12  18 
1047	2   4  16 
1047	2  26  31 
1049	2   4  16 
1049	2  32  27 
1051	6  10   9 
1051	2  19  25 
1053	2  26  31 
1057	2   4  16 
1051	2   7  14 
1053	2   7  14 
1055	2   7  14 
1059	2  23  17 
1061	2  23  17 
1055	2  32  27 
1055	2  19  25 
1057	2   7  20 
1059	2   9  13 
1061	2   9  13 
1063	2  23  17 
1065	2  23  17 
1067	2  23  17 
1059	2  27  32 
1063	2  14   0 
1061	2  27  32 
1063	2  27  32 
1065	2   7  20 
1067	2  14   0 
1063	6   4   3 
1067	6  28  27 
1069	2   9  13 
1071	2  19  25 
1071	2   8   1 
1071	6  17  10 
1073	2  25  31 
1077	2  29  17 
1079	2  29  17 
1073	2  14   0 
1077	2   8  26 
1079	2  14  24 
1079	6  33  32 
1081	2  14  24 
1083	2  14  24 
1085	2   8  26 
1087	2   8  26 
1089	2   7  20 
1081	2  29  17 
1085	6  22  16 
1089	6   9   3 
1091	2  27  13 
1095	2   2   7 
1097	2  14  18 
1093	2  17  28 
1099	2  25  31 
1099	2  20  15 
1099	2   2   7 
1095	2  17  28 
1101	2  27  13 
1101	6  16   9 
1103	2  27  13 
1107	2  26  16 
1109	2  14  18 
1111	2   0   3 
1113	2   2   7 
1109	2  17  28 
1111	2  21  19 
1113	2  25  31 
1113	2  20  15 
1115	2  21  19 
1115	2   0   3 
1117	6  32  24 
1117	2  23  28 
1117	2   1   9 
1119	2  23  28 
1123	2  26  16 
1119	6  13   7 
1125	2  27  25 
1127	2  33  29 
1125	2   1   9 
1127	2   1   9 
1129	2   1   7 
1129	2  27  25 
1131	2   1   7 
1129	2  10  17 
1133	2   1   7 
1131	2  26  16 
1133	2  20  15 
1135	2   0   3 
1137	2   2   3 
1133	2  23  28 
1137	2  10  17 
1135	2  21  19 
1137	2  21  31 
1137	6  12   0 
1139	2  10  17 
1139	2  20   8 
1141	2   2   3 
1141	2  27  25 
1143	6  23  15 
1143	2   2   3 
1145	2   7   1 
1143	2  19  12 
1145	2  19  12 
1147	2  19  12 
1147	2   7   1 
1149	6  33  23 
1149	2   7   1 
1151	2  14  18 
1153	2  14   3 
1155	2  19  25 
1155	2  15   1 
1155	2  23  29 
1155	2  32  33 
1157	6  24  12 
1157	2  32  33 
1157	2  23  29 
1163	2  21  31 
1163	6   2   0 
1165	2  21  31 
1167	2  32  33 
1167	2  19  25 
1167	6  29  16 
1169	2  31  24 
1169	2  20   8 
1171	2  19  25 
1173	6  22  21 
1173	2   9   2 
1173	2  31  24 
1175	2  31  24 
1175	2   9   2 
1177	2  19   7 
1173	6  34  29 
1179	6  34  32 
1179	2  15   1 
1185	2  32  34 
1181	2  14   3 
1183	2   9   2 
1185	2  15   1 
1179	6  24  18 
1185	6  30  24 
1187	2   2   0 
1189	2   2   0 
1187	2  32  34 
1187	2  13  21 
1189	2  13  21 
1189	2  32  34 
1187	6  23  17 
1191	2  20   8 
1191	6  33  31 
1193	2   8  16 
1195	2   8  16 
1197	6  25  13 
1203	2  19   7 
1205	2  25  21 
1207	2  31  30 
1207	2  19   7 
1207	2  22  21 
1197	6  17  10 
1203	2   9  10 
1205	2   9  10 
1207	2   9  10 
1197	6  34  29 
1209	2  31  30 
1209	2   8  16 
1209	2  20  27 
1211	6   8   0 
1211	2  31  30 
1211	2  22  21 
1213	2  25  26 
1217	2  13  16 
1219	6   6   0 
1219	2  17  29 
1219	2   2   8 
1219	2  20  27 
1221	2  25  26 
1221	2  17  29 
1223	2  17  29 
1221	2  14   3 
1223	2   3   9 
1225	2   3   9 
1227	2   3   9 
1223	2  18  31 
1223	2  20  27 
1225	2  27  33 
1227	2  25  26 
1229	2  32  25 
1227	2  22  21 
1229	2   8  21 
1225	6  12   6 
1231	2  13  16 
1233	2  12  30 
1235	2  12  30 
1231	2  27  33 
1237	2  12  30 
1233	2  20  26 
1235	2  20  26 
1237	2  20  26 
1233	2  10   2 
1239	2  32  25 
1235	2  10   2 
1237	2  10   2 
1233	2  22  23 
1235	2  22  23 
1237	2  22  23 
1239	2  28  14 
1241	2  13  16 
1243	2  18  31 
1245	2  18  31 
1241	2  27  33 
1247	2  32  25 
1243	2   8  21 
1245	2   8  21 
1247	2  28  14 
1249	2  28  14 
