   1	6  52  38 
   1	2  35  34 
   3	2  35  34 
   1	2   1  16 
   5	2  35  34 
   3	2   1  16 
   5	2   1  16 
   1	6  19  13 
   7	6  38  21 
  13	2  12  21 
   7	2  25  41 
   9	2  25  41 
  11	2  32  18 
  13	2  37  27 
   7	6   1   0 
   1	6  23  15 
   7	6  15   6 
   1	6  57  56 
   1	6  62  55 
   7	6  62  59 
  13	2  59  57 
  13	6  16   8 
  15	2  59  57 
  15	2  31  55 
  15	2   5  13 
  17	2  14  11 
  19	2  12  21 
  15	2  36  28 
  17	2  36  28 
  17	2  38  53 
  19	2  37  27 
  17	2  59  57 
  13	6  42  40 
  19	6  48  24 
  21	2  14  11 
  21	2  36  28 
  23	2  36  28 
  23	2  14  11 
  25	2  12  21 
  25	2  37  27 
  25	2  48  58 
  19	6  43  42 
  19	6  60  52 
  19	6  62  54 
  25	6  24   9 
  27	2  46  43 
  29	2  31  55 
  31	2  31  55 
  29	2  36  28 
  31	2  36  28 
  29	2  48  58 
  33	2  38  53 
  35	2  46  43 
  27	2   5  13 
  29	2   5  13 
  31	2  32  18 
  33	2  32  18 
  37	6  53  38 
  37	2  48  58 
  39	2  48  57 
  37	2  19  26 
  39	2  19  26 
  41	2  25  41 
  31	6   6   4 
  35	6   9   2 
  41	2   2   4 
  33	6  23  21 
  39	6  22  15 
  43	2  46  43 
  43	2   2   4 
  43	2  48  57 
  45	6  33  17 
  45	2  48  57 
  45	2   2   4 
  51	2  27  34 
  47	2   2  12 
  49	2   2  12 
  53	2  19  26 
  47	2  48  57 
  55	2  27  34 
  55	2   2  12 
  45	2  53  38 
  49	2  48  57 
  51	2  48  57 
  47	6  31  22 
  47	6  44  43 
  53	2  37  44 
  55	2  37  44 
  51	6  32  16 
  47	6  54  47 
  57	2  37  44 
  57	2  27  34 
  53	2  31  47 
  55	2  31  47 
  57	2  31  47 
  47	6  60  59 
  53	6  59  49 
  53	6  15   6 
  59	6  38  14 
  59	2  33  42 
  61	2  33  42 
  63	2  33  42 
  59	6  28  20 
  59	6  58  48 
  57	6  16   2 
  59	6  52  44 
  63	6  18   1 
  65	2  47  38 
  67	2  47  38 
  65	2   5  14 
  69	2  47  38 
  65	2  33  41 
  67	2   5  14 
  69	2   4   2 
  67	2  33  41 
  71	2   4   2 
  73	2   5  14 
  75	2   4   2 
  69	2  33  41 
  71	6  40  24 
  77	6  50  40 
  77	6  26  25 
  65	6  44  28 
  65	6  31  23 
  71	2  46  31 
  73	2  46  31 
  75	2  46  31 
  71	6  60  52 
  77	6  52  44 
  71	6  29  28 
  77	2  29  15 
  79	2  29  15 
  81	2  29  15 
  77	6   3   1 
  83	6  15   5 
  83	2  19  29 
  85	2  19  29 
  83	2  49  50 
  85	2  49  50 
  87	2  49  50 
  87	2  19  29 
  89	2  31  15 
  91	2  31  15 
  93	2  31  15 
  89	2   5   3 
  91	2   5   3 
  93	2   5   3 
  83	2  52  59 
  85	2  52  59 
  87	2  52  59 
  89	2  52  44 
  91	2  52  44 
  93	2  52  44 
  89	6  42  41 
  89	6  59  58 
  83	6  24   8 
  89	6  28  18 
  95	6  12   2 
  95	2  17  18 
  97	2  17  18 
  99	2  17  18 
 101	6  26  19 
  95	6  51  36 
 101	2  21  36 
 103	2  21  36 
 105	2  21  36 
 101	6  51  42 
  89	6  32  24 
  77	6  55  46 
  95	6  48  32 
 101	6  16   2 
 101	6  49  48 
 107	6  43  42 
 107	2  32  25 
 109	2  32  25 
 111	2  32  25 
 107	2  45  28 
 109	2  45  28 
 111	2  45  28 
 107	2  58  49 
 109	2  58  49 
 111	2  58  49 
 107	6  11  10 
 107	6   1   0 
 107	6  23  14 
 113	6  30  23 
 113	2  28  13 
 115	2  28  13 
 117	2  28  13 
 113	2  46  45 
 115	2  46  45 
 117	2  46  45 
 113	2  24  42 
 115	2  33  16 
 119	2  13   5 
 119	2  37  51 
 117	2  33  16 
 119	2  33  16 
 113	6   3   1 
  83	6  62  55 
 119	6  19   3 
 121	2  29  46 
 123	2  30  45 
 121	2  13   5 
 123	2  13   5 
 121	2  24  42 
 123	2  24  42 
  89	6  62  61 
 121	6  61  60 
 125	2  36  42 
 127	2  48  24 
 125	2  19  21 
 127	2  19  21 
 121	6   9   1 
 127	6  51  36 
 133	2  20  28 
 135	2  19  21 
 137	2  21   4 
 129	2  48  24 
 135	2  37  36 
 131	2  48  24 
 133	2   9  24 
 135	2   9  24 
 133	2  51  42 
 135	2  51  42 
 137	2  58  51 
 137	2  35  18 
 137	6  45  38 
 139	2  58  51 
 141	2  58  51 
 139	2  21   4 
 139	2  35  18 
 141	2  35  18 
 141	2  21   4 
 137	6  24  16 
 137	6  41  33 
 143	6  17  10 
 143	2  20  28 
 145	2  29  46 
 147	2  30  38 
 147	2  20  28 
 143	2  35  42 
 145	2  35  42 
 147	2  35  42 
 143	6  59  57 
 143	6   4   3 
 143	6  14  13 
 147	6  45  44 
 149	2  13   4 
 149	2  28  35 
 151	2  13   4 
 153	2  13   4 
 149	2  17  33 
 151	2  28  35 
 151	2  17  33 
 153	2  37  36 
 155	2  13  27 
 155	2  30  38 
 153	2   9  16 
 149	6  60  50 
 155	2  49  50 
 157	6   3   1 
 157	2  18  19 
 159	2  18  19 
 161	2  18  19 
 157	2  34  44 
 159	2  28  35 
 161	2  34  44 
 157	2  49  50 
 159	2  49  50 
 163	6  35  17 
 163	6  11   4 
 169	6  45  37 
 169	2  18  19 
 171	2  18  19 
 169	2   1  16 
 171	2   1  16 
 169	2  35  33 
 171	2  33  32 
 173	2  26  11 
 163	6  63  60 
 157	6  39  22 
 161	6  50  49 
 163	6  22  15 
 169	6  55  31 
 169	6  58  49 
 173	6  16   9 
 175	2  35  43 
 177	2  35  43 
 175	2  18  19 
 179	2  35  43 
 177	2  28  19 
 179	2   1   9 
 179	2  28  19 
 175	2  63  39 
 175	2  33  32 
 177	2  63  39 
 179	2  63  39 
 177	2  33  32 
 175	6  22  21 
 179	6  49  32 
 181	2  17   9 
 181	2  13  27 
 185	2  16  32 
 183	2  13  27 
 181	2  47  63 
 185	2  26  11 
 183	2  47  63 
 185	2  47  63 
 175	6  59  52 
 181	2  45  52 
 183	2  45  52 
 185	2  45  52 
 185	6  49  42 
 187	2  17   9 
 187	2  29  46 
 189	2  28  19 
 189	2  63  55 
 189	2  17   9 
 185	6  59  58 
 187	6  32  24 
 191	2  13  29 
 191	2  34  44 
 193	2  16  24 
 193	2  26  11 
 191	2  57  49 
 195	2  20  36 
 197	2  13  29 
 199	2  20  36 
 195	2  16  24 
 193	2  57  49 
 191	2  63  55 
 195	2  41  26 
 193	2  63  55 
 197	2  41  26 
 199	2  57  49 
 189	6  46  39 
 195	2  61  46 
 197	2  61  46 
 199	2  61  46 
 199	6  51  42 
 201	2  20  36 
 201	2  57  49 
 203	2  13  29 
 203	2  57  49 
 205	6  21  19 
 205	2  61  59 
 205	2  57  49 
 205	2  44  35 
 207	2  44  35 
 209	2  44  35 
 207	2  61  59 
 209	2  61  59 
 199	6  24   8 
 205	2   1   8 
 207	2   1   8 
 209	2   1   8 
 205	6  38  37 
 211	6  34  25 
 211	6  53  29 
 207	6  49  40 
 211	6  16   8 
 211	6  47  39 
 205	6   5   4 
 217	6  63  62 
 217	2  52  53 
 219	2  52  53 
 221	2  52  53 
 217	2  34  58 
 219	2  34  58 
 221	2  34  58 
 217	6  39  30 
 211	6  10   4 
 217	6   9   8 
 217	6  20   4 
 223	6  31  14 
 223	2  20  29 
 223	2  62  59 
 225	2  20  29 
 227	2  27  42 
 229	6  43  37 
 229	2  25  19 
 231	2  25  19 
 233	2  25  19 
 225	6  61  60 
 223	6   4   2 
 229	6   8   1 
 229	6  47  31 
 229	6  13   4 
 231	6  60  59 
 235	2  43  33 
 235	2  20  29 
 229	6  49  48 
 235	6  46  39 
 237	2  62  60 
 237	2  18  19 
 237	2  13  29 
 237	2  43  33 
 239	2  13  29 
 239	2  10  34 
 241	2  13  29 
 239	2  62  60 
 243	2  29  31 
 241	2  43  33 
 243	2  10  34 
 245	6  24   8 
 251	2  16  40 
 245	2  43  59 
 247	2  43  59 
 249	2  43  59 
 245	2  29  31 
 247	2  29  31 
 243	6  14  13 
 249	6  29  11 
 253	2  25  33 
 241	6  54  47 
 247	6  53  46 
 253	2  51  53 
 253	6   8   1 
 255	2  18  19 
 255	2  25  33 
 255	2  51  53 
 255	2  29  37 
 257	2  29  37 
 259	2  29  37 
 257	2  27  42 
 259	2  18  19 
 261	2  27  42 
 257	6  59  58 
 249	6  23  14 
 255	2  23  39 
 257	2  23  39 
 259	2  23  39 
 261	2  39  55 
 255	6  13  12 
 257	6  32  25 
 261	6  29  22 
 263	2  51  53 
 267	2  23  22 
 265	2  39  55 
 265	2  10  34 
 267	2  39  55 
 267	2  41  26 
 267	2   2  10 
 269	6  50  36 
 275	2  44  41 
 269	2  23  22 
 269	2   2  10 
 271	2   2  10 
 273	2  10   2 
 275	2  10   2 
 271	2  23  22 
 273	2  23  39 
 275	2  23  39 
 273	6  21  13 
 277	2  27  45 
 279	2  38  21 
 277	2  50  51 
 277	2  16  40 
 279	2  50  51 
 279	2  32  33 
 277	2  10   2 
 269	6  62  55 
 279	6   4   2 
 281	2  24  33 
 281	2  38  21 
 283	2  24  33 
 281	2  50  51 
 283	2  38  21 
 279	6  61  54 
 279	6  19  18 
 279	6  44  35 
 285	6  37  27 
 285	2  24  33 
 291	2  11  27 
 293	2  11  27 
 287	2  16  40 
 289	2  16  24 
 291	2  23  39 
 291	2  37  45 
 291	2  16  24 
 295	2  11  27 
 293	2  16  24 
 285	2  59  61 
 287	2  59  61 
 289	2  59  61 
 293	2  44  61 
 295	2  44  61 
 293	6  23   6 
 297	2  37  45 
 299	2   6   4 
 299	2  44  61 
 297	6  42  34 
 301	2  45  37 
 301	2   6   4 
 297	6  18  17 
 297	6  27  20 
 289	6  49  40 
 295	6  40  32 
 293	6  47  39 
 295	6  58  49 
 301	6  62  59 
 307	2  59  50 
 307	2  46  61 
 303	2  29  36 
 305	2  29  36 
 307	2  29  36 
 303	2   6   4 
 303	6  24   8 
 303	6  34  18 
 305	6  13   3 
 309	2  52  34 
 311	6  61  47 
 311	2  35  41 
 311	2   9  18 
 313	2  35  41 
 315	2  49  41 
 313	2   9  18 
 315	2   9  18 
 311	6  30  21 
 311	6  11   3 
 315	6  43  34 
 317	2  11   9 
 317	2  46  47 
 317	2  31  29 
 319	2  46  47 
 319	2  31  29 
 321	2  45  37 
 317	2  49  41 
 319	2  49  41 
 323	2  45  37 
 321	2  52  43 
 323	2  59  50 
 325	2  61  58 
 325	2  31  29 
 319	2  11   9 
 321	2  11   9 
 323	2  35  18 
 325	2  35  18 
 327	6  52  43 
 327	2  31  22 
 329	2  29  19 
 331	2  31  22 
 323	6   8   1 
 333	2  59  50 
 331	2   1   4 
 333	2  31  22 
 333	2   1   4 
 315	6  32  24 
 321	6  33  24 
 335	2   1   4 
 335	2  43  52 
 331	2  27  33 
 333	2  27  33 
 335	2  27  33 
 331	6  38  37 
 337	6  49  32 
 337	2  59  52 
 343	2  51  49 
 337	2  37  27 
 345	2  51  49 
 339	2  37  27 
 341	2  37  27 
 343	2  27  26 
 347	2  35  18 
 349	2  31  45 
 349	2  27  26 
 337	6   3   2 
 347	6  50  41 
 351	2  31  45 
 351	2  27  26 
 337	6  21  12 
 349	6  16   9 
 353	2  31  45 
 353	6  33  27 
 355	2  61  58 
 359	2  26  17 
 357	2  61  58 
 359	2  50  43 
 355	6  55  47 
 343	6  12   3 
 349	6   3   2 
 349	6  21  12 
 361	2  50  43 
 363	2  59  52 
 365	2  59  52 
 361	2  26  17 
 355	2  37  21 
 357	2  37  21 
 359	2  37  21 
 361	2  28  37 
 363	2  27  30 
 365	2  27  30 
 359	6  41  33 
 363	6   9   2 
 367	2  27  30 
 367	2  51  49 
 363	6  24  16 
 369	6  53  51 
 369	2  25   9 
 371	2  18  33 
 373	2  26  17 
 369	2  36  30 
 371	2  36  30 
 375	2  18  33 
 373	2  36  30 
 375	2  30  47 
 375	2  50  43 
 371	6   3   2 
 377	6  37  21 
 377	2  59  43 
 379	2  59  43 
 377	2  25   9 
 381	2  59  43 
 379	2  25   9 
 381	2  17  32 
 375	6  62  61 
 377	6   4   3 
 383	6  11   1 
 383	2  44  37 
 385	2  28  21 
 387	2  44  37 
 383	6  61  60 
 377	6  31  15 
 383	6  49  25 
 389	6  17  16 
 389	2  27  51 
 389	2  30  47 
 391	2  30  47 
 391	2  27  51 
 393	2  27  51 
 383	6  15   6 
 395	2  51  57 
 389	2   4   6 
 395	2  25  10 
 397	2  17   1 
 397	2  51  57 
 391	2   4   6 
 393	2   4   6 
 397	2   3   4 
 395	2  20  36 
 397	2  20  36 
 393	6  46  30 
 399	6  35  34 
 399	2  51  57 
 399	2  53  46 
 401	2  53  46 
 399	2   3   4 
 399	2  16  32 
 401	2   3   4 
 399	2  29  19 
 401	2  28  21 
 403	2  44  37 
 401	2  17   1 
 403	2  17   1 
 401	6  59  49 
 405	2  25  10 
 405	2  20  36 
 407	2  16  32 
 407	2  57  51 
 405	2  53  46 
 407	2  38  36 
 409	6  44  35 
 409	2  29  19 
 411	2  18  33 
 413	2  25  10 
 415	2  28  19 
 417	2  28  19 
 409	2  60  59 
 419	2  18  10 
 411	2  60  59 
 415	2  24  34 
 417	2  24  34 
 419	2  24  34 
 413	2  60  59 
 415	2  44  60 
 417	2  44  60 
 419	2  44  60 
 413	6  48  40 
 399	6  23  15 
 409	6  57  50 
 409	6  39  23 
 421	6  60  52 
 421	2  28  19 
 423	2  38  36 
 421	2  25  17 
 425	2  38  36 
 423	2  18  10 
 425	2  25  17 
 419	6  49  48 
 407	6  62  55 
 425	6  58  49 
 427	2  44  37 
 429	2  44  37 
 427	2  18  10 
 429	2  25  17 
 421	6  42  34 
 427	6  61  47 
 431	2  44  37 
 431	2  50  51 
 427	6  27  20 
 431	6  34  33 
 433	2  45  28 
 433	2  50  51 
 435	2  59  58 
 435	2  37  39 
 429	6  10   2 
 435	6  19  16 
 437	2  59  58 
 437	2  37  39 
 439	2  59  58 
 439	2  37  39 
 435	6  49  40 
 403	6   6   5 
 441	6  61  44 
 447	2  58  44 
 449	2  58  44 
 441	2   9  33 
 443	2   9  33 
 451	2  58  44 
 445	2   9  33 
 441	6  30  20 
 447	2  30  47 
 449	2  30  47 
 451	2  30  47 
 447	6  20  19 
 447	6  33   9 
 453	6  52  34 
 459	2  33  41 
 459	2  26  19 
 453	2  22  30 
 455	2  22  30 
 453	2  10   9 
 457	2  22  30 
 459	2  52  51 
 455	2  10   9 
 459	2  30  22 
 457	2  10   9 
 453	6  46  39 
 453	6  57  48 
 409	6   5   4 
 453	6  24  16 
 441	6   4   3 
 459	6   9   3 
 461	2  30  22 
 461	2  33  41 
 463	2  33  41 
 461	2  59  62 
 463	2  59  62 
 463	2  30  22 
 461	2  26  19 
 463	2  26  19 
 459	6  47  39 
 459	6  36  28 
 465	6  21   3 
 465	2  40  24 
 465	2  27  34 
 465	2  59  62 
 467	2  40  24 
 467	2  60  59 
 467	2  27  34 
 469	2  40  24 
 469	2  52  51 
 469	2  27  34 
 471	2  60  59 
 473	2  60  59 
 471	2  45  36 
 473	2  45  36 
 471	2  42  50 
 471	2  39  21 
 473	2  62  55 
 475	2  52  51 
 477	2  51  59 
 475	2  39  21 
 477	2  20  28 
 479	2  51  59 
 481	2  51  59 
 483	2  46  52 
 485	2  46  52 
 479	2  20  28 
 481	2  20  28 
 483	2  42  50 
 487	2  62  55 
 487	2  20  37 
 485	2  42  50 
 471	6  32  16 
 471	6  26  10 
 477	2  26  35 
 477	2  10   1 
 479	2  10   1 
 481	2  10   1 
 479	2  26  35 
 481	2  26  35 
 477	6  14   5 
 477	6  40  24 
 483	2  24   9 
 485	2  24   9 
 487	2  24   9 
 483	6  35  26 
 483	6  48  40 
 489	6  10   3 
 489	2  26  16 
 489	2  39  21 
 491	2  20  37 
 491	2  62  55 
 493	2  21  38 
 493	2  26  16 
 487	6  60  50 
 493	2  48  50 
 493	2  62  60 
 495	6  16  10 
 495	2  35  27 
 495	2  46  52 
 497	2  48  50 
 499	2  48  50 
 497	2  21  38 
 499	2  21  38 
 497	2  62  60 
 499	2  62  60 
 501	2  16  33 
 503	2  16  33 
 497	2  35  27 
 501	2  20  37 
 503	2  45  38 
 505	2  16  33 
 505	2  52  37 
 503	2  35  27 
 507	2  25  43 
 507	6  54  30 
 513	2  45  38 
 515	2  45  38 
 509	2  26  10 
 511	2  11  27 
 513	2  11  27 
 515	2  11  27 
 501	6  58  49 
 511	2  33  49 
 513	2  33  49 
 515	2  33  49 
 517	6  20   2 
 517	2  25  43 
 519	2  25  43 
 517	6  58  49 
 513	6  61  55 
 523	2  28  20 
 519	2  55  39 
 521	2  55  39 
 523	2  55  39 
 521	6  44  34 
 525	2  28  20 
 521	6  24  17 
 523	6  59  50 
 527	2  28  20 
 527	2  34  32 
 527	2  53  44 
 523	6   3   2 
 529	6  57  49 
 529	2  11  17 
 531	2  11  17 
 533	2  11  17 
 529	2  34  32 
 529	2  53  44 
 531	2  34  32 
 533	2  33  32 
 531	2  53  44 
 533	2  52  37 
 535	6  34  19 
 535	2  58  61 
 537	2  58  61 
 539	2  58  61 
 541	6  36  28 
 541	2  60  61 
 543	2  60  61 
 541	2  40  34 
 543	2  40  34 
 545	2  60  61 
 545	2  40  34 
 541	2  51  58 
 543	2  51  58 
 545	2  51  58 
 535	6  39  22 
 541	6  55  46 
 541	6  22  12 
 535	6  24  17 
 541	6  17  10 
 547	6  55  31 
 547	2  33  32 
 549	2  33  32 
 547	2  35  44 
 549	2  35  44 
 547	2   2  19 
 551	2  35  44 
 549	2  12  18 
 551	2  12  18 
 547	6  50  48 
 553	6  29  27 
 553	2  48  33 
 555	2  48  33 
 557	2  48  33 
 553	6  61  46 
 553	6  11   2 
 553	6  17  16 
 553	6  31  23 
 553	6  50  43 
 559	6  61  59 
 559	2  41  27 
 559	2  14  38 
 561	2  14  38 
 561	2  41  27 
 563	2  41  27 
 563	2  14  38 
 559	6   3   1 
 565	6  23   5 
 565	2  27  17 
 567	2  28  10 
 569	2  27  17 
 565	6  59  41 
 571	6  59  42 
 571	2  28  10 
 573	2  12  18 
 573	2  45  29 
 575	2  11  19 
 575	2  45  29 
 571	6  62  61 
 577	6  53  47 
 577	2  41  40 
 579	2  41  40 
 581	2  41  40 
 577	2  11  19 
 579	2  28  10 
 581	2  11   4 
 581	2  27  17 
 577	6  58  51 
 581	6  30  21 
 583	2  32  41 
 585	2  32  41 
 583	2  17  16 
 583	2  11   4 
 585	2  17  16 
 585	2  35  19 
 583	6  47  39 
 587	2  32  41 
 587	2   3  27 
 587	2  17  16 
 589	6  13   3 
 589	2  30  39 
 591	2  30  39 
 593	2  30  39 
 589	6  18  16 
 583	6  59  53 
 589	2  53  54 
 589	2  42  59 
 591	2  42  59 
 593	2  42  59 
 591	2  53  54 
 593	2  53  54 
 589	6  40  32 
 589	6  44  36 
 595	6  50  33 
 595	2  20  18 
 597	2  20  18 
 601	2  34  42 
 603	2  34  42 
 599	2  11   4 
 605	2  34  42 
 595	2  54  62 
 597	2  54  62 
 599	2  45  29 
 601	2  20  18 
 601	2  44  61 
 603	2  44  61 
 605	2  44  61 
 599	6  55  47 
 601	6   5   3 
 595	6   8   1 
 601	6  24   8 
 603	6  30  20 
 607	2   3  10 
 609	2   3  10 
 609	2  52  37 
 607	2  54  62 
 611	2  35  19 
 613	2   3  10 
 607	2  24  32 
 609	2  24  32 
 611	2  24  32 
 613	2  32  40 
 615	2  32  40 
 615	2  35  19 
 609	6  55  54 
 611	6  52  50 
 609	6  21  13 
 611	6  39  30 
 613	6  25  17 
 617	2  41  50 
 617	2  52  62 
 619	2  52  62 
 619	2  41  50 
 617	2  21  27 
 621	2  32  40 
 623	2  41  50 
 619	2  20  17 
 621	2  20  17 
 623	2  20  17 
 621	2  52  62 
 625	6  29  11 
 625	2  42  25 
 627	2  42  25 
 629	2  42  25 
 623	6  60  54 
 629	2  60  59 
 625	6  14   5 
 631	6  17  10 
 631	2  45  42 
 631	2  60  59 
 633	2  60  59 
 633	2  21  27 
 635	2  43  28 
 633	6  49  33 
 637	2  36  27 
 637	2  21  30 
 631	6   5   4 
 639	2  26  33 
 637	2  10   4 
 639	2  49  59 
 641	2  26  33 
 639	2  10   4 
 641	2  10   4 
 643	2  26  33 
 639	2  21  30 
 641	2  43  28 
 643	2  49  59 
 643	2  21  30 
 639	6  24  16 
 633	6  62  47 
 639	6  61  53 
 643	6  11   1 
 645	2  49  59 
 645	2  33  24 
 647	2  33  24 
 649	2  33  24 
 645	2  39  30 
 647	2  39  30 
 645	2  36  27 
 649	2  39  30 
 647	2  36  27 
 649	2  43  28 
 645	6  13   5 
 645	6  55  53 
 647	6  59  58 
 651	2  16   1 
 651	2  38  36 
 651	6  26  19 
 653	2  47  39 
 653	2  16   1 
 655	2  16   1 
 655	2  38  36 
 651	6  23  13 
 653	6  60  50 
 657	2  12  19 
 659	2  12  19 
 661	2  12  19 
 657	2  38  36 
 657	2  25  24 
 659	2  43  46 
 659	2  25  24 
 661	2  43  46 
 661	2  25  24 
 657	6   8   2 
 659	6  31  23 
 663	2  40  24 
 663	2  28  19 
 663	6  50  34 
 665	2  47  39 
 665	2  28  19 
 667	2  28  19 
 665	2  40  24 
 667	2  55  31 
 667	2  40  24 
 659	6  61  60 
 663	6  45  44 
 663	6  13   3 
 669	6  21  12 
 669	2  50  60 
 669	2  47  39 
 669	2  27  37 
 671	2  27  37 
 673	2  27  37 
 675	2  12   2 
 669	2  32  16 
 675	2  55  31 
 671	2  32  16 
 673	2  32  16 
 671	2  50  60 
 673	2  50  60 
 675	2  48  50 
 675	6  34  26 
 677	2  48  50 
 679	2  48  50 
 677	2  12   2 
 677	2  55  31 
 679	2  12   2 
 675	6  45  37 
 675	6  24  17 
 681	6  25   9 
 681	2  43  46 
 683	2  44  42 
 685	2  37  13 
 683	6  55  54 
 687	2  37  13 
 687	2  25  26 
 683	6  60  59 
 687	6   9   2 
 689	2  44  42 
 691	2  37  13 
 689	2  25  26 
 691	2  25  26 
 679	6  31  23 
 693	6  60  46 
 693	2  26   8 
 695	2  18  33 
 697	2  26   8 
 699	6  59  57 
 699	2  26   8 
 701	2   8   1 
 701	2  18  33 
 703	2   8   1 
 703	2  18  33 
 699	6  46  37 
 693	6  23  21 
 699	6  23  22 
 699	6  13   4 
 705	6  40  24 
 705	2   8   1 
 705	2  13  28 
 707	2   2   4 
 707	2  19  21 
 709	2  37  20 
 711	2  37  20 
 711	2  40  57 
 713	6  36  26 
 713	2   2   4 
 715	2   2   4 
 719	2  37  20 
 721	2  12  20 
 721	2  36  37 
 713	2  40  57 
 715	2  40  57 
 723	2  36  37 
 717	2  57  41 
 723	2  12  20 
 719	2   2  16 
 719	2  51  34 
 721	2   2  16 
 721	2  51  34 
 723	2   2  16 
 723	2  51  34 
 719	2  48  40 
 721	2  48  40 
 723	2  48  40 
 705	6  54  53 
 711	6  54  47 
 709	6  31  22 
 717	2  31  47 
 719	2  31  47 
 721	2  31  47 
 723	6  55  31 
 729	2  46  55 
 725	2   2  16 
 727	2   2  16 
 729	2   2  16 
 725	2  35  49 
 731	2  46  55 
 727	2  35  49 
 729	2  50  44 
 729	2  26  33 
 725	2  12  20 
 731	2  50  44 
 733	2  57  41 
 735	2  50  44 
 733	2  46  55 
 729	2  31  29 
 731	2  31  29 
 733	2  31  29 
 735	2  19  21 
 731	6  24   8 
 735	6  47  31 
 737	2  35  49 
 739	2  52  35 
 741	2  26  33 
 741	2  36  37 
 743	6  38  37 
 743	2  19  21 
 743	2  34  42 
 745	2  52  35 
 747	2  52  35 
 745	2  19  20 
 745	2  57  41 
 747	2  19  20 
 747	2  40  24 
 741	6  54  47 
 731	6   4   2 
 749	6  40  25 
 749	2  45  43 
 751	2  45  43 
 753	2  51  54 
 749	2  13  28 
 751	2  13  28 
 753	2  19  20 
 753	6  37  29 
 755	2  44  35 
 755	2  58  40 
 757	2  58  40 
 757	2  44  35 
 753	6  31  22 
 737	6   9   2 
 743	6   3   2 
 743	6   9   8 
 749	6   9   2 
 755	6  16   8 
 759	2  44  35 
 759	2  58  40 
 759	2  38  47 
 755	6  54  53 
 755	6  18  12 
 761	6  13  10 
 767	2  30  12 
 769	2  30  12 
 761	2  25  24 
 771	2  45  43 
 767	2  26  33 
 769	2  25  24 
 771	2  18  17 
 761	6  60  58 
 773	2  30  12 
 773	2  18  17 
 773	2  51  53 
 775	6  51  45 
 775	2  18  17 
 777	2  25  17 
 779	2  25  17 
 767	6   8   1 
 775	6  55  39 
 771	6  41  32 
 775	6  21   3 
 777	6  41  34 
 781	2  29  21 
 781	2   3   2 
 781	2  38  47 
 781	2  61  60 
 781	2  25  17 
 783	6  25  10 
 783	2  29  21 
 783	2  61  60 
 785	2  45  53 
 785	2  29  21 
 783	2  38  47 
 789	2  40  58 
 789	2   3   2 
 787	6  37  36 
 791	2   3   2 
 791	2  40  58 
 789	6  43  34 
 793	2   2   3 
 793	2  40  58 
 789	6  17   8 
 787	6  31  13 
 795	6  29  27 
 795	2   2   3 
 795	2  61  60 
 797	2  51  60 
 797	2   2   3 
 795	2  32  25 
 797	2  32  25 
 799	2  32  25 
 799	2   4   3 
 795	2  41  42 
 797	2  41  42 
 801	2   4   3 
 801	2  22  29 
 799	2  50  42 
 801	2  50  42 
 787	6  55  54 
 793	6  46  39 
 799	6  54  52 
 803	2  22  29 
 803	2   4   3 
 803	2  50  42 
 805	6  36  34 
 805	2   4   3 
 805	2  51  60 
 807	2  51  60 
 809	2  51  50 
 805	2  31  55 
 807	2  31  55 
 809	2  31  55 
 807	2   4   3 
 809	2   4   3 
 801	6  24  17 
 811	2  46  55 
 811	2  22  29 
 811	2  49  34 
 811	6  39  31 
 813	2  46  55 
 813	2  49  34 
 815	2  49  34 
 815	2  46  55 
 807	6  19  17 
 811	6  59  52 
 817	6  36  21 
 823	2  29  30 
 817	2  24  40 
 819	2  24  40 
 821	2  24  40 
 823	2  53  43 
 817	2  59  58 
 825	2  34  27 
 827	2  34  27 
 825	2  29  30 
 819	2  59  58 
 821	2  59  58 
 825	2  51  50 
 827	2  29  30 
 827	2  51  50 
 829	6  22  19 
 829	2  53  43 
 831	2  53  43 
 833	2  60  43 
 835	6  31  29 
 835	2  34  27 
 837	2  60  43 
 839	2  60  43 
 823	6  48  32 
 829	2  16  32 
 831	2  16  32 
 833	2  16  32 
 835	6  24   8 
 829	6  58  49 
 841	2  22  31 
 835	2  49  48 
 843	2  22  31 
 837	2  49  48 
 839	2  49  48 
 841	2  36  54 
 843	2  36  54 
 837	6  26  19 
 841	6  32  24 
 845	2  36  54 
 845	2  12  21 
 841	6   8   2 
 847	6  45  35 
 847	2  12  21 
 849	2  12  21 
 851	2  22  31 
 853	2  35  19 
 853	2  21  30 
 847	2  49  32 
 849	2  49  32 
 853	2  45  53 
 851	2  49  32 
 853	6  57  40 
 855	2  21  30 
 857	2  21  30 
 855	2  35  19 
 857	2  35  19 
 855	2  45  53 
 857	2  45  53 
 851	6   4   2 
 859	6  61  37 
 859	2  20  12 
 861	2  20  12 
 859	2  26  41 
 861	2  26  41 
 863	2  26  41 
 863	2  20  12 
 865	6  40  34 
 871	2  41  40 
 865	2  28  37 
 867	2  28  37 
 869	2  28  37 
 865	2  58  61 
 867	2  58  61 
 869	2  58  61 
 873	2  41  40 
 871	2  57  59 
 875	2  41  40 
 873	2  57  59 
 875	2  57  59 
 871	6  37  19 
 857	6   9   1 
 871	6  34  25 
 877	6  25   9 
 877	2  60  59 
 883	2  19  18 
 879	2  53  43 
 881	2  53  43 
 883	2  34  44 
 885	2  34  44 
 883	2  60  59 
 885	2  19  18 
 885	2  60  59 
 865	6  13   4 
 877	6  57  48 
 883	2  48  40 
 885	2  48  40 
 877	6  39  15 
 883	6  30  13 
 887	2  34  44 
 887	2  19  18 
 887	2  48  40 
 883	6  57  50 
 883	6   9   2 
 883	6  54  46 
 889	6   4   2 
 889	2  30  38 
 891	2  30  38 
 889	2  53  43 
 889	2  19  25 
 891	2  19  25 
 893	2  19  25 
 893	2  37  61 
 889	6  15   6 
 891	6  43  42 
 895	2  30  38 
 895	2  32  25 
 897	2  37  61 
 897	2  32  25 
 899	2  32  25 
 895	2   4   6 
 897	2   4   6 
 899	2  37  61 
 901	2  21  37 
 899	2   4   6 
 889	6  58  49 
 895	6  58  57 
 903	2  21  37 
 905	2  21  37 
 901	2  61  58 
 903	2  61  58 
 905	2  61  58 
 901	6  33  27 
 901	6   6   5 
 895	6  16   8 
 901	6  47  31 
 907	6   4   1 
 907	2  61  59 
 909	2  61  59 
 911	2  61  59 
 907	2  49  33 
 909	2  49  33 
 911	2  49  33 
 907	2  29  27 
 909	2  29  27 
 911	2  29  27 
 907	6  46  44 
 913	6  45  37 
 913	2  33  34 
 915	2  33  34 
 917	2  33  34 
 919	2  35  44 
 921	2  35  44 
 923	2  35  44 
 913	2   1   8 
 915	2   1   8 
 917	2   1   8 
 913	2  12  18 
 915	2  12  18 
 917	2  12  18 
 919	6  24  16 
 913	6  55  47 
 919	6  11   5 
 913	6  60  50 
 919	6   9   1 
 913	6  31  30 
 919	6  50  41 
 919	6  61  55 
 919	6  38  22 
 925	6  11   9 
 925	2  60  61 
 927	2  60  61 
 929	2  60  61 
 925	2  36  29 
 927	2  36  29 
 929	2  36  29 
 925	6  41  24 
 925	6  51  43 
 931	6  26  19 
 937	2  11  20 
 931	2  37  29 
 933	2  37  29 
 931	2  54  51 
 933	2  54  51 
 935	2  54  51 
 937	2  44  38 
 937	2  49  41 
 931	2   9  17 
 933	2   9  17 
 935	2   9  17 
 937	6  26  16 
 939	2  44  38 
 941	2  44  38 
 939	2  13  22 
 941	2  13  22 
 939	2  49  41 
 941	2  49  41 
 943	6  57  40 
 943	2  38  45 
 945	2  38  45 
 947	2  38  45 
 943	2   9  10 
 943	2  13  22 
 943	2  26  28 
 945	2  26  28 
 947	2  26  28 
 945	2   9  10 
 947	2   9  10 
 943	6  43  42 
 945	6  13  12 
 949	2  24   9 
 949	2  35  50 
 951	2  35  50 
 949	2  37  29 
 951	2  11  20 
 953	2  11  20 
 953	2  35  50 
 951	2  24   9 
 953	2  24   9 
 955	6  25  17 
 955	2  58  60 
 957	2  58  60 
 959	2  58  60 
 949	6  47  31 
 955	6  38  22 
 955	6  12   3 
 955	6  40  32 
 961	6  59  41 
 955	6  28  27 
 961	2  28  31 
 963	2  28  31 
 965	2  28  31 
 955	6   8   1 
 961	6   9   3 
 967	6  59  57 
 967	2  38  53 
 967	2  28  36 
 969	2  28  36 
 971	2  28  36 
 969	2  38  53 
 967	2  25  42 
 971	2  38  53 
 969	2  25  42 
 971	2  25  42 
 967	6  22  14 
 973	6  32  16 
 973	2  45  60 
 975	2  27  51 
 977	2  27  51 
 967	6   2   1 
 973	6  13   3 
 973	6  31  23 
 979	6   3   2 
 979	2  27  51 
 979	2  13  14 
 981	2  25  32 
 981	2  13  14 
 983	2  16   9 
 985	2  16   9 
 981	2  51  42 
 983	2  51  42 
 985	2  51  42 
 983	2  13  14 
 985	2  13  14 
 981	6  58  57 
 979	6  38  30 
 981	6  36  19 
 975	6  54  47 
 981	6  54  53 
 985	6  47  39 
 987	2  34  10 
 989	2  16   9 
 991	2  25  32 
 993	2  25  32 
 989	2  18  19 
 991	2  18  19 
 993	2  18  19 
 987	2  13  14 
 989	2  13  14 
 987	2  45  60 
 989	2  45  60 
 991	2  38  36 
 993	2  38  36 
 989	6   4   3 
 987	6  57  48 
 991	6  23   6 
 995	2  32  41 
 995	2  38  36 
 991	6  61  51 
 995	6  26  19 
 997	2  53  36 
 999	2  53  36 
1001	2  53  36 
1003	2  30  12 
 997	2  50  51 
 999	2  50  51 
1001	2  50  51 
1003	2  36  35 
 997	2  32  41 
 999	2  32  41 
1003	6  59  53 
1005	2  36  35 
1007	2  36  35 
1005	2  38  39 
1005	2   6   4 
1007	2   6   4 
1007	2  38  39 
1009	6  43  36 
1009	2  59  58 
1011	2  59  58 
1013	2  59  58 
1009	2  38  39 
1009	2   6   4 
1011	2   4   2 
1015	2  43  58 
1013	2   4   2 
1015	2   4   2 
1001	6  24   8 
1001	6  48  41 
1007	6  40  16 
1013	2  40  41 
1015	2  40  41 
1005	6  21  19 
1009	6  53  45 
1011	6  14   6 
1011	6  27  19 
1011	6  30  21 
1017	6  59  50 
1017	2  46  30 
1019	2  46  30 
1017	2  40  41 
1021	2  46  30 
1017	2  36  20 
1019	2  36  20 
1021	2  36  20 
1023	6  51  33 
1023	2  30  29 
1025	2  30  29 
1027	2  30  29 
1023	6  14  13 
1017	6   4   3 
1013	6  16   8 
1023	6  46  39 
1023	6  57  48 
1019	6   8   1 
1029	2  44  27 
1025	2   3   1 
1027	2   3   1 
1029	2  21  12 
1029	2  61  59 
1029	6  48  24 
1031	2  28  45 
1033	2  44  27 
1033	2  61  59 
1035	2  37  51 
1031	2   3   1 
1035	2  33  26 
1033	6   3   1 
1037	2  48  50 
1037	2  28  45 
1037	2  33  26 
1035	6  24  16 
1039	2  61  59 
1039	2  34  10 
1037	6  39  23 
1041	2  44  27 
1043	2  33  26 
1041	2  48  50 
1041	2  21  12 
1043	2  37  51 
1041	6  16   1 
1045	2  33  26 
1047	2  33  26 
1045	2  28  45 
1045	2  48  50 
1047	2  37  51 
1043	6  13  11 
1049	6  29  28 
1055	2  27  24 
1057	2  27  24 
1049	2  23  13 
1051	2  23  13 
1053	2  23  13 
1049	6   3   1 
1049	6  59  52 
1055	6  59  49 
1059	2   3  11 
1059	2  33  26 
1059	2  28  20 
1059	6   8   1 
1061	2  28  20 
1061	2   3  11 
1061	2  44  51 
1063	2   3  11 
1063	2  35  25 
1047	6  54  47 
1065	2  28  20 
1055	2  23  47 
1057	2  23  47 
1059	2  23  47 
1061	2  47  23 
1063	2  47  23 
1065	2  34  10 
1067	2   9  11 
1065	2  47  23 
1067	2  37  34 
1063	6  61  59 
1069	6  30  13 
1069	2  27  24 
1071	2  40  16 
1071	2  43  58 
1073	2  24  41 
1073	2  44  51 
1073	2   2  18 
1075	6  35  32 
1075	2   9  11 
1077	2   9  11 
1079	2  21  11 
1069	6  61  54 
1075	2  38  54 
1077	2  38  54 
1079	2  38  54 
1075	6  60  58 
1081	6  26  10 
1081	2  43  60 
1083	2  44  51 
1081	2  29  38 
1083	2  29  38 
1085	2  59  51 
1085	2  30  45 
1081	6  32  16 
1081	6  13  12 
1087	6  35  28 
1087	2  40  32 
1087	2  59  51 
1087	2   2  18 
1089	2  59  51 
1089	2   2  18 
1087	2  30  45 
1089	2  30  45 
1089	2  24  41 
1091	2  45  60 
1091	2  16  25 
1091	2  40  32 
1093	6  37  19 
1093	2  16  25 
1099	2  37  46 
1099	2  35  52 
1099	2  21  11 
1101	6  54  37 
1101	2  19  34 
1103	2  19  34 
1105	2  18  19 
1105	2  24  41 
1095	6   9   8 
1101	6  58  51 
1107	2  18  19 
1107	2  54  46 
1109	2  54  46 
1107	2  35  52 
1109	2  18  19 
1109	2  43  51 
1105	6  12   3 
1107	6  16   9 
1111	2  28  30 
1111	2  45  60 
1113	6  27  19 
1113	2  29  38 
1113	2  43  51 
1115	2  43  51 
1117	2  45  60 
1107	6  49  32 
1113	2  49  58 
1115	2  49  58 
1117	2  49  58 
1111	6  62  55 
1113	6  33  16 
1113	6   3   1 
1119	6  18  12 
1119	2  54  62 
1121	2  54  62 
1123	2  54  62 
1119	6  57  48 
1113	6  23  22 
1119	6  38  22 
1119	6  24   8 
1119	6  44  42 
1125	6  61  54 
1125	2  42  33 
1127	2  24  34 
1129	2  17   1 
1129	2  42  33 
1125	2  28  30 
1127	2  20  22 
1129	2  20  22 
1125	6  59  57 
1125	6  45  44 
1131	6  51  35 
1131	2  46  45 
1131	2  21  11 
1133	2  12  11 
1133	2  46  45 
1131	2  17   1 
1135	2  20  22 
1137	2  18  36 
1139	2  46  45 
1139	2   6  20 
1137	2  42  33 
1139	2  33  40 
1139	2  51  52 
1141	2  33  40 
1143	2  33  40 
1139	2  17   1 
1141	2  59  62 
1143	2  59  62 
1141	2  18  36 
1143	2  18  36 
1141	6  31  13 
1145	2  24  34 
1145	2  53  61 
1145	2   1   9 
1145	6  37  28 
1151	2  38  22 
1153	2  38  22 
1147	2  24  34 
1155	2  38  22 
1147	2   1   9 
1149	2  51  41 
1147	2  12  11 
1149	2  17   2 
1151	2  12  11 
1151	2   1   9 
1151	2  28  26 
1153	2  16   1 
1155	2  16   1 
1147	2  53  61 
1149	2  53  61 
1151	2  59  62 
1153	2  28  26 
1155	2  28  26 
1153	2  51  41 
1157	2  37  30 
1155	2  51  41 
1159	2  47  30 
1161	2  47  30 
1163	2  47  30 
1157	2  50  26 
1159	2  50  26 
1161	2  17   2 
1161	2  57  42 
1161	2  28  19 
1163	2  28  19 
1163	2  17   2 
1165	2  16   1 
1165	2  29  46 
1163	2  57  42 
1165	2  27  35 
1157	6  14  13 
1157	6  61  60 
1163	6  61  52 
1167	2  27  35 
1167	2  29  46 
1165	6  48  41 
1169	2  28  19 
1169	2  31  45 
1167	6  16   2 
1171	2  31  45 
1171	2  57  42 
1171	6  28  21 
1173	2  31  45 
1169	6  60  59 
1173	6  41  24 
1177	2  29  46 
1177	2  27  35 
1173	6   4   2 
1179	6  36  35 
1179	2  24  18 
1179	2  31  21 
1181	2  24  18 
1185	2  25  35 
1181	2  31  21 
1187	2  25  35 
1183	2  31  21 
1185	2   4  21 
1187	2   4  21 
1175	6  58  51 
1179	6  46  45 
1179	6   2   1 
1175	6  61  60 
1181	6  50  41 
1187	2  59  50 
1185	6  19  10 
1189	2  59  50 
1189	2   4  21 
1189	2  25  35 
1181	6  62  61 
1185	6  46  39 
1191	2  38  36 
1191	2  41  26 
1187	6  61  53 
1191	6  12   2 
1193	2  45  35 
1193	2  41  25 
1195	2  45  35 
1197	2   6  20 
1197	2  10  17 
1199	2  28  43 
1199	2  10  17 
1193	6  39  30 
1193	6  60  58 
1193	6  62  55 
1199	6  55  39 
1201	2  59  50 
1201	2  24  18 
1203	2   6  20 
1203	2  41  25 
1201	6  45  37 
1205	2  10  17 
1205	6  35  28 
1207	2  41  25 
1207	2  30  13 
1209	2  30  13 
1209	2  33  41 
1203	6  61  59 
1209	2  55  61 
1209	6  16  10 
1211	2  55  61 
1211	2  35  43 
1211	2  33  41 
1213	2  35  43 
1211	2  37  28 
1213	2  33  41 
1213	2  55  61 
1215	2  11  28 
1215	6  24   8 
1217	2  35  51 
1217	2  30  13 
1219	2  13   6 
1219	2  38  36 
1219	6  59  42 
1221	2  11  28 
1223	2  11  28 
1225	2  35  51 
1227	2  40  43 
1221	2  13   6 
1223	2  13   6 
1225	2   4   6 
1227	2   4   6 
1229	6  37  20 
1229	2  42  34 
1231	2  42  34 
1235	2  20  12 
1233	2  42  34 
1235	2  34  27 
1215	6  61  54 
1229	6  32  24 
1221	6  17   8 
1227	6  17  10 
1221	6  54  47 
1227	6  47  31 
1229	6  58  49 
1229	6  60  53 
1233	6  18  17 
1237	2  34  27 
1237	2  20  12 
1239	6  37  19 
1245	6  11  10 
1245	2  34  27 
1245	2  39  37 
1247	2  39  37 
1249	2  38  36 
1251	6  10   2 
1251	2  20  12 
1253	2   4   6 
1251	2  39  37 
1253	2  47  37 
1255	2  47  37 
1235	6  49  32 
1235	6  59  52 
1241	6  59  49 
1247	2  60  59 
1249	2  60  59 
1251	2  60  59 
1247	6  49  25 
1257	2  29  11 
1259	2  32  17 
1253	2  50  49 
1255	2  50  49 
1257	2  50  49 
1259	2  49  50 
1259	2  47  37 
1253	6  60  53 
1259	6  20  11 
1261	2  32  17 
1261	2  49  50 
1263	2  32  17 
1263	2  49  50 
1261	6  54  52 
1265	2  29  20 
1265	2  18  25 
1267	6  53  46 
1267	2  35  51 
1269	2  35  34 
1267	2  29  20 
1269	2  29  30 
1271	2  35  34 
1267	2  18  25 
1271	2  29  30 
1273	2  46  22 
1273	2  35  34 
1269	2  18  25 
1271	2  19  18 
1271	2  32  16 
1273	2  32  16 
1273	2  19  18 
1265	6  49  48 
1275	2  29  30 
1271	2  49  59 
1273	2  49  59 
1275	2  19  18 
1277	2  11  18 
1275	2  40  43 
1277	2  32  16 
1277	2  46  22 
1277	2  49  59 
1279	6  18  10 
1279	2  36  27 
1279	2  31  13 
1281	2  36  27 
1283	2  46  22 
1279	2  41  59 
1285	2  38  22 
1287	2  31  13 
1281	2  41  59 
1283	2  41  59 
1285	2  42  18 
1287	2  37  46 
1287	2  42  18 
1285	6  60  59 
1289	2  42  18 
1289	2  38  22 
1289	6  55  54 
1291	2  11  10 
1293	2  11  10 
1291	2  38  22 
1291	2  36  27 
1293	2  40  43 
1293	6  38  29 
1295	6  44  26 
1299	2  31  13 
1295	6  57  40 
1291	6  16   8 
1301	6  30  20 
1301	2  45  44 
1303	2  45  44 
1305	2  45  44 
1301	6  40  32 
1295	6  61  54 
1301	6  26  25 
1301	6  55  47 
1297	6  16   9 
1301	6  59  42 
1307	6  49  35 
1307	2  30  47 
1309	2  30  47 
1311	2  30  47 
1307	2  25  16 
1309	2  25  16 
1311	2  25  16 
1303	6  10   2 
1313	6  45  44 
1319	2  50  36 
1321	2  37  46 
1323	2  50  36 
1313	2  32  16 
1315	2  32  16 
1317	2  32  16 
1307	6  13  12 
1313	6  31  13 
1319	2  30  31 
1321	2  30  31 
1323	2  30  31 
1319	6   6   4 
1319	6  32  25 
1325	6  52  36 
1325	2  26  42 
1327	2  26  42 
1329	2  26  42 
1323	6  62  47 
1325	6  48  32 
1325	6  21  20 
1331	6  25   9 
1331	2  19  35 
1331	2  39  45 
1333	2  19  35 
1331	2  48  58 
1333	2  39  45 
1337	2  10  26 
1335	2  39  45 
1333	2  48  58 
1337	2  55  39 
1335	2  48  58 
1337	2  61  59 
1337	6  36  20 
1339	2  55  39 
1339	2  10  26 
1341	2  55  39 
1339	2  57  58 
1341	2  10  26 
1341	2  57  58 
1337	6  32  16 
1343	6  44  42 
1343	2  61  59 
1343	2  31  39 
1345	2  57  58 
1345	2  31  39 
1343	2  17  20 
1345	2  17  20 
1347	2  17  20 
1349	2  37  46 
1349	2  19  35 
1347	2  61  59 
1349	2   8  17 
1351	2  46  61 
1353	2  31  39 
1351	2  10   2 
1351	2  20  21 
1353	2  20  21 
1353	2  10   2 
1351	2  25  42 
1353	2  25  42 
1343	6  48  40 
1351	6  44  36 
1355	2  46  61 
1355	2  10   2 
1355	2  20  21 
1355	2  25  42 
1357	6  38  20 
1357	2   8  17 
1363	2  11  29 
1357	2  44  43 
1359	2  50  52 
1365	2  11  29 
1359	2   8  17 
1367	2  38  30 
1369	2  38  30 
1367	2  21  13 
1369	2  21  13 
1371	2  21  13 
1371	2  38  30 
1361	2  44  43 
1363	2  44  43 
1367	2  28  36 
1361	2  25  33 
1365	2  42  40 
1367	2  25  33 
1369	2  59  43 
1371	2  35  49 
1361	6  61  53 
1363	6  55  47 
1367	6  62  61 
1367	6   9   3 
1373	6  31  22 
1373	2  46  53 
1373	2  20   3 
1375	2  46  38 
1375	2  20   3 
1377	2  28  36 
1377	2  46  38 
1373	2  42  40 
1379	2  11  29 
1381	2  46  38 
1375	2  42  40 
1383	2  38  46 
1381	2  20   3 
1377	2  42  60 
1379	2  59  43 
1385	2  38  46 
1379	2  25  33 
1381	2  33  17 
1383	2  33  17 
1385	2  33  17 
1381	2  59  43 
1383	2  28  36 
1385	2  21  11 
1387	6  26  25 
1387	2  37  20 
1389	2  21  11 
1391	2  37  20 
1387	6   8   1 
1387	6  47  39 
1377	6  57  48 
1387	6  40  32 
1383	6  60  57 
1393	2  19  36 
1393	2  50  33 
1389	2  60  61 
1395	2  50  33 
1391	2  60  61 
1393	2  60  61 
1393	2  38  46 
1395	2   4  28 
1395	6  61  60 
1397	2   3   1 
1397	2  35  49 
1399	2   4  28 
1399	2  42  57 
1397	6  32  25 
1401	2  42  57 
1401	2  37  20 
1403	2  19  36 
1403	2  50  33 
1395	6  54  47 
1401	6  61  54 
1405	2  35  49 
1405	2   3   1 
1407	6  54  46 
1407	2   4  28 
1409	2  19  36 
1411	2  36  35 
1411	2   3   1 
1407	6  58  40 
1405	6  25  17 
1407	6  61  52 
1409	6  23   6 
1413	2  58  51 
1413	2  32  40 
1413	2  36  35 
1411	6  20  18 
1415	2  58  51 
1415	2  36  35 
1415	2  32  40 
1417	6  48  33 
1417	2  21  11 
1419	2   4  28 
1421	2   4  28 
1417	2  58  51 
1413	6  46  39 
1423	2   4  28 
1423	2  32  40 
1425	2  51  34 
1419	2  39  23 
1421	2  39  23 
1427	2  51  34 
1429	2  51  34 
1423	2  39  23 
1425	6  39  30 
1425	6  17  10 
1425	6  21  13 
1425	6  32  24 
1413	6  61  53 
1425	6  23  15 
1425	6  37  36 
1431	6  37  30 
1431	2  33  27 
1433	2  33  27 
1431	2  52  43 
1435	2  33  27 
1433	2  52  43 
1437	2  25  33 
1437	2  19  22 
1439	2  25  33 
1439	2  19  22 
1435	2  52  43 
1437	2  44  58 
1439	2  44  58 
1431	6   9   1 
1441	6  15   6 
1441	2  44  58 
1443	2  44  58 
1445	2  44  58 
1447	2  44  58 
1441	2  25  33 
1447	2  19  22 
1443	6  33  24 
1449	6   6   5 
1449	2  22  30 
1449	2  34  18 
1451	2  22  30 
1451	2  34  18 
1453	2  34  18 
1453	2  22  30 
1449	6  12   3 
1449	6  45  28 
1449	6  60  58 
1455	6  35  26 
1455	2  58  41 
1455	2  28  20 
1457	2  28  20 
1455	2  10   3 
1457	2  58  41 
1455	2  52  45 
1459	2  58  41 
1459	2  28  20 
1457	2  10   3 
1459	2  10   3 
1457	2  52  45 
1459	2  52  45 
1449	6  24   8 
1431	6  47  39 
1461	6  34  28 
1461	2   5   2 
1463	2   5   2 
1465	2   5   2 
1455	6  31  30 
1455	6  62  47 
1461	6  61  58 
1455	6  17  16 
1461	6  24  16 
1467	6  46  44 
1467	2  62  61 
1469	2  62  61 
1471	2  62  61 
1467	2  34  17 
1469	2  34  17 
1471	2  34  17 
1467	6  57  48 
1461	6  30  22 
1473	2  25  26 
1473	2  62  60 
1473	2  44  35 
1475	2  44  35 
1477	2  44  35 
1475	2  25  26 
1467	2  22  20 
1477	2  25  26 
1475	2  62  60 
1477	2  62  60 
1469	2  22  20 
1471	2  22  20 
1473	6  50  48 
1467	6   5   3 
1473	6   9   3 
1473	6  20  19 
1473	6  14   5 
1473	6  38  30 
1479	6  53  38 
1479	2  17  19 
1481	2  17  19 
1483	2  17  19 
1479	2  50  34 
1481	2  50  34 
1483	2  50  34 
1485	6  36  12 
1485	2   9   8 
1487	2   9   8 
1489	2   9   8 
1485	6  54  46 
1485	6  30  22 
1485	6  58  40 
1491	6  29  27 
1491	2   3  12 
1493	2   3  12 
1495	2   3  12 
1491	2  40  24 
1493	2  40  24 
1491	2  59  44 
1493	2  59  44 
1495	2  59  44 
1495	2  40  24 
1497	6  52  46 
1497	2  41  27 
1499	2  41  27 
1501	2  41  27 
1497	6  17  10 
1497	6  22  13 
1503	6  57  40 
1503	2  61  43 
1505	2  61  43 
1507	2  61  43 
1503	2  38  29 
1509	2  53  60 
1511	2  53  60 
1513	2  53  60 
1505	2  38  29 
1507	2  38  29 
1503	2  12  18 
1505	2  12  18 
1507	2  12  18 
1509	2  42  36 
1511	2  42  36 
1513	2  42  36 
1509	6  14  13 
1509	6  19  17 
1509	6  38  30 
1515	6  60  58 
1515	2  22  30 
1517	2  22  30 
1519	2  22  30 
1515	2  34  42 
1515	2  36  20 
1517	2  34  42 
1517	2  36  20 
1519	2  36  20 
1519	2  34  42 
1509	6  40  32 
1515	2  17  32 
1517	2  17  32 
1519	2  17  32 
1515	6  62  54 
1521	6  35  21 
1521	2  32  25 
1523	2  32  25 
1525	2  32  25 
1527	2  33  35 
1529	2  33  35 
1531	2  33  35 
1527	2  13  21 
1529	2  13  21 
1531	2  13  21 
1521	2  59  50 
1523	2  59  50 
1525	2  59  50 
1521	6  18  10 
1527	6  11   9 
1521	6  45  38 
1527	6  58  49 
1527	6  60  45 
1533	6  62  53 
1533	2  33  41 
1535	2  33  41 
1533	2  21  29 
1537	2  33  41 
1535	2  21  29 
1537	2  21  29 
1533	6  59  57 
1539	6  21   4 
1539	2  45  37 
1541	2  45  37 
1539	2  58  60 
1543	2  45  37 
1541	2  58  60 
1543	2  58  60 
1539	6  48  41 
1533	6  35  18 
1539	2  18  24 
1545	2  44  35 
1547	2  44  35 
1541	2  18  24 
1549	2  44  35 
1543	2  18  24 
1545	2  24   8 
1545	2  11   4 
1547	2  24   8 
1547	2  11   4 
1549	2  33  18 
1545	6  60  54 
1545	6  57  49 
1545	6  30  21 
1551	6  21  13 
1551	2  33  18 
1553	2  33  18 
1551	2  37  53 
1553	2  37  53 
1555	2  37  53 
1551	2  35  43 
1553	2  35  43 
1555	2  11   4 
1555	2  24   8 
1555	2  35  43 
1557	6  51  27 
1557	2  33  32 
1559	2  33  32 
1561	2  33  32 
1557	6  54  39 
1557	6  22  14 
1563	6  24  17 
1563	2  44  37 
1565	2  44  37 
1563	2  27  19 
1565	2  27  19 
1567	2  27  19 
1569	2   3  19 
1571	2   3  19 
1563	2  60  50 
1565	2  60  50 
1567	2  51  58 
1569	2  51  58 
1571	2  51  58 
1567	2  39  30 
1569	2  39  30 
1571	2  39  30 
1567	6  45  44 
1563	6  48  40 
1569	6  40  24 
1573	2   3  19 
1573	2  45  37 
1573	2  31  39 
1573	2  60  50 
1575	6  29  22 
1575	2  52  34 
1577	2  52  34 
1579	2  52  34 
1575	2  31  39 
1577	2  31  39 
1575	2  40  49 
1575	2  19  10 
1577	2  19  10 
1579	2  19  10 
1581	2  52  60 
1581	2  19  35 
1577	2  40  49 
1579	2  40  49 
1581	2  50  40 
1575	6  24  16 
1579	6  46  38 
1583	2  18   8 
1583	2  52  60 
1585	2  52  60 
1585	2  19  35 
1583	2  50  40 
1587	2  19  35 
1585	2  50  40 
1587	2  40  33 
1581	6   3   2 
1585	6  17   9 
1589	2   3  27 
1587	6  58  50 
1591	2   3  27 
1581	6  22  14 
1587	6  45  30 
1593	6  54  51 
1593	2  16   2 
1593	2  40  33 
1595	2  16   2 
1597	2  16   2 
1595	2  40  33 
1593	6  27  21 
1599	6  49  34 
1599	2  45  54 
1601	2  45  54 
1603	2  45  54 
1605	2  54  62 
1605	2  41  27 
1599	6  13  12 
1599	6  59  51 
1605	6  51  44 
1607	2  41  27 
1607	2  54  62 
1609	2  54  62 
1609	2  41  27 
1599	6  24  17 
1605	6  30  13 
1611	6  12  11 
1611	2  26  27 
1613	2  26  27 
1611	2  54  52 
1613	2  54  52 
1615	2  28  44 
1605	6   9   8 
1615	2  18   9 
1611	6  58  57 
1611	6  38  30 
1611	6  41  24 
1611	6  14   5 
1617	6  59  41 
1617	2  18   9 
1617	2  20  30 
1619	2  20  30 
1621	2  20  30 
1623	6  34  19 
1623	2  51  59 
1625	2  51  59 
1627	2  51  59 
1623	2  53  38 
1625	2  53  38 
1627	2  53  38 
1619	6   9   2 
1629	2  54  52 
1629	2   3  21 
1631	2  42  51 
1631	2  21  22 
1631	2   3  11 
1633	2  28  44 
1633	2   3  11 
1633	2  59  61 
1617	6  24  16 
1623	6  40  24 
1631	6  55  39 
1635	2  28  44 
1635	2  59  61 
1635	2   3  11 
1629	6  24   8 
1629	6  57  49 
1635	6  49  34 
1637	2  11  19 
1637	2  59  61 
1639	2  11  19 
1637	2  28  36 
1639	2  28  36 
1641	2  44  46 
1641	2  11  19 
1637	2  21  22 
1639	2  21  22 
1641	2  22  31 
1635	6  16   1 
1637	6   5   4 
1639	6  61  59 
1643	2  44  46 
1645	2  44  46 
1643	2  26  27 
1643	2  22  31 
1643	2   4   1 
1645	2  25  26 
1645	2   4   1 
1645	2  22  31 
1641	6  49  40 
1647	6  61  46 
1647	2  25  26 
1647	2  28  36 
1647	2  21  13 
1649	2  25  26 
1649	2   4   1 
1651	2   1   9 
1651	2  20  27 
1651	2   5   4 
1653	2   1   9 
1655	2   1   9 
1647	2  42  51 
1653	2  21  13 
1649	2  42  51 
1655	2   5   4 
1651	2  42  24 
1653	2  58  44 
1655	2  37  51 
1653	2  34  26 
1655	2  20  27 
1653	6  40  24 
1657	2  21  13 
1657	2  35  19 
1657	2  55  45 
1659	6  60  53 
1659	2  20  27 
1659	2   5   4 
1661	2   4  20 
1659	2  42  40 
1661	2  42  40 
1663	2  27  42 
1665	6  54  51 
1665	2   4  20 
1671	2  35  19 
1673	2  58  44 
1673	2   4  20 
1673	2  34  26 
1659	6  24  16 
1665	2   1  16 
1667	2   1  16 
1669	2   1  16 
1671	6  38  30 
1675	2  58  44 
1675	2  34  26 
1675	6  13   3 
1677	2  55  45 
1679	2  37  54 
1671	6   8   1 
1677	6  59  41 
1681	2   3   2 
1681	2  55  45 
1677	6  26  18 
1681	6  30  28 
1683	2   3   2 
1685	2   3   2 
1683	6  60  57 
1687	2  38  46 
1689	2  49  57 
1689	2  60  61 
1689	2  38  46 
1687	2  10  28 
1691	2  27  42 
1693	2  37  54 
1689	2   1   3 
1693	2  49  57 
1691	2   1   3 
1693	2   1   3 
1681	6  14   5 
1687	6  22  13 
1683	6  32  25 
1695	6  12   9 
1695	2  22  30 
1695	2  55  54 
1697	2  55  54 
1695	2  60  61 
1695	2  49  57 
1697	2  60  61 
1697	2  22  30 
1699	2  55  54 
1701	2  38  46 
1701	2  27  42 
1703	2  31  37 
1705	2  10  28 
1703	6  54  53 
1707	2  10  28 
1709	6  54  39 
1709	2  12  21 
1711	2  12  21 
1713	2  12  21 
1709	2  10  25 
1711	2  10  25 
1713	2  10  25 
1701	6  15  14 
1703	6  50  43 
1703	6  41  40 
1709	6  50  36 
1715	6  40  32 
1715	2  10  18 
1717	2  10  18 
1719	2  10  18 
1715	2  29  43 
1717	2  29  43 
1719	2  29  43 
1715	6  58  49 
1715	6  62  47 
1707	6  23  15 
1715	6  25  16 
1715	6   4   3 
1721	6  42  26 
1721	2  60  46 
1721	2   1  10 
1721	2  29  36 
1723	2  29  36 
1723	2   1  10 
1725	2  29  36 
1723	2  23  39 
1725	2  60  46 
1725	2   1  10 
1721	6  32  16 
1721	6  57  48 
1721	6  20  12 
1727	6  36  21 
1733	2  23  39 
1733	2  21  13 
1727	2  16   9 
1735	2  31  37 
1737	2  22  30 
1727	2  49  42 
1729	2  16   9 
1731	2  16   9 
1729	2  49  42 
1731	2  49  42 
1733	2  43  50 
1733	2   9  11 
1735	2   9  11 
1735	2  43  50 
1737	2   9  11 
1737	2  43  50 
1727	6  33  25 
1727	6  61  60 
1737	2  61  46 
1733	6  34  33 
1733	6  48  40 
1739	6  60  58 
1739	2  21  13 
1741	2  45  29 
1743	2  21  13 
1745	2  45  29 
1739	2  16  40 
1741	2  16  40 
1739	2  35  19 
1743	2   2  26 
1745	2  16  40 
1745	2  35  51 
1739	2  23  39 
1741	6  55  39 
1745	6  13   4 
1747	2  50  41 
1747	2  47  30 
1747	2  44  60 
1751	2  38  22 
1749	2  28  43 
1753	2  45  29 
1755	2  28  43 
1755	2  38  22 
1747	6  16  10 
1753	2  10   4 
1755	2  10   4 
1749	6  62  55 
1749	6  33  32 
1749	6  58  49 
1757	2  44  60 
1759	2  44  60 
1757	2  10   4 
1755	2  49  48 
1757	2  47  30 
1757	2  50  41 
1759	2  49  48 
1759	2  47  30 
1759	2   2  26 
1761	6  45  42 
1761	6  24   9 
1767	6  33  25 
1767	2  27  36 
1769	2  31  37 
1771	2  38  22 
1773	2  50  41 
1773	2  45  37 
1767	6   3   0 
1769	6  43  35 
1767	6  62  60 
1773	6  22   4 
1775	2  45  37 
1775	2  28  35 
1775	2  41  42 
1777	2  45  37 
1779	2  30  44 
1777	2  49  48 
1775	6  59  58 
1773	6  62  55 
1773	6  25   8 
1779	6  48  24 
1785	2  41  42 
1781	2  27  36 
1781	2  31  55 
1787	2  48  49 
1783	2  27  36 
1781	2  52  59 
1783	2  39  21 
1783	2  52  59 
1785	2  52  59 
1785	2  29  19 
1787	2  29  19 
1787	2  43  51 
1779	6   4   3 
1789	6  28  11 
1789	2  48  49 
1795	2  29  19 
1797	2  39  21 
1789	2  43  51 
1799	2  28  46 
1791	2  52  51 
1793	2  52  51 
1795	2  52  51 
1791	2  41  42 
1793	2  48  49 
1795	2  49  42 
1797	2  49  42 
1799	2  49  42 
1785	6  24   0 
1791	2  32  24 
1793	2  32  24 
1795	2  32  24 
1791	6   8   1 
1797	2   1   3 
1799	2   1   3 
1797	6  59  51 
1801	2  28  46 
1801	2   1   3 
1803	2  31  55 
1801	2  24  48 
1803	2   2  26 
1803	6  60  50 
1805	2  28  46 
1807	2  31  55 
1805	2   1   2 
1807	2   1   2 
1807	2  27  26 
1803	6  40  32 
1809	6  46  36 
1809	2   1   2 
1809	2  50  33 
1811	2  50  33 
1813	2  50  33 
1809	6  61  60 
1809	6  18  11 
1809	6  23  13 
1811	6   1   0 
1815	2  30  44 
1815	2  18  32 
1817	6  35  19 
1823	2  30  44 
1825	2  22  30 
1823	2  18  32 
1825	2  18  32 
1825	2  37  28 
1815	6  59  50 
1815	6  61  54 
1821	6  62  55 
1815	6   4   3 
1821	6  13   4 
1825	6  60  50 
1827	2  38  54 
1829	2  46  31 
1827	2  19   4 
1829	2  19   4 
1827	6  44  35 
1831	2  24  48 
1831	2  19   4 
1831	2  38  54 
1827	6   2   1 
1833	6  32  16 
1833	2  12   2 
1833	2  22  30 
1833	2  62  59 
1835	2  12   2 
1837	2  12   2 
1833	2  37  28 
1835	2  51  44 
1837	2  51  44 
1835	2  22  30 
1839	2  62  59 
1839	2  37  28 
1839	2  18  33 
1837	6  39  23 
1843	2  23  21 
1841	2  41  43 
1841	2  27  26 
1843	2  51  44 
1843	2  18  33 
1843	2  38  54 
1839	6  16   8 
1839	6   4   3 
1845	6  60  54 
1845	2  18  33 
1845	2  39  23 
1845	2  21  12 
1847	2  39  23 
1847	2  27  26 
1849	2  39  23 
1849	2  26  27 
1847	2  21  12 
1849	2  21  12 
1851	2  28  12 
1847	2  41  43 
1851	2  62  59 
1853	6  49  40 
1853	2  28  12 
1853	2  46  31 
1855	2  46  31 
1857	2  54  39 
1859	2  54  39 
1855	2  28  12 
1859	2  24  48 
1853	6  52  51 
1851	6  42  34 
1851	6  18  10 
1857	6  10   2 
1861	2  26  27 
1861	2  41  43 
1861	2  54  39 
1857	6  29  13 
1863	6  23  13 
1863	2  38  29 
1863	2  18  35 
1865	2  18  35 
1867	2  18  35 
1863	2  33  41 
1865	2  38  29 
1867	2  38  29 
1865	2  33  41 
1867	2  33  41 
1869	6  44  37 
1869	2  26  27 
1869	6  54  47 
1859	6  60  59 
1869	6  50  32 
1869	6  23  21 
1865	6  61  60 
1863	6   3   1 
1875	2  51  43 
1869	2   8   1 
1871	2   8   1 
1875	2  31  37 
1873	2   8   1 
1877	2  31  37 
1877	2  51  43 
1879	2  51  43 
1879	2  31  37 
1875	2   8  16 
1877	2   8  16 
1875	2  32  25 
1879	2   8  16 
1877	2  32  25 
1879	2  32  25 
1875	6  61  55 
1869	6  11  10 
1875	6  57  48 
1875	6  12   2 
1881	6  60  57 
1881	2   1   0 
1883	2   1   0 
1885	2   1   0 
1881	2  38  55 
1883	2  38  55 
1885	2  38  55 
1881	6  24  17 
1881	6  34  20 
1887	6  49  35 
1887	2   1   2 
1889	2   1   2 
1887	2  60  46 
1887	2  13  20 
1887	2  16   8 
1891	2   1   2 
1889	2  13  20 
1889	2  60  46 
1889	2  16   8 
1891	2  60  46 
1891	2  16   8 
1891	2  13  20 
1887	6  31  23 
1893	6  54  52 
1893	2  35  36 
1895	2  35  36 
1897	2  35  36 
1893	6  39  31 
1887	6  25  18 
1893	2  18  21 
1895	2  18  21 
1897	2  18  21 
1893	6  41  32 
1899	6  20  13 
1899	2  52  42 
1901	2  52  42 
1903	2  52  42 
1905	2  41  42 
1899	2  37  46 
1899	2  18   3 
1901	2  18   3 
1903	2  18   3 
1907	2  41  42 
1909	2  41  42 
1901	2  37  46 
1903	2  37  46 
1905	2  21  36 
1907	2  21  36 
1909	2  21  36 
1905	2  39  54 
1907	2  39  54 
1909	2  39  54 
1905	6  52  51 
1911	6  30  21 
1911	2  54  55 
1913	2  54  55 
1911	2  41  44 
1915	2  54  55 
1913	2  41  44 
1915	2  41  44 
1905	6  17  10 
1917	6  21  12 
1917	2  30  31 
1919	2  30  31 
1921	2  30  31 
1917	6  62  61 
1923	6  22  21 
1911	6  16   1 
1911	6  19  18 
1923	6  19  12 
1917	6  51  34 
1929	2  30  31 
1923	2  34  17 
1925	2  34  17 
1927	2  34  17 
1923	2  53  51 
1925	2  53  51 
1929	2  19  10 
1927	2  53  51 
1931	2  19  10 
1931	2  30  31 
1933	2  30  31 
1929	2  59  51 
1931	2  59  51 
1933	2  59  51 
1929	2  42  34 
1931	2  42  34 
1933	2  26  20 
1935	6  20  10 
1935	2  50  51 
1937	2  50  51 
1939	2  50  51 
1935	6  23  14 
1935	6  33  25 
1929	6  45  36 
1935	6  53  38 
1935	6  36  35 
1941	6  61  59 
1941	2  11  35 
1943	2  11  35 
1945	2  11  35 
1941	6  38  30 
1947	6  36  22 
1947	6  18  11 
1941	6  40  24 
1947	6  50  33 
1947	6  61  47 
1953	6  39  36 
1953	2  50  59 
1955	2  50  59 
1957	2  50  59 
1953	2  18  24 
1955	2  18  24 
1959	2  26  10 
1959	2  41  50 
1959	2  28  36 
1961	2  53  51 
1961	2  28  36 
1961	2  18  24 
1959	2  47  39 
1953	2  22  21 
1955	2  22  21 
1957	2  22  21 
1961	2  14  12 
1961	2  47  39 
1929	6   8   0 
1963	6  30  29 
1963	2  14  12 
1963	2  35  49 
1963	2  24   8 
1965	2  24   8 
1965	2  35  49 
1967	2  35  49 
1969	2  29  11 
1963	2  47  39 
1967	2  24   8 
1969	2  42  34 
1965	6  47  46 
1963	6  61  60 
1969	6  60  57 
1971	2  45  46 
1971	2  21  27 
1973	2  29  11 
1969	6  32  16 
1973	6  42  34 
1975	2  28  36 
1975	2  45  46 
1975	2  14  12 
1979	2  21  27 
1977	2  45  46 
1975	2  49  57 
1977	2  49  57 
1979	2  41  50 
1975	6  60  59 
1975	6  16   1 
1975	6  62  55 
1981	6  26  17 
1981	2  52  42 
1983	2  52  42 
1981	2  29  11 
1983	2  29  30 
1985	2  29  30 
1983	2  19  20 
1985	2  41  50 
1987	6  27  20 
1987	2  39  22 
1989	2  39  22 
1991	2  29  30 
1993	2  21  20 
1993	2  18  35 
1987	2  49  57 
1995	6  43  36 
1995	2  11  26 
1997	2  11  26 
2001	2  18  35 
1995	2  39  22 
1989	6  58  49 
1997	6  21  13 
1985	6  62  60 
2003	2  37  20 
2005	2  18  35 
1995	2  58  60 
1997	2  58  60 
1999	2  58  60 
1987	6  24  16 
1991	6  62  55 
2001	6  61  59 
1993	6  16   8 
1999	6   3   1 
1999	6  33  24 
1997	6  47  31 
2003	6  55  47 
2007	2  11  26 
2007	2  53  51 
2003	6  31  15 
2009	6  50  41 
2009	2  29  47 
2009	2  18   2 
2011	2  25  26 
2011	2  37  20 
2013	2  29  47 
2013	2  11   3 
2013	2  25  26 
2011	6   8   1 
2015	2  30  36 
2017	2  24   8 
2019	2  25  26 
2017	2  52  42 
2017	2  29  47 
2021	2  24   8 
2015	2  11   3 
2023	2  17  10 
2025	2  24   8 
2019	2  53  51 
2025	2  11   3 
2027	2  37  20 
2027	2  17  32 
2029	6  25  19 
2021	6  54  52 
2035	2  17  32 
2035	2  30  36 
2027	2  54  47 
2029	2  54  47 
2031	2  54  47 
2037	6  24  17 
2037	2  27  44 
2039	2  30  36 
2041	2  27  44 
2041	2  22  30 
2033	6  55  47 
2035	6   5   3 
2039	6  62  55 
2043	2   5  15 
2043	2  24  32 
2043	2  27  44 
2027	6  59  50 
2033	6  60  59 
2033	6  50  42 
2039	2  57  50 
2041	2  57  50 
2043	2  57  50 
2045	6  42  33 
2045	2  46  60 
2045	2  19  27 
2045	2   5  15 
2047	2  46  60 
2047	2  14  11 
2049	2  19  27 
2049	2  22  30 
2049	2  44  36 
2037	6   8   0 
2045	6  24  16 
2049	6   4   1 
2051	2  44  36 
2051	2  19  27 
2051	2  25  33 
2053	2  42  43 
2053	2  25  33 
2051	2  22  30 
2053	2  46  60 
2055	6  37  34 
2055	2  59  60 
2057	2  59  60 
2059	2  59  60 
2061	2  35  52 
2055	2   5  15 
2063	2  42  43 
2063	2  20  27 
2061	2  25  33 
2061	2  30  38 
2063	2  30  38 
2063	2   8  25 
2057	6  14   4 
2063	2  13  14 
2065	6   1   0 
2065	2  26  41 
2067	2  26  41 
2065	2   4  11 
2065	2  44  36 
2071	2  18   2 
2065	2  13  14 
2067	2  13  14 
2073	2   8  25 
2073	2   4  11 
2069	2  42  43 
2065	2  30  38 
2069	2  37  21 
2071	2  37  21 
2073	2  37  21 
2061	6  54  47 
2063	6  60  58 
2069	2  60  62 
2071	2  60  62 
2073	2  60  62 
2067	6  47  31 
2071	6  43  42 
2075	2  31  14 
2075	2  29  37 
2077	2  29  37 
2075	2   8  25 
2077	2   5  13 
2077	2  18   2 
2077	2  35  52 
2077	6  33  24 
2083	2  32   8 
2079	2  31  14 
2081	2   5  13 
2079	2  20  27 
2083	2  31  14 
2079	2  29  37 
2085	2  54  37 
2085	2   4  19 
2085	2  32   8 
2077	6  58  50 
2079	6  52  43 
2085	2  35  43 
2085	6  31  22 
2087	2  26  41 
2089	2  26  35 
2087	2   5  13 
2087	2  54  37 
2089	2  54  37 
2085	6  60  52 
2087	6   3   1 
2091	2  26  35 
2087	6  24  16 
2093	6  17  10 
2093	2  20  27 
2091	6  37  31 
2097	2  31  14 
2091	6  60  53 
2097	2  37  53 
2089	6  42  41 
2095	6  43  27 
2099	2  32   8 
2099	2  31  14 
2099	2  37  53 
2099	6  12   3 
2101	2  26  35 
2103	2  18  36 
2101	2  31  14 
2103	6  39  23 
2105	2  43  52 
2109	2  35  38 
2105	6  16   2 
2105	6  20  12 
2107	6  60  58 
2111	2  35  38 
2113	2  26  50 
2111	2  20  21 
2111	2   2   3 
2113	2  20  21 
2113	2   2   3 
2113	2  37  53 
2109	6  14   5 
2115	6  53  47 
2115	2  26  50 
2115	2  20  21 
2115	2   2   3 
2117	2   4  19 
2121	2  18  36 
2117	6  58  48 
2115	6  23  14 
2121	2  23  47 
2117	6  42  33 
2123	6  24  17 
2123	2   4  19 
2123	2  45  42 
2125	2  45  42 
2127	2  45  42 
2129	6  59  49 
2129	2  18  36 
2131	2   2  17 
2129	2  23  47 
2133	2   2  17 
2131	2  35  38 
2133	2  23  47 
2135	6  15  13 
2135	2  24  48 
2135	2  42  34 
2137	2  42  34 
2139	2  42  34 
2137	2  24  48 
2139	2   2  17 
2135	6  46  38 
2133	6  44  28 
2139	2  44  51 
2141	6  13  11 
2147	2  20  28 
2149	2  20  28 
2141	2  43  52 
2151	2  20  28 
2143	2  44  51 
2145	2  44  51 
2147	2  60  44 
2149	2  43  52 
2151	2  60  44 
2141	2  24  48 
2143	2  57  48 
2145	2  57  48 
2153	2  60  44 
2147	2  57  48 
2153	2  19  20 
2155	6  11  10 
2143	6  24  17 
2141	6  38  30 
2155	2  13  30 
2157	2  13  30 
2159	2  13  30 
2147	6  54  46 
2155	6  60  53 
2143	6  34  33 
2149	6  48  24 
2155	2  48  49 
2157	2  48  49 
2159	2  48  49 
2155	6   8   1 
2155	6  43  26 
2161	6  53  38 
2161	2  43  50 
2167	2  43  52 
2169	2  43  52 
2171	2  43  52 
2161	2  14  11 
2163	2  14  11 
2165	2  14  11 
2167	2  19  20 
2167	2  17  10 
2169	2  19  20 
2169	2  17  10 
2171	2  17  10 
2161	6  41  33 
2173	6  24  16 
2173	2  19   5 
2175	2  19   5 
2177	2  19   5 
2167	6  30  22 
2167	6  46  37 
2173	6   2   1 
2167	6  48  41 
2173	6  45  42 
2179	6  54  46 
2185	2  45  53 
2179	2  24  27 
2181	2  24  27 
2183	2  24  27 
2185	2  27  36 
2179	6  30  13 
2185	2  38  30 
2179	6  42  41 
2179	6   3   2 
2185	6  17  11 
2187	2  38  30 
2189	2  38  30 
2187	2  45  53 
2187	2  27  36 
2189	2  27  36 
2189	2  45  53 
2185	6  51  42 
2185	6  14   5 
2191	6   5   3 
2191	2  17  41 
2193	2  17  41 
2195	2  17  41 
2191	2  38  23 
2193	2  53  47 
2195	2  53  47 
2191	6  28  21 
2197	6  28  25 
2197	2  53  47 
2199	2  53  52 
2201	2  53  52 
2197	6   3   1 
2199	6  62  55 
2203	2  29  28 
2203	2  34  25 
2205	2  38  23 
2205	2  34  25 
2207	2  34  25 
2209	2  17  32 
2211	2  48  41 
2211	2  25  24 
2213	2  25  24 
2215	2  25  24 
2213	2  48  41 
2203	2  13  11 
2205	2  13  11 
2203	2  53  52 
2207	2  29  28 
2209	2  51  36 
2207	2  13  11 
2209	2  22   5 
2211	2  22   5 
2211	2  51  36 
2209	2  11  20 
2211	2  11  20 
2213	2  29  28 
2215	2  22   5 
2215	2  48  41 
2215	2  51  36 
2215	2  11  20 
2205	6  55  54 
2217	6  33  17 
2223	2  50  41 
2223	2   1  17 
2217	2  11  20 
2217	2  22  31 
2219	2  38  23 
2221	2  22  31 
2223	2  22  31 
2219	2  11  20 
2221	2  11  20 
2217	6  44  36 
2211	6  54  53 
2225	6  17   2 
2225	2  33  32 
2227	2  33  32 
2229	2  50  41 
2223	6  46  28 
2231	2   1   2 
2231	2  50  41 
2231	2  12  36 
2233	6  54  51 
2233	2  18  16 
2235	2  18  16 
2237	2  18  16 
2233	2   1   2 
2225	6  23  22 
2233	6  29  12 
2239	6  33  17 
2239	2  29  36 
2241	2  28  27 
2239	2   3  12 
2245	2  42  33 
2243	2  28  27 
2245	2  28  27 
2239	2  46  53 
2241	2  46  53 
2243	2  46  53 
2241	2   3  12 
2245	2  53  45 
2243	2   3  12 
2245	6  12   5 
2247	2  42  33 
2249	2  42  33 
2247	2  53  45 
2249	2  53  45 
2247	2  26  18 
2247	2  29  36 
2249	2  26  18 
2239	6  57  48 
2245	6  16   1 
2231	6  31  23 
2251	6  54  39 
2251	2  26  18 
2237	6  15  14 
2251	6  12   2 
2245	6  59  57 
2251	6  59  52 
2251	6  42  36 
2257	6  50  42 
2257	2  46  52 
2257	2  21  12 
2259	2  21  12 
2261	2  21  12 
2259	2  46  52 
2261	2  46  52 
2263	6  37  19 
2257	6   2   1 
2263	6  14  13 
2263	6  61  55 
2251	6  32  16 
2257	2  32  48 
2259	2  32  48 
2261	2  32  48 
2263	2   1  16 
2265	2   1  16 
2267	2   1  16 
2263	6  49  33 
2269	6  61  58 
2269	2  30  21 
2271	2  35  29 
2271	2  31  39 
2273	2  31  39 
2269	2  19  10 
2271	2  19  10 
2273	2  19  10 
2273	2  35  29 
2269	6  32  16 
2269	6   4   3 
2275	6  40  32 
2275	2  27  45 
2275	2  58  49 
2275	2  31  39 
2277	2  35  29 
2275	2  17  16 
2275	2   5  12 
2277	2  17  16 
2279	2  17  16 
2279	2  30  21 
2281	2  30  21 
2277	2  58  49 
2283	2   5  12 
2279	2  27  45 
2281	2  47  46 
2283	2  47  46 
2285	2   5  12 
2285	2  47  46 
2279	2  58  49 
2281	2  50  58 
2283	2  42  35 
2283	2  49  48 
2285	2  49  48 
2285	2  42  35 
2283	2  15  30 
2285	2  15  30 
2287	6  34  10 
2287	2  49  48 
2287	2  22  37 
2289	2  22  37 
2291	2  15  30 
2287	6   5   4 
2287	6  54  47 
2293	6  28  11 
2293	2  50  58 
2295	2  50  58 
2297	2  50  52 
2293	2  34  33 
2295	2  34  33 
2297	2  34  33 
2293	6  46  39 
2293	6  24  17 
2289	6  48  40 
2293	6  23   6 
2299	6  59  50 
2299	2  40  34 
2301	2  40  34 
2303	2  40  34 
2299	2   3  10 
2299	2  22  37 
2301	2   3  10 
2303	2   3  10 
2299	6   6   5 
2299	6  61  54 
2301	6  36  29 
2305	2  18  12 
2307	2  13  29 
2307	2  19  25 
2305	2  59  52 
2307	2  42  35 
2307	2  58  48 
2307	6   9   2 
2309	2  13  29 
2311	2  13  29 
2313	2  13   6 
2309	2  58  48 
2309	2  19  25 
2311	2  19  25 
2311	2  59  52 
2313	2   3  17 
2313	2  28  46 
2315	2  27  45 
2317	2  28  46 
2315	2  13   6 
2317	2  13   6 
2319	2  42  27 
2321	2  42  27 
2323	2  42  27 
2315	2   9  10 
2317	2   9  10 
2319	2   9  10 
2319	6  44  37 
2325	6  21  20 
2325	2  58  48 
2325	2  10  16 
2327	2   3  17 
2329	2   3  17 
2327	2  58  52 
2329	2  58  52 
2319	6  23   6 
2331	2  17  26 
2333	2  10  16 
2335	2  19  11 
2337	2  19  11 
2331	2  58  52 
2335	2  17  26 
2337	2  17  26 
2325	2  23  38 
2327	2  23  38 
2329	2  23  38 
2331	2  14  29 
2333	2  14  29 
2335	2  14  29 
2337	2  36  29 
2327	6  41  32 
2335	6   2   1 
2339	2  36  29 
2341	2  10  16 
2341	2  36  29 
2333	6  61  58 
2339	2  48  58 
2341	2  48  58 
2337	6  31  15 
2337	6   5   4 
2339	6  33  26 
2343	2  38  31 
2343	2  36  51 
2343	2   4   3 
2343	6  16   9 
2345	2  38  31 
2345	2  50  33 
2345	2  19  11 
2349	2  18  12 
2351	2  16  32 
2347	2  36  51 
2347	2  30  23 
2351	2  28  46 
2351	2   4   3 
2353	6  26  20 
2353	2  38  31 
2359	2  18  12 
2355	2  30  23 
2357	2  30  23 
2353	2  48  58 
2359	2  36  51 
2355	6  53  46 
2361	6  49  33 
2367	2  25  26 
2361	2   4   3 
2361	2  52  51 
2363	2   3  11 
2365	2   3  11 
2363	2  52  51 
2361	2  20  13 
2365	2  52  51 
2363	2  20  13 
2365	2  20  13 
2367	2  50  49 
2367	2  19  20 
2367	6   4   2 
2373	2   3  11 
2369	2  18  17 
2371	2  18  17 
2373	2  25  26 
2375	2  25  26 
2377	2  34  25 
2369	2  50  49 
2379	2  18  17 
2371	6  50  40 
2379	6  33  24 
2381	2  19  20 
2381	2   2  10 
2383	2   2  10 
2383	2  19  20 
2375	6   5   4 
2361	6  61  54 
2367	6  54  39 
2373	2  31  39 
2375	2  31  39 
2377	2  31  39 
2361	6  37  29 
2367	6  44  37 
2377	2  50  44 
2379	2  50  44 
2381	2  50  44 
2383	2  50  44 
2373	6  29  22 
2379	2  14  22 
2385	2  34  25 
2387	2  34  25 
2389	2  16  32 
2385	2  50  44 
2391	2  43  33 
2393	2  43  33 
2381	2  14  22 
2383	2  14  22 
2385	2   2  10 
2385	2  22  12 
2387	2  22  12 
2389	2  22  12 
2391	2  28  20 
2393	2  28  20 
2373	6  61  54 
2379	6  61  60 
2387	6  60  58 
2379	6  46  39 
2387	6  10   2 
2387	6  38  37 
2393	6  10   3 
2395	2  43  33 
2397	2  50  44 
2395	2  28  20 
2397	2  34  27 
2397	2  16  32 
2399	6  45  44 
2399	2  34  27 
2401	2  34  27 
2399	2  17  25 
2401	2  17  25 
2403	2  17  25 
2399	6  58  40 
2391	6  22   5 
2399	2   5   3 
2397	2  22  39 
2399	2  22  39 
2401	2  22  39 
2403	2  38  39 
2405	2  38  39 
2401	2   5   3 
2403	2   5   3 
2405	2  40  33 
2407	2  40  33 
2407	2  31  45 
2405	6  24  16 
2409	2  40  33 
2409	2  21  22 
2409	2  38  39 
2405	6   4   1 
2405	6  26  18 
2405	6  59  50 
2403	6  35  28 
2409	6  44  43 
2411	2  33  26 
2413	2  33  26 
2415	2  33  26 
2411	2  30  38 
2411	2   1  16 
2417	2  37  19 
2417	2  33  34 
2413	2   1  16 
2415	2   1  16 
2417	2   9  16 
2419	6  43  42 
2419	2  37  19 
2421	2  28  13 
2423	2  28  13 
2419	2   9  16 
2421	2   9  16 
2421	2  30  38 
2423	2  30  38 
2411	6  48  40 
2423	6  25   1 
2425	2  21  22 
2427	2  28  13 
2425	6  53  51 
2429	2  21  22 
2429	2  40  16 
2429	6  36  19 
2431	2  40  16 
2433	2  40  16 
2435	2  19  10 
2435	2  37  36 
2435	2  33  34 
2437	2  33  34 
2437	2  11  28 
2431	2  23  22 
2433	2  23  22 
2435	2  23  22 
2435	6  50  49 
2439	2  11  28 
2431	6  46  39 
2431	6  59  52 
2437	6  39  15 
2441	2  49  25 
2441	2  11  28 
2437	6  53  44 
2443	6  50  26 
2443	2  31  45 
2445	2  31  45 
2443	6  13   3 
2449	2  44  37 
2451	2  44  37 
2449	2   1  11 
2451	2  19  10 
2449	6  42  25 
2453	2  19  10 
2453	2  53  39 
2453	6  36  29 
2455	2   1  11 
2457	2   1  11 
2455	2  53  39 
2457	2  53  39 
2455	2  49  42 
2455	2  24  25 
2457	2  49  42 
2459	2  28  52 
2461	2  44  37 
2463	2  28  52 
2457	2  24  25 
2459	2  24  25 
2459	6   8   2 
2459	6  48  41 
2465	6  42  36 
2465	2  53  60 
2467	2  53  60 
2465	2  24   8 
2467	2  24   8 
2469	2  53  60 
2469	2  24   8 
2465	6  18   3 
2465	6  30  22 
2471	6  53  38 
2471	2  13  22 
2473	2  13  22 
2475	2  13  22 
2471	2  26  18 
2471	2  42  32 
2473	2  26  18 
2475	2  26  18 
2473	2  42  32 
2475	2  42  32 
2471	6   4   3 
2471	6  59  58 
2471	6  16   9 
2477	6  60  59 
2477	2  18  10 
2479	2  18  10 
2481	2  18  10 
2477	2  46  36 
2479	2  46  36 
2481	2  38  30 
2483	2  46  36 
2485	2  38  30 
2477	2   4  14 
2479	2   4  14 
2481	2   4  14 
2477	2  42  49 
2485	2  20  36 
2487	2  20  36 
2487	2  38  30 
2479	2  42  49 
2481	2  42  49 
2483	2  49  59 
2485	2  49  59 
2487	2  49  59 
2489	6  38  22 
2489	2  42  27 
2491	2  42  27 
2493	2  42  27 
2477	6  32  16 
2489	6  60  53 
2483	6  16   2 
2489	6   4   2 
2495	6  19  18 
2501	2  20  36 
2495	6  22  14 
2503	6  20  14 
2503	6  53  39 
2489	6  24   8 
2495	6   8   2 
2495	6  42  32 
2501	6  32   8 
2507	2  10   8 
2501	6  50  49 
2507	6  49  32 
2509	2   2  18 
2509	2  12   4 
2511	2  12   4 
2509	2  39  22 
2511	2  39  22 
2511	2   2  18 
2513	6  49  41 
2513	2   2  18 
2513	2  24  32 
2515	2  24  32 
2517	2  24  32 
2515	2  10   8 
2517	2  10   8 
2513	2  12   4 
2513	2  39  22 
2515	2  22  15 
2517	2  22  15 
2509	6  60  59 
2509	6  44  28 
2519	2  19  28 
2515	2  44  52 
2521	2  20  34 
2523	6  36  29 
2523	2  51  42 
2525	2  51  42 
2527	2  51  42 
2519	6  10   9 
2523	6  26  25 
2515	6  46  38 
2519	6  23   6 
2525	2   4   6 
2527	2   4   6 
2525	6  16   8 
2529	2  41  43 
2529	2   4   6 
2529	2  19  28 
2525	6  39  23 
2529	6  60  53 
2531	2  19  28 
2531	2  22  15 
2535	2  46  53 
2531	2  41  43 
2533	2  41  43 
2535	2  40  41 
2533	2  15  30 
2535	2  36  51 
2535	6  21  19 
2537	2  36  51 
2539	2  36  51 
2537	2  46  53 
2539	2  46  53 
2537	2  40  41 
2539	2  40  41 
2531	6   4   2 
2531	6  25  16 
2535	6  31  15 
2537	6   5   4 
2541	2  31  30 
2541	2  19  26 
2543	2  19  26 
2545	2  19  26 
2543	2  31  30 
2543	2   5  15 
2541	2  58  43 
2545	2   5  15 
2543	2  58  43 
2545	2  58  43 
2537	6   9   2 
2541	6  40  24 
2547	6  24   9 
2547	2  19  35 
2547	2   5  15 
2549	2  19  35 
2551	2  19  35 
2549	2  30  15 
2551	2  30  15 
2547	2  41  40 
2553	2  36  29 
2555	2  36  29 
2557	2  36  29 
2549	2  41  40 
2551	2  41  40 
2553	2   9  11 
2555	2   9  11 
2557	2   9  11 
2553	6  23   6 
2547	6  60  58 
2553	2  49  58 
2555	2  49  58 
2557	2  49  58 
2553	6  60  54 
2553	6  32  26 
2559	6   6   3 
2559	2  44  51 
2561	2  44  51 
2559	2  26  27 
2563	2  44  51 
2561	2  26  27 
2563	2  26  27 
2559	6  37  29 
2559	6  49  32 
2565	2   2   5 
2567	2   2   5 
2565	2  32  16 
2565	2  58  49 
2567	2  32  16 
2567	2  58  49 
2559	6  54  39 
2569	2  32  16 
2569	2   2   5 
2571	2  20  34 
2573	2  20  34 
2575	2  36  20 
2575	2  26  34 
2565	2  39  23 
2569	2  58  49 
2567	2  39  23 
2569	2  39  23 
2575	2  30  15 
2571	6  58  49 
2571	6  24  17 
2577	6  38  22 
2577	2  17  35 
2579	2  17  35 
2581	2  17  35 
2577	2  12   3 
2579	2  12   3 
2581	2  12   3 
2583	6  19   4 
2583	2  25  41 
2585	2  25  41 
2587	2  25  41 
2577	6  59  58 
2583	2  45  59 
2585	2  45  59 
2587	2  45  59 
2583	6  21  14 
2583	6  31  30 
2589	6  40  16 
2589	2  36  20 
2591	2  44  45 
2593	2  44  45 
2589	2  26  34 
2591	2  12  29 
2591	2  26  34 
2593	2  12  29 
2589	6  15  14 
2589	6  51  50 
2595	6  58  40 
2595	2  12  29 
2597	2  36  20 
2599	2  28  29 
2599	2  18   3 
2599	2  44  45 
2601	6  51  45 
2601	2  24  40 
2601	2  18   3 
2603	2  24  40 
2605	2  24  40 
2603	2  18   3 
2605	2  11  18 
2601	2  28  29 
2603	2  28  29 
2589	6  55  39 
2595	6  31  23 
2595	6  62  55 
2595	6   8   1 
2601	6  22  13 
2607	6  28  22 
2607	2  24   8 
2607	2  45  38 
2609	2  24   8 
2607	2  11  18 
2609	2  45  38 
2611	2  45  38 
2607	2  58  49 
2609	2  11  18 
2609	2  58  49 
2611	2  24   8 
2611	2  58  49 
2613	6  36  21 
2613	2  38  31 
2613	2   8   9 
2615	2   8   9 
2617	2  16  24 
2615	2  38  31 
2617	2  38  31 
2613	6  61  58 
2607	6   5   4 
2613	6  26  19 
2613	6  41  40 
2613	6   4   3 
2619	6  50  36 
2619	2  16  24 
2619	2  62  61 
2621	2  62  61 
2619	2  13  10 
2621	2  16  24 
2623	2  62  61 
2621	2  13  10 
2623	2  13  10 
2625	6  45  29 
2625	2  26  42 
2625	2  13   5 
2627	2  13   5 
2627	2  32  50 
2625	2   8   9 
2629	2  13   5 
2629	2  26  42 
2625	6   3   2 
2631	6  39  15 
2631	2   2   8 
2631	2  26  42 
2633	2  42  33 
2635	2  42  33 
2637	2  42  33 
2639	2  26  41 
2641	2  26  41 
2633	2   2   8 
2637	2  12  29 
2639	2  12  29 
2641	2  12  29 
2637	6  47  39 
2631	6  59  53 
2635	6   9   2 
2641	2   9   8 
2637	6  52  44 
2637	6  61  54 
2637	6  59  58 
2643	6  49  33 
2643	2  14  11 
2645	2  43  28 
2643	2  54  45 
2645	2  54  45 
2649	2  26  41 
2645	2  12   3 
2647	2  12   3 
2649	2  12   3 
2647	2  54  45 
2645	6  23   6 
2649	6  53  47 
2651	2  14  11 
2653	2  14  11 
2651	2  32  50 
2653	2  49  58 
2653	6  35  25 
2655	2  49  58 
2659	2  43  28 
2657	2  49  58 
2659	2  26  33 
2661	6  44  42 
2655	6  22  14 
2655	6   4   2 
2661	2   4   6 
2663	2   4   6 
2665	2   4   6 
2661	6  25  10 
2655	6  54  39 
2661	6  47  31 
2667	6  14   5 
2667	2  38  20 
2669	2  38  20 
2667	2  25  42 
2669	2  25  42 
2671	2  25  42 
2673	2  26  33 
2671	2  38  20 
2667	2  44  53 
2667	2   2  10 
2669	2  44  53 
2669	2   2  10 
2671	2   2  10 
2671	2  44  53 
2673	2  51  49 
2675	2  43  28 
2673	2  31  14 
2677	2  32  50 
2675	2  31  14 
2677	2  31  14 
2677	2  36  28 
2673	6   8   2 
2673	6  46  45 
2679	2  22  39 
2679	2  52  53 
2681	2  52  53 
2679	2   4   2 
2681	2  22  39 
2681	2   4   2 
2679	2  32  42 
2679	2  36  28 
2681	2  36  28 
2681	2  32  42 
2679	6  18  17 
2683	2   4   2 
2683	2  52  53 
2683	2  32  42 
2683	2  36  29 
2683	6  47  46 
2685	2  26  33 
2685	2  51  49 
2687	2  42  34 
2687	2  24  10 
2685	2  36  29 
2687	2  36  29 
2683	6  31  14 
2687	6  58  52 
2689	2  30  27 
2691	2  30  27 
2689	6  24   8 
2693	2  51  49 
2693	2  30  27 
2695	6  37  27 
2701	2  27  18 
2695	2  24  33 
2697	2  24  33 
2699	2  24  33 
2701	2  42  34 
2701	2  22  39 
2689	6   5   3 
2695	6   6   5 
2695	6  59  58 
2695	6  53  52 
2701	6  59  44 
2703	2  42  34 
2703	2  27  18 
2705	2   8  10 
2701	6  25  24 
2703	6  29  13 
2707	2  27  18 
2707	6  50  32 
2709	2  12  13 
2713	2  24  32 
2715	2  24  32 
2717	2  24  32 
2711	2  12  13 
2709	2   8  10 
2709	2  30  37 
2711	2  30  37 
2713	2  43  29 
2715	2  43  29 
2717	2  43  29 
2711	2   9   8 
2713	2   3  18 
2715	2   3  18 
2717	2   3  18 
2713	6  14   5 
2719	6  42  40 
2719	2  12  13 
2719	2   9   8 
2721	2  24  17 
2721	2  21  27 
2723	2  24  17 
2723	2  30  37 
2725	6  26  20 
2725	2   9   8 
2701	6  62  54 
2707	6  54  46 
2719	6   3   2 
2725	6  43  41 
2731	6  25  19 
2737	2  25  32 
2731	2  45  43 
2733	2  45  43 
2735	2  45  43 
2737	2  28  20 
2737	2  43  50 
2723	6  14   5 
2713	6  55  47 
2719	6  62  55 
2739	2  34  26 
2739	2  24  17 
2739	2  46  29 
2739	2  43  50 
2725	6  62  61 
2731	6  61  60 
2729	6  23  14 
2737	6  11  10 
2741	2  25  32 
2741	2  59  42 
2741	2  28  20 
2735	6  13   5 
2741	6  45  31 
2747	2  31  23 
2749	2  31  23 
2747	2  45  53 
2749	2  45  53 
2751	2  31  23 
2751	2  45  53 
2743	2  28  20 
2743	2  18  33 
2745	2  25  32 
2745	2  59  42 
2745	2  19  28 
2747	2  21  27 
2749	2  21  27 
2747	2  43  50 
2751	2  19  28 
2749	2  50  40 
2751	2  59  42 
2741	6   7   6 
2745	6   9   3 
2751	6  32  16 
2753	2  59  60 
2753	2  34  26 
2753	2  46  29 
2755	2  19  28 
2757	2  32  41 
2757	2  46  29 
2757	2  16  10 
2759	2  22  12 
2759	2  32  41 
2761	2  32  41 
2759	2  38  46 
2755	2  59  60 
2761	2  22  12 
2757	2  59  60 
2761	2  38  46 
2755	2  34  26 
2759	6  52  35 
2763	2  31   7 
2763	2  16  10 
2765	6  59  45 
2771	2  50  40 
2765	2  16  10 
2767	2  22  12 
2771	2  31   7 
2767	6  10   2 
2767	6  27  25 
2771	6  54  53 
2773	2  25  24 
2773	2  35  20 
2775	2  59  41 
2777	2  38  46 
2777	2  59  41 
2779	6  51  36 
2779	2  25  24 
2781	2  25  24 
2783	2  18  33 
2779	2  31   7 
2785	6  46  44 
2785	2  18  33 
2787	2  50  40 
2787	2  18   4 
2789	2   9  25 
2781	6  30  21 
2791	6  24  17 
2791	2  37  27 
2793	2  35  20 
2795	2  37  27 
2791	2  53  52 
2793	2  53  52 
2795	2  53  52 
2787	6  14   7 
2789	6   4   3 
2795	2   4  14 
2791	6  47  31 
2789	6  59  50 
2795	2  50  41 
2797	6  32  24 
2797	2  35  20 
2799	2   4  14 
2799	2  37  27 
2801	2  19  20 
2801	2  45  47 
2799	2  51  42 
2801	2  51  42 
2801	2   4  14 
2797	6  17  10 
2803	2  19  20 
2803	2  30  46 
2803	2  51  42 
2803	2  24  17 
2805	6  50  32 
2805	2  18   3 
2807	2  18   3 
2805	2  35  28 
2811	2  50  52 
2807	2  35  28 
2809	2  35  28 
2813	2  51  60 
2815	2  42  26 
2817	2  19  20 
2805	2  30  46 
2807	2  30  46 
2813	2  45  47 
2815	2  45  47 
2819	2  42  26 
2819	2  12  20 
2809	6  31  23 
2815	6  30  14 
2811	6  32  16 
2817	2  16   8 
2819	2  16   8 
2821	6  35  33 
2821	2  12  20 
2821	2  16   8 
2827	2  42  26 
2823	2  12  20 
2809	6  10   3 
2821	6  14   5 
2827	2   5   3 
2815	6  60  59 
2821	2  60  46 
2823	2  60  46 
2825	2  60  46 
2827	6  53  29 
2829	2   9  25 
2833	2  35  44 
2831	2   9  25 
2833	2  51  59 
2833	2  24  17 
2835	2  24  17 
2829	2   5   3 
2831	2   5   3 
2833	2  11  29 
2835	2  50  52 
2835	2  11  29 
2833	6  14   5 
2837	2  50  52 
2837	2  11  29 
2833	6  54  47 
2837	6  26  17 
2839	2  31  47 
2841	2  31  47 
2839	2  50  40 
2841	2  50  40 
2839	6  60  53 
2843	2  17  18 
2843	2  31  47 
2843	2  50  40 
2839	6  36  21 
2845	6  47  29 
2845	2  51  59 
2851	2  13  21 
2853	2  30  14 
2845	2  17  18 
2855	2  30  14 
2847	2   8   9 
2849	2   8   9 
2851	2  17  18 
2853	2  10   3 
2845	2  35  44 
2847	2  35  44 
2855	2  10   3 
2851	2  43  36 
2853	2  43  36 
2855	2  43  36 
2845	6  41  32 
2847	6  60  58 
2853	2  49  58 
2855	2  49  58 
2853	6  20  12 
2857	2   8   9 
2857	2  49  58 
2859	2  10   3 
2861	2  17   8 
2857	2  47  39 
2857	2  43  52 
2859	2  49  34 
2861	2  49  34 
2859	2  13  21 
2859	2  47  39 
2861	2  47  39 
2861	2  13  21 
2857	6  37  36 
2863	6  37  23 
2869	2   5  23 
2863	2  17   8 
2863	2  43  52 
2865	2  43  52 
2865	2  17   8 
2871	2  27  21 
2851	6  32  24 
2863	6  58  40 
2869	2  32  40 
2871	2  32  40 
2861	6  11   2 
2867	6   8   2 
2867	6  61  54 
2869	6  44  42 
2873	2  61  59 
2873	2  32  40 
2873	2  27  21 
2875	6  35  26 
2875	2   5  23 
2877	2   5  23 
2881	2  27  21 
2875	2  61  59 
2875	2   8  24 
2877	2  61  59 
2877	2   8  24 
2879	2   8  24 
2881	2   8  32 
2875	6  45  44 
2881	2  39  45 
2879	6  59  50 
2883	2   8  32 
2883	2  30  14 
2883	2  12   3 
2883	6  36  35 
2889	2  39  45 
2891	2  41  35 
2885	2  12   3 
2891	2  29  38 
2893	2  29  38 
2887	2  13  11 
2895	2  29  38 
2893	2   8  32 
2889	2  13  11 
2895	2  41  35 
2891	2  13  11 
2893	2  12   3 
2885	6  60  59 
2891	6  54  52 
2891	6  31  23 
2897	6  42  41 
2903	2  42  35 
2897	2  53  38 
2899	2  53  38 
2901	2  39  45 
2901	2  29  28 
2903	2  29  28 
2897	6  23  22 
2903	6  54  47 
2905	2  41  42 
2905	2  36  22 
2907	2  36  22 
2907	2  41  42 
2909	6  49  43 
2909	2  29  28 
2909	2  23  47 
2911	2  23  47 
2913	2  23  47 
2895	6  18  11 
2897	6  32  24 
2901	6  61  60 
2909	6  62  61 
2901	6  18   9 
2915	2  41  42 
2917	2  43  34 
2919	2  60  42 
2901	6  12   5 
2903	6  24  16 
2909	6  16   9 
2915	6  32  24 
2915	6  10   9 
2907	6  19  12 
2913	2  19  27 
2915	2  19  27 
2917	2  19  27 
2913	6  13  12 
2915	6  55  31 
2919	6  27  19 
2921	2  44  43 
2921	2  49  32 
2923	2  40  16 
2923	2  44  43 
2925	2  44  43 
2925	2  49  32 
2921	2  55  62 
2923	2  55  62 
2925	2  34  26 
2925	2  55  62 
2921	6  30  14 
2919	6  12   4 
2925	6  10   4 
2927	2  53  38 
2929	2  36  22 
2927	2  49  32 
2931	6  49  25 
2931	2  45  38 
2933	2  45  38 
2935	2  45  38 
2931	2  13  22 
2933	2  13  22 
2935	2  13  22 
2937	6  24  10 
2937	2  13  14 
2939	2  13  14 
2941	2  13  14 
2937	6  51  36 
2929	6  62  54 
2937	6  46  30 
2935	6  62  61 
2943	6  10   3 
2943	2  55  46 
2943	2  51  58 
2945	2  55  46 
2943	2  21  36 
2945	2  21  36 
2947	2  21  36 
2943	2  33  24 
2945	2  33  24 
2949	2  40  16 
2951	2  40  16 
2947	2  34  26 
2949	2  34  26 
2953	2  33  24 
2949	2  22   4 
2951	2  22   4 
2953	2   5  14 
2955	2   5  14 
2955	2   9  16 
2945	2  51  58 
2947	2  51  58 
2949	2  44  51 
2951	2  44  51 
2947	2  55  46 
2953	2  44  51 
2955	2  33  43 
2949	6  28  19 
2949	6  46  39 
2955	6  47  29 
2957	2   5  14 
2957	2  24  34 
2961	2  22   4 
2959	2  24  34 
2961	2  33  43 
2961	2  47  54 
2963	2  33  43 
2965	2  24  34 
2965	2  45  44 
2963	2  29  21 
2965	2  29  21 
2963	2  47  54 
2965	2  47  54 
2955	6  59  58 
2961	6  58  49 
2963	6   6   3 
2967	2  33  17 
2969	2  25  19 
2971	2  25  19 
2967	2  61  58 
2967	2  29  21 
2969	2  61  58 
2969	2   6  30 
2971	2  61  58 
2971	2   6  30 
2973	6  24   9 
2979	2  10   9 
2973	2  60  42 
2973	2   6  30 
2975	2  60  42 
2979	2  27  41 
2981	2  10   9 
2981	2  27  41 
2977	2  45  44 
2979	2  45  44 
2979	2  24  16 
2981	2  24  16 
2975	6   6   5 
2975	6  47  30 
2981	2  61  47 
2981	6   5   4 
2983	2  10   9 
2983	2  61  47 
2983	2  26  20 
2985	2  26  20 
2985	2  61  47 
2983	6  50  40 
2987	2  26  20 
2987	2  39  47 
2985	6   8   2 
2989	2  27  41 
2989	2  39  47 
2987	6  53  52 
2991	2  41  24 
2993	2  33  17 
2991	2   2   4 
2991	2  39  47 
2993	2   2   4 
2991	6  35  28 
2995	2   2   4 
2995	2  41  24 
2981	6  23  22 
2993	6  59  45 
2997	2  25  19 
2997	6  22  13 
2999	2  45  35 
3001	2  45  35 
2997	6   4   3 
2999	6  40  16 
3005	2  41  24 
3007	2  45  35 
3009	6  35  32 
3005	6  11   9 
2999	6  60  58 
3005	6  58  57 
3003	6  30  22 
3009	6  46  45 
2993	6  62  55 
3003	6  15   6 
3009	6  31  15 
3005	6  62  60 
3011	6  21  12 
3015	2  41  59 
3017	2  41  59 
3017	2  12  19 
3019	2  33  17 
3017	2  30  46 
3019	2  60  43 
3019	2  21  28 
3019	6  11   3 
3021	2  21  28 
3021	2   9  16 
3023	2   9  16 
3021	2  60  43 
3023	2  60  43 
3023	2  21  28 
3019	6  57  48 
3019	6  38  37 
3019	6  62  55 
3025	6  20   5 
3025	2  30  46 
3027	2  30  46 
3025	2   9  16 
3029	2  46  31 
3025	2  48  32 
3027	2  48  32 
3025	2  36  35 
3027	2  36  35 
3029	2  48  32 
3027	2   8  16 
3029	2   8  16 
3029	2  36  35 
3021	6  26  18 
3025	6  61  60 
3025	6  51  50 
3027	6  18  10 
3031	2  35  27 
3033	2  35  27 
3035	2  35  27 
3031	2  51  45 
3033	2  51  45 
3035	2  51  45 
3031	2   8  16 
3033	2  10   2 
3035	2  10   2 
3031	6  49  40 
3031	6  30  21 
3031	6   5   4 
3031	6  55  47 
3033	6  24   8 
3037	2  13  28 
3037	2  46  31 
3037	2  10   2 
3037	6  59  49 
3039	2  12  19 
3039	2  30  47 
3039	2  24  32 
3041	2  24  32 
3041	2  36  20 
3041	2  30  47 
3037	6  34  26 
3039	6   8   1 
3043	2  12  19 
3043	2  30  47 
3043	2  34  52 
3045	6  44  34 
3045	2  24  32 
3045	2  10  12 
3047	2  10  12 
3049	2  10  12 
3045	2  60  59 
3047	2  60  59 
3049	2  60  59 
3045	2  30  22 
3047	2  30  22 
3049	2  30  22 
3045	6  47  39 
3051	6  42  25 
3051	2  36  20 
3057	2  42  50 
3051	2  46  31 
3053	2  13  28 
3055	2  36  20 
3057	2  13  28 
3059	2  42  50 
3059	2  28  45 
3053	6  39  23 
3051	6   3   1 
3057	6  25   1 
3061	2  13  23 
3063	2  28  45 
3065	2  28  45 
3061	2  42  50 
3063	2  41  49 
3063	6  14   5 
3067	2  44  52 
3069	2  44  52 
3067	2   1  11 
3069	2   1  11 
3069	2  21  22 
3059	6  47  39 
3063	6  34  26 
3065	6  55  47 
3065	6  48  32 
3067	6  38  31 
3071	2   1  11 
3071	2  33  35 
3073	2  13  23 
3075	2  13  23 
3073	2  42  36 
3075	2  33  35 
3073	6   2   1 
3077	2  29  44 
3079	6  62  60 
3079	2   3   5 
3079	2  21  22 
3079	2  33  35 
3081	2   3   5 
3083	2   3   5 
3081	2  42  36 
3081	2  21  22 
3083	2  42  36 
3073	6  19  18 
3079	6  18  16 
3073	6  47  46 
3079	6  46  39 
3085	6  28  19 
3085	2  32  16 
3087	2  32  16 
3085	2  52  55 
3089	2  32  16 
3087	2  52  55 
3089	2  52  55 
3085	6   3   2 
3085	6  30  14 
3091	6  62  55 
3091	2  17  19 
3093	2  17  19 
3091	2  29  44 
3093	2  29  44 
3095	2  26  29 
3095	2  52  44 
3091	6   5   4 
3097	6  37  28 
3097	2  24  33 
3099	2  24  33 
3101	2  24  33 
3097	2   3  13 
3099	2   3  13 
3101	2   3  13 
3097	2  55  62 
3097	2  52  44 
3099	2  55  62 
3099	2  52  44 
3101	2  55  62 
3097	6  18   9 
3097	6  39  23 
3091	6  50  49 
3103	6   2   1 
3103	2  28  18 
3105	2  28  18 
3107	2  28  18 
3103	6  23   5 
3097	6  48  40 
3103	6  40  32 
3097	6  50  42 
3103	6  61  51 
3109	6  39  23 
3109	2   5  11 
3111	2   5  11 
3113	2   5  11 
3109	2  45  37 
3111	2  45  37 
3113	2  45  37 
3109	2  49  25 
3111	2  49  25 
3113	2  49  25 
3115	6  53  39 
3115	2  17  19 
3117	2   4  10 
3119	2   4  10 
3115	6  14   6 
3115	6  49  41 
3117	6  29  20 
3121	2  61  53 
3121	2   4  10 
3123	6   5   2 
3123	2  61  53 
3125	2  61  53 
3127	2  61  59 
3115	6  43  34 
3117	6  32  24 
3123	6  49  40 
3121	6  44  43 
3123	6  34  25 
3121	6  39  23 
3127	6  46  36 
3129	2   9  25 
3131	2   9  25 
3129	2  61  59 
3133	2   9  25 
3131	2  61  59 
3133	2  44  54 
3133	2  59  50 
3129	2   6   5 
3131	2   6   5 
3133	2   6   5 
3135	6  43  34 
3135	2  47  61 
3137	2  47  61 
3139	2  37  55 
3129	6  41  40 
3135	6  17  11 
3141	6  42  18 
3141	2  37  55 
3143	2  37  55 
3145	2  47  61 
3147	6   3   2 
3147	2  26  20 
3147	2  44  54 
3149	2  26  20 
3147	2  59  50 
3149	2  38  52 
3151	2  19  18 
3151	2  38  52 
3147	6  24  16 
3135	6  14   6 
3141	6  23  14 
3151	6  35  28 
3153	2  16  17 
3157	2  28  21 
3155	2  16  17 
3157	2  19  18 
3153	2  38  52 
3155	2  61  47 
3157	2  44  54 
3157	2  59  50 
3153	6   2   1 
3153	6   5   4 
3151	6  40  33 
3157	6  34  25 
3159	2  40  50 
3159	2  11  12 
3161	2  11  12 
3159	2  53  29 
3161	2  40  50 
3161	2  61  47 
3161	2  28  21 
3163	6  53  39 
3169	2  42  51 
3171	2  40  50 
3163	2  16  17 
3163	2  11  12 
3163	2  28  21 
3165	2   9  25 
3167	2   9  25 
3169	2   9  25 
3169	2  61  47 
3165	2  27  36 
3171	2  53  54 
3167	2  27  36 
3171	2  19  18 
3171	2  44  35 
3171	2  39  29 
3173	6  48  24 
3173	2  11  10 
3175	2  11  10 
3177	2  11  10 
3173	2  27  36 
3173	2  53  54 
3175	2  53  54 
3175	2  44  35 
3177	2  44  35 
3173	2  21  38 
3175	2  21  38 
3177	2  21  38 
3179	6  62  44 
3179	2  17  16 
3181	2  17  16 
3183	2  17  16 
3179	2  20  13 
3181	2  20  13 
3183	2  20  13 
3179	6  10   1 
3179	6  33  26 
3173	6  59  58 
3179	6  58  48 
3179	6  39  23 
3185	6  51  49 
3185	2  54  46 
3185	2  23  29 
3187	2  54  46 
3187	2  20  13 
3189	2  54  46 
3185	2  26  10 
3189	2  20  13 
3187	2  36  34 
3189	2  36  34 
3187	6  17  10 
3191	2  20  13 
3191	2  43  44 
3193	6  40  25 
3193	2  43  44 
3195	2  45  39 
3197	2  45  39 
3187	6  23  22 
3191	6  62  55 
3191	6  60  58 
3199	6  46  45 
3199	2  42  49 
3201	2  42  49 
3199	2  26  17 
3203	2  48  40 
3201	2  26  17 
3203	2  42  33 
3205	6  55  31 
3205	2  48  40 
3207	2  48  40 
3205	2  42  33 
3207	2  43  44 
3209	2  35  41 
3211	6  44  41 
3211	2  31  23 
3213	2  31  23 
3217	2  42  33 
3217	2  46  39 
3193	6  20   4 
3217	2  27  20 
3199	6   4   2 
3205	6   3   1 
3211	6  16   1 
3205	6  13   5 
3211	6  14  13 
3219	6  51  45 
3219	2  17  33 
3221	2  17  33 
3223	2  17  33 
3219	2   4  22 
3221	2  31  23 
3221	2  27  20 
3223	2  27  20 
3225	6  49  32 
3225	2  45  29 
3225	2  18  27 
3227	2  53  60 
3227	2  18  27 
3231	2  43  42 
3229	2  45  29 
3231	2  45  29 
3229	2  18  27 
3231	2  32  16 
3223	6  39  23 
3233	2  35  44 
3235	2  36  34 
3229	2  14  23 
3235	2  53  60 
3231	2  14  23 
3233	2   4  22 
3235	2   4  22 
3233	6  18   9 
3237	2  14  23 
3237	2  35  44 
3231	6  58  49 
3233	6  24  16 
3229	6  47  39 
3235	6  63  47 
3239	2  18  35 
3241	2  18  35 
3241	2  46  45 
3239	2  32  24 
3241	2  32  24 
3237	6  29  20 
3237	6  59  58 
3243	6  62  59 
3249	2  34  51 
3251	2  34  51 
3253	2  34  51 
3243	2  22  37 
3249	2  63  62 
3245	2  22  37 
3247	2  22  37 
3249	2  46  45 
3251	2  46  45 
3251	2  63  62 
3253	2  63  62 
3243	6  20  19 
3249	6  19  17 
3249	6  31  29 
3255	6  47  31 
3255	2   4  28 
3257	2  12  26 
3259	2  12  26 
3255	2  32  41 
3261	2  12  26 
3257	2  32  41 
3259	2  32  41 
3263	2  29  20 
3257	2  36  44 
3263	2  18  35 
3265	2  24  17 
3265	2  43  42 
3255	2  53  60 
3267	2  24  17 
3269	2  24  17 
3265	2   4  28 
3267	2  43  42 
3267	2   4  28 
3269	2  29  20 
3271	2  29  20 
3259	2  52  53 
3261	2  52  53 
3263	2  52  53 
3269	2  36  44 
3271	2  36  44 
3265	2  59  60 
3267	2  59  60 
3269	2  59  60 
3265	2  47  54 
3267	2  47  54 
3269	2  47  54 
