   1	6  18  14 
   1	2  35  34 
   3	2  35  34 
   5	2  35  34 
   7	2  21  22 
   9	2  21  22 
  11	2  21  22 
   1	2   3   1 
   3	2   3   1 
   5	2   3   1 
   7	2  24  19 
   9	2  24  19 
  11	2  24  19 
   7	2   2   9 
   9	2   2   9 
  11	2   2   9 
   7	6  12   6 
  13	6  15   2 
  19	2  21  15 
  13	6  29  23 
   7	6  33  32 
  19	2  33  29 
  13	6  30  12 
  21	2  16  10 
  19	2  31  30 
  21	2  27  25 
  23	2  27  25 
  25	2  27  25 
  27	2  21  15 
  27	2  25  19 
  27	2  33  29 
  23	6   5   3 
  29	6  11   5 
  29	2  21  15 
  29	2  31  30 
  31	2  31  30 
  29	2  33  29 
  31	2  35  33 
  33	2  25  19 
  33	2  35  33 
  19	6  12   7 
  29	2   2   7 
  31	2   2   7 
  33	2   2   7 
  31	6  15   9 
  35	2  12  26 
  35	6  23  11 
  41	2  35  33 
  43	2  23  29 
  37	2  25  19 
  39	2  31  30 
  41	2  31  30 
  41	2  16  10 
  43	2  16  10 
  39	2  20  14 
  41	2  20  14 
  43	2  12  26 
  37	6   3   2 
  43	6   8   1 
  45	2  12  26 
  45	2  23  29 
  47	2  22  27 
  49	2   7  12 
  49	2  23  29 
  49	2  26  15 
  45	6   4   3 
  51	2  22  27 
  51	2  10   4 
  53	2  10   4 
  51	2   7  12 
  51	2  31  30 
  51	2  20  14 
  53	2   8  20 
  53	2  29  33 
  53	6  30  24 
  55	2   7  12 
  55	2  26  15 
  57	2  10   4 
  57	2  12  19 
  57	2  29  33 
  59	2  26  15 
  59	6  28  23 
  61	2   8  20 
  63	2   8  20 
  59	6  24  18 
  65	2  12  19 
  65	2   8   9 
  65	2  22  27 
  61	6  32  31 
  67	2  13  31 
  69	2  13  31 
  71	2  13  31 
  67	6  22  10 
  73	6  27  26 
  73	2  16  13 
  75	2  16  13 
  77	2   8   9 
  73	2  31  30 
  75	2  31  30 
  77	2  31  30 
  79	2  16  13 
  81	2  12  19 
  83	2  30  26 
  81	2   4  10 
  83	2   4  10 
  81	6  22  15 
  85	2  30  26 
  85	2   4  10 
  83	6  18  13 
  87	2  16  21 
  89	2  20  25 
  89	2  27  28 
  91	2  27  28 
  87	2   8   9 
  93	2  27  28 
  95	2  29  33 
  91	2  15  13 
  95	2  16  21 
  91	6  31  24 
  97	6  34  32 
  97	2  15  13 
  99	2  15  13 
 103	2  30  26 
 103	2  22  34 
 105	2  27  29 
 101	2  10   4 
 103	2  10   4 
 105	2  10   4 
 105	2  18  24 
 101	6  13   8 
 107	6  35  23 
 107	2  32  14 
 107	2  18  24 
 109	2  18  24 
 109	2  32  14 
 111	2  32  14 
 113	6  32  14 
 113	6  35  23 
 119	6  10   3 
 119	2  12  18 
 119	2  32  35 
 121	2  32  35 
 121	2  12  18 
 123	2  12  18 
 123	2  27  29 
 119	2  14   7 
 125	2  28  15 
 123	6  31  30 
 127	2  16  21 
 129	2  14   7 
 129	2  32  35 
 125	6   3   2 
 129	6  24  18 
 131	2  31  32 
 133	2  31  32 
 131	2  21  35 
 135	2  31  32 
 133	2  14   7 
 135	2  14   9 
 133	2  22  34 
 135	2  22  34 
 137	2  22  19 
 139	2  22  19 
 141	2  22  19 
 143	2  34  33 
 143	2  16   8 
 145	2  27  29 
 145	2  16   8 
 143	6  31  24 
 147	2  28  15 
 147	6  12   7 
 149	2  29  22 
 151	2  29  22 
 149	2  20  25 
 151	2  20  25 
 153	2  20  12 
 155	2  20  12 
 149	2  34  33 
 151	2  34  33 
 153	2  32  33 
 157	2  20  12 
 159	2  14   9 
 155	2  32  33 
 153	2  29  22 
 155	2  29  22 
 157	2  29  22 
 161	2   2   7 
 157	2  32  33 
 159	2  29  22 
 159	2  26  25 
 161	2  21  35 
 163	2  21  35 
 163	2  13  18 
 161	6  32  31 
 165	2  13  18 
 165	2  28  15 
 163	6   4   3 
 167	2  13  18 
 169	2  16   8 
 167	2  26  25 
 167	2  28  34 
 169	2  28  34 
 169	2  26  25 
 171	2  25  27 
 173	2  25  27 
 175	2  28  34 
 171	2  14   9 
 175	2   8  20 
 175	2  18  12 
 177	6  34  32 
 177	2  13  21 
 179	2  13  21 
 181	2  13  21 
 183	2  25  27 
 177	2   9   3 
 185	2  13  31 
 185	2  34  35 
 179	2   9   3 
 187	2  34  35 
 187	2  13  31 
 181	2   9   3 
 183	6  10   3 
 189	6  33  29 
 195	2  13  31 
 197	2  24  14 
 195	2  34  35 
 199	2  15  19 
 201	2  18  12 
 201	2   8  20 
 201	2  33  31 
 197	6  29  23 
 203	6  34  29 
 203	2  15  19 
 209	2  28  35 
 211	2  28  35 
 205	2  15  19 
 213	2  28  35 
 215	2  22  28 
 217	2  22  28 
 203	2   2   7 
 219	2  22  28 
 207	2  18  12 
 207	2   8  20 
 209	2  24  14 
 211	2  15   8 
 213	2  15   8 
 211	2  18  32 
 213	2  18  32 
 215	2  24  14 
 221	2  27   9 
 217	6  30  18 
 223	6  35  34 
 223	2   2   7 
 223	2  16  26 
 225	2  12   7 
 227	2  12   7 
 225	2  16  26 
 227	2  16  26 
 229	6  16  13 
 235	2  26  21 
 237	2  24  25 
 239	2  30  32 
 235	2  12   7 
 241	2  24  25 
 243	2  24  25 
 237	2  20  13 
 239	2  20  13 
 241	2  15   8 
 243	2  20  13 
 235	6  29  17 
 243	2  17  10 
 245	6  33  30 
 251	2  26  21 
 251	2  34  33 
 253	2  34  33 
 251	2  30  31 
 245	2  13   7 
 245	2  17  10 
 247	2  13   7 
 249	2  13   7 
 253	2  14  19 
 247	2  17  10 
 253	2  30  31 
 243	6   3   2 
 249	6  17   3 
 251	6  12   6 
 255	2  27   9 
 257	2  27   9 
 259	2  26  21 
 255	2  23  17 
 261	2  32  26 
 261	2  14  19 
 263	2  34  33 
 263	2  14  19 
 257	2  23  17 
 259	2  23  17 
 259	6   6   1 
 261	6  23  16 
 265	2  19  25 
 265	2  14   8 
 265	6  28  27 
 271	2  28  23 
 267	2  19  25 
 269	2  19  25 
 273	2  28  23 
 271	2  32  26 
 275	2  28  23 
 267	2   3   1 
 269	2   3   1 
 273	2  20   9 
 275	2   3   1 
 275	2  32  26 
 275	2  16  15 
 271	6  24  12 
 277	2  16  15 
 277	2  31  26 
 279	2  17  21 
 279	2  25  30 
 277	6  12   2 
 281	2  25  30 
 281	2  17  21 
 283	6  13   1 
 283	2  17  21 
 285	2  16  15 
 285	2  31  26 
 287	2  15  16 
 287	2  31  26 
 277	6  34  29 
 289	6  32  28 
 289	2  15  16 
 295	2  25  30 
 291	2  10   2 
 293	2  14   8 
 295	2  28  22 
 297	2  28  22 
 295	2  10   2 
 297	2  14   8 
 297	6  25  12 
 299	2  10   2 
 301	2   8   1 
 301	2  17  23 
 303	6  11  10 
 303	2   8   1 
 305	2   2   3 
 303	2  33  19 
 307	2   8   1 
 305	2  33  19 
 309	2   2   3 
 307	2  33  19 
 309	2  19  26 
 309	2  11  29 
 311	6  12   7 
 311	2  17  23 
 313	2  28  22 
 311	2  20   9 
 313	2  20   9 
 315	2  14  20 
 315	2   2   3 
 315	2  11  29 
 315	6  32  24 
 317	2   7   2 
 317	2  14  20 
 321	2  13  24 
 317	2  11  29 
 319	2   9  21 
 321	2   9  21 
 319	2  17  23 
 323	6  28  23 
 323	2   1   8 
 323	2  15  16 
 325	2   7   2 
 323	2  19  26 
 327	2   7   2 
 325	2  14  20 
 327	2  19  26 
 323	6  31  30 
 329	2   9  21 
 329	2  13  24 
 331	6  27  26 
 331	2  16   3 
 333	2  22  17 
 331	2  13  24 
 337	2  28  33 
 333	2  13  24 
 335	2  14   9 
 337	2  20  21 
 337	2   1   8 
 335	6  24  12 
 339	2  14   9 
 339	2  23  11 
 341	6  33  29 
 341	2  13  12 
 343	2  13  12 
 341	2   1   8 
 341	2  20  21 
 347	2  28  29 
 349	2  28  29 
 345	2  19   8 
 347	2  14   9 
 347	2  24  26 
 349	2  13  14 
 351	2  13  14 
 351	2  22  17 
 349	2  24  26 
 351	2  24  26 
 349	6   4   2 
 353	2  13  14 
 353	2  22  17 
 355	2  16   3 
 353	2  26  30 
 355	2  26  30 
 357	6  15  14 
 357	2  26  30 
 357	2  23  11 
 359	2  23  11 
 361	2  11  23 
 357	6   7   2 
 359	6  33  30 
 365	2  20  21 
 367	2  33  27 
 369	2  33  27 
 371	2  33  27 
 367	2  19   8 
 369	2  19   8 
 371	2  24  30 
 363	2  11  23 
 365	2  11  23 
 371	2  16   3 
 371	6  19  14 
 373	2  24  30 
 375	2  24  30 
 373	2   1   3 
 375	2   1   3 
 373	6  29  16 
 377	2   1   3 
 377	2  20  26 
 379	6  14   1 
 379	6  34  29 
 385	6  16   2 
 385	2  19  31 
 387	2  19  31 
 389	2  19  31 
 385	6  34  33 
 391	6  33  32 
 391	2  24  19 
 391	2  21  28 
 393	2  21  28 
 397	2  12  30 
 395	2  21  28 
 399	2  12  30 
 401	2  24  19 
 401	2  32  31 
 403	2  24  19 
 403	2  32  31 
 405	2  32  31 
 405	2  13  19 
 407	2  13  19 
 391	2  17  16 
 393	2  17  16 
 409	2  12  30 
 395	2  17  16 
 391	2   4   2 
 393	2   4   2 
 395	2   4   2 
 397	2   9  22 
 399	2  15  23 
 401	2  15  23 
 411	2  32  24 
 413	2  32  24 
 403	2  15  23 
 415	2  20  26 
 399	2   3   2 
 401	2   3   2 
 405	2   9  22 
 407	2   9  22 
 409	2   3   2 
 415	2   8  12 
 417	2   8  12 
 417	2  20  26 
 419	2  20  14 
 419	2  32  24 
 409	6  28  16 
 415	2  16   4 
 417	2  16   4 
 419	2  16   4 
 415	6  34  29 
 419	6   7   1 
 421	2   9  21 
 423	2   9  21 
 425	2   4   3 
 421	2  17  29 
 423	2  17  29 
 425	2  28  27 
 425	2  20  14 
 427	6  20  15 
 427	2  28  27 
 429	2  28  27 
 427	2   4   3 
 431	2  17  29 
 429	2   4   3 
 421	6  31  18 
 427	2  18   7 
 429	2  18   7 
 431	2  18   7 
 433	6  16   2 
 433	2  13  19 
 427	6  31  30 
 433	6  33  31 
 439	2  15  14 
 441	2   9  21 
 435	6  19  12 
 441	2  12   7 
 439	6  29  23 
 443	2   8  19 
 443	2  27  21 
 443	6  11  10 
 445	2  12   7 
 445	2  19  20 
 445	2  33  22 
 447	2  13  14 
 447	2  33  22 
 449	6  18   6 
 449	2  33  22 
 451	2  22  23 
 451	2  15   9 
 453	2  16  17 
 455	2  16  17 
 455	2   2   6 
 453	2  27  21 
 457	2  13  14 
 455	2  27  21 
 457	2  32  28 
 457	2  16  17 
 459	2  29  33 
 459	2  19  20 
 461	2  29  33 
 461	2  13  14 
 459	6  16  10 
 463	2  19  20 
 465	2  13  20 
 467	2  12   7 
 463	2  32  28 
 465	2  15   9 
 469	2   2   6 
 471	2   2   6 
 465	2  22  23 
 467	2  26  16 
 469	2  26  16 
 471	2  26  16 
 473	2  22  23 
 473	2  26   8 
 475	2  26   8 
 477	2  22  19 
 479	2  26   8 
 479	6  23  11 
 481	2   6  12 
 483	2   6  12 
 481	2  15   9 
 483	2   3   8 
 481	6  26  24 
 487	2  22  19 
 489	6   7   2 
 489	2  16  26 
 491	2  16  26 
 493	2  29  33 
 493	2   9  10 
 493	6  24  18 
 495	2  13  20 
 495	2  32  28 
 497	2  27  33 
 499	2   6  12 
 495	2   9  10 
 499	2  27  33 
 497	2   4  15 
 499	2   4  15 
 497	6  29  23 
 501	2  27  33 
 501	2   7  18 
 503	2  16  26 
 503	2   3   8 
 505	2   9  10 
 505	2  26  32 
 505	2   7  18 
 505	2  28  21 
 507	6  14   9 
 513	2   3   8 
 507	2  16  17 
 507	2  26  32 
 513	2  28  21 
 509	2  26  32 
 509	2  16  17 
 511	2  16  17 
 515	6  28  16 
 515	2  13  20 
 521	2   9  23 
 523	2  16  21 
 517	2  12  13 
 519	2  12  13 
 521	2  12  13 
 523	2   7  18 
 511	6  32  31 
 525	2   9  23 
 527	2   9  23 
 517	6  31  30 
 525	6  27  26 
 529	2   4  15 
 525	6  30  12 
 531	6  33  30 
 531	2  16   8 
 533	2  16   8 
 535	2  16   8 
 537	2  26  14 
 531	2  12   6 
 539	2  26  14 
 537	2  23  10 
 541	2  20   7 
 539	2  23  10 
 541	2   3   9 
 543	2  20   7 
 543	2   3   9 
 541	6  29  17 
 545	2  26  14 
 547	2  23  10 
 549	2   3   9 
 549	2  22  19 
 551	6   9   7 
 551	2  22  29 
 553	2  27  28 
 557	2  12   6 
 555	2  26  33 
 557	2  26  33 
 555	2  22  29 
 557	2   4  15 
 559	6   4   2 
 559	2  27  28 
 565	2  11   4 
 567	2  11   4 
 561	2  27  28 
 559	2  19  18 
 569	2  11   4 
 561	2  19  18 
 563	2  26  33 
 563	2  12   6 
 565	2  19  18 
 563	2  22  29 
 567	2  13  19 
 565	2   2  15 
 567	2   2  15 
 569	2  28  22 
 569	2   7  12 
 565	6  33  26 
 571	2   8   6 
 571	2  27  16 
 573	6  21  10 
 573	2  13  19 
 579	2  18  14 
 581	2  18  14 
 583	2  18  14 
 573	2  29  23 
 575	2  29  23 
 577	2  29  23 
 579	2   4  10 
 579	2  29  33 
 581	2   4  10 
 583	2   4  10 
 581	2  28  22 
 583	2  28  22 
 573	6   6   1 
 579	6   2   1 
 551	6  31  30 
 581	6  32  31 
 585	2  13  19 
 585	2  15   4 
 585	2  23  28 
 587	6  35  32 
 587	2   8   2 
 593	2  23  28 
 595	2  23  28 
 589	2  15   4 
 593	2  20   9 
 595	2   8   2 
 595	2  20  21 
 597	6  26  21 
 597	2  10   9 
 599	2  10   9 
 603	2  20  26 
 605	2  20  26 
 601	2  10   9 
 603	2   2  10 
 605	2   7  12 
 597	6  35  23 
 605	2  23  11 
 607	2  23  11 
 607	2   7  12 
 603	6  34  33 
 609	2  23  11 
 609	2   7  12 
 605	6   9   3 
 611	6  35  33 
 611	2  21  22 
 611	2   2  10 
 613	2  11   9 
 613	2   7  12 
 615	2   7  12 
 613	2  21  22 
 615	2  11   9 
 615	2  21  22 
 617	6   3   1 
 617	2  29  34 
 619	2  27  16 
 621	2  27  16 
 617	6  18  12 
 623	2  29  34 
 623	2  11   9 
 625	2  15   4 
 627	2  15  13 
 629	2  12   1 
 631	2  12   1 
 633	2  12   1 
 623	2  27  26 
 625	2  27  26 
 627	2  27  26 
 629	6  21   9 
 625	6  35  34 
 635	6  11   3 
 641	2  11  23 
 641	2   8   3 
 635	2  21  20 
 643	2   8   3 
 645	2   2  10 
 637	2  21  20 
 639	2  21  20 
 643	2  21  33 
 645	2  20  26 
 635	6  12   6 
 647	2  11  23 
 649	2  11  23 
 647	2  15  13 
 649	2  20  26 
 649	2   8   3 
 645	6  35  34 
 651	6  34  23 
 651	2   4  11 
 651	2  15  13 
 653	2   7   9 
 655	2   7   9 
 653	2  20  26 
 657	2  15  28 
 657	2   4  11 
 659	6  32  19 
 659	2   4  11 
 661	6  11   3 
 665	2  34  32 
 657	6   6   1 
 659	6  22  15 
 665	6  15  14 
 667	2  11  23 
 667	2   1   3 
 669	2  11  23 
 667	2  34  32 
 669	2   1   3 
 669	2  34  32 
 665	6  19  18 
 671	6  34  26 
 671	2  15  16 
 671	2  13   8 
 677	2  26  19 
 673	2  15  16 
 679	2  26  19 
 675	2  15  16 
 673	2   1   3 
 677	2   2  16 
 679	2   2  16 
 681	6  17  10 
 681	2   6  14 
 683	2  13   8 
 687	2   7   9 
 681	2  22  28 
 685	2  26  19 
 683	2  22  28 
 685	2  22  28 
 687	2  17  29 
 689	2  11  23 
 689	2  13   8 
 687	6  27  21 
 691	2   8   3 
 691	2  17  29 
 687	6  32  25 
 693	2  27  33 
 693	2   2  16 
 695	2   2  20 
 695	2  17  29 
 697	6  25  12 
 697	2   8   3 
 697	2  15  21 
 699	2  15  21 
 701	2  15  21 
 699	2   8   3 
 697	2  34  29 
 703	2  23  16 
 705	2  15  26 
 707	2  15  26 
 705	2  34  29 
 707	2  34  29 
 703	6  12   1 
 701	6   4   3 
 709	2   2  20 
 711	2   2  20 
 713	6  25  21 
 713	2   3   1 
 715	2   3   1 
 717	2   3   1 
 707	6  11   5 
 709	6  34  29 
 719	2  23  16 
 719	2  27  33 
 719	2  13   3 
 721	6   5   4 
 721	2  23  16 
 721	2  27  33 
 723	2  22  28 
 721	2   6  14 
 725	2  22  28 
 723	2   6  14 
 725	2   6  19 
 727	6   2   1 
 727	2  22  16 
 729	2  22  16 
 731	2  22  16 
 727	2  27  33 
 729	2  27  33 
 731	2  27  34 
 727	2   9  14 
 729	2   9  14 
 731	2   9  14 
 727	2  25  12 
 729	2  25  12 
 731	2  25  12 
 727	6  11   5 
 733	2   6  19 
 733	2  11  29 
 733	6  33  32 
 735	2   4   2 
 735	2   6  19 
 737	2  13   3 
 735	6  29  22 
 739	2  12   6 
 741	2  12   6 
 739	2   4   2 
 741	2   4   2 
 743	2  12   6 
 743	2   2   1 
 739	2  20  25 
 741	2  15  26 
 743	2  11  22 
 743	2  14   9 
 743	6  32  24 
 745	2   2   1 
 745	2  14   9 
 747	2   2   1 
 747	2  14   9 
 745	2  11  22 
 749	6  16   4 
 749	2  19   8 
 751	2  19   8 
 753	2  19   8 
 749	2  27  34 
 751	2  27  34 
 755	6  28  17 
 755	2   1   6 
 757	2   4   2 
 759	2  13   3 
 761	6  28  21 
 761	2  13  24 
 761	2  17   3 
 763	2  13  24 
 763	2  17   3 
 765	2  13  24 
 765	2  17   3 
 767	2  21   7 
 767	2  11  17 
 767	6   4   3 
 769	2  21   7 
 769	2  11  17 
 771	2  11  17 
 771	2  21   7 
 773	6  23   5 
 773	2  20  25 
 779	2   3   2 
 775	2  20  25 
 777	2  14  25 
 779	2  14  25 
 779	6  29  11 
 781	2   1   6 
 781	2  15  21 
 783	2   3   2 
 783	2  14  25 
 785	6   7   1 
 785	2  26  16 
 787	2  15  21 
 787	2   4  11 
 789	2   4  11 
 789	2  15  21 
 787	6  32  19 
 791	2   7   6 
 791	2   4  11 
 793	2  26  16 
 795	2  24  20 
 797	2  26  16 
 799	2  13  15 
 799	2  32  26 
 799	6   5   4 
 801	2   9  16 
 801	2  32  26 
 803	2  32  26 
 803	2   8  22 
 805	6  12   2 
 811	2   6  12 
 805	2  34  21 
 811	2  24  20 
 813	2  26  25 
 811	2   9  16 
 813	2   9  16 
 813	2   6  12 
 807	6  34  29 
 815	6  27  17 
 815	2   6  12 
 817	2  12   6 
 819	2  12   6 
 815	6  14   9 
 821	6  29  28 
 827	2  28  21 
 829	2  32  34 
 821	2   9  11 
 821	2  12   6 
 823	2   1   4 
 825	2   1   4 
 827	2   9  11 
 829	2   9  11 
 821	6  24  19 
 829	2  19  20 
 831	2   1   4 
 833	2   7  14 
 831	2  26  25 
 835	2   8  22 
 833	2  26  25 
 833	6  11   4 
 837	2   2   1 
 839	2   2   1 
 839	2  17  11 
 841	2  17  11 
 837	2  13  15 
 839	2  13  15 
 841	2   2   1 
 837	2  32  34 
 839	2  32  34 
 841	2  28  21 
 841	6   9   4 
 843	2  21  27 
 847	2   5   2 
 847	2  15  16 
 845	2  20  19 
 849	2   5   2 
 847	2  20  19 
 849	2  20  19 
 849	2  15  16 
 845	6  32  28 
 851	6  32  25 
 851	2   8  22 
 853	2  15  16 
 853	2   5   2 
 855	2  21  27 
 855	2   8  13 
 855	2  17  11 
 857	6  34  33 
 857	2  26  20 
 857	2  22  11 
 859	2  22  11 
 861	2   4   5 
 859	2  26  20 
 863	2  21  27 
 865	2  21  27 
 857	2   8  13 
 859	2   8  13 
 861	2   7  14 
 863	2   7  14 
 863	2  17   3 
 865	2  17   3 
 861	6  25  18 
 867	6  18   6 
 867	2  26  20 
 867	2  17   3 
 873	2   9  19 
 873	2   6   1 
 869	6  28  23 
 875	2  22  11 
 875	2   6   1 
 875	6  26  14 
 877	2  23  11 
 877	2   6   1 
 879	2  23  11 
 875	6  30  18 
 879	6   3   2 
 881	2  13   6 
 881	2  17  15 
 885	2   4   5 
 881	2  26  33 
 883	2  26  33 
 883	2  13   6 
 885	2   2   8 
 885	2  20  12 
 883	6  22  17 
 887	2   9  19 
 889	2  22  15 
 891	2  20  12 
 891	2   3  17 
 893	6  32  25 
 893	2  21  27 
 895	2  21  27 
 899	2  26  33 
 893	2  23  11 
 893	2  13   6 
 893	2   2   8 
 895	2   3  17 
 897	2   4   5 
 897	2   2   8 
 899	2   3  17 
 901	6  16  14 
 901	2  33  30 
 901	2   3   4 
 907	2   9  19 
 901	6   6   1 
 909	2  33  30 
 911	2  33  30 
 909	2  14   7 
 909	2  16   5 
 911	2  14   7 
 911	2  16   5 
 913	6  25  18 
 913	2   3   4 
 915	2   3   4 
 913	2  14   7 
 915	2   8   7 
 915	2  22  15 
 917	2  14  27 
 913	6  17  11 
 917	6   3   1 
 919	2  21  23 
 921	2  14  27 
 923	6  28  17 
 923	2  18   6 
 925	2  18   6 
 927	2  18   6 
 923	6  15  14 
 929	6  10   5 
 929	2  18  14 
 931	2  21  23 
 933	2  21  23 
 935	2  15  27 
 929	6   6   1 
 919	6  31  30 
 931	6  25  18 
 935	6  11   4 
 937	2  25  14 
 939	2  25  14 
 941	6  27  19 
 941	2   8   7 
 943	2   4   1 
 945	2   4   1 
 947	6  15   3 
 953	2  13   2 
 955	2   4   1 
 947	2  27  28 
 949	2  27  28 
 951	2  27  28 
 953	2  33  21 
 957	2  16  10 
 957	2  13   2 
 947	6  31  25 
 955	6  26  21 
 959	2   8   7 
 959	6  16  10 
 961	2  33  26 
 961	2   7  14 
 963	2   7  14 
 963	2  33  26 
 953	6  29  23 
 959	6  35  29 
 965	6  33  31 
 965	2   3  11 
 967	2   3  11 
 969	2  13   2 
 971	2  19  13 
 973	2  19  13 
 975	2  19  13 
 965	2  22  15 
 967	2  22  15 
 969	2  22  15 
 969	2   4  10 
 971	2   3  11 
 973	2  28  15 
 975	2   9  21 
 977	2   9  21 
 979	2  28  15 
 977	6  31  18 
 981	2   7  14 
 983	2   9  21 
 985	6   9   2 
 985	2  13  14 
 987	2  20  12 
 989	2  13  14 
 985	2  35  33 
 987	2  35  33 
 989	2  21  22 
 989	2  35  33 
 973	6  17  11 
 991	6  26  25 
 991	2   6  12 
 991	2  28  15 
 991	2   1   2 
 993	2  21  22 
 995	2  21  22 
 993	2   1   2 
 993	2  13  14 
 995	2   3   7 
 997	6  35  32 
 997	2   6  12 
 999	2   6  12 
1001	2  12  18 
1003	2  19  21 
 997	2   4  10 
 997	2   1   2 
 999	2   9   8 
1005	2  20  27 
1003	2   2   6 
1001	2   4  10 
1007	2  20  27 
1005	2   9   8 
1007	2   9   8 
1005	2  12  18 
1007	2  12  18 
1003	6  23  17 
1009	2   2   6 
1011	2   2   6 
1009	2  26  16 
1011	2  26  16 
1013	2  26  16 
1013	6  12   1 
1015	2   9  10 
1017	2   9  10 
1019	2   1   2 
1019	2  15  16 
1015	2  32  26 
1021	2   9  10 
1023	2   3   7 
1025	2   1   2 
1027	2   1   2 
1021	2  22  23 
1017	2  32  26 
1019	2  20  27 
1021	2  27  33 
1025	2  12  25 
1027	2  12  25 
1029	2  12  25 
1025	2  10   9 
1027	2  10   9 
1023	2  27  33 
1025	2  27  33 
1029	2  10   9 
1023	2  22  23 
1025	2  22  23 
1027	6  28  23 
1031	2   3   7 
1031	2  32  26 
1031	2  15  16 
1033	2  19  21 
1033	6   8   4 
1035	2  25  33 
1035	2  12   6 
1037	2  12   6 
1039	2   8  20 
1039	2  12   6 
1033	6  23  17 
1039	2   4  17 
1041	2  14  22 
1043	2   4  17 
1045	2   4  17 
1043	2   8  20 
1045	2   8  20 
1041	6  24  18 
1037	6  33  32 
1043	6  33  28 
1047	2   4   8 
1047	2  26  20 
1047	6  31  24 
1049	2  17  28 
1051	2  17  28 
1053	2  17  28 
1049	2  26  20 
1055	2  15  16 
1057	2   4   8 
1059	2   4   8 
1051	2  26  20 
1053	2  25  32 
1055	2  25  32 
1057	2  19  21 
1061	2   7  13 
1059	2  33  31 
1061	2  21   3 
1063	2  21   3 
1065	2  21   3 
1063	2   7  13 
1065	2   7  13 
1067	2  19  27 
1069	2  33  31 
1071	2  33  31 
1067	2  15  16 
1069	2  14  22 
1071	2  14  22 
1073	2  19  27 
1075	2  19  27 
1073	2  15  16 
1075	2  15  16 
