   1	6  30  22 
   1	2  47  39 
   3	2  47  39 
   1	2  19  34 
   3	2  19  34 
   5	2  11  12 
   5	2  46  40 
   1	6   9   1 
   1	6  14   7 
   1	6  44  35 
   7	6  25   9 
  13	2   9   2 
  15	2   9   2 
  13	2  47  39 
   7	2  28  35 
   9	2  28  35 
  11	2  28  35 
   7	2  14  22 
   9	2  14  22 
  11	2  14  22 
  13	2  14  35 
  15	2  14  35 
   7	2  45  44 
   9	2  45  44 
  11	2  45  44 
  13	2   6  27 
  15	2  11  12 
  15	2  24  33 
  17	6  36  21 
  17	2  46  40 
  17	2  11  12 
  17	2  32  25 
  19	2  32  25 
  19	2  46  40 
  21	2  47  46 
  17	2   8  16 
  19	2   8  16 
  21	2   9   2 
  21	2  24  33 
  19	6  13   4 
  23	2  47  46 
  25	2  47  46 
  23	2  24  33 
  25	2  19  34 
  27	2   6  27 
  23	2  21   0 
  25	2  21   0 
  27	2  21   0 
  25	6  24  10 
  29	2  22  21 
  31	2  22  21 
  31	2   0   9 
  29	2   6  27 
  31	2  27  34 
  31	2  32  25 
  33	6  31  24 
  39	2  31  38 
  33	2  33  19 
  33	2  14  35 
  35	2  33  19 
  35	2  22  21 
  41	2  31  38 
  37	2  27  34 
  39	2  33  19 
  41	2  27  34 
  35	2   8  16 
  37	2  10  16 
  39	2   0   9 
  41	2   0   9 
  41	6  25  18 
  43	2  10  16 
  45	2  10  16 
  43	2  31  38 
  43	6  34  13 
  49	6  33  24 
  49	2  19  13 
  51	2  19  13 
  53	2  19  13 
  35	6  42  35 
  47	6   4   3 
  37	6  29  21 
  43	6  21   7 
  43	6  36  35 
  49	6  37  36 
  45	6  46  45 
  49	6   7   1 
  55	6  15  14 
  55	2  37  25 
  55	2  41  34 
  57	2  37  25 
  57	2  41  34 
  59	2  41  34 
  59	2  37  25 
  61	2  31  37 
  55	2   3   1 
  57	2   3   1 
  59	2   3   1 
  61	2  18   2 
  55	6  13   6 
  61	6  33  27 
  63	2  18   2 
  63	2  31  37 
  65	2  18   2 
  65	2  31  37 
  67	6  38  32 
  67	2   3  17 
  69	2   3  17 
  71	2   3  17 
  67	6  42  36 
  67	6  27  13 
  73	6  32  19 
  73	6  41  34 
  61	6  28  21 
  67	6  21   8 
  73	6  23  21 
  79	6  31  29 
  79	2  40  27 
  79	2  13   5 
  81	2  46  41 
  83	2  40  27 
  81	2  13   5 
  83	2  13   5 
  73	6  10   8 
  79	2  15   8 
  81	2  15   8 
  83	2  15   8 
  79	6  11  10 
  83	6  45  44 
  85	2  19  12 
  85	2  31  33 
  85	2  36  29 
  89	2  46  41 
  87	2  19  12 
  89	2  19  12 
  85	2  10   1 
  87	2  10   1 
  91	2  11  13 
  93	2  11  13 
  87	2  36  29 
  89	2  24  22 
  91	2  45  38 
  93	2  45  38 
  95	2  45  38 
  97	2  46  41 
  91	2  24  22 
  99	2  31  33 
  95	2  10   1 
 101	2  40  27 
  97	2   2   1 
  93	2  36  29 
 101	2  24  22 
  99	2   2   1 
 103	2  11  13 
 103	2  31  33 
 101	2   2   1 
 105	6  13   6 
 105	2  11  10 
 107	2  11  10 
 105	2  46  38 
 109	2  11  10 
 107	2  46  38 
 109	2  46  38 
 105	2  23  25 
 107	2  23  25 
 109	2  23  25 
 105	6  34  27 
 111	2  40  25 
 111	6   6   3 
 113	2  40  25 
 115	2  40  25 
 111	6  29  15 
 117	6  45  39 
 117	2  10  15 
 123	2  32  40 
 123	2  45  29 
 119	2   3   9 
 121	2   3   9 
 123	2   3   9 
 119	6  18  17 
 117	6  27  13 
 123	2  13   5 
 125	6  23  17 
 125	2  13   5 
 125	2  32  40 
 127	2  32  40 
 131	2  17  19 
 133	2  27  25 
 133	2  13   5 
 135	2   6  13 
 131	2  45  29 
 133	2  45  29 
 135	2  23  44 
 133	2   3   1 
 137	2  23  44 
 139	2  23  44 
 135	2   3   1 
 141	2  31  44 
 137	2   3   1 
 141	2  10  15 
 137	2   6  13 
 139	2   6  13 
 129	6  41  40 
 135	6  47  34 
 141	6  47  46 
 143	2  18  34 
 145	2  18  34 
 141	6  13   6 
 143	6  44  36 
 147	2  39  46 
 147	2  18  34 
 149	6  17  12 
 155	2  31  36 
 149	2  47  34 
 151	2  47  34 
 157	2  39  46 
 155	2  12  19 
 155	2  10  15 
 157	2  12  19 
 157	6  30  17 
 159	2  12  13 
 159	2  47  34 
 161	2  39  46 
 161	2  12  13 
 139	6   1   0 
 157	6  14   0 
 161	6  33  27 
 163	2  30  37 
 165	2  30  37 
 167	2  30  37 
 163	2  12  13 
 167	2  19  27 
 163	6  10   1 
 163	6  28  14 
 167	6  40  32 
 169	2  19  27 
 171	2  19  27 
 169	2  30  23 
 169	2  10   5 
 171	2  10   5 
 173	2  39  24 
 173	2  19  12 
 169	6  15   8 
 175	6   6   4 
 175	2  30  23 
 181	2  19  12 
 175	2  33  25 
 175	2  46  44 
 177	2  39  24 
 179	2  39  24 
 181	2  31  36 
 183	6  24  11 
 183	2  36  28 
 185	2  36  28 
 187	2  36  28 
 181	6  40  34 
 175	6   9   2 
 181	6  15   9 
 187	6  41  27 
 189	2  10   5 
 189	2  30  23 
 191	2  31  10 
 193	6  27  20 
 193	2  30  29 
 193	2   2   5 
 195	2  30  29 
 199	2  19  12 
 197	2  30  29 
 193	2  46  44 
 193	2  33  25 
 195	2  46  44 
 199	2  32  16 
 201	6  38  23 
 201	2   2   5 
 203	2   2   5 
 205	2  11   3 
 201	6  34  26 
 207	2  11   3 
 207	2  32  16 
 207	6  37  29 
 213	2  45  33 
 215	2  38  39 
 209	2  23  24 
 211	2  23  24 
 213	2  23  24 
 209	2  11   3 
 215	2  13  26 
 211	6   4   2 
 213	6  29  21 
 217	2  32  16 
 219	2  16   9 
 219	2  47  46 
 221	2  16   9 
 221	2  47  46 
 217	2  12  11 
 223	2  47  46 
 219	2   4  20 
 221	2  12  11 
 223	2  13  26 
 223	2  16   9 
 225	6  18  17 
 225	2  38  39 
 227	2  45  33 
 229	2  38  39 
 225	6   5   4 
 219	6  21   0 
 225	2   0   2 
 227	2   0   2 
 229	2   0   2 
 225	6  28  15 
 229	6  41  27 
 231	2  17  22 
 235	2   5  20 
 233	2  17  22 
 235	2  17  22 
 231	2   0   8 
 237	2   5  20 
 239	2  12  11 
 241	2   5  19 
 233	2   0   8 
 235	2   0   8 
 237	2   1  16 
 239	2   1  16 
 241	2   1  16 
 231	6  38  32 
 237	6  40  37 
 243	6  17   4 
 249	2   5  19 
 249	2   2  16 
 251	2   5  19 
 251	2  17  23 
 251	2  15   8 
 243	6  37  28 
 253	2  31  10 
 255	6  16   1 
 255	2  37  38 
 255	2  13  26 
 257	2  32  20 
 259	2  45  33 
 259	2  12  11 
 261	6  12   4 
 261	2  37  38 
 261	2  25   9 
 263	2  26  40 
 261	2  22  28 
 263	2  22  28 
 265	2  22  28 
 263	2   2   1 
 265	2  25   9 
 267	2  12  27 
 269	2   4  11 
 267	2  22  28 
 267	2   2   1 
 263	2  37  38 
 269	2  15   8 
 265	2  44  38 
 267	2  37  24 
 269	2  17  23 
 269	2  44  38 
 269	2  26  40 
 271	6   2   0 
 271	2  32  20 
 273	2  32  20 
 275	2  12  27 
 271	2  17  23 
 275	2  37  24 
 273	2  22  28 
 275	2  22  28 
 271	6  47  41 
 277	6  41  34 
 277	2  17  30 
 279	2  25   9 
 279	2  44  38 
 281	2  15   8 
 281	2  37  24 
 281	2   4  11 
 283	6  14   0 
 283	2  31  10 
 285	2  12  27 
 285	2  31  44 
 287	2  31  44 
 289	2  45  38 
 291	2  17  30 
 293	2  16  24 
 295	2   2   9 
 287	2  26  40 
 293	2  45  38 
 295	2  45  38 
 287	2  12  13 
 289	2  12  13 
 291	2  12  13 
 289	2  27  34 
 295	2  36  23 
 291	2  27  34 
 293	2  27  34 
 297	2  37  39 
 293	2  13  19 
 295	2  26  34 
 297	2  16  24 
 297	2  26  34 
 293	6  11   4 
 289	6  21  14 
 297	6  28  21 
 299	2   2   9 
 303	2  36  23 
 305	2  17  30 
 299	2  13  19 
 301	2  26  34 
 303	2  13  19 
 303	6  46  34 
 307	2  21  22 
 307	2  16  24 
 301	6   4   3 
 305	6  19  12 
 309	2  21  22 
 311	2  21  22 
 309	2   2   9 
 311	2   2   1 
 313	2   2   1 
 315	2   2   1 
 311	2  11  26 
 313	2  31  44 
 315	2  11  26 
 315	2  37  39 
 317	6  34  19 
 317	2   3   2 
 319	2   3   2 
 321	2   3   2 
 317	2  36  23 
 319	2  30  23 
 323	2  25  31 
 325	2  30  23 
 325	2  11  26 
 319	6  43  28 
 325	2  43  44 
 317	6  14   8 
 323	6  46  40 
 327	2  30  23 
 327	2  43  44 
 327	2  19  10 
 325	6  28  14 
 329	2  37  39 
 331	2  36  24 
 333	6  37  22 
 333	2  19  10 
 335	2  19  10 
 337	2  10   9 
 329	6  41  34 
 337	6  33  19 
 339	2  28  22 
 339	2  10   9 
 341	2  10   9 
 339	2  43  44 
 341	2  28  22 
 343	6  23  21 
 343	2   4  19 
 349	2  28  22 
 343	2   1   9 
 351	2  30  28 
 343	2  33  32 
 345	2   4  19 
 347	2   4  19 
 345	2   1   9 
 345	2  33  32 
 349	2   5  19 
 347	2   1   9 
 349	2   9   3 
 351	2  20   4 
 347	2  33  32 
 341	6  45  43 
 347	2  45  46 
 349	2  45  46 
 351	2  45  46 
 351	6  17  16 
 353	2  41  38 
 353	2   5  19 
 355	2  25  31 
 355	2  20   4 
 355	6  43  29 
 357	2   9   3 
 357	2   5  19 
 359	2  25  31 
 361	2  36  24 
 363	2  25  13 
 363	2  15  29 
 355	6  46  41 
 363	2  46  38 
 365	2  31  19 
 367	2  31  19 
 369	2  31  19 
 371	2  46  38 
 365	2   9   3 
 371	2  15  29 
 371	2  25  13 
 373	6  27  25 
 373	2   5  12 
 379	2  17  25 
 379	2  20   4 
 381	2  20  33 
 373	2  15  29 
 375	2  30  28 
 377	2  30  28 
 373	6  46  45 
 375	6  15   1 
 381	2   4   1 
 379	6  44  30 
 383	2   5  12 
 383	2  17  25 
 379	6  47  46 
 383	6  21  15 
 385	2  17  25 
 387	2  36  24 
 385	2  27  13 
 389	2  17  30 
 387	2  41  27 
 387	2   5  12 
 389	2  41  27 
 385	6  45  39 
 391	2  17  30 
 393	2  17  30 
 391	2  20  33 
 393	2  20  33 
 395	6  45  37 
 395	2  26  17 
 397	2  23  32 
 399	2  23  32 
 397	2   4   1 
 399	2   4   1 
 401	2   2   1 
 401	2  40  45 
 401	2  19  13 
 401	6  29  16 
 403	2   2   1 
 405	2   2   1 
 403	2  40  45 
 403	2  11   5 
 405	2  19  13 
 405	2  40  45 
 407	6  39  31 
 407	2  11   5 
 409	2  11   5 
 411	2  26  17 
 407	6   3   2 
 407	6  28   7 
 411	6  13  12 
 413	2  37  29 
 415	2  37  29 
 413	2  41  27 
 413	2  16  10 
 415	2  16  10 
 417	2  16  10 
 417	2  19  12 
 413	2  31  24 
 415	2  31  24 
 417	2  31  24 
 417	2  37  29 
 413	6   8   7 
 419	6  25  24 
 419	2   8  10 
 419	2  29  22 
 419	2  38  37 
 421	2  29  22 
 421	2   8  10 
 423	2  29  22 
 421	2  38  37 
 423	2  38  37 
 423	2   8  10 
 415	6  47  34 
 421	2  34  13 
 423	2  34  13 
 425	6   2   1 
 425	2  44  38 
 427	2  44  38 
 429	2  44  38 
 425	2  20  25 
 427	2  34  13 
 425	2  21  22 
 427	2  24  15 
 429	2  24  15 
 429	6  40  27 
 431	2  24  15 
 431	2  45  37 
 433	2  29  15 
 429	6  11  10 
 429	6  13   5 
 435	6  27  19 
 435	2  45  37 
 435	2  16  24 
 437	2  29  15 
 435	2   5   3 
 437	2   5   3 
 439	2  16  24 
 439	2  21  22 
 439	2  45  37 
 439	2   5   3 
 435	6  40  39 
 441	6  19  13 
 441	2  29  15 
 443	2  30  31 
 445	2  39  44 
 447	2  39  44 
 445	2  16  24 
 447	2  13   4 
 443	2  21  22 
 447	2  22   1 
 447	6  25  18 
 449	2  30  31 
 451	2  30  31 
 449	2  13   4 
 451	2  13   4 
 441	6  41  34 
 447	6  34  27 
 449	6  16   9 
 453	2  20  18 
 453	2  21  30 
 453	6  46  41 
 455	2  20  18 
 457	2  19  13 
 455	2  22   1 
 457	2  21  30 
 459	6  31  26 
 459	6  46  44 
 459	6  29  21 
 457	6   9   4 
 463	6  10   8 
 465	2  19  13 
 467	2  19  13 
 465	2  37  44 
 465	2  23  32 
 467	2  36  23 
 467	2  32  33 
 469	6  14   8 
 469	2  31  17 
 471	2  36  23 
 475	2  21  14 
 473	2  36  23 
 469	2  26  12 
 471	2  32  33 
 473	2  32  33 
 471	2  20  11 
 473	2  20  11 
 475	2  29  30 
 475	2  17  24 
 475	2  45  33 
 475	6   5   2 
 477	2  17  24 
 477	2  45  33 
 479	2  17  24 
 479	2  39  46 
 481	2  18   5 
 483	2  26  12 
 485	2  18   5 
 487	2  26  12 
 479	2  37  44 
 481	2  37  44 
 489	2  45  33 
 477	2  21  14 
 479	2  21  14 
 481	2   9  23 
 483	2   9  23 
 485	2  22   1 
 487	2   9  23 
 489	2   9   1 
 491	6  32  23 
 491	2  20  11 
 493	2  20  13 
 491	2   9   1 
 495	2  20  13 
 493	2   9   1 
 491	6  37  36 
 497	6  38  37 
 497	2  23  15 
 499	2  23  15 
 497	2  18   5 
 499	2  12   5 
 501	2  23  15 
 501	2  12   5 
 503	6  12   4 
 503	2  37  16 
 505	2  37  16 
 507	2  37  16 
 491	6  47  46 
 497	6  47  34 
 509	2  36  21 
 509	2  17  23 
 511	2  36  21 
 513	2  36  21 
 511	2  17  23 
 513	2  17  23 
 503	2  34  26 
 505	2  34  26 
 507	2  34  26 
 509	2  12  27 
 511	2  12  27 
 513	2  12  27 
 509	6  32  25 
 509	6   9   2 
 503	6  47  46 
 515	2  20  13 
 509	2  46  38 
 511	2  46  38 
 513	2  46  38 
 515	2   4   5 
 515	2  31  38 
 515	6  22  17 
 517	2  20  34 
 517	2  31  38 
 519	2  31  38 
 519	2  20  34 
 517	2   3   4 
 519	2   3   4 
 521	6  26  10 
 521	2  46  30 
 527	2  16  25 
 529	2  26  40 
 529	2  23  31 
 531	2  20  34 
 531	2  46  30 
 533	2  46  30 
 535	2  24   9 
 533	6  27  12 
 537	2  24   9 
 521	6  21  14 
 535	6  44  28 
 539	2  26  40 
 541	2  21  28 
 541	2  26  40 
 539	2  23  31 
 541	2  23  31 
 539	2   3   4 
 541	6   5   2 
 543	2  21  28 
 543	2  17  18 
 545	2  17  18 
 543	2  37  40 
 545	2  26  33 
 545	2  21  28 
 547	6  41  27 
 547	2  22  21 
 549	2  22  21 
 551	2  22  21 
 547	2  17  18 
 553	2  26  33 
 555	2  26  33 
 549	2  24   9 
 551	2   9   2 
 553	2   9   2 
 555	2   9   2 
 549	6  12  11 
 545	6  46  45 
 551	6  37  24 
 553	6  28  22 
 557	2  26   5 
 557	2  36  37 
 559	6  46  41 
 559	2  16  25 
 561	2  16  25 
 565	2  24  40 
 559	2  36  37 
 561	2  36  37 
 567	6  16  11 
 567	2  46  41 
 569	2  46  41 
 573	2  26   5 
 575	2  46  41 
 575	2  10  11 
 573	2  15  16 
 575	2  15  16 
 557	6   7   1 
 575	6  25  19 
 577	2  10  11 
 577	2  15  16 
 579	2   7  15 
 581	2   7  15 
 577	2  46  45 
 579	2  46  45 
 579	2  10  11 
 583	2   7  15 
 581	2  24  40 
 585	2  16  30 
 581	2  11   4 
 583	2  41  40 
 583	2  46  45 
 585	2  41  40 
 587	2  24  17 
 587	2  41  40 
 589	2  16  30 
 581	2  13  19 
 591	2  16  30 
 583	2  11   4 
 585	2  11   4 
 583	2  13  19 
 585	2  13  19 
 589	2  26   5 
 591	6  33  12 
 593	2  24  17 
 595	2  24  17 
 563	6  35  28 
 569	6  43  35 
 585	2  45  43 
 587	2  45  43 
 589	2  45  43 
 585	6  21   7 
 591	6   7   1 
 597	6  37  25 
 597	6   3   1 
 597	6  13  12 
 597	6  41  34 
 597	6  22  16 
 603	6  12   4 
 603	2  17  10 
 605	2   9  24 
 609	2   3   5 
 603	2  39  33 
 605	2  39  33 
 603	2  29  37 
 607	2  39  33 
 609	2  16  18 
 611	2  16  18 
 611	2   3   5 
 605	2  29  37 
 609	2  31  36 
 611	2  29  37 
 613	6  38  29 
 613	2   3   5 
 613	2  16  18 
 615	2  18  25 
 617	2  18  25 
 615	2   5  12 
 617	2   5  12 
 615	6   2   1 
 619	2  37  39 
 619	2  17  10 
 619	2   5  12 
 609	6  34  27 
 615	6  15  14 
 621	6  28  21 
 621	2   9  24 
 623	2  17  10 
 625	2   9  24 
 627	2  16  29 
 627	2  11   3 
 621	6  46  44 
 629	2  16  29 
 629	2  11   3 
 621	6  27  13 
 627	6  40  38 
 631	2  18  25 
 631	2  16  29 
 627	6  13   6 
 633	6   4   2 
 633	2  27  40 
 633	2  28  44 
 635	2  27  40 
 635	2  30  38 
 637	2  37  39 
 635	6  17  15 
 639	2  37  39 
 639	2   6   4 
 639	6   2   1 
 641	2  31  36 
 643	2  28  44 
 645	2  30  38 
 647	2  30  38 
 641	2   6   4 
 643	2  33  17 
 645	2  33  17 
 647	2  33  17 
 649	2  38  45 
 645	2   1  14 
 647	2   1  14 
 649	2  17   2 
 651	2  39  41 
 651	2   6   4 
 651	2   1  14 
 651	6  37  29 
 653	2  17   2 
 655	2  17   2 
 653	2  27  40 
 655	2  27  26 
 655	2  39  41 
 653	6  15  14 
 657	2  29  23 
 657	2  39  41 
 657	2  11   3 
 657	2  27  26 
 659	6  18  17 
 659	2  27  26 
 659	2  38  45 
 665	2  27  18 
 659	2  29  23 
 667	2  27  18 
 661	2  29  23 
 663	2  39  37 
 669	2  31  36 
 665	2   9  16 
 667	2   9  16 
 669	2  15   1 
 665	6  41  40 
 659	6  13   5 
 665	6   4   3 
 669	6  19  13 
 671	2   9  16 
 671	2  28  44 
 673	2  29  36 
 673	2  15   1 
 671	2  31  24 
 673	2  31  24 
 671	6  40  33 
 675	2  38  45 
 675	2  23  10 
 675	6  28  14 
 677	2  23  10 
 679	2  31  24 
 677	2  20  41 
 679	2  20  41 
 679	6   4   2 
 681	2  28  43 
 681	2  20  41 
 683	2  28  43 
 685	2  28  43 
 687	2  29  36 
 685	2  15   1 
 683	2  41  20 
 685	2  41  20 
 687	2  41  20 
 681	6  31  24 
 687	2  45  31 
 687	6  14   2 
 689	2  27  18 
 691	2  18  17 
 693	2  12   9 
 689	2  29  36 
 695	2  12   9 
 693	2  28  36 
 689	2  45  31 
 691	2  45  31 
 697	2  12   9 
 699	2  18  17 
 699	2   3   2 
 693	2  31  45 
 695	2  39  37 
 697	2  39  37 
 699	2  14  29 
 701	6  37  22 
 707	2  31  45 
 701	2   3   2 
 709	2  31  45 
 701	2  18  17 
 703	2   9  17 
 705	2   9  17 
 711	2  23  10 
 713	2  22  15 
 713	2   9  17 
 715	2   3   2 
 715	2  24  23 
 707	2  28  36 
 709	2  28  36 
 699	6  34  13 
 705	6  27   6 
 711	6  33  19 
 711	6   6   5 
 711	6  45  37 
 717	6  32  30 
 717	2   1   2 
 717	2   4  19 
 719	2   4  19 
 721	2   4  19 
 719	2   1   2 
 721	2   1   2 
 717	6  43  35 
 717	6  17  16 
 715	6  21  14 
 717	6  47  45 
 723	6  41  39 
 723	2  24  23 
 723	2  21  29 
 723	2  19  20 
 723	2   3   5 
 725	2  19  20 
 725	2   4  10 
 727	2   3   5 
 729	2  47  40 
 727	2  19  20 
 729	2   3   5 
 725	2  21  29 
 729	2  26  32 
 731	2  47  40 
 731	2  26  32 
 733	2  47  40 
 727	2  22  15 
 729	2  28  29 
 729	2  24  23 
 731	2  11  17 
 733	2  11  17 
 733	2  26  32 
 735	2  34  40 
 735	2   4  10 
 731	2  22  15 
 737	2  34  40 
 733	2  28  29 
 735	2  23  35 
 737	2   2  15 
 737	2  28  29 
 737	2  11  17 
 729	6  45  44 
 737	6  45  31 
 739	2   2  15 
 741	2   4  10 
 743	2   2  15 
 739	2  34  40 
 743	2  31  25 
 739	6  36  28 
 741	6  40  27 
 745	2  31  25 
 745	2  16  29 
 745	6   5   3 
 751	2   1   3 
 753	2   4   2 
 755	2   1   3 
 747	2  36  37 
 747	2  47  40 
 749	2  47  40 
 751	2  47  40 
 753	2  40  41 
 749	2  36  37 
 747	2  31  25 
 749	2  25  27 
 751	2  26  31 
 753	2  26  31 
 755	2  16  29 
 755	2  47  34 
 755	6  38  32 
 757	2  23  35 
 757	2   4   2 
 759	2  23  35 
 757	2  40  41 
 759	2   4   2 
 759	2  47  34 
 761	6  28  21 
 761	2  17  20 
 763	2   1   3 
 761	2  36  37 
 761	2  33  32 
 763	2  33  32 
 765	2  33  32 
 765	2  17  20 
 767	6  13   5 
 767	2  16  29 
 769	2  29  36 
 767	2  25  27 
 771	2  29  36 
 769	2  25  27 
 767	2  39  38 
 769	2  39  38 
 773	2  29  36 
 771	2  40  41 
 771	2  26  31 
 773	2  39  38 
 773	2  19  27 
 775	6  41  32 
 775	2  19  27 
 777	2  19  27 
 775	6  15   3 
 781	6  26  13 
 775	6  36  30 
 781	6  22  10 
 775	6  45  44 
 781	6  43  35 
 781	6  38  37 
 787	6  44  36 
 787	2  12  24 
 787	2  47  34 
 789	2  33  47 
 791	2  34  41 
 789	2  10  13 
 791	2  26  32 
 789	2  22  21 
 791	2  22  21 
 791	6  17  12 
 793	2  22  21 
 795	2  36  22 
 797	2  37  28 
 793	2  34  41 
 799	2  21  23 
 801	2  37  28 
 797	2  12  20 
 795	2  34  41 
 803	2  36  22 
 805	2  36  22 
 797	2  33  47 
 799	2  26  32 
 801	2  26  32 
 801	2  17  24 
 803	2  25  31 
 805	2  25  31 
 807	2  25  31 
 803	6  40  27 
 791	6   2   1 
 799	6   5   2 
 809	2  37  28 
 809	2  18  27 
 811	2  10  13 
 813	2  18  27 
 815	2  17  24 
 815	2  33  47 
 811	6  43  29 
 813	6  13   5 
 817	2  18  27 
 817	2  47  41 
 817	2  21  23 
 817	6  39  32 
 819	2  18   3 
 823	2  33  34 
 821	2  18   3 
 825	2  33  34 
 819	2  21  23 
 823	2  19  25 
 827	2  33  34 
 829	2  37  39 
 825	2  18   3 
 827	2  10   5 
 827	2  19  25 
 829	2  10  17 
 829	2  27  13 
 831	2  11  32 
 813	6   8   1 
 831	6  27  20 
 833	2  11  32 
 835	2  11  32 
 821	6  28  22 
 831	6  44  43 
 831	6  29  15 
 837	6  33  27 
 843	2  47  41 
 845	2  47  41 
 837	2   9  11 
 837	2  31  29 
 839	2  31  29 
 839	2  10  17 
 841	2  31  29 
 843	2  26  12 
 845	2  19  25 
 841	2  10  17 
 839	6  15   8 
 837	6  45  44 
 843	6  45  36 
 847	2   9  11 
 847	2  20  13 
 849	2   9  11 
 849	2  20  13 
 851	2  25   4 
 849	6  47  45 
 853	2   3  11 
 853	2  22  24 
 853	2  13  27 
 855	6  38  23 
 855	2  33  47 
 857	2  13  27 
 855	2   3  11 
 857	2   3  11 
 859	2  26  12 
 859	2  10   9 
 857	6  47  41 
 861	2  18  16 
 861	2  13  27 
 863	2  33  41 
 863	2  10   9 
 863	2  22  24 
 865	6   3   1 
 865	2  22  24 
 865	2  37  39 
 867	2  17  23 
 867	2  37  39 
 869	2  21  37 
 867	2  26  12 
 871	2  25   4 
 871	6  37  29 
 873	2  19  24 
 875	2  18  16 
 873	2  33  41 
 875	2  32  40 
 875	6   5   3 
 877	2  32  40 
 879	2  32  40 
 877	2  17  23 
 879	2  18  16 
 879	2  21  29 
 871	6   7   1 
 875	6  27  20 
 881	2   8   3 
 881	2  40  34 
 881	2  21  29 
 881	2  19  24 
 883	6  25  16 
 883	2  21   7 
 883	2  40  34 
 885	2  40  34 
 885	2  21   7 
 887	2  21   7 
 883	6  12  11 
 883	6  45  37 
 883	6   3   2 
 889	2  19  24 
 889	2  10   9 
 887	6  47  40 
 891	2  17  23 
 891	2   8   2 
 891	6  19  12 
 893	2   8   2 
 893	2  31  40 
 897	2  25  20 
 889	6  28  21 
 895	6  21   8 
 899	2  38  26 
 895	6  10   4 
 901	6  17  11 
 901	2  38  26 
 903	2  31  40 
 907	2   4  13 
 909	2  38  26 
 911	2  25  20 
 901	2   2   8 
 913	2  31  40 
 903	2   2   8 
 905	2   2   8 
 909	2  16  10 
 911	2  10   8 
 913	2  10   8 
 901	6  35  21 
 907	6  43  35 
 913	6  44  43 
 919	2  44  39 
 915	2  10   8 
 921	2  44  39 
 917	2  22  17 
 919	2  22  17 
 921	2  22  17 
 913	6  26  19 
 917	6   3   2 
 919	6  34  27 
 923	2  44  39 
 923	2  29  22 
 923	2   4  13 
 925	6  46  34 
 925	2  19  11 
 931	2  45  46 
 925	2  24  36 
 927	2  24  36 
 927	2  19  11 
 929	2  19  11 
 931	2  25  20 
 929	2  16  30 
 931	2  16  30 
 931	6   5   3 
 933	2  29  22 
 935	2  24  36 
 933	2  45  46 
 935	2  45  46 
 931	6  41  34 
 937	6  47  39 
 937	2  29  22 
 939	2  22   7 
 937	2  19  10 
 943	2  47  46 
 941	2  22   7 
 939	2  11  20 
 943	2  38  37 
 943	2  22   7 
 941	2  34  18 
 943	2  34  18 
 941	6  13   5 
 945	2  16  30 
 945	2  40  26 
 945	2  44  45 
 947	6  32  17 
 947	2  44  45 
 953	2  38  37 
 947	2  13  27 
 949	2  47  46 
 953	2  19  10 
 955	2  44  45 
 955	2  15  17 
 957	2  47  46 
 955	2  13  27 
 957	2  38  37 
 957	2  15  17 
 957	2  13  27 
 959	6  48  27 
 959	2  32  39 
 959	2   4   5 
 961	2  32  39 
 959	2  15  17 
 963	2  32  39 
 965	6  33  30 
 961	6  10   5 
 967	6  17  10 
 971	2  15  30 
 971	2  40  26 
 971	6  45  44 
 973	2  33  25 
 975	2  33  25 
 977	2  39  46 
 973	2  12  10 
 977	2  34  18 
 979	2   4  18 
 973	2  15  30 
 975	2  15  30 
 977	2  15  28 
 979	2  45  48 
 979	2  15  28 
 981	2  38  17 
 979	6  27  13 
 983	2  39  46 
 983	2  30  16 
 985	2  45  48 
 985	2  15  28 
 987	2  44  36 
 987	2  34  27 
 985	2  12  10 
 989	2  11  20 
 987	2  23  32 
 989	2  39  46 
 989	2  30  16 
 991	2  12  10 
 989	2  33  25 
 991	2  44  36 
 991	2  34  27 
 991	2  23  32 
 993	6  31  23 
 993	2   8  10 
 995	2   8  10 
 993	2  40  26 
 995	2  19   5 
 993	2  44  36 
 997	2  34  27 
 997	2   4  18 
 995	6  47  45 
 999	2  12  24 
 995	6  36  29 
1001	6  19   4 
1001	2  29  22 
1001	2  47  48 
1001	2  31  32 
1003	2  23   9 
1003	2  33  39 
1007	2  47  34 
1007	2   8  10 
1005	2  29  22 
1007	2  29  22 
1001	6  45  44 
1005	6  32  31 
1009	2  11  20 
1007	6  45  37 
1011	2  23   9 
1011	2  19  18 
1011	2  47  34 
1013	2  33  39 
1013	2  23   9 
1013	6  44  36 
1015	2  15  18 
1017	2  12  24 
1015	2  47  34 
1017	2  33  39 
1017	6   9   8 
1019	2  12  24 
1021	2  25  23 
1019	6  45  40 
1023	2  30  16 
1025	6  36  28 
1025	2   9  16 
1027	2  25  23 
1029	2   9  16 
1029	2  40  26 
1025	2  45  44 
1031	2  20  32 
1033	2  38  17 
1035	6  16   9 
1035	2  27  48 
1037	2  40  26 
1039	2  40  26 
1035	2  45  44 
1041	2  16   9 
1037	2  45  44 
1041	2  20  32 
1043	2  38  17 
1021	6   5   4 
1031	6  28  14 
1037	6  14   7 
1043	2   7   8 
1043	6  34  20 
1045	2  44  36 
1045	2   7   8 
1047	2   7   8 
1045	2  17  10 
1047	2  17  10 
1047	2  44  36 
1049	6  26  12 
1049	2  44  36 
1049	2  17  10 
1049	2   7  14 
1051	2   7  14 
1053	2   7  14 
1045	6  46  31 
1055	2  12   5 
1057	2  15  18 
1059	2  25  23 
1061	2  15  18 
1051	2  40  46 
1053	2  40  46 
1055	2  40  46 
1057	6  45  40 
1063	6  37  29 
1063	2  12   5 
1065	2  12   5 
1063	2  27  48 
1067	2   5  12 
1063	2  24  31 
1065	2  24  31 
1065	2  27  48 
1067	2  25  33 
1063	6   8   3 
1069	2   7  10 
1071	2   7  10 
1069	2  45  36 
1071	2  45  36 
1073	2  45  36 
1073	2  24  31 
1073	2   5  12 
1073	2  22  15 
1069	2  40  26 
1071	2  40  26 
1073	2  40  26 
1075	6  40  19 
1081	2  31  37 
1075	2   4   3 
1075	2  22  15 
1077	2  22  15 
1077	2   4   3 
1079	2   4   3 
1081	2   3  19 
1079	6  15  14 
1083	2  34  32 
1083	2   5  12 
1083	6  29  23 
1085	2  46  34 
1087	2  46  34 
1085	6  11   9 
1089	2  26  32 
1089	6  45  30 
1091	2   7  10 
1091	2  26  32 
1095	2  15  18 
1097	2  25  33 
1097	2  23   9 
1089	6  48  41 
1095	6  38  36 
1099	2  25  33 
1099	2  23   9 
1097	6  20   5 
1101	2  40  45 
1103	2   3  19 
1103	2  40  45 
1105	6  19  17 
1105	2  31  37 
1107	2  40  45 
1109	2  31  37 
1109	2  39  40 
1111	2   3  17 
1111	2  26  32 
1111	2  45  44 
1101	6  29  22 
1107	6  22   8 
1111	6  47  41 
1113	2  17  30 
1117	2  39  40 
1113	2  45  44 
1115	2  45  44 
1115	2  17  30 
1113	2   4   5 
1115	2   4   5 
1117	2   4   5 
1117	2  23   9 
1113	6  27  19 
1113	6  21  14 
1117	6  45  37 
1119	2  15  18 
1119	2  39  40 
1121	2  15  18 
1123	6  32  23 
1123	2   5   4 
1123	2   8   9 
1125	2   8   9 
1129	2  17  30 
1131	2   8   9 
1133	2   8   9 
1125	2   5   4 
1123	2  41  27 
1125	2  41  27 
1127	2  41  27 
1127	2   5   4 
1131	2  24  11 
1133	2  19  18 
1129	2  46  34 
1131	2  45  46 
1131	2  34  40 
1133	2  32  47 
1129	6  35  21 
1133	6   5   4 
1135	2   8   9 
1137	2   8   9 
1135	2  19  18 
1137	2  19  18 
1135	2  32  47 
1137	2  32  47 
1135	6  36  22 
1139	2  26  10 
1141	2  34  40 
1141	2  24  11 
1139	2  45  46 
1141	2  37  38 
1141	6  43  35 
1143	2  45  46 
1143	2  22  16 
1145	2  22  16 
1147	2  22  16 
1143	2  25  31 
1145	2  37  38 
1147	2  25  31 
1143	2  34  40 
1143	6  19  12 
1149	6  27  20 
1149	2  16   3 
1149	2  37  38 
1151	2  24  11 
1153	2  25  31 
1155	2  26  10 
1151	2  22  29 
1157	2  26  10 
1153	2  22  29 
1159	2  32  33 
1159	2  16   3 
1145	6  47  41 
1161	6  31  26 
1161	2  22  29 
1151	6  47  46 
1163	6  21   7 
1167	2  20  11 
1167	2  23  24 
1167	2  32  33 
1157	6  46  44 
1169	2  27  39 
1163	2  44  43 
1169	2  23  24 
1165	2  44  43 
1167	2  44  43 
1169	6   4   2 
1171	2  27  39 
1173	2  27  39 
1171	2  23  24 
1175	2  16   3 
1175	2  32  33 
1177	6  30  25 
1183	2  22  23 
1183	2  27  26 
1177	2  10   3 
1179	2  10   3 
1181	2   8   2 
1183	2   8   2 
1175	6  47  45 
1169	6  43  35 
1181	6  46  41 
1185	2  27  26 
1185	2  22  23 
1185	2   8   2 
1187	6  46  39 
1187	2  20  11 
1189	2  27  26 
1187	2  24  31 
1187	2  35  21 
1189	2  24  31 
1191	2  24  31 
1187	2  16   9 
1189	2  10   3 
1189	2  35  21 
1191	2  16   9 
1193	2  16   9 
1195	2  16   2 
1193	2  40  25 
1191	2  35  21 
1195	2  34  33 
1197	2  16   2 
1193	2  44  29 
1195	2  44  29 
1197	2  34  33 
1197	2  44  29 
1195	2  20  11 
1197	2  12  11 
1195	6  39  31 
1199	2  22  23 
1199	2  34  33 
1199	2  12  11 
1195	6  48  47 
1199	6   9   3 
1201	2  22  35 
1201	2  12  11 
1201	2  40  25 
1203	2  40  25 
1203	2  22  35 
1199	6  45  44 
1205	6  26  20 
1205	2  31  15 
1207	2  31  15 
1209	2  31  15 
1205	6  44  36 
1205	6  41  34 
1211	6  48  27 
1211	2  31  32 
1213	2  31  32 
1215	2  31  32 
1211	2  15  36 
1213	2  15  36 
1215	2  15  36 
1203	6  12  11 
1209	6  11  10 
1217	6  38  23 
1217	2  19  34 
1219	2  19  34 
1221	2  26  27 
1217	6  10   8 
1209	6   6   5 
1221	6  13   6 
1223	2  15   8 
1223	2  26  27 
1225	2  18  23 
1223	2  40  39 
1225	2  45  48 
1217	6  36  35 
1223	6  35  28 
1227	2  19  34 
1227	2  15   8 
1227	6  24  17 
1229	2  22  36 
1229	2  34  13 
1231	2  34  13 
1231	2  15   8 
1227	6  46  38 
1231	6  28  21 
1233	2  34  13 
1235	2  46  33 
1237	2  46  33 
1235	2  20  12 
1237	2  30  28 
1237	2  20  12 
1233	6   8   3 
1233	6  18  17 
1239	6  21   0 
1239	2  26  27 
1239	2  24  37 
1241	2  27  13 
1243	2  20  12 
1245	2  27  13 
1239	2  40  39 
1241	2  40  39 
1241	2  24  37 
1245	2   8   0 
1243	2  24  37 
1247	2   8   0 
1245	2  45  48 
1245	2  17  23 
1247	2  34  41 
1247	2  17  23 
1247	6  32  19 
1253	2  32  38 
1249	2  34  41 
1251	2  34  41 
1253	2  27  13 
1249	2   8   0 
1249	2  29  23 
1251	2  29  23 
1251	2   0   3 
1253	2  29  23 
1253	2  18  17 
1247	6  47  46 
1253	6  47  41 
1255	2  18  17 
1255	2  29  15 
1257	2  29  15 
1255	2  32  38 
1257	2  32  38 
1257	2  18  17 
1259	6  47  45 
1259	2  20  34 
1265	2  47  48 
1261	2  12  18 
1263	2  20  34 
1263	2  25  10 
1265	2  20  34 
1265	2  24  38 
1267	2  19  32 
1259	2  29  15 
1265	2   0   3 
1267	2  16   2 
1261	6  29  28 
1269	2  25  10 
1267	2  30  29 
1269	2  30  29 
1271	6  37  30 
1271	2  19  32 
1271	2   0   3 
1273	2  25  10 
1275	2  41  33 
1275	2  12  18 
1275	6  21   8 
1277	2  24  38 
1279	2  24  38 
1281	6  33  24 
1287	2  40  37 
1289	2  17  22 
1289	2  48  33 
1281	6   8   0 
1277	6  20   6 
1283	6   6   4 
1291	6  23   9 
1297	2  31  23 
1299	2  24  16 
1291	2  48  33 
1301	2  24  16 
1293	2  48  33 
1303	2  24  16 
1291	2  45  36 
1293	2  45  36 
1295	2  45  36 
1295	6  26  12 
1297	6  47  46 
1303	6  39  37 
1305	2  26  18 
1307	2  17  22 
1301	6  41  34 
1307	6  34  20 
1309	2  17  22 
1311	2  16  17 
1311	2  21  37 
1313	6  29   8 
1313	2  19  32 
1319	2   9   2 
1319	2  31  23 
1315	2  40  39 
1321	2  22  36 
1323	2  31  23 
1315	2  19  20 
1317	2  19  20 
1321	2   9   2 
1323	2   9   2 
1319	2  19  20 
1321	2  18  20 
1317	2  40  39 
1323	2  18  20 
1319	6  45  40 
1323	6  36  29 
1329	2  22  29 
1325	2   2   4 
1327	2   2   4 
1325	2  16  17 
1325	2  32  31 
1327	2  16  17 
1329	2   2   4 
1327	2  32  31 
1329	2  32  31 
1331	6   3   2 
1331	2  22  29 
1331	2  39  24 
1333	2  18  20 
1333	2  32  33 
1335	2  32  33 
1333	2  21  37 
1335	2  21  37 
1333	6  48  47 
1337	2  31  26 
1335	6  17  11 
1339	2  31  26 
1337	6   9   8 
1341	2  31  26 
1339	6  47  46 
1343	2  32  33 
1343	2  17  30 
1343	6  27  19 
1345	2  17  30 
1345	2  33  32 
1347	2  33  32 
1347	2  17  30 
1349	6  39  18 
1337	6  35  21 
1343	6  43  35 
1349	6  44  43 
1349	6  29  15 
1355	6  41  40 
1355	2  25   9 
1357	2  17  19 
1359	2  25   9 
1361	2  33  32 
1361	2  17  19 
1355	2  45  29 
1357	2  45  29 
1359	2  45  29 
1361	6  46  44 
1363	2  25   9 
1365	2  17  19 
1363	6  41  34 
1369	2  46  40 
1371	2  46  40 
1367	2  15  16 
1369	2  15  16 
1371	2   8   9 
1367	2  36  44 
1369	2  36  44 
1367	2  18  24 
1371	2  36  44 
1369	2  18  24 
1369	2  34  27 
1371	2  34  27 
1371	2  17  25 
1367	6  13   4 
1371	6  30  23 
1373	2  18  39 
1375	2  13  20 
1377	2  34  27 
1377	2  29  44 
1375	2  17  25 
1377	2  17  25 
1379	2  13  20 
1375	2  46  40 
1379	2  40  31 
1381	2  13  20 
1381	2  40  31 
1383	2  40  31 
1373	2   8   9 
1375	2   8   9 
1379	2  15  16 
1375	6   4   3 
1379	6  26  18 
1385	6  37  24 
1381	6   8   3 
1379	6  28  21 
1385	6  34  13 
1391	6  44  36 
1391	2   4  18 
1391	2   8  23 
1393	2   4  18 
1395	2  11  13 
1395	2  26  39 
1393	2   8  23 
1395	2   8  23 
1397	6  18   3 
1403	2  26  39 
1397	2  29  36 
1403	2  23   2 
1405	6  26  12 
1405	2  23   2 
1407	2  23   2 
1409	2  29  36 
1409	2  23  31 
1405	6  47  45 
1409	6  17  10 
1411	2  12  20 
1415	2   4   3 
1411	2  30  45 
1413	2  12  20 
1413	2  30  45 
1415	2  12  20 
1415	2  25  18 
1415	2  30  45 
1411	6  47  40 
1409	6  14   8 
1415	2  21  14 
1415	6  16   9 
1417	2  11  13 
1419	2  25  18 
1417	2  21  14 
1421	2  11  13 
1419	2  21  14 
1421	2  24  26 
1421	6  29  14 
1423	2  24  26 
1425	2  24  26 
1421	6   9   2 
1427	6  13  10 
1427	6  33  26 
1417	6  46  44 
1427	6  36  21 
1433	6  26  19 
1433	2   2  10 
1435	2   2  10 
1437	2   2  10 
1433	2  24  22 
1433	2  36  44 
1435	2  36  44 
1435	2  23  31 
1437	2  24  22 
1437	2  36  44 
1433	6  46  41 
1439	6  14   1 
1439	2  41  27 
1441	2  41  27 
1443	2  41  27 
1439	2  38  17 
1441	2  38  17 
1443	2  38  17 
1445	6   2   1 
1445	2  15  21 
1447	2  15  21 
1445	2  17  30 
1449	2  15  21 
1447	2  17  30 
1449	2  17  30 
1451	2  16  30 
1451	2  25  18 
1445	2  27  34 
1447	2  40  33 
1449	2  40  33 
1451	2  40  33 
1447	6  20   5 
1453	6  44  29 
1453	2  27  34 
1455	2  27  34 
1453	2  40  47 
1459	2  44  38 
1453	2   4   2 
1455	2  40  47 
1455	2  17   9 
1457	2   4   2 
1457	2  40  47 
1459	2  17   9 
1453	6  32  25 
1459	6  40  26 
1461	2  16  30 
1463	2  16  30 
1465	6  21   8 
1465	2  23  31 
1465	2  25  18 
1465	2  40  45 
1467	2  40  45 
1467	2  36  30 
1469	2  44  38 
1467	2  25  18 
1471	2   4   2 
1471	2  44  38 
1469	2  25  18 
1471	2  24  22 
1465	6  27  13 
1471	6  41  27 
1473	2  39  32 
1473	2   4  12 
1473	2  36  30 
1477	2  40  45 
1473	2  17   9 
1477	2  18  26 
1479	2   4  12 
1481	2   4  12 
1475	2   9  22 
1477	2   9  22 
1479	2  39  32 
1479	2  17  29 
1481	2  40  37 
1481	6  17  15 
1483	2  40  37 
1485	2  40  37 
1483	6  13  12 
1487	2  34  31 
1489	2  18  26 
1491	2  17  12 
1489	2  44  37 
1489	2  39  32 
1491	2  44  37 
1483	6   3   2 
1489	6  47  41 
1493	2  44  37 
1493	2  19  16 
1495	6  12   3 
1501	2  12   5 
1495	2  34  31 
1497	2  15  29 
1503	2  12   5 
1505	2  12   5 
1499	2  15  29 
1501	2  17   3 
1497	2  47  45 
1499	2  47  45 
1501	2  36  30 
1503	2  18  26 
1501	2   8  15 
1501	2  47  45 
1503	2   9  22 
1505	2  34  31 
1505	2   8  15 
1507	6  14   2 
1507	2  24  27 
1509	2  24  27 
1513	2   8  15 
1511	2  24  27 
1513	2  17   3 
1513	2  33  47 
1507	6  45  44 
1513	6  44  28 
1515	2  24  10 
1517	2  24  10 
1515	2  33  47 
1517	2  33  47 
1519	6  16  11 
1525	2  24  10 
1519	2  39  33 
1525	2  14  28 
1521	2  39  33 
1523	2  39  33 
1525	2  34  13 
1525	6  46  45 
1527	2  24  33 
1529	2  24  33 
1527	2  14  28 
1529	2  14  28 
1531	2  37  23 
1527	2  19  11 
1529	2  19  11 
1533	2  28  36 
1531	2  34  13 
1535	2  37  23 
1537	2  37  23 
1533	2  47  32 
1535	2  47  32 
1537	2  47  32 
1531	6   8   1 
1533	6   5   3 
1533	6  27  19 
1539	6  30  16 
1539	2  47  39 
1539	2   1   3 
1541	2  47  39 
1541	2  11  25 
1545	2  16   8 
1543	2  11  25 
1543	2  47  39 
1545	2  11  25 
1545	2  38  30 
1539	6  34  27 
1535	6  21  14 
1541	6  35  21 
1545	6  47  41 
1547	2  38  30 
1549	2  38  30 
1551	2  28  36 
1551	2  24  33 
1547	2   1   3 
1549	2   1   3 
1545	6  20  13 
1553	6  37  31 
1553	2  16   8 
1559	2  23  26 
1551	6  47  46 
1551	6   4   3 
1555	6   7   1 
1557	6  46  45 
1561	2  12  25 
1561	2  30  29 
1561	2  16   8 
1557	6  10   3 
1559	6  43  35 
1563	2  12  25 
1563	2  30  29 
1565	6  40  32 
1565	2  28  36 
1565	2  27  20 
1567	2  43  45 
1567	2  30  29 
1565	2  10   8 
1567	2  10   8 
1569	2  10   8 
1569	2  43  45 
1571	6  32  24 
1571	2  37  28 
1571	2  47  34 
1573	2  37  28 
1575	2  43  45 
1571	6  10   3 
1571	6  15   8 
1567	6  19   5 
1573	6  27  19 
1577	2   9  24 
1577	6  45  43 
1579	2   9  24 
1581	2   9  24 
1573	6  47  40 
1583	2  17  31 
1585	2  17  31 
1579	2  40  34 
1581	2  40  34 
1583	2  27  40 
1585	2  27  40 
1577	6  14   7 
1577	6   5   4 
1583	6  35  14 
1587	2  12  25 
1587	2  47  45 
1587	6  10   9 
1589	2  47  45 
1591	2  47  45 
1589	2  24  29 
1591	2  36  30 
1587	6  34  27 
1589	6  13   5 
1593	2  47  45 
1593	2  10  18 
1593	2  36  30 
1591	6  22  15 
1595	2  36  30 
1595	2  47  45 
1595	2  11  27 
1597	6  15   9 
1597	2  34  40 
1599	2  47  45 
1597	2  24  29 
1599	2  24  29 
1601	2  37  28 
1601	2  40  25 
1597	6   4   3 
1603	6  27  12 
1603	2  17  31 
1603	2  28  35 
1605	2  36  24 
1609	2  40  25 
1607	2  37  22 
1611	2  31  33 
1609	2  11  12 
1609	2  28  35 
1611	2  28  35 
1611	2  11  12 
1605	2   3   9 
1607	2   3   9 
1609	2   3   9 
1611	2   9  16 
1613	6  43  28 
1613	2  31  33 
1613	2   9  16 
1615	2  31  33 
1617	2  40  25 
1615	2   3   8 
1619	2  47  40 
1617	2   3   8 
1621	2  47  40 
1619	2  10  18 
1623	2  47  40 
1613	2  13  12 
1619	2  28  15 
1615	2  13  12 
1621	2  28  15 
1617	2  13  12 
1621	2  10  18 
1623	2   9  16 
1619	6   5   4 
1619	6  34  27 
1623	6  28  14 
1625	2  19  17 
1627	2  19  17 
1617	6  38  30 
1625	6  39  34 
1629	2   3   8 
1631	6   3   1 
1631	2  34  20 
1631	2  39  38 
1633	2  39  38 
1635	2  39  38 
1631	2  14  15 
1633	2  34  20 
1635	2  23  26 
1637	6  41  20 
1637	2   1  14 
1637	2  36  24 
1643	2   5  20 
1643	2  34  41 
1639	2  37  22 
1641	2  37  22 
1643	2   1  14 
1645	2   1  14 
1643	2  38  45 
1645	2  19  17 
1645	2  31  39 
1645	6  44  43 
1647	2  23  26 
1649	2  23  30 
1649	2  32  26 
1645	6  48  41 
1647	6   3   1 
1651	2  23  30 
1651	2  32  26 
1651	2  38  45 
1649	6  28  14 
1653	2  23  30 
1653	2  38  45 
1653	2   5  20 
1653	6  33  32 
1655	2   5  20 
1657	2  19  13 
1655	2   8  16 
1657	2   8  16 
1653	6  10   3 
1659	6  22   9 
1659	2  33  26 
1665	2  22  29 
1661	2  19  13 
1663	2  19  13 
1659	2  31  39 
1661	2  31  39 
1665	2   8  16 
1661	6  34  33 
1667	6  17  15 
1663	6  46  44 
1669	2  48  46 
1671	2  48  46 
1665	6   4   3 
1665	6  20  19 
1667	6  33  32 
1673	2  26  23 
1675	2  26  23 
1677	2  36  24 
1673	2  48  46 
1679	2  36  35 
1679	2  25  16 
1679	2  48  45 
1671	6   6   4 
1681	6   8   3 
1681	2  22  29 
1683	2  36  35 
1685	2  22  29 
1687	2  15   9 
1681	2  17  18 
1683	2  17  18 
1687	2  36  35 
1685	2  17  18 
1681	2   6  27 
1683	2   6  27 
1687	2  24  18 
1689	2  37  22 
1689	2   6  27 
1691	2  15   9 
1691	2   5   6 
1691	2  27  34 
1691	2  24  18 
1681	6  47  46 
1687	6  48  47 
1687	6  39  32 
1691	6  37  28 
1693	2   5   6 
1693	2  27  34 
1693	2  11   3 
1697	2  26  23 
1699	2  28  22 
1699	2  27  34 
1697	2  47  45 
1699	2  39  37 
1699	2  17  12 
1701	6  34  20 
1701	2  11   3 
1701	2  47  45 
1701	2  28  22 
1703	2  25  16 
1705	2  39  37 
1707	2  34  48 
1705	2  24  18 
1707	2  17  12 
1709	2  11   3 
1709	2  25  16 
1709	2   5   6 
1709	2  34  48 
1707	6  44  35 
1711	2  40  24 
1713	2  34  48 
1715	2  47  45 
1711	2  15   9 
1711	2  13   5 
1713	2  17  12 
1715	2  11  20 
1715	2  15  30 
1715	6  33  25 
1717	2  11  20 
1719	2  11  20 
1717	2  44  46 
1719	2  47  45 
1719	2  15  30 
1721	6  30  29 
1721	2  44  46 
1723	2  44  46 
1725	2  47  45 
1721	2  13   5 
1721	2  25  10 
1723	2  13   5 
1723	2  25  10 
1725	2  25  10 
1727	6  25  19 
1727	2  15  29 
1729	2  15  29 
1731	2  15  29 
1727	6  47  34 
1727	6   5   3 
1727	6  45  44 
1733	6  47  45 
1733	2   9  10 
1735	2   9  10 
1737	2   9  10 
1733	2  30  25 
1739	2  10   3 
1735	2  30  25 
1737	2  30  25 
1733	2   6   5 
1739	2  39  37 
1741	2  40  24 
1743	2  10   3 
1741	2  37  36 
1743	2  23  31 
1745	2  40  24 
1735	2   6   5 
1743	2  37  36 
1745	2  37  36 
1737	2   6   5 
1739	2  12  19 
1741	2  12  19 
1743	2  12  19 
1747	2  23  31 
1749	2  37  24 
1745	2  13  19 
1751	2  37  24 
1747	2  10   3 
1747	2  33  27 
1749	2  33  27 
1751	2  33  27 
1747	6  19  12 
1747	6  48  41 
1733	6  28  21 
1739	6  21   8 
1749	6   8   3 
1753	2  33  34 
1753	2  22  30 
1753	2  13  12 
1755	6  38  23 
1761	2  15  29 
1763	2  16  23 
1761	2  38  31 
1755	2  33  34 
1765	2  22  30 
1767	2  16  23 
1767	2  36  45 
1755	2  13  12 
1757	2  33  34 
1757	6  13   6 
1755	6  10   3 
1753	6  25  18 
1761	2  10  18 
1763	2  10  18 
1765	2  10  18 
1767	2  18  11 
1759	6  41  27 
1765	2  27  13 
1767	2  27  13 
1765	6  47  41 
1769	2  22  30 
1769	2  26  17 
1771	6  26  10 
1777	2  10  17 
1771	2  38  46 
1777	2  27  13 
1777	2  15   8 
1773	2  38  46 
1775	2  36  45 
1777	2  36  45 
1777	6  32  25 
1779	2  29  45 
1781	2  16  23 
1781	2  38  46 
1783	6  46  30 
1783	2  10  17 
1783	2  15   8 
1783	2  26  20 
1785	2  17   9 
1785	2  26  20 
1789	2  10  16 
1791	2  18  11 
1789	2  39  32 
1787	2  26  20 
1791	2  15   8 
1791	2  39  32 
1779	6   6   5 
1789	6  36  30 
1793	2  17   9 
1793	2  39  32 
1779	6  41  34 
1793	2  34  19 
1795	6  39  23 
1795	2  18  11 
1801	6  27  25 
1801	2  29  45 
1803	2  46  47 
1803	2  22  23 
1805	2  46  47 
1805	2  22  23 
1797	6  13  12 
1803	6  12  11 
1807	2  39  40 
1807	2  22  23 
1807	2  17   9 
1807	6  45  44 
1809	2  10  16 
1809	2  32  31 
1811	2  39  40 
1813	2  46  47 
1809	2   6  27 
1811	2   6  27 
1815	2  45  46 
1811	2  10  16 
1813	2  10   9 
1815	2  10   9 
1813	2  34  19 
1817	2  10   9 
1813	2  22  36 
1813	2  32  31 
1815	2  32  31 
1815	2  22  36 
1815	2  34  19 
1817	2   6  27 
1819	2  34  26 
1817	2  39  40 
1821	2  27  40 
1819	2  16  11 
1823	2  27  40 
1821	2  25  31 
1821	2  22  36 
1823	2  29  44 
1825	2  34  26 
1827	2  34  26 
1821	2   6   3 
1823	2   5  17 
1825	2  37  24 
1827	2  23  24 
1825	2   6   3 
1827	2  45  46 
1827	2   6   3 
1829	6  18  12 
1829	2  45  46 
1829	2  30  32 
1831	2  23  24 
1831	2  27  40 
1833	2  30  32 
1833	6  47  41 
1835	2  25  31 
1835	2  16  11 
1837	2  23  24 
1839	6  24  18 
1839	2  22   9 
1841	2  22   9 
1845	2   5  17 
1847	2   5  17 
1839	2  40  27 
1841	2  40  27 
1843	2  40  27 
1837	6  45  37 
1843	6  37  29 
1845	6  46  34 
1849	2  16  11 
1849	2  25  31 
1851	6  34  20 
1851	2  16   8 
1851	2  37  46 
1853	2  38  24 
1851	2   5  11 
1857	2  30  32 
1855	2  16   8 
1857	2   6  20 
1859	2  18  26 
1857	2  16   8 
1859	2  37  46 
1861	6  39  34 
1861	2  17   3 
1861	2  44  30 
1867	2  18  26 
1867	2  39  45 
1863	2  22   9 
1859	6  20  13 
1865	2   6  13 
1867	2   6  13 
1865	6  22  15 
1869	2  39  45 
1869	2  19  34 
1869	6  17  10 
1871	2  44  30 
1875	2  10   3 
1873	2  39  45 
1877	2  10   3 
1875	2  38  24 
1877	2  38  24 
1871	2  19  34 
1873	2  19  34 
1875	2  41  20 
1877	2  41  20 
1873	6  29  22 
1879	2  41  20 
1879	2  38  36 
1879	2  24  23 
1881	6  27  20 
1881	2   5  11 
1883	2   5  11 
1881	2  45  29 
1881	2  25  33 
1883	2  44  30 
1885	2  17  32 
1885	6  22   8 
1887	2  37  46 
1889	2  31  39 
1887	2  18  26 
1889	6  41  27 
1891	2  31  39 
1893	2  38  36 
1893	2  24  23 
1895	2  45  29 
1895	2  25  33 
1897	2  25  33 
1897	2  45  29 
1889	6  12   3 
1899	2  41  47 
1899	2  24  23 
1899	2  38  36 
1901	2  31  39 
1899	2  19  27 
1903	2  41  47 
1901	2  19  27 
1903	2  19  27 
1905	2  41  47 
1895	2   3   8 
1897	2   3   8 
1899	2   3   8 
1903	2  17  32 
1905	2  17  32 
