   1	6   4   1 
   1	2   7   3 
   3	2   7   3 
   5	2   7   3 
   1	6  14  12 
   7	6  11   6 
   7	6   8   0 
  13	6  15  11 
  13	2   8  12 
  13	2   6   1 
  15	2   9   4 
  19	2  14  10 
  17	2   8  12 
  19	2   8  12 
  21	2   6   1 
  21	2  15  11 
  23	2   2   5 
  23	2  15  11 
  25	2   2   5 
  27	2   6   1 
  29	2   9   4 
  31	2   9   4 
  25	2  15  11 
  33	2   4   8 
  33	2  14  10 
  29	6   7   3 
  35	2   3   1 
  37	2   4   8 
  35	2  14  10 
  37	2   7   6 
  39	2   4   8 
  41	2   9  10 
  43	2   9  10 
  41	2   3   1 
  43	2   3   1 
  45	6  11   3 
  51	2   7   6 
  45	2   4   1 
  47	2   4   1 
  49	2   4   1 
  53	2   7   6 
  55	2   9  10 
  51	6   4   1 
  57	2  11  10 
  57	2   2   5 
  59	2   2   3 
  59	2  11  10 
  61	2  11  10 
  61	2   2   3 
  63	2   2   3 
  63	2  15  14 
  65	2  15  14 
  67	2  15  14 
  59	6   8   5 
  65	2  12   8 
  69	2   6  14 
  67	2  12   8 
  71	2   6  14 
  69	2  12   8 
  71	2   8  12 
  73	6   9   6 
  79	2   9  14 
  81	2  10  14 
  83	2  10  14 
  85	2  10  14 
  81	2   8  12 
  83	2   8  12 
  85	2   4  12 
  79	6   7   2 
  87	2   2   6 
  87	2   4  12 
  89	2   4  12 
  91	2  14  12 
  93	2  14  12 
  95	2  14  12 
  89	2   2   6 
  91	2   2   6 
  93	2   2   6 
  95	2   2   6 
  97	2  15   7 
  99	2  15   7 
 101	2  15   7 
 103	6  11  10 
  97	6  12   8 
 103	6   3   1 
 109	2   1   5 
 111	2   1   5 
 113	2   1   5 
 109	6   7   3 
 103	6  13  12 
 109	2  15  13 
 111	2  15  13 
 115	2   3   1 
 117	2   3   1 
 113	2  15  13 
 119	2   9   5 
 121	2   7  10 
 123	2   7  10 
 125	2   9   5 
 127	2   9   5 
 125	6  15   7 
 129	2   4   5 
 131	2  13   9 
 131	2   2   6 
 133	2   4   5 
 133	2   2   7 
 135	6   3   1 
 135	2  15  10 
 141	2   2   7 
 137	2  13   9 
 139	2  13   9 
 143	2   1   3 
 141	2  14  13 
 143	2  11  15 
 145	2  14  13 
 147	2  11  15 
 149	2  14  13 
 145	2   1   6 
 147	2   1   6 
 149	2   4   5 
 149	2   2   7 
 151	2  11  15 
 153	2  11   9 
 155	2   1   6 
 155	6   8   4 
 161	2   5   1 
 157	6  10   7 
 163	2   8  10 
 165	2  11   9 
 167	6  13  10 
 173	2  11   9 
 175	6  12   8 
 175	2   5   1 
 177	2   5   1 
 175	2   7   3 
 177	2   7   3 
 179	2   7   3 
 181	2  12  13 
 181	2  15   7 
 183	2  15   7 
 185	2  15   7 
 183	2  12  13 
 185	2   9  13 
 181	6   4   1 
 187	2   9  13 
 187	2   1   6 
 189	2   2   3 
 189	2  14  11 
 191	6   7   2 
 191	2   9  13 
 197	2   1   6 
 193	6  15  13 
 199	6  13   8 
 199	2   1   6 
 205	2   8  12 
 201	2   7   3 
 203	2   7   3 
 205	2   5   2 
 205	2  14  11 
 207	2   6   7 
 209	2  14  11 
 211	2  15  14 
 207	2   1   4 
 209	2   5   2 
 211	2   5   2 
 209	2   8  12 
 211	2   8  12 
 213	2   6   7 
 215	2   6   7 
 213	2   1   4 
 213	2  15  14 
 215	2   1   4 
 217	2   8   4 
 219	2   8   4 
 221	2   8   4 
 217	2   2   1 
 219	2   2   1 
 221	2   2   1 
 215	2  15  14 
 223	6   9   1 
 223	6   7   3 
 229	2  10   7 
 231	2  10   7 
 233	2  10   7 
 229	6  12   4 
 235	2   4   6 
 237	2  10   5 
 239	2  11   7 
 239	2   9  14 
 241	2  11   7 
 243	2  11   7 
 241	2   9  14 
 243	2   9  14 
 239	6   2   1 
 245	2   4   6 
 247	2   4   6 
 249	2   8   4 
 249	2  11   6 
 251	2  10   5 
 251	2   2   3 
 251	6  13  12 
 253	2  11   6 
 255	2   2   3 
 255	2  10   5 
 257	2  11   6 
 259	2  11   6 
 261	2   2   3 
 257	2   8   4 
 263	2   3   7 
 259	2   8   4 
 265	2  11   6 
 257	6  14  13 
 263	2  13   8 
 267	2   5   1 
 269	2   5   1 
 271	2   5   1 
 267	2  10  14 
 269	2  10  14 
 267	2   3   7 
 271	2  13   8 
 269	2   3   7 
 273	2   9   4 
 271	6  15   7 
 277	2  11   6 
 279	2  10  14 
 279	2   7   2 
 275	6  12   4 
 281	6  10   8 
 287	2   7   2 
 287	2  15  14 
 289	2  13  10 
 287	6   8   4 
 291	2  15  14 
 293	2  15  14 
 293	2   9  12 
 291	2   7   2 
 295	2   7   5 
 295	6  14  13 
 297	2   3   2 
 299	2   3   2 
 301	2   3   2 
 303	2   3   6 
 297	6   4   0 
 303	2   1   0 
 301	6  15  14 
 305	2   9  12 
 307	2  11  15 
 309	2  11  15 
 307	2   3   6 
 307	2  13   9 
 309	2  13   9 
 305	2   1   0 
 307	2   1   0 
 311	2  11  15 
 311	2  13   9 
 313	2  13   9 
 309	2   0   2 
 311	2   3   6 
 315	2  12  14 
 313	2   0   2 
 317	2  11   6 
 317	2  13   9 
 319	2   7   5 
 321	2   0   2 
 319	2  12  14 
 321	2  13   9 
 323	2  12  14 
 323	2   7   5 
 325	6  12   8 
 325	2  10   7 
 327	2  11   6 
 329	2   5   1 
 331	2   5   1 
 333	2   5   1 
 329	2  10   7 
 331	2  10   7 
 335	2  11   6 
 337	2   7   3 
 333	6  14  13 
 339	6  15  14 
 339	2   7   3 
 341	2   7   3 
 343	2   3   7 
 335	6   4   0 
 341	6   8   5 
 345	2  11  15 
 347	2   8  13 
 349	2   8  13 
 347	2  11  15 
 349	2  11  15 
 347	6   2   1 
 351	2   8  13 
 353	6  12   4 
 353	2  10   2 
 355	2  10   2 
 357	2  10   2 
 359	2   5   1 
 359	2   3   7 
 361	2   3   7 
 361	2   5   1 
 359	2  12  14 
 363	2   5   1 
 361	2  12  14 
 363	2  12  14 
 365	6  10   2 
 371	6   5   2 
 365	6  12   8 
 371	2  12  14 
 373	2  12  14 
 375	2  12  14 
 377	2  13  10 
 377	6   4   1 
 379	2  13  10 
 381	2  13  10 
 383	2  13  14 
 385	2  13  14 
 383	2   8   5 
 385	2   8   5 
 377	6   7   3 
 387	2   9   4 
 387	2   6   2 
 389	2   9   4 
 389	2   6   2 
 391	2   8   5 
 393	2   9   4 
 395	2   9  12 
 391	2   7  15 
 397	2   4   8 
 393	2   7  15 
 397	2  13  14 
 395	2   6   2 
 397	2   6  11 
 399	2   6  11 
 401	2   7  15 
 399	2   4   8 
 401	2   9  12 
 403	2   4   8 
 403	2   6  11 
 405	2  10   5 
 407	2   9  12 
 405	2   2   3 
 407	2   2   3 
 409	2   2   3 
 409	2  10   5 
 411	2  10   5 
