   1	6  22  16 
   7	2  21  22 
   9	2  21  22 
  11	2  21  22 
   1	2  14   9 
   1	2   7   5 
   3	2   7   5 
   5	2   7   5 
   7	2  15  10 
   9	2  15  10 
  11	2  15  10 
   3	2  14   9 
   5	2  14   9 
   7	2   9   7 
   9	2   9   7 
  11	2   9   7 
  13	6   4   2 
  13	6  13  11 
  13	6  22  20 
  19	2  22  23 
  21	2  22  23 
  23	2  22  23 
  19	2   6  11 
  21	2   6  11 
  23	2   6  11 
  19	6   8   2 
  19	6  19  14 
  25	6  16  10 
  25	2  13  18 
  27	2  13  18 
  29	2  13  18 
  31	2  18  22 
  33	2  18  22 
  35	2  18  22 
  25	6   7   1 
  31	2   7  12 
  33	2   7  12 
  35	2   7  12 
  37	6   7   1 
  31	6  10   5 
  43	2  12   6 
  45	2  12   6 
  47	2  12   6 
  37	6  19  18 
  49	6  18  16 
  49	6   5   1 
  55	6  10   5 
  55	2  23  18 
  55	2   2   1 
  57	2   2   1 
  59	2   2   1 
  57	2  23  18 
  59	2  23  18 
  55	2  21  16 
  57	2  21  16 
  59	2  21  16 
  25	6   9   4 
  55	6  12   8 
  61	6   4   3 
  61	2  10  20 
  63	2   5   1 
  61	2  23  19 
  63	2  23  19 
  65	2   5   1 
  67	2  10  20 
  65	2  23  19 
  69	2   5   1 
  67	2   8   7 
  69	2  12  17 
  71	6  15   5 
  77	2   1   3 
  79	2   1   3 
  71	2  12  17 
  73	2  12  17 
  75	2  13  17 
  77	2  12  11 
  79	2  12  11 
  77	6  23  21 
  81	2   1   3 
  83	2  10  20 
  85	2  15  10 
  83	2  13  17 
  85	2  13  17 
  87	2  22  20 
  87	2  12  11 
  83	6   2   1 
  89	2   8   7 
  91	2   8   7 
  89	2  22  20 
  89	2   1   5 
  93	2   3   8 
  91	2   1   5 
  93	2   1   5 
  95	2   3   8 
  97	2   3   8 
  91	2  11  16 
  93	2  11  16 
  95	2  11  16 
  91	2  23  18 
  93	2  23  18 
  97	2  22  20 
  99	2  15  10 
 101	2  15  10 
  99	2  23  18 
 101	2  19  23 
  97	6  12   6 
  99	6   3   2 
 103	2  19  23 
 103	2  17  12 
 103	2   6   5 
 103	6  21  15 
 105	2  19  23 
 105	2   6   5 
 105	2  17  12 
 107	2  17  12 
 107	2   6   5 
 109	6  13   8 
 109	2  21  17 
 109	2  11  10 
 111	2  21  17 
 113	2  21  17 
 111	2  11  10 
 113	2  11  10 
 109	6   2   1 
 115	6  15   5 
 121	2  20  15 
 123	2  20  15 
 115	2  19  13 
 117	2   2   8 
 119	2   2   8 
 121	2   6   5 
 123	2   6   5 
 121	2   2   8 
 123	2  19  13 
 125	6   8   2 
 131	2  19  13 
 131	2   3   2 
 125	2   6   5 
 125	2  20  15 
 133	6  17   7 
 127	6  10   0 
 139	6  14   8 
 139	2   1   0 
 141	2   1   0 
 139	2  22  17 
 145	2  18  14 
 147	2  22  17 
 145	2   3   2 
 147	2   3   2 
 133	6  20  10 
 143	6  15   5 
 147	6  24  14 
 149	2  12  16 
 151	2   7   6 
 153	2   7   6 
 151	2  21  15 
 155	2   1   0 
 153	2  21  15 
 153	2  18  24 
 155	2  12  16 
 155	6  19  14 
 157	2   7   6 
 157	2  22  17 
 159	2  12  16 
 161	2  21  15 
 161	2  18  24 
 159	6   5   1 
 163	2  22  18 
 165	6  14   8 
 165	2  24  23 
 167	2  24  23 
 169	2  24  23 
 165	2  11  17 
 167	2  11  17 
 169	2  11  17 
 171	6  10   5 
 171	2  22  18 
 173	2  12  16 
 175	2  12  16 
 165	6   2   1 
 171	2   2   3 
 177	2  12  16 
 173	2   2   3 
 175	2   2   3 
 177	2   5   1 
 173	6  24  14 
 179	6  12   7 
 179	2  22  18 
 179	2   5   1 
 181	2  18  23 
 183	2  18  23 
 181	2   5   1 
 183	2   0   5 
 179	6   9   3 
 181	6  21  15 
 185	2   0   5 
 187	2  11  10 
 189	2  12  16 
 189	2   0   5 
 185	2  18  23 
 185	6   3   2 
 185	6  14   9 
 187	6  23  18 
 191	2  11  10 
 191	2   7   8 
 193	2   7   8 
 195	2  12  16 
 191	6   1   0 
 193	6  19  14 
 197	2  11  10 
 197	2   7   8 
 199	2   3  13 
 201	2  21  17 
 203	2  21  17 
 201	6   9   7 
 205	2  21  17 
 207	6  18   8 
 199	6   5   0 
 207	2  15   5 
 213	2  12  16 
 209	6   1   0 
 215	6  22  18 
 215	2   7   6 
 217	2   7   6 
 219	2  15   5 
 221	6   2   1 
 221	2  18  19 
 221	2  12  11 
 223	2  18  19 
 225	2  18  19 
 221	2  21  22 
 223	2  16  10 
 225	2  12  11 
 227	2   3  13 
 227	2  15   5 
 229	2  21  22 
 231	2  16  10 
 233	2  12  11 
 233	2  21  22 
 229	2  19   9 
 231	2  19   9 
 233	2  19   9 
 233	2   5   0 
 235	6  14   9 
 235	2   7   6 
 235	2  16  10 
 237	2  17   7 
 237	2   5   0 
 239	2  17   7 
 241	2  17   7 
 239	2   5   0 
 243	2  11  17 
 245	2  18  23 
 245	2  12   7 
 247	2   3  13 
 241	6   5   0 
 247	6  10   6 
 249	2  18  23 
 249	2   3   8 
 251	2   3   8 
 251	2  18  23 
 253	6   1   0 
 253	2  18  14 
 255	2  18  14 
 257	2  18  14 
 253	2   3   8 
 253	2  10  15 
 255	2  12   7 
 257	2  12   7 
 255	2  10  15 
 257	2  10  15 
 259	2  21  15 
 261	2  11  17 
 263	6  16  10 
 259	6   3   1 
 269	2  22  16 
 271	2  22  16 
 269	2   5  10 
 273	2  11  17 
 275	2   7  11 
 277	6  13   3 
 283	2   2   3 
 277	2  21  15 
 283	2  19  13 
 279	2  21  15 
 281	2  22  16 
 281	2   5  10 
 285	2  22  18 
 285	2   7  11 
 287	2   2   3 
 287	2  19  13 
 287	2   5  10 
 287	6  23  22 
 289	2  16  10 
 289	2  19  13 
 291	2  16  10 
 293	2  23  18 
 295	2  19  14 
 297	2  19  14 
 293	2   7  11 
 299	2  23  18 
 301	2  19  14 
 303	2  18  14 
 295	2   2   3 
 305	2  18  14 
 307	2  18  14 
 295	2  16  10 
 297	2   8   3 
 299	2   8   3 
 301	2   8   3 
 297	2   1   6 
 299	2   1   6 
 301	2   1   6 
 303	2   3   1 
 305	2   3   1 
 307	2   3   1 
 303	6  12  11 
 309	6  12   2 
 315	6   8   6 
 315	6  17  16 
 321	6  14   9 
 321	2   2   3 
 321	2  12  22 
 323	2   2   3 
 325	2   2   3 
 323	2  12  22 
 325	2  12  22 
 321	6  15   5 
 327	6  21  11 
 333	2  11  12 
 333	2  22  21 
 327	6   1   0 
 327	6  19  18 
 335	2  22  21 
 335	2  11  12 
 337	6  18   8 
 337	2   5   6 
 339	2   5   6 
 341	2   5   6 
 337	2  15  16 
 343	2   7   6 
 339	2  15  16 
 343	2  18  13 
 341	2  15  16 
 343	2  22  21 
 343	6   9   4 
 345	2   7   6 
 345	2  22  23 
 347	2  11  12 
 347	2  22  23 
 349	6   9   3 
 349	2   7   6 
 355	2   4   2 
 349	2  10  16 
 351	2  10  16 
 349	2  18  13 
 351	2  18  13 
 353	2  18  12 
 355	2  18  12 
 353	6  15   5 
 357	2  18  12 
 357	2   4   2 
 359	6  22  18 
 359	2   0   5 
 361	2   0   5 
 363	2   6   7 
 359	6  16  15 
 359	6  14   9 
 365	2  19  14 
 367	2  19  14 
 369	2  19  14 
 365	2   4   2 
 365	2  17  16 
 365	2   0   5 
 367	2   6   7 
 369	2   6   7 
 367	2  17  16 
 369	2  17  16 
 371	2  18  23 
 373	2  18  22 
 371	2  10  15 
 375	2  18  22 
 371	6   8   2 
 377	2  18  22 
 379	6  21  16 
 379	2  18   8 
 381	2  18   8 
 383	2  18   8 
 385	6  14   4 
 385	2  21  23 
 387	2  21  23 
 389	2  21  23 
 377	6  10   6 
 385	2  12   6 
 387	2  12   6 
 389	2  12   6 
 391	6  18  16 
 391	6   7   5 
 397	6  15  10 
 397	2  14  19 
 399	2  18  13 
 401	2  18  13 
 403	2  21  15 
 403	2  18  13 
 405	2  21  15 
 405	2  17  18 
 407	2  17  18 
 407	2  21  15 
 397	6   6   2 
 403	2  11   6 
 405	2  11   6 
 407	2  11   6 
 409	6   1   0 
 409	2  23  22 
 409	2   7  13 
 411	2   7  13 
 411	2  23  22 
 413	2   7  13 
 409	2  10  11 
 411	2  10  11 
 415	2  14  19 
 413	2  23  22 
 415	2   2   4 
 413	2  10  11 
 417	2  14  19 
 415	2  10   5 
 417	2   1   6 
 419	2   1   6 
 419	2  19  23 
 417	6  21  15 
 421	2   1   6 
 421	2  17  18 
 421	2  14   8 
 423	6  22  16 
 423	2  14   8 
 425	2   7   6 
 427	2   7   6 
 425	2  13  18 
 427	2  13  18 
 429	6  10   5 
 429	2  19  23 
 429	2   2   4 
 431	2  19  23 
 433	2  13  18 
 435	2  17  11 
 431	2   2   4 
 435	2  14   8 
 433	6   2   1 
 437	2   5  10 
 437	6  12   8 
 439	2   5  10 
 441	2   5   1 
 437	6  23  21 
 443	2  17  11 
 443	2   8   2 
 445	6  12   6 
 445	2  18  23 
 447	2  18  23 
 451	2   5   1 
 453	2   5   1 
 451	2   7  12 
 453	2  12  13 
 455	2  12  13 
 455	2   1   6 
 445	6   9   4 
 457	2   1   6 
 459	2  17  11 
 461	2  16  11 
 459	2   8   2 
 461	2   8   2 
 463	2  22  17 
 463	2   1   6 
 463	2   8   9 
 465	6   2   1 
 465	2  16  11 
 465	2  18  23 
 467	2  22  17 
 465	2   8   9 
 469	2  16  11 
 467	2   8   9 
 469	6  19   9 
 471	2  22  17 
 471	6  15   5 
 477	2  16  18 
 479	2  12  13 
 479	2  21  15 
 479	2  19  23 
 481	2  14  13 
 481	2  21  15 
 483	2  21  15 
 485	2  12  22 
 487	2  12  22 
 475	6   3   2 
 481	6   5   1 
 487	2  10   5 
 483	6   9   3 
 489	6  22  16 
 489	2  10   5 
 489	2   1   7 
 491	2  10   5 
 491	2   1   7 
 489	2  14  13 
 491	2  14  13 
 493	2   1   7 
 495	2  12  16 
 495	2  19  23 
 495	2   1   3 
 497	6  16  10 
 497	2  19  23 
 503	2  22  18 
 503	2  11   5 
 505	2  14  19 
 507	2  14  19 
 505	2  16  17 
 497	2   7   8 
 507	2  16  17 
 509	2  22  18 
 499	2   7   8 
 511	2  14  19 
 511	2  16  17 
 513	2  16  22 
 515	2  16  22 
 517	2  21  17 
 501	2   7   8 
 505	2   1   3 
 507	2   1   3 
 509	2   1   7 
 511	2   1   7 
 513	2   8   3 
 515	2   8   3 
 517	2   1   7 
 509	6  10   5 
 517	2  11  10 
 517	6  19   9 
 519	2  11  10 
 523	2   8   3 
 525	2   9   8 
 519	2  21  17 
 523	2  19  18 
 527	2   9   8 
 521	2  11  12 
 523	2   5  10 
 525	2  11  12 
 527	2   5  10 
 527	2  16  22 
 529	2   5  10 
 529	2   9   8 
 525	2  19  18 
 529	2  21  17 
 531	6  21  15 
 531	2  11  12 
 531	2  19  18 
 533	6  18  13 
 531	6   5   1 
 537	2  15   5 
 539	6  23  21 
 539	2  12  10 
 541	2  12  10 
 543	2  12  10 
 531	6   9   3 
 539	2   9  14 
 541	2   9  14 
 543	2   9  14 
 539	6   2   1 
 545	2  23  18 
 545	2  15   5 
 545	6   8   2 
 547	2  15   5 
 547	2  23  18 
 549	2  23  18 
 549	6  12  11 
 551	2  19  18 
 553	2  19  18 
 549	6  21  15 
 555	2  13  12 
 555	6  10   6 
 557	2  17  16 
 559	2  17  16 
 555	6  23  19 
 551	6   9   3 
 561	6  15   5 
 561	2  13  12 
 563	2  13  12 
 567	2  10   5 
 569	2  10   5 
 565	2  23  18 
 567	2  21  23 
 571	2  10   5 
 569	2  12  18 
 571	2  21  23 
 573	2  21  23 
 573	2   5  10 
 557	6   3   2 
 567	6   2   1 
 565	6   9   8 
 571	6  14   8 
 575	2  17  16 
 577	2  15  16 
 577	2  12  18 
 579	2   5  10 
 579	2  12  18 
 581	6  22  12 
 587	2   7  12 
 581	2   9  19 
 583	2   9  19 
 581	2   5  10 
 583	2   1   5 
 589	2  17  13 
 589	2  10  11 
 591	6  21  15 
 591	2   7  12 
 593	2   7  12 
 591	2   9  19 
 595	2   7   8 
 597	2  17  13 
 591	2   1   5 
 599	2   7   8 
 593	2   1   5 
 597	2  10  11 
 599	2  21  16 
 599	2  19  14 
 599	6   5   1 
 601	2  21  16 
 601	2  19  14 
 601	2   7   8 
 603	2  17  13 
 605	6  16  15 
 605	2   6  12 
 605	2   3   9 
 607	2  19  14 
 609	2   3   9 
 611	2   3   9 
 611	2   5  15 
 609	6  22  18 
 613	2  14   9 
 613	2  10  11 
 613	6   2   1 
 615	2  23  21 
 615	2  14   9 
 617	2  18  19 
 615	6  12  11 
 619	2  23  21 
 621	2   6  11 
 623	2   5  15 
 621	2  18  19 
 619	2   8   2 
 621	2   8   2 
 623	2  13   7 
 623	6  22  17 
 625	2  13   7 
 627	2   6  11 
 627	2   8   2 
 629	6   6   2 
 629	2  12  17 
 631	2  12  17 
 629	2  14   9 
 633	2  18  19 
 629	6  15  10 
 635	6  18  12 
 641	2  23  21 
 635	2   5  10 
 635	2   2   3 
 637	2   2   3 
 641	2  13   7 
 637	6   5   0 
 643	6  16   6 
 643	2  23  13 
 645	2  23  13 
 647	2  23  13 
 649	2  11   6 
 649	2  18  17 
 649	2   2   3 
 649	6  21  15 
 651	2  11   6 
 651	2  18  19 
 653	2  11   6 
 655	2   7  12 
 653	2  18  19 
 655	2  22  21 
 655	2  18  19 
 655	6  15  10 
 661	2  17  16 
 663	2  23  18 
 657	2   0   2 
 663	2   7  12 
 659	6   9   3 
 661	6  10   5 
 665	2  22  21 
 665	2   7  12 
 667	2  22  21 
 667	2   0   2 
 669	2   0   2 
 669	2  23  18 
 669	2  21  11 
 671	2  21  11 
 671	2  23  18 
 673	2  17  16 
 675	2  17  16 
 665	2   9  14 
 677	2  21  11 
 679	2  16  21 
 681	2  17  19 
 671	6   8   2 
 681	6  20  15 
 683	2   9  14 
 685	2   9  14 
 677	6   2   0 
 683	2   0   5 
 685	2   0   5 
 687	2   0   5 
 683	2  12   2 
 687	2  17  19 
 689	6   6   2 
 689	2  16  21 
 689	2  13   8 
 691	2  13   8 
 691	2  16  21 
 693	2  13   8 
 693	2  22  20 
 695	6  11   5 
 695	2   2   3 
 697	2   2   3 
 699	2   2   3 
 701	2  12   6 
 703	2  12   6 
 695	2  22  20 
 697	2  22  20 
 695	6  14   9 
 701	2   9   3 
 703	2   9   3 
 699	6  20  15 
 699	6  24  22 
 705	2   9   3 
 707	2   2   7 
 709	2   2   7 
 711	2   2   7 
 705	2  17  19 
 707	2  15  11 
 709	2  15  11 
 711	2  15  11 
 705	2   0   5 
 707	2   0   5 
 707	2  24  14 
 709	2   0   5 
 709	2  24  14 
 711	2  24  14 
