   1	6  39  33 
   1	2  14  30 
   1	2  12   5 
   3	2  29  42 
   5	2  29  42 
   3	2   4  17 
   5	2  12   5 
   1	6   2   1 
   1	6  27  20 
   5	6  31  24 
   7	2  21   9 
   9	2  21   9 
   7	2  12   5 
  11	2  29  42 
   7	2  33  26 
  11	2  10  24 
  13	2  10  24 
  15	2   4  17 
  15	2  39  36 
  17	6  12  11 
  17	2  47  31 
  19	2  37  23 
  21	2  14  30 
  23	2  37  23 
  19	2  33  26 
  21	2  33  26 
  17	6   3   2 
  19	6  48  46 
  23	6   7   2 
  25	2  47  31 
  27	2  39  36 
  29	6  41  32 
  29	2  21   9 
  31	2  37  23 
  33	6  22   8 
  35	2   4  17 
  23	6  13   6 
  23	6  27  19 
  29	6  20  13 
  35	2  20  41 
  37	2  20  41 
  35	6  32  31 
  39	2   6   3 
  33	6  46  45 
  39	6  35  14 
  41	2   6   3 
  43	2   6   3 
  41	2  47  32 
  43	2  32  33 
  39	6  19  18 
  39	6  45  44 
  45	6  38  23 
  45	2  20  41 
  45	2   7  14 
  47	2   7  14 
  49	2   7  14 
  51	2  39  36 
  47	6   5   2 
  47	6  27  26 
  51	6  14   7 
  53	2  32  33 
  53	2  35  30 
  55	2  10  24 
  57	2  17  30 
  57	2  32  33 
  53	2  13   5 
  55	2  13   5 
  57	2  13   5 
  53	6  47  45 
  55	6  42  35 
  59	2  38  45 
  61	2  15  31 
  59	2  47  34 
  63	2  15  31 
  61	2  47  34 
  63	2  47  34 
  59	6  12   4 
  61	6  44  36 
  65	2  27  20 
  65	2  15  31 
  67	6  31  24 
  67	2  36  22 
  69	2  36  22 
  71	2  36  22 
  67	2  10   5 
  69	2  10   5 
  73	2  44  36 
  75	2  44  36 
  77	2  17  30 
  67	2  27  20 
  69	2  27  20 
  67	6   8   1 
  73	6   3   2 
  73	6  21  15 
  65	6  46  40 
  79	2  17  30 
  81	2  38  45 
  81	2   7  22 
  83	2   7  22 
  85	2   7  22 
  71	2  40  26 
  73	2  40  26 
  75	2  40  26 
  81	2  26  13 
  83	2  26  13 
  85	2  26  13 
  83	2  46  43 
  85	2  46  43 
  81	6  24  17 
  79	6   4   3 
  87	6  34  19 
  93	2  10   5 
  95	2  12  19 
  97	2  12  19 
  99	2  12  19 
 101	2  19  13 
 103	2  19  13 
  87	2  46  43 
  89	2  14  35 
  91	2  14  35 
  95	2  17   9 
  97	2  14  35 
  89	2  38  45 
  99	2  44  36 
  99	2  17   9 
  93	2  48  34 
 101	2  17   9 
  95	2  48  34 
  97	2  48  34 
  99	2  31  46 
 101	2  31  46 
 103	2  31  46 
  99	6  28  21 
 105	6  39  24 
 105	2  19  13 
 105	2  21   8 
 107	2  21   8 
 109	2  21   8 
 101	6  43  42 
  99	6  34  27 
 107	2  27   6 
 109	2  27   6 
 103	6  11  10 
 111	6  32  25 
 111	2  11  12 
 113	2  11  12 
 115	2  11  12 
 111	2  28  42 
 113	2  28  42 
 115	2  28  42 
 111	6  37  23 
 111	6  47  34 
 111	6   7   2 
 117	6   3   2 
 117	2  23   7 
 117	2  27   6 
 119	2  23   7 
 117	2  39  44 
 121	2  23   7 
 123	2  20  25 
 119	6  48  46 
 119	6  43  36 
 123	6  30  22 
 125	2   6   3 
 125	2  39  44 
 129	2  38  23 
 127	2   6   3 
 129	2   6   3 
 125	6  25  18 
 131	6   6   4 
 131	2  24   8 
 133	2  24   8 
 135	2  24   8 
 129	6  28  21 
 125	6  34  27 
 131	6  41  34 
 131	6  46  43 
 137	6  31  15 
 143	2  38  23 
 143	2  14   8 
 137	2  27   6 
 139	2  27   6 
 141	2  27   6 
 143	2  27  48 
 137	6  43  36 
 145	2  38  23 
 145	2  14   8 
 143	2  28  36 
 145	2  20  18 
 147	2  26  24 
 149	2  31  34 
 151	2  31  34 
 153	2  28  36 
 153	2  27  48 
 147	2  14   8 
 143	6   4   3 
 149	6   6   5 
 149	6  15   8 
 155	6  15  10 
 155	2  31  34 
 157	2  39  44 
 159	2  28  36 
 159	2  27  48 
 159	6  39  32 
 165	2  26  24 
 165	2  47  46 
 161	2  29  15 
 163	2  29  15 
 167	2  47  46 
 167	2  20  18 
 165	2  29  15 
 167	2  29  35 
 161	6   5   4 
 161	6  44  43 
 167	6   8   3 
 173	2   4   3 
 169	2  47  46 
 169	2  19  27 
 171	2  46  48 
 171	2  19  27 
 169	2  29  35 
 171	2  29  35 
 173	2  45  30 
 175	2  45  30 
 177	2  46  48 
 173	2  19  27 
 175	2   4   3 
 177	2  22   7 
 177	2   4   3 
 173	6  17   9 
 179	6  42  37 
 179	2  46  48 
 179	2   4  12 
 179	2  26  24 
 181	2   4  12 
 183	2   4  12 
 179	6  14   9 
 185	6  45  44 
 185	2  22   7 
 185	2  31  17 
 187	2  22   7 
 189	2  35  22 
 187	2  31  17 
 189	2  31  17 
 191	2  44  30 
 189	2   8   7 
 191	2  18   9 
 185	6  13   6 
 181	6  41  27 
 187	6  47  34 
 193	6  36  28 
 193	2  31  23 
 195	2  31  23 
 197	2  31  23 
 193	2  18   9 
 195	2   8   7 
 197	2  18   9 
 193	2  40  45 
 199	2  14  28 
 201	2  35  22 
 201	2   8   7 
 203	2  35  22 
 195	2  40  45 
 197	2  40  45 
 199	2  34  20 
 201	2  34  20 
 203	2  34  20 
 199	6  18  10 
 199	6  47  45 
 191	6   6   5 
 205	6  47  41 
 205	2   9  23 
 205	2  37  45 
 207	2   9  23 
 209	2   9  23 
 207	2  37  45 
 209	2  37  45 
 205	2  18  32 
 205	2  14  28 
 207	2  18  32 
 209	2  18  32 
 207	2  14  28 
 205	6  27  13 
 211	6  38  22 
 211	2  18  12 
 213	2  18  12 
 215	2  18  12 
 211	2  27  41 
 213	2  27  41 
 215	2  27  41 
 211	6   4   3 
 211	6  43  35 
 217	6  40  39 
 217	2  22  28 
 217	2  44  45 
 219	2  44  45 
 219	2  29  14 
 221	2  44  45 
 221	2  22  28 
 217	6  27  11 
 223	6  34  27 
 223	2  39  36 
 225	2  39  36 
 223	2   4  11 
 225	2   4  11 
 227	2   4  11 
 227	2  39  36 
 221	6   7   1 
 223	6  16  15 
 229	6  17  16 
 229	2  29  14 
 229	2  41  34 
 231	2  41  34 
 233	2  41  34 
 231	2   4   1 
 233	2  29  14 
 229	2  32  38 
 231	2  32  38 
 233	2  32  38 
 229	6  20  13 
 235	6  33  32 
 235	2  41  47 
 237	2  41  47 
 239	2  41  47 
 235	2  17  20 
 237	2  17  20 
 239	2  17  20 
 229	6  44  43 
 235	6  37  21 
 241	6  21  16 
 241	2  20   6 
 243	2  20   6 
 245	2  20   6 
 247	2  22  28 
 247	2   4   1 
 249	2  10  11 
 251	2  10  11 
 253	2   4   1 
 247	2  13  20 
 249	2  13  20 
 251	2  13  20 
 241	2  32  37 
 243	2  32  37 
 245	2  32  37 
 249	2  35  21 
 253	2  17  24 
 247	2  32  39 
 251	2  35  21 
 247	2  30  37 
 249	2  32  39 
 253	2  35  21 
 249	2  30  37 
 251	2  30  37 
 251	2  32  39 
 241	6  48  41 
 247	6  41  34 
 253	6  44  39 
 259	2  39  41 
 255	2  17  24 
 257	2  10  11 
 259	2  17  24 
 261	2   9  12 
 263	2   9  12 
 261	2  39  41 
 265	2   9  12 
 263	2  39  41 
 259	2  29  44 
 261	2  29  44 
 265	2  46  37 
 267	6  14   9 
 267	2  46  37 
 269	2  46  37 
 261	6  25  24 
 267	2  34  25 
 269	2  34  25 
 271	2  34  25 
 263	6  35  28 
 267	6  11   5 
 271	6  45  36 
 273	2  16  11 
 275	2  16  11 
 277	2  16  11 
 273	2  48  34 
 275	2  48  34 
 277	2  48  34 
 267	6  20  13 
 273	6  31  25 
 277	6  43  28 
 279	2  41  20 
 281	2  41  20 
 277	6  46  45 
 279	6  17   3 
 283	2  29  44 
 283	2  41  20 
 285	6  46  32 
 285	2   3   6 
 285	2  37  23 
 287	2   3   6 
 287	2  37  23 
 289	2   3   6 
 289	2  37  23 
 285	6  28  21 
 285	6  19  18 
 291	6  12   6 
 291	2  26  32 
 293	2  26  32 
 295	2  26  32 
 291	2  17  30 
 293	2  17  30 
 295	2  17  30 
 291	2   4   3 
 293	2   4   3 
 295	2   4   3 
 291	6  45  43 
 291	6  21  15 
 297	6  11   8 
 297	2  31  29 
 299	2  31  29 
 297	2  46  45 
 301	2  31  29 
 299	2  46  45 
 301	2  46  45 
 285	6  48  41 
 291	6  41  34 
 297	6  27  20 
 303	6  33  27 
 309	2  11  26 
 311	2  11  26 
 313	2  11  26 
 303	2  29  31 
 315	2  10  11 
 315	2  19  26 
 317	2  19  26 
 319	2  19  26 
 317	2  10  11 
 303	2   8  15 
 319	2  10  11 
 305	2   8  15 
 305	2  29  31 
 321	2   3  11 
 323	2   3  11 
 325	2   3  11 
 303	2  46  47 
 307	2  29  31 
 307	2   8  15 
 305	2  46  47 
 307	2  46  47 
 321	6  26  20 
 309	6  36  15 
 315	2  15  16 
 317	2  15  16 
 319	2  15  16 
 315	2  36  38 
 317	2  36  38 
 319	2  36  38 
 321	2  30  16 
 323	2  30  16 
 325	2  30  16 
 321	6  43  35 
 327	6  18   9 
 327	2  36  30 
 329	2  36  30 
 331	2  36  30 
 333	6  22  17 
 327	6  27  13 
 333	6  13  12 
 309	6  41  40 
 333	6   8   2 
 321	6  45  40 
 339	6  12   4 
 339	2  22  35 
 339	2  17   9 
 341	2  22  35 
 341	2  17   9 
 343	2  22  35 
 343	2  17   9 
 333	6  46  44 
 339	6  37  31 
 333	6  34  27 
 345	2  36  37 
 339	2  46  34 
 345	2   2   4 
 345	2  16  22 
 347	2  16  22 
 347	2  36  37 
 349	2  16  22 
 349	2  36  37 
 341	2  46  34 
 343	2  46  34 
 345	2  48  46 
 347	2  48  46 
 349	2  48  46 
 345	2  26  18 
 347	2  26  18 
 349	2  26  18 
 347	2   2   4 
 349	2   2   4 
 345	6  20  13 
 351	6  40  34 
 357	2  20  34 
 351	2   3  11 
 353	2   3  11 
 355	2   3  11 
 357	6  38  32 
 359	2  20  34 
 361	2  20  34 
 351	6  30  29 
 357	6  48  47 
 351	6  15   1 
 357	6   4   1 
 357	6  28  23 
 363	6   8   1 
 363	2  34  48 
 365	2  34  48 
 363	2  23  25 
 367	2  34  48 
 363	2   5   4 
 369	2  48  34 
 365	2   5   4 
 367	2   5   4 
 363	2  38  43 
 365	2  38  43 
 367	2  38  43 
 365	2  23  25 
 367	2  23  25 
 369	2  17  25 
 369	2   4  13 
 369	6  39  30 
 371	2  17  25 
 375	2  26  23 
 377	6  31  26 
 383	2  17  25 
 385	2  33  26 
 387	2  25  19 
 383	2  39  47 
 385	2  39  47 
 387	2  48  34 
 371	6   6   4 
 377	2   6  13 
 379	2   6  13 
 369	6  43  35 
 387	2  43  45 
 377	6  28  15 
 383	6  30  15 
 385	6  11  10 
 389	2  35  28 
 389	2  25  19 
 391	2  11  27 
 393	2  11  27 
 391	2  31  23 
 393	2  31  23 
 391	2  35  28 
 393	2  35  28 
 389	6  46  44 
 389	6  15   8 
 395	6  45  29 
 395	2   9   8 
 397	2   9   8 
 401	2  23  15 
 395	2  25  19 
 395	2  48  34 
 397	2  33  26 
 399	2  11  27 
 401	2  39  47 
 401	2  33  26 
 403	2  23  15 
 403	2  47  48 
 401	2  12   5 
 403	2  12   5 
 401	6  37  35 
 405	2   9   8 
 407	2  31  30 
 405	2  47  48 
 405	2  12   5 
 409	2  31  30 
 407	2   2   8 
 407	2  46  40 
 409	2  46  40 
 409	2   4   9 
 403	6  26  20 
 409	2  20  13 
 407	6  28  22 
 411	2  31  30 
 411	2  20  13 
 411	2   4   9 
 413	2  22  17 
 413	2  20  13 
 413	2   2   8 
 415	2  23  15 
 411	2  46  40 
 413	2  45  40 
 415	2  45  40 
 407	6  43  36 
 415	2  36  29 
 415	6  12   3 
 417	2  36  29 
 417	2  31  25 
 417	2  45  40 
 419	2  30  23 
 419	2  47  48 
 419	6  33  32 
 421	2   2   8 
 423	2   2   3 
 421	2  22  17 
 423	2  22  17 
 419	6  44  36 
 425	2   2   3 
 425	2  30  23 
 425	6  27  18 
 427	2  30  23 
 427	2   2   3 
 421	6  13   5 
 425	6  38  32 
 429	6   5   3 
 431	2  27  32 
 433	2  27  32 
 425	6  36  28 
 425	6  15  14 
 431	6  28  15 
 435	2  27  32 
 431	6  18  17 
 431	6  37  30 
 437	6  30  24 
 437	2  33  27 
 439	2  33  27 
 441	2  33  27 
 437	2   4   9 
 439	2   9  15 
 441	2   9  15 
 437	6  19  18 
 431	6  46  45 
 437	6  45  43 
 443	6  31  18 
 443	2   9  15 
 443	6  46  44 
 449	6  23  15 
 449	2  18  25 
 449	2  38  46 
 451	2  18  25 
 453	2  40  25 
 449	6  10   4 
 449	6  43  28 
 455	6  44  43 
 455	2  40  25 
 457	2  40  25 
 459	2  38  46 
 459	2  24  26 
 461	2  24  26 
 461	2  38  46 
 463	2  10  16 
 465	2  10  16 
 463	2  44  32 
 465	2  44  32 
 467	2  44  32 
 467	2  10  16 
 455	2  28  14 
 457	2  28  14 
 459	2  28  14 
 461	6  29  22 
 449	6  13  12 
 469	6  39  37 
 469	2  22  17 
 471	2  24  26 
 471	2   9  15 
 475	2  36  24 
 475	2  40  48 
 473	2  14   2 
 475	2  14   2 
 475	2  46  45 
 455	6  13   6 
 473	6  27  19 
 477	2  40  48 
 477	2  14   2 
 479	2  40  48 
 477	2  46  45 
 479	2  46  45 
 481	2  33  27 
 479	2   9  15 
 481	2  47  46 
 483	2  33  27 
 477	2  36  24 
 485	2  33  27 
 481	2   9  15 
 483	2  47  46 
 487	2  20  27 
 479	2  36  24 
 489	2  20  27 
 485	2  47  46 
 487	2  40  46 
 489	2  40  46 
 481	2  31  29 
 483	2  28  43 
 491	2  40  46 
 483	2   8  11 
 485	2   8  11 
 483	2  23  24 
 485	2  31  29 
 487	2  23  24 
 489	2  31  29 
 487	2   8  11 
 491	2  19  26 
 489	2   4  11 
 491	2  22  17 
 491	6  37  35 
 493	2   8   3 
 493	2  23  24 
 495	2  22  17 
 493	2  19  26 
 495	2  19  26 
 493	6  40  34 
 497	2  29  35 
 499	2  29  35 
 497	2  19  17 
 499	2  26  38 
 501	2  37  31 
 499	2   4  11 
 501	2  22  10 
 503	2   8   3 
 503	2  29  35 
 501	2  39  40 
 501	2  20  27 
 503	2  26  38 
 505	6  22  15 
 511	2  15  10 
 505	2  26  38 
 507	2  39  40 
 509	2  39  40 
 507	2  37  31 
 509	2  37  31 
 507	6  26  13 
 505	6  35  28 
 513	2  19  17 
 511	2  35  43 
 515	2  15  10 
 513	2  35  43 
 515	2  32  26 
 515	6  37  35 
 517	2  15  14 
 517	2  19  17 
 519	2   4  11 
 519	2  32  26 
 519	2  15  14 
 521	6  45  37 
 521	2  32  26 
 521	2   8   3 
 523	2  25  23 
 527	2  31  29 
 529	2  38  45 
 523	2  10   2 
 525	2  10   2 
 527	2  10   2 
 525	2  15  14 
 531	2  31  29 
 525	6  19   5 
 511	6  47  40 
 531	6  16  11 
 533	2  38  45 
 535	2  31  29 
 531	6  26  20 
 537	6  37  21 
 543	2  22  35 
 537	2  11  20 
 545	2  22  35 
 539	2  11  20 
 547	2  22  35 
 541	2  11  20 
 543	2  32  19 
 549	2  26  24 
 551	2  32  19 
 553	2  17   4 
 553	2  38  45 
 553	2  27  20 
 529	6   2   1 
 537	6   8   1 
 549	6  22  15 
 555	6  47  45 
 555	2  26  24 
 557	2  27  20 
 557	2  25  23 
 559	2  32  19 
 559	2  21  16 
 559	6  36  30 
 561	2  21  16 
 561	2  48  47 
 561	2  27  20 
 563	2  11  13 
 563	2  21  16 
 561	2  39  32 
 563	2  48  47 
 563	2  39  32 
 543	6   7   1 
 561	6  45  44 
 565	2  11  13 
 565	2   8  21 
 567	2  11  13 
 565	2  48  47 
 565	2  39  32 
 567	2  30  33 
 567	6  14   7 
 569	2  30  33 
 571	2  30  33 
 567	6  46  45 
 569	6  11   9 
 573	2  26  24 
 573	2  44  43 
 573	6  28  14 
 575	2  17   4 
 579	2   8  21 
 575	2  27  26 
 581	2  24  29 
 577	2  27  26 
 581	2  15   9 
 575	2  44  43 
 577	2  44  43 
 579	2  27  26 
 573	6  46  39 
 577	6  13  11 
 579	6  44  38 
 583	2  25  23 
 583	6  20   5 
 585	2  15   9 
 587	2   8  21 
 579	6  47  46 
 585	6  39  25 
 589	2  15   9 
 589	2  30  28 
 589	6  34  20 
 591	2  17   4 
 593	2   9  15 
 591	2  30  28 
 593	2   5   4 
 593	2  30  28 
 591	6  47  39 
 597	2  47  40 
 595	2  25  12 
 599	2  47  40 
 597	2  25  12 
 595	2  28  43 
 601	2  47  40 
 595	2   9  15 
 599	2  25  12 
 601	2   5   4 
 597	2  28  43 
 597	2   9  15 
 603	2  34  33 
 595	2  23  30 
 599	2  28  43 
 597	2  23  30 
 599	2  23  30 
 601	2  24  29 
 603	2  12  18 
 599	6   9   7 
 603	6  23  22 
 605	2  12  18 
 607	2  12  18 
 605	2  34  33 
 607	2  34  33 
 609	6  27  18 
 615	2  39  34 
 609	2   5   4 
 609	2  43  22 
 611	2  43  22 
 615	2  13  12 
 613	2  43  22 
 615	6  23  10 
 617	2  39  34 
 621	2  23  38 
 617	2  13  12 
 619	2  13  12 
 623	2  23  38 
 621	2  10  12 
 625	2  23  38 
 623	2   4  18 
 625	2  10  12 
 619	6  40  34 
 615	6  14   7 
 615	6  36  35 
 621	6  28  14 
 627	6  43  28 
 627	2  10  12 
 629	2  10   8 
 629	2  12   5 
 631	2  10   8 
 631	2  12   5 
 633	2  12   5 
 627	2  39  40 
 629	2  40  38 
 633	2  24  29 
 635	6  27  13 
 635	2  10   8 
 635	2  40  38 
 635	2  23  29 
 637	2  23  29 
 637	2   4  18 
 639	2  23  29 
 637	2  40  38 
 639	2   4  18 
 637	6   8   7 
 641	2  23  38 
 641	6  13   6 
 643	2  23  38 
 645	2  23  38 
 647	6  45  36 
 647	2  13  25 
 649	2  13  25 
 651	2  13  25 
 639	6  47  40 
 641	6   4   3 
 647	6  10   9 
 653	6  23   8 
 653	2  13   4 
 655	2  13   4 
 657	2  13   4 
 653	6  26  25 
 653	6  47  44 
 659	6  14   1 
 659	2  17   4 
 659	2  44  43 
 661	2  44  43 
 663	2  44  43 
 661	2  17   4 
 663	2  17   4 
 659	6  39  27 
 665	6  47  41 
 665	2   1   4 
 667	2   1   4 
 669	2   1   4 
 665	2  27  20 
 667	2  27  20 
 669	2  27  20 
 665	2  30  25 
 667	2  30  25 
 669	2  30  25 
 671	6  27  13 
 671	2  39  45 
 673	2  39  45 
 675	2  39  45 
 671	2   3   4 
 673	2   3   4 
 675	2   3   4 
 671	2  30  15 
 677	2  41  27 
 677	2  45  39 
 679	2  41  27 
 679	2  45  39 
 673	2  30  15 
 675	2  30  15 
 677	6  23  11 
 681	2  45  39 
 681	2  41  27 
 683	6  33  18 
 683	2  31  23 
 685	2  31  23 
 687	2  31  23 
 677	6   7   1 
 683	6  45  36 
 683	6   3   1 
 683	6  13   5 
 689	6  36  22 
 689	2  41  40 
 691	2  41  40 
 693	2  41  40 
 689	2  11  19 
 691	2  11  19 
 693	2  11  19 
 695	2  18  10 
 689	2  45  31 
 691	2  45  31 
 693	2  45  31 
 695	2  28   7 
 695	6  40  27 
 701	2  13  27 
 697	2  18  10 
 699	2  22   9 
 703	2  13  27 
 701	2  18  10 
 703	2  18  17 
 705	2  18  17 
 707	2  18  17 
 701	2  28   7 
 705	2   3   5 
 707	2   3   5 
 703	2  28   7 
 705	6  26  20 
 709	2   3   5 
 705	6  36  21 
 711	6  39  36 
 711	2  20   6 
 713	2  20   6 
 715	2  20   6 
 711	6   3   1 
 717	6   5   3 
 717	6  44  28 
 709	6  24  17 
 717	6  27  19 
 717	6  40  24 
 723	6  46  44 
 723	2  23  24 
 725	2  23  24 
 727	2  23  24 
 723	2  11  20 
 725	2  11  20 
 727	2  11  20 
 729	6  38  29 
 729	2  20  34 
 729	2  17  11 
 731	2  20  34 
 733	2  20  34 
 731	2  17  11 
 733	2  17  11 
 723	6   9   8 
 729	6   6   5 
 729	6   7   1 
 735	2  22   8 
 737	2  22   8 
 735	2  27  32 
 739	2  22  15 
 737	2  27  32 
 741	2  22  15 
 739	2  27  32 
 741	2  26  34 
 741	2  32  39 
 743	2  32  39 
 743	2  22  15 
 743	2  27  48 
 735	6   5   3 
 735	6  44  37 
 741	6   3   1 
 745	2  27  48 
 745	2  32  39 
 747	6  11   5 
 753	2  20   5 
 747	2  32  25 
 749	2  32  25 
 755	2  13  19 
 757	2  26  34 
 757	2  13   6 
 747	2   1  16 
 749	2   1  16 
 751	2   1  16 
 753	2  10  16 
 755	2  10  16 
 757	2  10  16 
 741	6  36  30 
 747	6  37  28 
 753	6  14   1 
 753	6  45  42 
 759	6  35  14 
 759	2  10  24 
 761	2  18  39 
 763	2  10  24 
 765	2  32  25 
 765	2  16  30 
 759	2  13   6 
 767	2  16  30 
 769	2  16  30 
 761	2  13   6 
 763	2  20   5 
 765	2  20   5 
 763	2  41  40 
 767	2  27  48 
 771	2  25  37 
 769	2  41  40 
 771	2  41  40 
 773	6  12   3 
 773	2  28  35 
 773	2  26  34 
 775	2  34  46 
 777	2  34  46 
 775	2  28  35 
 777	2  28  35 
 779	6  26  12 
 779	2  21  28 
 781	2  42  35 
 783	2  42  35 
 773	6  31  23 
 779	6  16   3 
 779	6  47  38 
 785	6  42  36 
 785	2  18  39 
 787	2  31  33 
 787	2   5   3 
 789	2  18  39 
 791	2  12  18 
 791	2  48  47 
 793	2  41  26 
 793	2   5   3 
 785	2  21  28 
 795	2   4  20 
 787	2  21  28 
 795	2  48  47 
 789	2  21   8 
 791	2  36  35 
 791	2  16  23 
 793	2  16  23 
 795	2  16  23 
 793	2  36  42 
 795	2  35  28 
 791	6  39  31 
 795	6  44  43 
 797	2  10  24 
 799	2  19  24 
 801	2  12  18 
 803	2  12  18 
 797	2  35  28 
 801	2  36  42 
 799	2  21   8 
 801	2  21   8 
 801	2  30  23 
 797	2  39  33 
 803	2  30  23 
 799	2  39  33 
 803	2  36  42 
 797	2  48  47 
 801	2  48  39 
 803	2  48  39 
 805	6  27  24 
 811	2  34  46 
 805	2  35  28 
 813	2   4  20 
 815	2   5   3 
 807	2  42  35 
 813	2  48  39 
 809	2  42  35 
 811	2  42  35 
 811	2  17  24 
 813	2  16  29 
 815	2  30  23 
 815	2  19  27 
 803	6   7   1 
 815	6  44  39 
 817	2  17  24 
 817	2  19  27 
 819	2   4  20 
 819	2  17  24 
 815	6  35  21 
 821	6  44  28 
 821	2  24  31 
 821	2  41  26 
 823	2  24  31 
 827	2  30  46 
 821	6   6   3 
 823	6  41  34 
 827	6   9   4 
 833	2  16  29 
 829	2  34  26 
 835	2  24  31 
 831	2  33  39 
 833	2  33  39 
 835	2  22  28 
 835	2  33  39 
 827	6  13   6 
 833	6  20   4 
 837	2  16  29 
 829	6  48  47 
 835	6  48  41 
 839	2  32  11 
 839	2  22  28 
 827	6  43  42 
 833	6  45  44 
 839	6  44  43 
 841	2  39  27 
 843	2  32  11 
 841	2  22  28 
 845	2  25  37 
 845	6  15   3 
 847	2  39  27 
 851	2  32  11 
 847	6  36  35 
 853	6  41  38 
 853	2  18  11 
 855	2  18  11 
 857	2  18  11 
 851	6  22  15 
 859	2  13  34 
 857	2  23  22 
 859	2  17   1 
 859	6  46  44 
 861	2  13  34 
 863	2  13  34 
 861	2  17   1 
 863	2  17   1 
 859	6  35  21 
 865	6  40  34 
 865	2  25  37 
 867	2  19  31 
 869	2  19  31 
 871	2  19  31 
 871	2  40  46 
 865	2   8   1 
 867	2   8   1 
 869	2   8   1 
 865	6  21  14 
 873	2  23  22 
 873	2  20  34 
 867	6  44  36 
 865	6   4   3 
 871	6   3   2 
 875	2  20  34 
 875	2  30  36 
 873	6  47  45 
 877	2   2  14 
 877	2  20  34 
 877	2  30  36 
 873	6  25  17 
 879	2  16  32 
 881	2   9  17 
 881	2  23  22 
 879	2  12  20 
 881	2  12  20 
 879	2  48  47 
 879	2  45  44 
 881	2  45  44 
 881	2  48  47 
 881	6  39  33 
 887	2  16  32 
 883	2  48  47 
 889	2  40  46 
 891	2  45  44 
 891	2  16  32 
 883	2  11  19 
 885	2  11  19 
 887	2  12  20 
 889	2  11  19 
 883	6  36  29 
 891	6  11   5 
 893	2   2  14 
 895	2   2  14 
 893	2  36  39 
 895	2  40  46 
 895	2  24  26 
 897	6  19   6 
 897	2  36  39 
 897	2   8  16 
 899	2  36  39 
 901	2  22  29 
 899	2   9  17 
 901	2   9  17 
 901	6  48  45 
 903	2  22  29 
 903	2  24  26 
 905	2  22  29 
 905	2  24  26 
 903	6   9   8 
 907	2  35  36 
 907	2  34  19 
 907	6  38  24 
 909	2  34  19 
 911	2  33  27 
 913	2  17   2 
 915	2   9  16 
 913	2  39  27 
 909	2  35  36 
 915	2  39  27 
 917	2  26  33 
 917	2  17   2 
 911	2  35  36 
 907	6  22  14 
 913	6  30  22 
 917	6  20  13 
 919	2  10  24 
 919	2  15   8 
 921	2  10  24 
 919	2  26  33 
 921	2  15   8 
 921	2  26  33 
 913	6  43  35 
 917	6  47  41 
 923	6  15   1 
 923	2  10  24 
 925	2   4  10 
 927	2   4  10 
 929	2   4  10 
 923	2  34  19 
 925	2  41  20 
 929	2   1   8 
 925	2  24  25 
 927	2  24  25 
 929	2  24  25 
 931	2   9  16 
 927	2  41  20 
 929	2  41  20 
 931	2  18  32 
 919	6  45  36 
 925	2  45  46 
 927	2  45  46 
 929	2  45  46 
 933	2  18  32 
 935	2  18  32 
 937	2  39  27 
 925	2  36  30 
 937	2  17   2 
 927	2  36  30 
 929	2  36  30 
 931	2  43  36 
 933	2  43  36 
 935	2  43  36 
 939	6  23  11 
 945	6  38  17 
 951	6  24  12 
 957	2  23  37 
 957	2  11  13 
 957	6  32  26 
 959	2  11  13 
 961	2  11  13 
 959	2  23  37 
 961	2  23  37 
 951	6   8   2 
 945	6  21  14 
 957	6  14   1 
 963	2  31  24 
 963	2  11   2 
 965	2  11   2 
 965	2  31  24 
 963	2  13   6 
 967	2  11   2 
 965	2  13   6 
 967	2  23  28 
 967	2  13   6 
 963	2  37  44 
 965	2  37  44 
 967	2  37  44 
 939	6  48  41 
 963	6  41  27 
 969	6  22   1 
 969	2  44  39 
 975	2  31  24 
 977	2  23  28 
 969	2  27  19 
 977	2  44  39 
 971	2  27  19 
 973	2  27  19 
 975	2   1   4 
 975	2  27  26 
 977	2  27  26 
 977	2   1   4 
 979	6  20  12 
 979	2  38  41 
 981	2  38  41 
 983	2  44  39 
 979	2  17  10 
 981	2  17  10 
 983	2  23  28 
 985	6  24  15 
 985	2  36  45 
 991	2  17  10 
 987	2  36  45 
 985	2  20  34 
 989	2  36  45 
 987	2  20  34 
 991	2  15  14 
 993	2   8  17 
 989	2  27  26 
 991	2  38  41 
 993	2  20  34 
 993	6  38  29 
 995	2   8  17 
 997	2  24  25 
 997	2   1   4 
 995	2  19  20 
 997	2  19  20 
 993	6  48  47 
 999	6  36  28 
 999	2  39  41 
1001	2  39  41 
1003	2  39  41 
 999	2  15  14 
 999	2  19  20 
 999	2  24  25 
1001	2  15  14 
 999	2   5   4 
1001	2   5   4 
1003	2   5   4 
1001	2  24  25 
1003	2  25  18 
1003	2  23  16 
1001	6  27  20 
1005	2  25  18 
1005	2  23  16 
1005	6  29  21 
1007	2  23  16 
1007	2  25  18 
1009	2   8  17 
1005	6  40  38 
1005	6   5   4 
1011	6  12   4 
1011	2  16  25 
1013	2   8   2 
1011	2  30  38 
1013	2  30  38 
1011	2  34  40 
1013	2  34  40 
1015	2  30  38 
1015	2  34  40 
1017	2  31  29 
1015	2   8   2 
1019	2  31  29 
1021	2  31  29 
1013	2  17  18 
1023	2  21  14 
1015	2  17  18 
1017	2   1   4 
1019	2   1   4 
1021	2   1   4 
1017	2  26  40 
1019	2  26  40 
1021	2  26  40 
1023	2  16  25 
1023	2   5   4 
1025	6   6   4 
1025	2   8   2 
1025	2  17  18 
1027	2  16  25 
1025	2  21  14 
1027	2  21  14 
1023	6  30  29 
1023	6  34  27 
1011	6  44  43 
1023	6  39  38 
1029	6  29   8 
1031	2  27  13 
1033	2   5   6 
1029	6  45  44 
1029	6  47  32 
1035	6  47  45 
1035	2  32  24 
1035	2  28  29 
1035	2   5   6 
1037	2  27  13 
1039	2  27  13 
1037	2  28  29 
1037	2  32  24 
1039	2  28  29 
1039	2  32  24 
1041	6  32  30 
1047	2  32  20 
1035	6  15  10 
1041	2  11  10 
1043	2  11  10 
1045	2  11  10 
1041	6   8   2 
1047	2   4   2 
1047	6  23  15 
1049	2  36  45 
1049	2  25  27 
1049	2   4   2 
1051	2   4   2 
1051	2  36  45 
1051	2  25  27 
1053	6  10   5 
1059	2   5  13 
1061	2   5  13 
1053	2  47  34 
1055	2  47  34 
1057	2  47  34 
1053	2  23  37 
1055	2  23  37 
1057	2  23  37 
1059	2   1  15 
1059	2  43  37 
1061	2  36  45 
1059	2  25  27 
1061	2   1  15 
1063	6  31  18 
1069	2  24  23 
1071	2  36  30 
1063	2   2  14 
1063	2   5  13 
1069	2  18  12 
1071	2  18  12 
1065	2   2  14 
1067	2   2  14 
1071	2   1  15 
1059	6  47  41 
1073	2  18  12 
1073	2  36  30 
1065	6  27  20 
1071	2  32  27 
1073	2  32  27 
1073	6  21  16 
1079	2  18  16 
1075	2  32  40 
1075	2  43  37 
1077	2  32  40 
1077	2  36  30 
1081	2  24  23 
1081	2  27  26 
1083	2  27  26 
1081	2   6  12 
1083	2   6  12 
1079	2  32  40 
1083	2  24  23 
1079	2  43  37 
1069	6   4   3 
1075	6   3   1 
1081	6  14   1 
1085	2  27  26 
1085	2   6  12 
1087	2  18  16 
1085	6  43  29 
1089	2   3  17 
1081	6  41  39 
1087	6  39  31 
1091	2  10  15 
1087	6  41  27 
1091	6  43  35 
1093	2  20   5 
1093	2  31  24 
1095	2  38  23 
1095	2  20   5 
1093	6  10   8 
1097	2  47  39 
1099	2  29  14 
1097	2  27  19 
1101	2   8  15 
1097	2  31  24 
1099	2   3  17 
1101	2   3  17 
1099	2  27  19 
1101	2  27  19 
1103	2  20   5 
1099	2  47  39 
1101	2  47  39 
1103	2  38  23 
1105	6  33  17 
1111	2  31  24 
1111	2   8  15 
1105	6  46  45 
1113	2  38  23 
1101	6  35  28 
1107	6  28  21 
1111	6  27  11 
1115	2  29  14 
1113	6   2   1 
1117	2  27  34 
1117	2  10  11 
1117	2  29  14 
1119	6  45  29 
1125	2  21  14 
1119	2  17   9 
1119	2  27  34 
1121	2  27  34 
1123	2  27   6 
1125	2  40  38 
1127	2  21  14 
1121	2  17   9 
1123	2  17   9 
1125	2  23  25 
1125	2  10  11 
1127	2  18  16 
1127	2  40  38 
1129	6  31  17 
1129	2  21  14 
1135	2  10  11 
1135	2  40  38 
1135	2  23  25 
1129	6   8   2 
1129	6  20   6 
1137	2  46  31 
1135	2  27  20 
1137	2  18  12 
1137	2  33  34 
1125	6  43  36 
1135	6   8   2 
1139	2  18  12 
1141	2  11   3 
1139	2  46  31 
1141	2  46  31 
1139	2  33  34 
1141	2  27  20 
1137	6  29  21 
1137	6  44  43 
1143	6  27  20 
1143	2  44  46 
1145	2  44  46 
1147	2  44  46 
1143	2   2  17 
1145	2   9  21 
1147	2   9  21 
1145	2  18  12 
1143	6  31  30 
1141	6  41  33 
1147	6   6   5 
1149	2  39  26 
1151	2  39  26 
1153	2  39  26 
1155	2  41  34 
1149	2   9  21 
1151	2  30  28 
1155	2  31  19 
1157	6  40  27 
1157	2  30  28 
1159	2  30  28 
1161	2  35  28 
1157	2  11   3 
1159	2   2  17 
1161	2  11   3 
1151	6  15  14 
1161	6  37  24 
1167	2  31  19 
1169	2  23  25 
1171	2  27  11 
1163	2  35  28 
1165	2  35  28 
1173	6   4   3 
1173	2  31  19 
1175	2  13  19 
1175	2  31  30 
1177	2  13  19 
1177	2  31  30 
1179	6  25  16 
1185	6  27  12 
1185	2  24   9 
1187	2  24   9 
1189	2  24   9 
1167	6  43  35 
1173	2  35  21 
1175	2  35  21 
1177	2  35  21 
1179	2  14  21 
1181	2  14  21 
1183	2  14  21 
1163	6  46  40 
1179	2  46  43 
1181	2  46  43 
1183	2  46  43 
1185	6  40  39 
1191	6  47  45 
1191	2   4  20 
1191	2  31  30 
1193	2   4  20 
1193	2  30  23 
1191	2  33  25 
1197	2  45  37 
1193	2  33  25 
1195	2  13  19 
1197	2  27  26 
1199	2  45  37 
1197	2  12  11 
1199	2   4  20 
1201	2  45  37 
1201	2  12  11 
1195	2  24  32 
1197	2  24  32 
1199	2  33  25 
1201	2  27  26 
1201	2  24  32 
1185	6  35  21 
1191	6  21   8 
1203	2   4  12 
1205	2  19  25 
1197	2   1   8 
1203	2  30  23 
1207	2   4  12 
1199	2   1   8 
1201	2   1   8 
1207	2  27  26 
1205	2  16  29 
1207	2   2  17 
1201	6  47  40 
1203	6  44  42 
1207	6  41  39 
1209	2  21  42 
1211	2  21  42 
1209	2  19  25 
1211	2  19  25 
1209	6  10   5 
1213	2  21  42 
1209	6   8   1 
1213	6  33  27 
1215	2  35  42 
1215	2  30  23 
1215	2   4  12 
1217	2   4  12 
1217	2  35  42 
1215	6  18  17 
1219	2   6  27 
1219	2  35  42 
1215	6  21   8 
1213	6  46  45 
1217	6  31  23 
1221	2  28  21 
1221	2   6  27 
1223	6  41  34 
1223	2   4  12 
1223	2  15  17 
1225	2   4  12 
1225	2  28  21 
1227	2  28  21 
1225	2   8  24 
1227	2  37  32 
1229	6  23   9 
1229	2  28  42 
1229	2   6  27 
1231	2  28  42 
1233	2  28  42 
1231	2  18  13 
1233	2  27  19 
1235	6  21  16 
1235	2  27  19 
1237	2  27  19 
1235	2  37  32 
1237	2  37  32 
1239	2  33  31 
1235	6   3   1 
1233	6   6   5 
1241	2  33  31 
1241	2  21  29 
1241	2  10   9 
1243	6  39  23 
1243	2  27  19 
1245	2  27  19 
1247	2  27  19 
1249	6  23   2 
1255	2  15  17 
1257	2  15  17 
1249	2  40  39 
1255	2   2   3 
1251	2  40  39 
1253	2  40  39 
1255	2  46  39 
1257	2  47  40 
1259	2  46  39 
1257	2   2   3 
1259	2  21  29 
1259	2  10   9 
1261	2  10   9 
1261	2  47  40 
1261	2  23  38 
1249	6  27   6 
1255	2  34  27 
1257	2  34  27 
1259	2  34  27 
1235	6  42  35 
1255	6  19  13 
1261	2  18  19 
1241	6  43  42 
1261	6  36  28 
1263	2   8  24 
1265	2   8  24 
1263	2  47  40 
1267	2  33  31 
1267	2   2   3 
1267	2  18  19 
1263	6  45  44 
1267	6  35  21 
1269	2  11  16 
1271	2  17  19 
1269	2  46  39 
1273	2  17  19 
1271	2  46  39 
1273	2  46  39 
1273	2  44  35 
1269	6  41  34 
1273	6  22   8 
1275	2  44  35 
1275	2   3   5 
1277	2   3   5 
1275	2  32  24 
1277	2  44  35 
1277	2  32  24 
1275	2  27  34 
1279	2  15   2 
1281	2  15   2 
1283	2  15   2 
1279	2  46  39 
1281	2  37  40 
1279	2  20  18 
1285	2   3   5 
1281	2  20  18 
1283	2  37  40 
1285	2  27  34 
1285	2  23  38 
1285	6  21  14 
1287	2  23  38 
1289	2  30  23 
1287	2  27  34 
1289	2  26  10 
1289	6  46  43 
1295	2  22  38 
1297	2  17  19 
1297	2  37  40 
1291	6   3   2 
1299	6  20  17 
1299	2  37  43 
1305	2  11  16 
1301	2  37  43 
1303	2  37  43 
1299	6  46  41 
1305	2  41  27 
1307	6   8   2 
1307	2  30  23 
1307	2  41  27 
1307	2  17  18 
1309	2  41  27 
1313	2  11  16 
1297	6  28  21 
1303	6  35  28 
1305	6  46  44 
1311	2  35  44 
1313	2  35  44 
1309	6  32  25 
1311	6  46  40 
1317	2  18  33 
1319	2  18  33 
1321	2  26  10 
1315	2  35  44 
1315	2  30  23 
1317	2  35  42 
1319	2  35  42 
1321	2  35  42 
1315	6  13   5 
1317	6  30  22 
1317	6  46  44 
1323	6  27  13 
1323	2  30  38 
1323	2  25  24 
1325	2  17  23 
1323	2  14   8 
1325	2  46  32 
1325	2  14   8 
1327	2  46  32 
1327	2  15  22 
1323	6  43  35 
1329	6  13   5 
1329	2  15  22 
1331	2  15  22 
1329	2  26  10 
1331	2  40  26 
1333	2  14   8 
1329	2  30  38 
1331	2  10   3 
1331	2  38  31 
1333	2  17  23 
1333	2  46  32 
1333	6  36  29 
1335	2  18  33 
1337	2  10   3 
1339	2  11   5 
1341	2  11   5 
1337	2  32  27 
1339	2  32  27 
1341	2  40  26 
1339	2   8  22 
1341	2   8  22 
1339	2  42  44 
1343	2  10   3 
1345	2  17  23 
1343	2  40  26 
1341	2  42  44 
1343	2  38  31 
1345	2  38  31 
1343	6  44  36 
1347	2  11   5 
1347	2   8  22 
1349	2   5   3 
1351	2   5   3 
1347	2  32  27 
1353	2   5   3 
1349	2  47  44 
1351	2  47  44 
1353	2  47  44 
1349	6  25  23 
1349	6  28  14 
1355	6  15  14 
1355	2  10  11 
1355	2  29  23 
1357	2  29  23 
1357	2  10  11 
1359	2  29  23 
1361	2  15  24 
1359	2  10  11 
1355	2   6  27 
1355	2  46  44 
1357	2   6  27 
1357	2  46  44 
1359	2  46  44 
1359	2   6  27 
1361	2  42  36 
1361	6  41  39 
1363	2  37  36 
1365	2  37  36 
1363	2  15  24 
1365	2  15  24 
1361	6  13  11 
1367	6  11   9 
1367	2  30  39 
1369	2  30  39 
1367	2  13   6 
1371	2  28  44 
1373	2  28  44 
1369	2  13   6 
1375	2  32  38 
1371	2  13   6 
1373	2  13   6 
1373	2  15   9 
1375	2  13   6 
1375	2  15   9 
1371	2  23  24 
1377	2  15   9 
1373	2  23  24 
1377	2  13   6 
1375	2  23  24 
1377	2  32  38 
1373	6  19  18 
1367	6  34  27 
1373	6  41  34 
1375	6  43  28 
1379	2  27  11 
1379	2  32  38 
1379	6  23  15 
1381	2  43  44 
1381	2  27  11 
1383	2  27  11 
1383	2  37  36 
1375	6  47  46 
1383	6  46  45 
1385	2  27  20 
1387	2  27  20 
1381	6  32  31 
1385	6  18   9 
1389	2  30  39 
1389	2   6  13 
1391	6  33  19 
1397	2  33  47 
1391	2  30  29 
1399	2  33  47 
1393	2  30  29 
1395	2  30  29 
1401	2  33  47 
1397	2  12  19 
1399	2  12  19 
1401	2  12  19 
1403	2  27  20 
1397	2  31  30 
1399	2  31  30 
1401	2  31  30 
1403	2  40  25 
1389	6  44  43 
1391	6  14   9 
1405	2  32  20 
1407	2  32  20 
1397	2  14  28 
1399	2  14  28 
1409	2  32  20 
1401	2  14  28 
1403	2  14   9 
1405	2  14   9 
1407	2  14   9 
1403	6  11   5 
1395	6  45  44 
1405	6  47  41 
1401	6  43  42 
1403	6  37  29 
1409	6  29  16 
1411	2   6  13 
1413	2   6  13 
1409	6   4   3 
1409	6  44  43 
1411	6  39  25 
1417	2  40  39 
1419	2  40  39 
1415	2  10  16 
1415	2  29  43 
1417	2  25  17 
1419	2  25  17 
1417	2  29  43 
1419	2  29  43 
1415	6  13   5 
1411	6  34  27 
1415	6  14   1 
1421	6   3   1 
1421	2  25  17 
1421	2  28  43 
1423	2  28  43 
1425	2  28  43 
1423	2  39  32 
1421	2  27  13 
1425	2  39  32 
1423	2  27  13 
1425	2  27  13 
1423	6  23  17 
1427	2  13  26 
1427	6  47  44 
1429	2  10  16 
1429	2  13  26 
1431	2  10  16 
1431	2  13  26 
1427	6  35  28 
1427	6  14   1 
1433	6  41  34 
1433	2  14  29 
1433	2  17  19 
1435	2  31  30 
1437	2  39  32 
1439	2  47  41 
1435	2  17  19 
1437	2  14  29 
1439	2  14  29 
1437	2  17  19 
1439	2  17  16 
1433	6   4   2 
1433	6  44  43 
1439	6  26  13 
1441	2  37  29 
1443	2  37  29 
1441	2  47  41 
1443	2  47  41 
1445	2  31  30 
1445	2  40  45 
1447	2  40  45 
1449	2  40  45 
1441	2   2  14 
1443	2   2  14 
1447	2  31  30 
1445	2   9  12 
1447	2   9  12 
1449	2   9  12 
1451	6  38  26 
1457	2  26  18 
1457	2  38  44 
1451	2   2  14 
1453	6  14   8 
1441	6  42  35 
1457	2  35  23 
1459	6  43  22 
1465	2  35  23 
1465	2  38  44 
1459	2  26  18 
1461	2  26  18 
1451	6  13   5 
1457	2   3   5 
1459	2   3   5 
1461	2   3   5 
1463	2   2   3 
1465	2   2   3 
1463	6  19  11 
1467	2  22  14 
1467	2   2   3 
1467	2  38  44 
1467	2  17  16 
1451	6  47  41 
1457	6  47  40 
1463	6  40  33 
1469	2   3   2 
1471	2   3   2 
1469	2  22  14 
1471	2  22  14 
1469	2  34  19 
1471	2  34  19 
1473	2  34  19 
1473	2   3   2 
1469	2  39  45 
1469	2  17  16 
1473	2  35  23 
1471	2  39  45 
1475	2  16  30 
1477	2  16  30 
1473	2  39  45 
1475	2   5  26 
1477	2   5  26 
1475	6  45  43 
1479	2   9  11 
1475	6  28  21 
1481	6  36  31 
1481	2   9  11 
1483	2   9  11 
1487	6  47  45 
1487	2  25  31 
1489	2   5  26 
1489	2  16  30 
1491	2  25  31 
1493	6  32  24 
1493	2  47  40 
1495	2  47  40 
1497	2  47  40 
1493	2  37  29 
1495	2  37  35 
1497	2  37  35 
1481	6  21  14 
1491	6  14   2 
1491	6  27  12 
1497	6  34  27 
1499	2  24  22 
1501	2  25  31 
1503	2  25  18 
1503	2  37  35 
1503	2  34  47 
1497	6   5   2 
1503	2   5  12 
1505	6  42  28 
1505	2  44  45 
1507	2  44  45 
1509	2  44  45 
1511	2  45  37 
1513	2  45  37 
1505	2  25  18 
1505	2   5  12 
1507	2   5  12 
1505	2  34  47 
1507	2  25  18 
1507	2  34  47 
1509	2  32  20 
1511	2  32  20 
1513	2  32  20 
1503	6  16   2 
1515	6  12  10 
1515	2  44  36 
1517	2  44  36 
1521	2  11  18 
1519	2  44  36 
1521	2  45  37 
1509	6  23  15 
1523	6  10   8 
1511	6  28  21 
1515	6  32  23 
1521	2  32  33 
1521	2  28  23 
1523	2  32  33 
1525	2  32  33 
1527	2  33  40 
1523	2  28  23 
1525	2  28  23 
1523	6  38  37 
1521	6  13   5 
1527	6  23  21 
1533	2  30  14 
1535	2  23   8 
1537	2  23   8 
1539	2  23   8 
1529	2  33  40 
1531	2  33  40 
1529	2  11  18 
1531	2  11  18 
1527	6  43  35 
1533	6  41  20 
1539	2  13  20 
1535	6  32  25 
1533	6  11  10 
1529	6  46  45 
1535	6  45  43 
1541	6  46  41 
1541	2  24  22 
1543	2  24  22 
1541	2  13  20 
1543	2  13  20 
1541	2  10   2 
1543	2  10   2 
1545	2  16  24 
1545	2  11  20 
1547	2  12  25 
1547	2  10   2 
1545	2  21  22 
1547	2  21  22 
1541	6  37  36 
1547	6  45  39 
1549	2  11  20 
1551	2  11  20 
1549	2  16  24 
1553	2  12  25 
1549	2  21  22 
1551	6  29   8 
1555	2  12  25 
1557	6  23  11 
1557	2  32  40 
1559	2  32  40 
1561	2  32  40 
1563	6  17   5 
1563	2  36  29 
1565	2  36  29 
1567	2  36  29 
1569	2   5  12 
1569	2  30  14 
1557	6  27  20 
1563	2  27  34 
1565	2  27  34 
1567	2  27  34 
1569	2  41  27 
1571	6  44  36 
1571	2  31  46 
1571	2  19  11 
1573	2  19  11 
1575	2  19  11 
1573	2  31  46 
1575	2  31  46 
1571	6  34  27 
1571	6  15   2 
1577	6   8   3 
1577	2   5  12 
1579	2   5  12 
1577	2  29  23 
1577	2  26  39 
1579	2  44  45 
1581	2  26  39 
1579	2  29  23 
1583	2  30  14 
1585	2  31  33 
1581	2   6   5 
1585	2  44  45 
1583	2   6   5 
1585	2   6   5 
1583	6  18   3 
1587	2  44  45 
1587	2  31  33 
1585	6  28  15 
1589	2  18  20 
1589	2  31  33 
1591	6  29  23 
1591	2  41  34 
1593	2  41  34 
1595	2  40  33 
1591	2  18  20 
1593	2  18  20 
1595	2  25  18 
1597	6  46  30 
1597	2  25  18 
1599	2  20  19 
1601	2  20  19 
1589	6   3   2 
1591	6  15   8 
1597	6  41  33 
1595	6   5   3 
1597	6  43  35 
1603	6  38  32 
1603	2  40  41 
1603	2  13   5 
1605	2  13   5 
1607	2  13   5 
1603	2  23  29 
1605	2  29  36 
1607	2  29  36 
1605	2  17  23 
1605	2  40  41 
1607	2  17  23 
1601	6   8   3 
1607	6  47  34 
1609	2   9  30 
1611	2  29  36 
1613	2   9  30 
1615	2   9  30 
1609	2  25  18 
1611	2  20  19 
1613	2  47  46 
1615	2  47  46 
1613	6  34  13 
1617	2  38  30 
1619	2   5  13 
1619	2  36  28 
1617	2   2   9 
1617	2  47  46 
1619	2  26  39 
1619	2  16  24 
1621	6  21   8 
1621	2  38  30 
1621	2  32  25 
1621	2   3  11 
1623	2  24  45 
1625	2  37  31 
1623	2   5  13 
1625	2   3  11 
1625	6  20  19 
1627	2  32  25 
1629	2  24  45 
1627	2   2   9 
1629	2   2   9 
1621	6  48  34 
1627	6  29  28 
1631	2  37  31 
1631	2  18  27 
1631	2   5  13 
1631	6  48  46 
1633	2  32  25 
1633	2   3  11 
1633	2  20  13 
1635	2  18  27 
1633	2  36  29 
1635	2  37  31 
1631	6  16   9 
1635	6   5   4 
1637	2  17  23 
1637	2  46  43 
1639	2  24  45 
1641	2  46  43 
1643	2  46  43 
1645	2  38  30 
1641	2  17  25 
1647	2  44  46 
1637	2  20  13 
1639	2  20  13 
1643	2  12   9 
1645	2  12   9 
1647	2  12   9 
1647	6  33  31 
1653	2  18  27 
1649	2  44  46 
1655	2  23  18 
1657	2  36  29 
1655	2  40  33 
1657	2  16  32 
1659	2  30  21 
1659	2  40  33 
1659	2  17  25 
1655	2  27  20 
1657	2  27  20 
1659	2  27  20 
1651	6  45  44 
1659	2  45  46 
1649	6   4   3 
1661	6  37  16 
1661	2  40  33 
1657	6  12   4 
1663	6  41  33 
1667	2  38  45 
1667	2   3   8 
1661	6  27  20 
1667	6  20  12 
1669	2  37  32 
1671	2  17  25 
1669	2   3   8 
1671	2  38  45 
1671	2   3   8 
1671	6  30  29 
1673	2  38  45 
1673	6  16  11 
1677	2  29  21 
1673	6  40  27 
1679	6  39  26 
1679	2  13  11 
1685	2  37  32 
1687	2  23  18 
1689	2  23  18 
1687	2  40  45 
1689	2  40  45 
1681	6   4   3 
1687	6  36  28 
1691	2  40  45 
1691	2  16  15 
1691	2  26  20 
1687	6   3   1 
1693	6  44  39 
1693	2  26  20 
1693	2  24  10 
1695	2  13  11 
1697	2  26  20 
1695	2  16  15 
1697	2  16  15 
1693	2  29  21 
1699	6  13  11 
1699	2  43  44 
1701	2  43  44 
1699	2  14  16 
1703	2  43  44 
1701	2  15   1 
1703	2  15   1 
1699	6  39  26 
1705	6  31  19 
1705	2  44  36 
1707	2  44  36 
1709	2  44  36 
1705	2  15   1 
1707	6  14   9 
1711	2  20   6 
1711	2  46  39 
1711	6  43  29 
1713	2  46  39 
1715	2  46  39 
1717	2  31  22 
1713	2  11  13 
1715	2  20   6 
1717	2  20   6 
1717	6  41  40 
1719	2  27  20 
1719	2  31  22 
1721	2  27  20 
1721	2  31  22 
1717	6  44  43 
1713	6   7   1 
1715	6  18  10 
1719	6   6   5 
1723	2  40  46 
1723	2  22   8 
1723	2  26  31 
1725	6   5   4 
1725	2  40  46 
1725	2  22   8 
1725	2  26  31 
1727	2  24  18 
1727	2  27  20 
1729	2  24  18 
1727	2  14  29 
1729	2  14  29 
1729	2  27  20 
1731	2  36  21 
1727	2  40  46 
1731	2  25  24 
1731	2  27  20 
1727	2   9  16 
1729	2   9  16 
1731	2   9   4 
1733	2  27  20 
1733	2  39  44 
1733	2  25  24 
1733	2   9   4 
1735	6  13   5 
1735	2  26  31 
1737	2  32  31 
1739	2  32  31 
1735	2  22   8 
1737	2  14  29 
1737	2  17  18 
1739	2  22  10 
1741	6  30  15 
1741	2  17  18 
1743	2  17  18 
1745	6  19  18 
1747	2  39  44 
1749	2  30  38 
1751	2  32  31 
1747	2  14   8 
1749	2  14   8 
1751	2   7  28 
1729	6  48  41 
1741	6   5   3 
1747	6   3   2 
1737	6  41  34 
1743	6  34  27 
1751	6  27  13 
1753	2  14   8 
1753	2  31  40 
1755	2  39  44 
1757	2  36  21 
1757	2  33  27 
1755	2   3  18 
1757	2   3  18 
1755	6  23  16 
1761	2  22  10 
1763	2   7  28 
1763	2   3  18 
1759	2  33  27 
1761	2  33  27 
1763	2  39  45 
1757	6  48  47 
1757	6  13   5 
1765	6  14   7 
1765	2  16  11 
1765	2  27  48 
1765	2  30  38 
1767	2  27  48 
1769	2  27  48 
1767	2  30  38 
1767	2   9   4 
1769	2   3   5 
1765	6  43  35 
1769	6  38  23 
1771	2  47  48 
1773	2  47  48 
1771	2   3   5 
1773	2   3   5 
1771	2  14  28 
1775	2  47  48 
1771	2  19  27 
1773	2  19  27 
1775	2  16  11 
1775	2  38  33 
1773	6  36  28 
1777	2  38  33 
1777	2  16  11 
1775	6   2   1 
1779	2  25  24 
1779	2  28  21 
1779	2  44  36 
1779	2  34  47 
1781	6  37  24 
1787	2  17  23 
1789	2  17  23 
1787	2  38  33 
1789	2  34  47 
1789	2  38  37 
1781	2  14  28 
1783	2  14  28 
1785	2  14  28 
1779	6  11   4 
1785	2   3   4 
1787	2   3   4 
1789	2   3   4 
1779	6  20  19 
1787	6  14   1 
1791	2  39  45 
1791	2  26  24 
1793	6   2   1 
1793	2  39  45 
1793	2  26  24 
1795	2  33  46 
1797	2  34  47 
1799	2  31  40 
1799	2  20  27 
1801	2  33  46 
1793	2  14  35 
1795	2  14  35 
1797	2  14  35 
1799	2  44  36 
1801	2  44  36 
1803	2  26  24 
1803	2  38  37 
1791	6  12   4 
1799	6   5   2 
1805	2  38  37 
1805	2  20  27 
1805	2  16  14 
1807	6  26   5 
1807	2  16  14 
1813	2  33  46 
1815	2  25  30 
1809	2   2   8 
1811	2   2   8 
1813	2   2   8 
1817	2  26  19 
1817	2  22  10 
1817	6  45  37 
1819	2  24  22 
1823	2  45  46 
1819	2  26  19 
1821	2  26  19 
1825	2  31  40 
1823	2  20  27 
1825	2  20  27 
1821	2  16  14 
1823	6  21   7 
1827	2  45  46 
1827	2  25  30 
1827	6  34  20 
1829	2  24  22 
1831	2  36  31 
1833	2  26  19 
1835	2  25  30 
1837	2  26  19 
1829	2  45  46 
1837	2  24  22 
1823	6   4   2 
1833	6  41  34 
1831	6  46  45 
1839	6  37  24 
1845	2  39  37 
1839	2  26  19 
1845	2  17  23 
1829	6   5   4 
1841	6  27  19 
1829	6   7   2 
1839	6  21   7 
1835	6   4   2 
1847	2   8  22 
1847	2  39  37 
1849	2  36  31 
1849	2  21  15 
1851	2  36  31 
1853	2  46  41 
1855	2  39  37 
1857	2  46  41 
1853	2   8  22 
1841	2   4  11 
1859	2  46  41 
1843	2   4  11 
1845	2   4  11 
1855	2  21  15 
1847	2  11  17 
1849	2  11  17 
1851	2  11  17 
1853	2  11  20 
1855	2  11  20 
1857	2  11  20 
1857	2  21  15 
1859	2  35  21 
1855	2   9   2 
1857	2   9   2 
1859	2   9   2 
1853	6  25  24 
1861	6  29  24 
1861	2   2   3 
1867	2  24  18 
1867	2   8  22 
1869	6  17  15 
1875	2  35  21 
1877	2  22  15 
1869	2   2   3 
1879	2  35  21 
1871	2   2   3 
1875	2  24  18 
1877	2  24  18 
1879	2  10  24 
1859	6  27  20 
1861	6  45  40 
1867	6  48  40 
1875	6   7   1 
1865	6  20   5 
1867	6  45  37 
1873	6  33  20 
1873	6  46  45 
1879	6  46  34 
1881	2  10  24 
1883	2  16  23 
1881	2  28  21 
1883	2  28  21 
1881	6   8   1 
1885	2  17  32 
1885	2  35  37 
1883	6   6   4 
1887	2  35  37 
1887	2  22  15 
1887	2  17  32 
1885	6  34  27 
1891	2   6  20 
1889	2  35  37 
1889	2  22  15 
1889	2  10  24 
1891	2  14  29 
1891	2  17  32 
1891	6   2   1 
1893	2  24  12 
1895	2   6  20 
1893	2  28  21 
1897	2   6  20 
1895	2  14  29 
1895	2  38  32 
1897	2  16  23 
1897	2  38  32 
1895	6  18  10 
1899	2  38  32 
1899	2  14  29 
1901	6  30  21 
1901	2  25  33 
1903	2  25  33 
1905	2  25  33 
1907	2  32  33 
1909	2  32  33 
1911	2  32  33 
1901	2   8  10 
1903	2   8  10 
1905	2   8  10 
1907	2  21   8 
1909	2  21   8 
1911	2  21   8 
1907	2  17  10 
1909	2  17  10 
1911	2  17  10 
1899	6  20   6 
1905	2  27  20 
1907	2  27  20 
1909	2  27  20 
1905	6   6   5 
1907	6  36  35 
1913	6  15   9 
1913	2  24  12 
1915	2  25  30 
1913	2  21  28 
1915	2  21  28 
1917	2  21  28 
1917	2  24  12 
1919	6  38  24 
1919	2   5   2 
1921	2   5   2 
1923	2   5   2 
1919	2  14  29 
1921	2  14  29 
1923	2  14  29 
1913	6  40  34 
1919	6  47  33 
1925	6   7   1 
1925	2  38  39 
1925	2  28  22 
1927	2  38  39 
1927	2  28  22 
1929	2  38  39 
1925	2  34  18 
1927	2  34  18 
1929	2  28  22 
1929	2  34  18 
1931	6  24  11 
1937	2  16  23 
1939	2  33  17 
1941	2  33  17 
1931	6  46  45 
1931	6  36  21 
1943	2  33  17 
1931	6   8   2 
1937	6  28   7 
1943	2  28  35 
1937	6  44  43 
1925	6  13   6 
1937	6  12   4 
1943	6  14   8 
1945	2   3  11 
1945	2  38  32 
1947	2  34  31 
1949	2  40  39 
1951	2  40  39 
1947	2   3  11 
1949	2  18   2 
1953	2  40  39 
1951	2  19  16 
1953	2  19  16 
1955	2   3  11 
1955	2  34  31 
1945	2  28  35 
1947	2  28  35 
1949	6  43  28 
1955	2  15  28 
1957	2   8  11 
1957	2  38  32 
1959	2  34  31 
1959	2  15  28 
1955	6  44  43 
1955	6  47  46 
1959	6   4   2 
1965	2  18   4 
1967	2  18   4 
1961	2  38  32 
1961	2  34  47 
1963	2  34  47 
1965	2  34  47 
1961	2  15  28 
1963	2  23  28 
1965	2  23  28 
1967	2  23  28 
1965	6   8   2 
1969	2  25  30 
1971	2  14  28 
1971	2  26  18 
1971	2   9   3 
1971	2  24  31 
1969	6  13  12 
1973	2   8  21 
1973	2  26  18 
1973	2  24  31 
1963	6  45  44 
1969	6  46  45 
1967	6  48  40 
1975	6   5   4 
1975	2   8  21 
1977	2   8  21 
1975	2  26  18 
1975	2  24  31 
1975	2  41  46 
1977	2  41  46 
1979	2  25  30 
1979	2  41  46 
1981	6  15  10 
1981	6  37  29 
1981	6  25  19 
1981	6  46  34 
1987	6  11  10 
1987	2  24  38 
1987	2  29  15 
1989	2  24  38 
1991	2  24  38 
1989	2  29  15 
1993	2  18  39 
1995	2  25  16 
1987	6  34  27 
1991	6  35  21 
1995	6  40  34 
1997	2  29  15 
1997	2   2  10 
1999	2  36  35 
1999	2  17  15 
1997	2  20  19 
2001	2   9   3 
2001	2  36  35 
2003	2  40  37 
2005	2  14  28 
2007	2  40  37 
2003	2   9   3 
2009	2  40  37 
2005	2   2  10 
1999	2  20  19 
2007	2  17  15 
2001	2  20  19 
2009	2  17  15 
2003	6  27  20 
2007	6   4   2 
2011	2  27  41 
2011	2  36  35 
2011	6  38  23 
2017	2  45  38 
2013	2  27  41 
2013	2   8   2 
2015	2   8   2 
2017	2   8   2 
2015	2  27  41 
2013	6  12   4 
2013	6  28  21 
2013	6  43  36 
2017	6  33  17 
2019	2  45  38 
2019	2  14  21 
2021	2  45  38 
2023	6  32  29 
2023	2  17  16 
2025	2  17  16 
2027	2  17  16 
2021	6   8   7 
2019	6  20  12 
2029	2  21   7 
2029	2  38  37 
2031	2  21   7 
2025	2  12   3 
2033	2  15  31 
2027	2  12   3 
2029	2  12   3 
2029	6  41  27 
2031	6   4   3 
2035	2  38  37 
2037	2  15  31 
2039	6   8   3 
2039	2  32  25 
2045	2  10   3 
2045	2  21   7 
2041	2  32  25 
2043	2  32  25 
2045	2  43  46 
2035	6  34  20 
2045	6  25  18 
2047	2  38  37 
2047	2  16  14 
2049	2  10   3 
2047	2  34  40 
2049	2  43  46 
2041	6  13   5 
2047	6  20  12 
2051	2  18  17 
2053	2  10   3 
2051	2  45  33 
2053	2  45  33 
2049	6  21   8 
2055	6  47  26 
2055	2  21  28 
2057	2  21  28 
2059	2  21  28 
2055	6   4   2 
2055	6  44  43 
2055	6  31  30 
2061	6  26  10 
2061	2  44  46 
2067	2  45  33 
2061	2  29  28 
2069	2  27  26 
2069	2  15  30 
2071	2  35  21 
2073	2  35  21 
2071	2  45  37 
2071	2  27  26 
2073	2  25  39 
2067	2  11  12 
2069	2  11  12 
2071	2  11  12 
2073	2  12  13 
2073	2   9  10 
2073	6  44  30 
2075	2  25  39 
2075	2  35  21 
2075	2   9  10 
2079	2  29  28 
2077	2  18  17 
2081	2  29  28 
2079	2  45  37 
2081	2  45  37 
2075	2  12  13 
2077	2  27  26 
2077	2  12  13 
2079	2  16  14 
2081	2  24  33 
2083	2  34  40 
2081	2   9  10 
2083	2  23  25 
2085	2  23  25 
2087	2  23  25 
2089	2   7   9 
2079	2   4  12 
2081	2   4  12 
2083	2   4  12 
2085	2  34  40 
2087	2  20  34 
2089	2  39  40 
2083	6  28  21 
2083	6  45  37 
2089	6  26  13 
2091	2  15  10 
2093	2   7   9 
2091	2  39  40 
2093	2  39  40 
2095	6  13   5 
2095	2  26  32 
2095	2  16  14 
2097	2  15  10 
2097	2  26  32 
2099	2  26  32 
2099	2   8  21 
2099	2  18  17 
2089	6  36  35 
2101	2  18   3 
2103	6  31  17 
2103	2   8  21 
2105	2   8  21 
2103	2  20  34 
2105	2  20  34 
2095	6  46  44 
2109	6  19  17 
2109	2  46  32 
2111	2  38  31 
2113	2  46  32 
2103	6   4   3 
2107	6  48  41 
2109	6   3   2 
2115	2  19  11 
2115	2   7   9 
2117	2  18   4 
2117	2   7   8 
2115	2  38  31 
2117	2  38  31 
2115	6  34  27 
2119	2   7   8 
2119	2  46  32 
2119	2  19  11 
2101	6  44  36 
2107	6  36  22 
2117	2  22  16 
2119	2  22  16 
2113	6  44  36 
2119	6  37  36 
2121	2   7   8 
2121	2  24  33 
2121	2  19  11 
2123	2  11  17 
2123	6  46  34 
2125	2  11  17 
2127	2  15  10 
2129	6  41  20 
2129	2  31  23 
2135	2  19  20 
2131	2  31  23 
2135	2  24  33 
2137	2  22  16 
2129	2  46  45 
2139	2  11  17 
2131	2  46  45 
2133	2  46  45 
2141	2  14  17 
2143	2  14  17 
2145	2  14  17 
2137	2  34  33 
2147	2  18   4 
2139	2  34  33 
2135	2  46  45 
2137	2  46  45 
2149	2   5   4 
2151	2   5   4 
2153	2   5   4 
2139	2  46  45 
2141	2  44  47 
2149	2  19  20 
2143	2  44  47 
2151	2  19  20 
2145	2  44  47 
2147	2  48  47 
2153	2  40  25 
2147	6  45  44 
2147	6   9   2 
2147	6  29  14 
2153	2  14   9 
2155	2  31  23 
2155	2  14   9 
2157	2  38  24 
2157	2  14   9 
2153	2  36  29 
2155	2  36  29 
2159	2  14  21 
2157	2  36  29 
2159	2  29  36 
2155	2  48  47 
2159	2  38  24 
2155	2  34  33 
2161	2  14  21 
2161	2  38  24 
2161	2  29  36 
2157	2  48  47 
2159	2  41  48 
2161	2  41  48 
2157	6  27  13 
2159	6  11   3 
2163	2  41  48 
2163	2  14  21 
2163	2  29  36 
2165	6  28  15 
2165	2  20  11 
2165	2  47  32 
2167	2  47  32 
2167	2  20  11 
2169	2  40  25 
2171	6  24  15 
2171	6  33  26 
2177	6  24  12 
2183	2  30  24 
2177	2  21  15 
2183	2  19  12 
2179	2  21  15 
2181	2  21  15 
2171	6  45  39 
2183	6  15   7 
2185	2  19  12 
2187	2  20  11 
2185	2  30  24 
2187	2  30  24 
2177	6  39  33 
2183	6  44  39 
2189	6   4   3 
2189	2  19  12 
2189	2  24  16 
2191	2  24  16 
2189	2  44  37 
2191	2  44  37 
2193	2  44  37 
2193	2  47  32 
2191	2  19  18 
2193	2  19  18 
2189	6  29  28 
2195	6  33  20 
2195	2  29  44 
2195	2  24  16 
2197	2  30  45 
2197	2  17  11 
2199	2  29  44 
2199	2  17  11 
2195	6   3   2 
2199	6  47  46 
2201	2  14  16 
2201	2  20   4 
2203	2  20   4 
2203	2  32  24 
2205	2  20   4 
2205	2  32  24 
2201	2  29  44 
2203	6  37  22 
2207	2  40  25 
2207	2  12   4 
2207	6   8   2 
2209	2  30  45 
2209	2  12   4 
2213	2  10  22 
2211	2  25  31 
2213	2  25  31 
2211	6  46  44 
2215	2  10  22 
2215	2  25  31 
2211	6  13   5 
2217	2  14  16 
2217	2  44  29 
2217	2  12   4 
2209	6  41  27 
2219	6  32  24 
2219	2  19  18 
2219	2  44  29 
2221	2  44  29 
2219	6   6   3 
2219	6  16  15 
2215	6  34  27 
2223	6  45  37 
2225	2  10  22 
2227	2  22   8 
2225	2   6  20 
2227	2  17  11 
2227	2   6  20 
2221	6  48  41 
2227	6  41  40 
2229	2  24  32 
2231	2  18  23 
2229	6   5   3 
2233	2  22   8 
2235	2   9   3 
2233	2  33  45 
2235	2  18  23 
2235	6  27  13 
2237	2   9   3 
2241	2   6  20 
2243	2  18  23 
2239	2   9   3 
2241	2   3   2 
2243	2   3   2 
2235	6  36  28 
2235	6  39  38 
2241	6  41  39 
2245	2  30  37 
2245	2  14  15 
2245	2  27  26 
2245	2  11  10 
2243	6   6   5 
2247	2  22   8 
2247	2  33  45 
2247	2  11  10 
2249	6  24  16 
2249	2  29  22 
2249	2  13   4 
2251	2  29  22 
2251	2  11  10 
2253	2  13   4 
2253	2  29  22 
2255	2   3   2 
2249	2  27  26 
2251	2  27  26 
2253	2  33  45 
2255	2  46  45 
2255	2  40  33 
2255	2  19  20 
2255	6  30  17 
2261	2  37  30 
2257	2  19  20 
2257	2  46  45 
2259	2  46  45 
2257	2  40  33 
2259	2  19  20 
2261	2   5  17 
2259	2  40  33 
2261	2  26  32 
2261	2  47  46 
2257	6   8   2 
2255	6  28  21 
2263	6   3   1 
2263	2  18  33 
2265	2  18  33 
2267	2  23  38 
2269	6  24  19 
2269	2  47  46 
2269	2   8   7 
2271	2  47  46 
2271	2   8   7 
2273	2   8   7 
2275	6  27  12 
2275	2  37  30 
2277	2  23  38 
2281	2  13   4 
2279	2  31  24 
2281	2  37  30 
2281	2  26  32 
2261	6  35  28 
2275	6   7   1 
2281	2  21   7 
2267	6  43  35 
2273	6  47  40 
2279	6  16   9 
2283	2  18  33 
2283	2  21   7 
2285	2  31  24 
2285	2  10   9 
2287	2  25   4 
2289	2  19  34 
2291	2  41  27 
2289	2  10   9 
2285	2  21   7 
2289	2  45  30 
2291	2   5  17 
2287	6  14   7 
2293	6  17   4 
2293	2  41  27 
2295	2  41  27 
2297	2  26  32 
2291	6  45  36 
2297	2  36  30 
2297	6  47  45 
2299	2  10   9 
2303	2  47  41 
2303	2  43  45 
2299	2  31  24 
2301	2  33  32 
2303	2  25  17 
2305	2  43  45 
2299	2   5   4 
2305	2  25  17 
2301	2   4  11 
2303	2   4  11 
2305	2   4  11 
2305	2  47  41 
2307	6  39  18 
2307	6  29  15 
2307	6  44  43 
2313	6  24   9 
2313	2  37  29 
2315	2  37  29 
2317	2  37  29 
2313	2  47  41 
2313	6  27  13 
2319	6  25  16 
2319	2  44  45 
2319	2  36  30 
2321	2  44  47 
2323	2  45  39 
2319	6  34  27 
2319	6   5   3 
2325	6  13   4 
2325	2  23  38 
2325	2  18  25 
2327	2  21  30 
2329	2  29  23 
2327	2  45  39 
2329	2  45  39 
2327	2  18  25 
2329	2  18  25 
2319	6   7   1 
2325	6  41  34 
2329	6  15   8 
2331	2  19  27 
2331	2  33  32 
2333	2  40  26 
2331	2  29  23 
2331	2   2   3 
2333	2  17  31 
2333	2   2   3 
2333	6  36  28 
2339	2  21  30 
2341	2  21  30 
2335	2   2   3 
2335	2  33  32 
2335	2  19  27 
2337	2  19  18 
2339	2  19  18 
2341	2   1   4 
2343	2   1   4 
2343	2  29  23 
2341	2  20  27 
2343	2  20  27 
2337	6  33  32 
2335	6  47  45 
2341	2  44  45 
2343	2  44  45 
2341	6  47  41 
2345	2   2   9 
2345	2  28  14 
2345	2  25  12 
2345	6  38  30 
2347	2   2   9 
2347	2  28  14 
2347	2  25  12 
2349	2  20  27 
2349	2   1   4 
2347	6  47  46 
2351	2  44  38 
2351	2  19  18 
2351	2  23  21 
2351	2   8   1 
2349	6  41  33 
2353	2  30  15 
2355	2   2   9 
2353	2  20  13 
2355	2  34  19 
2357	2   2   9 
2355	2  23  21 
2357	2  28  14 
2357	2  25  12 
2359	2  23  21 
2359	2  20  13 
2361	2  20  13 
2355	2  45  39 
2359	2   2   9 
2359	2  11  18 
2361	2  11  18 
2361	2   2   9 
2363	2  34  19 
2363	2   8   1 
2357	2  45  39 
2359	2  43  46 
2361	2  43  46 
2363	2  43  46 
2361	6  23  22 
2365	2  44  38 
2367	2  44  38 
2365	2  40  26 
2365	2   8   1 
2367	2  16   4 
2367	2  40  26 
2369	6  28   7 
2369	2  24  25 
2369	2  45  39 
2371	2  17  31 
2373	2  24  25 
2369	6   3   2 
2369	6  27  12 
2371	6  46  40 
2375	2  11  18 
2375	2  30  15 
2377	6  31  10 
2383	2  24  25 
2385	2  24  11 
2377	2  43  28 
2387	2  16   4 
2383	2  27  40 
2379	2  43  28 
2381	2  43  28 
2385	2  27  40 
2387	2  27  40 
2383	6  45  43 
2389	6  43  35 
2389	2  30  15 
2395	2  21  35 
2389	2  17  10 
2391	2  31  47 
2393	2  31  47 
2395	2  31  47 
2391	2  10  18 
2393	2  10  18 
2395	2  10  18 
2389	6  34  27 
2395	6  27  13 
2397	2  10   3 
2397	2  31  28 
2399	2  46  40 
2399	2  17  15 
2401	2  16   4 
2401	2  46  40 
2401	2  13  19 
2399	6  37  28 
2403	2  47  34 
2405	2  27  33 
2405	2  29  30 
2403	2   1  16 
2405	2   1  16 
2403	6  18  12 
2407	2  21  35 
2407	2  31  37 
2407	2   1  16 
2407	2  46  40 
2409	6  38  37 
2409	2  47  34 
2409	2  18  23 
2411	2  27  33 
2413	2  47  34 
2411	2  10   3 
2415	2  39  47 
2417	2  39  47 
2419	2  39  47 
2411	2  21  35 
2413	2  18  23 
2415	2  18  23 
2417	2  19  18 
2419	2  19  18 
2417	2  29  30 
2417	2  10   3 
2419	2  29  30 
2409	6  13   5 
2419	6   7   2 
2421	2  26  23 
2423	2  26  23 
2419	6   5   4 
2421	6  47  45 
2425	2   7  28 
2425	2  24  11 
2425	2  27  33 
2427	6  10   4 
2427	2   7  28 
2427	2  31  38 
2429	2   7  28 
2431	2  37  29 
2433	2  37  29 
2427	2  19  18 
2427	2  41  47 
2429	2  41  47 
2433	2   7   2 
2431	2  41  47 
2435	6  10   8 
2435	2  37  29 
2429	6  32  20 
2441	2   7   2 
2441	2  26  23 
2437	6  39  38 
2443	6  25  11 
2449	2  10  11 
2443	2  14   8 
2445	2  14   8 
2449	2  47  26 
2447	2  14   8 
2449	2  16   8 
2443	6  30  28 
2449	6  28  21 
2451	2  16   8 
2451	2  32  30 
2455	2  17  15 
2457	2   7   2 
2453	2  32  30 
2459	2  16   8 
2455	2  32  30 
2457	2  24  25 
2459	2  31  25 
2451	2  20   5 
2453	2  20   5 
2455	2  20   5 
2459	2  10  11 
2451	6  41  34 
2457	6  40  27 
2463	2  40  39 
2461	2  17  15 
2461	2   5  12 
2463	2  15  18 
2465	6  33  24 
2465	2  14   1 
2471	2  27  20 
2471	2  40  39 
2471	2  30  23 
2473	2  47  26 
2473	2  30  23 
2475	2  47  26 
2465	2  10  11 
2475	2  30  23 
2477	2  34  33 
2467	2  14   1 
2477	2  22  24 
2479	2  40  39 
2469	2   9  10 
2471	2   9  10 
2473	2   9  10 
2477	2  11  19 
2479	2   5  12 
2479	2  14   1 
2479	2  31  25 
2481	2  22  24 
2481	2  11  19 
2481	2  34  33 
2481	6   7   2 
2483	2  31  25 
2483	2   5  12 
2483	2  34  33 
2485	2  22  24 
2485	2  11  19 
2477	6  45  44 
2483	6  47  45 
2487	2  15  18 
2489	6  32  17 
2495	2  17   2 
2489	2   7  21 
2497	2  17   2 
2499	2  17   2 
2489	2  27  20 
2491	2  27  20 
2489	2  41  47 
2491	2  41  47 
2495	2  32  46 
2491	2   7  21 
2497	2  32  46 
2493	2   7  21 
2499	2  32  46 
2501	2  15  18 
2501	2  41  47 
