   1	6  23  11 
   1	2  31  33 
   7	2  23  28 
   1	2  20   8 
   3	2  32  24 
   5	2  13  26 
   7	2  12  25 
   3	2   2   1 
   5	2   2   1 
   9	2  23  28 
   7	2   2   1 
   9	2   7  18 
   3	6  15   9 
   7	6  11   5 
  11	2  27  15 
  11	2   6  19 
  11	6  35  29 
  13	2   7  18 
  13	2  31  33 
  13	2  10  17 
  15	2  11  21 
  15	2   7  18 
  17	2  32  24 
  17	2  14   4 
  19	2  10  17 
  19	2  31  33 
  19	2  20   8 
  21	6   4   2 
  21	2  32  24 
  21	2  16  22 
  23	2  27  15 
  25	2  27  15 
  27	2  10  17 
  27	2  20   8 
  23	6  24  12 
  27	6  35  34 
  29	2  13  26 
  31	2  13  26 
  33	2  31  18 
  35	2  31  18 
  37	2  31  18 
  39	2  24  25 
  33	2  14   2 
  29	2  16  22 
  31	2  16  22 
  33	2  17  22 
  35	2  11  21 
  41	2  24  25 
  37	2  11  21 
  39	2  17  22 
  41	2  17  22 
  39	2  14   2 
  41	2  13   2 
  39	6  10   4 
  45	2  11  16 
  43	2   6  19 
  45	2   6  19 
  39	6  33  32 
  45	6  32  30 
  47	2  13   2 
  47	2  23  28 
  49	2  13   2 
  51	2  10  23 
  51	2  24  30 
  53	2  24  30 
  51	2  34  32 
  53	2  34  32 
  53	2  10  23 
  55	2  24  30 
  55	2  34  32 
  55	2  10  23 
  51	2   6   7 
  53	2   6   7 
  55	2   6   7 
  51	6  21  14 
  57	6  27  15 
  63	2  14  12 
  63	2  27  26 
  63	2  11  16 
  57	6  31  24 
  63	6  34  29 
  65	2  14  12 
  65	2  11  16 
  67	2  14  12 
  69	2   4   1 
  65	2  27  26 
  69	2  32  19 
  71	2  17  11 
  71	2  32  19 
  73	2  32  19 
  69	2  28  21 
  71	2  15   8 
  73	2   4   1 
  73	2  28  21 
  75	6  18   6 
  75	2  15   8 
  75	2  17  11 
  77	2  28  21 
  77	2  17  11 
  79	2  15   8 
  79	2  27  26 
  81	6  34  21 
  81	2   4   1 
  81	2  19  18 
  83	2  19  18 
  83	2   1   6 
  85	2   1   6 
  87	2   1   6 
  87	2  23  15 
  85	2  19  18 
  87	2  33  31 
  83	6  11   5 
  89	6  21   9 
  89	6  30  12 
  95	2  24  14 
  95	2  11  29 
  97	6   2   0 
  97	2  26  13 
  97	2  11  29 
  99	2  33  31 
 103	2   0  12 
 105	2   0  12 
 107	2   0  12 
  99	2  22  10 
 101	2  11  29 
 103	2  29  34 
 103	2   9   2 
 105	2   9   2 
 107	2   9   2 
 105	2  32  27 
 107	2  29  34 
  99	6  20  14 
 101	6  25  24 
 109	2  33  31 
 111	2  26  13 
 113	2  26  13 
 115	2  32  27 
 115	2  14   2 
 109	6  16  10 
 115	2  22  16 
 115	6  24  18 
 117	2  29  34 
 117	2  10   4 
 119	2  32  27 
 119	2  23  15 
 121	6  31  30 
 121	2  33  34 
 121	2  22  16 
 123	2  33  34 
 121	2  14   2 
 123	2  22  17 
 123	2  19  13 
 125	2  19  13 
 125	2  27  16 
 115	6   6   0 
 123	6   3   1 
 127	2  25  20 
 127	2  33  34 
 127	2  22  17 
 129	6  28  27 
 129	2  14   2 
 131	2  19  13 
 129	2  10   4 
 131	2  10   4 
 133	2   5   4 
 133	2   2  14 
 129	6   6   0 
 135	6  18   6 
 135	2   5   4 
 137	2   5   4 
 135	2   2  14 
 137	2   2  14 
 139	2  14   2 
 135	2  31  27 
 137	2  31  27 
 139	2  31  27 
 133	6  23  16 
 141	6  27  25 
 147	2  28  23 
 147	2  25  24 
 141	2  14   2 
 143	2  14   2 
 149	2  18  31 
 145	2  16  15 
 149	2  22  17 
 145	6   5   3 
 145	6   6   1 
 151	2  10   5 
 151	2  27  20 
 153	2  28  23 
 155	2  28  22 
 157	2  28  22 
 153	2   9   1 
 155	2   9   1 
 157	2   9   1 
 159	2   7   9 
 159	2  28  22 
 151	2  18  31 
 153	2  18  31 
 155	2  31  18 
 157	2  25  24 
 159	2  25  24 
 155	6  17  11 
 161	6  30  18 
 161	2  10   5 
 167	2  31  30 
 163	2  27  17 
 165	2  10   5 
 167	2  16  20 
 161	2   8   1 
 163	2   8   1 
 165	2   8   1 
 167	2   1   3 
 169	6  22  20 
 169	2   7   9 
 171	2   7   9 
 173	2   1   3 
 169	2  31  30 
 175	2  18   7 
 175	2   9  15 
 165	6  34  33 
 171	6  33  31 
 177	6  29  27 
 183	2  16  22 
 177	2  18   7 
 179	2  18   7 
 181	2  18  31 
 185	2  16  22 
 183	2   8  26 
 185	2   8  26 
 187	6  27  20 
 187	2  18  31 
 187	2   9  15 
 189	2   9  15 
 191	2   2   9 
 187	2  29  17 
 189	2  29  17 
 189	2  18  31 
 191	2  23  29 
 191	2  31  30 
 187	6   6   0 
 191	6  11   5 
 193	2  23  29 
 193	2  31  30 
 195	2  23  29 
 195	2   8  26 
 197	6  28  10 
 197	2  31  30 
 199	2  31  30 
 201	2  31  30 
 203	6  21  19 
 209	2  34  28 
 209	2  15  21 
 211	2  15  21 
 211	2  34  28 
 203	2  31  30 
 209	2  25  26 
 211	2  25  26 
 203	2   1   3 
 205	6   4   1 
 211	2   4  10 
 211	2   1  13 
 203	6  23  17 
 213	2   4  10 
 213	2  34  28 
 215	2  22  23 
 217	2  22  23 
 213	2   1  13 
 215	2  20  12 
 217	2  25  26 
 215	2   2   9 
 217	2   4  10 
 217	2  14   7 
 219	2  20  12 
 219	2  22  23 
 219	2   2   9 
 221	6  22   8 
 227	6  24  20 
 227	2  22  16 
 227	2   2   8 
 229	2  22  16 
 229	2   2   8 
 231	2  22  16 
 231	2   2   8 
 233	6  25  12 
 239	2  14   7 
 239	2  26  18 
 241	2  26  18 
 233	2  17   4 
 233	2  34  28 
 235	2  17   4 
 235	2  34  28 
 237	2  34  28 
 239	2  16  29 
 241	2  14   7 
 241	2  16  29 
 243	6  29  11 
 249	2  17   4 
 243	2  26  18 
 251	2  16  11 
 245	2   1  13 
 245	2  24  25 
 253	2  15  21 
 247	6  32  25 
 247	6  12   1 
 253	2   1   3 
 253	6  25  12 
 259	2  12   6 
 255	2  21  22 
 259	2  24  20 
 249	6  34  29 
 261	2  24  20 
 261	2  12   6 
 255	6   5   4 
 255	6   9   8 
 261	6   4   2 
 263	2  21  22 
 265	2  21  22 
 263	2  12   6 
 263	2  34  32 
 265	2  34  32 
 265	6  19  13 
 267	2  28  21 
 267	2   1   3 
 271	2  12   8 
 269	2  34  32 
 271	2  33  32 
 269	2  16   4 
 271	2  28  21 
 273	6  26  19 
 273	2   1   3 
 275	2  15   7 
 279	2  26  34 
 277	2  16   4 
 281	2  26  34 
 283	2  33  32 
 279	2   2   6 
 283	2  24  20 
 281	2   2   6 
 283	2   2   6 
 279	6  11   4 
 285	6   6   2 
 285	2  16  11 
 285	2  33  32 
 285	2  25  24 
 285	2  14  20 
 287	2  25  24 
 287	2  14  20 
 289	2  14  20 
 287	2  16  10 
 289	2  16  10 
 289	2  25  24 
 287	6  32  27 
 291	2  15   7 
 293	2  15   7 
 295	2  28  21 
 291	2  24  19 
 293	2  24  19 
 295	2  12   8 
 295	2  16  10 
 293	6  32  31 
 299	2  26  34 
 297	2   7   1 
 299	2  12   8 
 297	6  23  11 
 301	2   7   1 
 301	2  15  20 
 301	6  31  18 
 303	2  29  34 
 305	2  29  34 
 307	2  29  34 
 309	2  29  23 
 303	2   7   1 
 303	2  15  20 
 307	2  18   6 
 311	2  29  23 
 305	2  15  20 
 309	2  18   6 
 307	2  14  26 
 313	2  29  23 
 309	2  14  26 
 311	2  14  26 
 313	2  26  32 
 311	2  18   6 
 313	2  12  18 
 303	6  11   3 
 309	2   2   3 
 311	2   2   3 
 313	2   2   3 
 313	6  15  11 
 315	2  26  32 
 315	2  24  19 
 319	2   2   4 
 317	2  12  18 
 317	2  26  32 
 319	2  27  15 
 319	2  12  18 
 315	6  29  23 
 321	6  32  21 
 321	2  11  17 
 323	2  11  17 
 321	2   8   3 
 325	2   2   4 
 327	6  14   3 
 327	2  11  17 
 329	2  23  17 
 331	2  23  17 
 327	6  34  33 
 321	6  18   6 
 333	6  22  19 
 339	2  25  19 
 333	2   2   4 
 339	2  21  29 
 341	2  31  18 
 341	2  23  17 
 341	2  27  15 
 343	6  34  21 
 343	2   5   3 
 343	2  25  19 
 345	2  31  18 
 345	2   5   3 
 347	2   5   3 
 347	2  31  18 
 349	6  12   6 
 349	2  32  31 
 351	2  32  31 
 353	2  32  31 
 349	2   3  11 
 355	2  25  19 
 349	2  34  29 
 351	2  34  29 
 351	2  21   9 
 353	2   8  14 
 355	2  21   9 
 351	6  17   5 
 355	6   6   1 
 357	2   8  14 
 359	2  27  15 
 357	2  19  18 
 359	2  19  18 
 357	6  11   4 
 361	2  22  15 
 361	2  19  18 
 363	2  22  15 
 363	2   3   4 
 361	2  33  27 
 363	2  33  27 
 363	6  25  12 
 365	2  21   9 
 367	2  22  15 
 369	2  12   6 
 371	2  12   6 
 367	2   3   4 
 373	2  12   6 
 367	2  33  27 
 369	2   5   4 
 369	2  17  22 
 371	2  17  22 
 373	2  17  22 
 371	2   5   4 
 373	2   5   4 
 369	2  20  24 
 371	2  20  24 
 373	2  20  24 
 369	6   8   1 
 375	6  28  16 
 375	2  25  32 
 375	2   7  14 
 377	2   7  14 
 379	2   7  14 
 377	2  25  32 
 381	2  12  20 
 383	2  12  20 
 381	2  16  11 
 385	2   7   6 
 383	2  16  11 
 385	2  25  32 
 385	2  16  11 
 375	6   3   2 
 387	6  33  31 
 387	2   7   6 
 389	2   8   9 
 391	2   8   9 
 389	2  12  20 
 391	2  12  20 
 387	6  23  11 
 393	6  19   1 
 399	2  24  31 
 401	2  30  19 
 393	2  16  15 
 403	2  30  19 
 399	2   8   9 
 401	2  16  15 
 393	2  28  33 
 403	2   1   9 
 395	2  28  33 
 397	2  28  33 
 399	6  34  27 
 399	6  29  23 
 405	6  32  24 
 405	2   7   6 
 407	2   1   9 
 409	2   1   9 
 405	2  29  34 
 407	2  29  34 
 411	2  21   3 
 411	2  32  31 
 411	6  24  18 
 413	2  32  31 
 413	2  21   3 
 415	2  21   3 
 417	6  22  21 
 417	2  29  34 
 417	2  30  19 
 419	2  19  26 
 419	2  34  33 
 421	2  34  33 
 417	2  10   3 
 419	2  10   3 
 417	2   1   7 
 419	2   8  14 
 421	2  19  26 
 421	2  10   3 
 423	2  19  26 
 421	2   8  14 
 419	2  30  24 
 423	2  28  29 
 421	2  30  24 
 423	2  16  15 
 423	2  30  24 
 423	2   1   7 
 425	6  30  24 
 425	2  32  27 
 427	2  12  20 
 425	2  10  23 
 427	2  22  17 
 429	2  32  27 
 431	2  34  33 
 431	2  31  30 
 433	2  31  30 
 429	2  10  23 
 435	2  31  30 
 429	2   8  14 
 431	2  11   8 
 433	2  11   8 
 433	2  28  29 
 435	2  12  20 
 435	2  22  17 
 435	6   8   3 
 441	2   1   7 
 437	2  32  27 
 439	2  31  32 
 441	2  31  32 
 439	2  22  17 
 441	2  10  23 
 439	6  20  18 
 443	2  11   3 
 445	2  15  20 
 445	2   4   3 
 447	2   4   3 
 449	2   4   3 
 447	2  15  20 
 443	2  31  32 
 449	2  15  20 
 443	2  28  29 
 445	2  28  34 
 447	2  28  34 
 449	2  28  34 
 445	6  24  12 
 451	6  17  10 
 451	2  30  33 
 453	2  30  33 
 455	2  30  33 
 457	2  32  34 
 459	2  29  17 
 461	2  29  17 
 451	2  12   8 
 453	2  12   8 
 455	2  12   8 
 457	2   8   1 
 459	2   8   1 
 461	2   8   1 
 457	6  21  19 
 463	6  26   8 
 463	2  29  17 
 465	6  23  11 
 469	2   8   9 
 469	2  19   6 
 469	2  32  34 
 471	6  14   2 
 471	2  32  34 
 471	6  22  16 
 477	2  15  16 
 477	2  19   6 
 473	6  34  32 
 471	6   5   4 
 477	6   8   3 
 479	2  19   6 
 481	2  19  24 
 479	2  22  21 
 481	2  22  21 
 481	2   6  12 
 483	6  31  20 
 483	2   6  12 
 483	2   2  10 
 489	2  25  14 
 485	2   6  12 
 491	6  13   1 
 491	2   3   9 
 491	2  22  21 
 493	2   3   9 
 493	2  22  21 
 495	2  22  21 
 495	2  11   9 
 479	6  34  29 
 491	6  32  30 
 497	2  25  14 
 499	2  25  14 
 501	2  32  28 
 501	2  19  24 
 501	2  15  16 
 503	2  31  25 
 503	2  22  21 
 497	2   4   3 
 499	2   4   3 
 501	2   4   3 
 503	2   2  10 
 503	6  14  13 
 505	2  32  28 
 507	2  31  25 
 505	2   2  10 
 507	2  22  23 
 507	6   3   1 
 509	2  31  25 
 511	2  31  33 
 513	2  32  28 
 509	2  13  18 
 509	2  15  16 
 511	2  13  18 
 513	2  19  24 
 513	2  11   9 
 513	6   6   1 
 515	2  31  33 
 517	2  15  25 
 519	6  17  14 
 525	2  22  23 
 525	2  11   9 
 519	2  31  33 
 527	2   1   2 
 521	2  31  32 
 527	2  16  17 
 525	2  13  18 
 527	2  14  18 
 529	2  22  23 
 529	2  14  18 
 531	2  29  23 
 523	2  31  32 
 529	2  11  10 
 531	2  13  12 
 529	2   1   2 
 525	2  31  32 
 531	2   1   2 
 531	2  11  10 
 531	6  31  24 
 533	2  21   9 
 533	2  13  12 
 535	2  21   9 
 535	2  13  12 
 533	2  29  23 
 535	2  29  23 
 527	6  34  33 
 537	6   4   3 
 537	2  14  18 
 539	2   1  14 
 541	2   1  14 
 537	2  16  17 
 543	2  21   9 
 543	6  12   1 
 545	2  11  10 
 547	2  16  17 
 545	2  34  28 
 549	2  22  17 
 551	2  34  28 
 553	2  34  28 
 549	2  12  14 
 551	2  15  25 
 553	2  15  25 
 555	6  16   9 
 555	2  31  33 
 557	2  31  33 
 559	2  31  33 
 555	6  20   7 
 547	6   5   4 
 561	6  25  24 
 561	2   3   7 
 561	2  16  15 
 563	2  16  15 
 565	2  16  15 
 561	2  27  20 
 563	2  27  20 
 565	2  27  20 
 563	2   3   7 
 565	2   3   7 
 555	6  29  23 
 567	2  28  16 
 569	2  15   9 
 571	2   1   3 
 567	2  26  20 
 569	2  26  20 
 571	2  26  20 
 569	2  22  17 
 571	2  22  17 
 567	6  24  12 
 573	6  11   4 
 573	2  31  18 
 573	2  15   9 
 575	2   8  19 
 577	2  13  26 
 579	2  21   7 
 581	6  14   2 
 581	2   6  12 
 583	2   6  12 
 585	2  31  18 
 579	6  17  11 
 581	6  27  22 
 587	6  12   0 
 587	2  14  20 
 589	2  14  20 
 591	2  14  20 
 593	2   6   0 
 593	2  15   9 
 587	2  17  22 
 589	2  17  22 
 593	2  31  18 
 595	2  28  16 
 597	2  28  16 
 595	2   8  19 
 597	2   8  19 
 595	6  32  30 
 599	2   8   4 
 599	2  17  22 
 601	6  22  17 
 601	2   8   4 
 603	2  13  26 
 605	2  13  26 
 603	6   2   0 
 607	2  19  33 
 607	2  10  17 
 609	6   3   2 
 609	2  10  17 
 611	2  10  17 
 609	2  19  33 
 609	2   6   0 
 611	2   6   0 
 613	2  11  10 
 613	2   6   0 
 611	2  19  33 
 613	2  20  19 
 613	2  27  33 
 615	6   2   0 
 615	2  32  22 
 615	2  24  18 
 617	2  32  22 
 617	2  24  18 
 619	2  24  18 
 619	2  32  22 
 621	6  30  18 
 621	2   1   0 
 621	2  22  29 
 623	2  22  29 
 625	2  22  29 
 621	2  11  10 
 621	2  27  33 
 623	2   8   4 
 625	2   3   4 
 625	2   1   0 
 623	2  27  33 
 625	6  26  14 
 627	2   3   4 
 629	2   3   4 
 631	6  15  13 
 631	2   4   2 
 633	2   4   2 
 635	2   4   2 
 631	2  26  34 
 637	2  11  10 
 633	2  26  34 
 635	2  26  34 
 637	2  14   8 
 637	2  34  22 
 637	2   0  18 
 637	6  32  31 
 639	2  21   7 
 641	2  21   7 
 643	2  25  21 
 643	2   7   1 
 639	6  34  29 
 645	6  23  22 
 645	2  14   8 
 645	2  31  30 
 651	2  15  22 
 647	2   0  18 
 649	2  31  30 
 649	2   7   1 
 651	2   0  18 
 645	6  27  26 
 651	6  34  32 
 657	2  31  30 
 653	2  20  19 
 653	2   7   1 
 655	2  20  19 
 653	2  15  22 
 655	2  15  22 
 657	2  18  19 
 655	2   1   6 
 657	2  14   8 
 657	2  28  22 
 657	2   1   6 
 639	6  11  10 
 659	2  29  23 
 661	2  29  23 
 659	2  25  21 
 659	2   0   3 
 661	2   0   3 
 661	2  25  21 
 663	6  29  17 
 663	2  32  21 
 663	2   0   3 
 665	2  14   9 
 667	2   8  15 
 663	2  18  19 
 665	2  33  25 
 667	2  33  25 
 669	6  19  12 
 675	2  18  12 
 677	2   0  12 
 669	2  28  22 
 671	2  34  29 
 679	2   0  12 
 669	2   8  15 
 673	2  34  29 
 675	2  34  29 
 671	2  32  21 
 673	2  32  21 
 675	2  16  20 
 677	2  28  22 
 679	2  33  25 
 677	2  14   9 
 679	2   8  15 
 677	6  17  11 
 681	2  22  27 
 681	2  14   9 
 681	2   0  12 
 681	6  31  30 
 683	2  16  20 
 685	2  16  20 
 683	2   1   6 
 683	6  34  29 
 687	2  14   6 
 687	2  31  32 
 687	6  10   3 
 689	2  31  32 
 689	2  22  27 
 691	2  22  27 
 689	2  14   6 
 691	2  14   6 
 691	2  31  32 
 687	6  24  18 
 693	6  20   9 
 693	2  12   6 
 695	2  12   6 
 697	2  12   6 
 693	2  29  17 
 699	2   4   1 
 699	2  20  25 
 699	6  33  22 
 701	2   4   1 
 703	2   4   1 
 701	2  20  25 
 705	2   6  12 
 705	2  29  17 
 707	2  29  17 
 709	2  16  28 
 707	2   6  12 
 709	2   6  12 
 703	2  20  25 
 705	2  14  20 
 707	2  14  20 
 709	2  14  20 
 711	6  21  13 
 711	2  17  11 
 713	2  17  11 
 715	2  17  11 
 705	6   3   2 
 711	6  34  29 
 717	6  26  14 
 723	2  33  31 
 725	2  33  31 
 717	2  12   6 
 719	2  12   6 
 727	2  33  31 
 717	2  22  10 
 719	2  22  10 
 721	2  22  10 
 723	2  22  10 
 725	2  22  10 
 723	2   7  14 
 727	2   9  11 
 729	2  16  28 
 725	2  12   6 
 729	2   7  14 
 731	2  21  29 
 733	2  21  29 
 727	6  18  12 
 733	2   2  12 
 729	6  32  30 
 735	6  31  25 
 735	2   2  12 
 735	2  21  29 
 737	2  15  29 
 739	2  16  28 
 739	2   2  12 
 741	6  34  32 
 747	2  34  32 
 749	2  34  32 
 741	2   7  14 
 741	2   3   2 
 751	2  34  32 
 743	2   8  14 
 745	2  23  21 
 745	2   3   2 
 747	2  23  21 
 743	2  12  24 
 747	2   3   2 
 745	2  13   7 
 747	2  13   7 
 749	2   8  14 
 751	2  23  21 
 749	2  12  24 
 753	2  16  21 
 755	2  16  21 
 751	2  13   7 
 753	2   8  14 
 753	2  12  24 
 755	2  24  13 
 749	6   4   3 
 753	6  29  23 
 757	2   3   8 
 757	2  31  32 
 757	2  12   0 
 757	2  16  21 
 759	6  11   4 
 759	2  15  23 
 759	2  12   0 
 759	2  31  32 
 761	2  12   0 
 761	2  15  23 
 761	2  31  32 
 763	2  14  27 
 763	6   6   1 
 765	2  11  23 
 765	2  14  27 
 767	2  21  33 
 767	2   9   4 
 763	6  25  18 
 767	6  29  17 
 769	2  21  33 
 769	2   3   8 
 769	2   6  18 
 771	2  24  13 
 771	2  21  33 
 771	2   9   4 
 773	6  17   4 
 773	2   6  18 
 775	2  24  13 
 777	2   6  18 
 773	2  29  34 
 777	2  14  27 
 779	6  35  34 
 779	2  14   9 
 779	2  11  23 
 781	2  22  10 
 783	2   3   8 
 779	2  12  24 
 781	2  12  24 
 783	2  12  24 
 785	2  18  12 
 783	2  27  32 
 785	2  27  32 
 783	2  11  23 
 785	2  29  35 
 785	2  14   9 
 787	6  19  15 
 787	2  27  32 
 787	2  29  35 
 789	2  23  29 
 791	2  23  29 
 787	6   4   3 
 789	6  33  27 
 793	2  16  11 
 793	2  19  30 
 793	2  23  29 
 793	6   3   2 
 795	2  19  30 
 797	2  19  30 
 799	2   7   2 
 795	2  35  17 
 797	2  35  17 
 799	2  16  11 
 801	2  16  11 
 799	2  18  12 
 803	2  16  21 
 801	2   7   2 
 803	2   7   2 
 801	2  18  12 
 799	6  31  25 
 799	6  33  29 
 805	6   4   3 
 805	2  32  33 
 805	2   7  19 
 805	2  16  21 
 807	2  35  17 
 809	2  32  33 
 807	2   7  19 
 809	2   7  19 
 811	2  32  33 
 809	2  16  21 
 811	2   8  20 
 811	6  17   4 
 817	2  14   9 
 819	2   9   4 
 821	2   9   4 
 823	2   8  20 
 825	2   9   4 
 827	2   8  20 
 817	2  28  17 
 819	2  28  17 
 821	2  28  17 
 811	6  30  24 
 823	6  35  23 
 811	6  12   0 
 817	6  24  12 
 823	6  31  24 
 823	6  12   0 
 829	6  33  31 
 829	2  22  20 
 831	2  22  20 
 833	2  22  20 
 829	2   0   3 
 831	2   0   3 
 833	2   0   3 
 835	6  15  10 
 841	2   8  14 
 835	2  33  28 
 837	2  33  28 
 841	2  23  11 
 843	6  23  17 
 843	2  15  13 
 843	2  33  28 
 845	2  15  13 
 845	2  35  33 
 847	2  35  33 
 847	2  15  13 
 835	6  25  24 
 835	6   1   0 
 843	6   2   1 
 849	6   6   1 
 849	2   3  15 
 849	2  35  33 
 849	2  17  11 
 851	2  17  11 
 851	2  35  33 
 853	2  35  33 
 851	2   3  15 
 849	2  13  19 
 851	2  13  19 
 853	2   8  14 
 853	6  21  16 
 855	2   6  24 
 855	2  35  33 
 857	2  13  19 
 859	2   6  24 
 859	2   3  15 
 859	6  17  11 
 865	2  16  15 
 861	2   4   3 
 867	2  16  15 
 863	2   4   3 
 861	2   6  24 
 869	2   8  14 
 863	2  30  24 
 865	2   4   3 
 865	2  30  24 
 867	2  30  24 
 863	6  28  26 
 869	2  28  23 
 863	6  12   0 
 869	6  26  19 
 871	2  16  15 
 875	2  26  22 
 877	2  26  22 
 879	2  28  23 
 879	2  20  24 
 871	6   7   2 
 881	6  15   9 
 881	2  19   7 
 883	2  19   7 
 881	2  28  23 
 883	2  29  28 
 885	2  19   7 
 887	2   6  19 
 889	2   0   7 
 885	2  29  28 
 887	2  29  28 
 891	2   0   7 
 889	2  21  25 
 891	2  21  25 
 887	6   3   2 
 889	6  23  17 
 893	2  21  25 
 893	2  13   8 
 895	6  17   3 
 895	2   6  19 
 897	2   0   7 
 897	2  20  24 
 899	2   6  19 
 895	6  33  28 
 901	6  35  32 
 901	2   1   3 
 903	2  13   8 
 905	2   7   9 
 907	6  24  12 
 907	2  27  17 
 909	2  27  17 
 907	2   1   3 
 911	2  27  17 
 909	2   1   3 
 911	6   3   1 
 913	2  29  17 
 913	2  20  12 
 915	2  27  31 
 915	6  35  23 
 917	2  14  32 
 921	2  26  22 
 919	2   7   9 
 921	2  13   8 
 923	2  15  23 
 921	6  11   4 
 925	2  27  31 
 927	2   3   4 
 929	2   2   8 
 927	2  29  17 
 929	2  29  17 
 923	6  18   6 
 929	2  20  18 
 927	6  33  31 
 931	2  20  18 
 933	2  17  21 
 935	2  20  18 
 935	2  29  16 
 931	2   3   4 
 933	2   3   4 
 931	2   6   1 
 933	2   6   1 
 935	2   6   1 
 933	6  31  30 
 937	2  12   6 
 937	2  27  33 
 937	2  15  23 
 939	6  32  20 
 939	2   2   8 
 941	2   7   9 
 939	2  24  30 
 945	2  17  21 
 941	2  24  30 
 943	2   2   8 
 947	2  17  21 
 943	2  24  30 
 943	2  12   6 
 945	2  25  13 
 947	2  12   6 
 947	2  24  30 
 947	2   9   8 
 939	6  35  34 
 949	6  10   4 
 949	2  12   7 
 949	2  34  31 
 951	2  25  13 
 953	2  25  13 
 951	2  33  27 
 953	2  33  27 
 949	6  23  17 
 951	6   2   0 
 957	2   6   0 
 955	2  33  27 
 955	2  15  17 
 957	2  34  31 
 957	2  11  17 
 959	2  34  31 
 957	2  14  20 
 959	2   6   0 
 959	2  11  17 
 961	2  24  30 
 961	2  11  17 
 959	2  14  20 
 961	2  13  14 
 961	2  32  33 
 961	2   6   0 
 957	6   9   2 
 963	6  30  24 
 963	2  32  33 
 963	2  22   9 
 965	2  22   9 
 969	2  30  24 
 967	2  22   9 
 965	2  32  33 
 969	2  29  16 
 969	2  13  14 
 971	6  21  10 
 977	2  29  16 
 979	2  10  16 
 971	2  12   7 
 981	2  10  16 
 973	2  12   7 
 975	2   2   8 
 983	2  10  16 
 977	2  13  14 
 979	2   2   8 
 975	6  24  18 
 967	6  33  32 
 979	6  28  20 
 981	6   2   0 
 985	2  21  31 
 985	6  34  29 
 987	2  21  31 
 989	2  21  31 
 991	6  19   9 
 997	2  21  27 
 997	2  24  31 
 999	2  18  19 
 997	2   3   9 
 999	2  21  27 
 999	2   3   9 
 987	6   6   1 
 991	6  29  23 
1001	6  26  12 
1001	2   2  10 
1007	2  18  19 
1003	2   2  10 
1007	2  23  15 
1009	6  33  30 
1009	2  23  15 
1011	2  23  15 
1013	2   3   9 
1013	2  22  23 
1009	6  12   1 
1013	6  20  14 
1015	2  22  23 
1017	2  22  23 
1019	2  21  27 
1015	2   2  10 
1015	2  24  31 
1017	2  24  31 
1017	2   1   3 
1019	2  18  19 
1019	2   9  17 
1021	2  29  33 
1021	2  14   6 
1021	6  30  24 
1023	2  14   6 
1023	2  29  33 
1025	2  29  33 
1025	2  14   6 
1027	2  16  26 
1029	6  29  11 
1029	2  30  32 
1031	2  30  32 
1033	2  30  32 
1029	2  14  15 
1031	2  14  15 
1033	2  14  15 
1027	6  18  12 
1021	6   3   2 
1035	2  33  20 
1027	2   1   2 
1037	2  16  26 
1039	2  16  26 
1041	2  28  29 
1029	2   1   2 
1031	2   2   0 
1033	2   2   0 
1035	2   2   0 
1043	2  28  29 
1037	2   2   3 
1041	2  19  31 
1043	2  19  31 
1039	2   2   3 
1041	2   9  17 
1043	2   9  17 
1041	6   6   1 
1045	2  28  29 
1045	2  17  11 
1045	2  19  31 
1047	6  23   9 
1047	6  33  25 
1053	6  26  19 
1053	2  15   7 
1053	2  33  34 
1055	2  33  34 
1055	2   9   1 
1057	2  33  34 
1053	2  17  11 
1055	2  17  11 
1057	2  15   7 
1057	6  11   4 
1059	2  28  21 
1061	2  28  21 
1059	2  13  14 
1061	2   6  24 
1063	2  23  33 
1063	2  25  20 
1065	2  29  27 
1063	2   9   1 
1067	2  23  33 
1065	2   9   1 
1067	2   4   9 
1067	2  13  14 
1069	6  12   1 
1069	2  25  20 
1069	2   4   9 
1075	2   6  24 
1077	2   6  24 
1079	2  25  24 
1081	2  25  24 
1079	2  13  14 
1075	2   2   3 
1071	2  29  27 
1071	2  10  17 
1083	2  25  24 
1073	2  29  27 
1073	2  10  17 
1085	2  31  20 
1075	2  10  17 
1077	2   4   9 
1079	6   3   0 
1077	6  34  23 
1087	2  15   7 
1083	2  34  33 
1087	2  33  26 
1083	6  23  17 
1087	6  19  18 
1093	2  18  12 
1089	2   7   1 
1091	2   7   1 
1089	2  32  34 
1093	2   7   1 
1091	2  15  29 
1093	2  31  20 
1095	6  22   8 
1095	2  33  26 
1101	2  28  21 
1103	2  21  16 
1105	2  21  16 
1103	2  32  34 
1107	2  17  22 
1105	2  32  34 
1109	2  17  22 
1107	2  34  32 
1095	2  18  12 
1097	2  18  12 
1101	2  19   8 
1103	2  19   8 
1109	2  31  20 
1111	6  27  15 
1105	6   6   2 
1111	6  31  30 
1117	6  25  18 
1117	2  14   3 
1117	2  17  22 
1119	2  14   3 
1123	2  33  26 
1119	2  22  28 
1121	2  15   2 
1123	2  15   2 
1119	6  17  11 
1123	6  18   6 
1125	2  27  29 
1125	2  14   3 
1127	2  15   2 
1129	2  21  16 
1127	2  34  32 
1129	2  34  32 
1131	2  10  15 
1131	2  22  28 
1133	2  27  29 
1135	2  22  28 
1133	2   3   4 
1137	2  22  23 
1129	2   7   6 
1139	2  22  23 
1131	2   7   6 
1133	2   7   6 
1131	2  18  30 
1137	2  27  33 
1135	2  19   8 
1137	2  10  15 
1139	2  27  33 
1141	2  27  33 
1139	2   9   1 
1137	2  18  30 
1141	2   9   1 
1141	2  22  23 
1139	2  18  30 
1143	2   8  11 
1145	6  12   7 
1145	2  20  14 
1147	2  10  15 
1149	2   3   4 
1147	2  23  27 
1149	2  20  14 
1151	2   3   4 
1151	2  20  14 
1141	6  30  24 
1147	6  30  25 
1149	6  33  29 
1153	2   9   1 
1153	2  13  19 
1155	6   6   1 
1155	2  21  25 
1157	2  21  25 
1159	2  21  25 
1155	2   3  10 
1157	2   3  10 
1159	2   3  10 
1161	2  20   9 
1163	6  16   2 
1163	2  33  30 
1165	2  33  30 
1163	2  13  19 
1165	2  13  19 
1169	2  15  14 
1169	2  18   6 
1169	2  23  27 
1169	6  10   3 
1171	2  23  27 
1171	2  19  31 
1173	2  19  31 
1173	6  28  21 
1179	2   8  11 
1181	2  20   9 
1175	6  18  12 
1183	2  33  30 
1181	2  12   6 
1185	2  34  33 
1183	2   8  11 
1185	2  19  31 
1185	2  11  16 
1185	2   7   8 
1187	6  21  18 
1187	2   7   8 
1189	2   7   8 
1193	2  28  21 
1187	2  31  32 
1193	2  12   6 
1193	2  19  25 
1195	6  26  24 
1201	2  31  32 
1195	2  13   2 
1197	2  13   2 
1199	2  13   2 
1201	2  20   9 
1203	6  22  11 
1209	2  22  16 
1211	2  15  14 
1203	2  31  32 
1209	2  27  32 
1211	2  27  32 
1203	2  18   0 
1213	2  22  16 
1213	2  27  32 
1215	2  34  33 
1215	2  22  29 
1217	2  22  29 
1205	2  18   0 
1217	2  34  33 
1219	2  28  21 
1221	2  22  29 
1207	2   7   2 
1209	2   7   2 
1207	2  19  25 
1209	2  19  25 
1211	2  18   0 
1213	2  18  24 
1213	2   7   2 
1215	2   2   9 
1217	2   2   9 
1223	2  28  21 
1215	2  18  24 
1217	2  18  24 
1225	2  28  23 
1225	2  15  14 
1219	2   6  24 
1221	2   6  24 
1223	2   6  24 
1225	2  12  18 
1219	6  11   4 
1225	2   1   4 
1225	6  30  25 
1227	2  22  21 
1227	2  12  18 
1229	2  15  10 
1231	2  19  20 
1229	2  28  23 
1231	2  15  10 
1231	2  29  34 
1227	6   3   2 
1227	6   7   0 
1231	6  31  24 
1233	2  19  20 
1233	2  29  34 
1235	2  29  34 
1237	2  28  23 
1239	2  22  21 
1241	2  22  21 
1233	2   1   4 
1235	2   1   4 
1237	2   7  25 
1239	2   7  25 
1241	2   7  25 
1239	6  17  11 
1243	2  22  27 
1243	2   1   8 
1245	2  16  13 
1243	6  31  30 
1247	2   1   8 
1247	2  19  20 
1247	2  22  27 
1249	2  16  13 
1251	2  16  13 
1253	6  28  26 
1253	2  15  10 
1255	2   1   8 
1259	2  17  28 
1253	2  12  18 
1257	2  13   2 
1261	2  17  28 
1259	2  13   2 
1261	2   3   9 
1261	2  26  20 
1261	6  18   7 
1263	2  22  27 
1267	2  12  15 
1269	6   8   6 
1269	2  26  20 
1269	2  17  28 
1271	2  26  20 
1271	2   4  17 
1273	2   4  17 
1273	2  26  20 
1271	2  33  28 
1273	2  33  28 
1259	6  31  30 
1269	6  24  18 
1275	2  33  28 
1275	2   4  17 
1275	2   7   1 
1275	2  24  30 
1277	2  13   2 
1277	2  17  29 
1277	2  24  30 
1279	6  21  16 
1285	2  17  29 
1285	2  25  21 
1279	2   7   1 
1281	2   6  13 
1283	2   6  13 
1285	2   6  13 
1281	6   9   8 
1287	2  34  28 
1287	2   9  10 
1287	2   0  18 
1289	6  14   8 
1289	2   0  18 
1291	2   0  18 
1289	2  17  29 
1293	2  24  30 
1291	2   4  16 
1293	2   4  16 
1295	2  14  24 
1291	2  34  28 
1297	2  26  20 
1297	2   4  16 
1299	2  26  20 
1293	2  34  28 
1297	2  31  30 
1297	2   2   8 
1295	2  34  29 
1297	2  34  29 
1299	2  31  30 
1299	2  34  29 
1299	2   2   8 
1299	6  17   4 
1301	2  14  24 
1303	2  31  30 
1303	2   2   8 
1303	6  19  12 
1305	2   9  10 
1307	2   9  10 
1305	2   7   1 
1301	6  33  28 
1309	2  16  13 
1311	6   8   6 
1311	2  25  21 
1317	2  14  24 
1313	6  27  22 
1319	6  23  17 
1319	2  19  15 
1321	2  14   8 
1323	2  25  21 
1325	2  28  21 
1325	2  14   8 
1327	2  28  21 
1321	2  12   0 
1327	2  14   8 
1323	2  12   0 
1325	2  32  25 
1325	2  12   0 
1327	2  32  25 
1327	2   0   6 
1317	6   4   3 
1329	2  28  21 
1325	2  17   4 
1327	2  17   4 
1329	2  17   4 
1329	2   0   6 
1331	2   0   6 
1329	2  32  25 
1331	2  20  14 
1333	2  16  13 
1335	2  23  28 
1331	2  31  32 
1333	2  31  32 
1335	2  31  32 
1335	2  19  15 
1331	6   3   2 
1337	6  33  22 
1337	2  20  14 
1343	2  27  25 
1337	2   1   2 
1337	2  10   4 
1339	2   1   2 
1341	2   1   2 
1339	2  10   4 
1345	2  16  13 
1347	6  34  23 
1347	2  12  24 
1349	2  12  24 
1351	2  19  30 
1347	2  10   4 
1353	2  20  14 
1353	2  12  24 
1353	2  34  28 
1347	6   1   0 
1349	6   4   3 
1355	6   8   7 
1355	2  19  30 
1355	2  22   4 
1357	2  27  25 
1359	2  19  30 
1359	2  21  15 
1359	2  34  28 
1357	6  17   4 
1361	2   0  12 
1361	2  21  15 
1361	6  33  25 
1363	2   8   4 
1365	2  23   9 
1367	2  27  33 
1363	2   0  12 
1367	2  23   9 
1367	2  18  25 
1369	6  14   1 
1375	2  21  15 
1369	2  32  33 
1377	2  10  15 
1369	2  18  25 
1371	2  18  25 
1371	2  32  33 
1373	2  32  33 
1375	2  13  25 
1377	2   0  12 
1377	2  27  26 
1369	6  23  17 
1379	2  21  14 
1381	6  19  13 
1381	2  27  26 
1381	2  10  15 
1381	2  22  23 
1383	2  22  23 
1383	2  27  26 
1383	2  10  15 
1385	2  17   9 
1387	6  10   7 
1377	6  31  24 
1385	6  33  30 
1387	6  29  23 
1393	6  34  16 
1399	2  21  14 
1393	2  19  25 
1395	2  19  25 
1399	2  10  16 
1399	2  34  33 
1393	6   2   1 
1393	6  12   6 
1401	2  23  22 
1399	2  24  12 
1403	2  23  22 
1405	2  10  16 
1407	2  23  22 
1401	2  13   1 
1403	2  24  12 
1409	2  10  16 
1405	2  13   1 
1407	2  24  12 
1401	2  34  33 
1409	2  21  14 
1403	2  34  33 
1409	6  25  18 
1411	2   8   4 
1413	2   8   4 
1405	6  33  32 
1411	2  33  22 
1413	2  33  22 
1415	6  15  10 
1421	2   9  27 
1409	6   6   0 
1415	6  18   6 
1423	6   4   3 
1423	2   8  14 
1425	2   8  14 
1423	2  33  22 
1427	2  26  12 
1429	2  26  12 
1429	2   4   3 
1431	2  10  16 
1431	2  26  12 
1425	6  34  29 
1433	6  17  11 
1433	2  13   1 
1433	2  34  31 
1433	2   4   3 
1435	2   4   3 
1435	2  28  25 
1437	2  34  31 
1439	2   9  27 
1441	6   3   2 
1441	2  13   7 
1443	2  13   7 
1441	2  34  31 
1447	2   0   2 
1441	2  10  16 
1443	2  15  20 
1449	2   0   2 
1443	2  23  34 
1445	2  28  25 
1451	2   6   1 
1451	2   8  14 
1447	2  28  25 
1449	2  18  25 
1451	2  32  24 
1449	2  21  28 
1451	2  21  28 
1449	2  10  16 
1451	6  17   4 
1453	2  19  30 
1453	2  21  28 
1453	2   6   1 
1457	2  29  17 
1455	2  18  25 
1455	2   6   1 
1459	2   3  11 
1457	2  15  20 
1457	2   1   6 
1457	2  32  24 
1459	2  19  30 
1459	2   1   6 
1459	6  34  22 
1461	2  19  30 
1465	2  21  14 
1461	2   3  11 
1463	2  18  25 
1461	2   1   6 
1463	2   3  11 
1467	2  15  20 
1465	2  32  24 
1465	2  29  17 
1467	2  23  22 
1465	2   0   2 
1469	2  29  17 
1467	2  13   7 
1469	2   7  18 
1471	6  32  24 
1471	2  23  22 
1477	2   9  27 
1479	6  23  10 
1479	2   7  18 
1481	2  21  14 
1485	2  12  15 
1479	6  34  32 
1487	2  21  14 
1485	2  31  32 
1487	2  31  32 
1485	2  34  29 
1487	2   9  10 
1487	2  34  29 
1489	6  14   6 
1489	2  22  16 
1491	2  22  16 
1493	2  22  16 
1489	2  34  29 
1489	2  31  32 
1495	2  12  15 
1491	6  32  31 
1497	6  30  19 
1497	2   9  10 
1499	2   3   2 
1501	2   3   2 
1497	6   6   0 
1497	6  33  23 
1503	6  26  22 
1503	2   9  10 
1505	2   3   2 
1503	2  30  24 
1505	2  30  24 
1507	2  30  24 
1503	6  13   7 
1505	6  11  10 
1509	2  22  28 
1509	2  13  18 
1509	6  30  26 
1511	2   9   6 
1511	2  22  28 
1515	2  12  15 
1517	6  29  22 
1517	2  18  30 
1519	2  33  25 
1521	2  33  25 
1517	6  17  11 
1517	6   7   2 
1523	6  10   8 
1523	2  29  28 
1525	2  28  32 
1527	2  28  32 
1529	6  22  10 
1529	2  33  25 
1535	2   9   6 
1535	2  22  23 
1537	6   8   7 
1537	2   3  10 
1537	2  18  30 
1539	2  18  30 
1539	2   3  10 
1541	2   3  10 
1537	2  22  23 
1539	2  22  23 
1541	2  29  23 
1543	2  29  23 
1545	2  29  23 
1537	2  20  27 
1539	2  20  27 
1541	2  20  27 
1543	2   7  19 
1545	2   7  19 
1543	2  15  21 
1545	2  15  21 
1543	6  11   3 
1547	2  15  21 
1547	2   7  19 
1549	6  15   8 
1549	2  31  19 
1551	2  31  19 
1553	2  31  19 
1543	6  34  33 
1549	6  29  17 
1555	2  28  32 
1555	2   7   0 
1555	2   3   2 
1557	6   3   1 
1557	2  34  22 
1559	2  16  14 
1561	2  16  14 
1559	6  33  26 
1563	2   1   2 
1565	2  33  29 
1567	2  33  29 
1565	2   1   2 
1569	2  33  29 
1563	2  16  14 
1565	2  20  25 
1567	2   9   6 
1571	2  34  22 
1569	2   2   3 
1573	2  34  22 
1569	2  20  25 
1571	2  20  25 
1571	2   2   3 
1573	2   2   3 
1569	2   7   0 
1571	2   7   0 
1573	2  26  13 
1575	2  12   1 
1575	2  15  27 
1577	2  26  13 
1579	2  15  27 
1581	2  15  27 
1579	2  12   1 
1581	2  12   1 
1583	2  26  13 
