   1	2  15   7 
   3	2  10  15 
   5	2   7  10 
   7	2   7  15 
   9	2  10  15 
  11	2   7  10 
  13	2  15   7 
  15	2   5   6 
  15	6  15  13 
  21	2  13   5 
  23	6   9   6 
  29	2   9  13 
  29	6  15   7 
  31	2   9   5 
  35	2  13   5 
  37	2   9  13 
  37	6  11   6 
  43	2  13  15 
  43	6   3   1 
  45	2  10  13 
  47	2  15  10 
  49	2  15  13 
  49	6   6   4 
  55	2  10  13 
  57	2  15  10 
  59	2   5   9 
  61	2  13  15 
  63	2   5   9 
  65	2  13   5 
  67	2   9  13 
  69	2   9   5 
  71	2  13   5 
  73	2   9  13 
  75	2   5   9 
  77	2   9   6 
  79	2   4   9 
  81	2   6   4 
  83	2   6   9 
  85	2   4   9 
  87	2   6   4 
  89	2  13   5 
  91	2   9   6 
  93	2   9  13 
  95	2   5   9 
  97	2   5  13 
  99	2   9  13 
 101	2   5   9 
 103	2   9   6 
 105	2   4   9 
 107	2   6   4 
 109	2   6   9 
 111	2   4   9 
 113	2   6   4 
 115	2  13   5 
 117	2  13   5 
 119	2   9   6 
 121	2   9  13 
 123	2   5   9 
 125	2   5  13 
 127	2   9  13 
 129	2   5   9 
 131	2  13   5 
 133	2   6   5 
 133	2   8  13 
 135	2   1   6 
 135	6  13   9 
 141	2   5   1 
 141	6  14  12 
 143	2   5   6 
 145	2   1   6 
 147	2   5   1 
 149	2   6   5 
 151	2   6   5 
 153	2  10   6 
 155	2   5  10 
 157	2   5   6 
 159	2  10   6 
 161	2   5  10 
 163	2  10   8 
 165	2   9  10 
 167	2   9   8 
 169	2  10   8 
 171	2   9  10 
 173	2   8   9 
 175	2   8   9 
 177	2   4   8 
 177	6  11  10 
 183	2   9   4 
 185	2   9   8 
 187	2   4   8 
 189	2   9   4 
 191	2   8   9 
 193	2  13   8 
 193	2   6   5 
 195	2  12  13 
 195	6   6   4 
 201	2   8  12 
 203	2   8  13 
 205	2  12  13 
 207	2   8  12 
 209	2  14   9 
 211	2  13   8 
 213	2  13  14 
 215	2   9  13 
 217	2   9  14 
 219	2  13  14 
 221	2   9  13 
 223	2  13   8 
 225	2  12  13 
 227	2   8  12 
 229	2   8  13 
 231	2  12  13 
 233	2   8  12 
 235	2  14   9 
 237	2  14   9 
 239	2  13   8 
 241	2  13  14 
 243	2   9  13 
 245	2   9  14 
 247	2  13  14 
 249	2   9  13 
 251	2  14   9 
 253	2  10  14 
 255	2   6  10 
 255	6  13  12 
 257	6   5   4 
 263	2  14   6 
 265	2  14  10 
 267	2   6  10 
 269	2  14   6 
 271	2  10  14 
 273	2  10  14 
 275	2  13  10 
 277	2  14  13 
 277	6   6   5 
 283	2  14  10 
 285	2  13  10 
 287	2  14  13 
 289	2  10  14 
 291	2   8   9 
 293	2  14   6 
 295	6  10   8 
 301	2  12   8 
 301	6  14  10 
 307	2  13  12 
 309	2   8  13 
 311	2   8  12 
 313	2  13  12 
 315	2   8  13 
 317	2  12   8 
 319	2  12  14 
 321	2   9  12 
 323	2   9  14 
 325	2  12  14 
 327	2   9  12 
 329	2  12   8 
 331	2  13  12 
 333	2   8  13 
 335	2   8  12 
 337	2  13  12 
 339	2   8  13 
 341	2  14   9 
 343	2  14   9 
 345	2  12   8 
 347	2  12  14 
 349	2   9  12 
 351	2   9  14 
 353	2  12  14 
 355	2   9  12 
 357	2  12   8 
 357	6  14  10 
 363	2  13  12 
 363	6   6   4 
 369	2   8  13 
 371	2   8  12 
 373	2  13  12 
 375	2   8  13 
 377	2  12   8 
 379	2  12  14 
 381	2   4  12 
 383	2  10   9 
 385	2   9   6 
 387	6   9   4 
 393	2   9  14 
 395	2  12  14 
 395	6   5   4 
 397	6  14  10 
 403	2   9  12 
 405	2  10   9 
 407	2  10   5 
 407	6  13  12 
 409	2   6  10 
 411	2   6   5 
 413	2  10   5 
 415	2   6  10 
 417	2  10   9 
 419	2  13  10 
 421	2   9  13 
 423	2   9  10 
 425	2  13  10 
 427	2   9  13 
 429	2  13   8 
 429	2   5   6 
 431	2  12  13 
 431	2   5   6 
 433	2   8  12 
 435	2   8  13 
 437	2  12  13 
 439	2   8  12 
 441	2  10   9 
 443	2  10   9 
 445	2  13   8 
 447	2  13  10 
 449	2   9  13 
 451	2   9  10 
 453	2  13  10 
 455	2   9  13 
 457	2  10   9 
 459	2  10   5 
 461	2   6  10 
 463	2   6   5 
 465	2  10   5 
 467	2   6  10 
 469	2  10   9 
 471	2  13  10 
 473	2   9  13 
 475	2   9  10 
 477	2  13  10 
 479	2   9  13 
 481	2  13   8 
 481	2   5   6 
 483	2  12  13 
 483	6  10   5 
 485	2   8  12 
 489	2   8  13 
 489	6  15   7 
 491	2  12  13 
 493	2   8  12 
 495	2  10  14 
 497	2  13   8 
 499	2  13  10 
 501	2  14  13 
 503	2  14  10 
 505	2  13  10 
 507	2  14  13 
 509	2   5   9 
 511	2   9   6 
 513	2  10  14 
 515	2  10   9 
 517	2   6  10 
 519	2   6   9 
 521	2  10   9 
 523	2   6  10 
 525	2  10  14 
 527	2  13  10 
 529	2  14  13 
 529	6   7   5 
 535	2  14  10 
 537	2  13  10 
 539	2  14  13 
 541	2  13   8 
 543	2  12  13 
 545	2   8  12 
 545	2  10  14 
 547	2   8  13 
 549	2  12  13 
 551	2   8  12 
 551	2  10  14 
 553	2  13   8 
 555	2  13  10 
 557	2  14  13 
 559	2  14  10 
 561	2  13  10 
 563	2  14  13 
 565	2   9   6 
 567	2   9   6 
 569	2  10  14 
 571	2  10   9 
 573	2   6  10 
 575	2   6   9 
 577	2  10   9 
 579	2   6  10 
 581	2  10  14 
 583	2  13  10 
 585	2  14  13 
 587	2  14  10 
 589	2  13  10 
 591	2  14  13 
 593	2  10  14 
 595	2  13  14 
 597	2  12  13 
 599	2  14  12 
 601	2  14  13 
 603	2  12  13 
 605	2  14  12 
 607	2   9   6 
 609	2  10   9 
 611	2  13  14 
 611	2   7   6 
 613	2  13  10 
 615	2   9  13 
 617	2   9  10 
 619	2  13  10 
 621	2   9  13 
 623	2  10   9 
 625	2  10   7 
 627	2   6  10 
 629	2   6   7 
 631	2  10   7 
 633	2   6  10 
 635	2  10   9 
 637	2  13  10 
 639	2   9  13 
 639	2   7   6 
 641	2   9  10 
 643	2  13  10 
 645	2   9  13 
 645	2   7   6 
 647	2  13  14 
 649	2  12  13 
 651	2  14  12 
 653	2  14  13 
 655	2  12  13 
 657	2  14  12 
 659	2  10   9 
 661	2  10   9 
 663	2  13  14 
 665	2  13  10 
 667	2   9  13 
 669	2   9  10 
 671	2  13  10 
 673	2   9  13 
 675	2  10   9 
 677	2  10   7 
 679	2   6  10 
 681	2   6   7 
 683	2  10   7 
 685	2   6  10 
 687	2  10   9 
 689	2  13  10 
 691	2   9  13 
 691	2   7   6 
 693	2   9  10 
 695	2  13  10 
 697	2   9  13 
 699	2  10   9 
 701	2  13   9 
 703	2  12  13 
 703	2   5   7 
 705	2   9  12 
 705	6  15   7 
 707	2   9  13 
 709	2  12  13 
 711	2   9  12 
 711	6  15  14 
 717	2  13   9 
 719	2  13   5 
 721	2  14  13 
 723	2  10   6 
 725	6  10   5 
 731	2  14  10 
 733	2  13  10 
 735	2  14  13 
 735	6   7   5 
 741	2  10  14 
 743	2  10   7 
 745	2   6  10 
 747	2   6   7 
 749	2  10   7 
 751	2   6  10 
 753	2  10  14 
 755	2  13  10 
 757	2  14  13 
 757	2   7   6 
 759	2  14  10 
 761	2  13  10 
 763	2  14  13 
 763	2   7   6 
 765	2  13   9 
 767	2  12  13 
 769	2   9  12 
 771	2   9  13 
 773	2  12  13 
 775	2   9  12 
 777	2  10  14 
 777	6  12   8 
 779	2  10  14 
 783	2  13   9 
 785	2  13  10 
 785	6   8   4 
 787	2  14  13 
 789	2  14  10 
 791	2  13  10 
 793	2  14  13 
 795	2  10  14 
 797	2  10   7 
 799	2   6  10 
 801	2   6   7 
 801	6  14   9 
 807	2  10   7 
 809	2   6  10 
 811	2  10   9 
 813	2  13  10 
 815	2   9  13 
 815	2   7   6 
 817	2   9  10 
 819	2  13  10 
 821	2   9  13 
 821	2   7  15 
 823	2  10   9 
 823	6   7   2 
 825	2  12   9 
 827	2   8  12 
 829	2   9   8 
 829	6   2   0 
 831	2   9  12 
 833	2   8  12 
 825	6  15  14 
 835	2   9   8 
 837	2   8   0 
 837	6  14   6 
 843	2  12   9 
 845	2   9  10 
 847	2  14  13 
 847	6   6   4 
 853	2   4   8 
 855	2   4   0 
 857	2   8   0 
 859	2   4   8 
 861	2   0   4 
 863	6   5   0 
 869	2   5   9 
 871	2  10   5 
 873	2  10   9 
 875	2   5   9 
 877	2  10   5 
 879	2   9  10 
 881	2   9  14 
 883	2  13   9 
 885	2  13  14 
 887	2   9  14 
 889	2  13   9 
 891	2   9  10 
 893	2   5   9 
 895	2  10   5 
 897	2  10   9 
 899	2   5   9 
 901	2  10   5 
 903	2   5   4 
 903	2  14  13 
 905	2   8   5 
 905	2  14  13 
 907	2   4   8 
 909	2   4   5 
 911	2   8   5 
 913	2   4   8 
 915	2   9  10 
 917	2   9  10 
 919	2   5   4 
 921	2   5   9 
 923	2  10   5 
 925	2  10   9 
 927	2   5   9 
 929	2  10   5 
 931	2   9  10 
 933	2   9  14 
 935	2  13   9 
 937	2  13  14 
 937	6   8   4 
 943	2   9  14 
 945	2  13   9 
 947	2  14  13 
 949	2  13   8 
 951	2  15  14 
 951	6  12   4 
 957	2  12  13 
 959	2   8  12 
 961	2   8  13 
 963	2  12  13 
 965	2   8  12 
 967	2  13   8 
 969	2  13  15 
 971	2  14  13 
 973	2  14  15 
 975	2  13  15 
 977	2  14  13 
 979	2  13   8 
 981	2  12  13 
 983	2   8  12 
 983	2  15  14 
 985	2   8  13 
 987	2  12  13 
 989	2   8  12 
 989	2  15  14 
 991	2  13   8 
 993	2  13  15 
 995	2  14  13 
 997	2  14  15 
 997	6  12   8 
1003	2  13  15 
1005	2  14  13 
1007	2  15  14 
1009	2   9  10 
1011	2  14  12 
1013	2   5   9 
1013	6  15   7 
1015	6  12   8 
1019	2  10   5 
1021	2  12  14 
1023	2   8  12 
1025	2  10   9 
1027	2   5   9 
1029	2  10   5 
1029	6  12   8 
1035	2  12  14 
1035	2   5   7 
1037	2   9  10 
1039	2  10  13 
1041	2   4   9 
1043	6  10   8 
1049	2  10  14 
1051	6  10   8 
1057	2  12   8 
1057	6  10   5 
1063	2  14  12 
1065	2  14  10 
1067	6  10   7 
1073	2  10  14 
1075	2  10   7 
1077	6  10   7 
1083	2  14  10 
1085	6  10   7 
1091	2  10  14 
1093	2   7  10 
1095	2   7   5 
1095	6  14  13 
1097	6  11   7 
1101	6  13   5 
1103	6  15  11 
1107	6   6   5 
1109	2  14  15 
1111	2  14  13 
1113	2  15  13 
1113	6   7   6 
1115	2  14  15 
1117	2  13  14 
1119	2  15  10 
1119	6  12   4 
1121	2   7  15 
1123	2  10   7 
1125	2  10  15 
1125	6   5   4 
1127	2   7  15 
1129	2  10   7 
1131	2   7   5 
1131	2  13  14 
1133	2  15  10 
1135	2  15  10 
1137	6   7   5 
1143	2   8   5 
1145	6   7   5 
1151	2   5   8 
1153	2   5   7 
1155	6   7   5 
1161	2   8   5 
1163	6   7   5 
1169	2   5   8 
1171	2   7   5 
1173	2   7  15 
1173	6   9   5 
1175	6  11   7 
1181	2  10  11 
1183	2  10  15 
1185	2  11  15 
1187	2  10  11 
1189	2  15  10 
1191	2  15  13 
1193	2  14  15 
1195	2  14  13 
1197	2  15  13 
1199	2  14  15 
1201	2  15  10 
1203	2  11  15 
1205	2  10  11 
1207	2  10  15 
1209	2  11  15 
1211	2  10  11 
1213	2  15  10 
1215	2  13  14 
1217	2  10  13 
1219	2  11  14 
1221	6  11   9 
1227	2  15  11 
1227	6   9   4 
1229	6  15  14 
1233	6  12   8 
1239	2   9  14 
1241	2  11   9 
1243	2  11  14 
1245	2   9  14 
1247	2  11   9 
1249	2  14  11 
1251	2  14  10 
1253	2  13  14 
1255	2  13  10 
1257	2  14  10 
1259	2  13  14 
1261	2  10  13 
1263	2  10   8 
1265	2   5  10 
1267	2   5   8 
1267	6  15  14 
1273	2  10   8 
1275	2   5  10 
1277	2   8   5 
1277	6  14  13 
1279	2   8   4 
1283	2  13   8 
1285	6   9   4 
1291	2  13   9 
1293	2   8   9 
1295	2  13   8 
1297	2   8   5 
1299	2  10   8 
1301	2   5  10 
1303	2   5   8 
1305	2  10   8 
1307	2   5  10 
1309	2  10  14 
1309	2   8   5 
1311	2  15  10 
1311	6   5   4 
1313	2  14  15 
1315	2  14  10 
1317	2  15  10 
1317	2   8   4 
1319	2  14  15 
1319	6   7   5 
1325	2  15  11 
1325	2   9  13 
1327	2   7  15 
1327	2   9  13 
1329	2  11   7 
1329	6   9   4 
1331	2  11  15 
1333	2   7  15 
1335	2  11   7 
1335	6  12   4 
1337	2  10  14 
1339	2  10  14 
1341	2  15  11 
1341	6  13   8 
1343	6  11   6 
1349	2  15  10 
1351	2  14  15 
1351	6   6   4 
1357	2  14  10 
1359	2  15  10 
1361	2  14  15 
1361	6   7   5 
1367	2  10  14 
1369	2  10  13 
1371	2   9  10 
1373	2   9  13 
1375	2  10  13 
1377	2   9  10 
1379	2  13   9 
1381	2  13  12 
1383	2   8  13 
1385	2   8  12 
1387	2  13  12 
1389	2   8  13 
1391	2  13   9 
1393	2  10  13 
1395	2   9  10 
1397	2   9  13 
1399	2  10  13 
1401	2   9  10 
1403	2  10  14 
1403	2  12   8 
1405	2  15  10 
1405	2  12   4 
1407	2  14  15 
1407	6   8   5 
1409	2  14  10 
1413	2   8  12 
1413	2  15  10 
1415	2   4   8 
1415	2  14  15 
1417	2   4  12 
1417	2  10  14 
1419	2   8  12 
1419	2  15  10 
1421	2   4   8 
1421	6  15  10 
1423	2  12   4 
1425	6  12   8 
1427	6  15  11 
1431	2  13   9 
1433	2   8  10 
1435	2  13  14 
1435	6   8   5 
1435	6  11   7 
1441	2   7   5 
1443	2   7  10 
1445	2   5  10 
1447	2   7   5 
1449	2  10   7 
1451	2  10  13 
1453	2  14  10 
1455	2  14  13 
1457	2  10  13 
1459	2  14  10 
1461	2  13  14 
1463	2   9   8 
1465	2  13   9 
1467	2   8  13 
1469	2   8   9 
1471	2  13   9 
1473	2   8  13 
1475	2  13  14 
1477	2  10  13 
1479	2  14  10 
1481	2  14  13 
1483	2  10  13 
1485	2  14  10 
1487	2  10   7 
1489	2   5  10 
1491	2   7   5 
1491	2  13  14 
1493	2   7  10 
1495	2   5  10 
1497	2   7   5 
1497	2  13  14 
1499	2   5   4 
1499	2  10   7 
1501	2  10   7 
1501	6  12   4 
1507	2   4   5 
1509	2  12   4 
1511	2   9   8 
1513	2   9   8 
1515	6   8   5 
1503	6  11   7 
1509	6  14  11 
1515	6  14  13 
1521	2  12   8 
1521	6  14   6 
1523	2   4   8 
1527	2  12   4 
1529	2   8  12 
1531	2   8  10 
1533	2  13   8 
1535	2  13  10 
1537	2   8  10 
1539	2  13   8 
1541	2  10  13 
1543	2  10   6 
1543	6  12   4 
1545	2  11  10 
1547	2  11   6 
1549	2  10   6 
1549	6   4   1 
1551	2  11  10 
1555	2   6  11 
1557	2   6   9 
1559	2   5   6 
1561	2   5   9 
1563	2   6   9 
1565	2   5   6 
1567	2   6  11 
1569	2  10   6 
1571	2  11  10 
1571	6   3   1 
1577	2  11   6 
1579	2  10   6 
1581	2  11  10 
1583	2  10  13 
1583	6   7   3 
1585	2   9   5 
1589	2   8  10 
1591	2  13   8 
1591	2   6  11 
1593	2  13  10 
1595	2   8  10 
1597	2  13   8 
1597	2   7  11 
1599	2  10  13 
1601	2   8  13 
1601	6   7   2 
1603	2  12   8 
1605	2  13  12 
1607	2  13   8 
1607	6   2   0 
1609	2  12   8 
1611	2  13  12 
1613	2   8  13 
1615	2   8   0 
1615	6  14  11 
1621	2   6   9 
1623	2  10   5 
1625	6  10   8 
1625	6   1   0 
1631	2  14  10 
1631	6   5   1 
1633	6  14  10 
1639	2  10   5 
1641	6  10   5 
1647	2  14  10 
1649	6  10   5 
1655	2  10  14 
1655	6   8   4 
1657	6  14  13 
1663	2   5  10 
1665	2   5   6 
1667	2   9   5 
1669	2   9   6 
1671	2   5   6 
1673	2   9   5 
1675	2   6   9 
1677	2   6   4 
1679	2   1   6 
1681	2   1   4 
1683	2   6   4 
1685	2   1   6 
1687	2   6   9 
1689	2   5   6 
1691	2   9   5 
1693	2   9   6 
1695	2   5   6 
1697	2   9   5 
1699	2   5  10 
1701	2  13   5 
1703	2  10  13 
1703	2   4   1 
1705	2  10   5 
1707	2  13   5 
1709	2  10  13 
1709	2   4   1 
1711	2  13  14 
1713	2  12  13 
1713	2   5  10 
1715	2  14  12 
1717	2  14  13 
1719	2  12  13 
1719	2   5  10 
1721	2  14  12 
1723	2  13  14 
1725	2  13   5 
1727	2  10  13 
1729	2  10   5 
1731	2  13   5 
1733	2   6   9 
1735	2  10  13 
1737	2   6   9 
1739	2   5  10 
1741	2   5   6 
1743	2   9   5 
1745	2   9   6 
1747	2   5   6 
1749	2   9   5 
1751	2   6   9 
1753	2   6   4 
1755	2   1   6 
1757	2   1   4 
1759	2   6   4 
1761	2   1   6 
1763	2   6   9 
1765	2   5   6 
1767	2   9   5 
1769	2   9   6 
1771	2   5   6 
1773	2   9   5 
1775	2   5  10 
1777	2  13   5 
1779	2  10  13 
1779	2   4   1 
1781	2  10   5 
1783	2  13   5 
1785	2  10  13 
1785	6   4   1 
1787	6  13  12 
1791	2   5  10 
1793	2  14  10 
1793	2  12   4 
1795	2  13  14 
1797	2  10  13 
1799	2  10  14 
1801	2  13  14 
1803	2   6   9 
1805	2  10  13 
1807	2   5   9 
1809	2  14  10 
1811	2   6   1 
1813	6  10   5 
1819	2  14  10 
1819	6   5   1 
1809	6  12   8 
1825	2   9  14 
1827	2   9  10 
1829	2  14  10 
1829	6   8   4 
1835	2   9  14 
1837	2  10   9 
1839	2  10   6 
1841	2   5  10 
1843	2   5   6 
1845	2  10   6 
1847	2   5  10 
1849	2   6   5 
1851	2   6   4 
1853	6   6   4 
1859	2   8   4 
1861	6   6   4 
1867	2   8   4 
1869	2   6   4 
1871	6   6   4 
1877	2   8   4 
1879	2   4   5 
1881	6   6   4 
1887	2  10   6 
1887	2   4   8 
1889	2   5  10 
1891	2   5   6 
1893	2  10   6 
1893	2   4   8 
1895	2   5  10 
1897	2  10   9 
1897	6   4   1 
1899	2  14  10 
1903	2   9  14 
1905	2   9  10 
1907	2  14  10 
1907	6  12   4 
1913	2   9  14 
1915	2  14  12 
1915	2   6   5 
1917	2  13  14 
1917	2   6   5 
1919	2  12  13 
1921	2  12  14 
1923	2  13  14 
1923	6   8   4 
1925	6  15   7 
1929	2  12  13 
1931	2  10   9 
1933	2  10   9 
1935	2  14  12 
1937	2  14  10 
1939	2   9  14 
1941	2   9  10 
1943	2  14  10 
1945	2   9  14 
1947	2  10   9 
1949	2  10   6 
1951	2   5  10 
1953	2   5   6 
1955	2  10   6 
1957	2   5  10 
1959	2   6   5 
1961	2   6   1 
1963	2   4   6 
1965	2   4   1 
1967	2   6   1 
1969	2   4   6 
1971	2   6   5 
1973	2  10   6 
1973	2   1   4 
1975	2   5  10 
1977	2   5   6 
1979	2  10   6 
1979	2  12   4 
1981	2   5  10 
1983	2  10   9 
1983	6   4   1 
1985	2  14  10 
1989	2   9  14 
1991	2   9  10 
1993	2  14  10 
1993	6  12   4 
1999	2   9  14 
2001	2   6   5 
2001	2  12  14 
2003	2  10   9 
2005	2  10   5 
2005	6  13  12 
2007	2   7  10 
2009	2   5   7 
2011	2   5  10 
2013	2   7  10 
2015	2   5   7 
2015	6  14  13 
2017	6  11   7 
2021	6  13   9 
2027	2  11  14 
2027	6  12   4 
2033	2   9  11 
2035	2   9  14 
2033	6   2   1 
2037	2  11  14 
2039	2   9  11 
2041	2  14   9 
2041	6   6   2 
2043	2  14  12 
2045	6  12   9 
2045	6  15  11 
2051	2   6  14 
2053	2   6   9 
2055	2  14   9 
2057	2   6  14 
2059	2  14  12 
2061	2  15  14 
2061	2   9   6 
2063	2   9   6 
2063	6  15  14 
2065	6  12   9 
2069	6  15  11 
2071	6  13  12 
2075	2  10   5 
2077	2   9  14 
2079	2   9  11 
2081	2  14  11 
2083	2   9  14 
2085	2  11   9 
2087	6  11   9 
2093	2   9  13 
2095	2   6   9 
2097	6   9   6 
2103	2   9  13 
2105	6   9   6 
2111	2   9  13 
2113	2   6   9 
2115	2   9  11 
2117	6   9   6 
2123	2   7   6 
2123	2  13   9 
2125	2  11   7 
2125	2  12  13 
2127	2  11   6 
2127	6  12   4 
2129	2   7   6 
2131	2  11   7 
2133	2   6  11 
2135	2   6   4 
2137	2   5   9 
2139	6   9   6 
2145	2  13   9 
2147	6   9   4 
2153	2  13   9 
2155	2   4   9 
2157	6   9   4 
2163	2  13   9 
2165	6   9   4 
2171	2   9  13 
2173	2   9   5 
2175	2   6   9 
2177	2   6   5 
2177	6  13   8 
2179	6  11  10 
2185	2   9   5 
2187	2   6   9 
2189	2   9   8 
2191	2   4   9 
2193	2   8   4 
2195	2   8   9 
2197	2   4   9 
2199	2   8   4 
2201	2   9   8 
2203	2   9   8 
2205	2   5   6 
2207	2   5   6 
2209	6   6   4 
2215	2   6  10 
2215	6   8   4 
2217	2   7   6 
2219	2  10   7 
2221	2  10   6 
2221	6  13  12 
2223	2   7   6 
2225	2  10   7 
2227	2   6  10 
2229	2   6   9 
2231	2   4   6 
2233	2   4   9 
2233	6  11   7 
2235	6  14  13 
2239	6   7   2 
2245	2   6   9 
2247	2   4   6 
2249	2   9   4 
2251	2   9   5 
2251	6  14  11 
2253	2   8   9 
2255	2   8   5 
2257	2   9   5 
2259	2   8   9 
2261	2   9   4 
2263	2   6   9 
2265	2   4   6 
2267	2   4   9 
2269	2   6   9 
2271	2   4   6 
2273	2   6   7 
2273	2   9   4 
2275	2  11   6 
2277	2   7  11 
2277	2   5   8 
2279	2   7   6 
2279	2   4   8 
2281	2  11   6 
2283	2   7  11 
2283	2   5   2 
2285	2   6   7 
2287	2   6   5 
2289	2   2   6 
2291	2   2   5 
2293	2   6   5 
2295	2   2   6 
2297	2   9  10 
2299	2   5   2 
2301	2   5   9 
2303	2  10   5 
2305	2  10   9 
2307	2   5   9 
2309	2  10   5 
2311	2   9  10 
2313	2   9   4 
2315	2   8   9 
2317	2   8   4 
2319	2   9   4 
2321	2   8   9 
2323	2   9  10 
2325	2   5   9 
2327	2  10   5 
2329	2  10   9 
2331	2   5   9 
2333	2  10   5 
2335	2   5   2 
2337	2   6   5 
2339	2   2   6 
2339	2   4   8 
2341	2   2   5 
2343	2   6   5 
2345	2   2   6 
2345	2   4   8 
2347	2   6   7 
2349	2  11   6 
2351	2   7  11 
2351	2   5   2 
2353	2   7   6 
2355	2  11   6 
2357	2   7  11 
2357	2   5   2 
2359	2   6   7 
2361	2   6   5 
2363	2   2   6 
2365	2   2   5 
2367	2   6   5 
2369	2   2   6 
2371	2   9  10 
2373	2   9  10 
2375	2   5   2 
2377	2   5   9 
2379	2  10   5 
2381	2  10   9 
2383	2   5   9 
2385	2  10   5 
2387	2   9  10 
2389	2   9   4 
2391	2   8   9 
2393	2   8   4 
2395	2   9   4 
2397	2   8   9 
2399	2   9  10 
2401	2   5   9 
2403	2  10   5 
2405	2  10   9 
2407	2   5   9 
2409	2  10   5 
2411	2   5   2 
2413	2   6   5 
2415	2   2   6 
2415	2   4   8 
2417	2   2   5 
2419	2   6   5 
2421	2   2   6 
2421	6   4   0 
2423	2   6   7 
2425	2  11   6 
2427	2   7  11 
2427	2   5   2 
2429	2   7   6 
2431	2  11   6 
2433	2   7  11 
2433	2   5   8 
2435	2   9  10 
2435	2   2   0 
2437	2   9  10 
2437	6   2   1 
2443	2   6   7 
2443	6   8   0 
2449	2   6   9 
2451	2  10   6 
2451	6   4   1 
2453	2  10   9 
2455	6  14  12 
2461	2   6   9 
2463	2  10   6 
2465	2   9  10 
2467	2   9   4 
2469	2   8   9 
2471	2   8   4 
2473	2   9   4 
2475	2   8   9 
2477	2   4   8 
2479	2   4   5 
2481	2   0   4 
2483	2   0   5 
2485	2   4   5 
2487	2   0   4 
2489	2   4   8 
2491	2   9   4 
2493	2   8   9 
2495	2   8   4 
2497	2   9   4 
2499	2   8   9 
2501	2   9  10 
2503	2   6   9 
2505	2  10   6 
2505	2   4   8 
2507	2  10   9 
2509	2   6   9 
2511	2  10   6 
2511	2   4   8 
2513	2   6   7 
2515	2  11   6 
2517	2   7  11 
2517	2   5   0 
2519	2   7   6 
2521	2  11   6 
2523	2   7  11 
2523	2   5   0 
2525	2   9  10 
2527	2   9  10 
2529	2   6   7 
2531	2   6   9 
2533	2  10   6 
2535	2  10   9 
2537	2   6   9 
2539	2  10   6 
2541	2   9  10 
2543	2   9   4 
2545	2   8   9 
2547	2   8   4 
2549	2   9   4 
2551	2   8   9 
2553	2   4   8 
2555	2   4   5 
2557	2   0   4 
2559	2   0   5 
2561	2   4   5 
2563	2   0   4 
2565	2   4   8 
2567	2   9   4 
2569	2   8   9 
2569	6   2   0 
2575	2   8   4 
2577	2   9   4 
2579	2   8   9 
2581	2   9  10 
2583	2   6   9 
2585	2  10   6 
2585	2   4   8 
2587	2  10   9 
2589	2   6   9 
2591	2  10   6 
2591	6  12   4 
2597	2   9  10 
2599	2  10   6 
2601	2  14  10 
2601	2   5   2 
2603	2   9   8 
2605	2   4   9 
2607	2   6  14 
2607	2   8   4 
2609	2   6  10 
2611	2  14  10 
2613	2   8   9 
2615	2   4   9 
2617	2   6  14 
2617	2   8   4 
2619	2  10   6 
2621	2  10   5 
2623	2   9   8 
2623	2   6   2 
2625	2   9  10 
2627	2   5   9 
2629	2   5  10 
2631	2   9  10 
2633	2   5   9 
2635	2  10   5 
2637	2  10   6 
2639	2   2  10 
2641	2   2   6 
2643	2  10   6 
2645	2   2  10 
2647	2  10   5 
2649	2   9  10 
2651	2   5   9 
2653	2   5  10 
2655	2   9  10 
2657	2   5   9 
2659	2   9   8 
2659	2   6   2 
2661	2   4   9 
2661	2   6   2 
2663	2   8   4 
2665	2   8   9 
2667	2   4   9 
2669	2  10   5 
2671	2   8   4 
2673	2  10   5 
2675	2   9   8 
2677	2   9  10 
2679	2   5   9 
2681	2   5  10 
2683	2   9  10 
2685	2   5   9 
2687	2  10   5 
2689	2  10   6 
2691	2   2  10 
2693	2   2   6 
2695	2  10   6 
2697	2   2  10 
2699	2  10   5 
2701	2   9  10 
2703	2   5   9 
2705	2   5  10 
2707	2   9  10 
2709	2   5   9 
2711	2  10   5 
2713	2   5   8 
2715	2   4   5 
2717	2   8   4 
2717	2   6   2 
2719	2   8   5 
2721	2   4   5 
2723	2   8   4 
2723	2   6   2 
2725	2   5   8 
2727	2   5   6 
2729	2   2   5 
2731	2   2   6 
2731	2   9  12 
2733	2   5   6 
2735	2   2   5 
2737	2   5   8 
2739	2   4   5 
2741	2   8   4 
2741	2   6   2 
2743	2   8   5 
2745	2   4   5 
2747	2   8   4 
2747	2   6   2 
2749	2   5   8 
2751	2   5   6 
2753	2   2   5 
2755	2   2   6 
2757	2   5   6 
2759	2   2   5 
2761	2   5   7 
2763	2  10   8 
2765	2   6   2 
2767	2   6   2 
2769	6   7   5 
2775	2  11   7 
2777	6   7   5 
2783	2   7  11 
2785	2   7   5 
2787	6   7   5 
2793	2  11   7 
2795	6   7   5 
2765	6  13  12 
2801	2   7  11 
2803	2   5   7 
2805	2   5   9 
2807	2  13   5 
2809	2  13   9 
2811	2   5   9 
2813	2  13   5 
2815	2   9  13 
2817	2   9  10 
2819	2   8   9 
2821	2   8  10 
2823	2   9  10 
2825	2   8   9 
2827	2  10   8 
2829	2  10   6 
2831	2   2  10 
2833	2   2   6 
2835	2  10   6 
2837	2   2  10 
2839	2  10   8 
2841	2   9  10 
2843	2   8   9 
2843	2   6   2 
2845	2   8  10 
2847	2   9  10 
2849	2   8   9 
2849	2   6   2 
2851	2   9  13 
2851	6  11   6 
2857	2   5   9 
2857	6   7   2 
2863	2  13   5 
2865	2  13   9 
2867	2   5   9 
2869	2  13   5 
2871	2   5   2 
2873	2   6   5 
2875	2   2   6 
2875	2   9  13 
2877	2   2   5 
2879	2   6   5 
2881	2   2   6 
2881	2   9  13 
2883	2   5   2 
2885	2   5   9 
2887	2  13   5 
2889	2  13   9 
2889	6   6   2 
2895	2   5   9 
2897	2  13   5 
2899	2  10   8 
2899	6   2   1 
2901	2  10   8 
2903	2   9  13 
2905	2   9  10 
2907	2   8   9 
2909	2   8  10 
2911	2   9  10 
2913	2   8   9 
2915	2  10   8 
2917	2  10  11 
2919	2   7  10 
2921	2   7  11 
2923	2  10  11 
2925	2   7  10 
2927	2  10   8 
2929	2   9  10 
2931	2   8   9 
2931	2  11   7 
2933	2   8  10 
2935	2   9  10 
2937	2   8   9 
2937	2  11   7 
2939	2   9  13 
2939	6  15  11 
2941	2   5   9 
2943	2  13   5 
2945	2  13   9 
2945	6  11   7 
2947	2   5   9 
2949	2  13   5 
2951	2   9  13 
2953	2   9   6 
2955	2   1   9 
2957	2   6   1 
2959	2   6   9 
2961	2   1   9 
2963	2   6   1 
2965	2  10   8 
2967	2  10   8 
2969	2   9   6 
2971	2   9  10 
2973	2   8   9 
2973	6  14  11 
2979	2   8  10 
2981	2   9  10 
2983	2   8   9 
2985	2  13   5 
2987	2  10   8 
2989	2  10  13 
2991	2   5  10 
2993	2   5  13 
2995	2  10  13 
2997	2   5  10 
2999	2  13   5 
3001	2  13  15 
3003	2  14  13 
3005	2  14  15 
3007	2  13  15 
3009	2  14  13 
3011	2  13   5 
3013	2  10  13 
3015	2   5  10 
3017	2   5  13 
3019	2  10  13 
3021	2   5  10 
3023	2  10   8 
3025	2   9  10 
3027	2   8   9 
3027	2  15  14 
3029	2   8  10 
3031	2   9  10 
3033	2   8   9 
3033	2  15  14 
3035	2   9   6 
3037	2   1   9 
3039	2   6   1 
3041	2   6   9 
3043	2   1   9 
3045	2   6   1 
3047	2  10   8 
3049	2  10   8 
3051	2   9   6 
3053	2   9  10 
3055	2   8   9 
3057	2   8  10 
3059	2   9  10 
3061	2  13   5 
3063	2   8   9 
3065	2  13   5 
3067	2  10   8 
3069	2  10  13 
3071	2   5  10 
3073	2   5  13 
3075	2  10  13 
3077	2   5  10 
3079	2  13   5 
3081	2  13  15 
3083	2  14  13 
3085	2  14  15 
3087	2  13  15 
3089	2  14  13 
3091	2  13   5 
3093	2  10  13 
3095	2   5  10 
3097	2   5  13 
3099	2  10  13 
3101	2   5  10 
3103	2  10   8 
3105	2   9  10 
3107	2   8   9 
3107	2  15  14 
3109	2   8  10 
3111	2   9  10 
3113	2   8   9 
3115	2  10   8 
3117	2   8   0 
3119	2  13   5 
3121	6  10   8 
3127	2  10  14 
3129	2  11  10 
3129	6  13  12 
3127	6   5   4 
3133	6   6   5 
3135	2  14  11 
3139	2  14  10 
3139	6   5   0 
3141	2  11  10 
3143	2  14  11 
3145	2  10  14 
3147	2  10  14 
3149	2  13  10 
3151	2  14  13 
3153	2  14  10 
3155	2  13  10 
3157	2  14  13 
3159	2  10  14 
3161	2  10  14 
3163	2   6  10 
3165	2  14   6 
3167	2  14  10 
3169	2   6  10 
3171	2  14   6 
3173	2  10  14 
3175	6  10   5 
3181	2  14  10 
3183	2  14  11 
3185	2  14  13 
3187	2  14   6 
