   1	2  15  11 
   1	6   2   0 
   3	2   9  10 
   5	6  15  10 
   7	2   4   0 
   9	6   2   0 
  15	2   6  10 
  15	6   4   1 
  17	6  15   7 
  23	2  14   6 
  25	2  10  14 
  25	6   7   3 
  27	6   9   5 
  33	2  10   6 
  35	2  14   6 
  37	2  10  14 
  37	6   5   2 
  39	6  15  11 
  43	6   9   4 
  45	6  15   7 
  51	2   6  10 
  53	2   6   1 
  55	2   5   6 
  57	2   5   1 
  59	2   6   1 
  61	2   5   6 
  63	2   1   5 
  65	2   1   2 
  67	2   3   1 
  69	2   3   2 
  71	2   1   2 
  73	2   3   1 
  75	2   1   5 
  77	2   6   1 
  79	2   5   6 
  81	2   5   1 
  83	2   6   1 
  85	2   5   6 
  87	2   6  10 
  89	2  14   6 
  91	2  10  14 
  91	2   1   5 
  93	2  10   6 
  95	2  14   6 
  97	2  10  14 
  97	2   1   5 
  99	2   6  10 
 101	2   6   1 
 101	6  14  13 
 103	2   5   6 
 105	2   5   1 
 107	2   6   1 
 109	2   5   6 
 111	2   2   3 
 113	2   1   5 
 115	2   2   3 
 117	2   1   2 
 119	2   3   1 
 121	2   3   2 
 123	2   1   2 
 125	2   3   1 
 127	2   1   5 
 129	2   6   1 
 131	2   5   6 
 133	2   5   1 
 135	2   6   1 
 137	2   5   6 
 139	2   6  10 
 141	2  11   6 
 143	2  10  11 
 143	2   1   5 
 145	2  10   6 
 147	2  11   6 
 149	2  10  11 
 149	2   1   5 
 151	2   6  10 
 153	2   6   1 
 155	2   5   6 
 157	2   5   1 
 159	2   6   1 
 161	2   5   6 
 163	2   2   3 
 165	2   1   5 
 167	2   2   3 
 169	2   1   2 
 171	2   3   1 
 173	2   3   2 
 175	2   1   2 
 177	2   3   1 
 179	2   1   5 
 181	2   6   1 
 183	2   5   6 
 185	2   5   1 
 187	2   6   1 
 189	2   5   6 
 191	2   6  10 
 193	2  11   6 
 195	2  10  11 
 195	2   1   5 
 197	2  10   6 
 199	2  11   6 
 201	2  10  11 
 201	2   1   5 
 203	2   6  10 
 205	2   6   1 
 207	2   5   6 
 209	2   5   1 
 211	2   6   1 
 213	2   5   6 
 215	2   2   3 
 217	2   1   5 
 219	2   2   3 
 221	2   1   2 
 223	2   3   1 
 225	2   3   2 
 227	2   1   2 
 229	2   3   1 
 231	2   1   5 
 233	2   6   1 
 235	2   5   6 
 237	2   5   1 
 239	2   6   1 
 241	2   5   6 
 243	2   6  10 
 245	2   9   6 
 247	2  10   9 
 247	2   2   3 
 249	2  10   6 
 251	2   9   6 
 253	2   1   5 
 255	2  10   9 
 255	2   2   3 
 257	2   1   5 
 259	2   6  10 
 261	2   6   1 
 263	2   5   6 
 265	2   5   1 
 267	2   6   1 
 269	2   5   6 
 271	2   1   5 
 273	2   1   2 
 275	2   3   1 
 277	2   3   2 
 279	2   1   2 
 281	2   3   1 
 283	2   1   5 
 285	2   6   1 
 287	2   5   6 
 289	2   5   1 
 291	2   6   1 
 293	2   5   6 
 295	2   6  10 
 297	2   9   6 
 299	2  10   9 
 299	2   2   3 
 301	2  10   6 
 303	2   9   6 
 305	2   1   5 
 307	2  10   9 
 307	2   2   3 
 309	2   1   5 
 311	2   6  10 
 313	2   6   1 
 315	2   5   6 
 317	2   5   1 
 319	2   6   1 
 321	2   5   6 
 323	2   1   5 
 325	2   1   2 
 327	2   3   1 
 329	2   3   2 
 331	2   1   2 
 333	2   3   1 
 335	2   1   5 
 337	2   6   1 
 339	2   5   6 
 341	2   5   1 
 343	2   6   1 
 345	2   5   6 
 347	2   6  10 
 349	2   7   6 
 351	2  10   7 
 351	2   1   5 
 353	2  10   6 
 355	2   7   6 
 357	2  10   7 
 357	2   1   5 
 359	2   6  10 
 361	2   6   1 
 363	2   5   6 
 365	2   5   1 
 367	2   6   1 
 369	2   5   6 
 371	2   2   3 
 373	2   1   5 
 375	2   2   3 
 377	2   1   2 
 379	2   3   1 
 381	2   3   2 
 383	2   1   2 
 385	2   3   1 
 387	2   1   5 
 389	2   6   1 
 391	2   5   6 
 393	2   5   1 
 395	2   6   1 
 397	2   5   6 
 399	2   6  10 
 401	2   7   6 
 403	2  10   7 
 403	2   1   5 
 405	2  10   6 
 407	2   7   6 
 409	2  10   7 
 409	2   1   5 
 411	2   6  10 
 413	2   6   1 
 415	2   5   6 
 417	2   5   1 
 419	2   6   1 
 421	2   5   6 
 423	2   2   3 
 425	2   1   5 
 427	2   2   3 
 429	2   1   2 
 431	2   3   1 
 433	2   3   2 
 435	2   1   2 
 437	2   3   1 
 439	2   1   5 
 441	2   6   1 
 443	2   5   6 
 445	2   5   1 
 447	2   6   1 
 449	2   5   6 
 451	2   1   5 
 453	2   5  10 
 453	2   2   3 
 455	2  13   5 
 457	2  10  13 
 457	2   2   3 
 459	2  10   5 
 461	2  13   5 
 463	2  10  13 
 459	6   7   3 
 465	2   5  10 
 467	2   5   2 
 469	2   7   5 
 471	2   7   2 
 473	2   5   2 
 475	2   7   5 
 477	2   5  10 
 479	2  13   5 
 481	2  10  13 
 483	2  10   5 
 485	2  13   5 
 487	2  10  13 
 489	2   2   7 
 491	2   5  10 
 493	2   2   7 
 495	2   5   2 
 497	2   7   5 
 499	2   7   2 
 501	2   5   2 
 503	2   7   5 
 505	2   5  10 
 507	2   2   7 
 509	2   2   7 
 511	6   7   5 
 517	2  11   7 
 517	6   4   0 
 519	2  10  11 
 521	2  10   7 
 523	2  11   7 
 523	6   9   4 
 529	2  10  11 
 529	6   3   1 
 535	2   7  10 
 537	2   7   2 
 539	2   5   7 
 541	2   5   2 
 543	2   7   2 
 545	2   5   7 
 547	2   7  10 
 549	2  11   7 
 549	2   2   5 
 551	2  10  11 
 551	2   2   5 
 553	2  10   7 
 555	2  11   7 
 557	2  10  11 
 559	2   7  10 
 561	2   6  10 
 563	2   9   6 
 565	2   7   2 
 565	2  10   9 
 567	2   5   7 
 569	2  10   6 
 571	2   5   2 
 573	2   9   6 
 575	2   7   2 
 575	2  10   9 
 577	2   5   7 
 579	2   3   7 
 579	6   5   1 
 577	6  14  12 
 585	2   6  10 
 587	2   6   3 
 589	2   7   6 
 591	2   7   3 
 593	2   6   3 
 595	2   7   6 
 597	2   2   1 
 599	2   3   7 
 601	2   2   1 
 603	2   3   2 
 605	2   1   3 
 607	2   1   2 
 609	2   3   2 
 611	2   1   3 
 613	2   3   7 
 615	2   6   3 
 617	2   7   6 
 619	2   7   3 
 621	2   6   3 
 623	2   7   6 
 625	2   6  10 
 627	2   9   6 
 629	2  10   9 
 629	2   3   7 
 631	2  10   6 
 633	2   9   6 
 635	2  10   9 
 635	2   3   7 
 637	2   6  10 
 639	2   6   3 
 641	2   7   6 
 643	2   7   3 
 645	2   6   3 
 647	2   7   6 
 649	2   2   1 
 651	2   3   7 
 653	2   2   1 
 655	2   3   2 
 657	2   1   3 
 659	2   1   2 
 661	2   3   2 
 663	2   1   3 
 665	2   3   7 
 667	2   6   3 
 669	2   7   6 
 671	2   7   3 
 673	2   6   3 
 675	2   7   6 
 677	2   6  10 
 679	2  14   6 
 681	2  10  14 
 681	2   3   7 
 683	2  10   6 
 685	2  14   6 
 687	2  10  14 
 687	2   3   7 
 689	2   6  10 
 691	2   6   3 
 693	2   7   6 
 695	2   7   3 
 697	2   6   3 
 699	2   7   6 
 701	2   2   1 
 703	2   3   7 
 705	2   2   1 
 707	2   3   2 
 709	2   1   3 
 711	2   1   2 
 713	2   3   2 
 715	2   1   3 
 717	2   3   7 
 719	2   6   3 
 721	2   7   6 
 723	2   7   3 
 725	2   6   3 
 727	2   7   6 
 729	2   6  10 
 731	2  14   6 
 733	2  10  14 
 733	2   3   7 
 735	2  10   6 
 737	2  14   6 
 739	2  10  14 
 739	2   3   7 
 741	2   6  10 
 743	2   6   3 
 745	2   7   6 
 747	2   7   3 
 747	6  10   5 
 753	2   6   3 
 755	2   7   6 
 753	6  14  13 
 757	2   2   1 
 759	2   3   7 
 759	6  13   9 
 761	2   2   1 
 763	2   3   2 
 765	2   1   3 
 767	2   1   2 
 769	2   3   2 
 771	2   1   3 
 773	2   3   7 
 775	2   2   1 
 777	2   6   3 
 779	2   1   5 
 781	2   9   1 
 783	2   7   6 
 785	2   5   9 
 785	2   7   3 
 787	2   6   3 
 789	2   5   1 
 791	2   9   1 
 793	2   7   6 
 795	2   3   7 
 795	2   5   9 
 797	2   7   2 
 799	2   1   5 
 801	6   3   1 
 807	2   3   7 
 807	6   5   1 
 813	2   2   3 
 813	6  11   9 
 819	2   2   7 
 821	2   3   7 
 823	2   2   3 
 825	2   3   1 
 827	2  11   3 
 827	6   5   1 
 829	6  11  10 
 833	6   3   1 
 835	6  10   9 
 839	2   7   2 
 841	2   5   9 
 841	2   7   2 
 843	2   5   1 
 845	2   9   1 
 843	6   7   3 
 847	2   5   9 
 849	2   1   5 
 849	6  11   7 
 855	2   1   3 
 857	2   2   1 
 859	2   2   3 
 861	2   1   3 
 863	2   2   1 
 865	2   1   5 
 867	2   3   2 
 869	2   3   2 
 871	6   3   1 
 877	2   7   3 
 879	2   5   7 
 881	6   3   1 
 887	2   5   1 
 889	6   3   1 
 895	2   7   3 
 897	2   5   7 
 899	6   3   1 
 905	2   1   5 
 907	2   1   3 
 909	2   2   1 
 911	2   2   3 
 913	2   1   3 
 915	2   2   1 
 917	2   1   5 
 919	2   3   2 
 921	2   3   2 
 923	6   3   1 
 929	2   7   3 
 931	2   5   7 
 933	6   3   1 
 939	2   5   1 
 941	6   3   1 
 947	2   7   3 
 949	2   5   7 
 951	6   3   1 
 951	6  14  11 
 957	2   1   5 
 957	6  14  10 
 959	2   1   3 
 961	2   2   1 
 963	2  10   5 
 963	2   2   3 
 965	2   6  10 
 967	2   5   6 
 969	2   5  10 
 971	2   1   3 
 973	2   6  10 
 975	2   2   1 
 977	2   5   6 
 979	2   3   2 
 979	2  10   5 
 981	2  11   3 
 983	2  10  11 
 983	2   2   1 
 985	6   6   3 
 991	2   6  10 
 993	2   6  11 
 995	2  10  11 
 997	2   6  10 
 999	2  11   6 
1001	6   7   2 
1007	2  11   7 
1007	6   9   1 
1013	2   9  11 
1015	6   7   5 
1021	2   9   5 
1023	6   7   5 
1029	2  11   7 
1031	2   9  11 
1031	6   3   2 
1033	6  11   9 
1039	2   9   6 
1041	2  10   9 
1043	2   6  10 
1045	2   6   9 
1047	2  10   9 
1049	2   6  10 
1051	2  10   5 
1053	2   2  10 
1055	2   5   2 
1055	2   7  11 
1057	2   5  10 
1059	2   2  10 
1061	2   9   6 
1063	2   5   2 
1063	2   7  11 
1065	2   9   6 
1067	2  10   5 
1069	2  10   9 
1071	2   6  10 
1073	2   6   9 
1075	2  10   9 
1077	2   6  10 
1079	2   9   6 
1081	2   2   5 
1083	6   7   5 
1089	2   9   5 
1091	2  11   9 
1093	6   7   5 
1099	2  11   7 
1101	6   7   5 
1107	2   9   5 
1109	2  11   9 
1111	2   9   6 
1113	2  10   9 
1115	2   6  10 
1117	2   6   9 
1119	2  10   9 
1121	2   6  10 
1123	2  10   2 
1125	2   7  10 
1127	2   7   2 
1127	6   9   5 
1133	2  10   2 
1135	2   5   6 
1137	2   7  10 
1139	2   5   6 
1141	2   2   7 
1143	2   2   5 
1143	6  11  10 
1149	2   6   2 
1151	2   6   5 
1153	2   2   5 
1155	2   6   2 
1157	2   9  10 
1159	2   5   6 
1161	2   9  10 
1163	2   5   9 
1163	6  11   3 
1169	2  10   5 
1171	2  10   9 
1173	2   5   9 
1175	2  10   5 
1177	2   5   6 
1179	2   2   5 
1181	2   6   2 
1183	2   6   5 
1185	2   2   5 
1187	2   6   2 
1189	2   2   7 
1189	2   9  10 
1191	2   3   2 
1191	2   9  10 
1193	2   7   3 
1195	2   7   2 
1197	2   3   2 
1199	2   5   6 
1201	2   7   3 
1203	2   5   6 
1205	2   2   7 
1207	2   2   5 
1209	2   6   2 
1211	2   6   5 
1213	2   2   5 
1215	2   6   2 
1217	2   5   6 
1219	2   5   9 
1219	6  11   3 
1225	2  10   5 
1227	2  10   9 
1229	2   5   9 
1229	6  15   7 
1235	2  10   5 
1237	2   5   6 
1239	2   9  10 
1241	2   2   5 
1243	2  10  15 
1245	2  11  10 
1245	6   5   2 
1247	2  15  11 
1251	2   6   5 
1253	2   6   2 
1255	2   5   2 
1257	2  15  10 
1259	2  11  10 
1261	2   6   5 
1261	2  15  11 
1263	2   2   6 
1265	2   6   9 
1267	2  10  15 
1269	2  10   6 
1271	2   9  10 
1273	2   9   6 
1275	2  10   6 
1277	2   9  10 
1279	2  10  15 
1281	2  11  10 
1283	2  15  11 
1283	2   6   9 
1285	2  15  10 
1287	2  11  10 
1289	2  15  11 
1289	2   6   9 
1291	2  10  15 
1293	2  10   6 
1295	2   9  10 
1297	2   9   6 
1299	2  10   6 
1301	2   9  10 
1303	2  10  15 
1305	2  14  10 
1307	2  15  14 
1307	2   6   9 
1309	2  15  10 
1311	2  14  10 
1313	2  15  14 
1313	2   6   9 
1315	2  10  15 
1317	2  10   6 
1319	2   9  10 
1321	2   9   6 
1323	2  10   6 
1325	2   9  10 
1327	2  10  15 
1329	2  14  10 
1331	2  15  14 
1331	2   6   9 
1333	2  15  10 
1335	2  14  10 
1337	2  15  14 
1337	2   6   9 
1339	2  10  15 
1341	2  10   6 
1343	2   9  10 
1345	2   9   6 
1345	6  15  14 
1351	2  10   6 
1353	2   9  10 
1355	2   6   9 
1357	2  11   6 
1359	2   9  10 
1361	6  10   5 
1367	2  10  14 
1369	2   7  10 
1371	6  10   7 
1377	2  14  10 
1379	6  10   7 
1385	2  14  10 
1387	2   7  10 
1389	6  10   7 
1395	2  14  10 
1397	6  10   7 
1403	2  10  14 
1405	2  10  11 
1407	2   6  10 
1409	2   6  11 
1411	2  10  11 
1413	2   6  10 
1415	2  11   6 
1417	2  11   9 
1419	6   7   5 
1425	2   7  11 
1427	6   7   5 
1433	2   5   9 
1435	2  11   9 
1437	6   7   5 
1443	2   7  11 
1443	6  13   5 
1449	2  11   6 
1451	2  10  11 
1453	2   6  10 
1455	2   6  11 
1457	2  10  11 
1459	2   6  10 
1461	2  10  14 
1463	2  13  10 
1465	2  14  13 
1465	2  11   6 
1467	2  14  10 
1469	2  13  10 
1471	2  14  13 
1471	2  11   6 
1473	2  10  14 
1475	2  10  11 
1477	2   6  10 
1479	2   6  11 
1481	2  10  11 
1483	2   6  10 
1485	2  11   6 
1487	6   7   5 
1493	2   9   5 
1495	2   9   5 
1497	2  11   9 
1499	6   7   5 
1505	2   7  11 
1507	6   7   5 
1513	2   5   9 
1515	2  11   9 
1517	6   7   5 
1523	2   7  11 
1523	6  13   8 
1525	2  11   6 
1527	2  10  11 
1529	2   6  10 
1531	2   6  11 
1533	2  10  11 
1535	2   6  10 
1537	2  10  14 
1539	2  13  10 
1541	2  14  13 
1541	2  11   6 
1543	2  14  10 
1545	2  13  10 
1547	2  14  13 
1547	2  11   6 
1549	2  10  14 
1551	2  10  11 
1553	2   6  10 
1555	2   6  11 
1557	2  10  11 
1559	2   6  10 
1561	2  11   6 
1563	6   7   5 
1569	2   9   5 
1571	2   9   5 
1573	2  11   9 
1575	6   7   5 
1581	2   7  11 
1583	6   7   5 
1589	2   5   9 
1591	2  11   9 
1593	6   7   5 
1599	2   7  11 
1599	6   9   5 
1605	2  11   6 
1607	2  10  11 
1609	2   6  10 
1611	2   6  11 
1613	2  10  11 
1615	2   6  10 
1617	2  10  14 
1619	2  13  10 
1621	2  14  13 
1621	2  11   6 
1623	2  14  10 
1625	2  13  10 
1627	2  14  13 
1627	2  11   6 
1629	2  10  14 
1631	2  10  11 
1633	2   6  10 
1635	2   6  11 
1637	2  10  11 
1639	2   6  10 
1641	2   5   7 
1643	2  11   6 
1645	2   5   7 
1647	6   7   5 
1653	2  11   7 
1655	6   7   5 
1661	2   7  11 
1663	2   7   5 
1665	6   7   5 
1671	2  11   7 
1673	6   7   5 
1673	6  15  14 
1679	2   7  11 
1679	6   9   8 
1681	2  11   6 
1685	2   5   7 
1687	2  10  11 
1689	2   7  15 
1691	2   6  10 
1693	2   6  11 
1695	2  10  11 
1697	2   6  10 
1699	2  11   6 
1701	2   6   5 
1703	6   7   5 
1701	6  15  14 
1709	2   9   5 
1711	2  14   9 
1713	6  10   5 
1719	2  14  10 
1721	2   9  10 
1723	2  14   9 
1725	2  10  14 
1727	2  10   6 
1729	2   7  10 
1731	2   7   6 
1733	2  10   6 
1735	2   7  10 
1737	2  10  14 
1739	2   9  10 
1741	2  14   9 
1741	2   6   7 
1743	2  14  10 
1745	2   9  10 
1747	2  14   9 
1747	2   6   7 
1749	2  10  14 
1751	2  10   6 
1753	2   7  10 
1755	2   7   6 
1757	2  10   6 
1759	2   7  10 
1761	2   6   7 
1763	2  14   6 
1765	2  15  14 
1767	6  11   6 
1773	2  11  15 
1773	6   6   3 
1779	2  11  14 
1781	2  15  14 
1783	2  11  15 
1785	2  14  11 
1787	2  14  11 
1789	2   6  14 
1791	2  11   6 
1793	2  11  14 
1795	2   6  14 
1797	2  11   6 
1799	2  14  11 
