   1	2   6   9 
   1	2   1   0 
   3	6  10   8 
   9	2  14  10 
  11	2  13  14 
  11	6   6   5 
  17	2  10  13 
  17	6   4   1 
  19	2  10  14 
  21	2  13  14 
  23	2  10  13 
  25	2  14  10 
  27	2  14  10 
  29	2  11  14 
  31	2  10  11 
  33	2  13   5 
  35	2  10  14 
  37	2  11  14 
  39	2   9  13 
  41	2   9   5 
  43	2  10  11 
  45	2  13   5 
  47	2  14  10 
  49	2   9  13 
  51	2  14  10 
  53	2  15  14 
  53	2   5   9 
  55	2   5   4 
  55	2  10  15 
  57	2   0   5 
  57	2  10  14 
  59	2  15  14 
  59	2   0   4 
  61	2   5   4 
  61	2  10  15 
  63	2   0   5 
  63	2  14  10 
  65	2   4   0 
  65	2  14  10 
  67	6   9   4 
  73	2   9  14 
  73	6   4   0 
  75	2  10   9 
  77	2  10  14 
  79	2   9  14 
  81	2  10   9 
  83	2   9   4 
  85	2   5   9 
  87	2   4   5 
  87	2  14  10 
  89	2   4   9 
  91	2   5   9 
  93	2   4   5 
  93	2  14  10 
  95	2   5   0 
  97	2  13   5 
  99	2   9   4 
 101	2   9   4 
 103	6   8   0 
  99	6   6   2 
 109	2   8  13 
 111	2   8   5 
 113	2  13   5 
 115	2   8  13 
 117	2   5   8 
 119	2   5   9 
 121	2   4   5 
 123	2   4   9 
 125	2   5   9 
 127	2   4   5 
 129	2   9   4 
 131	2   9  14 
 133	2  10   9 
 135	2  10  14 
 137	2   9  14 
 139	2  10   9 
 141	2   9   4 
 143	2   5   9 
 145	2   4   5 
 145	2  14  10 
 147	2   4   9 
 149	2   5   9 
 151	2   4   5 
 151	2  14  10 
 153	2   5   8 
 155	2   6   5 
 157	2   9   4 
 159	2   9   4 
 161	6   6   4 
 161	6  13  12 
 167	2   8   4 
 167	6  11   7 
 169	2   8   5 
 171	2   4   5 
 173	2   8   4 
 173	6   7   2 
 179	2   5   8 
 181	2   5   9 
 183	2   6   5 
 185	2   6   9 
 187	2   5   9 
 189	2   6   5 
 191	2   9   6 
 193	2   9  14 
 193	6   2   0 
 195	2  10   9 
 197	2  10  14 
 199	2   9  14 
 201	2  10   9 
 203	2   9   6 
 205	2   5   9 
 207	2   6   5 
 209	2   6   9 
 211	2   5   9 
 213	2   6   5 
 215	2   5   8 
 215	2  14  10 
 217	2   4   5 
 217	2  14  10 
 219	2   8   4 
 221	2   8   5 
 223	2   4   5 
 225	2   9   6 
 227	2   8   4 
 229	2   9   6 
 231	2   5   8 
 233	2   5   9 
 235	2   6   5 
 237	2   6   9 
 239	2   5   9 
 241	2   6   5 
 243	2   9   6 
 245	2   9  14 
 247	2  10   9 
 249	2  10  14 
 251	2   9  14 
 253	2  10   9 
 255	2   9   6 
 257	2   5   9 
 259	2   6   5 
 261	2   6   9 
 263	2   5   9 
 265	2   6   5 
 267	2   5   8 
 267	2  14  10 
 269	2  13   5 
 271	2   8  13 
 273	2   8   5 
 273	2  14  10 
 275	2  13   5 
 277	2   9   6 
 279	2   8  13 
 281	2   9   6 
 283	2   5   8 
 285	2   5   9 
 287	2   6   5 
 289	2   6   9 
 291	2   5   9 
 293	2   6   5 
 295	2   9   6 
 297	2   9  14 
 299	2  10   9 
 301	2  10  14 
 303	2   9  14 
 305	2  10   9 
 307	2   9   6 
 309	2   5   9 
 311	2   6   5 
 313	2   6   9 
 315	2   5   9 
 317	2   6   5 
 319	2   5   8 
 319	2  14  10 
 321	2  13   5 
 323	2   8  13 
 325	2   8   5 
 325	2  14  10 
 327	2  13   5 
 329	2   9   6 
 331	2   8  13 
 333	2   9   6 
 335	2   5   8 
 337	2   5   9 
 339	2   6   5 
 341	2   6   9 
 343	2   5   9 
 345	2   6   5 
 347	2   9   6 
 349	2   9  14 
 351	2  10   9 
 353	2  10  14 
 355	2   9  14 
 357	2  10   9 
 359	2   9   6 
 361	2   5   9 
 363	2   6   5 
 365	2   6   9 
 367	2   5   9 
 369	2   6   5 
 371	2   5   8 
 371	2  14  10 
 373	2   0   5 
 373	2  14  10 
 375	2   8   0 
 377	2   8   5 
 379	2   0   5 
 381	2   9   6 
 383	2   8   0 
 385	2   9   6 
 387	2   5   8 
 389	2   5   9 
 391	2   6   5 
 393	2   6   9 
 395	2   5   9 
 397	2   6   5 
 399	2   9   6 
 401	2   9  14 
 403	2  10   9 
 405	2  10  14 
 407	2   9  14 
 409	2  10   9 
 411	2   9   6 
 413	2   5   9 
 415	2   6   5 
 417	2   6   9 
 419	2   5   9 
 421	2   6   5 
 423	2   5   8 
 423	2  14  10 
 425	2   0   5 
 425	2  14  10 
 427	2   8   0 
 429	2   8   5 
 431	2   0   5 
 433	2   9   6 
 435	2   8   0 
 437	2   9   6 
 439	2   5   8 
 441	2   5   9 
 443	2   6   5 
 443	6  13   8 
 449	2   6   9 
 451	2   5   9 
 453	2   6   5 
 455	2   9   6 
 457	2   9  14 
 459	2  10   9 
 461	2  10  14 
 463	2   9  14 
 465	2  10   9 
 467	2   9   6 
 469	2   5   9 
 471	2   6   5 
 473	2   6   9 
 475	2   5   9 
 477	2  14  10 
 479	2   6   5 
 479	2  14  13 
 481	2   9   6 
 483	2   6  10 
 485	6  10   5 
 491	2  10  14 
 493	2  13  10 
 495	2  13  14 
 497	2  10  14 
 499	2  13  10 
 501	2  14  13 
 503	2  14   6 
 505	6  10   5 
 511	2  10  14 
 513	2  10   6 
 515	2  14   6 
 517	2  10  14 
 519	2  14  13 
 521	2   6  10 
 523	2   6  10 
 525	6  10   5 
 531	2  10  14 
 533	2  13  10 
 535	2  13  14 
 537	2  10  14 
 539	2  13  10 
 541	2  14  13 
 543	2  14   6 
 545	6  10   5 
 551	2  10  14 
 553	2  10   6 
 555	2  14   6 
 557	2  10  14 
 559	2  14  13 
 561	2   9  14 
 563	2  13   9 
 565	2  13  14 
 567	2   9  14 
 569	2  13   9 
 571	2   6  10 
 573	2   6  10 
 575	2  14  13 
 577	2  14   6 
 579	2  10  14 
 581	2  10   6 
 583	2  14   6 
 585	2  10  14 
 587	2  14  13 
 589	2   9  14 
 591	2  13   9 
 593	2  13  14 
 595	2   9  14 
 597	2  13   9 
 599	2   6  10 
 601	2   6  10 
 603	2  14  13 
 605	2  14   6 
 607	2  10  14 
 609	2  10   6 
 611	2  14   6 
 613	2  10  14 
 615	2   6  10 
 617	2  14  10 
 619	6   9   6 
 625	2  13   9 
 627	6   9   4 
 633	2   9  13 
 635	2   4   9 
 637	6   9   4 
 643	2   9  13 
 645	6   9   4 
 651	2   9  13 
 653	2   4   9 
 655	6   9   4 
 661	2  13   9 
 663	2  13  14 
 663	6   8   4 
 665	2  10  13 
 667	2  10  14 
 669	2  13  14 
 669	6   5   4 
 671	2  10  13 
 673	2  14  10 
 675	2  13   9 
 675	6   4   0 
 677	2  14  10 
 681	2   8  13 
 683	2   9   8 
 685	2   9  13 
 687	2   8  13 
 689	2   9   8 
 691	2  13   9 
 693	2  13  14 
 693	6   8   4 
 695	2  10  13 
 697	2  10  14 
 699	2  13  14 
 699	6   4   0 
 701	2  10  13 
 703	2  13   9 
 705	2   5  13 
 707	2   9   5 
 709	2   9  13 
 711	2   5  13 
 713	2   9   5 
 715	2  14  10 
 715	6  12   4 
 717	2  14  10 
 721	2  13   9 
 723	2  13  14 
 725	2  10  13 
 727	2  10  14 
 729	2  13  14 
 731	2  10  13 
 733	2  13   9 
 735	2   5  13 
 737	2   9   5 
 739	2   9  13 
 741	2   5  13 
 743	2   9   5 
 745	2  14  10 
 747	2  13   9 
 749	2  14  10 
 751	2  13  14 
 753	2  10  13 
 755	2  10  14 
 757	2  13  14 
 759	2  10  13 
 761	2  13   9 
 763	2   8  13 
 765	2   9   8 
 767	2   9  13 
 769	2   8  13 
 771	2   9   8 
 773	2  14  10 
 775	2  13   9 
 777	2  14  10 
 779	2  13  14 
 781	2  10  13 
 783	2  10  14 
 785	2  13  14 
 787	2  10  13 
 789	2  13   9 
 791	2   8  13 
 793	2   9   8 
 795	2   9  13 
 797	2   8  13 
 799	2   9   8 
 801	2  14  10 
 801	6   8   4 
 803	2  14  10 
 807	2  13   9 
 809	2  13  14 
 809	6   6   4 
 815	2  10  13 
 817	2  10  14 
 819	2  13  14 
 821	2  10  13 
 823	2  12  13 
 825	2   8  12 
 825	2  14  10 
 827	2  13   8 
 829	2  13  12 
 831	2   8  12 
 831	2  14  10 
 833	2  13   8 
 835	2   4   9 
 837	2  12  13 
 839	2  12   4 
 839	6  14  10 
 841	6   8   4 
 845	6  14  13 
 851	2   9  12 
 853	2   9   8 
 855	2  12   8 
 857	2   9  12 
 859	2   8   9 
 861	2   8  10 
 863	2  13   8 
 865	2  13  10 
 867	2   8  10 
 869	2  13   8 
 871	2   8   9 
 873	2  12   8 
 875	2   9  12 
 877	2   9   8 
 879	2  12   8 
 881	2   9  12 
 883	2  12  14 
 885	2   4  12 
 885	6  14  10 
 887	6   5   4 
 891	2  14  13 
 893	2  10   5 
 895	2   8   9 
 897	2   8   9 
 899	2  14  13 
 901	6  10   8 
 907	2   8  12 
 909	6   8   5 
 915	2   8  12 
 917	2   5   8 
 919	6   8   5 
 907	6  14  10 
 925	2  12   8 
 927	2  12  14 
 929	2   9  12 
 931	2   9  14 
 933	2  12  14 
 935	2   9  12 
 937	2  14   9 
 939	2  14  10 
 941	2  13  14 
 943	2  13  10 
 945	2  14  10 
 947	2  13  14 
 949	2  14   9 
 951	2  12  14 
 953	2   9  12 
 955	2   9  14 
 957	2  12  14 
 959	2   9  12 
 961	2  12   8 
 963	2  14   9 
 965	2  14   9 
 967	2  10  13 
 969	2  10  13 
 971	6  14  12 
 977	2  15  14 
 977	6   9   8 
 979	6  15  14 
 985	2   9  14 
 987	6  11   9 
 993	2  11  15 
 993	6  13  12 
 995	6  15  10 
1001	2  14  10 
1003	2  11  14 
1005	2  10  11 
1007	2  10  13 
1009	2   8  10 
1011	2   8  13 
1013	2  10  13 
1015	2   8  10 
1017	2  13   8 
1019	2  13  15 
1021	2  12  13 
1021	6  15  10 
1023	6  13  12 
1029	2  13  10 
1031	6  10   8 
1037	2  12   8 
1039	2  13  12 
1041	2   8  13 
1043	2   8  13 
1045	6  10   8 
1051	2  12   8 
1051	6  15  14 
1053	6   9   8 
1059	2  14  12 
1061	2   9  14 
1063	2   9  12 
1065	2  14  12 
1067	2   9  14 
1069	2  14  11 
1071	2  15  14 
1071	2  12   9 
1073	2  11  15 
1073	2  12   9 
1075	2  11  14 
1077	2  15  14 
1079	2  11  15 
1079	6  13  12 
1085	2  14  11 
1087	2  14  13 
1089	2   9  14 
1091	2   9  13 
1093	2  14  13 
1095	2   9  14 
1097	2  13   9 
1099	2  13  10 
1101	2  12  13 
1103	6  10   8 
1109	2  12   8 
1109	6  10   5 
1115	2  13   8 
1117	2  12  13 
1119	2  13   9 
1121	2  14  13 
1123	2   9  14 
1125	2   9  13 
1127	2  14  13 
1129	2   9  14 
1131	2  13   9 
1133	2   9  11 
1135	2  14   9 
1137	2  11  14 
1137	2   8  12 
1139	2  11   9 
1141	2  14   9 
1143	2  11  14 
1143	2   8  12 
1145	2   9  11 
1147	2   9   8 
1149	2  12   9 
1151	2  12   8 
1153	2   9   8 
1155	2  12   9 
1157	2   9  11 
1159	2  14   9 
1161	2  11  14 
1161	2   8  12 
1163	2  11   9 
1165	2  14   9 
1167	2  11  14 
1167	2   8  12 
1169	2   9  11 
1171	2   9   8 
1173	2  12   9 
1175	2  12   8 
1177	2   9   8 
1179	2  12   9 
1181	2   9  11 
1183	2  10   9 
1185	2  11  10 
1185	2   8  12 
1187	2  11   9 
1189	2  10   9 
1191	2  11  10 
1191	2   8  12 
1193	2   9  11 
1195	2   9   8 
1197	2  12   9 
1199	2  12   8 
1201	2   9   8 
1203	2  12   9 
1205	2   9  11 
1207	2  10   9 
1209	2  11  10 
1209	2   8  12 
1211	2  11   9 
1213	2  10   9 
1215	2  11  10 
1215	2   8  12 
1217	2   9  11 
1219	2   9   8 
1221	2  12   9 
1223	2  12   8 
1225	2   9   8 
1227	2  12   9 
1229	2   8  12 
1231	2   9  12 
1233	2  14   9 
1235	2  12  14 
1237	2  12   9 
1239	2  14   9 
1241	2  12  14 
1243	2   9  12 
1245	2   9  12 
1247	2  10   9 
1249	2  14  11 
1251	6  10   8 
1115	6   1   0 
1257	2  12   8 
1257	6   5   1 
1257	6  14  10 
1263	2  12   9 
1265	2   8   9 
1265	6  11   6 
1267	2  12   8 
1269	6  12   4 
1275	2   9   4 
1277	2   9   4 
1279	2   5   9 
1281	2   8  10 
1283	2   4   5 
1283	6  14  12 
1289	2   4   9 
1291	2   5   9 
1293	2   4   5 
1295	2   9   4 
1297	2  13   9 
1299	2  12   4 
1301	6   6   4 
1307	2   4   8 
1309	6   6   4 
1315	2   6  10 
1317	2   8  10 
1319	6   6   4 
1325	2   4   8 
1327	6   6   4 
1333	2  10   6 
1333	6   8   4 
1335	2  10  13 
1339	2   9  10 
1341	2   9  13 
1343	2  10  13 
1343	6   5   4 
1349	2   9  10 
1351	2  13   9 
1353	2  13  12 
1355	2   8  13 
1357	2   8  12 
1359	2  13  12 
1361	2   8  13 
1363	2  13   9 
1365	2  10  13 
1367	2   9  10 
1369	2   9  13 
1371	2  10  13 
1373	2   9  10 
1375	2  10   6 
1375	2  12   8 
1377	2   5  10 
1377	2  12   8 
1379	2   6   5 
1381	2   6  10 
1383	2   5  10 
1385	2  13   9 
1387	2   6   5 
1389	2  13   9 
1391	2  10   6 
1393	2  10  13 
1395	2   9  10 
1397	2   9  13 
1399	2  10  13 
1401	2   9  10 
1403	2  13   9 
1405	2  13  12 
1407	2   8  13 
1409	2   8  12 
1411	2  13  12 
1413	2   8  13 
1415	2  13   9 
1417	2  10  13 
1419	2   9  10 
1421	2   9  13 
1423	2  10  13 
1425	2   9  10 
1427	2  10   6 
1427	2  12   8 
1429	2  14  10 
1429	2  12   8 
1431	2   6  14 
1433	2   6  10 
1435	2  14  10 
1437	2  13   9 
1439	2   6  14 
1441	2  13   9 
1443	2  10   6 
1445	2  10  13 
1447	2   9  10 
1449	2   9  13 
1451	2  10  13 
1453	2   9  10 
1455	2  13   9 
1457	2  13  12 
1459	2   8  13 
1461	2   8  12 
1463	2  13  12 
1465	2   8  13 
1467	2  13   9 
1469	2  10  13 
1471	2   9  10 
1473	2   9  13 
1475	2  10  13 
1477	2   9  10 
1479	2  10   6 
1479	2  12   8 
1481	2  14  10 
1481	2  12   8 
1483	2   6  14 
1485	2   6  10 
1487	2  14  10 
1489	2  13   9 
1491	2   6  14 
1493	2  13   9 
1495	2  10   6 
1497	2  10  13 
1499	2   9  10 
1501	2   9  13 
1503	2  10  13 
1505	2   9  10 
1507	2  13   9 
1509	2  13  12 
1511	2   8  13 
1513	2   8  12 
1515	2  13  12 
1517	2   8  13 
1519	2  13   9 
1521	2  10  13 
1523	2   9  10 
1525	2   9  13 
1527	2  10  13 
1529	2   9  10 
1531	2  10   6 
1531	2  12   8 
1533	2  11  10 
1533	2  12   8 
1535	2   6  11 
1535	2  13   9 
1537	2   6  10 
1539	2  11  10 
1541	2   6  11 
1541	2  13   9 
1543	2  10   6 
1545	2  10  13 
1547	2   9  10 
1549	2   9  13 
1551	2  10  13 
1553	2   9  10 
1555	2  13   9 
1557	2  13  12 
1559	2   8  13 
1561	2   8  12 
1563	2  13  12 
1565	2   8  13 
1567	2  13   9 
1569	2  10  13 
1571	2   9  10 
1573	2   9  13 
1575	2  10  13 
1577	2   9  10 
1579	2  10   6 
1579	2  12   8 
1581	2  11  10 
1581	2  12   8 
1583	2   6  11 
1583	2  13   9 
1585	2   6  10 
1587	2  11  10 
1589	2   6  11 
1589	2  13   9 
1591	2  10   6 
1593	2  10  13 
1595	2   9  10 
1597	2   9  13 
1599	2  10  13 
1601	2   9  10 
1603	2  13   9 
1605	2  13  12 
1605	6   6   4 
1611	2   8  13 
1613	2   8  12 
1615	2  13  12 
1617	2   8  13 
1619	2  13   9 
1621	2  10  13 
1623	2   9  10 
1625	2   9  13 
1627	2  10  13 
1629	2   9  10 
1631	2  13   9 
1633	2  12   8 
1635	2   9  12 
1637	2  10   9 
1639	2   8   4 
1641	2  13   8 
1643	6  10   8 
1649	2  12   8 
1651	2  12   9 
1653	2   8   9 
1655	2  12   8 
1657	2   9  12 
1659	2   9  12 
1661	2   5   9 
1663	6  12   4 
1661	6  14  11 
1667	6  14  10 
1669	2   4   5 
1673	2   4   9 
1675	2   5   9 
1677	2   4   5 
1677	2  12  13 
1679	2   9   4 
1681	2   9   4 
1683	2   6   9 
1685	2   4   6 
1687	2   4   9 
1689	2   6   9 
1691	2   4   6 
1693	2   9   4 
1695	2   9   4 
1697	2  10   9 
1699	2  12  14 
1699	6   5   4 
1701	2  13  14 
1703	2  12  13 
1703	6  15  11 
1709	2   5  10 
1711	2   5   9 
1713	2  10   9 
1715	2   5  10 
1717	2   9   5 
1719	2   9   5 
1721	2  11   9 
1723	2  14  12 
1723	6   7   5 
1729	2   7  11 
1731	6   7   5 
1737	2   5   9 
1739	2  11   9 
1741	6   7   5 
1747	2   7  11 
1749	6   7   5 
1741	6  14  13 
1749	6  14  12 
1755	2   9   5 
1757	2   9   5 
1759	2  13   9 
1761	2   5  13 
1763	2   5   9 
1765	2  13   9 
1767	2   5  13 
1769	2  13  14 
1771	2  12  13 
1773	2  14  12 
1775	2  14  13 
1777	2  12  13 
1779	2  14  12 
1781	2   9   5 
1783	2   9   5 
1785	2  13  14 
1787	2  13   9 
1789	2   5  13 
1791	2   5   9 
1793	2  13   9 
1795	2   5  13 
1797	2  13  14 
1799	2  15  13 
1801	2  14  15 
1801	2   9   5 
1803	2  14  13 
1805	2  15  13 
1807	2  14  15 
1807	2   9   5 
1809	2  13  14 
1811	2  13   9 
1813	2   5  13 
1815	2   5   9 
1817	2  13   9 
1819	2   5  13 
1821	2  13  14 
1823	2  15  13 
1825	2  14  15 
1825	2   9   5 
1827	2  14  13 
1829	2  15  13 
1831	2  14  15 
1831	2   9   5 
1833	2  13  14 
1835	2  13   9 
1837	2   5  13 
1839	2   5   9 
1841	2  13   9 
1843	2   5  13 
1845	2   9   5 
