   1	2   6   3 
   1	6  15  13 
   3	6   6   1 
   7	6  13   9 
   9	2   6  11 
  11	2   7   6 
  13	2  11   7 
  13	2   9   5 
  15	2  11   6 
  17	2   7   6 
  19	2  11   7 
  19	6   9   1 
  25	2   6  11 
  27	2   6   1 
  29	2   5   6 
  31	2   5   1 
  33	2   6   1 
  35	2   5   6 
  37	2   1   5 
  39	2   1   9 
  41	2   3   1 
  41	6  10   9 
  43	6   7   3 
  47	6   9   1 
  49	6  11   7 
  55	2  11  10 
  57	2   9  10 
  59	2  11   9 
  61	2   9   5 
  61	6  15  14 
  63	2   6   9 
  65	2   5   6 
  67	2   5   9 
  67	6  14  11 
  73	2   6   9 
  75	2   5   6 
  77	2   6   7 
  79	2   3   6 
  81	2   7   3 
  81	2   9   5 
  83	2   7   6 
  85	2   3   6 
  87	2   7   3 
  87	2   9   5 
  89	2   6   7 
  91	2   6   9 
  93	2   5   6 
  95	2   5   9 
  95	6   3   2 
  97	2  10  14 
  99	2  10  14 
 101	2   6   9 
 103	2   5   6 
 105	2   9   5 
 107	2   9  10 
 109	2  14   9 
 111	2  14  10 
 113	2   9  10 
 115	2  14   9 
 117	2   9   5 
 119	2   6   9 
 121	2   5   6 
 123	2   5   9 
 125	2   6   9 
 127	2   5   6 
 129	2   6   7 
 131	2  11   6 
 133	2   7  11 
 133	2   9   5 
 135	2   7   6 
 135	6  14   9 
 141	2  11   6 
 143	2   7  11 
 143	2   2   5 
 145	2   6   7 
 147	2   6   2 
 149	2   5   6 
 151	2   5   2 
 153	2   6   2 
 155	2   5   6 
 157	2  10   9 
 159	2   2   5 
 161	2  10   9 
 163	2   2  10 
 165	6   5   2 
 171	2   9   5 
 173	2   9  10 
 175	2   5  10 
 177	2   9   5 
 179	2   5   2 
 181	2   6   5 
 183	2   2   6 
 185	2   2   5 
 187	2   6   5 
 189	2   2   6 
 191	2   6   7 
 193	2  11   6 
 195	2   7  11 
 195	2   5   2 
 197	2   7   6 
 199	2  11   6 
 201	2   7  11 
 201	2   5   2 
 203	2   6   7 
 205	2   6   5 
 207	2   2   6 
 209	2   2   5 
 209	6  11   7 
 211	6   8   0 
 215	6  14  11 
 217	2   6   5 
 219	2   2   6 
 221	2  10   9 
 223	2   5   2 
 223	6  14  12 
 229	2  10   9 
 231	2   5  10 
 233	2   9   5 
 235	2   9  10 
 237	2   5  10 
 239	2   9   5 
 241	2   5   2 
 243	2  10   9 
 245	2   6   5 
 247	2   9  12 
 247	2   2   6 
 249	2   8   9 
 251	2  12   8 
 251	2   2   5 
 253	2   6   5 
 255	2  12   9 
 255	2   2   6 
 257	2   8   9 
 257	6   6   2 
 259	2  12   8 
 261	2   9  12 
 263	2   5   6 
 265	2   6  10 
 267	2   9   6 
 269	2  10   9 
 271	2  10   6 
 273	2   9   6 
 275	2  10   9 
 277	2   9  12 
 279	2   8   9 
 281	2  12   8 
 281	2   6  10 
 283	2  12   9 
 285	2   8   9 
 287	2  12   8 
 287	2   6  10 
 289	2   9  12 
 291	2   9   6 
 293	2  10   9 
 295	2  10   6 
 295	6  13  12 
 301	2   9   6 
 297	6  15  11 
 303	2  10   9 
 305	2   6  10 
 307	2  13  10 
 309	2  15  13 
 311	2  10  15 
 313	2  10  13 
 315	2  15  13 
 317	2  10  15 
 319	2  13  10 
 321	2   6  10 
 323	6  11   6 
 323	6  14  13 
 329	2  15  11 
 331	2  10  15 
 333	2  10  11 
 335	2  15  11 
 337	2  10  15 
 339	2  11  10 
 341	2  10  14 
 343	2   7  10 
 345	2  11   9 
 347	6  10   7 
 353	2  14  10 
 355	6  10   7 
 361	2  14  10 
 363	2   7  10 
 365	6  10   7 
 371	2  14  10 
 373	6  10   7 
 379	2  10  14 
 381	2  10  11 
 383	2   9  10 
 385	2   9  11 
 387	2  10  11 
 389	2   9  10 
 391	2  10  14 
 393	2   7  10 
 395	2  11   9 
 397	2  11   9 
 399	6  10   7 
 405	2  14  10 
 407	6  10   7 
 413	2  14  10 
 415	2   7  10 
 417	6  10   7 
 423	2  14  10 
 425	6  10   7 
 431	2  10  14 
 433	2  10  11 
 435	2   9  10 
 437	2   9  11 
 439	2  10  11 
 441	2   9  10 
 443	2  11   9 
 445	2  15  11 
 445	6  13   5 
 451	2  13  14 
 451	6   5   2 
 457	2   5  13 
 459	2  10   9 
 461	6  10   5 
 467	2  14  10 
 469	2  14  13 
 471	2  10  13 
 473	2  14  10 
 475	2  13  14 
 477	2  13  15 
 479	6  11   9 
 485	2   9  13 
 487	6  11   9 
 493	2  11  15 
 495	2  13  15 
 497	6  11   9 
 503	2   9  13 
 505	6  11   9 
 511	2  15  11 
 511	6  13   5 
 517	2  15  13 
 519	6  11   9 
 525	2  11  15 
 527	6  11   9 
 533	2   9  13 
 535	2  15  13 
 537	6  11   9 
 543	2  11  15 
 545	6  11   9 
 551	2  15  11 
 551	2  13   9 
 553	2  13   9 
 553	6  15   7 
 559	2   5   7 
 561	6   7   5 
 567	2  11   7 
 569	6   7   5 
 575	2  11   7 
 577	2   5   7 
 579	6   7   5 
 577	6  15  14 
 585	2  11   7 
 585	6   9   5 
 587	2   7  15 
 591	2  10   7 
 593	2  15  10 
 595	2  15   7 
 597	2  10   7 
 599	2   9  11 
 601	2  15  10 
 603	2   9  11 
 605	2   7  15 
 607	2  10  15 
 609	6   7   5 
 615	2   5   9 
 617	6   7   5 
 623	2  11   7 
 625	2  11   9 
 627	6   7   5 
 633	2   5   9 
 635	6   7   5 
 641	2  11   7 
 643	2   9  11 
 645	2   9  13 
 645	6   7   6 
 647	6  15  14 
 651	2   5   9 
 653	2   5  13 
 655	2   9  13 
 657	2   5   9 
 659	2   9  11 
 661	2   6   9 
 663	2  11   6 
 663	6  12   8 
 659	6   1   0 
 665	6   2   1 
 669	2  11   9 
 671	2   6   9 
 673	2  11   6 
 675	2   6  10 
 677	2  14   6 
 679	2  14  10 
 679	6   7   2 
 685	2   6  10 
 687	2   9  11 
 689	2  14   6 
 691	2   9  11 
 693	2  10  14 
 695	2  10   9 
 697	2  11  10 
 699	2  11   9 
 701	2  10   9 
 703	2  11  10 
 705	2  13   5 
 707	2   9  11 
 709	2  13   5 
 711	2   9  13 
 711	6  15   7 
 713	2   5   9 
 717	2   5  13 
 719	2   9  13 
 721	2   5   9 
 723	2   9  11 
 725	2  10   9 
 727	2  11  10 
 729	2  11   9 
 731	2  10   9 
 733	2  11  10 
 735	2  10  14 
 737	2   6  10 
 739	2  14   6 
 741	2  14  10 
 743	2   6  10 
 745	2   9  11 
 747	2  14   6 
 749	2   9  11 
 751	2  10  14 
 753	2  10   9 
 755	2  11  10 
 757	2  11   9 
 759	2  10   9 
 761	2  11  10 
 763	2  13   5 
 765	2   9  11 
 767	2  13   5 
 769	2   9  13 
 771	2   5   9 
 773	2   5  13 
 775	2   9  13 
 777	2   5   9 
 779	2  13   5 
 781	2  14  13 
 781	6   6   5 
 783	2  12  14 
 785	2  13  12 
 787	2  13  14 
 787	6  11   6 
 793	2  12  14 
 795	2  13  12 
 797	2  14  13 
 799	2  14  13 
 801	2  15  14 
 801	2   9   6 
 803	2  13  15 
 805	2  13  14 
 807	2  15  14 
 807	6   9   6 
 813	2  13  15 
 815	2  14  13 
 817	2  10   6 
 819	2  11  14 
 821	2  15  11 
 823	2   9  10 
 825	2  14  15 
 825	2   9   6 
 827	2  10   6 
 829	2  14  11 
 831	2  15  11 
 833	2   9  10 
 835	2   6   9 
 835	2  14  15 
 837	2   9  13 
 839	2  11  14 
 841	2  11   9 
 843	6  11   9 
 849	2  13   9 
 851	6  11   9 
 857	2  13   9 
 859	2  11   9 
 861	6  11   9 
 867	2  13   9 
 869	2   9  14 
 871	6  11   9 
 877	2  15  11 
 877	2   9  13 
 879	2  14  15 
 881	2  14  11 
 883	2  15  11 
 883	2   9  13 
 885	2  14  15 
 887	2  11  14 
 889	2  11   9 
 891	6  11   9 
 897	2  13   9 
 899	6  11   9 
 905	2  13   9 
 907	2  11   9 
 909	6  11   9 
 915	2  13   9 
 917	6  11   9 
 923	2   9  13 
 923	6  15  11 
 929	2  13  15 
 931	2   5  13 
 931	6  15  11 
 933	6   6   5 
 937	6  15  13 
 939	6   7   6 
 943	2  14   9 
 945	2  10  14 
 945	6   5   1 
 947	2  11   7 
 949	2  11  15 
 951	2   9  10 
 953	2   7  15 
 955	2   9  14 
 955	2  11   7 
 957	2  10  14 
 959	2   9  10 
 961	2  15  11 
 961	6  13   5 
 963	2  15  11 
 967	2  14   9 
 969	2  14  15 
 971	2  11  14 
 973	2  11  15 
 975	2  14  15 
 977	2  11  14 
 979	2  14   9 
 981	2  10  14 
 983	2   9  10 
 985	2   9  14 
 987	2  10  14 
 989	2   9  10 
 991	2  15  11 
 993	2  14   9 
 995	2  15  11 
 997	2  14  15 
 999	2  11  14 
1001	2  11  15 
1003	2  14  15 
1005	2  11  14 
1007	2  14   9 
1009	2  13  14 
1011	2   9  13 
1011	2  15  11 
1013	2   9  14 
1015	2  13  14 
1017	2   9  13 
1017	2  15  11 
1019	2  14   9 
1021	2  14  15 
1023	2  11  14 
1025	2  11  15 
1027	2  14  15 
1029	2  11  14 
1031	2  14   9 
1033	2  13  14 
1035	2   9  13 
1035	2  15  11 
1037	2   9  14 
1039	2  13  14 
1041	2   9  13 
1041	2  15  11 
1043	2  14   9 
1045	2  14  15 
1047	2  11  14 
1049	2  11  15 
1051	2  14  15 
1053	2  11  14 
1055	2  14   9 
1057	2   6  14 
1059	2   9   6 
1059	2  15  11 
1061	2   9  14 
1063	2   6  14 
1065	2   9   6 
1065	2  15  11 
1067	2  14   9 
1069	2  14  15 
1071	2  11  14 
1073	2  11  15 
1075	2  14  15 
1077	2  11  14 
1079	2  14   9 
1081	2   6  14 
1083	2   9   6 
1083	2  15  11 
1085	2   9  14 
1087	2   6  14 
1089	2   9   6 
1089	2  15  11 
1091	2  14   9 
1093	2  14  15 
1095	2  11  14 
1097	2  11  15 
1099	2  14  15 
1101	2  11  14 
1103	2  15  11 
