   1	2   3   4 
   3	2   5   1 
   3	2   3   6 
   5	6   2   0 
  11	2   2   5 
  13	2   1   2 
  15	2   1   5 
  17	2   2   5 
  19	2   1   2 
  21	2   5   1 
   5	6   7   6 
  23	2   5   3 
  25	2   7   5 
  27	2   7   3 
  29	2   5   3 
  31	2   7   5 
  33	2   5   1 
  35	2   3   7 
  37	2   3   7 
  35	2   2   5 
  37	2   1   2 
  39	2   1   5 
  41	2   2   5 
  43	2   1   2 
  45	2   5   1 
  47	2   5   3 
  49	2   7   5 
  51	2   7   3 
  53	2   5   3 
  55	2   7   5 
  57	2   5   1 
  59	6   5   3 
  65	2   0   3 
  67	2   1   0 
  69	2   1   3 
  71	2   5   7 
  73	2   5   7 
  71	2   0   3 
  73	2   1   0 
  75	2   3   1 
  77	2   3   5 
  79	2   7   3 
  81	2   7   5 
  83	2   3   5 
  85	2   7   3 
  87	2   3   1 
  89	2   0   3 
  91	2   1   0 
  93	2   1   3 
  95	2   0   3 
  97	2   1   0 
  95	2   5   7 
  97	2   5   7 
  99	2   3   1 
 101	2   3   5 
 103	2   7   3 
 105	2   7   5 
 107	2   3   5 
 109	2   7   3 
 111	2   5   7 
 113	2   7   8 
 115	6   7   5 
 111	6   1   0 
 121	2   2   5 
 123	2   8   2 
 125	2   8   5 
 127	2   3   7 
 127	2   2   5 
 129	2   8   2 
 131	2   5   8 
 133	2   5   3 
 135	2   7   5 
 137	2   7   3 
 139	2   5   3 
 141	2   7   5 
 143	2   5   8 
 145	2   2   5 
 147	2   8   2 
 149	6   7   1 
 155	2   8   5 
 155	2   3   1 
 157	2   2   5 
 159	2   8   2 
 161	2   3   1 
 161	2   5   8 
 163	2   5   3 
 165	2   1   5 
 167	2   1   3 
 169	2   5   3 
 171	2   1   5 
 173	2   3   1 
 173	2   5   8 
 175	2   7   5 
 177	2   3   1 
 177	2   8   7 
 179	2   8   5 
 181	2   7   5 
 183	2   8   7 
 185	2   5   8 
 187	2   5   3 
 189	2   1   5 
 191	2   1   3 
 193	2   5   3 
 195	2   1   5 
 197	2   3   1 
 197	2   5   8 
 199	2   7   5 
 201	2   8   7 
 203	2   8   5 
 205	2   7   5 
 207	2   8   7 
 207	2   3   1 
 209	2   5   8 
 211	2   5   3 
 213	2   1   5 
 215	2   1   3 
 217	2   5   3 
 219	2   1   5 
 221	2   3   1 
 223	2   3   5 
 225	2   1   0 
 227	2   2   1 
 229	2   0   2 
 231	2   0   1 
 233	2   2   1 
 235	2   0   2 
 237	2   1   0 
 225	6   7   6 
 239	2   1   3 
 241	2   5   1 
 243	2   5   3 
 245	2   1   3 
 247	2   5   1 
 249	2   3   5 
 251	2   3   5 
 253	2   1   0 
 255	2   2   1 
 257	2   0   2 
 259	2   0   1 
 261	2   2   1 
 263	2   0   2 
 265	2   1   0 
 267	2   1   3 
 269	2   5   1 
 271	2   5   3 
 273	2   1   3 
 275	2   5   1 
 277	2   3   5 
 279	2   0   3 
 281	2   4   0 
 283	2   3   4 
 285	2   3   0 
 287	2   4   0 
 289	2   3   4 
 291	2   0   3 
 293	2   0   3 
 291	6   7   5 
 297	2   6   0 
 299	2   3   6 
 301	2   3   0 
 303	2   6   0 
 305	2   3   6 
 307	2   0   3 
 309	2   3   0 
 297	6   8   5 
 311	2   7   4 
 313	2   7   6 
 315	2   6   3 
 317	2   0   6 
 319	2   0   3 
 321	2   6   3 
 323	2   0   6 
 325	2   3   0 
 327	2   1   7 
 329	2   3   1 
 331	2   7   3 
 333	2   7   1 
 335	2   3   1 
 337	2   7   3 
 339	2   1   7 
 341	2   3   0 
 343	2   6   3 
 345	2   0   6 
 347	2   0   3 
 349	2   6   3 
 351	2   0   6 
 353	2   1   7 
 355	6   6   4 
 361	2   3   0 
 361	6   8   2 
 367	2   3   1 
 369	2   7   3 
 371	2   7   1 
 373	2   3   1 
 375	2   7   3 
 377	2   5   3 
 379	2   1   7 
 381	2   1   7 
 383	2   4   1 
 385	2   7   4 
 387	2   7   1 
 389	2   4   1 
 391	2   7   4 
 393	2   1   7 
 395	2   7   4 
 397	2   8   7 
 399	2   4   8 
 401	2   4   7 
 403	2   8   7 
 403	2   1   0 
 405	2   4   8 
 407	2   7   4 
 409	2   7   1 
 411	6   3   0 
 417	2   3   7 
 411	6   5   2 
 419	2   3   1 
 421	2   7   1 
 423	2   3   7 
 425	2   1   3 
 427	2   1   2 
 429	2   0   1 
 431	2   0   2 
 433	2   1   2 
 435	2   0   1 
 437	2   2   0 
 439	2   2   0 
 441	2   1   3 
 443	2   7   1 
 445	2   3   7 
 447	2   3   1 
 449	2   7   1 
 451	2   3   7 
 453	2   7   4 
 455	2   8   7 
 455	2   1   3 
 457	2   4   8 
 459	2   4   7 
 461	2   8   7 
 461	2   1   3 
 463	2   4   8 
 465	2   7   4 
 467	2   7   1 
 469	2   3   7 
 471	2   3   1 
 473	2   7   1 
 475	2   3   7 
 477	2   1   3 
 479	2   1   2 
 481	2   0   1 
 483	2   0   2 
 485	2   1   2 
 487	2   0   1 
 489	2   2   0 
 491	2   1   3 
 493	2   7   1 
 495	2   3   7 
 497	2   3   1 
 499	2   7   1 
 501	2   3   7 
 503	2   2   0 
 505	2   1   3 
 507	2   1   7 
 509	2   4   1 
 511	2   7   4 
 513	2   7   1 
 515	2   4   1 
 517	2   7   4 
 519	2   1   7 
 521	2   7   4 
 523	2   1   3 
 523	2   8   7 
 525	2   4   8 
 527	2   4   7 
 529	2   8   7 
 531	2   4   8 
 533	2   7   4 
 535	2   7   1 
 537	2   3   7 
 539	2   3   1 
 541	2   7   1 
 543	2   3   7 
 545	2   1   3 
 547	2   1   2 
 549	2   0   1 
 551	2   0   2 
 553	2   1   2 
 555	2   0   1 
 557	2   2   0 
 559	2   2   0 
 561	2   1   3 
 563	2   7   1 
 565	2   3   7 
 567	2   3   1 
 569	2   7   1 
 571	2   3   7 
 573	2   7   4 
 575	2   8   7 
 575	2   1   3 
 577	2   4   8 
 579	2   4   7 
 581	2   1   3 
 581	2   8   7 
 583	2   4   8 
 585	2   7   4 
 587	2   7   1 
 589	2   3   7 
 591	2   3   1 
 593	2   7   1 
 595	2   3   7 
 597	2   1   3 
 599	2   1   2 
 601	2   0   1 
 603	2   0   2 
 605	2   1   2 
 607	2   0   1 
 609	2   2   0 
 611	2   1   3 
 613	2   7   1 
 615	2   3   7 
 617	2   3   1 
 619	2   7   1 
 621	2   3   7 
 621	6   5   2 
 627	2   5   7 
 629	2   1   3 
 631	2   1   3 
 633	2   4   1 
 635	2   3   4 
 637	2   3   1 
 639	2   4   1 
 641	2   3   4 
 643	2   1   3 
 645	2   1   5 
 647	2   7   1 
 649	2   7   5 
 651	2   1   5 
 653	2   7   1 
 655	2   5   7 
 657	2   5   7 
 659	2   1   3 
 661	2   4   1 
 663	2   3   4 
 665	6   8   6 
 671	2   3   1 
 673	2   4   1 
 675	2   3   4 
 677	6   6   0 
 683	2   1   3 
 685	2   1   5 
 687	2   7   1 
 689	2   7   5 
 691	2   1   5 
 693	2   7   1 
 695	2   1   3 
 697	2   5   7 
 699	2   5   8 
 697	2   0   1 
 699	2   3   0 
 701	2   3   1 
 703	2   5   7 
 703	2   0   1 
 705	2   3   0 
 707	2   1   3 
 709	2   1   5 
 711	2   7   1 
 713	2   7   5 
 715	2   1   5 
 717	2   7   1 
 719	2   1   3 
 721	2   5   7 
 721	2   0   1 
 723	2   3   0 
 725	2   3   1 
 727	2   5   7 
 727	2   0   1 
 729	2   3   0 
 731	2   1   3 
 733	2   1   5 
 735	2   7   1 
 737	2   7   5 
 739	2   1   5 
 741	2   7   1 
 743	2   5   7 
 745	2   1   3 
 747	2   4   1 
 749	2   3   4 
 751	2   3   1 
 753	2   5   7 
 755	2   4   1 
 757	2   3   4 
 759	2   1   3 
 761	2   1   5 
 763	2   7   1 
 765	2   7   5 
 767	2   1   5 
 769	2   7   1 
 771	2   1   3 
 773	2   4   1 
 775	2   3   4 
 777	2   3   1 
 779	2   4   1 
 781	2   3   4 
 783	6   8   4 
 789	6   6   4 
 795	2   5   7 
 797	2   5   7 
 799	2   1   3 
 801	2   3   4 
 803	2   1   5 
 803	2   6   3 
 805	2   4   6 
 807	2   4   3 
 809	2   7   1 
 811	2   7   5 
 813	2   6   3 
 813	2   1   5 
 815	2   4   6 
 817	2   3   4 
 819	2   7   1 
 821	2   5   7 
 823	2   4   7 
 825	2   8   4 
 827	2   7   8 
 829	2   7   4 
 831	2   8   4 
 833	2   7   8 
 835	2   4   7 
 837	2   4   1 
 839	2   7   5 
 841	2   8   7 
 843	2   5   8 
 845	2   5   7 
 847	2   8   7 
 849	2   5   8 
 851	2   7   5 
 853	2   7   4 
 855	2   1   7 
 857	2   1   4 
 859	2   7   4 
 861	2   1   7 
 863	2   4   1 
 865	2   4   1 
 867	2   7   5 
 869	2   8   7 
 871	2   5   8 
 873	2   5   7 
 875	2   8   7 
 877	2   5   8 
 879	2   7   5 
 881	2   7   4 
 883	2   1   7 
 885	2   1   4 
 887	6   5   1 
 893	2   7   4 
 895	2   5   7 
 897	2   4   5 
 899	2   5   7 
 901	2   8   5 
 903	2   1   4 
 905	2   7   8 
 907	2   7   5 
 909	6   6   0 
 909	2   8   5 
 915	2   7   8 
 917	2   5   7 
 919	2   5   3 
 921	2   7   8 
 923	2   6   7 
 925	2   8   6 
 927	2   8   7 
 929	2   6   7 
 931	2   8   6 
 933	2   7   8 
 935	2   7   5 
 937	2   3   7 
 939	2   3   5 
 941	2   7   5 
 943	2   3   7 
 945	2   5   3 
 947	2   5   1 
 949	2   4   5 
 951	2   4   1 
 953	2   5   1 
 955	2   4   5 
 957	2   1   4 
 959	2   1   4 
 961	2   5   3 
 963	2   7   5 
 965	2   3   7 
 967	2   3   5 
 969	2   7   5 
 971	2   3   7 
 973	2   5   3 
 975	2   5   3 
 977	2   7   8 
 979	2   6   7 
 981	2   8   6 
 983	2   8   7 
 985	2   6   7 
 987	2   8   6 
 989	2   7   8 
 991	2   7   5 
 993	2   3   7 
 995	2   3   5 
 997	2   7   5 
 999	2   3   7 
1001	2   5   3 
1003	2   5   1 
1005	2   4   5 
1007	2   4   1 
1009	2   5   1 
1011	2   4   5 
1013	2   1   4 
1015	2   1   4 
1017	2   5   3 
1019	2   7   5 
1021	2   3   7 
1023	2   3   5 
1025	2   7   5 
1027	2   3   7 
1029	2   5   3 
1031	2   5   7 
1033	2   8   5 
1035	2   7   8 
1037	2   7   5 
1039	2   8   5 
1041	2   7   8 
1043	2   5   7 
1045	2   5   3 
1047	2   7   8 
1049	2   6   7 
1051	2   8   6 
1053	2   8   7 
1055	2   6   7 
1057	2   8   6 
1059	2   7   8 
1061	2   7   5 
1063	2   3   7 
1065	2   3   5 
1067	2   7   5 
1069	2   3   7 
1071	2   5   3 
1073	2   5   1 
1075	2   4   5 
1077	2   4   1 
1079	2   5   1 
1081	2   4   5 
1083	2   1   4 
1085	2   1   4 
1087	2   5   3 
1089	2   7   5 
1091	2   3   7 
1093	2   3   5 
1095	2   7   5 
1097	2   3   7 
1099	2   5   3 
1101	2   5   3 
1103	2   7   8 
1105	2   6   7 
1107	2   8   6 
1109	2   8   7 
1111	2   6   7 
1113	2   8   6 
1115	2   7   8 
1117	2   7   5 
1119	2   3   7 
1121	2   3   5 
1123	2   7   5 
1125	2   3   7 
1127	2   5   3 
1129	2   5   1 
1131	2   4   5 
1133	2   4   1 
1135	2   5   1 
1137	2   4   5 
1139	2   1   4 
1141	2   5   3 
1143	2   7   5 
1145	2   3   7 
1147	2   3   5 
1149	2   7   5 
1151	2   3   7 
1153	2   5   3 
