   1	2   1   0 
   3	2   4   1 
   5	2   0   4 
   7	2   0   1 
   9	2   4   1 
  11	2   0   4 
  13	6   4   0 
  19	2   1   4 
  21	2   4   5 
  23	2   1   0 
  25	6   8   2 
  31	2   2   1 
  25	6   6   3 
  33	2   0   2 
  35	2   0   1 
  35	2   6   8 
  37	2   2   1 
  39	2   0   2 
  41	2   1   0 
  43	2   1   4 
  45	2   5   1 
  47	2   5   4 
  49	2   1   4 
  51	2   5   1 
  53	2   4   5 
  55	2   4   6 
  57	2   8   4 
  59	2   8   6 
  61	2   4   6 
  63	2   8   4 
  65	2   4   5 
  67	2   1   4 
  69	2   5   1 
  71	2   5   4 
  73	2   1   4 
  75	2   5   1 
  77	2   4   5 
  79	2   4   5 
  81	2   1   0 
  81	2   6   8 
  83	2   6   8 
  83	2   2   1 
  85	2   0   2 
  87	2   0   1 
  89	2   2   1 
  91	2   0   2 
  93	2   1   0 
  95	2   1   4 
  97	2   5   1 
  99	2   5   4 
 101	2   1   4 
 103	2   5   1 
 105	2   4   5 
 107	2   4   6 
 109	2   8   4 
 111	2   8   6 
 113	2   4   6 
 115	2   8   4 
 117	2   4   5 
 119	2   1   4 
 121	2   5   1 
 123	2   5   4 
 125	2   1   4 
 127	2   5   1 
 129	2   4   5 
 131	2   1   4 
 133	2   0   1 
 133	2   6   8 
 135	2   4   0 
 137	2   4   1 
 139	2   0   1 
 141	2   4   0 
 143	2   1   4 
 145	2   4   5 
 147	2   1   0 
 147	2   6   8 
 149	2   2   1 
 151	2   0   2 
 153	2   0   1 
 155	2   2   1 
 157	2   0   2 
 159	2   1   0 
 161	2   1   4 
 163	2   5   1 
 165	2   5   4 
 167	2   1   4 
 169	2   5   1 
 171	2   4   5 
 173	2   4   6 
 175	2   8   4 
 177	2   8   6 
 179	2   4   6 
 181	2   8   4 
 183	2   4   5 
 185	2   1   4 
 187	2   5   1 
 189	2   5   4 
 191	2   1   4 
 193	2   5   1 
 195	2   4   5 
 197	2   4   5 
 199	2   1   0 
 199	2   6   8 
 201	2   6   8 
 201	2   2   1 
 203	2   0   2 
 205	2   0   1 
 207	2   2   1 
 209	2   0   2 
 211	2   1   0 
 213	2   1   4 
 215	2   5   1 
 217	2   5   4 
 219	2   1   4 
 221	2   5   1 
 223	2   4   5 
 225	2   4   6 
 227	2   8   4 
 229	2   8   6 
 231	2   4   6 
 233	2   8   4 
 235	2   4   5 
 237	2   1   4 
 239	2   5   1 
 241	2   5   4 
 243	2   1   4 
 245	2   5   1 
 247	2   4   5 
 249	2   1   0 
 251	2   4   1 
 253	2   0   4 
 255	2   0   1 
 257	2   4   1 
 259	2   0   4 
 261	2   1   0 
 263	2   1   4 
 265	2   2   1 
 267	2   4   2 
 269	2   4   1 
 271	2   6   8 
 271	2   2   1 
 273	2   4   2 
 275	6   4   0 
 281	2   4   5 
 283	2   1   0 
 283	2   6   8 
 285	2   1   4 
 287	2   5   1 
 289	2   5   4 
 291	2   1   4 
 293	2   5   1 
 295	2   4   5 
 297	2   4   6 
 299	2   8   4 
 301	2   8   6 
 303	2   4   6 
 305	2   8   4 
 307	2   4   5 
 309	2   1   4 
 311	2   5   1 
 313	2   5   4 
 315	2   1   4 
 317	2   5   1 
 319	2   4   5 
 321	2   4   5 
 323	2   1   0 
 323	2   6   8 
 325	2   6   8 
 325	2   2   1 
 327	2   0   2 
 329	2   0   1 
 331	2   2   1 
 333	2   0   2 
 335	2   1   0 
 337	2   1   4 
 339	2   5   1 
 341	2   5   4 
 343	2   1   4 
 345	2   5   1 
 347	2   4   5 
 349	2   4   6 
 351	2   8   4 
 353	2   8   6 
 355	2   4   6 
 357	2   8   4 
 359	2   4   5 
 361	2   1   4 
 363	2   5   1 
 365	2   5   4 
 367	2   1   4 
 369	2   5   1 
 371	2   4   5 
 373	2   1   4 
 375	2   0   1 
 375	2   6   8 
 377	2   4   0 
 379	2   4   1 
 381	2   0   1 
 383	2   4   0 
 385	2   1   4 
 387	2   4   5 
 389	2   1   0 
 389	2   6   8 
 391	2   2   1 
 393	2   0   2 
 395	2   0   1 
 397	2   2   1 
 399	2   0   2 
 401	2   1   0 
 403	2   1   4 
 405	2   5   1 
 407	2   5   4 
 409	2   1   4 
 411	2   5   1 
 413	2   4   5 
 415	2   4   6 
 417	2   8   4 
 419	2   8   6 
 421	2   4   6 
 423	2   8   4 
 425	2   4   5 
 427	2   1   4 
 429	2   5   1 
 431	2   5   4 
 433	2   1   4 
 435	2   5   1 
 437	2   4   5 
 439	2   4   5 
 441	2   1   0 
 441	2   6   8 
 443	2   6   8 
 443	2   2   1 
 445	2   0   2 
 447	2   0   1 
 449	2   2   1 
 451	2   0   2 
 453	2   1   0 
 445	6   8   7 
 455	2   1   4 
 457	2   5   1 
 459	2   5   4 
 461	2   1   4 
 463	2   5   1 
 465	2   4   5 
 467	2   4   6 
 469	2   7   4 
 471	2   7   6 
 471	6   5   1 
 477	2   4   6 
 479	2   7   4 
 481	2   4   1 
 483	2   5   4 
 485	2   6   7 
 485	2   1   5 
 487	2   1   4 
 489	2   5   4 
 491	2   1   5 
 493	2   4   1 
 495	2   4   6 
 497	2   0   1 
 497	2   7   5 
 499	2   2   0 
 501	2   1   2 
 503	2   1   0 
 505	2   2   0 
 507	2   1   2 
 509	2   0   1 
 511	2   0   4 
 513	2   6   0 
 515	2   6   4 
 517	2   0   4 
 519	2   6   0 
 521	2   4   6 
 523	2   4   7 
 525	2   5   4 
 527	2   5   7 
 529	2   4   7 
 531	2   5   4 
 533	2   4   6 
 535	2   0   4 
 537	2   6   0 
 539	2   7   5 
 541	2   7   5 
 543	2   6   4 
 545	2   0   4 
 547	2   6   0 
 549	2   4   6 
 551	2   4   6 
 553	2   0   1 
 555	2   2   0 
 557	2   1   2 
 559	2   1   0 
 561	2   2   0 
 563	2   1   2 
 565	2   0   1 
 567	2   0   4 
 569	2   6   0 
 571	2   6   4 
 573	2   0   4 
 575	2   6   0 
 577	2   4   6 
 579	2   4   7 
 581	2   5   4 
 583	2   5   7 
 585	2   4   7 
 587	2   5   4 
 589	2   4   6 
 591	2   0   4 
 593	2   7   5 
 595	2   6   0 
 597	2   6   4 
 599	2   0   4 
 601	2   6   0 
 603	2   4   6 
 605	2   0   4 
 607	2   6   7 
 607	6   1   0 
 613	2   5   1 
 615	2   4   5 
 617	2   4   1 
 619	2   5   1 
 621	2   4   5 
 623	2   1   4 
 625	2   4   0 
 627	2   1   5 
 629	2   2   1 
 631	2   5   2 
 633	2   5   1 
 635	2   2   1 
 637	2   5   2 
 639	2   1   5 
 641	2   1   4 
 643	2   0   1 
 645	2   0   4 
 647	2   1   4 
 649	2   0   1 
 651	2   4   0 
 653	2   4   6 
 655	2   7   4 
 657	2   7   6 
 659	2   4   6 
 661	2   7   4 
 663	2   4   0 
 665	2   1   4 
 667	2   6   7 
 667	2   0   1 
 669	2   0   4 
 671	2   1   4 
 673	2   6   7 
 673	2   0   1 
 675	2   4   0 
 677	2   4   0 
 679	2   1   5 
 681	2   2   1 
 683	2   5   2 
 685	2   5   1 
 687	2   2   1 
 689	2   5   2 
 691	2   1   5 
 693	2   1   4 
 695	2   0   1 
 697	2   0   4 
 699	2   1   4 
 701	2   0   1 
 703	2   4   0 
 705	2   4   6 
 707	2   7   4 
 709	2   7   6 
 711	2   4   6 
 713	2   7   4 
 715	2   4   0 
 717	2   1   4 
 719	2   6   7 
 719	2   0   1 
 721	2   0   4 
 723	2   1   4 
 725	2   6   7 
 725	2   0   1 
 727	2   4   0 
 729	2   1   4 
 731	2   5   1 
 733	2   4   5 
 735	2   4   1 
 737	2   5   1 
 739	2   4   5 
 741	2   1   4 
 743	2   4   0 
 745	2   1   5 
 747	2   2   1 
 749	2   5   2 
 751	2   5   1 
 753	2   2   1 
 755	2   5   2 
 757	2   1   5 
 759	2   1   4 
 761	2   0   1 
 763	2   0   4 
 765	2   1   4 
 767	2   0   1 
 769	2   4   0 
 771	2   4   6 
 773	2   7   4 
 775	2   7   6 
 777	2   4   6 
 779	2   7   4 
 781	2   4   0 
 783	2   1   4 
 785	2   6   7 
 787	2   6   7 
 785	2   0   1 
 789	2   0   4 
 791	2   1   4 
 793	2   0   1 
 795	2   1   5 
 797	2   4   0 
 799	2   4   0 
 801	2   2   1 
 803	2   5   2 
 805	2   5   1 
 807	2   2   1 
 809	6   5   2 
 815	2   2   5 
 817	2   1   2 
 819	2   1   4 
 821	2   0   1 
 823	2   0   4 
 825	2   1   4 
 827	2   0   1 
 829	2   4   0 
 831	2   4   6 
 833	2   7   4 
 835	2   7   6 
 837	2   4   6 
 839	2   7   4 
 841	2   4   0 
 843	2   1   4 
 845	2   0   1 
 845	2   6   7 
 847	2   0   4 
 849	2   1   4 
 851	2   0   1 
 853	6   5   1 
 859	2   4   0 
 861	2   2   0 
 863	6   8   6 
 863	2   1   2 
 865	2   0   1 
 869	2   4   8 
 871	2   0   2 
 873	2   1   2 
 875	2   7   5 
 875	2   0   1 
 877	2   2   0 
 879	2   2   4 
 881	2   8   2 
 883	2   8   4 
 885	2   2   4 
 887	2   8   2 
 889	2   4   8 
 891	2   4   7 
 893	2   5   4 
 895	2   5   7 
 897	2   4   7 
 899	2   5   4 
 901	2   4   8 
 903	2   2   4 
 905	2   8   2 
 907	2   8   4 
 909	2   2   4 
 911	2   8   2 
 913	2   4   8 
 915	2   4   8 
 917	2   2   0 
 919	2   1   2 
 921	2   7   5 
 921	2   0   1 
 923	2   0   2 
 925	2   1   2 
 927	2   7   5 
 927	2   0   1 
 929	2   2   0 
 931	2   2   4 
 933	2   8   2 
 935	2   8   4 
 937	2   2   4 
 939	2   8   2 
 941	2   4   8 
 943	2   4   7 
 945	2   5   4 
 947	2   5   7 
 949	2   4   7 
 951	2   5   4 
 953	2   4   8 
 955	2   2   4 
 957	2   8   2 
 959	2   8   4 
 961	2   2   4 
 963	2   8   2 
 965	2   4   8 
 967	2   2   0 
 969	2   1   2 
 971	2   0   1 
 971	2   7   5 
 973	2   7   4 
 975	2   0   2 
 977	2   1   2 
 979	2   5   8 
 979	2   0   1 
 981	2   2   0 
 983	2   2   5 
 985	2   8   2 
 987	2   8   5 
 989	2   2   5 
 991	2   8   2 
 993	2   5   8 
 995	2   5   7 
 997	2   4   5 
 999	2   4   7 
1001	2   5   7 
1003	2   4   5 
1005	2   7   4 
1007	2   7   4 
1009	2   5   8 
1011	2   2   5 
1013	2   8   2 
1015	2   8   5 
1017	2   2   5 
1019	2   8   2 
1021	2   2   0 
1023	2   1   2 
1025	2   0   1 
1025	2   5   8 
1027	2   0   2 
1029	2   1   2 
1031	2   5   8 
1031	2   0   1 
1033	2   2   0 
1035	2   2   5 
1037	2   8   2 
1035	6   3   0 
1039	2   8   5 
1041	2   2   5 
1043	2   8   2 
1045	2   5   8 
1047	2   5   7 
1049	2   4   5 
1051	2   4   7 
1053	2   5   7 
1055	2   4   5 
1057	2   7   4 
1059	2   5   8 
1061	2   2   5 
1063	2   8   2 
1065	2   8   5 
1067	2   2   5 
1069	2   8   2 
1071	2   5   8 
1073	2   8   2 
1075	2   5   4 
1077	2   7   5 
1079	2   4   7 
1081	2   4   5 
1083	2   7   5 
1085	2   4   7 
1087	2   5   4 
1089	2   4   3 
1091	2   5   7 
1093	2   1   5 
1095	2   7   1 
1097	2   7   5 
1099	2   1   5 
1101	2   7   1 
1103	2   5   7 
1105	2   5   4 
1107	2   3   5 
1109	2   3   4 
1111	2   5   4 
1113	2   3   5 
1115	2   4   3 
1117	2   4   8 
1119	2   2   4 
1121	2   2   8 
1123	2   4   8 
1125	2   2   4 
1127	2   8   2 
1129	2   8   2 
1131	2   4   3 
1133	2   5   4 
1135	2   3   5 
1137	2   3   4 
1139	2   5   4 
1141	2   3   5 
1143	2   4   3 
1145	2   5   7 
1147	2   4   3 
1149	2   1   5 
1151	2   7   1 
1153	2   7   5 
1155	2   1   5 
1157	2   7   1 
1159	2   5   7 
1161	2   5   4 
1163	2   3   5 
1165	2   3   4 
1167	2   5   4 
1169	2   3   5 
1171	2   4   3 
1173	2   4   8 
1175	2   2   4 
1177	2   2   8 
1179	2   4   8 
1181	2   2   4 
1183	2   8   2 
1185	2   8   2 
1187	2   4   3 
1189	2   5   4 
1191	2   3   5 
1193	2   3   4 
1195	2   5   4 
1197	2   3   5 
1199	2   4   3 
1201	2   5   4 
1203	2   7   5 
1205	2   4   7 
1207	2   4   5 
1209	2   7   5 
1211	2   4   7 
1213	2   5   4 
1215	2   5   7 
1217	2   4   3 
1219	2   1   5 
1221	2   7   1 
1223	2   7   5 
1225	2   1   5 
1227	2   7   1 
1229	2   5   7 
1231	2   5   4 
1233	2   3   5 
1235	2   3   4 
1237	2   5   4 
1239	2   3   5 
1241	2   4   3 
1243	2   4   8 
1245	2   2   4 
1247	2   2   8 
1249	2   4   8 
1251	2   2   4 
1253	2   8   2 
1255	2   8   2 
1257	2   4   3 
1259	2   5   4 
1261	2   3   5 
1263	2   3   4 
1265	2   5   4 
1267	2   3   5 
1269	2   4   3 
1271	2   4   3 
1273	2   5   7 
1275	2   1   5 
1277	2   7   1 
1279	2   7   5 
1281	2   1   5 
1283	2   7   1 
1285	2   5   7 
1287	2   5   4 
1289	2   3   5 
1291	2   3   4 
1293	2   5   4 
1295	2   3   5 
1297	2   4   3 
1299	2   4   8 
1301	2   2   4 
1303	2   2   8 
1305	2   4   8 
1307	2   2   4 
1309	2   8   2 
1311	2   4   3 
1313	2   5   4 
1315	2   3   5 
1317	2   3   4 
1319	2   5   4 
1321	2   3   5 
1323	2   4   3 
1325	2   4   8 
1327	2   2   5 
1327	2   7   3 
1329	2   1   7 
1331	2   3   1 
1333	2   3   7 
1335	2   1   7 
1337	2   3   1 
1339	2   7   3 
1341	2   7   4 
1343	2   8   7 
1345	2   8   4 
1347	2   7   4 
1349	2   8   7 
1351	2   4   8 
1353	2   4   2 
1355	2   5   4 
1357	2   5   2 
1359	2   4   2 
1361	2   5   4 
1363	2   4   8 
1365	2   7   4 
1367	2   8   7 
1369	2   8   4 
1371	2   7   4 
1373	2   8   7 
1375	2   2   5 
1375	2   7   3 
1377	2   4   8 
1379	2   4   8 
1381	2   1   7 
1383	2   3   1 
1385	2   2   5 
1385	2   3   7 
1387	2   1   7 
1389	2   3   1 
1391	2   7   3 
1393	2   7   4 
1395	2   8   7 
1397	2   8   4 
1399	2   7   4 
1401	2   8   7 
1403	2   4   8 
1405	2   4   2 
1407	2   5   4 
1409	2   5   2 
1411	2   4   2 
1413	2   5   4 
1415	2   4   8 
1417	2   7   4 
1419	2   8   7 
1421	2   8   4 
1423	2   7   4 
1425	2   8   7 
1427	2   7   3 
1427	2   2   5 
1429	2   4   8 
1431	2   1   7 
1433	2   3   1 
1433	2   5   8 
1435	2   3   7 
1437	2   2   4 
1439	2   1   7 
1441	2   3   1 
1443	2   7   3 
1445	2   7   5 
1447	2   8   7 
1449	2   8   5 
1451	2   7   5 
1453	2   8   7 
1455	2   5   8 
1457	2   5   2 
1459	2   4   5 
1461	2   4   2 
1463	2   5   2 
1465	2   4   5 
1467	2   5   8 
1469	2   2   4 
1471	2   2   4 
1473	2   7   5 
1475	2   8   7 
1477	2   8   5 
1479	2   7   5 
1481	2   8   7 
1483	2   7   3 
1485	2   1   7 
1487	2   5   8 
1487	2   3   1 
1489	2   3   7 
1491	2   1   7 
1493	2   3   1 
1493	2   5   8 
1495	2   7   3 
1497	2   7   5 
1499	2   8   7 
1501	2   8   5 
1503	2   7   5 
1505	2   8   7 
1507	2   5   8 
1509	6   4   2 
1515	2   5   4 
1517	2   2   5 
1519	2   2   4 
1521	2   5   4 
1523	2   2   5 
1525	2   5   8 
1527	2   7   5 
1529	2   4   2 
1531	2   8   7 
1533	2   8   5 
1535	2   7   5 
1537	2   8   7 
1539	2   7   3 
1541	2   1   7 
1543	2   5   8 
1543	2   3   1 
1545	2   4   8 
1547	2   5   2 
1547	2   3   7 
1549	2   1   7 
1551	2   3   1 
1553	2   7   3 
1555	2   7   4 
1557	2   8   7 
1559	2   8   4 
1561	2   7   4 
1563	2   8   7 
1565	2   4   8 
1567	2   4   5 
1569	2   2   4 
1571	2   2   5 
1573	2   4   5 
1575	2   2   4 
1577	2   4   8 
1579	2   7   4 
1581	2   8   7 
1583	2   5   2 
1585	2   5   2 
1587	2   8   4 
1589	2   7   4 
1591	2   8   7 
1593	2   4   8 
1595	2   4   8 
1597	2   7   3 
1599	2   1   7 
1601	2   3   1 
1603	2   3   7 
1605	2   1   7 
1607	2   3   1 
1609	6   8   6 
1609	6   1   0 
1615	2   7   3 
1617	2   7   4 
1619	2   6   7 
1621	2   6   4 
1623	2   7   4 
1625	2   6   7 
1627	2   4   6 
1629	2   4   5 
1631	2   2   4 
1633	2   2   5 
1635	2   4   5 
1637	2   2   4 
1639	2   4   6 
1641	2   7   4 
1643	2   5   2 
1643	2   6   7 
1645	6   6   4 
1651	6   5   1 
1657	2   4   6 
1659	2   7   6 
1659	2   1   2 
1661	2   4   7 
1663	2   6   4 
1665	2   3   4 
1667	2   7   6 
1669	2   0   3 
1671	2   4   0 
1673	2   4   3 
1675	2   0   3 
1677	6   2   0 
1677	6   7   6 
1683	2   4   2 
1685	2   3   4 
1687	2   4   1 
1689	2   0   4 
1691	2   0   1 
1693	2   4   1 
1695	2   0   4 
1697	2   1   0 
1699	2   0   3 
1701	2   1   4 
1703	2   2   1 
1705	2   4   2 
1707	2   4   1 
1709	2   2   1 
1711	2   4   2 
1713	2   1   4 
1715	6   4   0 
1721	2   1   4 
1723	2   3   1 
1725	2   3   4 
1727	2   1   4 
1729	2   3   1 
1731	2   4   3 
1733	2   4   6 
1735	2   7   4 
1737	2   7   6 
1739	2   4   6 
1741	2   7   4 
1743	2   4   3 
1745	2   1   4 
1747	2   3   1 
1749	2   3   4 
1751	2   1   4 
1753	2   3   1 
1755	2   6   7 
1757	2   6   7 
1755	2   1   0 
1757	2   2   1 
1759	2   4   3 
1761	2   4   3 
1763	2   0   2 
1765	2   0   1 
1767	2   2   1 
1769	2   0   2 
1771	2   1   0 
1773	2   1   4 
1775	2   3   1 
1777	2   3   4 
1779	2   1   4 
1781	2   3   1 
1783	2   4   3 
1785	2   4   6 
1787	2   7   4 
1789	2   7   6 
1791	2   4   6 
1793	2   7   4 
1795	2   4   3 
1797	2   1   4 
1799	2   3   1 
1801	2   3   4 
1803	2   1   4 
1805	2   3   1 
1807	2   4   3 
1809	2   1   4 
1811	2   6   7 
1811	2   0   1 
1813	2   4   0 
1815	2   4   1 
1817	2   6   7 
1817	2   0   1 
1819	2   4   0 
1821	2   1   4 
1823	2   1   0 
1825	2   4   3 
1827	2   2   1 
1829	2   0   2 
1831	2   0   1 
1833	2   2   1 
1835	2   0   2 
1837	2   1   0 
1839	2   1   4 
1841	2   3   1 
1843	2   3   4 
1845	2   1   4 
1847	2   3   1 
1849	2   4   3 
1851	2   4   6 
1853	2   7   4 
1855	2   7   6 
1857	2   4   6 
1859	2   7   4 
1861	2   4   3 
1863	2   1   4 
1865	2   3   1 
1867	2   3   4 
1869	2   1   4 
1871	2   3   1 
1873	2   6   7 
1873	2   1   0 
1875	2   4   3 
1877	2   4   3 
1879	2   6   7 
1879	2   2   1 
1881	2   0   2 
1883	2   0   1 
1885	2   2   1 
1887	2   0   2 
1889	2   1   0 
1891	2   1   4 
1893	6   3   1 
1899	2   1   3 
1901	2   1   4 
1903	2   3   4 
1905	2   1   3 
1907	2   4   1 
1909	2   4   6 
1911	2   7   4 
1913	2   7   6 
1915	2   4   6 
1917	2   7   4 
1919	2   4   1 
1921	2   3   4 
1923	2   1   3 
1925	2   1   4 
1927	2   3   4 
1929	2   1   3 
1931	2   4   1 
1933	2   6   7 
1933	2   0   1 
1935	2   4   6 
1937	2   2   0 
1939	2   7   3 
1939	2   1   2 
1941	2   1   0 
1943	2   2   0 
1945	2   1   2 
1947	2   0   1 
1949	2   0   4 
1951	2   6   0 
1953	2   6   4 
1955	2   0   4 
1957	2   6   0 
1959	2   4   6 
1961	2   4   7 
1963	2   3   4 
1965	2   3   7 
1967	2   4   7 
1969	2   3   4 
1971	2   4   6 
1973	2   0   4 
1975	2   6   0 
1977	2   6   4 
1979	2   0   4 
1981	2   6   0 
1983	2   4   6 
1985	2   4   6 
1987	2   0   1 
1989	2   2   0 
1991	2   7   3 
1991	2   1   2 
1993	2   1   0 
1995	2   2   0 
1997	2   7   3 
1997	2   1   2 
1999	2   0   1 
2001	2   0   4 
2003	2   6   0 
2005	2   6   4 
2007	2   0   4 
2009	2   6   0 
2011	2   4   6 
2013	2   4   7 
2015	2   3   4 
2017	2   3   7 
2019	2   4   7 
2021	2   3   4 
2023	2   4   6 
2025	2   0   4 
2027	2   6   0 
2029	2   6   4 
2031	2   0   4 
2033	2   6   0 
2035	2   4   6 
2037	2   0   1 
2039	2   2   0 
2041	2   1   2 
2041	2   7   3 
2043	2   7   4 
2045	2   1   0 
2047	2   2   0 
2049	2   3   6 
2049	2   1   2 
2051	2   0   1 
2053	2   0   3 
2055	2   6   0 
2057	2   6   3 
2059	2   0   3 
2061	2   6   0 
2063	2   3   6 
2065	2   3   7 
2067	2   4   3 
2069	2   4   7 
2071	2   3   7 
2073	2   4   3 
2075	2   3   6 
2077	2   7   4 
2079	2   7   4 
2081	2   0   3 
2083	2   6   0 
2085	2   6   3 
2087	2   0   3 
2089	2   6   0 
2091	2   0   1 
2093	2   2   0 
2095	2   3   6 
2095	2   1   2 
2097	2   1   0 
2099	2   2   0 
2101	2   3   6 
2101	2   1   2 
2103	2   0   1 
2105	2   0   3 
2107	2   6   0 
2109	2   6   3 
2111	2   0   3 
2113	2   6   0 
2115	2   3   6 
2117	2   3   7 
2119	2   4   3 
2121	2   4   7 
2123	2   3   7 
2125	2   4   3 
2127	2   3   6 
2129	2   7   4 
2131	6   4   0 
2137	2   4   3 
2139	2   6   4 
2141	2   6   3 
2143	2   4   3 
2145	2   6   4 
2147	2   4   1 
2149	2   2   4 
2151	2   1   2 
2151	2   3   6 
2153	2   1   4 
2155	2   3   0 
2157	2   2   4 
2159	2   1   2 
2159	2   7   6 
2161	2   4   1 
2163	2   4   7 
2165	2   6   4 
2167	6   1   0 
2167	2   6   7 
2173	2   4   7 
2175	2   6   4 
2177	2   7   6 
2179	2   7   3 
2181	2   1   7 
2183	2   1   3 
2185	2   7   3 
2187	2   1   7 
2189	2   7   6 
2191	2   3   1 
2193	2   3   1 
2195	2   4   7 
2197	2   6   4 
2199	2   6   7 
2201	2   4   7 
2203	2   6   4 
2205	2   4   0 
2207	2   2   4 
2209	2   0   2 
2209	2   7   6 
2211	2   0   4 
2213	2   2   4 
2215	2   7   6 
2215	2   0   2 
2217	2   4   0 
2219	2   4   7 
2221	2   6   4 
2223	2   6   7 
2225	6   6   4 
2231	2   6   7 
2233	2   4   6 
2235	2   7   4 
2237	2   7   3 
2239	2   1   7 
2241	2   1   3 
2243	2   7   3 
2245	2   1   7 
2247	2   3   1 
2249	2   7   4 
2251	2   6   7 
2253	2   4   6 
2255	2   4   7 
2257	2   3   1 
2259	2   6   7 
2259	6   2   1 
2261	6   6   3 
2265	6   8   2 
2271	2   4   3 
2273	2   7   4 
2275	2   0   4 
2277	2   1   0 
2279	2   4   1 
2281	2   4   0 
2283	2   1   0 
2285	2   4   1 
2287	2   0   4 
2289	2   4   7 
2291	2   3   0 
2293	2   1   3 
2295	2   0   1 
2297	2   0   3 
2299	2   1   3 
2301	2   0   1 
2303	2   3   0 
2305	2   3   4 
2307	2   7   3 
2309	2   7   4 
2311	2   3   4 
2313	2   7   3 
2315	2   4   7 
2317	2   4   6 
2319	2   8   4 
2321	2   8   6 
2323	2   4   6 
2325	2   8   4 
2327	2   4   7 
2329	2   3   4 
2331	2   7   3 
2333	2   6   8 
2335	2   7   4 
2337	2   3   4 
2339	2   7   3 
2341	2   4   7 
2343	2   4   7 
2345	2   3   0 
2347	2   1   3 
2349	2   0   1 
2349	2   6   8 
2351	2   0   3 
2353	2   1   3 
2355	2   0   1 
2357	2   3   0 
2359	6   7   3 
2365	2   7   4 
2367	2   3   7 
2369	2   3   4 
2371	2   7   4 
2373	2   3   7 
2375	2   4   3 
2377	2   4   6 
2379	2   8   4 
2381	2   8   6 
2383	2   4   6 
2385	2   8   4 
2387	2   6   8 
2389	2   4   3 
2391	2   7   4 
2393	2   3   7 
2395	2   3   4 
2397	2   7   4 
2399	2   3   7 
2401	2   4   3 
2403	6   6   4 
2409	6   8   2 
2409	2   0   3 
2415	2   1   0 
2417	2   3   1 
2415	6   8   7 
2419	2   3   0 
2421	2   1   0 
2423	2   3   1 
2425	2   0   3 
2427	2   0   4 
2429	2   1   0 
2431	2   4   1 
2433	2   4   0 
2435	2   1   0 
2437	2   4   1 
2439	2   0   4 
2441	2   0   2 
2443	2   1   0 
2445	2   2   1 
2447	2   2   0 
2449	2   1   0 
2451	6   6   3 
2451	2   2   1 
2457	2   0   2 
2459	2   4   2 
2461	2   0   4 
2463	2   3   6 
2465	2   2   0 
2467	2   2   4 
2469	2   0   4 
2471	2   2   0 
2473	6   5   2 
2471	6   7   6 
2479	2   4   5 
2481	2   4   0 
2483	2   1   4 
2485	2   5   8 
2485	2   0   1 
2487	2   0   4 
2489	2   1   4 
2491	2   0   1 
2493	2   4   0 
2495	2   4   5 
2497	2   8   4 
2499	2   8   5 
2501	2   4   5 
2503	2   8   4 
2505	2   5   8 
2507	2   5   3 
2509	2   7   5 
2511	2   7   3 
2513	2   5   3 
2515	2   7   5 
2517	2   5   8 
2519	2   4   5 
2521	2   8   4 
2523	2   8   5 
2525	6   2   0 
2531	2   4   5 
2533	2   8   4 
2535	2   5   8 
2537	2   5   8 
2539	2   4   2 
2541	2   1   4 
2543	2   3   7 
2543	2   2   1 
2545	2   2   4 
2547	2   1   4 
2549	2   3   7 
2549	2   2   1 
2551	2   4   2 
2553	2   4   5 
2555	2   8   4 
2557	2   8   5 
2559	2   4   5 
2561	2   8   4 
2563	2   5   8 
2565	2   5   3 
2567	2   7   5 
2569	2   7   3 
2571	2   5   3 
2573	2   7   5 
2575	2   5   8 
2577	2   4   5 
2579	2   8   4 
2581	2   8   5 
2583	2   4   5 
2585	2   8   4 
2587	2   5   8 
2589	2   4   5 
2591	2   2   4 
2593	2   3   7 
2593	2   5   2 
2595	2   5   4 
2597	2   2   4 
2599	2   5   2 
2599	2   3   7 
2601	2   4   5 
2603	2   4   2 
2605	2   5   8 
2607	2   1   4 
2609	2   2   1 
2611	2   2   4 
2613	2   1   4 
2615	2   2   1 
2617	2   4   2 
2619	2   4   5 
2621	2   8   4 
2623	2   8   5 
2625	2   4   5 
2627	2   8   4 
2629	2   5   8 
2631	2   5   3 
2633	2   7   5 
2635	2   7   3 
2637	2   5   3 
2639	2   7   5 
2641	2   5   8 
2643	2   4   5 
2645	2   8   4 
2647	2   8   5 
2649	2   4   5 
2651	2   8   4 
2653	2   4   2 
2655	2   1   4 
2657	2   2   1 
2657	2   3   7 
2659	2   5   8 
2661	2   2   4 
2663	2   5   8 
2665	2   1   4 
2667	2   3   7 
2667	2   2   1 
2669	2   4   2 
2671	2   4   5 
2673	2   8   4 
2675	2   8   5 
2677	6   8   4 
2683	2   8   5 
2685	2   4   8 
2687	2   5   4 
2689	2   5   3 
2691	2   7   5 
2693	2   7   3 
2695	2   5   3 
2697	2   7   5 
2699	2   3   7 
2701	2   5   4 
2703	2   8   5 
2705	2   4   8 
2707	2   4   5 
2709	2   8   5 
2711	2   4   8 
2713	2   5   4 
2715	2   5   3 
2717	2   2   4 
2719	2   7   8 
2719	2   1   2 
2721	6   4   2 
2727	2   2   1 
2729	2   2   4 
2731	2   1   4 
2733	2   2   1 
2735	2   4   2 
2737	2   4   5 
2739	2   3   4 
2741	2   3   5 
2743	2   4   5 
2745	2   3   4 
2747	2   5   3 
2749	2   5   7 
2751	2   8   5 
2753	2   8   7 
2755	2   5   7 
2757	2   8   5 
2759	2   5   3 
2761	2   4   5 
2763	2   3   4 
2765	2   3   5 
2767	2   4   5 
2769	2   3   4 
2771	2   5   3 
2773	2   4   2 
2775	2   1   4 
2777	2   5   3 
2779	2   2   1 
2779	2   7   8 
2781	2   2   4 
2783	2   1   4 
2785	2   7   8 
2785	2   2   1 
2787	2   4   2 
2789	2   4   5 
2791	2   3   4 
2793	2   3   5 
2795	2   4   5 
2797	2   3   4 
2799	2   5   3 
2801	2   5   7 
2803	2   8   5 
2805	2   8   7 
2807	2   5   7 
2809	2   8   5 
2811	6   8   7 
2817	2   5   3 
2819	2   4   5 
2821	2   3   4 
2823	2   3   5 
2825	2   4   5 
2827	2   3   4 
2829	2   4   2 
2831	2   5   3 
2833	2   1   4 
2835	2   2   1 
2835	2   8   7 
2837	2   8   5 
2839	2   2   4 
2841	2   1   4 
2843	2   7   3 
2843	2   2   1 
2845	2   4   2 
2847	2   4   7 
2849	2   3   4 
2851	2   3   7 
2853	2   4   7 
2855	2   3   4 
2857	2   7   3 
2859	2   7   8 
2861	2   5   7 
2863	2   5   8 
2865	2   7   8 
2867	2   5   7 
2869	2   7   3 
2871	2   4   7 
2873	2   8   5 
2875	2   8   5 
2877	2   3   4 
2879	2   3   7 
2881	2   4   7 
2883	2   3   4 
2885	2   4   2 
2887	2   1   4 
2889	2   7   3 
2889	2   2   1 
2891	2   2   4 
2893	2   1   4 
2895	2   7   3 
2895	2   2   1 
2897	2   4   2 
2899	2   4   7 
2901	2   3   4 
2903	2   3   7 
2905	2   4   7 
2907	2   3   4 
2909	2   7   3 
2911	2   7   8 
2913	2   5   7 
2915	2   5   8 
2917	2   7   8 
2919	2   5   7 
2921	2   7   3 
2923	2   4   7 
2925	2   3   4 
2927	6   8   5 
2933	2   5   8 
2935	2   3   7 
2937	2   4   7 
2939	2   3   4 
2941	2   4   2 
2943	2   1   4 
2945	2   2   1 
2945	2   7   3 
2947	2   5   3 
2949	6   2   0 
2949	2   7   8 
2955	2   0   4 
2957	2   1   4 
2959	2   0   1 
2961	2   4   0 
2963	2   4   5 
2965	2   3   4 
2967	2   3   5 
2969	2   4   5 
2971	2   3   4 
2973	2   5   3 
2975	2   5   7 
2977	2   8   5 
2979	2   8   7 
2981	2   5   7 
2983	2   8   5 
2985	2   5   3 
2987	2   4   5 
2989	2   3   4 
2991	2   3   5 
2993	2   4   5 
2995	2   3   4 
2997	2   4   0 
2999	2   5   3 
3001	2   1   4 
3003	2   5   3 
3005	2   7   8 
3005	2   0   1 
3007	2   0   4 
3009	2   1   4 
3011	2   7   8 
3011	2   0   1 
3013	2   4   0 
3015	2   4   5 
3017	2   3   4 
3019	2   3   5 
3021	2   4   5 
3023	2   3   4 
3025	2   5   3 
3027	2   5   7 
3029	2   8   5 
3031	2   8   7 
3033	2   5   7 
3035	2   8   5 
3037	2   5   3 
3039	6   8   6 
3045	2   4   5 
3047	2   3   4 
3049	2   3   5 
3051	2   4   5 
3053	2   3   4 
3055	2   5   3 
3057	2   0   3 
3059	2   7   6 
3059	2   1   0 
3061	2   3   1 
3063	2   7   6 
3065	2   3   0 
3067	2   1   0 
3069	2   3   1 
3071	2   0   3 
3073	2   3   5 
3075	2   4   0 
3077	6   2   0 
3083	2   1   4 
3085	2   2   1 
3087	2   2   4 
3089	2   1   4 
3091	2   2   1 
3093	2   4   2 
3095	2   4   3 
3097	2   5   4 
3099	2   5   3 
3101	2   4   3 
3103	2   5   4 
3105	2   3   5 
3107	2   3   7 
3109	2   6   3 
3111	2   6   7 
3113	2   3   7 
3115	2   6   3 
3117	2   3   5 
3119	2   4   3 
3121	2   5   4 
3123	2   5   3 
3125	2   4   3 
3127	2   5   4 
3129	2   4   2 
3131	2   3   5 
3133	2   3   5 
3135	2   1   4 
3137	2   7   6 
3137	2   2   1 
3139	2   2   4 
3141	2   1   4 
3143	2   7   6 
3143	2   2   1 
3145	2   4   2 
3147	2   4   3 
3149	2   5   4 
3151	2   5   3 
3153	2   4   3 
3155	2   5   4 
3157	2   3   5 
3159	2   3   7 
3161	2   6   3 
3163	2   6   7 
3165	2   3   7 
3167	2   6   3 
3169	2   7   6 
3171	6   8   7 
3177	6   5   1 
3177	6   7   6 
3183	2   3   1 
3185	2   4   3 
3187	2   1   4 
3189	2   1   3 
3191	2   4   3 
3193	2   1   4 
3195	2   3   1 
3197	2   4   3 
3199	2   2   1 
3201	6   7   4 
3207	2   5   2 
3209	2   1   5 
3211	2   1   2 
3213	2   5   2 
3215	2   1   5 
3217	2   2   1 
3219	2   2   8 
3221	2   5   2 
3223	2   8   5 
3225	2   8   2 
3227	2   5   2 
3229	2   8   5 
3231	2   2   8 
3233	2   2   4 
3235	2   5   2 
3237	2   4   5 
3239	2   4   2 
3241	2   5   2 
3243	2   4   5 
3245	2   5   7 
3247	2   2   4 
3249	2   8   4 
3251	2   3   5 
3253	2   2   1 
3253	2   3   7 
3255	2   5   7 
3257	2   3   5 
3259	2   7   3 
3261	6   7   5 
3267	2   5   2 
3269	2   1   5 
3271	2   1   2 
3273	2   5   2 
3275	2   1   5 
3277	2   2   1 
3279	2   2   8 
3281	2   4   2 
3283	2   4   8 
3285	2   2   8 
3287	2   4   2 
3289	2   8   4 
3291	2   8   4 
3293	2   2   1 
3295	2   5   2 
3297	2   1   5 
3299	2   1   2 
3301	2   5   2 
3303	2   1   5 
3305	2   5   3 
3307	2   7   5 
3309	2   3   7 
3309	2   2   1 
3311	2   3   5 
3313	2   7   5 
3315	2   3   7 
3315	2   2   1 
3317	2   5   3 
3319	2   5   2 
3321	2   1   5 
3323	2   1   2 
3325	2   5   2 
3327	2   1   5 
3329	2   2   1 
3331	2   2   8 
3333	2   4   2 
3335	2   4   8 
3337	2   2   8 
3339	6   8   6 
3345	2   4   2 
3347	2   2   1 
3349	6   6   4 
3355	2   5   2 
3357	2   4   6 
3359	2   1   5 
3361	2   1   2 
3363	2   5   2 
3365	2   1   5 
3367	2   2   1 
3369	2   3   1 
3371	2   7   3 
3373	2   1   7 
3375	2   1   3 
3377	2   7   3 
3379	2   1   7 
3381	2   3   1 
3383	2   3   4 
3385	2   7   3 
3387	2   4   7 
3389	2   4   3 
3391	2   7   3 
3393	2   4   7 
3395	2   3   4 
3397	2   1   4 
3399	2   3   6 
3401	2   7   3 
3403	2   6   7 
3405	2   6   3 
3407	2   7   3 
3409	2   6   7 
3411	2   3   6 
3413	6   3   1 
3419	2   7   3 
3421	2   4   7 
3423	2   4   3 
3425	2   7   3 
3427	2   4   7 
3429	2   3   4 
3431	2   3   6 
3433	2   7   3 
3435	2   6   7 
3437	2   6   3 
3439	2   7   3 
3441	2   6   7 
3443	2   3   6 
3445	2   4   6 
3447	2   7   4 
3449	2   6   7 
3451	2   6   4 
3453	2   7   4 
3455	2   6   7 
3457	2   4   6 
