   1	6  12   4 
   1	6   6   2 
   7	2   4   0 
   7	2  14  12 
   9	6   5   4 
   9	2  10  14 
  11	6  15   7 
  17	2   9  10 
  19	2  14   9 
  21	2  14  10 
  23	2   9  10 
  17	6   2   0 
  25	2  14   9 
  25	2   7   6 
  27	2  10  14 
  23	6   1   0 
  29	2  10   5 
  31	2   2  10 
  33	2   2   5 
  35	2  10   5 
  37	2   2  10 
  39	2   5   2 
  41	2   5   7 
  43	2   6   5 
  45	2   6   7 
  47	2   5   7 
  49	2   6   5 
  51	2   5   2 
  53	2  10   5 
  55	2   2  10 
  57	2   2   5 
  59	2  10   5 
  61	2   2  10 
  63	2   5   2 
  63	2  10  14 
  65	2   9  10 
  67	2  14   9 
  67	2   7   6 
  69	2   5   2 
  69	2  14  10 
  71	2   9  10 
  73	2   7   6 
  73	2  14   9 
  75	2  10  14 
  77	2  10   5 
  79	2   2  10 
  81	2   2   5 
  83	2  10   5 
  85	2   2  10 
  87	2   5   2 
  89	2   5   7 
  91	2   6   5 
  93	6   9   1 
  99	2   6   7 
  99	6   1   0 
 105	2   5   7 
 107	2   6   5 
 109	2   5   2 
 111	2  10   5 
 113	2   2  10 
 115	2   2   5 
 117	2  10   5 
 119	2   2  10 
 121	2   5   2 
 121	2  10  14 
 123	2   9  10 
 125	2  14   9 
 125	2   7   6 
 127	2   5   2 
 127	2  14  10 
 129	2   9  10 
 131	2   7   6 
 131	2  14   9 
 133	2  10  14 
 135	2  10   5 
 137	2   2  10 
 139	2   2   5 
 141	2  10   5 
 143	2   2  10 
 145	2   5   2 
 147	2   5   7 
 149	2   6   5 
 151	2   6   7 
 153	2   5   7 
 155	2   6   5 
 157	2   5   2 
 159	2  10   5 
 161	2   2  10 
 163	2   2   5 
 165	2  10   5 
 167	2   2  10 
 169	2   5   2 
 169	2  10  14 
 171	2   9  10 
 173	2  14   9 
 173	2   7   6 
 175	2   5   2 
 175	2  14  10 
 177	2   9  10 
 179	2   7   6 
 179	2  14   9 
 181	2  10  14 
 183	2  10   5 
 185	2   2  10 
 187	2   2   5 
 189	2  10   5 
 191	2   2  10 
 193	2   5   2 
 195	2   5   7 
 197	2   6   5 
 199	2   6   7 
 201	2   5   7 
 203	2   6   5 
 205	2   5   2 
 207	2  10   5 
 209	2   2  10 
 211	2   2   5 
 213	6   9   1 
 219	2  10   5 
 221	2   2  10 
 223	2   5   2 
 223	2  10  14 
 219	6  12   8 
 225	2   9  10 
 227	2  14   9 
 227	2   7   6 
 229	2   5   2 
 229	2  14  10 
 231	2   9  10 
 233	2  14   9 
 233	2   7   6 
 235	2  10  14 
 237	2  10   5 
 239	2   2  10 
 241	2   2   5 
 243	2  10   5 
 245	2   2  10 
 247	2   5   2 
 249	2   5   7 
 251	2   6   5 
 253	2   6   7 
 251	6  13   8 
 257	2   5   7 
 259	2   6   5 
 261	2   5   2 
 263	2  10   5 
 265	2   2  10 
 267	2   2   5 
 269	2  10   5 
 271	2   2  10 
 273	2   5   2 
 273	2  10  14 
 275	2   9  10 
 277	2  14   9 
 279	2   5   2 
 279	2  14  10 
 281	2   9  10 
 283	2  14   9 
 285	2  10  14 
 287	2  10   5 
 289	2   2  10 
 291	2   2   5 
 293	2  10   5 
 295	2   2  10 
 297	2   5   2 
 299	2   7   6 
 301	2   7   6 
 303	2   5   7 
 305	2   6   5 
 307	2   6   7 
 309	2   5   7 
 311	2   6   5 
 313	2   5   2 
 315	2  10   5 
 317	2   2  10 
 319	2   2   5 
 321	2  10   5 
 323	2   2  10 
 325	2   5   2 
 325	2  10  14 
 327	2  13  10 
 329	2   5   2 
 329	2  14  13 
 331	2  14  10 
 333	2  13  10 
 335	2  14  13 
 337	2  10  14 
 339	2  10   5 
 341	2   2  10 
 343	2   2   5 
 345	2  10   5 
 347	2   2  10 
 349	2   5   2 
 351	2   7   6 
 353	2   7   6 
 355	2   5   7 
 357	2   6   5 
 359	2   6   7 
 359	6  14   9 
 365	2   5   7 
 367	2   6   5 
 369	2   5   2 
 371	2  10   5 
 373	2   2  10 
 375	2   2   5 
 377	2  10   5 
 379	2   2  10 
 381	2   5   2 
 383	2   5   2 
 385	2  10   9 
 387	2  13  10 
 389	2   9  13 
 389	2   7   6 
 391	2   9  10 
 393	2  13  10 
 395	2   9  13 
 397	2  10   9 
 399	2  10   5 
 401	2   2  10 
 403	2   2   5 
 405	2  10   5 
 407	2   2  10 
 409	2   5   2 
 411	2   7   6 
 413	2   5   7 
 415	2   6   5 
 417	2   6   7 
 419	2   5   7 
 421	2   6   5 
 423	2   5   2 
 425	2  10   5 
 427	2   2  10 
 429	2   2   5 
 431	2  10   5 
 433	2   2  10 
 435	2   5   2 
 437	2   7   6 
 439	6   9   1 
 445	2   2   1 
 447	2   0   2 
 449	2   1   0 
 451	2   1   2 
 453	2   0   2 
 445	6  10   9 
 455	2   1   0 
 455	2   7   6 
 457	2   2   1 
 459	2   2   7 
 461	2   6   2 
 463	2   6   7 
 465	2   2   7 
 467	2   6   2 
 469	2   2   1 
 471	2   0   2 
 473	2   1   0 
 473	2   7   6 
 475	2   1   2 
 477	2   0   2 
 479	2   1   0 
 479	2   7   6 
 481	2   2   1 
 483	2   2   7 
 485	2   6   2 
 487	2   6   7 
 489	2   2   7 
 491	2   6   2 
 493	2   7   6 
 495	2   2   1 
 497	2  10   2 
 499	2   7   6 
 501	6  10   6 
 507	2   1   6 
 509	2   1   2 
 511	2   6   2 
 513	2   1   6 
 515	2   2   1 
 517	2   2   7 
 519	2  10   2 
 521	2  10   7 
 523	2   2   7 
 525	2  10   2 
 527	2   2   1 
 527	2   7  10 
 529	2   6   2 
 531	2   1   6 
 533	2   1   2 
 535	2   6   2 
 537	2   1   6 
 539	2   7  10 
 539	2   2   1 
 541	2   9   1 
 543	6   6   1 
 549	2  11   9 
 551	2   6  11 
 553	2   6   9 
 555	2  11   9 
 557	2   6  11 
 559	2   9   6 
 561	2   2   7 
 563	2  10   2 
 565	2  10   7 
 567	2   2   7 
 569	2  10   2 
 571	2   5   2 
 573	2   9   5 
 575	6  10   2 
 581	2  10   9 
 583	2  10   5 
 585	2   7   2 
 587	2   7   2 
 585	2   9   5 
 587	2  10   9 
 589	2   5  10 
 591	2   5   7 
 593	2   2   5 
 595	2   2   7 
 597	2   5   7 
 599	2   2   5 
 601	2   5  10 
 603	2   9   5 
 605	2  10   9 
 607	2  10   5 
 609	2   9   5 
 611	2  10   9 
 609	2   7   2 
 611	2   7   2 
 613	2   5  10 
 615	2   5  10 
 617	2   9   6 
 619	2  11   9 
 621	2   6  11 
 623	2   6   9 
 625	2  11   9 
 627	2   6  11 
 629	2   9   6 
 631	2   9   5 
 633	6  10   8 
 639	2   8   9 
 641	2   8   5 
 643	2   9   5 
 645	2   8   9 
 647	2   5   8 
 649	2   5   7 
 651	2   2   5 
 653	2   2   7 
 655	2   5   7 
 657	2   2   5 
 659	2   5   8 
 661	2   7   2 
 661	2   9   5 
 663	2   8   9 
 663	2   7   2 
 665	2   8   5 
 667	2   9   5 
 669	2   8   9 
 671	2   5   8 
 673	2   5   8 
 675	2   9   6 
 677	2  10   9 
 679	2   6  10 
 681	2   6   9 
 683	2  10   9 
 685	2   6  10 
 687	2   9   6 
 689	2   9   5 
 691	2   8   9 
 693	2   8   5 
 695	2   9   5 
 697	2   8   9 
 699	2   5   8 
 701	2   5   7 
 703	2   2   5 
 705	2   2   7 
 707	2   5   7 
 709	2   2   5 
 711	2   5   8 
 713	2   7   2 
 715	2   7   2 
 713	2   9   5 
 715	2   8   9 
 717	2   8   5 
 719	2   9   5 
 721	2   8   9 
 723	2   5   8 
 725	2   5   8 
 727	2   9   6 
 729	2  10   9 
 731	2   6  10 
 733	2   6   9 
 735	2  10   9 
 737	2   6  10 
 739	2   9   6 
 741	2   9   5 
 743	2   8   9 
 745	2   8   5 
 747	2   9   5 
 749	2   8   9 
 751	2   5   8 
 753	2   5   7 
 755	2   2   5 
 757	2   2   7 
 759	2   5   7 
 761	2   2   5 
 763	6   8   5 
 769	2   8   5 
 751	6  14  13 
 761	6  14  11 
 767	6  11   3 
 771	2   9   8 
 773	2   5   9 
 773	2   7   2 
 775	2   5   8 
 777	2   9   8 
 777	2   2   6 
 779	2   5   9 
 781	2   8   5 
 783	2  10   2 
 785	2   6  10 
 787	2   6   2 
 789	2  10   2 
 783	6   8   4 
 791	2   5   7 
 793	2   6  10 
 795	2   2   6 
 797	2   2   5 
 799	2   7   2 
 801	2   7   5 
 803	2   2   5 
 805	2   7   2 
 807	2   5   7 
 809	2   5   7 
 811	2   2   6 
 813	2  10   2 
 815	2   6  10 
 817	2   6   2 
 819	2  10   2 
 821	2   6  10 
 823	2   2   6 
 825	2   2   5 
 827	2   7   2 
 829	2   7   5 
 831	2   2   5 
 833	2   7   2 
 835	2   2   6 
 837	2   5   7 
 839	2   5   7 
 841	2   3   2 
 843	2   6   3 
 845	2   6   2 
 847	2   3   2 
 849	2   6   3 
 851	2   2   6 
 853	2   2   5 
 855	2   7   2 
 857	2   7   5 
 859	2   2   5 
 861	2   7   2 
 863	2   5   7 
 865	2   2   6 
 867	2   5   7 
 869	2   3   2 
 871	2   6   3 
 873	2   6   2 
 875	2   3   2 
 877	2   6   3 
 879	2   2   6 
 881	2   4   6 
 883	2   2   5 
 885	2   9   4 
 885	2   7   2 
 887	2   6   9 
 889	2   7   5 
 891	2   6   4 
 893	2   2   5 
 895	2   9   4 
 895	2   7   2 
 897	2   6   9 
 899	2   4   6 
 901	2   5   7 
 903	2   0   5 
 905	6   5   0 
 911	2   4   5 
 913	2   0   4 
 915	2   0   5 
 917	2   4   5 
 919	2   0   4 
 921	2   5   0 
 923	2   7   2 
 925	2   5   7 
 927	2   2   5 
 929	2   2   7 
 931	2   5   7 
 933	2   2   5 
 935	2   5   0 
 937	2   4   5 
 937	2   7   2 
 939	2   0   4 
 941	2   0   5 
 943	2   7   2 
 943	2   4   5 
 945	2   0   4 
 947	2   5   0 
 949	2   5   0 
 951	2   4   6 
 953	2   9   4 
 955	2   6   9 
 957	2   6   4 
 959	2   9   4 
 961	2   6   9 
 963	2   4   6 
 965	2   4   5 
 967	2   9   6 
 967	2   0   4 
 969	6   8   0 
 975	2   8   5 
 977	2   4   5 
 979	2   8   4 
 981	2   5   8 
 983	2   5   7 
 985	2   2   5 
 987	2   2   7 
 989	2   5   7 
 991	2   2   5 
 993	2   5   8 
 995	2   4   5 
 997	2   8   4 
 999	2   8   5 
1001	2   7   2 
1001	2   4   5 
1003	2   8   4 
1005	2   5   8 
1007	2   5   8 
1009	2   4   9 
1009	2   7   2 
1011	2   6   4 
1013	2   6   9 
1015	2   4   9 
1017	2   6   4 
1019	2   9   6 
1021	2   9   5 
1023	2   8   9 
1025	2   8   5 
1027	2   9   5 
1029	2   8   9 
1031	2   5   8 
1033	2   5   7 
1035	2   2   5 
1037	2   2   7 
1039	2   5   7 
1041	2   2   5 
1043	2   5   8 
1045	2   9   5 
1047	2   8   9 
1045	2   7   2 
1049	2   8   5 
1051	2   9   5 
1053	2   8   9 
1055	2   5   8 
1057	6  10   8 
1063	2   5  10 
1065	2   9   6 
1067	2   4   9 
1067	2   7   2 
1069	2   6   4 
1071	2   6   9 
1073	2   4   9 
1075	2   6   4 
1077	2   9   6 
1077	6   4   0 
1083	2   9   5 
1085	2  10   9 
1087	2  10   5 
1089	2   9   5 
1091	2  10   9 
1093	2   5  10 
1095	6   6   1 
1101	2   5   7 
1103	2   2   5 
1105	2   2   7 
1107	2   5   7 
1109	2   2   5 
1111	2   5  10 
1113	2   9   5 
1115	2  10   9 
1113	2   7   2 
1115	2   2   1 
1117	2   0   2 
1119	2  10   5 
1121	2   9   5 
1123	2  10   9 
1123	2   1   0 
1125	2   5  10 
1127	2   1   2 
1129	2   0   2 
1131	2   1   0 
1133	2   2   1 
1131	2  10   7 
1135	2   2  10 
1137	2   7   2 
1139	2   7  10 
1141	2   2  10 
1143	2   7   2 
1145	2  10   7 
1145	2   2   1 
1147	2   0   2 
1149	2   1   0 
1151	2   1   2 
1153	2   0   2 
1155	2   1   0 
1155	2  10   7 
1157	2   2   1 
1159	6   4   0 
1159	2   2  10 
1161	2   7   2 
1163	2   7  10 
1165	6   8   4 
1165	2   2  10 
1167	2   7   2 
1169	2   2   1 
1169	2  10   7 
1171	2   6   2 
1173	2   1   6 
1175	2  10   7 
1175	2   1   2 
1177	2   6   2 
1179	2   1   6 
1181	2   2   1 
1183	2   2  10 
1185	6   6   1 
1191	2   7   2 
1185	6  13   8 
1193	2   7  10 
1195	2   2  10 
1197	2   7   2 
1199	2   2   6 
1201	2   1   2 
1201	2  10   7 
1203	2   6   1 
1205	2   6   2 
1207	2   1   2 
1207	2  10   7 
1209	2   6   1 
1211	6  13   5 
1217	2   2   6 
1219	2   2  10 
1221	2   7   2 
1223	2   9   6 
1217	6   4   0 
1225	2  11   9 
1227	2   6  11 
1229	2   7  10 
1231	2   2  10 
1233	2   6   9 
1235	2  11   9 
1237	2   6  11 
1239	2   9   6 
1241	2   7   2 
1243	2  10   7 
1245	2   5  10 
1247	2   7   2 
1247	2   9   5 
1249	2  10   9 
1251	2  10   5 
1253	2   9   5 
1255	2  10   9 
1257	2   5  10 
1259	2   5   7 
1261	2   2   5 
1263	2   2   7 
1265	2   5   7 
1267	2   2   5 
1269	2   5  10 
1271	2   7   2 
1273	2   7   2 
1271	2   9   5 
1273	2  10   9 
1275	2  10   5 
1277	2   9   5 
1279	2  10   9 
1281	2   5  10 
1283	2   5  10 
1285	2   9   6 
1287	2  11   9 
1289	2   6  11 
1291	2   6   9 
1293	2  11   9 
1295	2   6  11 
1297	2   9   6 
1299	2   9   5 
1299	6  11   3 
1305	2  10   9 
1307	2  10   5 
1309	2   9   5 
1311	2  10   9 
1313	2   5  10 
1315	2   5   7 
1317	2   2   5 
1319	2   2   7 
1321	2   5   7 
1323	2   2   5 
1325	2   5  10 
1327	2   7   2 
1327	2   9   5 
1329	2   7   2 
1329	2  10   9 
1331	2  10   5 
1333	2   9   5 
1335	2  10   9 
1337	2   5  10 
1339	2   5  10 
1341	2   9   6 
1343	2   4   9 
1345	2   6   4 
1347	2   6   9 
1349	2   4   9 
1351	2   6   4 
1353	2   9   6 
1355	2   9   5 
1357	2  10   9 
1359	2  10   5 
1361	2   9   5 
1363	2  10   9 
1365	2   5  10 
1367	2   5   7 
1369	2   2   5 
1371	2   2   7 
1373	2   5   7 
1375	2   2   5 
1377	2   5  10 
1379	2   7   2 
1379	2   9   5 
1381	2   7   2 
1381	2  10   9 
1383	2  10   5 
1385	2   9   5 
1387	2  10   9 
1389	2   5  10 
1391	2   5  10 
1393	2   9   6 
1395	2   4   9 
1397	2   6   4 
1399	2   6   9 
1401	2   4   9 
1403	2   6   4 
1405	2   9   6 
1407	2   9   5 
1409	2  10   9 
1411	2  10   5 
1413	2   9   5 
1415	2  10   9 
1417	2   5  10 
1419	2   5   7 
1421	2   2   5 
1423	2   2   7 
1425	2   5   7 
1427	2   2   5 
1429	2   5  10 
1431	2   7   2 
1431	2   9   5 
1433	2  10   9 
1435	2  10   5 
1437	2   9   5 
1439	2   2   6 
1441	2   3   2 
1441	2  10   9 
1443	2   6   3 
1445	2   6   2 
1447	2   5  10 
1447	2   3   2 
1449	6   5   1 
1449	2  10   7 
1455	2   6   3 
1457	2   2   6 
1459	2   2  10 
1461	2   7   2 
1463	2   7  10 
1465	2   2  10 
1467	2   7   2 
1469	2  10   7 
1471	2   2   6 
1473	2  10   7 
1475	2   3   2 
1477	2   6   3 
1479	2   6   2 
1481	2   3   2 
1483	2   6   3 
1485	2   2   6 
1487	2   2  10 
1489	2   7   2 
1491	2   7  10 
1493	2   2  10 
1495	2   7   2 
1497	2  10   7 
1499	2   6  10 
1501	2   5   6 
1503	2  10   5 
1505	2  10   6 
1507	2   5   6 
1509	2  10   5 
1511	2   6  10 
1513	2   6  10 
1515	2  11   6 
1517	2  10  11 
1519	2  10   6 
1521	2  11   6 
1523	2  10  11 
1525	2   6  10 
