   1	6   8   0 
   1	2  11   6 
   3	6   6   2 
   9	2   5   7 
  11	2   6   9 
  13	2   8  10 
  15	2   0   4 
  15	2  13  12 
  15	6   6   3 
  21	2  14   6 
  23	2   3   6 
  25	2  13  10 
  27	2  13   8 
  27	6  11   6 
  33	2   6   4 
  35	2   6   3 
  37	2   3   7 
  39	2   7   6 
  29	6  14  13 
  35	6  13   9 
  35	6   1   0 
  41	2   3   6 
  43	2   3   7 
  43	2   9   5 
  45	2   7   6 
  47	2   6   3 
  49	2   5   6 
  51	2   6   9 
  53	2   5   9 
  55	2   5   6 
  57	2   6   9 
  59	2   9   5 
  61	2   9   5 
  63	2   6   3 
  65	2   3   7 
  67	2   7   6 
  69	2   3   6 
  71	2   3   7 
  73	2   7   6 
  75	2   6   3 
  77	2   5   6 
  79	2   6   9 
  81	2   5   9 
  81	2   3   7 
  83	2   5   6 
  85	2   6   9 
  87	6   6   3 
  87	6  13   8 
  93	2   7   3 
  93	2   9   5 
  95	2   3   6 
  97	2   7   6 
  99	2   9   1 
  99	2   7   3 
 101	2   3   6 
 103	2   6   7 
 105	2   1   6 
 107	2   6   9 
 109	2   1   9 
 111	2   1   6 
 113	2   6   9 
 115	2   9   1 
 117	2  13   9 
 119	2   9  14 
 121	2  13  14 
 123	2  13   9 
 125	2   9  14 
 127	2   9   1 
 129	2  14  13 
 129	2   1   6 
 131	2   6   9 
 133	2   1   9 
 135	2  14  13 
 135	2   1   6 
 137	2   6   9 
 139	2   6   7 
 141	2   7   3 
 141	2   9   1 
 143	2   3   6 
 145	2   7   6 
 147	2   7   3 
 147	2   9   1 
 149	2   3   6 
 151	2   6   7 
 153	2   1   6 
 155	2   6   9 
 157	2   1   9 
 159	2   1   6 
 161	2   6   9 
 163	2   9   1 
 165	2  13   9 
 167	2   9  14 
 169	2  13  14 
 171	2  13   9 
 173	2   9  14 
 175	2   9   1 
 177	2  14  13 
 177	2   1   6 
 179	2   6   9 
 181	2   1   9 
 183	2  14  13 
 183	2   1   6 
 185	2   6   9 
 187	2   3   6 
 189	2   6   7 
 191	2   7   3 
 191	2   9   1 
 193	2   6   3 
 195	2   6   7 
 197	2   7   3 
 197	2   9   5 
 199	2   3   6 
 201	6   6   3 
 207	2   5   6 
 209	2   6   9 
 211	2   5   9 
 213	2   5   6 
 215	2   6   9 
 217	2   9   5 
 219	2   9   5 
 221	2   6   3 
 223	2   3   7 
 225	2   7   6 
 227	2   3   6 
 229	2   3   7 
 231	2   7   6 
 233	2   6   3 
 235	2   5   6 
 237	2   6   9 
 239	2   5   9 
 241	2   5   6 
 243	2   6   9 
 245	2   9   5 
 245	2   3   7 
 247	2   7   6 
 249	2   6   3 
 251	2   7   3 
 251	2   9   1 
 253	2   7   6 
 255	2   6   3 
 257	2   3   7 
 257	6  10   9 
 259	2   1   3 
 261	6   7   3 
 267	2   7  10 
 263	6   5   1 
 269	2   5  10 
 271	2   5   7 
 273	2   7  10 
 275	2  10   5 
 277	2  13  10 
 279	2  10  14 
 281	2  13  14 
 283	2  13  10 
 285	2  10  14 
 287	2  10   5 
 289	2  14  13 
 289	2   5   7 
 291	2   7  10 
 293	2   5  10 
 295	2  14  13 
 295	2   5   7 
 297	2   7  10 
 299	2  10   5 
 299	2   7   3 
 301	2   3   6 
 303	2   6   7 
 305	2  10   5 
 305	2   3   7 
 307	2   3   6 
 309	2   6   7 
 311	2   7   3 
 313	2   1   3 
 315	2   5   7 
 317	2   6   2 
 319	2   7  10 
 321	2   5  10 
 323	2   5   7 
 325	2   7  10 
 327	2  10   5 
 329	2  13  10 
 331	2  10  14 
 333	2  13  14 
 335	2  13  10 
 337	2  10  14 
 339	2  10   5 
 341	2  14  13 
 341	2   5   7 
 343	2   7  10 
 345	2   5  10 
 347	2   5   7 
 349	2   7  10 
 351	2  10   5 
 353	2   5   4 
 353	2  14  12 
 355	2  13   9 
 357	2  14   9 
 359	2  10  11 
 359	6   8   5 
 365	2   7   5 
 367	6   3   2 
 361	6  15  14 
 367	6   9   4 
 373	2   6   9 
 375	2   9  12 
 377	2   5   2 
 377	2  12  14 
 379	2   7  11 
 379	2  14   9 
 381	2  12   9 
 383	2  12  14 
 385	2  14   9 
 379	6   2   1 
 387	2  11   3 
 387	2   9  12 
 389	2   1   9 
 391	2   9   5 
 393	2   1   5 
 395	2   1   9 
 397	2   9   5 
 399	2   9  12 
 401	2   5   1 
 401	2  12  14 
 403	2  14   9 
 405	2  12   9 
 407	2   5   1 
 407	2  12  14 
 409	2  14   9 
 411	2   9  12 
 413	2  12  14 
 415	2   1   9 
 417	2   9   5 
 419	2   1   5 
 421	2   1   9 
 423	2   9   5 
 425	2   5   1 
 427	2   5   4 
 429	2  14   9 
 431	2   9  12 
 433	2  14  12 
 435	2  14   9 
 437	2   9  12 
 439	2  12  14 
 441	6  12   9 
 429	6   3   1 
 447	2   4   9 
 449	2   9   5 
 451	2   4   5 
 453	2   4   9 
 455	2   9   5 
 457	2   5   4 
 441	6  11   7 
 447	6   7   2 
 459	2   1   5 
 453	6   7   3 
 461	2   5   2 
 463	2   1   2 
 465	2   1   5 
 463	6  10   7 
 469	2   5   2 
 471	2   5   4 
 457	6  13  12 
 473	2   2   1 
 473	2   4   9 
 475	2   9   5 
 477	2   4   5 
 479	2   2   1 
 479	2   4   9 
 481	2   9   5 
 483	2   9  14 
 485	2   5   4 
 485	2  14  13 
 487	2  13   9 
 489	2  14   9 
 491	2   5   4 
 491	2  14  13 
 493	2  13   9 
 495	2   9  14 
 497	2   4   9 
 499	2   9   5 
 501	2   4   5 
 503	2   4   9 
 505	2   9   5 
 507	2   5   4 
 509	2   1   5 
 511	2   5   2 
 513	2   1   2 
 515	2   1   5 
 517	2   5   2 
 519	2   5   4 
 521	2   2   1 
 521	2   4   9 
 523	2   9   5 
 525	2   4   5 
 527	2   2   1 
 527	2   4   9 
 529	2   9   5 
 531	2  13   9 
 533	2   9  14 
 535	2   5   4 
 535	2  14  13 
 529	6   7   3 
 537	2   9  13 
 539	2   9  14 
 541	2   5  10 
 543	2  14  13 
 545	2  13   9 
 547	2  10  13 
 549	2  13   5 
 551	2  10   5 
 553	2  10  13 
 555	2  13   5 
 557	2   5  10 
 559	2   5  10 
 561	2  13   9 
 563	2   9  14 
 565	2  14  13 
 567	2   9  13 
 569	2   9  14 
 571	2  14  13 
 573	2  13   9 
 575	2   9  14 
 577	2  10  13 
 579	2  13   5 
 581	2  10   5 
 583	2  10  13 
 585	2  13   5 
 587	2  14  13 
 589	2  13   9 
 591	2  14   9 
 593	2   5  10 
 595	2   5   4 
 595	2  14  13 
 597	2  13   9 
 599	2   9  14 
 601	2   4   9 
 603	2   9   5 
 605	2   7  10 
 605	2   4   5 
 607	2   4   9 
 609	2   9   5 
 611	2   5   4 
 613	2   1   5 
 615	2   5   2 
 617	2   1   2 
 619	2   1   5 
 617	6  15  10 
 623	2   5   2 
 625	2   5   4 
 627	2   2   1 
 627	2   4   9 
 629	2   9   5 
 631	2   4   5 
 633	2   2   1 
 633	2   4   9 
 635	2   9   5 
 637	2   9  14 
 639	2   5   4 
 639	2  14  13 
 641	2  13   9 
 643	2  14   9 
 645	2   5   4 
 645	2  14  13 
 647	2  13   9 
 649	2   9  14 
 651	2   4   9 
 653	2   9   5 
 655	6  10   8 
 661	2   4   5 
 661	2  10  13 
 663	2   4   9 
 665	2   9   5 
 667	2   5   4 
 669	2   1   5 
 671	2   5   2 
 673	2   1   2 
 675	2   1   5 
 677	2   5   2 
 667	6  11  10 
 673	6  14  13 
 679	2   5   4 
 681	2   2   1 
 683	2   3   2 
 681	2   4   9 
 683	2   9   5 
 685	2   6   1 
 687	2   4   5 
 689	2   6  14 
 691	2   4   9 
 693	2   9   5 
 691	2   3   7 
 695	2   5   4 
 691	6  15  14 
 697	2  10   5 
 699	2  12   4 
 699	2  10   2 
 701	2   6  10 
 703	2  10  14 
 705	2  14   6 
 707	2  10   6 
 709	2  10  14 
 711	2  14   6 
 713	2   6  10 
 715	2   7   6 
 715	2   8   9 
 717	2   8   4 
 719	2   8  12 
 717	2   6   3 
 719	2   7   3 
 721	2   7   6 
 723	2   6   3 
 725	2   3   7 
 727	2   3   7 
 729	2   6  10 
 731	2  10  14 
 733	2  14   6 
 735	2  10   6 
 737	2  10  14 
 739	2  14   6 
 741	2   6  10 
 743	2   7   6 
 745	2   6   3 
 747	2   7   3 
 749	2   7   6 
 751	6   7   3 
 751	2  10  14 
 741	6  12   4 
 757	2   6   7 
 747	6   4   1 
 759	6   5   1 
 759	2   7   3 
 761	2   7  11 
 765	2  14   6 
 767	2   6  10 
 769	2  14  10 
 771	2  14   6 
 765	6   8   4 
 773	6   4   1 
 773	2   6  10 
 775	2  10  14 
 777	2  11  10 
 779	6   2   1 
 779	2  10   7 
 781	2  11   7 
 783	2  11  10 
 785	6  12   4 
 785	2  10   7 
 787	2   7  11 
 791	6  13  12 
 791	2   5   7 
 793	2   7   2 
 795	2   5   2 
 797	2   5   7 
 799	6   9   8 
 799	2   7   2 
 801	2   7  11 
 805	6   8   0 
 805	2  11  10 
 807	2  10   7 
 809	2  11   7 
 811	6   4   1 
 811	2  11  10 
 813	2  10   7 
 817	2   2   5 
 819	2   2   5 
 815	2   7  11 
 817	2   7  11 
 819	2  10  14 
 821	2  14   6 
 823	2   6  10 
 825	2  14  10 
 827	2  14   6 
 829	2   6  10 
 831	2  10  14 
 833	2  11  10 
 835	2  10   7 
 837	2  11   7 
 839	2  11  10 
 841	2  10   7 
 843	2   7  11 
 845	2   5   7 
 847	2   7   2 
 849	2   5   2 
 851	2   5   7 
 853	2   7   2 
 855	2   2   5 
 857	2   2   5 
 855	2   7  11 
 857	2  11  10 
 859	2  10   7 
 861	2  11   7 
 863	2  11  10 
 865	2  10   7 
 867	2   6  10 
 869	2   7  11 
 871	2   7   3 
 871	2  10  14 
 873	2  14   6 
 875	2  10   6 
 877	2  10  14 
 879	2  14   6 
 881	2   6  10 
 883	2   3   6 
 885	2   6   7 
 887	2   3   7 
 889	2   3   6 
 891	2   6   7 
 893	2   6  10 
 895	2   7   3 
 895	2  10  14 
 897	2  14   6 
 899	2  10   6 
 901	2   7   3 
 901	2  10  14 
 903	2  14   6 
 905	2   6  10 
 907	2   3   6 
 909	2   6   7 
 911	2  10  14 
 911	2   3   7 
 913	2   3   6 
 915	2   6   7 
 917	2  14   6 
 919	2   6  10 
 921	2  14  10 
 921	2   7   3 
 923	2   7  11 
 925	2  14   6 
 927	2   6  10 
 929	2  10  14 
 931	2  11  10 
 933	2  10   7 
 935	2  11   7 
 937	2  11  10 
 939	2  10   7 
 941	2   7  11 
 943	2   5   7 
 945	2   7   2 
 947	2   5   2 
 949	2   5   7 
 951	2   7   2 
 953	2   7  11 
 953	2   2   5 
 955	2   2   5 
 955	2  11  10 
 957	2  10   7 
 959	2  11   7 
 961	2  11  10 
 963	2  10   7 
 965	2   7  11 
 967	2   7  11 
 969	2  10  14 
 971	2  14   6 
 973	2   6  10 
 975	2  14  10 
 977	2  14   6 
 979	2   6  10 
 981	2  10  14 
 983	2  11  10 
 985	2  10   7 
 987	6   6   4 
 993	2   4   9 
 993	2  11   7 
 995	2  11  10 
 997	2  10   7 
 995	6   8   4 
 999	2   7  11 
1001	2   5   7 
1003	2   7   2 
1005	2   5   2 
1007	2   5   7 
1009	2   7   2 
1011	2   7  11 
1013	2  11  10 
1015	2  10   7 
1017	2   2   5 
1017	2  11   7 
1019	2   2   0 
1021	2   5   1 
1023	2   2   1 
1019	2  11  10 
1021	2  10   7 
1023	2   7  11 
1025	2  11  15 
1009	6  12   8 
1027	2   7   6 
1027	6  15  13 
1029	6   5   0 
1033	2  12  13 
1035	2  13   5 
1029	6   7   3 
1037	2   5   8 
1039	2   8  13 
1035	6  11   7 
1041	2  11  14 
1043	2  10  15 
1039	6   2   1 
1045	2   5  13 
1047	2  15  14 
1047	2   5   8 
1049	2  10   6 
1049	2   8  13 
1051	2  13   5 
1053	2  14  13 
1055	2  13  15 
1057	2  14  15 
1057	2   6   9 
1059	2  14  13 
1061	2  13  15 
1063	2  15  14 
1059	6   6   2 
1065	6  15  10 
1071	2  13   5 
1073	2   5   8 
1073	2  10  14 
1075	2   8  13 
1077	2   5  13 
1079	2   5   8 
1081	2   8  13 
1083	2  13   5 
1085	2   5   8 
1085	2  14  13 
1087	2  13  10 
1089	2  14  10 
1091	2  14  13 
1093	2  13  10 
1095	2   8  13 
1097	2  13   5 
1099	2  10  14 
1099	2   8   5 
1101	2  10   6 
1101	2   8  13 
1103	2  13   5 
1105	2   5   8 
1107	6   9   6 
1107	6   4   0 
1113	2   9   5 
1115	2   5  10 
1117	6   7   2 
1117	2   9  10 
1119	2   9   5 
1123	2   5  10 
1125	2  10   9 
1127	2   6  10 
1129	2  10   7 
1131	2   6   7 
1133	2   6  10 
1135	2  10   7 
1137	2  10   9 
1139	2   9   5 
1141	2   5  10 
1143	2   9  10 
1145	2   9   5 
1147	2   5  10 
1149	2  10   9 
1151	2  10   9 
1153	2   5   8 
1155	2   8  13 
1155	2   7   6 
1157	2  13   5 
1159	2   8   5 
1161	2   7   6 
1161	2   8  13 
1163	2  13   5 
1165	2   5   8 
1167	2   9   5 
1169	2   5  10 
1171	2   9  10 
1173	2   9   5 
1175	2   5  10 
1177	2  10   9 
1179	2   6  10 
1181	2  10   7 
1183	2   6   7 
1185	2   6  10 
1187	2  10   7 
1189	2  10   9 
1191	2   9   5 
1193	2   5  10 
1195	2   9  10 
1197	2   9   5 
1199	2   5  10 
1201	2  10   9 
1203	2  13   5 
1205	2   5   8 
1205	2  10  14 
1207	2   7   6 
1207	2   8  13 
1209	2   5  13 
1211	2   5   8 
1213	2   7   6 
1213	2   8  13 
1215	2  13   5 
1217	2  14  13 
1219	2  13  10 
1221	2  14  10 
1223	2  14  13 
1225	2  13  10 
1227	2  13   5 
1229	2   5   8 
1229	2  10  14 
1231	2   8  13 
1233	2   5  13 
1235	2  10  14 
1235	2   5   8 
1237	2   8  13 
1239	2  13   5 
1241	2  14  13 
1241	2   5   8 
1243	2  13  10 
1245	2  14  10 
1247	2  14  13 
1249	2  13  10 
1251	2   8  13 
1253	2  13   5 
1255	2   8   5 
1255	2  10  14 
1257	2   8  13 
1259	2  13   5 
1261	2  11  14 
1261	2   5   8 
1263	2  10   9 
1265	2   9   5 
1267	2   5  10 
1269	2   9  10 
1271	2   9   5 
1273	2   5  10 
1275	2  10   9 
1277	2   6  10 
1279	2  10   7 
1281	6  14  12 
1281	2   6   7 
1287	2   6  10 
1289	2  10   7 
1291	2  10   9 
1293	2   7   6 
1295	2   7   6 
1297	2   9   5 
1299	2   5  10 
1301	2   9  10 
1303	2   9   5 
1305	2   5  10 
1307	2  10   9 
1309	2  10   9 
1311	2   5   8 
1313	2   8  13 
1315	2  13   5 
1317	2   8   5 
1319	2   8  13 
1321	2  13   5 
1323	2   5   8 
1325	2   9   5 
1327	2   5  10 
1329	6  13   8 
1335	2   9  10 
1329	6   2   0 
1337	2   9   5 
1339	2   5  10 
1341	2  10   9 
1343	2   0   8 
1343	2   6  10 
1345	2  10   7 
1345	6  12   8 
1347	2   6   7 
1349	2   6  10 
1351	6  13   8 
1357	2  10   7 
1359	2  10   9 
1361	2   7   6 
1363	2  14   6 
1365	2   3   7 
1365	2  14  12 
1367	2   9   5 
1367	2   3  11 
1369	2   5  10 
1371	2   9  10 
1373	2   9   5 
1375	2   5  10 
1377	2  10   9 
1369	6   3   2 
1379	2   1   5 
1379	2  15  10 
1381	2   4   9 
1381	2  15   7 
1383	6   6   2 
1383	2  14  15 
1385	2  15  13 
1387	2  13  14 
1389	2   1   9 
1391	6   2   0 
1397	2   1   4 
1391	2  15  14 
1393	2  15  13 
1395	2  13  14 
1397	2  14  15 
1399	2  11  14 
1401	2  14   6 
1403	2  11   6 
1405	2  11  14 
1407	2  14   6 
1409	2  14  15 
1411	2  15  13 
1409	6   7   2 
1413	2  13  14 
1415	2  15  14 
1417	6  15  10 
1415	6   8   0 
1423	2   6  11 
1421	6  12   8 
1425	2   6  11 
1427	2  10  13 
1429	2  13  14 
1431	2  14  10 
1429	6   5   2 
1433	2  11  14 
1435	2  10  13 
1437	2  14   6 
1439	2  11   6 
1441	2  11  14 
1443	2  14   6 
1445	2   6  11 
1445	2  13  14 
1447	2  14  10 
1449	2  13  10 
1451	2   6   7 
1451	2  13  14 
1453	2  14  10 
1455	2  10  13 
1457	2   7  10 
1459	2  10   6 
1461	2   7   6 
1463	2   7  10 
1465	2  10   6 
1467	2   6   7 
1469	2   4   6 
1467	6  15  13 
1471	2   6   1 
1473	2   4   1 
1475	2   4   6 
1477	2   6   1 
1479	2   6   7 
1479	2   1   4 
1481	2   7  10 
1483	2  10   6 
1485	2   7   6 
1481	2   1   4 
1487	2   7  10 
1489	2  10   6 
1491	2  10  15 
1493	2  15  14 
1493	2   6   7 
1495	2  14  10 
1497	2  15  10 
1499	2   6   7 
1499	2  15  14 
1501	2  14  10 
1503	2  10  15 
1505	2   7  10 
1507	2  10   6 
1509	2   7   6 
1511	2   7  10 
1513	2  10   6 
1515	2   6   7 
1517	2   4   6 
1519	2   6   1 
1521	2   4   1 
1523	2   4   6 
1525	2   6   1 
1527	2   1   4 
1527	2   6   7 
1529	2   7  10 
1531	2  10   6 
1533	2   7   6 
1535	2   7  10 
1537	2  10   6 
1529	2   1   4 
1539	2  14  10 
1541	2  10  15 
1543	6   7   5 
1543	2  15  14 
1549	2  10  14 
1551	2  10  15 
1553	2   6   5 
1553	2  15  14 
1555	2   6  11 
1557	2  14  10 
1559	2  11  14 
1561	2  14   6 
1563	2  11   6 
1565	2  11  14 
1567	2  14   6 
1569	2   6  11 
1571	2   6  11 
1573	2  14  10 
1575	2  10  15 
1577	2  15  14 
1579	2  10  14 
1581	2  10  15 
1583	2  15  14 
1585	2  14  10 
1587	2  10  15 
1589	2  11  14 
1591	2  14   6 
1593	2  11   6 
1595	2  11  14 
1597	2  14   6 
1599	2   6  11 
1601	2   6   5 
1601	2  15  14 
1603	2  14  10 
1605	2  15  10 
1607	2  15  14 
1609	2  14  10 
1611	2  10  15 
1613	2   5  10 
1615	2  10   6 
1617	2   5   6 
1619	2   5  10 
1621	2  10   6 
1623	2   6   5 
1625	2   4   6 
1627	2   6   1 
1629	2   4   1 
1631	2   4   6 
1633	2   6   1 
1635	2   6   5 
1637	2   5  10 
1639	2   1   4 
1639	2  10   6 
1641	2   5   6 
1643	2   5  10 
1645	2   1   4 
1645	2  10   6 
1647	2  10  15 
1649	2   6   5 
1651	2   6   5 
1649	2  15  14 
1653	2  14  10 
1655	2  15  10 
1657	2  15  14 
1659	2  14  10 
1661	2  10  15 
1663	2   5  10 
1665	2  10   6 
1667	2  11  15 
1667	2   5   6 
1669	2   5  10 
1671	2  10   6 
1673	2  14  12 
1673	2   6   5 
1675	6  14  13 
1675	2   4   6 
1677	2   6   1 
1679	2   4   1 
1681	6  13  12 
1681	2   4   6 
1683	2   6   1 
1685	2   6   5 
1687	2   5  10 
1689	2  10   6 
1691	2   5   6 
1693	2   1   4 
1691	6  15  13 
1695	2   1   2 
1697	2   5  10 
1699	2  10   6 
1701	2   6   5 
1703	2   4   9 
1703	2   6   7 
1705	2   5   8 
1707	2  12   8 
1705	2  10  14 
1707	2  10   7 
1709	6   8   5 
1709	2   7  15 
1715	2   5   2 
1711	2  14  13 
1713	6  14  10 
1717	2   2   0 
1719	2   0   5 
1721	2   2   5 
1723	2   2   0 
1725	2   0   5 
1727	2   5   2 
1729	2  13   5 
1731	2   5  10 
1733	2  13  10 
1735	2   1   9 
1737	2  13   5 
1739	6   2   1 
1745	2   5  10 
1747	2  10  13 
1749	2  10  13 
1747	2   5   1 
1749	2   1   0 
1751	2   0   5 
1753	2   1   5 
1755	2   1   0 
1757	2   0   5 
1759	2   5   1 
1761	2   1   0 
1763	2  13   5 
1765	2   5  10 
1767	2  13  10 
1769	2  13   5 
1771	2   5  10 
1773	2   0   5 
1775	2   5   1 
1775	2  10  13 
1777	2  10   9 
1777	2   0   1 
1779	2   0   5 
1781	2   5   1 
1783	6  10   6 
1783	2   1   0 
1789	6  15  11 
1789	2   9   1 
1791	2   1   6 
1793	2   9   6 
1795	2   9   1 
1797	2   1   6 
1799	2   6   9 
1801	2  11   6 
1803	2   6   7 
1805	2  11   7 
1807	2  11   6 
1809	2   6   7 
1811	2   7  11 
1813	2   6   9 
1815	2   7  11 
1815	2   9   1 
1817	2   1   6 
1819	2   9   6 
1821	2   9   1 
1823	2   1   6 
1825	2   6   9 
1825	2   1   0 
1827	2   0   5 
1829	2   5   1 
1831	2   6   9 
1831	2   0   1 
1833	2   0   5 
1835	2   5   1 
1837	2   1   0 
1833	6  14  13 
1839	2   9   1 
1841	2   1   6 
1843	2   9   6 
1845	2   9   1 
1847	2   1   6 
1849	2   6   9 
1851	6  14  10 
1857	6  13  12 
1857	2  11   6 
1859	2   6   7 
1861	2  11   7 
1863	6  12   4 
1863	2  11   6 
1865	2   6   7 
1869	2   6   9 
1865	6  15  14 
1871	2   7  11 
1871	2   9   1 
1873	2   1   6 
1875	2   9   6 
1877	2   7  11 
1877	2   9   1 
1879	2   1   6 
1881	2   5   1 
1883	2   6   9 
1883	2   1   0 
1885	2   0   5 
1887	2   1   5 
1889	2   6  10 
1889	2   1   0 
1891	2   0   5 
1893	2   5   1 
1895	2  10   5 
1897	2   5   6 
1899	2  10   6 
1901	2  10   5 
1903	2   5   6 
1905	2   5   1 
1907	2   1   0 
1907	2   6  10 
1909	2   0   5 
1911	2   1   5 
1913	2   6  10 
1913	2   1   0 
1915	2   0   5 
1917	2   5   1 
1919	2  10   5 
1921	2   5   6 
1923	2   1   0 
1923	2  10   6 
1925	2  10   5 
1927	2   5   6 
1929	2   0   5 
1931	2   5   1 
1933	2   0   1 
1933	2   6  10 
1935	2   0   5 
1937	2   5   1 
1939	2   1   0 
1935	2  14  10 
1939	2   6   9 
1941	2   9   1 
1943	2   1   6 
1945	2   9   6 
1947	2   9   1 
1949	2   1   6 
1951	2   6   9 
1953	2  11   6 
1955	2   6   7 
1957	2  11   7 
1959	2  11   6 
1961	2   6   7 
1963	2   6   9 
1965	2   7  11 
1965	2   9   1 
1967	2   1   6 
1969	2   9   6 
1971	2   7  11 
1971	2   9   1 
1973	2   1   6 
1975	2   6   9 
1975	2   1   0 
1977	2   0   5 
1979	2   5   1 
1979	6  13  10 
1981	2   0   1 
1985	2   0   5 
1987	2   5   1 
1989	2   1   0 
1989	2   6   9 
1991	2   9   1 
1993	2   8   5 
1995	2   1   6 
1997	2   9   6 
1999	2   9   1 
2001	2   1   6 
2003	2   6   9 
2005	2  11   6 
2007	2   6   7 
2009	2  11   7 
2011	2  11   6 
2013	2   6   7 
2015	6   6   4 
2021	6  13   5 
2021	2   7  11 
2027	2   4   9 
2029	2  10  11 
2031	2  15   7 
2031	2   9   1 
2033	2  10  13 
2033	2   1   4 
2035	6  13   8 
2041	2   9   4 
2043	2   9   1 
2045	2  15  14 
2045	2   1   4 
2047	2   4   9 
2047	2   2   1 
2049	2   6   4 
2051	2  12   9 
2051	2   6   7 
2053	2  10   6 
2055	2   6   5 
2057	2   5  10 
2059	2   6  10 
2061	2   6   5 
2063	2   5  10 
2065	2  10   6 
2067	6   2   1 
2067	2  14  10 
2069	2  10  15 
2071	2  14  15 
2073	2   1   9 
2075	6  12   8 
2075	2  14  10 
2077	2  10  15 
2079	2  10   6 
2075	6   1   0 
2081	2  15  14 
2081	2   6   5 
2083	2   5  10 
2085	2   0   8 
2085	2   6  10 
2087	2   6   5 
2087	2  15  14 
2089	2   5  10 
2091	2  10   6 
2093	2  14  10 
2095	2  10  15 
2097	2   6   5 
2097	2  14  15 
2099	6   9   6 
2105	2  14  10 
2107	2  10  15 
2109	2   5  10 
2111	2  10   9 
2113	6  15  14 
2113	2   5   9 
2119	2   5  10 
2121	2  10   9 
2123	2  14  15 
2125	2  14  13 
2127	2   9   5 
2129	2  13   9 
2131	2   9  14 
2133	2  13  14 
2135	6  14  12 
2129	6   4   0 
2141	2  13   9 
2143	2   9  12 
2145	2  12  13 
2147	2   8  12 
2147	6  15  14 
2149	2  12   4 
2151	2   8   4 
2153	2   8  12 
2155	2  12   4 
2157	2   4   8 
2159	2   4   8 
2161	2  12  13 
2163	2  13   9 
2165	2   9  12 
2167	2  13  12 
2169	2  13   9 
2171	2   9  12 
2173	2   9   5 
2175	2  12  13 
2175	2   5  10 
2177	2  10   9 
2179	2   5   9 
2181	2  12  13 
2181	2   5  10 
2183	2  10   9 
2185	2   9   5 
2187	2  13   9 
2189	2   9  12 
2191	2  13  12 
2193	2  13   9 
2195	2   9  12 
2197	2  12  13 
2199	2   8  12 
2201	2  12   4 
2203	2   8   4 
2205	2   8  12 
2207	2  12   4 
2209	2  12  13 
2211	2  13   9 
2213	2   9  12 
2215	2  13  12 
2217	2  13   9 
2219	2   9  12 
2221	2  10   9 
2223	2   9   5 
2225	6  13  12 
2225	2   5  10 
2231	2   9  10 
2233	2   9   5 
2235	2   5  10 
2235	2  13  12 
2237	2  10   9 
2239	2   4   8 
2241	2   4   8 
2239	2  13  14 
2241	2  14  10 
2243	2  10  13 
2245	2  14  13 
2247	2  14  10 
2249	2  10  13 
2251	2  13  14 
2253	2  10   9 
2255	2  13  14 
2257	2   9   5 
2259	2   5  10 
2261	2   9  10 
2263	2   9   5 
2265	2   5  10 
2267	2  10   9 
2269	2   9   5 
2271	2  14  10 
2273	2  10  13 
2275	2  14  13 
2277	2  14  10 
2279	2  10  13 
2281	2  13  14 
2283	2   5  10 
2283	2  13  12 
2285	6  13   8 
2291	2  10   9 
2293	6  13   5 
2299	2  13   9 
2301	2  13  10 
2303	2  10   9 
2299	6   2   1 
2305	2   9  13 
2305	6   7   2 
2307	2  12   9 
2309	2   9   8 
2311	6   2   0 
2311	2  12   8 
2313	2  12   9 
2315	2   9   8 
2317	2   8  12 
2319	2   5   8 
2321	2   8   4 
2323	2   5   4 
2325	2   5   8 
2327	2   8   4 
2329	2   8  12 
2331	2  12   9 
2333	2   9   8 
2335	2  12   8 
2337	2  12   9 
2339	2   9   8 
2341	2   9  13 
2343	2  13  10 
2343	2   4   5 
2345	2   8  12 
2347	2   8  12 
2349	2  10   9 
2351	2  13   9 
2353	2   4   5 
2353	2  13  10 
2355	2  10   9 
2357	2   9  13 
2359	2  14  13 
2361	2  12   9 
2361	6  15  14 
2363	2   9   8 
2367	2  10  11 
2365	2  12   8 
2369	2  12   9 
2371	2   9   8 
2373	2   8  12 
2375	2   5   8 
2377	2   8   4 
2379	2   5   4 
2381	2   5   8 
2383	2   8   4 
2385	2   4   5 
2387	2   5   6 
2387	2   8  12 
2389	2  12   9 
2391	2   4   1 
2393	2   9   8 
2393	6   6   1 
2395	2  12   8 
2399	2  12   9 
2401	2   9   8 
2403	2   8  12 
2405	2  12  14 
2407	2   8   0 
2407	2  10  14 
2409	6   5   2 
2415	2   9   5 
2417	2  14   6 
2419	2   6   7 
2421	2   5  13 
2423	6   9   5 
2429	2   5   0 
2423	6  14  11 
2429	2   7  11 
2431	2   6  11 
2429	6  14  13 
2433	2   4   1 
2433	2   6   7 
2435	6   8   0 
2435	2   7  11 
2437	2  11   6 
2439	2  14  11 
2441	2  11   9 
2443	2  14   9 
2445	2  14  11 
2447	2  11   9 
2449	2  11   6 
2449	2   8  13 
2451	2   9  14 
2453	2   9  14 
2451	2   6   7 
2453	2   7  11 
2455	2   6  11 
2457	2   6   7 
2459	2   7  11 
2461	2  11   6 
2463	2  14  11 
2465	2  11   9 
2467	2   6   7 
2467	2  14   9 
2469	2  14  11 
2471	2  11   9 
2473	2   9  14 
2473	2   7  11 
2475	2  11   6 
2477	2   7   6 
2479	2   9   1 
2479	2   7  11 
2481	2  11   6 
2483	2   6   7 
2485	2   1   6 
2487	2   6   9 
2489	2   1   9 
2491	2   1   6 
2493	2   6   9 
2495	2   9   1 
2497	2  13   9 
2499	2   9   8 
2501	2  13   8 
2503	2  13   9 
2505	2   9   8 
2507	2   9   1 
2509	2   8  13 
2509	2   1   6 
2511	2   6   9 
2513	2   1   9 
2515	2   8  13 
2515	2   1   6 
2517	2   6   9 
2519	2   6   7 
2521	2   7  11 
2521	2   9   1 
2523	2  11   6 
2525	2   7   6 
2527	2   9   1 
2527	2   7  11 
2529	2  11   6 
2531	2   6   7 
2533	2   1   6 
2535	2   6   9 
2537	2   1   9 
2539	2   1   6 
2541	2   6   9 
2543	2   9   1 
2545	2  13   9 
2547	2   9   8 
2549	2  13   8 
2551	2  13   9 
2553	2   9   8 
2555	2   9   1 
2557	2   8  13 
2557	2   1   6 
2559	2   6   9 
2561	2   1   9 
2563	2   8  13 
2563	2   1   6 
2565	2   6   9 
2567	2  11   6 
2569	2   6   7 
2571	2   9   1 
2571	2   7  11 
2573	2   6  11 
2575	2   9  14 
2575	2   6   7 
2577	2   7  11 
2579	2  11   6 
2581	2  14  11 
2583	2  11   9 
2585	2  14   9 
2587	2  14  11 
2589	2  11   9 
2591	2  11   6 
2593	2   9  14 
2595	2   9  14 
2593	2   6   7 
2595	2   7  11 
2597	2   6  11 
2599	2   6   7 
2601	2   7  11 
2603	2  11   6 
2605	2  14  11 
2607	2  11   9 
2609	2   6   7 
2609	2  14   9 
2611	2  14  11 
2613	2  11   9 
2615	2   7  11 
2615	2   9  14 
2617	2  11   6 
2619	2   7   6 
2621	2   9   1 
2621	2   7  11 
2623	2  11   6 
2625	6  15  14 
2625	2   6   7 
2627	2   1   6 
2629	2   6   9 
2631	2   1   9 
2633	2  14  15 
2633	2   1   6 
2635	2   6   9 
2637	6  14  10 
2643	6  14  12 
2649	2   9   1 
2651	2  13   9 
2653	2   9   8 
2655	2  13   8 
2657	2  13   9 
2659	2   9   8 
2661	2   9   1 
2663	2   8  13 
2663	2   1   6 
2665	2   6   9 
2667	2   1   9 
2669	2   8  13 
2669	2   1   6 
2671	2   6   9 
2673	2   6   7 
2675	2   9   1 
2677	2   9   1 
2675	2   7  11 
2679	2  11   6 
2681	2   7   6 
2683	2   7  11 
2685	2  11   6 
2687	2  14  11 
2689	2   6   7 
2689	6  14  12 
2691	2   1   6 
2695	2   6   9 
2697	2   1   9 
2699	2   1   6 
2701	2   6   9 
2703	2   9   1 
2705	2  13   9 
2707	6   6   4 
2713	2   9   8 
2715	2  13   8 
2717	2  13   9 
2719	2   9   8 
2721	6   9   5 
2727	2   5   1 
2727	2   8  13 
2729	2  14  13 
2731	2  14  11 
2729	2   1   4 
2731	2   0   8 
2733	6  15  13 
2733	2   4   5 
2735	2   1   5 
2737	2   1   4 
2739	6  10   8 
2745	2   0   8 
2747	2   4   5 
2749	2   5   1 
2751	2   9   5 
2753	2   2   1 
2753	2   9  10 
2755	6  14   9 
2761	2   9  14 
2763	2   6   4 
2763	2  14  13 
2765	2  13   9 
2767	2  14   9 
2765	6   4   0 
2769	2  14  13 
2771	2  13   9 
2773	2   9  14 
2775	2   8   9 
2775	2   6   1 
2777	2   6   2 
2777	2   9   4 
2779	2   8   4 
2781	2   8   9 
2783	2   9   4 
2785	2   9  14 
2787	2   4   8 
2789	2   4   8 
2787	2  14  13 
2791	2  13   9 
2793	2  14   9 
2795	2  14  13 
2797	2  13   9 
2799	2   9  14 
2801	2   8   9 
2803	2   9   4 
2805	2   8   4 
2805	2  14  13 
2807	2   8   9 
2809	2   9   4 
2811	2  13   9 
2813	2   9  14 
2815	2  13  14 
2815	2   4   8 
2817	2  13   9 
2819	6  14  13 
2819	6   8   4 
2825	2   9  13 
2779	6   6   2 
2827	6   6   5 
2827	2   8  12 
2829	2  13  14 
2831	2  12  13 
2833	2  13   8 
2835	2  12   8 
2837	2  12  13 
2839	2  13   8 
2833	6   2   0 
2841	2   8  12 
2843	2   5   8 
2845	2   8   0 
2831	6  15  11 
2847	2   5   0 
2849	2   5   8 
2851	2   8   0 
2853	2   0   5 
2855	2   0   5 
2853	2   8  12 
2855	2  12  13 
2857	2  13   8 
2859	2  12   8 
2861	2  12  13 
2863	2  13   8 
2865	2   8  12 
2867	2  13  14 
2869	2  14   9 
2871	2   8  12 
2873	2   9  13 
2875	2  14  13 
2877	2  14   9 
2879	2   9  13 
2881	2  13  14 
2883	2  12  13 
2885	2  13   8 
2887	2  12   8 
2889	2  12  13 
2891	2  13   8 
2893	2   8  12 
2895	2   5   8 
2897	2   8   0 
2899	2   5   0 
2901	2   5   8 
2903	2   8   0 
2905	2   0   5 
2907	2   0   5 
2905	2   8  12 
2907	2  12  13 
2909	2  13   8 
2911	2  12   8 
2913	2  12  13 
2915	2  13   8 
2917	2   9  13 
2919	2   8  12 
2921	2   8   4 
2921	2  13  14 
2923	2  14   9 
2925	2  13   9 
2927	2  13  14 
2929	2  14   9 
2931	2   9  13 
2933	2   4   9 
2935	2   9   8 
2937	2   4   8 
2939	2   4   9 
2941	2   9   8 
2943	2   9  13 
2945	2   8   4 
2945	2  13  14 
2947	2  14   9 
2949	2  13   9 
2951	2  13  14 
2951	2   8   4 
2953	2  14   9 
2955	2   9  13 
2957	2   4   9 
2959	2   9   8 
2961	2  13  14 
2961	2   4   8 
2963	2   4   9 
2965	2   9   8 
2967	2  14   9 
2969	2   9  13 
2971	2   8   4 
2971	2  14  13 
2973	2  14   9 
2975	2   8  12 
2977	2   9  13 
2979	2  13  14 
2981	2  12  13 
2979	6   6   4 
2985	2  13   8 
2987	2  12   8 
2989	2  12  13 
2991	2  13   8 
2993	2   8  12 
2995	2   5   8 
2997	2   8   0 
2999	2   5   0 
3001	2   5   8 
3003	2   8   0 
3005	2   0   5 
3005	2   8  12 
3007	2  12  13 
3007	2   0   5 
3009	2  13   8 
3011	2  12   8 
3013	2  12  13 
3015	2  13   8 
3017	2   8  12 
3019	2  13  14 
3021	2   8  12 
3023	2  14   9 
3025	2   9  13 
3027	2  14  13 
3029	2  14   9 
3031	2   9  13 
3033	2   9  11 
3035	2  13  14 
3037	2  12  13 
3039	2  13   8 
3041	2   6  14 
3041	2  12   8 
3043	6   9   4 
3049	2  12  13 
3051	2  13   8 
3053	2   8  12 
3055	2   5   8 
3057	2   8   0 
3059	2   5   0 
3061	2   5   8 
3063	2   8   0 
3065	2   8  12 
3065	2   0   5 
3067	2   0   2 
3069	2   5   1 
3071	2   0   1 
3067	2  12  13 
3069	2  13   8 
3071	2  12   8 
3073	2  12  13 
3075	2  13   8 
3077	2   8  12 
3079	2  13   9 
3081	2   8  10 
3083	2  13  10 
3085	6  15  10 
3085	6  13  12 
3091	2  13  10 
3083	6   5   4 
3093	2   5  10 
3095	2  10   2 
3097	2   9  14 
3097	2   2   7 
3099	2  15  11 
3101	2   7  10 
3103	2   2  10 
3105	2   2   7 
3107	2   7  10 
3109	2  10   2 
3111	2  14  10 
3113	2  10   9 
3115	2  14   9 
3117	2  14  10 
3119	2  10   9 
3121	2  10   2 
3123	2   9  14 
3123	2   2   7 
3125	2   7  10 
3127	2   2  10 
3129	2   9  14 
3129	2   2   7 
3131	2   7  10 
3133	2  10   2 
3135	2   2   7 
3135	2  14  10 
3137	2  10   9 
3139	2  14   9 
3141	2  14  10 
3143	2  10   9 
3145	2   7  10 
3147	2  10   2 
3149	2   9  14 
3149	2   7   2 
3151	2   7  10 
3153	2  10   2 
3155	2   2   7 
3157	6   9   6 
3155	6  15  14 
3163	2   6   1 
3165	2   1   2 
3167	2   2   6 
3169	2   1   6 
3171	2   1   2 
3173	2   2   6 
3175	2   6   1 
3177	2  11   6 
3179	2   6  14 
3181	2  11  14 
3183	2  11   6 
3185	2   6  14 
3187	2   6   1 
3189	2  14  11 
3189	2   1   2 
3191	2  14  11 
3191	2   2   6 
3193	2   1   6 
3195	2   1   2 
3197	2   2   6 
3199	2   6   1 
3201	2   6   1 
3203	2   2   7 
3205	2   7  10 
3207	2  10   2 
3209	2   7   2 
3211	2   7  10 
3213	2  10   2 
3215	2   2   7 
3217	2   1   2 
3219	2   2   6 
3221	2   1   6 
3223	2   1   2 
3225	2   2   6 
3227	2   6   1 
3229	2  11   6 
3231	2   6  14 
3233	2  11  14 
3235	2  11   6 
3237	2   6  14 
3239	6  15  14 
3245	2  15  11 
3247	2  15  11 
3239	2   6   1 
3241	2   1   2 
3243	2   2   6 
3245	2   1   6 
3247	2   1   2 
3249	2   2   6 
3251	2   6   1 
3253	2   6  14 
3255	2  10   2 
3257	2   2   7 
3259	2   7  10 
3261	2   2  10 
3263	2   2   7 
3265	2   7  10 
3267	2  10   2 
3269	2  14  10 
3271	2  10   6 
3273	2  14   6 
3275	2  14  10 
3277	2  10   6 
3279	2   6  14 
3281	2   6  14 
3283	2  10   2 
3285	2   2   7 
3287	2   7  10 
3289	2   2  10 
3291	2   2   7 
3293	2   7  10 
3295	2  10   2 
3297	2  14  10 
3297	2   2   7 
3299	2  10   6 
3301	2  14   6 
3303	2  14  10 
3305	2  10   6 
3307	2   6  14 
3309	2   6   1 
3311	2   7  10 
3313	2  10   2 
3315	2   9  14 
3315	2   7   2 
3317	2   7  10 
3319	2  10   2 
3321	2   2   7 
3323	2   1   2 
3325	2   2   6 
3327	2   1   6 
3329	2   1   2 
3331	2   2   6 
3333	2   6   1 
3321	6  15  14 
3321	6   9   8 
3335	2  11   6 
3337	2   6  14 
3339	2  11  14 
3341	2  11   6 
3343	2   6  14 
3345	2   6   1 
3347	2  14  11 
3347	2   1   2 
3349	2   2   6 
3351	2   1   6 
3353	2   1   2 
3355	2   2   6 
3357	2   2   7 
3359	2   6   1 
3361	2   6   1 
3363	2   7  10 
3365	2  10   2 
3367	6   7   5 
3373	2   5   2 
3373	2  14  11 
3375	2   5  10 
3377	2  10   2 
3379	2   2   5 
3381	2  13  10 
3381	2   1   2 
3383	2   2   6 
3385	2   1   6 
3387	2   1   2 
3389	2   2   6 
3383	6  13  12 
3391	2   6   1 
3393	2  11   6 
3395	2   6  14 
3397	2  11  14 
3399	2  11   6 
3401	2   6  14 
3403	2  14  11 
3405	2   6   1 
3405	6  14  13 
3407	2   7  11 
3407	2   1   2 
3409	2   2   6 
3411	6  10   7 
3417	2   1   6 
3419	2  10   7 
3421	2   9  13 
3419	2   1   2 
3421	2   2   6 
3423	2   6   1 
3425	2  14   6 
3427	6   5   0 
3427	2  14  13 
3433	2   4   1 
3429	2  10  14 
3431	2  14  15 
3433	2  15  10 
3435	2  14  10 
3437	2  14  15 
3435	2   5   2 
3437	2   9   8 
3439	2   5   1 
3439	2  15  10 
3441	2   5   4 
3441	2  10  14 
3443	2   8  10 
3445	2  10   9 
3447	2   8   9 
3449	2   8  10 
3451	2  10   9 
3453	2  10  14 
3455	2   9   8 
3455	2  14  15 
3457	2  15  10 
3459	2  14  10 
3461	2  14  15 
3461	2   9   8 
3463	2  15  10 
3465	2  10  14 
3467	2   8  10 
3469	2  10   9 
3471	2  14  15 
3471	2   8   9 
3473	2   8  10 
3475	2  10   9 
3477	2  15  10 
3479	2  10  14 
3481	2  15  14 
3481	2   9   8 
3483	2  15  10 
3485	2  10  14 
3487	2  14  15 
3487	2   9  12 
3489	2  12  14 
3491	2  14   9 
3493	2  12   9 
3495	2  12  14 
3497	2  14   9 
3499	2   9  12 
3501	2   4   9 
3503	2   9   5 
3505	2   4   5 
3507	2   4   9 
3509	2   9   5 
3511	2   9  12 
3513	2  12  14 
3513	2   5   4 
3515	2  14   9 
3517	2  12   9 
3519	2   5   4 
3519	2  12  14 
3521	2  14   9 
3523	2   9  12 
3523	2  14  15 
3525	2  15  10 
3527	2  10  14 
3529	2   9  12 
3529	2  15  14 
3531	2  15  10 
3533	2  10  14 
3535	2  14  15 
3537	2  12  14 
3539	2  14   9 
3541	2  12   9 
3543	2  12  14 
3545	2  14   9 
3547	2   9  12 
3549	2   4   9 
3551	2   9   5 
3553	2   4   5 
3555	2   4   9 
3557	2   9   5 
3559	2   9  12 
3561	2   5   4 
3561	2  12  14 
3563	2  14   9 
3565	2  12   9 
3567	2   5   4 
3567	2  12  14 
3569	2  14   9 
3571	2  10  14 
3573	2  14  15 
3573	2   9  12 
3575	2  15  10 
3577	2  14  10 
3579	2  14  15 
3579	2   9   8 
3581	2  15  10 
3583	2  10  14 
3585	2   8  10 
3587	2  10   9 
3589	2   8   9 
3591	2   8  10 
3593	2  10   9 
3595	2  10  14 
3597	2  14  15 
3597	2   9   8 
3599	2  15  10 
3601	2  14  10 
3603	2   9   8 
3603	2  14  15 
3605	2  15  10 
3607	2  10  14 
3609	2   8  10 
3611	2  10   9 
3613	2  14  15 
3613	2   8   9 
3615	2   8  10 
3617	2  10   9 
3619	2  15  10 
3621	2  10  14 
3623	2  15  14 
3623	2   9   8 
3625	2  15  10 
3627	2  10  14 
3629	2   9  12 
3629	2  14  15 
3631	2  12  14 
3633	6  15  10 
3639	2  14   9 
3641	2  12   9 
3643	2  12  14 
3645	2  14   9 
3647	2   9  12 
3649	2   4   9 
3651	2   9   5 
3653	2   4   5 
3655	2   4   9 
3657	2   9   5 
3659	2   9  12 
3661	2   5   4 
3661	2  12  14 
3663	2  14   9 
3665	2  12   9 
3667	2  12  14 
3667	2   5   4 
3669	2  14   9 
3671	2  14  10 
3673	2  10  15 
3675	2   9  12 
3675	2  15  14 
3677	2  10  14 
3679	2  10  15 
3681	2   9  12 
3681	2  15  14 
3683	2  14  10 
3685	2  12  14 
3687	2   8  10 
3689	2  14   9 
3691	2  12   9 
3691	2  15  11 
3693	2  12  14 
3695	2  14   9 
3697	6  15   7 
3697	2   9  12 
3699	2   4   9 
3701	2   9   5 
3703	2   4   5 
3705	2   4   9 
3707	2   9   5 
3709	2   5   4 
3703	6  15  11 
3711	2   9  12 
3713	2   4   1 
3713	2  12  14 
3715	2  14   9 
3717	2  12   9 
3719	2   5   2 
3719	2  12  14 
3721	6  11   6 
3721	6  12   4 
3727	6   5   0 
3733	2   0   1 
3733	2  14   9 
3735	2   9   4 
3737	2   4   6 
3739	2   7   6 
3741	2   6   2 
3739	2   9  13 
3743	2   2   5 
3741	2  14  11 
3743	2  11  10 
3745	2  14  13 
3747	2  13  15 
3745	2   5   6 
3747	2   2   6 
3749	6   3   1 
3755	2   2   5 
3757	2   5   6 
3759	2   6   2 
3761	2  10   6 
3763	2   6  11 
3765	2  10  11 
3767	2  10   6 
3769	2   6  11 
3771	2   6   2 
3773	2  11  10 
3773	2   2   5 
3775	2   5   6 
3777	2   2   6 
3779	2  11  10 
3779	2   2   5 
3781	2   5   6 
3783	2   6   2 
3785	2  10   6 
3787	2   6  11 
3789	2  10  11 
3789	2   2   5 
3791	2  10   6 
3793	2   6  11 
3795	2  11  10 
3797	2  11   3 
3799	2   5   6 
3801	2   6   2 
3803	6  11   7 
3803	2   5   2 
3799	6  14  13 
3809	2   5   6 
3809	6  14  11 
3811	2   6   2 
3813	2   2   5 
3815	2   3   2 
3817	2   2   7 
3819	2   3   7 
3821	2   3   2 
3823	2   2   7 
3825	2   7   3 
3827	2  15   7 
3829	2   7  11 
3831	2  15  11 
3833	2  15   7 
3835	2   7  11 
3837	2   7   3 
3839	2  11  15 
3839	2   3   2 
3841	2   2   7 
3843	2   3   7 
3845	2  11  15 
3845	2   3   2 
3847	2   2   7 
3849	2   7   3 
3851	2   7   3 
3853	2   2   5 
3855	2   5   6 
3857	2   6   2 
3859	2   5   2 
3861	2   5   6 
3863	2   6   2 
3865	2   2   5 
3867	2   3   2 
3869	2   2   7 
3871	2   3   7 
3873	2   3   2 
3875	2   2   7 
3877	2   7   3 
3879	2  15   7 
3881	2   7  11 
3883	2  15  11 
3885	2  15   7 
3887	2   7  11 
3889	2   7   3 
3891	2   3   2 
3893	2   2   7 
3895	2   3   7 
3897	2  11  15 
3897	2   3   2 
3899	2   2   7 
3901	2  11  15 
3901	2   6   2 
3903	2   7   3 
3905	2   7  10 
3907	2   2   5 
3909	2   5   6 
3911	2   2   6 
3913	2   2   5 
3915	2   5   6 
3917	2   6   2 
3919	2  10   6 
3921	2   6   7 
3923	2  10   7 
3925	2  10   6 
3927	2   6   7 
3929	2   7  10 
3931	2   7  10 
3933	2   6   2 
3935	2   2   5 
3937	2   5   6 
3939	2   2   6 
3941	2   2   5 
3943	2   5   6 
3945	2   6   2 
3947	2  10   6 
3949	2   2   5 
3951	2   6   7 
3953	2  10   7 
3955	2  10   6 
3957	2   6   7 
3959	2   5   6 
3961	2   6   2 
3963	2   5   2 
3965	2   5   6 
3967	2   6   2 
3969	2   7  10 
3971	2   7   3 
3973	2   2   5 
3975	2   8  10 
3975	2   3   2 
3977	2   2   7 
3979	6  13  10 
3979	2   3   7 
3981	2   3   2 
3985	2   2   7 
3987	2   7   3 
3989	2  15   7 
3991	2   7  11 
3993	2  15  11 
3995	2  15   7 
3997	2   7  11 
3999	2   7   3 
4001	2  11  15 
4001	2   3   2 
4003	2   2   7 
4005	2   3   7 
4007	2   3   2 
4007	2  11  15 
4009	2   2   7 
4011	2   2   5 
4013	2   5   6 
4015	2   6   2 
4017	2   7   3 
4019	2   7   3 
4021	2   5   2 
4023	2   5   6 
4025	2   6   2 
4027	2   4   6 
4029	2   2   5 
4031	6  12   4 
4031	2   3   2 
4033	2   2   7 
4035	2   3   7 
4037	6   5   4 
4037	2   3   2 
4039	2   2   7 
4041	2   7   3 
4043	6   5   1 
4043	2  15   7 
4045	2   7  11 
4047	2  15  11 
4049	6   5   0 
4049	2  15   7 
4051	2   7  11 
4053	2   7   3 
4055	2  11  15 
4057	2  14  15 
4055	2   3   2 
4057	2   2   7 
4059	2   9  11 
4061	6   9   8 
4061	2   3   7 
4067	2   8   9 
4063	2   3   2 
4065	2   2   7 
4067	2   7   3 
4069	2  10   7 
4071	2  14   6 
4073	2   1   3 
4075	2   5   2 
4073	2  10  11 
4075	2  14  10 
4069	6  12   8 
4077	6   3   1 
4083	2   5   1 
4077	2  10  13 
4079	2  13  14 
4081	2  10  14 
4083	2  10  13 
4085	6   3   1 
4085	2  13  14 
4087	2  14  10 
4089	2   9  14 
4091	2  14  12 
4093	2   9  12 
4095	2   9  14 
4097	2  14  12 
4099	2  14  10 
4101	2  10  13 
4103	2  12   9 
4105	2   5   1 
4105	2  13  14 
4107	2  12   9 
4109	6  13  10 
4115	2  13  14 
4117	2  13  10 
4119	2  10  14 
4109	6   4   1 
4121	2  14  13 
4123	2   9  14 
4125	2  13  10 
4127	2  14  12 
4129	2   9  12 
4131	2   9  14 
4133	2  14  12 
4135	2  12   9 
4137	2  12   8 
4137	2  10  14 
4139	2  14  13 
4141	2  10  13 
4143	2  10  14 
4145	2  14  13 
4147	2  13  10 
4149	6  12   9 
4155	2   8  13 
4157	2  13   9 
4159	2   8   9 
4115	6   3   1 
4161	2   8  13 
4163	2  13   9 
4165	6   6   4 
4171	2   9   8 
4173	2   6   9 
4175	2   9   5 
4177	2   6   5 
4179	2   6   9 
4181	2   9   5 
4183	2   9   8 
4185	2   8  13 
4185	2   5   6 
4187	2  13   9 
4189	2   8   9 
4191	2   8  13 
4191	2   5   6 
4193	2  13   9 
4195	2   9   8 
4197	2   9   8 
4199	2  13  10 
4201	2  10  14 
4203	2  14  13 
4205	2  10  13 
4207	2  10  14 
4209	2  14  13 
4211	2  13  10 
4213	2   8  13 
4215	2  13   9 
4217	2   8   9 
4219	2   8  13 
4221	2  13   9 
4223	2   9   8 
4225	2   6   9 
4227	2   9   5 
4229	2   6   5 
4231	2   6   9 
4233	2   9   5 
4235	2   9   8 
4237	2   5   6 
4237	2   8  13 
4239	2  13   9 
4241	2   8   9 
4243	2   5   6 
4243	2   8  13 
4245	2  13   9 
4247	2   9   8 
4249	2   9  12 
4251	2  14  13 
4253	2  13  10 
4255	2  10  14 
4257	2  13  14 
4259	2  13  10 
4261	2  10  14 
4263	2  14  13 
4265	2  12  14 
4267	2  14   9 
4269	2  12   9 
4271	2  12  14 
4273	2  14   9 
4275	2   9  12 
4277	2   9  12 
4279	2  14  13 
4281	2  13  10 
4283	2  10  14 
4285	2  13  14 
4287	2  13  10 
4289	2  10  14 
4291	2  14  13 
4293	2  13  10 
4295	2  12  14 
4297	2  14   9 
4299	2  12   9 
4301	2  12  14 
4303	2  14   9 
4305	6  12   4 
4305	2  10  14 
4311	2   9   4 
4313	2   9   8 
4315	2  14  13 
4317	2  10  13 
4319	2  10  14 
4321	2  14  13 
4323	2  13  10 
4313	6   2   0 
4319	6   4   0 
4319	6   3   2 
4325	6   2   0 
4325	2   8  13 
4327	2  13   9 
4329	2   8   9 
4331	2   8  13 
4333	2  13   9 
4335	2   9   8 
4337	2   6   9 
4339	2   9   5 
4341	2   6   5 
4343	2   6   9 
4345	2   9   5 
4347	2   9   8 
4349	2   8  13 
4349	2   5   6 
4351	2  13   9 
4353	2   8   9 
4355	2   5   6 
4355	2   8  13 
4357	2  13   9 
4359	2   9   8 
4361	2   9   8 
4363	2  13  10 
4365	2  10  14 
4367	2  14  13 
4369	2  10  13 
4371	2  10  14 
4373	2  14  13 
4375	2  13  10 
4377	2   8  13 
4379	2  13   9 
4381	2   8   9 
4381	2  14  15 
4383	2   2  10 
4385	2   8  13 
4385	6  15   7 
4387	2  13   9 
4389	2   9   8 
4391	2   6   9 
4393	6  11  10 
4399	2   9   5 
4401	2   6   5 
4403	2   6   9 
4405	2   9   5 
4407	2   9   8 
4409	2   8  13 
4411	2  13   9 
4413	2   8   9 
4415	2   8  13 
4417	2  13   9 
4419	2   9   8 
4421	2  13  15 
4421	2   5   6 
4423	2   9  10 
4425	2   8  12 
4425	2   6   1 
4427	2  14  12 
4429	2  15  11 
4427	2   5   4 
4429	2  12   4 
4431	2   4   0 
4433	2   5   1 
4431	2  13  10 
4433	2  10   7 
4433	6  12   8 
4439	2   0   8 
4441	2   4   8 
4443	2   4   0 
4445	2   0   8 
4435	6  11  10 
4441	6  15  14 
4447	2   8   4 
4447	6  14  13 
4447	6   6   1 
4453	2  10   8 
4455	2   8  13 
4457	2  10  13 
4459	2  10   8 
4461	2   8  13 
4463	6  14   6 
4463	2   8   4 
4465	2   4   0 
4467	2   0   8 
4469	2  13  10 
4469	2   4   8 
4471	6  14  12 
4471	2   4   0 
4477	2   0   8 
4479	2  13  10 
4479	2   8   4 
4481	2  10   8 
4483	2   4   0 
4485	2   8  13 
4487	2  10  13 
4489	2  10   8 
4491	2   8  13 
4493	2   0   8 
4495	2  13  10 
4495	2   8   4 
4497	2  13  12 
4497	2   0   4 
4499	2   0   8 
4501	2   8   4 
4503	2   4   0 
4505	6   8   4 
4497	6  11   7 
4511	2  12   8 
4503	6  14  11 
4509	6  15   7 
4513	2   8  13 
4515	2  12  13 
4517	2  12   8 
4519	2   8  13 
4521	2  13  12 
4523	2  14  13 
4525	2  13  15 
4527	2  14  15 
4529	2  14  13 
4531	2  13  15 
4533	2  13  12 
4535	2  15  14 
4535	2  12   8 
4537	2   8  13 
4539	2  12  13 
4541	2  15  14 
4541	2  12   8 
4543	2   8  13 
4545	2   8   0 
4547	2   0   4 
4547	2  13  12 
4549	2   4   8 
4551	2   0   8 
4553	2  13  12 
4553	2   0   4 
4555	2   4   8 
4557	2   8   0 
4559	2  12   8 
4561	2   8  13 
4563	2  12  13 
4565	2  12   8 
4567	6  10   9 
4573	2   8  13 
4575	2  13  12 
4577	2  14  13 
4579	2  13  15 
4581	2  14  15 
4583	2  14  13 
4585	2  13  15 
4587	2  13  12 
4589	2  12   8 
4591	2   8  13 
4593	2  12  13 
4595	2  15  14 
4595	2  12   8 
4597	2   8  13 
4599	2   4   8 
4601	2   8   0 
4603	2  13  12 
4605	2  13   9 
4607	2  15  14 
4603	2   0   4 
4607	2   8   4 
4609	2   8   0 
4611	2   0   4 
4611	6  13  12 
4617	2   4   8 
4609	6  15  10 
4619	2   9   4 
4621	2   4  12 
4623	2   9  12 
4625	2   9   4 
4627	2   4  12 
4615	6   6   2 
4629	2   4   8 
4631	2   8   0 
4633	2  12   9 
4633	2   0   4 
4635	2   8   4 
4637	2   8   0 
4639	2  12   9 
4639	2   0   4 
4641	2   4   8 
4643	2   8   0 
4645	2   9   4 
4647	2   4  12 
4649	2   9  12 
4651	2   9   4 
4653	2   4  12 
4655	2   0   4 
4655	2  12   9 
4657	2   4   8 
4659	6  10   9 
4657	6   2   1 
4665	2   6  10 
4665	2   0   8 
4667	6  15  10 
4667	2   0   4 
4667	2  12  13 
4669	2   4   8 
4671	2   8   0 
4673	6  11   7 
4673	2  13   8 
4675	2   8  12 
4677	2  13  12 
4679	6   7   2 
4679	2  13   8 
4681	2   8  12 
4683	2  12  13 
4685	6   2   1 
4685	2  14  12 
4687	2  12   9 
4689	2  14   9 
4691	2  14  12 
4693	2  12   9 
4695	2  12  13 
4697	2   9  14 
4699	6  15   7 
4699	2  13   8 
4701	2   8  12 
4703	2  13  12 
4705	2   9  14 
4707	2  13   8 
4709	2   8  12 
4711	2   8   0 
4713	2  12  13 
4715	2  12  13 
4713	2   0   4 
4717	2   4   8 
4719	2   0   8 
4721	2   0   4 
4723	2   4   8 
4725	2   8   0 
4727	6   2   0 
4727	2  13   8 
4729	2   8  12 
4733	2   1   4 
4731	2  13  12 
4735	2  13   8 
4737	2   8  12 
4739	6   4   0 
4739	2  12  13 
4741	2  14  12 
4743	2  12   9 
4745	6   1   0 
4745	2  14   9 
4747	2  14  12 
4749	2  12   9 
4751	6   3   1 
4751	2  12  13 
4753	2   9  14 
4755	2  10   9 
4757	2  13   8 
4757	2  10   6 
4759	6  15  14 
4759	2   8  12 
4761	6   9   4 
4767	2  13  12 
4765	2  11  15 
4767	2  11   3 
4769	6   7   6 
4769	2  13   8 
4771	2   8  12 
4773	2  12  13 
4775	2   9  12 
4767	6   1   0 
4777	2   9   4 
4779	2  11   9 
4781	2   9   6 
4783	2   6  11 
4785	2   9  11 
4787	2   9   6 
4789	2  14  13 
4789	2   6  11 
4791	6  14   6 
4797	2  11   9 
4799	2   7  11 
4799	2   5   8 
4801	2  11  10 
4801	6   2   1 
4803	2   7  10 
4805	2   7  11 
4807	2  11  10 
4809	2  10   7 
4811	2  11   9 
4813	2   5  13 
4815	2   9  14 
4817	2  14  11 
4817	2   5   6 
4819	2  10   7 
4821	2   9  11 
4823	6   6   2 
4823	2   9  14 
4825	2  14  11 
4829	2  11   9 
4831	2   7  11 
4831	2   9  14 
4833	6   8   4 
4833	2  11  10 
4835	2   7  10 
4837	2   7  11 
4839	2  11  10 
4841	2  14  11 
4843	2  11   9 
4845	2  14   9 
4847	2  14  11 
4849	2  10   7 
4847	6   4   1 
4851	2  10   6 
4853	2  11   9 
4855	2   9  14 
4855	6   4   0 
4857	2   6   9 
4859	2   9  10 
4861	6  13   8 
4861	2   6  10 
4867	2   6   9 
4869	2   9  10 
4871	6   8   4 
4871	2  10   6 
4873	2   2  10 
4877	2  10   5 
4879	2   2   5 
4881	2   2  10 
4883	2  10   5 
4885	2  10   6 
4887	2   6   9 
4889	2   9  10 
4891	2   6  10 
4893	2   6   9 
4895	2   9  10 
4897	2  10   6 
4899	2  10   6 
4901	2   9  14 
4903	2   5   2 
4903	2  14  11 
4905	2  11   9 
4907	2  14   9 
4909	2   5   2 
4909	2  14  11 
4911	2  11   9 
4913	2   9  14 
4915	2   6   9 
4917	2   9  10 
4919	2   6  10 
4921	2   6   9 
4923	2   9  10 
4925	2  10   6 
4927	2   2  10 
4929	2  10   5 
4931	2   2   5 
4933	2   2  10 
4935	2  10   5 
4937	2  10   6 
4939	2   6   9 
4941	2   9  10 
4943	2   6  10 
4945	2   6   9 
4947	2   9  10 
4949	2  10   6 
4951	2  10   7 
4953	2  11   9 
4955	2   9  14 
4957	2  14  11 
4959	2   9  11 
4961	2   9  14 
4963	2  14  11 
4965	2  11   9 
4967	2   5   2 
4969	2   5   2 
4967	2   7  11 
4969	2  11  10 
4971	2   7  10 
4973	2   7  11 
4975	2  11  10 
4977	2  10   7 
4979	2  10   7 
4981	2  11   9 
4983	2   9  14 
4985	2  14  11 
4987	2   9  11 
4989	2   9  14 
4991	2  14  11 
4993	2  11   9 
4995	2   7  11 
4995	2   9  14 
4997	2  11  10 
4999	2   7  10 
5001	2   7  11 
5003	2  11  10 
5005	2  10   7 
5007	2  10   6 
5009	2  14  11 
5011	2  11   9 
5013	2  14   9 
5015	2  14  11 
5017	2  11   9 
5019	2   9  14 
5021	2   6   9 
5023	2   9  10 
5025	2   6  10 
5027	2   6   9 
5029	2   9  10 
5031	2  10   6 
5033	2   2  10 
5035	2  10   5 
5037	2   2   5 
5039	2   2  10 
5041	2  10   5 
5043	2  10   6 
5045	2   6   9 
5047	2   9  10 
5049	2   6  10 
5051	2   6   9 
5053	2   9  10 
5055	2   9  14 
5057	2   5   2 
5057	2  14  11 
5059	2  10   6 
5061	2  11   9 
5063	2  10   6 
5065	2  14   9 
5067	2   5   2 
5067	2  14  11 
5069	2  11   9 
5071	2   9  14 
5073	2   6   9 
5075	2   9  10 
5077	2   6  10 
5079	2  11  15 
5079	2   6   9 
5081	2   9  10 
5083	2  10   6 
5085	2   2  10 
5087	2  10   5 
5089	2   2   5 
5091	2   2  10 
5093	6  15  14 
5099	6  14  12 
5093	6   2   0 
5105	2  10   5 
5107	2   5   0 
5109	2  10   6 
5109	2   0   4 
5111	2   6   9 
5113	2   9  10 
5115	2   6  10 
5117	2   6   9 
5119	2   9  10 
5121	2  10   6 
5123	2   6   3 
5125	6   6   3 
5131	2   5   1 
5131	2   7  15 
5133	2  11   6 
5135	2   6   1 
5137	2   9  14 
5139	2  14  15 
5137	2   1   2 
5139	2   2   6 
5141	6  15  11 
5141	2   1   6 
5143	2   1   2 
5145	2   2   6 
5147	2  10  13 
5147	2   5   4 
5149	2   9  13 
5149	2   6   1 
5151	2  13  12 
5151	2  11   6 
5153	2   6  14 
5155	2  11  14 
5153	6   8   4 
5157	2  11   6 
5159	2   6  14 
5161	2   6   1 
5163	2   1   2 
5163	2  14  11 
5165	6  13   8 
5165	2   2   6 
5167	2   1   6 
5171	2  14  11 
5169	2   1   2 
5171	2   2   6 
5173	2   6   1 
5175	2  11   6 
5177	2   6  14 
5179	2  11  14 
5179	2   1   2 
5181	2  11   6 
5183	2   6  14 
5185	2  14  11 
5187	2  14  13 
5185	2   2   6 
5187	2   6   1 
5189	6  13   5 
5195	6  14   9 
5195	2   2   1 
5197	2   2   6 
5201	6  15  13 
5201	2   6   1 
5203	2   1   2 
5205	2   5   1 
5207	6  15   7 
5207	2   1   9 
5209	2   5   9 
5211	2   5   1 
5213	6   7   3 
5213	2   1   9 
5215	2   9   5 
5217	2  12   9 
5219	2   9   8 
5221	2  12   8 
5223	2  12   9 
5225	2   9   8 
5227	2   9   5 
5229	2   8  12 
5229	2   5   1 
5231	2   1   9 
5233	2   5   9 
5235	2   5   1 
5237	2   1   9 
5239	6  13   8 
5245	2  13  12 
5239	2   1   2 
5241	2   2   6 
5243	2   6   1 
5245	2   2   1 
5247	2   9   5 
5249	2   9   5 
5251	2   2   6 
5253	2   6   1 
5255	2   1   2 
5257	2   5   1 
5259	2   1   9 
5261	2   5   9 
5263	2   5   1 
5265	2   1   9 
5267	2   9   5 
5269	2  12   9 
5271	2   9  13 
5273	2  12  13 
5275	2  12   9 
5277	2   9  13 
5279	2   9   5 
5281	2  13  12 
5281	2   5   1 
5283	2   1   9 
5285	2   5   9 
5287	2   5   1 
5289	2   1   9 
5291	2   6   1 
5293	2   1   2 
5295	2   9   5 
5297	2   2   6 
5299	2   1   6 
5301	2   9  11 
5301	2   1   2 
5303	2  13  12 
5303	2   2   6 
5305	2   6   1 
5307	2  11   6 
5309	2   6   9 
5311	2  11   9 
5313	2  11   6 
5315	2   6   9 
5317	2   6   1 
5319	2   1   2 
5319	2   9  11 
5321	2   2   6 
5323	2   1   6 
5325	2   9  11 
5325	2   1   2 
5327	2   2   6 
5329	2   6   1 
5331	2  11   6 
5333	2   6   9 
5335	2   1   2 
5335	2  11   9 
5337	2  11   6 
5339	2   6   9 
5341	2   2   6 
5343	2   6   1 
5345	2   2   1 
5347	2   2   6 
5349	2   6   1 
5351	2   9  11 
5353	2  15  11 
5351	2   1   2 
5353	2   9   5 
5355	2   5   1 
5357	2   1   9 
5359	2   5   9 
5361	2   5   1 
5363	2   1   9 
5365	2   9   5 
5367	2  12   9 
5369	2   9  13 
5371	2  12  13 
5373	2  12   9 
5375	2   9  13 
5377	2   9   5 
5379	2   5   1 
5381	2   1   9 
5383	2   5   9 
5385	2   5   1 
5385	2  13  12 
5387	2   1   9 
5389	2  13  12 
5389	2   1   2 
5391	2   9   5 
5393	2   9   5 
5395	2   2   6 
5397	2   6   1 
5399	2   2   1 
5401	2   2   6 
5403	2   6   1 
5405	2   1   2 
5407	2   5   1 
5409	2   1   9 
5411	2   5   9 
5413	2   5   1 
5415	2   1   9 
5417	6   3   2 
5417	2   9   5 
5419	2  12   9 
5421	2   9  13 
5423	2  12  13 
5423	2   7   6 
5425	6   7   3 
5425	2  12   9 
5427	2   9  13 
5429	2   9   5 
5431	2  13  12 
5431	2   5   1 
5433	2   1   9 
5431	6  11   7 
5435	2   5   9 
5437	6  15   7 
5437	2   5   1 
5437	2   8  12 
5439	2   1   9 
5441	2   9   5 
5443	2  14   9 
5443	2   2   1 
5445	2  10  13 
5447	2   0   5 
5447	2  14  13 
5449	6   9   8 
5449	2  11  14 
5455	2   2   5 
5451	2  14  15 
5457	2   2   0 
5453	2  15  11 
5455	2  14  11 
5457	2  14  15 
5459	2  10   7 
5461	2   9   6 
5461	2  15  11 
5463	2  11  14 
5465	2   7  11 
5467	2  11  10 
5469	2   7  10 
5471	2   7  11 
5473	2  11  10 
5475	2  10   7 
5477	2  10   7 
5479	2  11  14 
5481	2  14  15 
5483	2  15  11 
5481	6   6   3 
5487	6   5   0 
5487	2  14  11 
5489	2  14  15 
5491	2  15  11 
5493	2  11  14 
5495	2   7  11 
5497	2  14  15 
5499	2  11  10 
5501	2   7  10 
5503	2   7  11 
5505	2  11  10 
5507	2  10   7 
5509	2  10   9 
5511	2  15  11 
5513	2  11  14 
5515	2   7   6 
5515	2  15  14 
5517	2  15  11 
5519	2  11  14 
5521	2  14  15 
5523	2   9  14 
5525	2  14  10 
5527	2   9  10 
5529	2   9  14 
5531	2  14  10 
5533	2  10   9 
5535	2   6  10 
5537	2  10   7 
5539	2   6   7 
5541	2   6  10 
5543	2  10   7 
5545	2   7   6 
5547	2   7   6 
5549	2   6  10 
5551	2  10   7 
5553	2   6   7 
5555	2   6  10 
5557	2  10   7 
5559	2   7   6 
5561	2   5   7 
5563	2   7   2 
5565	2   5   2 
5567	2   5   7 
5569	2   7   2 
5571	2   7   6 
5573	2   6  10 
5575	2  10   7 
5577	2   6   7 
5579	2   6  10 
5581	2  10   7 
5583	2  10   9 
5585	2   9  14 
5587	2  14  10 
5587	2   2   5 
5589	2   9  10 
5591	2   7   6 
5591	2   9  14 
5593	2  14  10 
5595	2   7   6 
5597	2   2   5 
5595	2  14  15 
5597	2  15  11 
5599	2  11  14 
5601	2  10   9 
5603	2  15  14 
5605	2  10   9 
5607	2  15  11 
5609	2  11  14 
5611	2  14  15 
5613	2   9  14 
5615	2  14  10 
5617	2   9  10 
5619	2   9  14 
5621	2  14  10 
5623	2  10   9 
5625	2   6  10 
5627	2  10   7 
5629	2   6   7 
5631	2   6  10 
5633	2  10   7 
5635	2   7   6 
5637	2   5   7 
5639	2   7   2 
5641	2   5   2 
5643	2   5   7 
5645	2   7   2 
5647	2   7   6 
5649	2   6  10 
5651	2  10   7 
5653	2   6   7 
5655	2   6  10 
5657	2  10   7 
5659	2  10   9 
5661	2   9  14 
5661	2   7   6 
5663	2  14  10 
5665	2   9  10 
5667	2   9  14 
5669	2   2   5 
5671	2   2   5 
5669	2  14  10 
5671	2  11  14 
5673	2  10   9 
5675	2  10   7 
5677	2  14  15 
5679	2  15  11 
5681	2  14  11 
5683	2  14  15 
5685	2  15  11 
5687	2  11  14 
5689	2   7  11 
5691	2  11  10 
5693	2   7  10 
5695	2   7  11 
5697	2  11  10 
5699	2  10   7 
5701	2  10   7 
5703	2  11  14 
5705	2  14  15 
5707	2  15  11 
5709	2  14  11 
5711	2  14  15 
5713	2  15  11 
5715	2  11  14 
5717	2   7  11 
5719	2  14  15 
5721	2  11  10 
5723	2   7  10 
5725	2   7  11 
5727	2  11  10 
5729	2  10   7 
5731	2  10   9 
5733	2  15  11 
5735	2  11  14 
5737	2  15  14 
5737	2   7   6 
5739	2  15  11 
5741	2  11  14 
5743	2  14  15 
5745	2   9  14 
5747	2  14  10 
5749	2   9  10 
5751	2   9  14 
5753	2  14  10 
5755	2  10   9 
5757	2   6  10 
5759	2  10   7 
5761	2   6   7 
5763	2   6  10 
5765	2  10   7 
5767	2   7   6 
5769	2   5   7 
5771	2   7   2 
5773	2   5   2 
5775	2   5   7 
5777	2   7   2 
5779	2   7   6 
5781	2   6  10 
5783	2  10   7 
5785	2   6   7 
5787	2   6  10 
5789	2  10   7 
5791	2  10   9 
5793	2   7   6 
5793	2   9  14 
5795	2  14  10 
5797	2   9  10 
5799	2   9  14 
5801	2  14  10 
5803	2  14  15 
5805	2  15  11 
5807	2  10   9 
5809	2  11  14 
5811	2   7   6 
5811	2  15  14 
5813	2  10   9 
5815	2   2   5 
5817	2   2   5 
5815	2  15  11 
5817	2  11  14 
5819	2  14  15 
5821	2   9  14 
5823	2  14  10 
5825	2   9  10 
5827	2   9  14 
5829	2  14  10 
5831	2  10   9 
5833	2   6  10 
5835	2  10   7 
5837	2   6   7 
5839	2   6  10 
5841	2  10   7 
5843	2   7   6 
5845	2   5   7 
5847	2   7   2 
5849	2   5   2 
5851	2   5   7 
5853	2   7   2 
5855	2   7   6 
5857	2   6  10 
5859	2  10   7 
5861	2   6   7 
5863	2   6  10 
5865	2  10   7 
5867	2  10   9 
5869	2   7   6 
5869	2   9  14 
5871	2   2   5 
5871	2  14  10 
5873	2   9  10 
5875	2   9  14 
5877	2  14  10 
5879	2  10   9 
