   1	2  15   7 
   3	6  15   7 
   1	6   4   1 
   9	6  11  10 
  15	2  11   7 
  17	2  15  11 
  19	2  15   7 
  21	2  11   7 
  15	6   9   1 
  23	2  15  11 
  23	2   5   6 
  25	2   7  15 
  21	6  13   8 
  27	2   7   5 
  29	2   6   7 
  31	2   6   5 
  33	2   7   5 
  35	2   6   7 
  27	6  14  13 
  37	2   7  15 
  39	2  11   7 
  41	2  15  11 
  41	2   5   6 
  43	2  15   7 
  45	2  11   7 
  47	2  15  11 
  47	2   5   6 
  49	2   7  15 
  51	2   7   5 
  53	2   6   7 
  55	2   6   5 
  57	2   7   5 
  59	2   6   7 
  61	2   5   6 
  63	2   7   5 
  65	2   6   9 
  51	6  15  14 
  67	2  10   6 
  69	2   9  10 
  71	2   9   6 
  73	2  10   6 
  75	2   9  10 
  75	6   3   1 
  81	2   6   9 
  83	2   6   7 
  85	2   5   6 
  87	2   5   7 
  89	2   6   7 
  91	2   5   6 
  93	2   7   5 
  95	2   7   5 
  97	2   6   9 
  99	2  10   6 
 101	2   9  10 
 103	2   9   6 
 105	2  10   6 
 107	2   9  10 
 109	6  11  10 
 115	2   6   9 
 117	2   6   7 
 119	2   5   6 
 121	2   5   7 
 123	2   6   7 
 125	2   5   6 
 127	2   7   5 
 117	6  14  12 
 129	2  15   7 
 129	2   9   5 
 131	2   1   9 
 133	2   5   1 
 135	2   5   9 
 137	2   1   9 
 139	2   5   1 
 141	2   9   5 
 143	2   9   5 
 145	2  10   9 
 147	2   5  10 
 149	2   5   9 
 151	2  10   9 
 153	2   5  10 
 155	2  10  15 
 157	2   7  10 
 159	2   9   5 
 159	2   7  15 
 161	2  10  15 
 163	2   7  10 
 165	2  15   7 
 167	2  15   7 
 169	2  11  15 
 171	2   7  11 
 173	2   7  15 
 175	2  11  15 
 177	2   7  11 
 179	2  15   7 
 181	6  14   6 
 187	2   6   7 
 187	2  14  15 
 189	2  13  14 
 191	2  15  13 
 193	2  15  14 
 195	2  13  14 
 195	6  11   7 
 201	2  15  13 
 203	2  14  15 
 205	2  14   6 
 207	2  11  14 
 209	2  11   6 
 211	2  14   6 
 213	2  11  14 
 215	2  14  15 
 217	2  13  14 
 217	2   6  11 
 219	2  15  13 
 221	2  15  14 
 223	2  13  14 
 223	2   6  11 
 225	2  15  13 
 227	2  14  15 
 229	2  14   6 
 231	2  11  14 
 233	2  11   6 
 233	6  13   9 
 239	2  14   6 
 241	2  11  14 
 243	2   6  11 
 245	2   3   6 
 245	2  15  11 
 247	2   7   3 
 249	2   6   7 
 251	2   6   3 
 253	6   9   5 
 253	2   7   3 
 259	2   6   7 
 261	2   3   6 
 263	2   3   6 
 265	6   3   2 
 259	6  13   9 
 271	2   5   2 
 265	6  14  10 
 273	2   6   5 
 275	2   6   2 
 277	2   5   2 
 279	2   6   5 
 281	2   2   6 
 271	6  14  13 
 283	2  10   2 
 285	2   5  10 
 287	2   2   5 
 289	2   2  10 
 291	2   5  10 
 293	2   2   5 
 295	2  10   2 
 297	2  10  15 
 299	2  11  10 
 301	2   6   9 
 301	2  11  15 
 303	2  10  15 
 305	2  11  10 
 307	2  10   2 
 309	2   5  10 
 311	2   2   5 
 311	2  15  11 
 313	2   2  10 
 315	2   5  10 
 317	2  15  11 
 317	2   2   5 
 319	2  10   2 
 321	2  10  15 
 323	2  11  10 
 325	2  11  15 
 327	2  10  15 
 329	2  11  10 
 331	2  10   2 
 333	2   5  10 
 335	2   2   5 
 335	2  15  11 
 337	2   2  10 
 339	2   5  10 
 341	2   2   5 
 341	2  11  14 
 343	2  10   2 
 345	2  10   6 
 347	2   9  10 
 349	2   9   6 
 351	2  10   6 
 353	2   9  10 
 355	2   6   9 
 357	2   6  11 
 359	2  14   6 
 361	2  14  11 
 363	2   6  11 
 365	2  14   6 
 367	2   6   9 
 369	2  10   6 
 371	2   9  10 
 373	2   9   6 
 375	2  10   6 
 377	2   9  10 
 379	2   6   9 
 381	2   6   9 
 383	2  10   2 
 385	2   5  10 
 387	2   2   5 
 387	2  11  14 
 389	2   2  10 
 391	2   5  10 
 393	2   2   5 
 393	2  11  14 
 395	2  10   2 
 397	2  10   6 
 399	2   9  10 
 401	2   9   6 
 403	2  10   6 
 405	2   9  10 
 407	2   6   9 
 409	2   6  11 
 411	2  14   6 
 413	2  14  11 
 415	2   6  11 
 417	2  14   6 
 419	2   6   9 
 421	2  10   6 
 423	2   9  10 
 425	2   9   6 
 427	2  10   6 
 429	2   9  10 
 431	2  10   2 
 433	2   5  10 
 435	2   2   5 
 435	2  11  14 
 437	2   2  10 
 439	2   5  10 
 441	2   2   5 
 441	2  11  15 
 443	2  10   2 
 445	2  10  11 
 447	2  15  10 
 449	2  15  11 
 449	2   6   9 
 451	2  10  11 
 453	2  15  10 
 455	6  15   7 
 451	6  12   4 
 461	2   9  14 
 461	2  11   7 
 463	2  11   9 
 465	2  14  11 
 467	2  14   9 
 469	2  11   9 
 471	2  14  11 
 473	2   9  14 
 473	2  11   7 
 475	2  10  11 
 477	2   7  10 
 479	2   9  14 
 479	2   7  11 
 481	2  10  11 
 483	2   7  10 
 485	2  10   2 
 487	2   5  10 
 489	2   2   5 
 489	2  11   7 
 491	2   2  10 
 493	2   5  10 
 495	2  11   7 
 495	2   2   5 
 497	2  10   2 
 499	2  10  11 
 501	2   7  10 
 503	2   7  11 
 505	2  10  11 
 507	2   7  10 
 509	2  11   7 
 511	2  11   9 
 513	2  14  11 
 515	2  14   9 
 517	2  11   9 
 519	2  14  11 
 521	2   9  14 
 521	2  11   7 
 523	2   6  14 
 525	2  10  11 
 527	2   7  10 
 529	2   7  11 
 531	2  10  11 
 533	2   7  10 
 535	2  11   7 
 537	2  11   9 
 539	2  10   7 
 541	2   5  10 
 543	2   7   5 
 545	2   7  10 
 547	2   5  10 
 549	2   7   5 
 551	2  10   7 
 553	2  10  11 
 555	2   9  10 
 557	2   9  11 
 559	2  10  11 
 561	2   9  10 
 563	2  11   9 
 565	2  11   6 
 567	2  14  11 
 569	2  14   6 
 571	2  11   6 
 573	2  14  11 
 575	2   6  14 
 577	2   6  14 
 579	2  11   9 
 581	2  10  11 
 583	2   9  10 
 585	2   9  11 
 587	2  10  11 
 589	2   9  10 
 591	2  11   9 
 593	2  11   9 
 595	2  10   7 
 597	2   5  10 
 599	2   7   5 
 601	2   7  10 
 603	2   5  10 
 605	2   7   5 
 607	2  10   7 
 609	2  10  11 
 611	2   9  10 
 613	2   9  11 
 615	2  10  11 
 617	2   9  10 
 619	2  11   9 
 621	2  11   6 
 623	2  14  11 
 625	2  14   6 
 627	2  11   6 
 629	2  14  11 
 631	2  11   9 
 633	2   6  14 
 635	2   4   6 
 637	2  10  11 
 639	2   9  10 
 641	2   9  11 
 643	2  10  11 
 645	2   9  10 
 647	2  11   9 
 649	6  10   5 
 655	2  11  14 
 655	2   5   9 
 657	2  10   5 
 659	2   9  10 
 661	6  14  11 
 661	2   9   5 
 667	2  10   5 
 669	2   9  10 
 671	2   5   9 
 673	2   5   4 
 675	2   6   5 
 677	2   6   4 
 679	2   5   4 
 681	2   6   5 
 683	6   5   4 
 683	6  14  10 
 689	2   5   6 
 691	2   5  10 
 693	6   7   5 
 699	6   5   4 
 699	2  11   7 
 701	2  11  10 
 703	2   7  10 
 705	6  14  13 
 705	2  11   7 
 707	2   7   6 
 709	2   5   7 
 711	2   6   5 
 713	2   6   7 
 713	6   8   4 
 715	2  10  11 
 717	2  10  11 
 719	2   5   7 
 719	6  15  14 
 721	2   6   5 
 723	2   5   9 
 725	2  13   5 
 727	2   9  13 
 727	2   7   6 
 729	2   9   5 
 731	2  13   5 
 733	2   9  13 
 733	2   7   6 
 735	2   5   9 
 737	2   5   7 
 739	2   6   5 
 741	6  14   9 
 741	2   6   7 
 747	2   5   7 
 749	2   6   5 
 751	2   7   6 
 753	2   7  10 
 755	2  11   7 
 757	2  11  10 
 755	6   5   2 
 761	2   7  10 
 763	2  11   7 
 765	2   7   6 
 767	2   2   7 
 769	2   6   2 
 771	2   6   7 
 773	2   2   7 
 775	2   6   2 
 777	2   7   6 
 779	2   5   6 
 781	2   9   5 
 783	2   6   9 
 785	2   6   5 
 787	6   3   2 
 787	2  10  11 
 789	2   9   5 
 791	2  10   8 
 793	2   6   9 
 795	2   5   6 
 797	2   9  10 
 799	2  11   3 
 799	2   8   9 
 801	2   8  10 
 803	2   9  10 
 805	2   6   7 
 805	2   8   9 
 807	2  10   8 
 809	2  10   6 
 811	2   7  10 
 813	2   7   6 
 815	2  10   6 
 817	2   7  10 
 819	2   6   7 
 821	2   6  11 
 823	2   3   6 
 825	2   3  11 
 827	2   6  11 
 829	2   3   6 
 831	2   6   7 
 833	2  10   6 
 835	2   7  10 
 837	2   7   6 
 839	2  10   6 
 841	2   7  10 
 843	2  10   8 
 845	2   9  10 
 847	2   6   7 
 849	2   6   7 
 847	2   8   9 
 851	2  11   3 
 853	2   8  10 
 855	2   9  10 
 857	2   8   9 
 857	2  11   3 
 859	2  10   8 
 861	2  10   6 
 861	6   8   0 
 863	2   7  10 
 865	2   7   6 
 867	6   1   0 
 867	2  10   6 
 869	2   7  10 
 871	2   6   7 
 873	2   6  11 
 875	2   3   6 
 877	2   3  11 
 879	2   6  11 
 881	2   3   6 
 883	2   6   7 
 885	2  10   6 
 887	2   7  10 
 889	2   7   6 
 891	2  10   6 
 893	2   7  10 
 895	2   6   7 
 897	2  11   3 
 899	2   5   6 
 901	2   3   1 
 899	2  14  11 
 903	6   6   3 
 909	2   9   6 
 911	2   1   9 
 913	6   5   1 
 919	2   5   6 
 921	2   9   6 
 923	2   5   9 
 925	2   6   5 
 927	2   6  14 
 929	2  11   6 
 931	2  11  14 
 933	2   6  14 
 935	2  11   6 
 937	2   6   5 
 939	2   9   6 
 941	2   5   9 
 941	2  14  11 
 943	2  14  11 
 943	2   5   6 
 945	2   9   6 
 947	2   5   9 
 949	6   7   5 
 955	2   6   7 
 957	2   6  14 
 959	2  11   6 
 961	2  11  14 
 963	2   6  14 
 965	2  11   6 
 967	2  14  11 
 969	2  10  14 
 971	2  11   7 
 973	2   9  11 
 975	6  10   9 
 981	2   7  10 
 983	2   7  11 
 985	2  10  11 
 987	2   7  10 
 989	2  11   7 
 991	2  11   9 
 993	2   5   6 
 993	2  14  11 
 995	2  14   9 
 997	2  11   9 
 999	2  14  11 
1001	2   9  14 
1003	2   9   5 
1005	2   6   9 
1007	2   6   5 
1009	2   9   5 
1011	2   6   9 
1013	2   9  14 
1015	2  11   9 
1017	2  14  11 
1017	2   5   6 
1019	2  14   9 
1021	2  11   9 
1023	2  14  11 
1023	2   5   6 
1025	2  11   7 
1025	2   9  14 
1027	2   9  14 
1029	2  10  11 
1031	2   7  10 
1033	2   7  11 
1035	2  10  11 
1037	2   7  10 
1039	2  11   7 
1041	2  11   9 
1043	2  14  11 
1045	2  14   9 
1047	2  11   9 
1049	6  10   7 
1055	2  14  11 
1057	2   9  14 
1059	2   9   5 
1061	2   6   9 
1063	2   6   5 
1065	2   9   5 
1067	2   6   9 
1069	2   9  14 
1071	2  11   9 
1073	2  14  11 
1075	2  14   9 
1077	2  11   9 
1079	2   5   6 
1079	2  14  11 
1081	6  14   6 
1087	2   9   6 
1089	6   3   1 
1089	2   9  10 
1091	2  13   9 
1093	2  10  13 
1095	2   6   5 
1095	2  11  14 
1097	2  10   9 
1099	2  13   9 
1101	2  10  13 
1103	2   9  10 
1105	2   9   6 
1107	2   5   9 
1109	2   5   6 
1111	2   9   6 
1113	2   5   9 
1105	6  15  14 
1113	6  15   7 
1119	2   6   5 
1121	2   6   3 
1123	2   1   6 
1125	2   1   3 
1127	2   6   3 
1129	2   1   6 
1131	2   3   1 
1133	2   3  11 
1135	2   7   3 
1137	2   7  11 
1139	2   3  11 
1141	2   7   3 
1143	2   3   1 
1145	2   6   3 
1147	2   1   6 
1149	2   1   3 
1151	2   6   3 
1153	2   1   6 
1155	2   6   5 
1157	2   9   6 
1159	2   5   9 
1161	2   5   6 
1163	2   9   6 
1165	2   5   9 
1167	2   9  10 
1169	2  11   7 
1169	2  13   9 
1171	2   3   1 
1173	2   3   1 
1171	2  10  13 
1173	2  10   9 
1175	2  13   9 
1177	2  10  13 
1175	6   2   1 
1181	2   6   5 
1179	6  14  13 
1183	2   6   5 
1185	2   9  10 
1187	2   9   6 
1189	2  11   7 
1189	2   5   9 
1191	2   5   6 
1193	2   9   6 
1195	2   5   9 
1197	2   6   5 
1199	2   6   3 
1201	2   2   6 
1203	2   2   3 
1205	2   6   3 
1207	2   2   6 
1209	2   3   2 
1211	2   3  11 
1213	2   7   3 
1215	2   7  11 
1217	2   3  11 
1219	2   7   3 
1221	2  11   7 
1223	2   3   2 
1223	2  11  10 
1225	2   6   3 
1227	2   2   6 
1227	2  14  11 
1229	2  10  14 
1229	2   2   3 
1231	2   6   3 
1233	2   2   6 
1235	2   6   5 
1237	2   9   6 
1239	2   3   2 
1239	2   5   9 
1241	2  10  11 
1241	6   3   1 
1243	2  14  11 
1245	2  10  14 
1247	2   5   6 
1249	2   9   6 
1251	2   2   7 
1251	2   5   9 
1253	2   6   5 
1255	2   1   5 
1255	2  11  10 
1257	2   9   6 
1259	2  11   9 
1261	2   6  11 
1263	2   6   9 
1265	2  11   9 
1267	2   6  11 
1269	2   9   6 
1271	2   9   1 
1273	2   5   9 
1271	6   7   3 
1275	2   5   1 
1277	2   9   1 
1279	2   5   9 
1281	2   1   5 
1283	2   1   2 
1285	2   3   1 
1287	2   3   2 
1289	2   1   2 
1291	2   3   1 
1293	2   1   5 
1295	2   9   1 
1297	2   5   9 
1299	2   5   1 
1301	2   9   1 
1303	2   2   3 
1303	2   5   9 
1305	2   9   6 
1307	2   2   3 
1307	2  11   9 
1309	2   6  11 
1311	2   6   9 
1313	2  11   9 
1315	2   6  11 
1317	2   1   5 
1319	2   1   5 
1317	2  11  10 
1319	2  14  11 
1321	2  10  14 
1323	2   9   6 
1325	2   9   6 
1327	2  10  11 
1329	2  14  11 
1331	2  10  14 
1333	2  11  10 
1335	2  11   9 
1337	2   6  11 
1339	2   6   9 
1341	2  11   9 
1343	2   6  11 
1345	2   9   6 
1347	2   9   1 
1349	2   5   9 
1351	2   5   1 
1353	2   9   1 
1355	2   5   9 
1357	2   1   5 
1359	2   1   2 
1361	2   3   1 
1363	2   3   2 
1365	2   1   2 
1367	2   3   1 
1369	2   1   5 
1371	2   2   3 
1373	2   9   1 
1375	2   5   9 
1377	2   5   1 
1379	2   9   1 
1381	2   5   9 
1373	6   7   3 
1383	2   9   6 
1385	2   1   5 
1387	2  11   9 
1387	2   1   2 
1389	6  11   9 
1395	2  10   5 
1397	6   2   1 
1403	2   6   9 
1405	2   6  11 
1407	2   9  11 
1409	2   6   9 
1411	2  11   6 
1413	2   9   6 
1415	2  11   7 
1415	2  14   9 
1417	2   6  14 
1419	2   6   9 
1421	2  14   9 
1423	6  10   5 
1429	2   6  14 
1431	2   9   6 
1433	2   9   5 
1435	2  10   9 
1437	2  10   5 
1439	2   9   5 
1441	2  10   9 
1443	2   5  10 
1445	2   5   2 
1445	6  11   7 
1447	2   1   5 
1449	2   1   2 
1451	2   5   2 
1453	2   1   5 
1455	2   2   1 
1451	6  11  10 
1457	2   2   7 
1459	2  10   2 
1461	2  10   7 
1463	2   2   7 
1465	2  10   2 
1467	2   2   1 
1467	2   7  10 
1469	2   5   2 
1471	2   1   5 
1473	2   1   2 
1471	2   7  10 
1475	2   5   2 
1477	2   1   5 
1479	6  11   6 
1485	2   5   6 
1487	2   9   5 
1489	2   6   9 
1491	2   6   5 
1493	2   9   5 
1495	2   6   9 
1497	2   9  11 
1499	2  14   9 
1497	2   2   1 
1499	2   2   1 
1501	2   5   6 
1501	2  11  14 
1503	2  11   9 
1505	2  14   9 
1507	2  11  14 
1507	2   5   6 
1509	2   9  11 
1511	2   9   5 
1513	2   6   9 
1515	2   6   5 
1517	2   9   5 
1519	2   6   9 
1521	2   5   6 
1523	2   5   2 
1525	2   1   5 
1527	2   1   2 
1529	2   5   2 
1531	2   1   5 
1533	2   2   1 
1535	2   2   7 
1537	2  10   2 
1539	2  10   7 
1541	2   2   7 
1543	2  10   2 
1545	2   2   1 
1545	2   7  10 
1547	2   5   2 
1549	2   1   5 
1551	2   1   2 
1553	2   5   2 
1555	2   1   5 
1557	2   5   6 
1559	2   9   5 
1561	2   6   9 
1563	2   6   5 
1565	2   9   5 
1567	2   2   1 
1567	6  11   9 
1573	2   6  11 
1575	2   5   6 
1577	2  11  10 
1577	2   5   1 
1579	6  10   2 
1585	2  10   7 
1587	2   9   6 
1589	2  14   9 
1591	2   6  14 
1593	2   6   9 
1595	2  14   9 
1597	2   6  14 
1599	2   9   6 
1601	6  11   6 
1607	2   9   5 
1609	2   1   9 
1611	2   1   5 
1613	2   9   5 
1615	2   1   9 
1617	2   5   1 
1619	2   5  10 
1621	2   7   5 
1623	2   7  10 
1625	2   5  10 
1627	2   7   5 
1629	2  10   7 
1631	2  10   6 
1633	2   2  10 
1635	2   2   6 
1637	2  10   6 
1639	2   2  10 
1641	2  10   7 
1643	2   5  10 
1645	2   7   5 
1647	2   7  10 
1649	2   5  10 
1651	2   7   5 
1653	2  10   7 
1653	2   5   1 
1655	2   9   5 
1657	2   1   9 
1659	2  10   7 
1659	2   1   5 
1661	2   9   5 
1663	2   1   9 
1665	2   9  11 
1667	2   6   2 
1667	2  14   9 
1669	2   5   1 
1669	2  11  14 
1671	2  11   9 
1673	2  14   9 
1675	2  11  14 
1673	2   6   2 
1675	2   5   1 
1677	2   9  11 
1679	2   9   5 
1681	2   1   9 
1683	6  11   3 
1683	2   1   5 
1685	2   9   5 
1689	2   1   9 
1691	2   5   1 
1693	2   5  10 
1695	2   7   5 
1697	2   7  10 
1699	2   5  10 
1701	2   7   5 
1703	2  10   7 
1705	2  10   6 
1707	2   2  10 
1709	2   2   6 
1711	2  10   6 
1713	2   2  10 
1715	2  10   7 
1717	2   6   2 
1719	2   5  10 
1719	2   3   2 
1721	2   7   5 
1723	2   7  10 
1725	2   5  10 
1727	2   7   5 
1729	2   5   1 
1729	2  10   7 
1731	2   9   5 
1733	2   1   9 
1735	2   1   5 
1735	6  13  10 
1741	6  15  11 
1741	2   9   5 
1743	2   1   9 
1745	2   6   9 
1747	2   5   1 
1749	6   7   5 
1747	6  14  13 
1755	2   7   5 
1757	2  10   7 
1759	2   5  10 
1761	2   5   7 
1763	2  10   7 
1765	2   5  10 
1767	2  10   6 
1769	2   7   5 
1771	2   9  10 
1773	2   9   6 
1775	2  10   6 
1777	2   9  10 
1779	2   6   9 
1781	2   6   3 
1783	2   2   6 
1785	2   2   3 
1787	2   6   3 
1789	2   2   6 
1791	2   6   9 
1793	2  10   6 
1795	2   3   2 
1795	2   9  10 
1797	2   9   6 
1799	2  10   6 
1801	2   3   2 
1801	2   9  10 
1803	2   6   9 
1805	2   6   3 
1807	2   2   6 
1809	6  13  10 
1809	2   2   3 
1815	2   6   3 
1817	2   2   6 
1819	2   6   9 
1821	2  11   6 
1823	2   9  11 
1823	2   3   2 
1825	2   1   3 
1827	2   5   2 
1829	2   9   6 
1831	2  11   6 
1833	2   9  11 
1835	2   6   9 
1837	2   6   1 
1839	2   3   6 
1841	2   3   1 
1843	2   6   1 
1845	2   3   6 
1847	2   1   3 
1849	2   1   5 
1851	2   2   1 
1853	2   2   5 
1855	2   1   5 
1857	2   2   1 
1859	2   5   2 
1861	2   5   2 
1863	2   1   3 
1865	2   6   1 
1867	2   3   6 
1869	2   3   1 
1871	2   6   1 
1873	2   3   6 
1875	2   1   3 
1877	2   1   3 
1879	2   6   9 
1881	2  11   6 
1883	2   9  11 
1885	2   9   6 
1887	2  11   6 
1889	2   9  11 
1891	2   6   9 
1893	2   6   1 
1895	2   3   6 
1897	2   3   1 
1899	2   6   1 
1901	2   3   6 
1903	2   1   3 
1905	2   1   5 
1907	2   2   1 
1909	2   2   5 
1911	2   1   5 
1913	2   2   1 
1915	2   1   3 
1917	2   6   1 
1919	2   3   6 
1921	2   3   1 
1923	2   6   1 
1925	2   3   6 
1927	2   6  14 
1929	2  10   6 
1931	2  14  10 
1931	2   1   3 
1933	2   1   9 
1935	2  14   6 
1937	2  10   6 
1939	2  14  10 
1939	2   5   2 
1941	2   6  14 
1943	2   3   2 
1945	2   5   7 
1947	2   6   5 
1949	2   7   6 
1951	2   7   5 
1953	2   6   5 
1955	2   7   6 
1957	2   5   7 
1959	2   5   1 
1961	2   9   5 
1963	2   9   1 
1965	2   5   1 
1967	2   9   5 
1969	2   1   9 
1971	2   1   3 
1973	2   2   1 
1975	2   2   3 
1977	2   1   3 
1979	2   2   1 
1981	2   1   9 
1983	2   5   1 
1985	2   9   5 
1985	2   3   2 
1987	2   9   1 
1989	2   5   1 
1991	2   9   5 
1991	2   3   2 
1993	2   1   9 
1995	2   1   9 
1997	2   5   7 
1999	2   6   5 
2001	2   7   6 
2003	2   7   5 
2005	2   6   5 
2007	2   7   6 
2009	2   5   7 
2011	2   5   7 
2013	2   6  14 
2015	2  10   6 
2017	2  14  10 
2019	2  14   6 
2021	2  10   6 
2023	2  14  10 
2025	2   6  14 
2027	2   6   5 
2029	2   7   6 
2031	2   7   5 
2033	2   6   5 
2035	2   7   6 
2037	2   5   7 
2039	2   5   1 
2041	2   9   5 
2043	2   9   1 
2045	2   5   1 
2047	2   9   5 
2049	2   1   9 
2051	2   1   3 
2053	2   2   1 
2055	2   2   3 
2057	2   1   3 
2059	2   2   1 
2061	2   1   9 
2063	2   5   1 
2065	2   9   5 
2065	2   3   2 
2067	2   9   1 
2069	2   5   1 
2071	2   9   5 
2073	2   1   9 
2075	2   1   9 
2077	2   5   7 
2079	2   6   5 
2081	2   7   6 
2083	2   7   5 
2085	2   6   5 
2087	2   7   6 
2089	2   6  14 
2091	2  10   6 
2093	2   5   7 
2095	2  14  10 
2095	2   5   2 
2097	6   7   2 
2103	2  14   6 
2097	6   8   0 
2105	2  10   6 
2107	2   2   3 
2107	2  14  10 
2109	2   6  14 
2111	2   6   1 
2113	2   9   6 
2115	2   9   1 
2117	2   6   1 
2119	2   9   6 
2121	2   1   9 
2123	2   1   2 
2125	2   3   1 
2127	2   3   2 
2129	2   1   2 
2131	2   3   1 
2133	2   2   3 
2135	2   2   5 
2137	2   7   2 
2139	2   7   5 
2141	2   2   5 
2143	2   7   2 
2145	2   2   3 
2147	2   1   2 
2149	2   5   7 
2151	2   3   1 
2153	2   3   2 
2155	2   1   2 
2157	2   3   1 
2159	2   5   7 
2161	2   1   9 
2163	2   6   1 
2165	2   9   6 
2167	2   9   1 
2169	2   6   1 
2171	2   9   6 
2173	2   1   9 
2175	2   1   9 
2177	2   6  14 
2179	2  10   6 
2181	2  14  10 
2181	2   2   3 
2183	2  14   6 
2185	2  10   6 
2187	2   2   3 
2187	2  14  10 
2189	2   6  14 
2191	2   6   1 
2193	2   9   6 
2195	2   9   1 
2197	2   6   1 
2199	2   9   6 
2201	2   1   9 
2203	6  10   8 
2203	2   1   2 
2205	2   3   1 
2207	2   3   2 
2209	2   1   2 
2211	2   3   1 
2213	2   2   3 
2215	2   2   5 
2217	2   7   2 
2219	2   7   5 
2221	2   2   5 
2223	2   7   2 
2225	2   2   3 
2227	2   1   2 
2229	2   5   7 
2231	2   3   1 
2233	2   3   2 
2235	2   1   2 
2237	2   3   1 
2239	2   2   3 
2241	2   1   9 
2243	2   6   1 
2245	2   9   6 
2247	2   9   1 
2249	2   6   1 
2251	2   9   6 
2253	2   1   9 
2255	2   9   6 
2257	2   1   3 
2257	2  10   9 
2259	2   6  10 
2261	2   6   9 
2263	2  10   9 
2265	2   6  10 
2267	2   9   6 
2269	6  11   6 
2275	2   6   1 
2277	2  11   7 
2277	2   9   5 
2279	6  10   7 
2285	2   3   6 
2287	2   3   1 
2289	2   6   1 
2291	2   3   6 
2293	2   1   3 
2295	2   1   9 
2297	2   5   1 
2299	2   5   9 
2301	2   1   9 
2303	2   5   1 
2305	2   9   5 
2307	2   9  11 
2309	2  10   9 
2311	2  10  11 
2313	2   9  11 
2315	2  10   9 
2317	2   9   5 
2319	2   1   9 
2321	2   5   1 
2323	2   5   9 
2325	2   1   9 
2327	2   5   1 
2327	2  11  10 
2329	2  11  10 
2329	2   1   3 
2331	2   9   5 
2333	2   6   1 
2335	2   3   6 
2337	2   9   5 
2339	2   3   1 
2341	2   6   1 
2343	2   3   6 
2345	2   1   3 
2347	2   1   9 
2349	2   5   1 
2347	6   7   3 
2351	2   5   9 
2353	2   1   9 
2355	2   5   1 
2357	2   9   5 
2359	2   9  11 
2361	2  10   9 
2363	2  10  11 
2365	2   9  11 
2367	2  10   9 
2369	2   9   5 
2371	2   1   9 
2373	2   5   1 
2373	2  11  10 
2375	2   5   9 
2377	2   1   9 
2379	2  11  10 
2379	2   5   1 
2381	2   9   5 
2383	6   7   5 
2389	2   7   5 
2391	2   1   2 
2381	6  15  14 
2391	6  13   8 
2393	2   6   7 
2395	2   5   6 
2397	2   5   7 
2399	2   6   7 
2401	2   5   6 
2403	2   7   5 
2405	2   7  11 
2397	6  14  13 
2407	2  10   7 
2409	2  10  11 
2411	2   7  11 
2413	2  10   7 
2415	2  11  10 
2417	6  10   7 
2405	6   2   1 
2423	2  11   7 
2425	2  10   5 
2427	2   6  10 
2429	2   5   6 
2431	2   5  10 
2433	2   6  10 
2435	2   5   6 
2437	2  10   5 
2439	2  10  11 
2441	2   7  10 
2443	2   7  11 
2443	2   9   5 
2445	2  10  11 
2447	2   7  10 
2449	2  10  15 
2445	6   5   1 
2451	2  14  10 
2453	6   9   6 
2453	2  15  14 
2459	2  15  10 
2461	2  14  10 
2463	2  15  14 
2465	2  10  15 
2467	2  10   2 
2469	2   5  10 
2471	2   5   2 
2471	2  11   7 
2473	2  10   2 
2475	2   5  10 
2477	2  11   7 
2477	2   2   5 
2479	2   2   6 
2481	2   1   2 
2483	2   1   6 
2485	2   2   6 
2487	2   1   2 
2489	2   6   1 
2491	2   6  11 
2493	2   7   6 
2495	2   7  11 
2497	2   6  11 
2499	2   7   6 
2501	2   6   1 
2503	2   2   6 
2505	2   1   2 
2507	2   1   6 
2509	2   2   6 
2511	2   1   2 
2513	2   6   1 
2515	2   2   5 
2517	2  10   2 
2519	2   5  10 
2521	2   5   2 
2521	2  11   7 
2523	2  10   2 
2525	2   5  10 
2527	2  10  15 
2529	2   2   5 
2531	2   2   5 
2529	2  14  10 
2531	2  15  14 
2533	2  15  10 
2535	2  14  10 
2537	2  15  14 
2537	2   6   1 
2539	2  10  15 
2541	2  10   2 
2543	2   5  10 
2545	2   5   2 
2547	2  10   2 
2549	2   5  10 
2551	6  15  14 
2551	2   2   5 
2553	2   2   6 
2555	2   1   2 
2557	2   1   6 
2559	2   2   6 
2559	6  14   9 
2561	2  11   7 
2561	2   1   2 
2565	2   6   1 
2567	2   6  11 
2569	2   7   6 
2571	2   7  11 
2573	2   6  11 
2575	2   7   6 
2577	2   6   1 
2579	2  11   7 
2581	2   2   6 
2583	2  11   7 
2583	2   1   2 
2585	2   1   6 
2587	2   2   6 
2589	2   1   2 
2591	6   6   2 
2597	2   6   5 
2585	6  15  11 
2591	6  15  13 
2599	2  10   6 
2601	2   5  10 
2603	2   5   6 
2605	2  10   6 
2607	2   5  10 
2609	2   6   5 
2611	2   5  10 
2613	2   2   1 
2615	2   2   1 
2617	2   6   9 
2619	2  11   6 
2621	2   9  11 
2623	2   9   6 
2625	2  11   6 
2627	2   9  11 
2629	2   6   9 
2631	6  13   9 
2631	2   6   2 
2633	2   1   6 
2635	2   1   2 
2637	2   6   2 
2639	2   1   6 
2641	6   9   6 
2647	2   2   1 
2649	2   2   5 
2651	2  10   2 
2653	2  10   5 
2655	2   2   5 
2657	2  10   2 
2659	2   5  10 
2661	2   5   6 
2663	2   7   5 
2665	2   7   6 
2667	2   5   6 
2669	2   7   5 
2671	2   6   7 
2673	2   6   7 
2675	2   5  10 
2677	2   2   5 
2679	2  10   2 
2681	2  10   5 
2683	2   2   5 
2685	2  10   2 
2687	6   9   5 
2693	2   9  10 
2695	2   9  10 
2693	2   2   1 
2697	2   5   2 
2699	2   1   5 
2701	2   1   2 
2697	6  11  10 
2703	6   9   6 
2709	2   5   2 
2709	6  11   7 
2711	2   1   5 
2713	2   5  13 
2715	2  10   5 
2717	2  13  10 
2717	2   2   1 
2719	2  13   5 
2721	2  10   5 
2723	2   2   1 
2723	2  13  10 
2725	2   5  13 
2727	2   5   2 
2727	6  11  10 
2729	2   1   5 
2731	2   1   2 
2733	2   5   2 
2735	2   1   5 
2737	2   2   1 
2739	2   2   6 
2741	2   7   2 
2743	2   7   6 
2745	2   2   6 
2747	2   7   2 
2749	2   6   7 
2751	2   6   9 
2753	2  10   6 
2755	2  10   9 
2757	2   6   9 
2759	2  10   6 
2761	2   6   7 
2763	2   2   6 
2765	6  10   9 
2765	2   7   2 
2771	6   6   3 
2771	6   8   0 
2777	2   7   3 
2779	2   2   3 
2777	2  10   9 
2781	2   7   2 
2783	2   2   1 
2785	2   5   2 
2787	2   1   5 
2789	2   1   2 
2791	2   5   2 
2793	2   1   5 
2793	2   3   7 
2795	6   9   5 
2801	2   2   1 
2803	2   1   4 
2795	6  14  11 
2801	6  11  10 
2805	2   1   5 
2807	2   6   1 
2809	2   5   6 
2811	6  10   2 
2817	2   5   1 
2819	2   6   1 
2821	2   5   6 
2823	2   1   5 
2825	2   1   5 
2827	2   0   1 
2829	2   5   0 
2831	2   5   1 
2833	2   0   1 
2835	2   5   0 
2837	2   1   5 
2839	2   1   5 
2841	2   2   1 
2843	2   5   2 
2845	2   5   1 
2847	2   2   1 
2849	2   5   2 
2851	2   1   5 
2853	2   5   4 
2855	2   5   6 
2857	2   5   0 
2859	2   5   2 
