   1	2   1   9 
   1	6  11   7 
   3	2   5   0 
   5	6   2   1 
   7	6  11   9 
  13	2   7   2 
  15	2  11   7 
  17	6   7   2 
  23	2  11   7 
  25	2   2   7 
  27	6   7   2 
  33	2  11   7 
  35	6   7   2 
  13	6   4   0 
  19	6   9   4 
  35	6  10   9 
  41	2   7  11 
  43	2   7   5 
  45	2  10   7 
  47	2  10   5 
  49	2   7   5 
  51	2  10   7 
  53	2   7  11 
  55	2   2   7 
  57	2   5  10 
  59	2   5  10 
  61	6   7   2 
  67	2  11   7 
  69	6   7   2 
  75	2  11   7 
  77	2   2   7 
  79	6   7   2 
  85	2  11   7 
  87	6   7   2 
  93	2   7  11 
  93	6   9   1 
  99	2   7   5 
 101	2  10   7 
 101	6   4   1 
 107	2  10   5 
 109	2   7   5 
 111	2  10   7 
 111	6   2   1 
 117	2   5  10 
 119	2  10   8 
 119	6   1   0 
 121	2   9  10 
 123	2   8   9 
 123	6   6   3 
 129	2   8  10 
 131	2   9  10 
 133	2   8   9 
 135	2   7   5 
 137	2  10   8 
 139	2  10   7 
 141	2   5  10 
 143	2   5   7 
 145	2  10   7 
 147	2   5  10 
 149	2  10   8 
 151	2   9  10 
 153	2   8   9 
 155	2   8  10 
 157	2   9  10 
 159	2   8   9 
 161	2   7   5 
 163	2   7   5 
 165	2  10   8 
 167	2  10   7 
 169	2   5  10 
 171	2   5   7 
 173	2  10   7 
 175	2   5  10 
 177	2   7   5 
 179	2   8   5 
 181	2   4   8 
 181	2   6   7 
 183	2   5   4 
 185	2   5   8 
 187	2   4   8 
 187	6   6   1 
 193	2   5   4 
 193	6   7   2 
 199	2   8   5 
 201	2   8   5 
 203	2   0   8 
 205	2   5   0 
 207	2   5   8 
 209	2   0   8 
 211	2   5   0 
 213	2   0   1 
 213	6   9   6 
 219	2   2   0 
 219	6  10   9 
 221	2   2   1 
 223	2   0   1 
 225	2   2   0 
 227	2   1   2 
 227	6  10   7 
 229	2   1   2 
 233	2   6   1 
 235	2   2   6 
 237	2   2   1 
 239	2   6   1 
 241	2   2   6 
 243	2   1   2 
 245	2   9   1 
 247	2  10   9 
 247	2   7   2 
 249	2   8   5 
 251	6   6   1 
 257	2   6  10 
 259	2   6   9 
 261	2  10   9 
 263	2   6  10 
 265	2   9   6 
 267	6   7   5 
 273	2   9   5 
 275	6   5   2 
 281	2   5   9 
 283	2   5   2 
 285	6   5   2 
 291	2   9   5 
 293	6   5   2 
 299	2   5   9 
 301	2   9   6 
 303	2  10   9 
 303	6   2   1 
 309	2   6  10 
 311	2   6   9 
 313	2  10   9 
 315	2   6  10 
 317	2   1   5 
 317	6  10   7 
 319	2   1   5 
 323	2   9   6 
 325	2   9   1 
 327	2   5   9 
 329	2   5   1 
 331	2   9   1 
 333	2   5   9 
 335	2   1   5 
 337	2   3   1 
 339	2   2   3 
 341	2   1   2 
 343	2   1   3 
 345	2   2   3 
 347	2   1   2 
 349	2   3   1 
 351	2   3   1 
 353	2   7   3 
 355	2   6   5 
 357	6   3   1 
 363	2   3   7 
 365	2   3   1 
 367	6   3   1 
 373	2   7   3 
 375	6   3   1 
 375	6  10   8 
 381	2   3   7 
 381	6   9   5 
 383	6   7   2 
 389	2   1   3 
 389	6  11  10 
 391	2   5   1 
 393	2   2   5 
 395	2   1   2 
 397	2   1   5 
 397	2   3  11 
 399	2   2   5 
 401	2   1   2 
 403	2   5   1 
 403	6   7   3 
 409	2   5   6 
 411	2   9   5 
 413	2   9   6 
 415	2   5   6 
 417	2   9   5 
 419	2   5   1 
 419	6  11  10 
 421	2   2   5 
 423	2   1   2 
 425	2   1   5 
 427	2   2   5 
 429	2   1   2 
 431	2   6   9 
 433	2   6   9 
 435	2   5   1 
 437	2   5   6 
 439	2   9   5 
 441	2   9   6 
 443	2   5   6 
 445	2   9   5 
 447	2   5   1 
 449	2   2   5 
 451	2   1   2 
 453	2   1   5 
 455	2   2   5 
 457	2   1   2 
 459	2   5   1 
 461	2   5   7 
 463	2  10   5 
 465	2  10   7 
 467	2   5   7 
 469	2   6   9 
 471	2  10   5 
 473	2   7  10 
 475	2   9   8 
 475	6   7   6 
 481	2   6   9 
 483	6   6   4 
 489	2   8   4 
 489	6  10   6 
 495	2   8   9 
 495	6  11   7 
 497	2   4   9 
 499	2   8   4 
 501	2   4   6 
 503	2   5   4 
 503	6  11  10 
 509	2   6   5 
 511	2   6   4 
 513	2   5   4 
 515	2   6   5 
 517	2   5   1 
 519	2   2   5 
 521	2   1   2 
 521	2   9   8 
 523	2   1   5 
 525	2   2   5 
 527	2   1   2 
 527	2   9   8 
 529	2   4   6 
 531	2   4   6 
 533	2   5   1 
 535	2   5   4 
 537	2   6   5 
 539	2   6   4 
 541	2   5   4 
 543	2   6   5 
 545	2   4   6 
 547	2   4   9 
 549	2   8   4 
 551	2   8   9 
 553	2   4   9 
 555	2   8   4 
 557	2   4   6 
 559	2   5   4 
 561	2   6   5 
 563	2   6   4 
 565	2   5   4 
 567	2   6   5 
 569	2   5   1 
 571	2   2   5 
 573	2   1   2 
 573	2   9   8 
 575	2   1   5 
 577	2   2   5 
 579	2   1   2 
 579	2   9  10 
 581	2   5   1 
 583	2   5   9 
 585	2  10   5 
 587	2  10   9 
 589	2   5   9 
 591	2  10   5 
 593	2   4   6 
 595	2   9  10 
 597	6   6   4 
 603	2   4   8 
 605	2   9   4 
 607	2   8   9 
 609	2   8   4 
 611	2   9   4 
 613	2   8   9 
 615	2   9  10 
 617	2   5   9 
 619	2  10   5 
 621	2  10   9 
 623	2   5   9 
 625	2  10   5 
 627	2   5   1 
 629	2   2   5 
 631	2   1   2 
 631	2   9  10 
 633	2   1   5 
 635	2   2   5 
 637	2   1   2 
 637	2   9  10 
 639	2   5   1 
 641	2   5   9 
 643	2  10   5 
 645	2  10   9 
 647	2   5   9 
 649	2  10   5 
 651	2   4   8 
 653	2   4   8 
 655	2   9  10 
 657	2   9   4 
 659	2   8   9 
 661	2   8   4 
 663	2   9   4 
 665	2   8   9 
 667	2   9  10 
 669	2   5   9 
 671	2  10   5 
 673	2  10   9 
 675	2   5   9 
 677	2  10   5 
 679	2   9  10 
 681	2   5  10 
 683	2   2   5 
 685	2  10   2 
 685	2   4   8 
 687	2  10   5 
 689	2   2   5 
 691	2  10   2 
 693	2   9   4 
 695	2   5  10 
 697	2   5   9 
 699	2   4   5 
 701	2   4   9 
 703	2   5   9 
 705	2   4   5 
 707	2   9   4 
 709	6   6   4 
 715	2   4   8 
 717	2   9   4 
 719	2   8   9 
 721	2   8   4 
 723	2   9   4 
 725	2   8   9 
 727	2   9   6 
 729	2   5   9 
 731	2   6   5 
 733	2   6   9 
 735	2   5   9 
 737	2   6   5 
 739	2   5  10 
 741	2   2   5 
 743	2  10   2 
 743	2   4   8 
 745	2  10   5 
 747	2   2   5 
 749	2  10   2 
 749	2   4   8 
 751	2   9   6 
 753	2   9   6 
 755	2   5  10 
 757	2   5   9 
 759	2   6   5 
 761	2   6   9 
 763	2   5   9 
 765	2   6   5 
 767	2   9   6 
 769	2   9   4 
 771	2   8   9 
 773	2   8   4 
 773	6  10   7 
 779	2   9   4 
 781	2   8   9 
 783	2   9   6 
 785	2   5   9 
 787	2   6   5 
 789	2   6   9 
 791	2   5   9 
 793	2   6   5 
 795	2   9   6 
 797	2   5   6 
 799	2   2   5 
 801	2   6   2 
 801	2   4   8 
 803	2   6   5 
 805	2   2   5 
 807	2   6   2 
 807	2   9   8 
 809	2   5   6 
 811	6   6   4 
 817	2  10   6 
 817	6   4   1 
 819	6  11   7 
 825	2   5  10 
 825	6   7   3 
 831	2   6   5 
 833	2   6  10 
 835	2   5  10 
 837	2   6   5 
 839	2  10   6 
 841	2  10   9 
 843	2   8  10 
 845	2   8   9 
 847	2  10   9 
 849	2   8  10 
 851	2  10   6 
 853	2   5  10 
 855	2   6   5 
 857	2   6  10 
 859	2   5  10 
 861	2   6   5 
 863	2   5   1 
 865	2   2   5 
 867	2   1   2 
 867	2   9   8 
 869	2   1   5 
 871	2   2   5 
 873	2   1   2 
 873	2   9   8 
 875	2  10   6 
 875	6   4   1 
 877	2  10   6 
 879	6   7   3 
 881	2   5   4 
 883	2   5  10 
 885	2   6   5 
 887	2   6  10 
 889	2   5  10 
 889	6   3   2 
 895	2   6   5 
 897	2  10   6 
 899	2  10   9 
 901	2   8  10 
 903	2   8   9 
 905	2  10   9 
 907	2   8  10 
 909	2  10   6 
 911	2   5  10 
 913	2   6   5 
 915	2   6  10 
 917	2   5  10 
 919	2   6   5 
 921	2  10   6 
 923	2   1   6 
 923	2   9   8 
 925	2   2   1 
 925	2   9  11 
 927	2   6   2 
 929	2   6   1 
 931	2   2   1 
 933	2   6   2 
 935	2   1   6 
 937	2   6  10 
 939	2   8   5 
 941	6   5   2 
 939	6  11  10 
 947	2   5   9 
 949	2  10   5 
 951	2  10   9 
 953	2   5   9 
 955	2  10   5 
 957	2   9  10 
 959	2   9   6 
 961	2  11   9 
 963	2  11   6 
 965	2   9   6 
 967	2  11   9 
 969	2   6  11 
 969	6   9   8 
 975	2   6   9 
 977	2   2   6 
 979	6   5   2 
 985	2   5   9 
 987	2   6   9 
 989	2   5   6 
 991	2   6  11 
 993	2   9   5 
 995	2   9   5 
 997	6   6   4 
1003	2   8   4 
1003	6  11  10 
1005	6   5   4 
1009	6  14  11 
1011	6   9   8 
1011	6   6   2 
1017	2  10   9 
1017	6   2   0 
1023	2  10   5 
1025	2   9   5 
1027	2  10   9 
1029	2   9  14 
1031	2   6   9 
1033	2  14   6 
1035	2  14   9 
1037	2   6   9 
1039	2  14   6 
1041	2   5  10 
1043	2   5  10 
1045	2   9  14 
1047	2   9   5 
1049	2  10   9 
1051	2  10   5 
1053	2   9   5 
1055	2  10   9 
1057	2   5  10 
1059	2   5   8 
1059	6  14  13 
1061	2   4   5 
1063	2   4   8 
1065	2   5   8 
1067	2   4   5 
1067	6  13  12 
1069	2   5  10 
1073	2   8   4 
1075	2   4  12 
1077	2   6   4 
1077	6  13  12 
1083	2   0   8 
1083	6  14   6 
1085	6   8   4 
1089	2  13  14 
1091	2  13   8 
1093	2   9   5 
1095	2  10   9 
1097	2  10   5 
1099	2   9   5 
1101	2  10   9 
1103	2   5  10 
1105	2   1   5 
1105	6  13   8 
1111	2  14  13 
1113	6  10   8 
1107	6   1   0 
1119	2  10  14 
1119	6   5   1 
1121	2  13  10 
1123	6  13   8 
1129	2   8   5 
1129	6  14  13 
1131	2   4   8 
1133	2   4   5 
1135	2   8   5 
1137	2   4   8 
1139	2   8  10 
1141	2  13   8 
1143	2  10  13 
1143	2   5   4 
1145	2  10   8 
1147	2  13   8 
1149	2  10  13 
1149	2   5   4 
1151	2   8  10 
1153	2   8   5 
1153	6  14  13 
1155	2   4   8 
1157	2   4   5 
1159	2   8   5 
1161	2   4   8 
1161	6  10   6 
1163	2  13   8 
1167	2   5   4 
1167	6  14  12 
1173	2   4   6 
1175	2  12   4 
1175	6  10   6 
1177	6  13  12 
1181	6   6   4 
1183	6  14  13 
1187	6   3   1 
1189	2  10  14 
1193	2  10   6 
1193	6  12   4 
1199	2  14   6 
1201	2  10  14 
1203	2   9   5 
1205	2   6  10 
1207	2   6   9 
1209	2   5   6 
1211	2   5   9 
1213	2   6   9 
1215	2   5   6 
1217	2   9   5 
1219	2   9   4 
1221	2   8   9 
1223	2   8   4 
1225	2   9   4 
1227	2   8   9 
1229	2   9   5 
1231	2   6   9 
1233	2   5   6 
1235	2   5   9 
1237	2   6   9 
1239	2   5   6 
1241	2   6  10 
1241	2   4   8 
1243	2  14   6 
1243	2   4   8 
1245	2  10  14 
1247	2  10   6 
1249	2  14   6 
1251	2  10  14 
1253	2   9   5 
1255	2   9   5 
1257	2   6  10 
1259	2   6   9 
1261	2   5   6 
1263	2   5   9 
1265	2   6   9 
1267	2   5   6 
1269	2   9   5 
1271	2   9   4 
1273	2   8   9 
1275	2   8   4 
1277	2   9   4 
1279	2   8   9 
1281	2   9   5 
1283	2   6   9 
1285	2   5   6 
1287	2   5   9 
1289	2   6   9 
1291	2   5   6 
1293	2   9   5 
1295	2   9  10 
1297	2   1   9 
1299	2   4   8 
1299	6   6   1 
1305	2  10   6 
1305	6   8   0 
1307	6   3   2 
1311	2  10   9 
1313	2   6   9 
1313	2   1   0 
1315	2  10   6 
1315	6   8   0 
1321	2   5   4 
1323	2   9  10 
1325	2   9   5 
1327	2   4   9 
1329	2   4   5 
1331	2   9   5 
1333	2   4   9 
1335	2   5   4 
1337	2   5   0 
1339	2   2   5 
1341	2   2   0 
1343	2   5   0 
1345	2   2   5 
1347	2   0   2 
1349	2   0   1 
1351	2   8   0 
1353	6   4   1 
1359	2   8   4 
1361	2   0   4 
1363	2   8   0 
1365	2   0   2 
1367	2   5   0 
1369	2   2   5 
1371	2   2   0 
1373	2   5   0 
1375	2   2   5 
1377	2   5   1 
1379	2   9   5 
1381	2   1   9 
1383	2   1   5 
1385	2   9   5 
1387	2   1   9 
1389	2   9  10 
1389	2   0   2 
1391	2   6   9 
1393	2  10   6 
1393	2   4   8 
1395	2  10   9 
1395	2   0   2 
1397	2   6   9 
1399	2  10   6 
1399	2   4   8 
1401	2   5   1 
1403	2   5   1 
1405	2   9  10 
1407	2   9   5 
1409	2   1   9 
1411	2   1   5 
1413	2   9   5 
1415	2   1   9 
1417	2   5   1 
1419	2   5   0 
1421	2   2   5 
1423	2   2   0 
1425	2   5   0 
1427	2   2   5 
1429	2   0   2 
1431	2   0   4 
1431	6  10   6 
1433	2   8   0 
1435	2   8   4 
1437	2   0   4 
1439	2   8   0 
1441	2   0   2 
1443	2   5   0 
1445	2   2   5 
1447	2   2   0 
1449	2   5   0 
1451	2   2   5 
1453	2   5   1 
1455	2   4   8 
1457	2   9   5 
1459	2   4   6 
1461	2   1   9 
1463	2   1   5 
1465	2   9   5 
1467	2   1   9 
1469	2   5   1 
1471	2   9   5 
1473	2   0   2 
1473	6  10   9 
1475	2   0   1 
1477	6   2   0 
1483	2   9   4 
1485	2   6   9 
1487	2   6   4 
1489	2   9   4 
1491	2   6   9 
1493	2   4   6 
1495	2   0   8 
1497	6   6   4 
1503	2   6  10 
1505	2   5   6 
1507	2   5  10 
1509	2   6  10 
1511	2   5   6 
1513	2  10   5 
1515	2  10   2 
1517	6   6   1 
1515	6   8   4 
1523	2   6  10 
1523	6   4   1 
1529	2   6   2 
1529	6   9   4 
1535	2  10   2 
1537	2   6  10 
1539	2   2   6 
1541	2   2   0 
1543	2   1   2 
1545	2   1   0 
1547	2   2   0 
1549	2   1   2 
1551	2   2   6 
1553	2  10   2 
1555	2   6  10 
1555	2   0   1 
1557	2   6   2 
1559	2  10   2 
1561	2   6  10 
1561	2   0   1 
1563	2  10   5 
1565	2   9  10 
1567	2   5   9 
1569	2   5  10 
1571	2   9  10 
1573	2   5   9 
1575	2   9   8 
1575	2   2   6 
1577	2   4   9 
1577	2   2   6 
1579	2   8   4 
1581	2   8   9 
1583	2   4   9 
1585	2   8   4 
1587	2  10   5 
1589	2  10   5 
1591	2   9   8 
1593	2   9  10 
1595	2   5   9 
1597	2   5  10 
1599	2   9  10 
1601	2   5   9 
1603	2  10   5 
1605	2  10   2 
1607	2   6  10 
1609	2   6   2 
1611	2  10   2 
1613	2   6  10 
1615	2   2   6 
1617	2   2   0 
1619	2   1   2 
1621	2   1   0 
1623	2   2   0 
1625	2   1   2 
1627	2   2   6 
1629	2  10   2 
1631	2   6  10 
1631	2   0   1 
1633	2   6   2 
1635	2  10   2 
1637	2   6  10 
1639	2  10   5 
1641	2   9  10 
1643	2   5   9 
1645	2   5  10 
1647	2   9  10 
1649	2   5   9 
1651	2  10   5 
1653	2   9   5 
1655	2   4   9 
1655	2   2   6 
1657	2   5   4 
1659	2   5   9 
1661	2   4   9 
1661	6   2   1 
1667	2   5   4 
1669	2   9   5 
1671	2   1   0 
1671	6   9   6 
1677	2   8   9 
1679	2  10   2 
1681	6   6   4 
1687	2   4   8 
1689	2   9   4 
1691	2   9   8 
1691	6   1   0 
1697	2   4   8 
1699	2   9   4 
1701	2   8   9 
1703	2   8   0 
1705	6   4   1 
1703	6  10   6 
1711	2   4   8 
1711	6   6   1 
1717	2   4   0 
1717	6  10   6 
1719	2   8   0 
1721	2   4   8 
1723	2   0   4 
1725	2   0   1 
1727	2   2   0 
1729	2   2   1 
1731	2   0   1 
1733	2   2   0 
1735	2   0   4 
1737	2   8   0 
1739	2   4   8 
1739	2   1   2 
1741	2   4   0 
1743	2   8   0 
1745	2   4   8 
1745	2   1   2 
1747	2   8   9 
1749	2  10   8 
1751	2   9  10 
1751	2   0   4 
1753	2   9   8 
1755	2  10   8 
1757	2   9  10 
1757	2   0   4 
1759	2  10   5 
1761	2   6  10 
1763	2   5   6 
1765	2   5  10 
1767	2   6  10 
1769	2   8   9 
1771	2   5   6 
1773	2   8   9 
1775	2  10   5 
1777	2  10   8 
1779	2   9  10 
1781	2   9   8 
1783	2  10   8 
1785	2   9  10 
1787	2   8   9 
1789	2   8   0 
1791	2   4   8 
1793	2   4   0 
1795	2   8   0 
1797	2   4   8 
1799	2   0   4 
1801	2   0   1 
1803	2   2   0 
1805	2   2   1 
1807	2   0   1 
1809	2   2   0 
1811	2   0   4 
1813	2   8   0 
1815	2   4   8 
1815	2   1   2 
1817	2   4   0 
1819	2   8   0 
1821	2   4   8 
1823	2   8   9 
1825	2  10   8 
1827	2   9  10 
1827	2   0   4 
1829	2   9   8 
1829	2   0   1 
1831	2  10   8 
1833	2   9  10 
1835	2   8   9 
1837	2   5   9 
1839	2   6   5 
1841	2   9   6 
1843	2   9   5 
1845	2   6   5 
1847	2   9   6 
1849	2   8   4 
1849	2  10   2 
1851	2   5   9 
1853	2   5   8 
1855	2   4   5 
1857	2   4   8 
1859	2   5   8 
1861	2   4   5 
1863	2   8   4 
1865	2   8   0 
1867	6   4   1 
1863	6  10   6 
1873	2   4   8 
1873	6   6   1 
1879	2   4   0 
1879	6   9   6 
1885	2   8   0 
1885	6  11   3 
1887	2   4   8 
1889	2   0   4 
1891	2   0   1 
1891	6  14  11 
1893	2   2   0 
1895	2   2   1 
1897	2   0   1 
1897	6  14  12 
1899	2   2   0 
1901	2   0   4 
1903	2   8   0 
1905	2   4   8 
1905	2   1   2 
1907	2   4   0 
1909	2   8   0 
1911	2   4   8 
1911	2   1   2 
1913	2   8   9 
1915	2   5   8 
1917	2   9   5 
1919	2   9   8 
1921	2   5   8 
1923	2   9   5 
1925	2   5   6 
1927	2  10   5 
1929	2   6  10 
1929	2   0   4 
1931	2   6   5 
1933	2  10   5 
1935	2   8   9 
1937	2   6  10 
1937	2   0   4 
1939	2   8   9 
1941	2   5   6 
1943	2   5   8 
1945	2   9   5 
1947	2   9   8 
1949	2   5   8 
1951	2   9   5 
1953	2   8   9 
1955	2   8   0 
1957	2   4   8 
1959	2   4   0 
1961	2   8   0 
1963	2   4   8 
1965	2   0   4 
1967	2   0   1 
1969	2   2   0 
1971	2   2   1 
1973	2   0   1 
1975	2   2   0 
1977	2   0   4 
1979	2   8   0 
1981	2   4   8 
1981	2   1   2 
1983	2   4   0 
1983	2   6   2 
1985	2   8   0 
1987	2   4   8 
1987	6   6   1 
1989	2   8   9 
1993	2   5   8 
1995	2   9   5 
1997	2   9   8 
1999	2   5   8 
2001	2   9   5 
2003	2   0   4 
2003	6  12   9 
1993	6  11   7 
2009	2   8  12 
2009	2   6   5 
2011	2   8   4 
2013	2   9   8 
2015	2   4   9 
2017	2   4   8 
2019	2   9   8 
2021	2   4   9 
2023	2   9   6 
2025	2   5   9 
2027	2   5   6 
2027	6  13  12 
2033	2   9   6 
2035	2   5   9 
2037	2   6   5 
2039	2   6   1 
2039	2   8   4 
2041	2   2   6 
2041	6  13   8 
2043	2   2   1 
2045	2   6   1 
2047	2   2   6 
2047	6   8   0 
2053	2   6   5 
2055	2   9   6 
2057	2   5   9 
2059	2   5   6 
2061	2   9   6 
2063	2   5   9 
2065	2   1   2 
2067	2   1   2 
2069	2   6   5 
2071	2   6   1 
2073	2   2   6 
2075	2   2   1 
2077	2   6   1 
2079	2   2   6 
2081	2   6   5 
2083	2   7   6 
2085	2   5   7 
2087	2   5   6 
2089	2   7   6 
2091	2   5   7 
2093	2   1   2 
2095	2   0   1 
2097	2   6   5 
2099	6   2   0 
2105	2   6   2 
2105	2   4   0 
2107	2   1   6 
2109	2   1   2 
2111	2   6   2 
2113	2   1   6 
2115	2   2   1 
2117	6   2   0 
2123	2   0   4 
2125	2   2   0 
2127	6   2   0 
2133	2   0   4 
2135	6   2   0 
2141	2   0   4 
2143	2   2   0 
2145	2   0   1 
2147	6   2   0 
2153	2   6   2 
2153	2   4   0 
2155	2   1   6 
2157	2   1   2 
2159	2   6   2 
2159	2   4   0 
2161	2   1   6 
2163	2   6   5 
2165	2   7   6 
2165	6   4   0 
2171	2   5   7 
2173	2   5   6 
2175	2   7   6 
2177	2   5   7 
2179	2   2   1 
2181	2   2   1 
2183	2   6   5 
2185	2   6   2 
2187	2   1   6 
2189	2   1   2 
2191	2   6   2 
2193	2   1   6 
2195	2   2   1 
2197	2   2   0 
2199	6   2   0 
2205	2   4   0 
2207	6   2   0 
2213	2   4   0 
2215	2   2   0 
2217	6   2   0 
2223	2   4   0 
2225	2   0   1 
2227	6   2   0 
2185	6  13   9 
2225	6   9   8 
2233	2   6   2 
2233	2   0   4 
2235	2   1   6 
2237	2   1   2 
2239	2   6   2 
2239	2   0   8 
2241	2   1   6 
2243	2   6   9 
2243	6   4   0 
2245	2  10   6 
2247	2   9  10 
2249	2   9   6 
2251	2  10   6 
2253	2   9  10 
2253	2   2   1 
2255	2   6   9 
2255	2   1   0 
2257	2   6   4 
2259	2   2   5 
2261	6   6   4 
2267	2   8   4 
2269	6   6   4 
2275	2   8   4 
2277	2   6   4 
2279	6   6   4 
2285	2   8   4 
2287	6   6   4 
2293	2   4   8 
2293	6   2   1 
2299	2   4   1 
2301	2   5   4 
2303	2   5   1 
2305	2   4   1 
2307	2   5   4 
2309	2   1   5 
2311	2   1   2 
2313	2   0   1 
2313	6   9   6 
2319	2   0   2 
2321	2   1   2 
2323	2   0   1 
2325	2   1   5 
2327	2   4   1 
2329	2   5   4 
2331	2   5   1 
2333	2   4   1 
2335	2   5   4 
2337	2   4   8 
2339	2   9   4 
2341	2   8   9 
2341	2   2   0 
2343	2   8   4 
2345	2   9   4 
2347	2   8   9 
2347	2   2   0 
2349	2   9   6 
2351	2  10   9 
2353	2   6  10 
2353	2   4   8 
2355	2   6   9 
2357	2  10   9 
2359	2   6  10 
2359	2   4   8 
2361	2   9   6 
2363	2   9   4 
2365	2   8   9 
2367	2   8   4 
2369	2   9   4 
2371	2   8   9 
2373	2   1   5 
2375	2   1   5 
2377	2   4   8 
2379	2   4   1 
2381	2   5   4 
2383	2   5   1 
2385	2   4   1 
2387	2   5   4 
2389	2   1   5 
2391	2   1   2 
2393	2   0   1 
2395	2   0   2 
2397	2   1   2 
2399	2   0   1 
2401	2   1   5 
2403	2   4   1 
2405	2   5   4 
2407	2   5   1 
2409	2   4   1 
2411	2   5   4 
2413	2   4   8 
2415	2   9   4 
2417	2   8   9 
2417	2   2   0 
2419	2   8   4 
2421	2   9   4 
2423	2   8   9 
2425	2   9   6 
2427	2  10   9 
2429	2   6  10 
2429	2   4   8 
2431	2   6   9 
2431	2   4   0 
2433	2  10   9 
2433	6   2   0 
2439	2   6  10 
2439	2   8   0 
2441	2   1   5 
2443	2   1   5 
2445	2   9   6 
2447	2   9   1 
2449	2   5   9 
2451	2   5   1 
2453	2   9   1 
2455	2   5   9 
2457	2   1   5 
2459	6   4   1 
2465	2   4   8 
2467	2   0   4 
2469	2   0   8 
2471	2   4   8 
2473	2   0   4 
2475	2   8   0 
2477	6   4   1 
2483	2   8   4 
2483	6  10   2 
2489	2  10   8 
2491	6   6   4 
2497	2  10   6 
2499	6   6   4 
2505	2   8   4 
2507	2  10   8 
2509	2   8   0 
2511	6   4   1 
2509	6  10   6 
2517	2   4   8 
2517	2   1   6 
2519	2   0   4 
2519	6   6   2 
2521	2   0   8 
2523	2   4   8 
2525	2   0   4 
2527	2   4   5 
2529	2   9   4 
2529	2   1   2 
2531	2   5   9 
2533	2   5   4 
2535	2   9   4 
2537	2   5   9 
2539	2   9  10 
2541	2   6   9 
2543	2  10   6 
2543	2   8   0 
2545	2  10   9 
2547	2   6   9 
2549	2  10   6 
2549	2   8   0 
2551	2   4   5 
2553	2   4   5 
2555	2   9  10 
2557	2   9   4 
2559	2   5   9 
2561	2   5   4 
2563	2   9   4 
2565	2   5   9 
2567	2   4   5 
2569	2   4   8 
2571	2   0   4 
2573	2   0   8 
2575	2   4   8 
2577	2   0   4 
2579	2   8   0 
2581	6   4   1 
2587	2   8   4 
2587	6  10   2 
2593	2  10   8 
2595	6   6   4 
2601	2  10   6 
2603	6   6   4 
2609	2   8   4 
2611	2  10   8 
2613	2   8   0 
2615	6   4   1 
2613	6   7   6 
2619	6  11  10 
2621	2   4   8 
2623	2   0   4 
2625	2   0   8 
2625	6  11   3 
2627	2   4   8 
2629	2   0   4 
2631	2   4   5 
2631	6   3   2 
2633	2   9   4 
2635	2   5   9 
2637	2   5   4 
2639	2   9   4 
2639	2   1   2 
2641	2   5   9 
2643	2   4   5 
2645	2   8   0 
2647	2   5   9 
2649	2  10   5 
2651	2   4   0 
2651	2   9  10 
2653	2   6   4 
2655	2   9   5 
2657	2  10   5 
2659	2   9  10 
2659	6   2   0 
2665	2   2   6 
2665	6   8   0 
2667	6   6   2 
2673	2   6   4 
2675	2   5   9 
2677	2   5   1 
2679	2   9   8 
2679	6   2   0 
2685	2   0   4 
2687	6   2   0 
2693	2   6   2 
2695	2   4   6 
2697	2   4   5 
2699	2   1   4 
2701	2   1   5 
2703	2   4   5 
2705	2   1   4 
2707	2   5   1 
2709	2   5   9 
2711	2   8   5 
2713	2   8   9 
2713	6   2   0 
2719	2   5   9 
2721	2   8   5 
2723	2   5   1 
2725	2   4   5 
2727	2   1   4 
2729	2   1   5 
2731	2   4   5 
2733	2   1   4 
2735	2   4   6 
2737	2   0   4 
2739	2   5   1 
2741	2   5   1 
2743	2   9   8 
2743	6   2   0 
2745	2   9   8 
2749	2   6   2 
2751	2   6   4 
2753	6   2   0 
2759	2   0   4 
2761	6   2   0 
2767	2   6   2 
2769	2   4   6 
2771	2   4   5 
2773	2   1   4 
2775	2   1   5 
2777	2   4   5 
2779	2   1   4 
2781	2   5   1 
2783	2   5   9 
2785	2   8   5 
2787	2   8   9 
2789	2   5   9 
2791	2   8   5 
2793	2   5   1 
2795	2   4   5 
2797	2   1   4 
2799	2   1   5 
2801	2   4   5 
2803	2   1   4 
2805	2   5   1 
2807	2   1   6 
2807	2   9   8 
2809	2   2   1 
2809	2   9   8 
2811	2   6   2 
2811	2   4   0 
2813	2   6   1 
2813	6   8   4 
2815	2   2   1 
2817	2   6   2 
2819	2   1   6 
2821	2   1   9 
2823	2   4   1 
2825	2   4   9 
2827	2   1   9 
2829	2   4   1 
2831	2   1   6 
2833	2   2   1 
2833	2   9   4 
2835	2   6   2 
2835	2   9   4 
2837	2   6   1 
2839	2   2   1 
2841	2   6   2 
2843	2   1   6 
2845	2   1   9 
2847	2   4   1 
2849	2   4   9 
2849	6   7   2 
2851	6   8   0 
2857	2   1   9 
2859	2   4   1 
2861	2   1   3 
2861	6   9   8 
2863	2   2   1 
2865	2   3   2 
2867	2   3   1 
2869	2   2   1 
2869	2   8   4 
2871	2   3   2 
2871	2   8   4 
2873	2   1   3 
2875	2   1   0 
2877	2   9   1 
2879	2   5   6 
2881	6   5   0 
2887	2   9   5 
2889	2   1   5 
2891	2   9   1 
2893	2   5   9 
2895	2   5   0 
2897	2   6   5 
2899	6   2   0 
2899	6   9   8 
2905	2   6   2 
2907	2   5   2 
2909	2   6   5 
2911	2   2   6 
2913	6   5   2 
2919	2   5   9 
2921	2   4   5 
2923	2   4   9 
2925	2   5   9 
2927	2   4   5 
2929	2   5   6 
2931	2   2   5 
2933	2   6   2 
2933	2   9   4 
2935	2   6   5 
2937	2   2   5 
2939	2   6   2 
2939	2   9   4 
2941	2   5   6 
2943	2   5   6 
2945	6   5   2 
2951	2   5   8 
2953	2   1   5 
2955	6   4   1 
2951	6   7   3 
2957	6   7   6 
2961	2   8   4 
2963	2   8   5 
2965	2   4   5 
2967	2   8   4 
2967	6   6   1 
2973	2   4   1 
2973	6  10   9 
2975	2   0   4 
2977	2   1   0 
2979	2   1   4 
2981	2   0   4 
2981	6  10   2 
2987	2   1   0 
2989	2   5   8 
2991	2   5   8 
2993	2   4   1 
2995	2   4   5 
2997	2   8   4 
2999	2   8   5 
3001	2   4   5 
3003	2   8   4 
3005	2   5   8 
3007	2   5  10 
3009	2   7   5 
3011	2   7  10 
3013	2   5  10 
3015	2   7   5 
3017	2  10   7 
3019	2  10   2 
3021	2   6  10 
3023	2   6   2 
3023	6   9   4 
3029	2  10   2 
3031	2   6  10 
3033	2  10   7 
3035	2   5  10 
3037	2   7   5 
3039	2   7  10 
3041	2   5  10 
3043	2   7   5 
3045	2   5   8 
3047	2   9   5 
3049	2   8   9 
3049	2   2   6 
3051	2   8   5 
3053	2   9   5 
3055	2   8   9 
3055	2   2   6 
3057	2   5   8 
3059	2   5   1 
3059	2  10   7 
3061	2   0   5 
3063	2   1   0 
3063	2  10   7 
3065	2   1   5 
3067	2   0   5 
3069	2   1   0 
3069	2   8   9 
3071	2   5   1 
3073	2   5  10 
3075	2   7   5 
3077	2   7  10 
3077	6   2   1 
3083	2   5  10 
3085	2   7   5 
3087	2  10   7 
3087	6   4   1 
3093	2  10   8 
3095	2   9  10 
3097	2   9   8 
3099	2  10   8 
3101	2   9  10 
3103	2   8   9 
3105	2   8   4 
3107	6   6   4 
3113	2   4   8 
3115	2   4   6 
3117	6   6   4 
3123	2   8   4 
3125	6   6   4 
3131	2   4   8 
3133	2   8   9 
3135	2  10   8 
3137	2   9  10 
3139	2   9   8 
3141	2  10   8 
3143	2   9  10 
3145	2  10   7 
3147	2   5  10 
3149	2   7   5 
3151	2   7  10 
3153	2   5  10 
3155	2   7   5 
3157	2   5   2 
3159	2   0   5 
3161	2   2   0 
3161	2   8   9 
3163	2   2   5 
3165	2   0   5 
3167	2   2   0 
3167	2   8   9 
3169	2  10   7 
3171	2  10   7 
3173	2   5   2 
3175	2   5  10 
3177	2   7   5 
3179	2   7  10 
3181	2   5  10 
3183	2   7   5 
3185	2  10   7 
3187	2  10   8 
3189	2   9  10 
3191	2   9   8 
3193	2  10   8 
3195	2   9  10 
3197	2   6   4 
3199	2   8   9 
3201	2   6   4 
3203	6   6   4 
3209	2   8   4 
3211	6   6   4 
3217	2   4   8 
3219	2   4   6 
3221	6   6   4 
3227	2   8   4 
3229	6   6   4 
3229	6  13  12 
3235	2   4   8 
3235	6  14  13 
3237	2   6   4 
3239	6   7   6 
3241	2   8   9 
3243	6  13  12 
3249	2  10   8 
3251	2   9  10 
3253	2   9   8 
3255	2  10   8 
3257	2   9  10 
3259	2  10   6 
3261	2   5  10 
3263	2   6   5 
3265	2   6  10 
3267	2   5  10 
3269	2   6   5 
3271	2  10   6 
3273	2   6  14 
3275	2   6   4 
3277	2   1   6 
3277	2   8   9 
3279	2   4   1 
3279	6  13  10 
3281	6   5   4 
3279	6   7   3 
3285	6  14  13 
3287	2   5   6 
3289	2   1   6 
3291	2   5   1 
3293	2   6   5 
3295	2   6   5 
3297	2  10   6 
3299	2   5  10 
3301	2   5   6 
3303	2  10   6 
3305	2   5  10 
3307	2   6   5 
3309	2   6   5 
3311	2   7   6 
3313	2   5   7 
3315	2   5   6 
3317	2   7   6 
3319	2   5   7 
3321	2   6   5 
3323	2   5  13 
3325	2   5   1 
3327	2   5  10 
3329	2   5   7 
