   1	2   4   0 
   3	2   2   4 
   5	2   4   1 
   7	2   0   4 
   9	2   1   0 
  11	2   1   4 
  13	2   0   4 
  15	2   1   0 
  17	2   4   1 
  19	2   2   5 
  21	2   4   5 
  23	2   2   4 
  25	2   5   2 
  27	2   5   4 
  29	2   2   4 
  31	2   5   2 
  33	2   4   5 
  35	2   3   4 
  37	2   1   3 
  39	2   4   1 
  41	2   4   3 
  43	2   1   3 
  45	2   4   1 
  47	2   3   4 
  49	6   2   0 
  55	2   2   5 
  57	6   2   0 
  63	2   3   0 
  65	2   5   3 
  67	6   2   0 
  73	2   5   2 
  75	6   2   0 
  81	2   3   0 
  83	2   5   3 
  85	2   3   4 
  87	2   1   3 
  89	2   4   1 
  91	2   4   3 
  93	2   1   3 
  95	2   4   1 
  97	2   3   4 
  99	2   2   1 
 101	6   2   0 
 107	2   2   5 
 109	2   2   5 
 111	6   2   0 
 117	2   3   0 
 119	2   5   3 
 121	6   2   0 
 127	2   5   2 
 129	6   2   0 
 135	2   3   0 
 137	2   5   3 
 139	6   2   0 
 145	2   2   5 
 147	2   2   0 
 149	2   1   2 
 151	2   1   0 
 153	2   2   0 
 155	2   1   2 
 157	2   0   1 
 159	2   4   1 
 161	6   2   0 
 167	2   2   5 
 169	6   2   0 
 175	2   2   5 
 177	6   2   0 
 183	2   3   0 
 185	2   5   3 
 187	6   2   0 
 193	2   5   2 
 195	6   2   0 
 201	2   3   0 
 203	2   5   3 
 205	6   2   0 
 211	2   2   5 
 213	6   2   0 
 219	2   0   3 
 221	2   2   0 
 223	6   2   0 
 229	2   3   0 
 231	6   2   0 
 237	2   3   0 
 239	2   2   0 
 241	6   2   0 
 247	2   3   0 
 249	6   2   0 
 255	2   0   3 
 257	2   0   4 
 259	2   1   0 
 261	2   1   4 
 263	2   0   4 
 265	2   1   0 
 267	2   0   3 
 269	2   2   0 
 271	2   4   1 
 273	2   4   1 
 275	6   2   0 
 281	2   3   0 
 283	6   2   0 
 289	2   3   0 
 291	2   2   0 
 293	6   2   0 
 299	2   3   0 
 301	6   2   0 
 307	2   0   3 
 307	6   5   2 
 313	2   0   4 
 315	2   1   0 
 317	2   1   4 
 319	2   0   4 
 321	2   1   0 
 323	2   0   2 
 325	2   3   0 
 327	2   4   1 
 329	2   4   1 
 331	6   2   0 
 337	2   0   3 
 339	2   0   2 
 341	6   2   0 
 347	2   3   0 
 349	6   2   0 
 355	2   0   3 
 357	2   2   0 
 359	6   2   0 
 365	2   0   3 
 367	6   2   0 
 373	2   5   2 
 375	2   3   5 
 377	6   2   0 
 383	2   3   0 
 385	6   2   0 
 391	2   5   2 
 393	2   3   5 
 395	6   2   0 
 401	2   0   3 
 401	6   5   2 
 407	2   0   4 
 409	2   1   0 
 411	2   1   4 
 413	2   0   4 
 415	2   1   0 
 417	2   0   3 
 419	2   2   0 
 421	2   4   1 
 423	2   4   1 
 425	6   2   0 
 431	2   3   0 
 433	6   2   0 
 439	2   3   0 
 441	2   2   0 
 443	6   2   0 
 449	2   3   0 
 451	6   2   0 
 457	2   0   3 
 459	2   0   4 
 461	2   1   0 
 463	2   1   4 
 465	2   0   4 
 467	2   1   0 
 469	2   4   1 
 471	2   4   5 
 473	6   2   0 
 479	2   3   0 
 481	6   2   0 
 487	2   0   3 
 489	2   2   0 
 491	6   2   0 
 497	2   0   3 
 499	6   2   0 
 505	2   0   3 
 507	2   2   0 
 509	6   2   0 
 515	2   3   0 
 517	2   3   4 
 519	2   5   3 
 521	2   5   4 
 523	2   3   4 
 525	2   5   3 
 527	2   3   0 
 529	2   4   5 
 531	2   4   5 
 533	6   2   0 
 539	2   0   3 
 541	2   2   0 
 543	6   2   0 
 549	2   0   3 
 551	6   2   0 
 557	2   0   3 
 559	2   2   0 
 561	6   2   0 
 567	2   3   0 
 569	2   3   4 
 571	2   5   3 
 573	2   5   4 
 575	2   3   4 
 577	2   5   3 
 579	2   4   5 
 581	2   3   0 
 581	2   2   5 
 583	2   4   3 
 585	2   0   4 
 587	2   0   3 
 587	6   5   2 
 593	2   4   3 
 595	2   0   4 
 597	2   3   0 
 599	2   3   5 
 601	6   2   0 
 607	2   0   3 
 609	6   2   0 
 615	2   2   5 
 617	2   3   5 
 619	6   2   0 
 625	2   0   3 
 627	6   2   0 
 633	2   3   0 
 633	2   5   2 
 635	2   4   3 
 637	2   0   4 
 639	2   0   3 
 639	2   5   2 
 641	2   4   3 
 643	2   0   4 
 645	2   3   0 
 647	2   3   5 
 649	6   2   0 
 655	2   0   3 
 657	6   2   0 
 663	2   2   5 
 665	2   3   5 
 667	6   2   0 
 673	2   0   3 
 675	6   2   0 
 681	2   5   2 
 683	2   0   2 
 685	2   1   0 
 687	2   2   1 
 689	2   2   0 
 691	2   1   0 
 693	2   2   1 
 695	2   0   2 
 697	6   2   0 
 703	2   2   5 
 705	2   0   2 
 707	6   2   0 
 713	2   5   2 
 715	6   2   0 
 721	2   5   2 
 723	2   0   2 
 725	6   2   0 
 731	2   5   2 
 733	6   2   0 
 739	2   2   5 
 741	6   2   0 
 747	2   3   0 
 747	2   5   2 
 749	2   1   3 
 751	2   0   1 
 753	2   0   3 
 755	2   1   3 
 757	2   0   1 
 759	2   3   0 
 761	2   3   5 
 763	6   2   0 
 769	2   0   3 
 771	6   2   0 
 777	2   2   5 
 779	2   3   5 
 781	6   2   0 
 787	2   0   3 
 789	6   2   0 
 795	2   3   0 
 795	2   5   2 
 797	2   1   3 
 799	2   0   1 
 801	2   0   3 
 801	2   5   2 
 803	2   1   3 
 805	2   0   1 
 807	2   3   0 
 809	2   3   5 
 811	2   0   4 
 813	6   2   0 
 819	2   0   3 
 821	6   2   0 
 827	2   2   5 
 829	2   3   5 
 831	6   2   0 
 837	2   0   3 
 839	6   2   0 
 845	2   5   2 
 847	2   2   5 
 849	2   1   5 
 851	2   3   1 
 853	2   5   3 
 855	2   5   1 
 857	2   3   1 
 859	2   5   3 
 861	2   1   5 
 863	2   1   3 
 865	2   2   1 
 867	6   2   0 
 873	2   3   0 
 875	2   3   1 
 877	2   0   1 
 879	2   3   0 
 881	2   1   3 
 883	2   1   2 
 885	2   4   1 
 887	2   4   2 
 889	2   1   2 
 891	2   4   1 
 893	2   1   3 
 895	2   0   1 
 897	2   3   0 
 899	2   3   1 
 901	2   0   1 
 903	2   2   4 
 905	2   3   0 
 907	2   1   3 
 909	2   2   4 
 911	2   1   2 
 913	2   4   1 
 915	2   4   2 
 917	2   1   2 
 919	2   4   1 
 921	2   1   5 
 923	2   3   1 
 925	2   5   3 
 927	2   5   1 
 929	2   3   1 
 931	2   5   3 
 933	2   1   5 
 935	2   1   3 
 937	2   0   1 
 939	2   3   0 
 941	2   3   1 
 943	2   0   1 
 945	2   2   4 
 947	2   3   0 
 949	2   1   3 
 951	2   2   4 
 953	2   1   2 
 955	2   4   1 
 957	2   4   2 
 959	2   1   2 
 961	2   4   1 
 963	2   1   3 
 965	2   0   1 
 967	2   3   0 
 969	2   3   1 
 971	2   0   1 
 973	2   2   4 
 975	2   3   0 
 977	2   1   3 
 979	2   2   4 
 981	2   1   2 
 983	2   4   1 
 985	2   4   2 
 987	2   1   2 
 989	2   4   1 
 991	2   2   4 
 993	2   5   1 
 995	2   4   1 
 997	6   2   0 
1003	2   3   0 
1005	2   5   3 
1007	6   2   0 
1013	2   2   5 
1015	6   2   0 
1021	2   0   3 
1023	2   5   3 
1025	6   2   0 
1031	2   2   5 
1033	6   2   0 
1039	2   3   0 
1041	2   3   4 
1043	2   1   3 
1045	2   1   4 
1047	2   3   4 
1049	2   1   3 
1051	2   3   0 
1053	2   5   3 
1055	2   4   1 
1057	2   4   1 
1059	6   2   0 
1065	2   2   5 
1067	6   2   0 
1073	2   0   3 
1075	2   5   3 
1077	6   2   0 
1083	2   2   5 
1085	6   2   0 
1091	2   3   0 
1093	2   3   4 
1095	2   1   3 
1097	2   1   4 
1099	2   3   4 
1101	2   1   3 
1103	2   4   1 
1105	2   5   1 
1107	2   0   4 
1109	2   1   0 
1111	2   4   1 
1113	2   4   0 
1115	2   1   0 
1117	2   4   1 
1119	2   0   4 
1121	2   1   4 
1123	2   3   0 
1123	2   2   5 
1125	2   4   3 
1127	2   0   4 
1129	2   0   3 
1131	2   4   3 
1133	2   0   4 
1135	2   1   5 
1137	2   3   0 
1139	2   3   1 
1141	2   5   3 
1143	2   5   1 
1145	2   3   1 
1147	2   5   3 
1149	2   3   0 
1151	2   4   3 
1153	2   0   4 
1155	2   0   3 
1157	2   4   3 
1159	2   1   5 
1161	2   0   4 
1163	2   1   5 
1165	2   3   0 
1167	2   3   1 
1169	2   5   3 
1171	2   5   1 
1173	2   3   1 
1175	2   5   3 
1177	2   3   0 
1179	2   1   5 
1181	2   1   5 
1183	6   2   0 
1189	2   0   3 
1191	2   2   0 
1193	6   2   0 
1199	2   0   3 
1201	6   2   0 
1207	2   0   3 
1209	2   2   0 
1211	6   2   0 
1217	2   3   0 
1219	2   3   1 
1221	2   5   3 
1223	2   5   1 
1225	2   3   1 
1227	2   5   3 
1229	2   3   0 
1231	2   1   5 
1233	2   1   5 
1235	6   2   0 
1241	2   0   3 
1243	2   2   0 
1245	6   2   0 
1251	2   0   3 
1253	6   2   0 
1259	2   0   3 
1261	2   2   0 
1263	2   4   0 
1265	6   2   0 
1271	2   3   0 
1273	2   3   1 
1275	2   5   3 
1277	2   5   1 
1279	2   3   1 
1281	2   5   3 
1283	2   1   5 
1285	2   3   0 
1285	6   5   2 
1291	2   1   3 
1293	2   0   1 
1295	2   0   3 
1297	2   1   3 
1299	2   0   1 
1301	2   3   0 
1303	2   3   4 
1305	2   5   3 
1307	2   5   4 
1309	2   3   4 
1311	2   5   3 
1313	2   3   0 
1315	2   1   3 
1317	2   0   1 
1319	2   0   3 
1321	2   1   3 
1323	2   4   5 
1325	2   0   1 
1327	2   4   5 
1329	2   3   0 
1331	2   3   4 
1333	2   5   3 
1335	2   5   4 
1337	2   3   4 
1339	2   5   3 
1341	2   4   5 
1343	2   1   4 
1345	2   0   1 
1347	2   2   0 
1349	2   1   2 
1351	2   1   0 
1353	2   2   0 
1355	2   1   2 
1357	2   0   1 
1359	2   0   4 
1361	6   2   0 
1367	2   5   2 
1369	2   4   5 
1371	2   4   2 
1373	2   5   2 
1375	2   4   5 
1377	2   2   4 
1379	2   2   1 
1381	2   2   1 
1383	2   5   2 
1385	2   1   5 
1387	2   1   2 
1389	2   5   2 
1391	2   1   5 
1393	2   2   1 
1395	2   3   4 
1397	2   1   0 
1399	6   2   0 
1405	2   0   3 
1405	6   5   2 
1411	2   4   0 
1413	2   4   3 
1415	2   0   3 
1417	2   4   0 
1419	2   3   4 
1421	2   3   1 
1423	2   5   3 
1425	2   5   1 
1427	2   3   1 
1429	2   5   3 
1431	2   3   4 
1433	2   0   3 
1435	2   4   0 
1437	2   4   3 
1439	2   0   3 
1441	2   1   5 
1443	2   4   0 
1445	2   1   5 
1447	2   3   4 
1449	2   3   1 
1451	2   5   3 
1453	2   5   1 
1455	2   3   1 
1457	2   5   3 
1459	2   1   5 
1461	2   0   1 
1463	2   4   1 
1465	2   0   4 
1467	2   1   0 
1469	2   1   4 
1471	2   0   4 
1473	2   1   0 
1475	2   4   1 
1477	2   3   4 
1479	2   5   3 
1481	2   4   5 
1483	2   4   3 
1485	2   5   3 
1487	2   4   5 
1489	2   1   2 
1491	2   3   4 
1493	2   3   1 
1495	6   2   0 
1501	2   0   3 
1503	2   0   1 
1505	2   3   1 
1507	2   0   3 
1509	2   3   4 
1511	2   5   3 
1513	2   4   5 
1515	2   4   3 
1517	2   5   3 
1519	2   1   0 
1521	2   4   5 
1523	2   1   0 
1525	2   3   4 
1527	2   3   1 
1529	2   0   3 
1531	2   0   1 
1533	2   3   1 
1535	2   0   3 
1537	2   1   0 
1539	2   4   1 
1541	2   5   4 
1543	2   1   5 
1545	2   1   4 
1547	2   5   4 
1549	2   1   5 
1551	2   4   1 
1553	2   2   4 
1555	2   4   5 
1557	2   2   4 
1559	2   5   2 
1561	2   5   4 
1563	2   2   4 
1565	2   5   2 
1567	2   4   5 
1569	2   2   4 
1571	2   3   1 
1573	2   4   3 
1575	2   1   4 
1577	2   1   3 
1579	2   4   3 
1581	2   2   0 
1583	2   1   4 
1585	2   2   5 
1587	2   3   1 
1589	6   2   0 
1595	2   5   2 
1597	2   3   5 
1599	6   2   0 
1605	2   0   3 
1607	6   2   0 
1613	2   2   5 
1615	2   3   5 
1617	6   2   0 
1623	2   0   3 
1623	6   5   2 
1629	2   3   1 
1631	2   4   3 
1633	2   1   4 
1635	2   1   3 
1637	2   4   3 
1639	2   2   0 
1641	2   1   4 
1643	2   2   0 
1645	2   3   1 
1647	6   2   0 
1653	2   3   0 
1655	6   2   0 
1661	2   0   3 
1663	2   0   2 
1665	6   2   0 
1671	2   3   0 
1673	6   2   0 
1679	2   0   3 
1681	2   2   0 
1683	2   4   2 
1685	2   1   2 
1687	2   0   1 
1689	2   2   0 
1691	2   2   1 
1693	2   0   1 
1695	2   2   0 
1697	2   1   2 
1699	2   1   0 
1701	2   2   1 
1703	2   0   2 
1705	2   0   1 
1707	2   2   1 
1709	2   0   2 
1711	2   1   0 
1713	2   1   0 
1715	2   5   1 
1717	6   2   0 
1723	2   2   5 
1723	6   3   0 
1729	2   2   1 
1731	2   5   1 
1733	2   2   5 
1735	2   1   2 
1737	2   5   2 
1739	2   5   3 
1741	2   1   5 
1743	2   3   1 
1745	2   3   5 
1747	2   1   5 
1749	2   3   1 
1751	2   1   4 
1753	2   4   1 
1755	2   5   3 
1757	2   3   1 
1759	6   2   0 
1765	2   3   0 
1767	2   4   3 
1769	2   0   4 
1771	2   0   3 
1773	2   4   3 
1775	2   0   4 
1777	2   3   0 
1779	2   4   3 
1781	2   0   4 
1783	2   3   0 
1785	2   3   4 
1787	2   0   4 
1789	2   3   0 
1791	2   4   3 
1793	2   0   3 
1795	2   1   3 
1797	2   3   0 
