   1	2   0   5 
   3	2   4   0 
   3	6   9   6 
   9	2   5   4 
   9	6   3   2 
  11	2   5   0 
  13	2   4   0 
  15	2   5   4 
  17	2   0   5 
  19	2   0   5 
  21	2   8   0 
  23	2   5   8 
  25	2   5   0 
  27	2   8   0 
  29	2   5   8 
  31	2   0   5 
  33	2   5   9 
  35	2   4   5 
  37	2   9   4 
  39	2   9   5 
  41	2   4   5 
  43	2   9   4 
  45	2   5   9 
  47	2   5   9 
  49	2   8   5 
  51	2   9   8 
  53	2   9   5 
  55	2   8   5 
  57	2   9   8 
  59	2   5   9 
  61	2   1   5 
  63	2   2   1 
  63	6   9   8 
  69	2   5   2 
  71	2   5   1 
  73	2   2   1 
  75	2   5   2 
  77	2   1   5 
  79	2   1   6 
  81	2   4   1 
  83	2   6   4 
  85	2   6   1 
  87	2   4   1 
  89	2   6   4 
  91	2   1   6 
  93	2   1   6 
  95	2   9   1 
  97	2   6   9 
  97	2   0   4 
  99	2   6   1 
 101	2   9   1 
 103	2   6   9 
 105	2   1   6 
 107	2   1   3 
 109	2   4   1 
 111	2   0   2 
 113	6   3   1 
 119	2   1   4 
 121	2   1   3 
 123	6   3   1 
 129	2   4   1 
 131	6   3   1 
 131	6   9   8 
 137	2   1   4 
 139	2   3   1 
 141	2   1   9 
 143	2   4   1 
 145	2   9   4 
 147	2   9   1 
 149	2   4   1 
 151	2   9   4 
 153	2   1   9 
 155	2   1   9 
 157	2   2   1 
 159	6   2   0 
 157	6   9   8 
 165	2   8   0 
 165	2   3   2 
 167	6   4   1 
 167	6  10   6 
 173	2   8   4 
 173	6   6   1 
 179	2   0   4 
 179	6   9   6 
 185	2   8   0 
 187	2   4   8 
 189	2  10   8 
 189	6   1   0 
 191	2   9  10 
 193	2   8   9 
 195	2   8  10 
 197	2   9  10 
 199	2   8   9 
 201	2  10   8 
 203	2  10   5 
 205	2   9  10 
 207	2   5   9 
 209	2   5  10 
 211	2   9  10 
 213	2   5   9 
 215	2  10   5 
 217	2  10   5 
 219	2   6  10 
 219	2   8   0 
 221	2   9   8 
 221	6   1   0 
 227	2   5   6 
 229	2   1   9 
 231	2   5  10 
 233	2   6  10 
 233	6   4   1 
 239	2   4   8 
 241	2   9   8 
 243	2   5   6 
 245	2   4   9 
 247	2  10   5 
 249	2   1   5 
 251	2   8   4 
 253	6   4   1 
 259	2   8   4 
 261	2   5   8 
 263	2   5   4 
 265	2   8   4 
 267	2   5   8 
 269	2   4   5 
 271	2   4   5 
 273	6   4   1 
 279	2   8   4 
 281	2   9   8 
 281	6   1   0 
 287	2   4   9 
 289	2   4   8 
 291	2   9   8 
 293	2   4   9 
 295	2   8   4 
 297	2   8   0 
 299	2   5   8 
 301	2   5   0 
 303	2   8   0 
 305	2   5   8 
 307	2   8   4 
 309	2   0   5 
 311	2   0   5 
 313	2   9  10 
 315	6   6   4 
 321	2   4   8 
 323	2   6   4 
 325	6   6   4 
 331	2   4   8 
 333	6   6   4 
 339	2   4   8 
 341	2   6   4 
 343	6   6   4 
 349	2   8   4 
 349	6  10   6 
 351	2   8   0 
 355	2   5   8 
 357	2   5   0 
 359	2   8   0 
 361	2   5   8 
 363	2   8   4 
 365	2  10   8 
 367	2   0   5 
 369	2   0   5 
 371	6   6   4 
 377	2   6  10 
 379	6   6   4 
 385	2   4   8 
 387	2  10   8 
 389	6   6   4 
 395	2   6  10 
 397	6   6   4 
 403	2   8   4 
 403	6  10   2 
 409	2   8   0 
 411	2   5   8 
 413	2   5   0 
 415	2   8   0 
 417	2   5   8 
 419	2   0   5 
 421	2   0   4 
 423	2   2   0 
 425	2   5   8 
 427	6   2   0 
 433	2   4   0 
 435	6   2   0 
 441	2   4   0 
 443	2   2   0 
 445	6   2   0 
 451	2   4   0 
 453	6   2   0 
 459	2   0   4 
 459	6   3   2 
 427	6  10   9 
 461	6   5   0 
 467	2   5   2 
 469	2   9   5 
 471	6   5   2 
 477	2   9   5 
 479	2   2   5 
 481	6   5   2 
 487	2   9   5 
 489	6   5   2 
 495	2   5   9 
 497	2   5  10 
 499	2   6   5 
 501	2   6  10 
 501	6   8   0 
 507	2   5  10 
 509	2   6   5 
 511	2  10   6 
 511	6   1   0 
 513	2  10   8 
 515	6  10   6 
 517	6   8   0 
 523	2   1   6 
 525	2   1   0 
 527	6   2   0 
 533	2   6   2 
 533	6   8   0 
 535	6  11   3 
 541	2   1   6 
 543	2   6  10 
 545	2   5   6 
 545	6  14  11 
 547	2   2   1 
 549	2   2   1 
 551	2  10   5 
 553	2  10   6 
 555	2   5   6 
 555	6  14  12 
 561	2  10   5 
 563	2   5   9 
 565	2   8   5 
 567	2   9   8 
 569	2   9   5 
 571	2   8   5 
 573	2   9   8 
 575	2   8   4 
 575	2   6  10 
 577	2  12   8 
 577	2   6  10 
 579	2   4  12 
 581	2   4   8 
 583	2  12   8 
 585	2   4  12 
 587	2   5   9 
 589	2   5   9 
 591	2   8   4 
 593	2   8   5 
 595	2   9   8 
 597	2   9   5 
 599	2   8   5 
 601	2   9   8 
 603	2   5   9 
 605	2   5   6 
 607	2  10   5 
 609	2  10   6 
 609	6  12   4 
 615	2   5   6 
 617	2  10   5 
 619	2   6  10 
 621	2   6   2 
 623	2   1   6 
 625	2   1   2 
 627	2   6   2 
 629	2   1   6 
 631	2   6  10 
 633	2   5   6 
 635	2  10   5 
 637	2  10   6 
 639	2   5   6 
 641	2  10   5 
 643	2   5   9 
 645	2   8   5 
 647	2   9   8 
 647	2   2   1 
 649	2   9   5 
 651	2   8   5 
 653	2   9   8 
 653	2   2   1 
 655	2   5   9 
 657	2   9  12 
 659	2   4   9 
 661	2  12   4 
 661	2   6  10 
 663	2  12   9 
 665	2   4   9 
 667	2  12   4 
 667	2   6  10 
 669	2   5   8 
 671	2   9  12 
 673	2   9   5 
 675	2   8   9 
 677	2   8   5 
 679	2   9   5 
 681	2   8   9 
 683	2   5   8 
 685	2   5   6 
 687	2  10   5 
 689	2  10   6 
 691	2   5   6 
 693	2  10   5 
 695	2   6  10 
 697	2   6   2 
 699	2   1   6 
 701	2   1   2 
 703	2   6   2 
 705	2   1   6 
 707	2   6  10 
 709	2   5   6 
 711	2  10   5 
 713	2  10   6 
 715	2   5   6 
 717	2  10   5 
 719	2   5   8 
 721	2   9   5 
 723	2   8   9 
 723	2   2   1 
 725	2   8   5 
 727	2   9   5 
 729	2   8   9 
 729	2   2   1 
 731	2   9  12 
 733	2   4   9 
 735	2  12   4 
 735	2   6  10 
 737	2  12   9 
 739	2   4   9 
 741	2  12   4 
 741	2   6  10 
 743	2   5   8 
 745	2   5   8 
 747	2   9  12 
 749	2   9   5 
 751	2   8   9 
 753	2   8   5 
 755	2   9   5 
 757	2   8   9 
 759	2   5   8 
 761	2   5   6 
 763	2  10   5 
 765	2  10   6 
 767	2   5   6 
 769	2  10   5 
 771	2   6  10 
 773	2   6   2 
 775	2   1   6 
 777	2   1   2 
 779	2   6   2 
 781	2   1   6 
 783	2   6  10 
 785	2   5   6 
 787	2  10   5 
 789	2  10   6 
 791	2   5   6 
 793	2  10   5 
 795	2   5   8 
 797	2   9   5 
 799	2   8   9 
 799	2   2   1 
 801	2   8   5 
 803	2   9   5 
 805	2   8   9 
 807	2   5   8 
 809	2   1   5 
 809	2  12   8 
 811	2   4   1 
 811	2   6  10 
 813	2   5   4 
 811	6  13  12 
 815	2   5   1 
 817	2   4   1 
 819	2   5   4 
 821	2   1   5 
 821	6  13   8 
 823	6   5   1 
 829	2   5   8 
 831	2  13   5 
 833	2  13   8 
 835	2   5   8 
 837	2  13   5 
 839	2   6   9 
 841	2   8  13 
 841	6   6   5 
 847	2   8   5 
 849	2   9   8 
 851	2   9   5 
 853	2   8   5 
 855	2   9   8 
 857	2   5   9 
 859	2  10   2 
 861	2   5  10 
 863	2   2   5 
 865	2   2  10 
 867	2   5  10 
 869	2   2   5 
 871	2   5   9 
 873	2   8   5 
 875	2   9   8 
 877	2   9   5 
 879	2   8   5 
 881	2   9   8 
 883	2   8  13 
 885	2   5   9 
 887	2   5   9 
 889	2  10   2 
 891	2  10   2 
 893	6   6   4 
 893	6  13  12 
 899	2   4   8 
 899	6  10   2 
 901	2  12   4 
 903	2  12   8 
 905	2   4   8 
 907	2  12   4 
 909	2   4   1 
 911	2   6   4 
 913	2   1   6 
 913	2   8  12 
 915	2   1   4 
 917	2   6   4 
 919	2   1   6 
 919	2   8  12 
 921	2   4   1 
 923	2   4   8 
 925	2  12   4 
 927	2  12   8 
 929	2   4   8 
 931	2  12   4 
 933	2   8  12 
 935	2   8   5 
 937	2   9   8 
 939	2   9   5 
 941	2   8   5 
 943	2   9   8 
 945	2   5   9 
 947	2   5   2 
 949	2  10   5 
 951	2  10   2 
 953	2   5   2 
 955	2  10   5 
 957	2   5   9 
 959	2   8   5 
 961	2   9   8 
 963	2   9   5 
 965	2   8   5 
 967	2   9   8 
 969	2   8  12 
 969	2   2  10 
 971	2   2   1 
 971	2   4   8 
 973	2   6   2 
 973	2  12   4 
 975	2   1   6 
 975	2  12   8 
 977	2   1   2 
 977	2   4   8 
 979	2   6   2 
 979	2  12   4 
 981	2   8  12 
 981	2   1   6 
 983	2   8  12 
 983	2   2   1 
 985	2   5   9 
 987	2   5   9 
 989	6  10   8 
 995	2   2  10 
 995	2   8   4 
 997	6   5   2 
 997	6  12   8 
1003	2   8   5 
1005	2   8  10 
1007	2   5  10 
1009	2   8   5 
1011	2  10   8 
1013	2  10   2 
1015	2   9  10 
1017	6   5   2 
1017	6  12   8 
1023	2   9   5 
1025	2  10   5 
1025	6  13  12 
1027	6   6   2 
1031	6  14  13 
1037	2   9  10 
1039	2   5   9 
1041	2   5   8 
1043	2   4   5 
1045	2   4   8 
1047	2   5   8 
1049	2   4   5 
1051	2   5   9 
1053	2  10   5 
1055	2   9  10 
1057	2   9   5 
1059	2  10   5 
1061	2   9  10 
1063	2  10  14 
1063	2   8   4 
1065	2   6  10 
1065	2   8   4 
1067	2  14   6 
1069	2  14  10 
1071	2   6  10 
1073	2  14   6 
1075	2   6   1 
1077	2   2   6 
1079	2   1   2 
1079	2  10  14 
1081	2   1   6 
1083	2   2   6 
1085	2   1   2 
1085	2  10  14 
1087	2   6   1 
1089	2   6  10 
1091	2  14   6 
1093	2  14  10 
1095	2   6  10 
1097	2   5   9 
1099	2  14   6 
1101	2   5   9 
1103	2  10  14 
1105	2  10   5 
1107	2   9  10 
1109	2   9   5 
1111	2  10   5 
1113	2   9  10 
1115	2   5   9 
1117	2   5   8 
1119	2   4   5 
1121	2   4   8 
1123	2   5   8 
1125	2   4   5 
1127	2   5   9 
1129	2  10   5 
1131	2   9  10 
1133	2   9   5 
1135	2  10   5 
1137	2   9  10 
1139	2  10  14 
1139	2   8   4 
1141	2   6  10 
1143	2  14   6 
1145	2  14  10 
1147	2   6  10 
1149	2  14   6 
1151	2  10  14 
1153	2   5   9 
1155	2   9   8 
1157	6   6   4 
1163	2  10   6 
1163	6   8   4 
1165	6  14  13 
1169	6   2   0 
1171	6   9   8 
1177	2   5  10 
1179	2   6   5 
1181	2   6  10 
1183	2   5  10 
1185	2   6   5 
1187	2  10   6 
1189	2  10   9 
1191	2   5  10 
1193	2   9   5 
1195	2   9  10 
1197	2   5  10 
1199	2   9   5 
1201	2  10   9 
1203	2  10   9 
1205	2   2  10 
1207	2   5  13 
1209	6   5   2 
1215	2   9   5 
1217	2   9  10 
1217	6   2   0 
1223	2   5  10 
1225	2   9   5 
1227	2  10   9 
1229	2  10   9 
1231	2   2  10 
1233	6   5   2 
1239	2   9   5 
1241	2   9  10 
1241	6   4   0 
1247	2   5  10 
1249	2   9   5 
1251	2  10   9 
1253	2   6  10 
1253	6  12   4 
1259	2   5   6 
1261	2  10   5 
1263	2  10   6 
1263	6   4   0 
1265	6  10   2 
1271	2   5   6 
1273	2   2   5 
1275	2   9   1 
1277	2   6   2 
1279	2   6   9 
1281	2   1   6 
1283	2   1   9 
1285	2   6   9 
1287	2   1   6 
1289	2   9   1 
1291	2   9  12 
1293	2  13   9 
1295	2  13  12 
1295	6   5   2 
1301	2   9  12 
1303	2  13   9 
1305	2  12  13 
1307	2  12   8 
1309	2   4  12 
1311	2   4   8 
1313	2  12   8 
1315	2   4  12 
1317	2  12  13 
1319	2   9  12 
1321	2  13   9 
1323	2  13  12 
1325	2   9  12 
1327	2  13   9 
1329	2   9   1 
1331	2   6   9 
1333	2   1   6 
1333	2  12  13 
1335	2   1   9 
1337	2   6   9 
1339	2   1   6 
1339	2  12  13 
1341	2   6   5 
1343	2   2   6 
1343	2   8   4 
1345	2   5   2 
1347	2   5   6 
1349	2   2   6 
1349	2   8   4 
1351	2   5   2 
1353	2   9   1 
1355	2   9   1 
1357	2   6   5 
1359	2   6   9 
1361	2   1   6 
1363	2   1   9 
1365	2   6   9 
1367	2   1   6 
1369	2   9   1 
1371	2   9  12 
1373	2  13   9 
1375	2  13  12 
1377	2   9  12 
1379	2  13   9 
1381	2  12  13 
1383	2  12   8 
1385	2   4  12 
1387	2   4   8 
1389	2  12   8 
1391	2   4  12 
1393	2  12  13 
1395	2   9  12 
1397	2  13   9 
1399	2  13  12 
1401	2   9  12 
1403	2  13   9 
1405	2   8   4 
1407	2   9   1 
1409	2   4   8 
1411	2   6   9 
1413	2   1   6 
1413	2  12  13 
1415	2   1   9 
1417	2   6   9 
1419	2   1   6 
1419	6  12   8 
1421	6  10   6 
1425	6   4   1 
1425	6  13  12 
1431	2   6   1 
1431	6  14  13 
1433	6   2   0 
1437	6  14  11 
1439	6   3   1 
1445	2  11   6 
1447	2  11   3 
1447	2   9   4 
1449	2   6   3 
1451	2  11   6 
1453	2   9  10 
1453	6   7   3 
1455	2   5   4 
1457	2   8   5 
1459	2   7  11 
1459	2   4   8 
1461	2   4   5 
1461	6  10   7 
1467	2  10   9 
1469	2   7  10 
1471	2   8   5 
1473	2   4   8 
1473	6  10   7 
1475	2   5   4 
1477	2   5   4 
1479	2  10   9 
1481	2   0   5 
1483	2   4   0 
1483	6   9   6 
1489	2   7   6 
1491	2  10   7 
1491	2   4   5 
1493	2   7  11 
1493	2   0   5 
1495	2   6  10 
1495	2   4   0 
1497	2   6  10 
1499	2   5   4 
1499	6  10   7 
1501	2   4  12 
1505	2   9  10 
1507	2  11   9 
1509	2  11  10 
1511	2   9  10 
1513	2  11   9 
1515	2  10  11 
1517	2  10   6 
1519	2   7  10 
1521	2   7   6 
1523	2  10   6 
1525	2   7  10 
1527	2   6   7 
1529	2  10   5 
1531	6   7   5 
1537	2   5   9 
1539	2   0   5 
1541	6   5   0 
1547	2   9   5 
1549	6   5   0 
1555	2   9   5 
1557	2   0   5 
1559	6   5   0 
1565	2   9   5 
1567	6   5   0 
1573	2   5   9 
1575	2   5  10 
1577	2   7   5 
1579	2   7  10 
1581	2   5  10 
1583	2   7   5 
1585	2  10   7 
1585	6   5   4 
1575	6  13  12 
1591	2  10   5 
1593	2  13  10 
1595	2  13   5 
1597	2  10   5 
1599	2  13  10 
1601	2  10   7 
1603	2   5  13 
1605	2   5  13 
1607	6   6   4 
1613	2   6  10 
1613	6   1   0 
1615	2   7   6 
1617	2   7  10 
1619	2   6  10 
1621	2   7   6 
1623	2   6   9 
1625	2   1   6 
1627	2   9   1 
1629	2   9   6 
1631	2   1   6 
1633	2   9   1 
1635	2  10   7 
1637	2  10   7 
1639	2   6   9 
1641	2   6  10 
1643	2   7   6 
1645	2   7  10 
1647	2   6  10 
1649	2   7   6 
1651	2  10   7 
1653	2  10   5 
1655	2  13  10 
1657	2  13   5 
1659	2  10   5 
1661	2  13  10 
1663	2  10   7 
1665	2   6  10 
1667	2   7   6 
1669	2   7  10 
1671	2   6  10 
1673	2   7   6 
1675	2  10   7 
1677	2  10  11 
1679	2   9  10 
1681	2  11   9 
1683	2  11  10 
1685	2   9  10 
1687	2  11   9 
1689	2   4   6 
1691	2  10  11 
1693	2   5  13 
1695	2   5  13 
1697	6   6   4 
1703	2  10   6 
1705	6   6   4 
1711	2   6  10 
1713	2   6   4 
1715	6   6   4 
1721	2  10   6 
1723	6   6   4 
1729	2   6  10 
1731	2  10  11 
1731	6   5   4 
1737	2   9  10 
1739	2  11   9 
1741	2  11  10 
1741	6   8   4 
1747	2   9  10 
1749	2  11   9 
1751	2   5   6 
1753	2   5   6 
1755	2  10  11 
1757	2  10   5 
1759	2   6  10 
1761	2   6   5 
1763	2  10   5 
1765	2   6  10 
1767	2   5   6 
1769	2   6   9 
1771	2   1   6 
1773	2   9   1 
1775	2   9   6 
1777	2   1   6 
1779	2   9   1 
1781	2  10   7 
1781	2   4   5 
1783	2   6   9 
1785	2   6  10 
1787	2   7   6 
1789	2   7  10 
1789	6   5   1 
1795	2   6  10 
1797	2   7   6 
1799	2  10   7 
1801	2  10   8 
1803	2  13  10 
1805	2  13   8 
1807	2  10   8 
1809	2  13  10 
1811	2  10   7 
1813	2   6  10 
1813	2   8  13 
1815	2   7   6 
1815	2   8  13 
1817	2   7  10 
1819	2   6  10 
1821	2   7   6 
1823	2   6   9 
1825	2   5   6 
1827	2   9   5 
1829	2   9   6 
1831	2   5   6 
1833	2   9   5 
1835	2  10   7 
1837	2  10   7 
1839	2   6   9 
1841	2   6  10 
1843	2   7   6 
1845	2   7  10 
1847	2   6  10 
1849	2   7   6 
1851	2  10   7 
1853	2  10   8 
1855	2  13  10 
1857	2  13   8 
1857	6  11   6 
1859	6  13   9 
1865	2  10   8 
1867	2   9  10 
1869	2  10   7 
1871	2  11  10 
1873	2   7  11 
1873	2   8   9 
1875	2   7  10 
1877	2  11  10 
1879	2   7  11 
1879	2   9   8 
1881	2  10   7 
1881	6   8   4 
1883	2   6   7 
1885	2  10  11 
1887	2   5   6 
1889	2   7   5 
1891	2   7   6 
1893	2   5   6 
1895	2   7   5 
1897	2   6   7 
1899	2   6   9 
1901	2   4   6 
1903	2   4   9 
1905	2   6   9 
1907	2   4   6 
1909	2   9   4 
1911	2   9   8 
1913	2   1   9 
1915	6   4   1 
1915	6  14  11 
1921	2   4   8 
1921	6  14  13 
1927	2   9   8 
1929	2   4   9 
1931	2   8   4 
1933	2   8  10 
1935	2  13   8 
1937	2  13  10 
1939	2   8  10 
1941	2  13   8 
1943	2   8   4 
1943	2  10  13 
1945	2   9   8 
1947	2   4   9 
1949	2   4   8 
1949	2  10  13 
1951	2   9   8 
1953	2   4   9 
1955	2   9   1 
1957	2   6   9 
1959	2   1   6 
1959	2   8   4 
1961	2   1   9 
1963	2   6   9 
1965	2   1   6 
1965	2   8   4 
1967	2   6   7 
1969	2   5   6 
1971	2   7   5 
1973	2   7   6 
1975	2   5   6 
1977	2   7   5 
1979	2   9   1 
1981	2   9   1 
1983	2   6   7 
1985	2   6   9 
1987	2   1   6 
1989	2   1   9 
1991	2   6   9 
1993	2   1   6 
1995	2   9   1 
1997	2   9   8 
1999	2   4   9 
2001	2   4   8 
2003	2   9   8 
2005	2   4   9 
2007	2   8   4 
2009	2   8  10 
2011	2  13   8 
2011	6   5   1 
2013	2  13  10 
2017	2   8  10 
2019	2  13   8 
2019	6   7   2 
2021	2   8   4 
2023	2   9   8 
2025	2   4   9 
2027	2   4   8 
2027	2  10  13 
2029	2   9   8 
2031	2   4   9 
2033	2   9   5 
2035	2   6   9 
2037	2   5   6 
2039	2   5   9 
2041	2   6   9 
2043	2   5   6 
2045	2   9   5 
2047	2   8   4 
2047	2   2   6 
2049	2   5  10 
2051	2   8   5 
2053	2  10   8 
2053	6   2   1 
2055	2  13   9 
2057	6  14   9 
2059	6   1   0 
2063	6   9   6 
2065	6   4   0 
2069	6  14  12 
2075	2  10   5 
2077	2   8   5 
2079	2  10   8 
2081	2   5  10 
2083	2   5  10 
2085	2   6   5 
2087	2  10   6 
2087	2   8   4 
2089	2  10   5 
2091	2   6   5 
2093	2  10   6 
2095	2   5  10 
2097	2   5  10 
2099	2   9   8 
2099	6   6   2 
2101	2   9   4 
2103	2   8   4 
2105	2   6   5 
2107	2  10   6 
2107	6   1   0 
2109	2   9   8 
2111	2   8  13 
2113	2  10   5 
2113	2  12   8 
2115	2   6   5 
2115	2  12  13 
2117	2   4   9 
2119	2   4   9 
2121	2  10   6 
2121	2   8  13 
2123	2   6   4 
2125	2   9   6 
2127	2   9   4 
2129	2   6   4 
2131	2   9   6 
2133	2   4   9 
2135	2  12   8 
2135	2   5  10 
2137	2   9   1 
2139	2  13  12 
2139	2  10   5 
2141	2  13   9 
2141	6   4   1 
2143	6  13   9 
2149	2   4   9 
2151	6   9   4 
2157	2   9  13 
2159	6   9   4 
2165	2   9  13 
2167	2   4   9 
2169	2   9  12 
2171	2   8   9 
2173	2  12   8 
2175	2  12   9 
2177	2   8   9 
2179	2  12   8 
2181	2   9  12 
2183	2   8  10 
2185	2   5   8 
2187	2   5  10 
2189	2   8  10 
2191	2   5   8 
2193	2  10   5 
2195	6   9   4 
2201	2  13   9 
2203	2  13   9 
2205	6   9   4 
2211	2   9  13 
2213	2   4   9 
2215	6   9   4 
2221	2   9  13 
2223	6   9   4 
2229	2   9  13 
2231	2   4   9 
2233	6   9   4 
2239	2  13   9 
2241	6   9   4 
2247	2  13   9 
2247	6   4   1 
2249	2  10  13 
2251	2   9  10 
2253	2   9  13 
2255	2  10  13 
2257	2   9  10 
2259	2  10   5 
2261	2   8  10 
2263	2   5   8 
2265	2   5  10 
2267	2   8  10 
2269	2   5   8 
2271	2  13   9 
2273	2  13   9 
2275	2  10   5 
2277	2  10  13 
2279	2   9  10 
2281	2   9  13 
2283	2  10  13 
2285	2   9  10 
2287	2  13   9 
2289	2   9   4 
2291	2   8   9 
2293	2   4   8 
2293	6  13  10 
2299	2   4   9 
2299	6   7   2 
2301	2   8   9 
2303	2   4   8 
2305	2  12  13 
2305	6  15   7 
2307	2   9   4 
2309	2   9  12 
2311	2  13   9 
2313	2  13  12 
2315	2   9  12 
2317	2  13   9 
2319	2   9   4 
2321	2   8   9 
2323	2   4   8 
2325	2   4   9 
2327	2   8   9 
2329	2   4   8 
2331	2  12  13 
2331	6   5   4 
2333	2  12  13 
2337	2   9   5 
2339	2   9  12 
2341	2  13   9 
2343	2  13  12 
2345	2   9  12 
2347	2  13   9 
2349	2   9   5 
2351	2   6   9 
2353	2   5   6 
2353	2  12  13 
2355	2   5   9 
2357	2   6   9 
2359	2   5   6 
2359	2  12  13 
2361	2   9   5 
2363	2   9  12 
2365	2  13   9 
2367	2  13  12 
2369	2   9  12 
2371	2  13   9 
2373	2   9   5 
2375	2   6   9 
2377	2   5   6 
2377	2  12  13 
2379	2   5   9 
2381	2   6   9 
2383	2   5   6 
2383	2  12  13 
2385	2   9   5 
2387	2   9  12 
2389	2  13   9 
2389	6   6   1 
2391	2  13  12 
2395	2   9  12 
2397	2  13   9 
2399	2  12  13 
2401	2  13  10 
2403	2  15  13 
2405	2  10  15 
2405	2   4  12 
2407	2  10  13 
2409	2  15  13 
2411	2  10  15 
2413	2   6   9 
2415	2  13  10 
2417	6   9   6 
2423	2  13   9 
2425	6   9   6 
2431	2   9  13 
2433	2   9   6 
2435	6   9   6 
2441	2  13   9 
2443	6   9   6 
2449	2   9  13 
2451	2  13  10 
2453	2  15  13 
2455	2  10  15 
2457	2  10  13 
2459	2  15  13 
2461	2  10  15 
2463	2   6   9 
2465	2   6   9 
2467	2  13  10 
2469	6   9   6 
2475	2  13   9 
2477	6   9   6 
2483	2   9  13 
2485	2   9   6 
2487	6   9   6 
2493	2  13   9 
2495	6   9   6 
2469	6  15  11 
2501	2   9  13 
2503	2   6   9 
2505	2   9  11 
2507	2   1   9 
2507	6  11   7 
2509	2  13   5 
2511	6   2   1 
2513	6  11   9 
2519	2   7   2 
2521	2   7  11 
2523	6   7   2 
2529	2   7  11 
2531	2   2   7 
2533	6   7   2 
2519	6  14  13 
2525	6   9   5 
2531	6  12   4 
2537	6   5   4 
2539	2  11   7 
2541	2  11  14 
2543	2   9  11 
2545	2   9  14 
2547	2  11  14 
2549	2   9  11 
2551	2  14   9 
2553	2  14  12 
2555	6  10   5 
2555	6  13  12 
2541	6   3   2 
2561	2  10  14 
2563	2  10  13 
2565	2  14  13 
2567	2  10  14 
2569	2  14   9 
2571	2  11  14 
2573	2   9  11 
2575	2   9  14 
2577	2  11  14 
2579	2   9  11 
2581	2  11   7 
2581	2  14   9 
2583	2   3  11 
2585	2   7   3 
2585	2  14   9 
2587	2   7  11 
2589	2   3  11 
2591	2   7   3 
2591	2  13  10 
2593	2  11   7 
2595	2  11  14 
2597	2   9  11 
2599	2   9  14 
2601	2  11  14 
2603	2   9  11 
2605	2  13  10 
2607	2  14   9 
2609	2  14  13 
2611	2  10  14 
2613	2  10  13 
2615	2  14  13 
2617	2  10  14 
2619	2  14   9 
2621	2  11  14 
2623	2   9  11 
2625	2   9  14 
2627	2  11  14 
2629	2   9  11 
2631	2  14   9 
2633	2   6  11 
2635	2  13  10 
2637	2  13  10 
2639	6  10   5 
2645	2  14  10 
2647	6  10   7 
2653	2  10  14 
2655	2   7  10 
2657	6  10   7 
2663	2  10  14 
2665	6  10   7 
2671	2  10  14 
2673	2   7  10 
2675	6  10   7 
2681	2  14  10 
2683	2  14   6 
2685	2  11  14 
2687	2  11   6 
2689	2  14   6 
2691	2  11  14 
2693	2  14  10 
2695	2   6  11 
2697	2   6  11 
2699	6  10   7 
2705	2  10  14 
2707	2   7  10 
2709	6  10   7 
2715	2  10  14 
2717	6  10   7 
2723	2  10  14 
2725	2   7  10 
2727	6  10   7 
2733	2  14  10 
2735	2  14   6 
2737	2  11  14 
2739	2  11   6 
2741	2  14   6 
2743	2  11  14 
2745	2   6  11 
2747	2  11   7 
2747	2  14   9 
2749	2   3  11 
2751	2   7   3 
2751	6  10   5 
2757	2   7  11 
2757	2   8   5 
2759	2   3  11 
2761	2   7   3 
2763	2  11   7 
2765	2  11  14 
2767	2   9  11 
2769	2   9  14 
2771	2  11  14 
2773	2   9  11 
2775	2  14   9 
2777	2  14  13 
2779	2  10  14 
2781	2  10  13 
2783	2  14  13 
2785	2  10  14 
2787	2  14   9 
2789	2  11  14 
2791	2   9  11 
2793	2   9  14 
2795	2  11  14 
2797	2   9  11 
2799	2  11   7 
2799	2  14   9 
2801	2   3  11 
2803	2   7   3 
2803	2  14   9 
2805	2   7  11 
2807	2   3  11 
2809	2   7   3 
2809	2  13  10 
2811	2  11   7 
2813	2  11  14 
2815	2   9  11 
2813	6   3   2 
2817	2   9  14 
2819	2  11  14 
2819	6   5   2 
2825	2   9  11 
2827	2  13  10 
2829	2  14   9 
2831	2  14  13 
2833	2  10  14 
2835	2  10  13 
2837	2  14  13 
2839	2  10  14 
2841	2  14   9 
2843	2  11  14 
2845	2   9  11 
2847	2   9  14 
2849	2  11  14 
2851	2   9  11 
2853	2  14   9 
2855	2  14   9 
2857	2  13  10 
2859	2  13  10 
2861	2   6  11 
2863	6  10   5 
2869	2  10  14 
2871	2   9  10 
2873	2   9  14 
2875	2  10  14 
2877	2   9  10 
2879	2  14   9 
2881	2  14  13 
2883	6  10   5 
2889	2  10  14 
2889	6   5   2 
2895	2  10  13 
2897	2  14  13 
2897	6   6   4 
2903	2  10  14 
2905	2  13  10 
2907	2  13   8 
2907	6  11  10 
2913	2   5  13 
2915	2   5   8 
2917	2  13   8 
2919	2   5  13 
2921	2   8   5 
2923	2   8   4 
2925	2  10   8 
2927	6   6   4 
2933	2  10   6 
2935	6   6   4 
2941	2   8   4 
2941	6  14  11 
2947	2  10   8 
2949	2   8   5 
2949	6  15  11 
2951	2  13   8 
2953	2   5  13 
2955	2   5   8 
2957	2  13   8 
2959	2   5  13 
2961	2  13  14 
2961	2   8   5 
2963	2  15  13 
2963	6   6   4 
2965	2  14  15 
2967	2  14  13 
2969	2  15  13 
2971	2  14  15 
2971	2   8   5 
2973	2  13  14 
2975	2  13  14 
2977	2   6  10 
2979	2   6  10 
2981	6  11   9 
2981	6   3   2 
2987	2  15  11 
2987	6   6   3 
2989	6  15  11 
2995	2   6  11 
2997	6  11   6 
3003	2  15  11 
3005	6  11   6 
3011	2  15  11 
3013	2   6  11 
3015	6  11   6 
3021	2  15  11 
3023	6  11   6 
2987	6  13   9 
3029	2  11  15 
3029	6   3   1 
3035	2  11   9 
3035	6   1   0 
3037	2  14  11 
3039	2  14   9 
3041	2  11   9 
3043	2  14  11 
3043	6   4   0 
3045	2   9  14 
3049	2   9   8 
3051	2   5   9 
3053	2   5   8 
3055	2   9   8 
3057	2   5   9 
3059	2   8   5 
3061	2   8   4 
3063	2  10   8 
3065	6   6   4 
3071	2  10   6 
3073	6   6   4 
3079	2   8   4 
3081	2  10   8 
3083	2   8   5 
3085	2   9   8 
3087	2   5   9 
3089	2   5   8 
3091	2   9   8 
3093	2   5   9 
3095	2   9  14 
3097	2  11   9 
3099	2  14  11 
3099	2   8   5 
3101	2  14   9 
3103	2  11   9 
3105	2  14  11 
3105	6   6   5 
3105	6  12   8 
3111	2   9  14 
3113	2  12  14 
3113	6   5   4 
3119	2   5  10 
3121	2  10  15 
3121	6   8   4 
3123	2   6  11 
3125	6  15  14 
3127	2   5   9 
3129	6   9   8 
3135	2   9  10 
3137	2  14   9 
3139	2  14  10 
3139	6  12   4 
3141	6  15   7 
3145	6   4   1 
3147	2   9  10 
3149	6   7   6 
3151	2  14   9 
3155	2  10  14 
3155	6   7   2 
3161	2  10   5 
3163	2   8  10 
3165	2   8   5 
3165	6  11   3 
3171	2  10   5 
3173	2   8  10 
3175	2   5   8 
3177	2   5   1 
3179	2   6   5 
3181	2   6   1 
3183	2   5   1 
3185	2   6   5 
3187	2   1   6 
3189	2   1   2 
3191	2   3   1 
3193	2   3   2 
3195	2   1   2 
3197	2   3   1 
3199	2   1   6 
3201	2   5   1 
3203	2   6   5 
3205	2   6   1 
3207	2   5   1 
3209	2   6   5 
3211	2   5   8 
3211	2   2   3 
3213	2  10   5 
3213	2   2   3 
3215	2   8  10 
3217	2   8   5 
3219	2  10   5 
3221	2   8  10 
3223	2  10  14 
3223	2   5   8 
3225	2   9  10 
3227	2  14   9 
3229	2  14  10 
3229	2   5   8 
3231	2   9  10 
3233	2  14   9 
3235	2  10  14 
3237	2  10   5 
3239	2   8  10 
3241	2   8   5 
3243	2  10   5 
3245	2   1   6 
3247	2   8  10 
3249	2   1   6 
3251	2   5   8 
3253	2   5   1 
3255	2   6   5 
3257	2   6   1 
3259	2   5   1 
3261	2   6   5 
3263	2   1   6 
3265	2   1   2 
3267	2   3   1 
3269	2   3   2 
3271	2   1   2 
3273	2   3   1 
3275	2   1   6 
3277	2   5   1 
3279	2   6   5 
3281	2   6   1 
3283	2   5   1 
3285	2   6   5 
3287	2   5   8 
3287	2   2   3 
3289	2  10   5 
3289	6   7   3 
3295	2   8  10 
3297	2   8   5 
3297	6  11   7 
3303	2  10   5 
3305	2   8  10 
3307	2  10  14 
3307	2   5   8 
3309	2   9  10 
3311	2  14   9 
3313	2  14  10 
3313	6   8   5 
3315	6  11   7 
3321	2   9  10 
3321	6   3   1 
3323	2  14   9 
3325	2  10  14 
3327	2   7   5 
3329	2  10   7 
3331	2   5  10 
3333	2   5   7 
3335	2  10   7 
3337	2   3   6 
3339	2   5  10 
3341	2   6   2 
3343	2   7   5 
3345	2   7   6 
3347	2   2   7 
3349	2   2   6 
3351	2   7   6 
3353	2   2   7 
3355	2   7   5 
3357	2  10   7 
3359	2   5  10 
3361	2   5   7 
3363	2  10   7 
3365	2   5  10 
3367	2  10  14 
3369	2   9  10 
3371	2  14   9 
3371	2   6   2 
3373	2  14  10 
3375	2   9  10 
3377	2  14   9 
3377	2   6   2 
3379	2   7   5 
3381	2   7   5 
3383	2  10  14 
3385	2  10   7 
3387	2   5  10 
3389	2   5   7 
3391	2  10   7 
3393	2   5  10 
3395	2   7   5 
3397	2   7   6 
3399	2   2   7 
3401	2   2   6 
3403	2   7   6 
3405	2   2   7 
3407	2   7   5 
3409	2  10   7 
3411	2   5  10 
3413	2   5   7 
3415	2  10   7 
3417	2   5  10 
3419	2   7   5 
3421	2   7   5 
3423	2   3   7 
3425	2   6   2 
3427	2   2  10 
3429	6   3   1 
3435	2   5   1 
3437	2   5   7 
3439	6   3   1 
3445	2   3   7 
3447	6   3   1 
3453	2   5   1 
3455	2   7   5 
3457	2   7   2 
3459	2  10   7 
3461	2  10   2 
3463	2   7   2 
3465	2  10   7 
3467	2   7   5 
3469	2   2  10 
3471	2   2  10 
3473	6   3   1 
3479	2   3   7 
3481	6   3   1 
3487	2   5   1 
3489	2   5   7 
3491	6   3   1 
3497	2   3   7 
3499	6   3   1 
3505	2   5   1 
3507	2   7   5 
3509	2   7   2 
3511	2  10   7 
3513	2  10   2 
3515	2   7   2 
3517	2  10   7 
3519	2   7   5 
3521	2   2  10 
3523	2   2  10 
3525	6   7   5 
3531	2   9   5 
3533	6   7   5 
3539	2   5   9 
3541	2   5   7 
3543	6   7   5 
3549	2   9   5 
3551	6   7   5 
3557	2   5   9 
3559	2   7   5 
3561	2   7   2 
3563	2  10   7 
3565	2  10   2 
3567	2   7   2 
3569	2  10   7 
3571	2   7   5 
3573	2   2  10 
3575	2   2  10 
3577	6   7   5 
3583	2   9   5 
3585	6   7   5 
3591	2   5   9 
3593	2   5   7 
3595	6   7   5 
3601	2   9   5 
3603	6   7   5 
3577	6  15  14 
3609	2   5   9 
3611	2   7   5 
3613	2   7   2 
3615	2  10   7 
3617	2  10   2 
3619	2   7   2 
3621	2  10   7 
3623	2   2  10 
3625	2   6  10 
3627	2  14   6 
3629	2   7   5 
3631	2  10  14 
3633	2  10   6 
3635	2  14   6 
3637	2  10  14 
3639	2   6  10 
3641	2   6   2 
3643	2   8  10 
3645	6   7   5 
3651	2   9   5 
3653	6   7   5 
3659	2   5   9 
3661	2   5   7 
3663	6   7   5 
3669	2   9   5 
3671	6   7   5 
3677	2   5   9 
3679	2   7   5 
3681	2   7   6 
3681	6   9   8 
3683	2   2   7 
3685	2   2   6 
3687	2   7   6 
3687	6  13   8 
3689	2   2   7 
3691	2   6   2 
3693	2   6   9 
3695	2  10   6 
3697	2  10   9 
3699	2   6   9 
3701	2  10   6 
3703	2   6   2 
3703	6  15  13 
3705	2   7   6 
3707	2   2   7 
3709	2   2   6 
3709	6  15  11 
3715	2   7   6 
3717	2   2   7 
3717	2   9  10 
3719	2   7   5 
3721	2  11   7 
3723	2   6   2 
3725	2   6   2 
3727	2   9  10 
3729	6   7   5 
3735	2   7  11 
3737	2   7   5 
3739	6   7   5 
3745	2  11   7 
3747	6   7   5 
3729	6  14  13 
3753	2   7  11 
3755	2   5   7 
3757	2   5   6 
3759	2   2   5 
3759	6  11   7 
3765	2   2   6 
3767	2   5   6 
3769	2   2   5 
3771	2   6   2 
3773	2   6   9 
3775	2  10   6 
3777	2  10   9 
3779	2   6   9 
3781	2  10   6 
3783	2   6   2 
3785	2   9  10 
3787	2   9  11 
3789	2   5   6 
3791	2   2   5 
3791	6  11   7 
3797	2  11   9 
3799	2   7  11 
3801	2   2   6 
3803	2   5   6 
3805	2   2   5 
3805	6  11   7 
3811	2  11   9 
3813	2   6   2 
3815	2  14   6 
3817	2   1   2 
3817	6  11   9 
3823	2   7  11 
3825	2   5  10 
3827	6   7   5 
3833	2   9   5 
3835	2  11   9 
3837	2  11  14 
3837	6   5   1 
3839	6  14  10 
3845	2   6  11 
3847	2   6  10 
3849	2  11  10 
3851	2   6  11 
3853	2  10   6 
3855	2  10   5 
3857	2   2  10 
3859	2   2   5 
3861	2  10   5 
3863	2   2  10 
3865	2   5   2 
3865	6  14  10 
3871	2   5   7 
3873	2  10   5 
3875	2  10   7 
3877	2   5   7 
3879	2  10   5 
3881	2   5   2 
3883	2   7  10 
3885	2   7  10 
3887	6  10   5 
3893	2  14  10 
3893	6   5   2 
3895	6  14  10 
3901	2   5  10 
3903	6  10   5 
3909	2  10  14 
3911	6  10   5 
3917	2  10  14 
3917	6   3   1 
3919	6  14   9 
3923	6   7   3 
3925	2   5  10 
3927	2   9   5 
3927	6  15  14 
3929	2   9   5 
3929	6   3   2 
3935	2  10   6 
3937	2  11  10 
3937	6   2   1 
3943	2   6  11 
3945	2   6  10 
3947	2  11  10 
3947	6   3   2 
3953	2   6  11 
3955	2  11  15 
3957	2   7  11 
3959	2  15   7 
3961	2  15  11 
3963	2   7  11 
3965	2  10   6 
3967	2  15   7 
3969	2  10   6 
3971	2  11  15 
3973	2  11  10 
3975	2   6  11 
3977	2   6  10 
3979	2  11  10 
3981	2   6  11 
3983	2  10   6 
3985	2  10   9 
3987	2   5  10 
3989	2   5   9 
3991	2  10   9 
3993	2   5  10 
3995	2   9   5 
3997	2   9   1 
3999	6   5   2 
4005	2   5   9 
4007	2   5   1 
4009	2   9   1 
4011	2   5   9 
4013	2   1   5 
4015	6   5   2 
4011	6  15  14 
4017	6  15  13 
4021	6   3   2 
4023	2   9   5 
4025	2  10   9 
4027	2   5  10 
4029	2   5   9 
4031	2  10   9 
4031	6   2   1 
4033	6  14  13 
4039	2   5  10 
4041	2  10   6 
4041	6  13   8 
4043	2  11  10 
4045	2   6  11 
4047	2   6  10 
4047	6   8   0 
4049	2  11  10 
4051	2   6  11 
4053	2  10   6 
4055	2  10  11 
4057	2  15  10 
4059	2  11  15 
4059	2   9   5 
4061	2  11  10 
4061	2   5   0 
4063	2  15  10 
4065	2  11  15 
4065	2   9   6 
4067	2  10  11 
4069	2  10  11 
4071	2   7  10 
4073	2  11   7 
4075	2  11  10 
4077	2   7  10 
4079	2  11   7 
4081	2  10  11 
4083	2   2  10 
4085	2   7   2 
4087	2  10   7 
4089	2  10   2 
4091	2   7   2 
4093	2  10   7 
4095	2   2  10 
4097	2   2   5 
4099	2   0   2 
4101	2   0   5 
4101	2  11   3 
4103	2   2   5 
4105	2   0   2 
4107	2   5   0 
4107	6   3   2 
4109	2   5   9 
4113	2   6   5 
4115	2   6   9 
4117	2   5   9 
4119	2   6   5 
4121	2   9   6 
4123	2   9  11 
4125	6   5   2 
4125	6  11  10 
4131	2   5   9 
4133	2   5  10 
4135	2   9  10 
4135	6   2   1 
4141	2   5   9 
4141	6   3   2 
4143	2  10   5 
4145	2  10   5 
4147	2   9   6 
4149	2   1   9 
4149	6  11   7 
4155	2   6   1 
4157	2   6   9 
4159	2   1   9 
4161	2   6   1 
4163	2   1   0 
4163	2   9   6 
4165	2   2   1 
4165	6  11  10 
4167	2   0   2 
4169	2   0   1 
4171	2   2   1 
4173	2   0   2 
4175	2   2   7 
4177	2  10   2 
4179	2   7  10 
4179	2   1   0 
4181	2   7   2 
4183	2  10   2 
4185	2   7  10 
4185	2   1   0 
4187	2   2   7 
4189	2   2   1 
4189	6  11  10 
4191	2   0   2 
4193	2   0   1 
4195	2   2   1 
4197	2   0   2 
4199	2   9   6 
4199	2   1   0 
4201	2   1   9 
4203	2   6   1 
4205	2   6   9 
4207	2   1   9 
4209	2   6   1 
4211	2   9   6 
4213	2   9  10 
4215	2   5   9 
4215	6  11   3 
4221	2   5  10 
4223	2   9  10 
4225	2   5   9 
4227	2   9   6 
4229	2   1   9 
4231	2   6   1 
4233	2   6   9 
4235	2   1   9 
4237	2   6   1 
4239	2   1   0 
4239	2   9   6 
4241	2   2   1 
4243	2   0   2 
4245	2   0   1 
4247	2   2   1 
4249	2   0   2 
4251	2   2   7 
4253	2   3   2 
4253	2  10   5 
4255	2   7   3 
4255	2   1   0 
4257	2   7   2 
4257	6   4   0 
4259	2   3   2 
4261	2   7   3 
4263	2   4   6 
4265	2   2   7 
4267	2   9   1 
4269	2  10   5 
4271	6   2   0 
4277	2   0   4 
4279	6   2   0 
4285	2   6   2 
4287	2   6   4 
4289	6   2   0 
4295	2   0   4 
4297	6   2   0 
4303	2   6   2 
4305	2   4   6 
4307	2   4   9 
4309	2   1   4 
4311	2   1   9 
4313	2   4   9 
4315	2   1   4 
4317	2   9   1 
4319	2   9  10 
4319	6   2   0 
4325	2   5   9 
4327	2   5  10 
4329	2   9  10 
4331	2   5   9 
4333	2   9   1 
4335	2   4   9 
4337	2   1   4 
4339	2   1   9 
4341	2   4   9 
4343	2   1   4 
4345	2   4   6 
4347	2   0   4 
4349	2   9   1 
4351	2   9   1 
4353	2  10   5 
4355	2  10   5 
4357	6   2   0 
4363	2   6   2 
4365	2   6   4 
4367	6   2   0 
4373	2   0   4 
4375	6   2   0 
4381	2   6   2 
4383	2   2   7 
4383	6   5   4 
4385	2   3   2 
4387	2   7   3 
4389	2   7   2 
4389	6   8   4 
4391	2   3   2 
4393	2   7   3 
4395	2   5   6 
4397	2   5   6 
4399	2   2   7 
4401	2   2   5 
4403	2   6   2 
4405	2   6   5 
4407	2   2   5 
4409	2   6   2 
4411	2   5   6 
4413	2   5   9 
4413	6  11   3 
4415	2   1   5 
4419	2   1   9 
4421	2   5   9 
4421	6  14  11 
4423	2   1   5 
4427	2   9   1 
4429	2   9  10 
4431	2   8   9 
4433	2   8  10 
4435	2   9  10 
4437	2   8   9 
4439	2   9   1 
4441	2   5   9 
4443	2   1   5 
4443	6  14  12 
4449	2   1   9 
4451	2   5   9 
4453	2   1   5 
4455	2   5   6 
4457	2   2   5 
4459	2   6   2 
4459	6  12   4 
4465	2   6   5 
4467	2   2   5 
4469	2   6   2 
4471	2   5   6 
4473	2  10   8 
4475	2   8   5 
4477	2   4   8 
4477	2   7   6 
4479	2   5   4 
4479	6  10   7 
4485	2   5   8 
4487	2   4   8 
4487	2   7   2 
4489	2   5   4 
4491	2   8   5 
4493	2   8  10 
4495	2   9   1 
4497	2   9   1 
4499	6   6   4 
4505	2   4   8 
4507	6   6   4 
4513	2   6  10 
4515	2   8  10 
4517	6   6   4 
4523	2   4   8 
4525	6   6   4 
4531	2  10   6 
4533	2  10   9 
4535	6   6   1 
4541	2   6  10 
4543	2   6   9 
4545	2  10   9 
4547	2   6  10 
4549	2   9   6 
4551	6   7   5 
4557	2   9   5 
4559	6   5   2 
4565	2   5   9 
4567	2   5   2 
4569	6   5   2 
4575	2   9   5 
4577	6   5   2 
4583	2   5   9 
4585	2   9   6 
4587	2  10   9 
4587	6   2   1 
4593	2   6  10 
4595	2   6   9 
4597	2  10   9 
4599	2   6  10 
4601	2  10   2 
4603	2   8  10 
4605	2   9   6 
4607	2   9   6 
4609	2   1   5 
4611	2   1   5 
4613	6   5   2 
4609	6  11   7 
4615	6  14  11 
4619	2   5   8 
4621	2   5  10 
4623	2   8  10 
4625	2   5   8 
4625	6  14  13 
4631	2   8  13 
4633	2   4   8 
4635	2  10   5 
4637	2  10   5 
4639	6   9   4 
4645	2  13   9 
4647	2  13   8 
4649	2   9   8 
4651	2  13   9 
4653	2   8  13 
4655	2   8  10 
4657	2   5   8 
4659	2   5  10 
4661	2   8  10 
4663	2   5   8 
4665	2  10   5 
4667	6   6   4 
4673	2  10   6 
4675	6   6   4 
4681	2   6  10 
4683	2   6   4 
4685	6   6   4 
4691	2  10   6 
4693	6   6   4 
4699	2   6  10 
4699	6   4   1 
4705	2   1   6 
4707	2   1   4 
4709	2   2   1 
4711	6   2   0 
4707	6  10   9 
4717	2   0   4 
4719	2   1   4 
4721	2   0   1 
4723	2   1   6 
4725	2   9   1 
4727	2   6   9 
4727	2   4   0 
4729	2   6   1 
4731	2   9   1 
4733	2   6   9 
4735	2   9   5 
4737	2   8   9 
4737	2   1   6 
4739	2   5   8 
4741	2   5   9 
4743	2   8   9 
4745	2   5   8 
4747	2   9   5 
4749	2   6   9 
4751	2  10   6 
4751	2   1   4 
4753	2   9  10 
4755	2   9   6 
4757	2  10   6 
4757	2   0   8 
4759	2   9  10 
4761	2  13   5 
4763	2   6   9 
4765	6   9   6 
4771	2   9  13 
4771	6   4   1 
4777	2   5   9 
4779	2   5  13 
4781	2   9  13 
4783	2   5   9 
4785	2  13   5 
4787	6   9   4 
4793	2  13   9 
4793	6   4   1 
4795	6  13   9 
4801	2   4   9 
4803	6   9   4 
4809	2   9  13 
4811	6   9   4 
4817	2   9  13 
4819	2   4   9 
4821	6   9   4 
4827	2  13   9 
4827	6   4   0 
4829	6  13   9 
4833	6   1   0 
4835	6  13  10 
4839	6   5   1 
4845	2   9   4 
4845	6   6   2 
4847	2   8   9 
4849	2   8   4 
4851	2   9   4 
4853	2   8   9 
4855	2   9  10 
4857	2   5   9 
4859	2  10   5 
4859	6  13  12 
4865	2  10   9 
4867	2   5   9 
4869	2  10   5 
4871	2   5   1 
4873	2   0   5 
4875	2   1   0 
4875	2   9  10 
4877	2   1   5 
4879	2   0   5 
4881	2   1   0 
4881	2   9  10 
4883	2   0   2 
4883	6  12   9 
4889	2   5   1 
4891	2   5   1 
4893	2   4   8 
4895	2   4   8 
4897	6   5   0 
4903	2   9   5 
4905	6   5   2 
4911	2   5   9 
4913	2   5   2 
4915	6   5   2 
4921	2   9   5 
4923	6   5   2 
4923	6  12   8 
4929	2   5   9 
4931	2   2   5 
4933	2   2   0 
4933	6  10   9 
4935	2   1   2 
4937	2   1   0 
4939	2   2   0 
4941	2   1   2 
4941	6   9   4 
4947	2   0   1 
4949	2   0   8 
4951	2   4   0 
4953	2   4   8 
4955	2   0   8 
4957	2   4   0 
4959	2   8   4 
4961	2   8   9 
4963	2  12   8 
4963	6   5   2 
4939	6  15  11 
4945	6  11   7 
4969	2  12   9 
4969	6   7   6 
4971	2   8   9 
4973	2  12   8 
4975	2   8   4 
4977	2   0   8 
4979	2   4   0 
4979	2   9  12 
4981	2   4   8 
4983	2   0   8 
4985	2   4   0 
4985	2   9  12 
4987	2   0   1 
4987	6  13  12 
4989	2   5   0 
4991	2   1   5 
4993	2   1   0 
4993	6  13  10 
4995	2   8   4 
4999	2   5   0 
4999	6  14  13 
5001	2   1   5 
5003	2   5   4 
5005	2   6   5 
5007	2   4   6 
5009	2   4   5 
5011	2   6   5 
5013	2   4   6 
5015	2   5   4 
5017	2   5   9 
5019	2  10   5 
5021	2  10   9 
5021	2   0   1 
5023	2   5   9 
5025	2  10   5 
5027	2   5   4 
5029	2   6   5 
5031	2   4   6 
5033	2   4   5 
5035	2   6   5 
5037	2   4   6 
5039	2   9  10 
5039	6   2   1 
5041	2   9  10 
5045	2   5   4 
5047	2   5   9 
5049	2  10   5 
5051	2  10   9 
5053	2   5   9 
5055	2  10   5 
5057	2   9  10 
5059	2  10   6 
5061	2  14  10 
5061	2   0   5 
5063	2   6  14 
5065	2   6  10 
5067	2  14  10 
5067	6   5   1 
5073	2   6  14 
5073	6   8   0 
5075	2  10   6 
5079	2   9   5 
5081	2  10   9 
5081	6   4   1 
5087	2   5  10 
5089	2   5   9 
5091	2  10   9 
5093	2   5  10 
5095	2   9   5 
5097	2   9   8 
5099	2   4   9 
5101	2   4   8 
5103	2   9   8 
5105	2   4   9 
5107	2   9   5 
5109	2  10   9 
5111	2   5  10 
5113	2   5   9 
5115	2  10   9 
5117	2   5  10 
5119	2  10   6 
5119	2   8   4 
5121	2  14  10 
5121	2   8   4 
5123	2   6  14 
5125	2   6  10 
5127	2  14  10 
5129	2   6  14 
5131	2   9   5 
5133	2   9   5 
5135	2  10   6 
5137	2  10   9 
5139	2   5  10 
5141	2   5   9 
5143	2  10   9 
5145	2   5  10 
5147	2   9   5 
5149	2   9   8 
5151	2   4   9 
5153	2   4   8 
5155	2   9   8 
5157	2   4   9 
5159	2   8   4 
5161	2   9   5 
5163	2   4   1 
5163	2  10   9 
5165	2   6   4 
5167	2   5  10 
5169	2   5   9 
5171	2   1   6 
5173	2   1   4 
5173	2  10   9 
5175	2   6   4 
5177	2   5  10 
5179	2   1   6 
5181	2   9   5 
5183	2   4   1 
5183	2   9  10 
5185	2   4   9 
5187	6   6   4 
5193	2  10   6 
5195	2  10   9 
5197	2   6   9 
5199	2  10   6 
5201	2   6   1 
5203	2   4   6 
5205	2   1   4 
5205	2   9  10 
5207	2   1   6 
5209	2   4   6 
5211	2   1   4 
5211	2   9  10 
5213	2   6   1 
5213	6   8   4 
5219	2   6   9 
5221	2  10   6 
5221	6  13   8 
5227	2  10   9 
5229	2   6   9 
5231	2  10   6 
5231	6   8   0 
5237	2   9  10 
5239	2  10  13 
5241	2  14  10 
5243	2  13  14 
5243	2   4   6 
5245	2  13  10 
5247	2  14  10 
5249	2  13  14 
5251	2   9   5 
5253	2  10  13 
5255	2  10   9 
5257	2   5  10 
5259	2   5   9 
5261	2  10   9 
5263	2   5  10 
5265	2   9   5 
5267	2   9   4 
5269	2   6   9 
5271	2   6   4 
5273	2   9   4 
5275	2   6   9 
5277	2   9   5 
5279	2  10   9 
5281	2   5  10 
5283	2   5   9 
5285	2  10   9 
5287	2   5  10 
5289	2  10  13 
5291	2  14  10 
5293	2  13  14 
5293	2   4   6 
5295	2  13  10 
5297	2  14  10 
5299	2  13  14 
5299	2   4   6 
5301	2   9   5 
5303	2   9   5 
5305	2  10  13 
5307	2  10   9 
5309	2   5  10 
5311	2   5   9 
5313	2  10   9 
5315	2   5  10 
5317	2   9   5 
5319	2   9   4 
5321	2   6   9 
5323	2   6   4 
5325	2   9   4 
5327	2   6   9 
5329	2   9   5 
5331	2  10   9 
5333	2   5  10 
5335	2   5   9 
5337	2  10   9 
5339	2   5  10 
5341	2  10   2 
5343	2   8  10 
5343	6   2   1 
5349	2   4   6 
5351	2   6   2 
5351	6   8   0 
5353	6  10   6 
5357	2   1   0 
5359	2   1   6 
5361	2   9   5 
5363	6   2   0 
5369	2   2   6 
5371	2   1   2 
5373	2   6   1 
5375	2   6  10 
5375	6   1   0 
5381	2   1   6 
5383	6   6   1 
5389	2   6  10 
5391	6   6   1 
5397	2   6  10 
5399	2   1   6 
5401	6   6   1 
5407	2   1   0 
5407	2  10   6 
5409	2   2   1 
5411	2   0   2 
5413	2   0   1 
5413	2  10   6 
5415	2   2   1 
5417	2   0   2 
5419	2   1   0 
5415	6  10   9 
5421	2   1   9 
5423	2   6   1 
5425	2   6   9 
5427	2   1   9 
5429	2   6   1 
5431	2   9   6 
5433	2   9   6 
5435	2  13   9 
5437	6  10   6 
5443	2  10  13 
5445	2  10   9 
5447	2  13   9 
5447	2   6   1 
5449	2  10  13 
5451	2   9  10 
5453	2   9   6 
5455	2   1   9 
5457	2   1   6 
5459	2   9   6 
5461	2   1   9 
5463	2   9  10 
5465	2  13   9 
5465	2   6   1 
5467	2  10  13 
5469	2  10   9 
5471	2  13   9 
5471	2   6   1 
5473	2  10  13 
5475	2   9  10 
5477	2   9   6 
5479	2   1   9 
5481	2   1   6 
5481	6  13   8 
5487	2   9   6 
5489	2   1   9 
5491	2   6   1 
5491	6   8   4 
5491	6  14  13 
5497	2   1   4 
5497	6  13  10 
5499	6   2   1 
5503	2   8   9 
5505	2  10   2 
5507	2   6   5 
5509	6   6   4 
5515	2   6  10 
5515	6   4   1 
5521	2   6   2 
5521	6   8   0 
5527	2  10   2 
5529	2   6  10 
5531	2   2   6 
5531	6   9   4 
5533	2   2   1 
5537	2   5   2 
5539	2   5   1 
5539	6  13   8 
5541	2   2   1 
5545	2   5   2 
5547	2   1   5 
5549	2   1   0 
5551	2   4   1 
5553	2   4   0 
5555	2   1   0 
5557	2   4   1 
5559	2   1   5 
5561	2   2   1 
5563	2   5   2 
5565	2   5   1 
5567	2   2   1 
5569	2   5   2 
5571	2   2   6 
5571	2   0   4 
5573	2  10   2 
5573	2   0   4 
5575	2   6  10 
5577	2   6   2 
5579	2  10   2 
5581	2   6  10 
5583	2   1   5 
5585	2   1   5 
5587	2   2   6 
5589	2   2   1 
5591	2   5   2 
5593	2   5   1 
5595	2   2   1 
5597	2   5   2 
5599	2   1   5 
5601	2   1   0 
5601	6   9   6 
5607	2   4   1 
5609	2   4   0 
5611	2   1   0 
5613	2   4   1 
5615	2   0   4 
5617	2   1   5 
5619	2   4   8 
5619	2   2   1 
5621	2   9   4 
5623	2   5   2 
5625	2   5   1 
5627	2   8   9 
5627	2   2   1 
5629	2   8   4 
5631	2   9   4 
5633	2   5   2 
5635	2   8   9 
5635	6   2   0 
5641	2   1   5 
5643	2   4   8 
5643	6   6   2 
5649	2   1   0 
5651	2   4   1 
5653	2   0   4 
5655	2   0   1 
5657	2   4   1 
5659	2   0   4 
5661	2   4   8 
5663	2   9   4 
5665	2   8   9 
5665	2   1   0 
5667	2   8   4 
5669	2   9   4 
5671	2   8   9 
5671	2   1   0 
5673	2   4   8 
5675	2   4   1 
5677	2   0   4 
5679	2   0   1 
5679	6   9   8 
5685	2   4   1 
5685	6  10   9 
5687	2   0   4 
5689	2   1   0 
5691	2   0   8 
5693	2   1   5 
5695	2   6   4 
5697	6   5   0 
5703	2   9   5 
5705	2   8   9 
5707	2   8   5 
5709	2   9   5 
5711	2   8   9 
5713	2   5   8 
5715	2   5   1 
5717	2   0   5 
5719	2   0   1 
5721	2   5   1 
5723	2   0   5 
5725	2   1   0 
5727	2   1   6 
5729	2   4   1 
5731	2   4   6 
5733	2   1   6 
5735	2   4   1 
5737	2   1   0 
5739	2   5   1 
5741	2   0   5 
5743	2   0   1 
5745	2   5   1 
5747	2   0   5 
5749	2   5   8 
5751	2   9   5 
5753	2   8   9 
5753	2   1   0 
5755	2   8   5 
5757	2   9   5 
5759	2   8   9 
5759	2   1   0 
5761	2   5   8 
5763	2   5   1 
5765	2   0   5 
5767	2   0   1 
5769	2   5   1 
5771	2   0   5 
5773	2   6   4 
5775	2   6   4 
5777	2   1   0 
5779	2   1   6 
5781	2   4   1 
5783	2   4   6 
5785	2   1   6 
5787	2   4   1 
5789	2   1   0 
5791	2   5   1 
5793	2   0   5 
5795	2   0   1 
5797	2   5   1 
5799	2   0   5 
5801	2   6   4 
5803	2   1   0 
