   1	2   0   4 
   3	2   3   4 
   5	2   3   0 
   7	2   7   3 
   7	6   2   1 
   9	6   7   6 
  15	2   0   6 
  17	2   0   3 
  17	6   7   5 
  23	2   6   3 
  23	6   8   5 
  25	2   0   6 
  27	2   3   0 
  29	2   7   3 
  31	2   6   7 
  31	2   2   0 
  33	2   3   6 
  35	2   3   7 
  37	2   6   7 
  39	2   3   6 
  41	2   1   3 
  43	2   7   3 
  45	2   7   1 
  47	2   3   7 
  49	2   3   1 
  51	2   7   1 
  53	2   3   7 
  55	2   4   5 
  57	2   1   3 
  59	2   1   4 
  61	2   5   1 
  63	2   5   4 
  65	2   1   4 
  67	2   5   1 
  69	2   4   5 
  71	2   4   2 
  73	2   0   4 
  75	2   0   2 
  77	2   4   2 
  79	2   0   4 
  81	2   4   5 
  83	2   1   4 
  85	2   5   1 
  87	2   5   4 
  89	2   1   4 
  91	2   5   1 
  93	2   1   3 
  95	2   7   1 
  97	2   3   7 
  99	2   3   1 
 101	2   7   1 
 103	2   3   7 
 105	2   7   3 
 107	2   6   7 
 107	2   2   0 
 109	2   3   6 
 111	2   3   7 
 113	2   6   7 
 113	2   2   0 
 115	2   1   3 
 117	2   3   6 
 119	2   1   3 
 121	2   7   3 
 123	2   7   1 
 125	2   3   7 
 127	2   3   1 
 129	2   7   1 
 131	2   4   5 
 133	2   3   7 
 135	2   4   5 
 137	2   1   3 
 139	2   1   4 
 141	2   5   1 
 143	2   5   4 
 145	2   1   4 
 147	2   5   1 
 149	2   4   5 
 151	2   4   2 
 153	2   0   4 
 155	2   0   2 
 157	2   4   2 
 159	2   0   4 
 161	2   4   5 
 163	2   1   4 
 165	2   5   1 
 167	2   5   4 
 169	2   1   4 
 171	2   5   1 
 173	2   1   3 
 175	2   2   0 
 177	2   7   1 
 179	2   3   7 
 181	2   3   1 
 183	2   7   1 
 185	2   3   7 
 187	2   1   3 
 189	2   3   0 
 191	2   4   5 
 193	2   5   7 
 195	6   2   0 
 201	2   0   3 
 203	2   6   0 
 205	2   3   6 
 205	6   2   1 
 211	2   3   0 
 213	2   6   0 
 215	2   3   6 
 217	2   0   3 
 219	2   0   3 
 221	2   1   0 
 223	2   1   3 
 225	2   0   3 
 227	2   1   0 
 229	2   0   3 
 231	2   6   0 
 233	2   3   6 
 235	2   3   0 
 237	2   6   0 
 239	2   3   6 
 241	2   3   1 
 243	2   3   1 
 245	2   0   3 
 247	2   0   3 
 249	2   1   0 
 251	2   1   3 
 253	2   0   3 
 255	2   1   0 
 257	2   3   1 
 259	2   0   1 
 261	2   6   0 
 263	6   3   1 
 211	6   8   5 
 269	2   3   6 
 271	2   3   0 
 273	2   6   0 
 275	2   3   6 
 277	2   0   3 
 279	2   0   2 
 281	2   4   0 
 281	2   3   3 
 283	2   2   4 
 285	2   2   0 
 287	2   4   0 
 289	2   2   4 
 291	2   0   2 
 293	2   0   3 
 295	2   3   0 
 297	2   3   3 
 299	2   0   3 
 301	2   3   0 
 303	2   0   2 
 305	2   4   0 
 305	2   3   3 
 307	2   2   4 
 307	2   3   3 
 309	2   2   0 
 311	2   4   0 
 313	2   2   4 
 315	2   0   2 
 317	2   0   3 
 319	2   3   0 
 321	2   3   3 
 323	2   0   3 
 325	2   3   0 
 327	2   3   3 
 329	2   3   3 
 331	2   4   3 
 333	2   6   8 
 335	2   3   4 
 337	2   7   6 
 337	2   3   3 
 339	2   4   3 
 341	2   7   8 
 343	2   6   8 
 345	2   3   4 
 347	2   7   6 
 347	2   3   3 
 349	2   1   3 
 349	2   8   7 
 351	2   0   3 
 351	6   8   2 
 357	2   2   1 
 359	6   2   0 
 365	2   3   0 
 367	2   3   1 
 369	2   0   1 
 371	2   3   0 
 373	2   1   3 
 375	2   1   2 
 377	2   3   1 
 379	6   2   0 
 385	2   3   0 
 387	2   1   0 
 389	2   3   1 
 391	2   1   3 
 393	2   2   1 
 395	2   0   3 
 397	2   0   3 
 399	6   2   0 
 399	6   7   6 
 405	2   3   0 
 407	2   3   1 
 409	2   0   1 
 411	2   3   0 
 413	2   0   6 
 415	2   1   3 
 417	2   1   3 
 419	6   4   0 
 425	2   7   4 
 427	2   6   7 
 427	6   2   0 
 433	2   6   4 
 435	2   7   4 
 437	2   6   7 
 439	2   4   6 
 441	2   4   1 
 443	2   3   4 
 445	2   3   1 
 447	2   4   1 
 449	2   3   4 
 451	2   1   3 
 453	2   1   0 
 455	2   3   1 
 457	2   3   0 
 459	2   1   0 
 461	2   3   1 
 463	2   1   3 
 465	2   4   1 
 467	2   3   4 
 469	2   3   1 
 471	2   4   1 
 473	2   3   4 
 475	2   4   8 
 477	2   2   4 
 479	2   8   2 
 479	2   0   3 
 481	2   8   4 
 483	2   2   4 
 485	2   8   2 
 485	2   0   3 
 487	2   4   8 
 489	2   4   0 
 491	2   3   4 
 493	2   3   0 
 495	2   4   0 
 497	2   3   4 
 499	2   4   8 
 501	2   2   4 
 503	2   8   2 
 503	2   0   3 
 505	2   8   4 
 507	2   2   4 
 509	2   8   2 
 509	2   0   3 
 511	2   1   3 
 513	2   3   1 
 515	2   4   8 
 517	2   7   3 
 519	2   4   0 
 521	2   1   7 
 523	2   3   4 
 525	2   1   3 
 527	2   3   0 
 529	2   7   3 
 531	2   4   0 
 533	2   1   7 
 535	2   3   4 
 537	2   6   4 
 539	2   3   1 
 541	2   3   6 
 543	2   4   3 
 545	2   4   6 
 547	2   3   6 
 549	2   4   3 
 551	2   0   3 
 553	2   6   4 
 555	2   0   3 
 557	2   6   0 
 559	2   3   6 
 561	2   3   0 
 563	2   6   0 
 565	2   3   6 
 567	2   6   4 
 569	2   3   6 
 571	2   4   3 
 573	2   4   6 
 575	2   3   6 
 577	2   4   3 
 579	2   3   1 
 581	2   7   3 
 583	2   1   7 
 585	2   1   3 
 587	2   7   3 
 589	2   6   4 
 591	2   1   7 
 593	2   6   4 
 595	2   3   1 
 597	2   3   6 
 599	2   4   3 
 601	2   4   6 
 603	2   3   6 
 605	2   4   3 
 607	2   0   3 
 609	2   6   4 
 611	2   0   3 
 613	2   6   0 
 615	2   3   6 
 617	2   3   0 
 619	2   6   0 
 621	2   3   6 
 623	2   6   4 
 625	2   3   6 
 627	2   4   3 
 629	2   4   6 
 631	2   3   6 
 633	2   4   3 
 635	2   6   4 
 637	2   4   3 
 639	2   7   4 
 641	2   3   7 
 643	2   3   4 
 645	2   7   4 
 647	2   3   7 
 649	2   4   3 
 651	2   0   3 
 653	2   0   3 
 655	6   3   1 
 661	2   6   3 
 663	2   4   6 
 665	2   3   4 
 667	2   3   6 
 669	2   4   6 
 671	2   3   4 
 673	2   6   3 
 675	2   6   0 
 677	6   3   1 
 683	2   3   6 
 685	2   3   0 
 687	2   6   0 
 689	2   3   6 
 691	2   0   3 
 693	2   0   3 
 695	6   3   1 
 701	2   6   3 
 703	2   4   6 
 705	2   3   4 
 707	2   3   6 
 709	2   4   6 
 711	2   3   4 
 713	2   4   3 
 715	2   7   4 
 717	2   3   7 
 719	2   3   4 
 721	2   7   4 
 723	2   6   3 
 725	2   3   7 
 727	2   6   3 
 729	2   4   3 
 731	2   4   6 
 733	2   3   4 
 735	2   3   6 
 737	2   4   6 
 739	2   3   4 
 741	2   6   3 
 743	2   6   0 
 745	6   3   1 
 751	2   3   6 
 753	2   3   0 
 755	2   6   0 
 757	2   3   6 
 759	2   0   3 
 761	2   0   3 
 763	6   3   1 
 769	2   6   3 
 769	6   2   1 
 775	2   4   6 
 777	2   3   4 
 779	2   3   6 
 779	6   8   2 
 785	2   4   6 
 787	2   3   4 
 789	2   4   3 
 791	2   1   4 
 793	2   3   1 
 793	6   8   7 
 799	2   3   4 
 801	2   1   4 
 803	2   6   3 
 805	2   3   1 
 807	2   6   3 
 809	2   4   3 
 811	2   4   6 
 813	2   3   4 
 815	2   3   6 
 817	2   4   6 
 819	2   3   4 
 821	2   6   3 
 823	2   6   0 
 825	2   7   6 
 827	6   4   0 
 833	2   7   4 
 835	2   6   4 
 837	2   7   6 
 839	2   6   3 
 841	2   0   6 
 843	2   3   0 
 845	2   3   6 
 847	2   0   6 
 849	2   3   0 
 851	2   0   3 
 853	2   1   0 
 855	2   3   1 
 857	2   3   0 
 859	2   1   0 
 861	2   6   3 
 863	2   3   1 
 865	2   6   3 
 867	2   0   3 
 869	2   0   6 
 871	2   3   0 
 873	2   3   6 
 875	2   0   6 
 877	2   3   0 
 879	2   4   7 
 881	2   6   3 
 883	2   4   7 
 885	2   6   4 
 887	2   7   6 
 889	2   7   4 
 891	2   6   4 
 893	2   7   6 
 895	2   6   3 
 897	2   0   6 
 899	2   3   0 
 901	2   3   6 
 903	2   0   6 
 905	2   3   0 
 907	2   6   3 
 909	2   4   7 
