   1	2   5   4 
   3	6   2   0 
   9	2   2   3 
   3	2  11   9 
   5	2  10  11 
   7	2   9  10 
   9	2   9  11 
  11	2  10  11 
  13	2   9  10 
  15	2  11   9 
  17	6  11   6 
  23	2   6   2 
  25	2   3   6 
  27	2   3   2 
  29	2   6   2 
  31	2   3   6 
  33	2   2   3 
  17	6   4   0 
  35	2   2   5 
  37	2   0   2 
  39	2   0   5 
  41	2   2   5 
  43	2   0   2 
  45	2   5   0 
  45	2   2   3 
  47	2   6   2 
  49	2   3   6 
  51	2   5   0 
  51	2   3   2 
  53	2   6   2 
  55	2   3   6 
  57	2   6   9 
  59	2  10   6 
  61	2   9  10 
  61	2   2   3 
  63	2   9   6 
  65	2  10   6 
  67	2   9  10 
  67	2   2   3 
  69	2   6   9 
  71	2   6   2 
  73	2   3   6 
  75	2   3   2 
  77	2   6   2 
  79	2   3   6 
  81	2   2   3 
  83	2   2   5 
  85	2   0   2 
  87	2   0   5 
  89	2   2   5 
  91	2   0   2 
  93	2   5   0 
  93	2   2   3 
  95	2   5   1 
  97	2   6   2 
  99	2   3   6 
 101	2   3   2 
 103	2   6   2 
 105	2   3   6 
 107	2   6   9 
 109	2  10   6 
 111	2   9  10 
 111	2   2   3 
 113	2   9   6 
 115	2  10   6 
 117	2   2   3 
 117	2   9  10 
 119	2   6   9 
 121	2   6   2 
 123	2   3   6 
 125	2   3   2 
 127	2   6   2 
 129	2   3   6 
 131	2   2   3 
 133	2   2   5 
 135	2   1   2 
 137	2   1   5 
 139	2   2   5 
 141	2   1   2 
 143	2   5   1 
 145	2   5   1 
 147	2   2   3 
 149	2   6   2 
 151	2   3   6 
 153	2   3   2 
 155	2   6   2 
 157	2   3   6 
 159	2   6   9 
 161	2  10   6 
 163	2   9  10 
 163	2   2   3 
 165	2   9   6 
 167	2  10   6 
 169	2   2   3 
 169	2   9  10 
 171	2   6   9 
 173	2   6   2 
 175	2   3   6 
 177	2   3   2 
 179	2   6   2 
 181	2   3   6 
 183	2   2   3 
 185	2   2   5 
 187	2   1   2 
 189	2   1   5 
 187	6  10   7 
 193	2   2   5 
 195	2   1   2 
 197	2   2   3 
 195	6  10   9 
 201	2   6   2 
 203	2   3   6 
 205	2   3   2 
 207	2   6   2 
 209	2   3   6 
 211	2   2   3 
 213	2   6   3 
 215	2   7   6 
 217	2   3   7 
 217	2   5   1 
 219	2   3   6 
 221	2   7   6 
 223	2   5   1 
 223	2   3   7 
 225	2   6   3 
 227	2   6   5 
 229	2   1   6 
 231	2   1   5 
 233	2   6   5 
 235	2   1   6 
 237	2   6   3 
 239	2   7   6 
 241	2   3   7 
 241	2   5   1 
 243	2   3   6 
 245	2   7   6 
 247	2   3   7 
 247	2   5   1 
 249	2   6   3 
 251	2   2   3 
 253	2   6   5 
 255	2   1   6 
 257	2   1   5 
 259	2   6   5 
 261	2   1   6 
 263	2   5   1 
 265	2   6  10 
 267	2   7   6 
 269	2   5   4 
 269	2  10   7 
 271	2  10   6 
 273	2   7   6 
 275	2  10   7 
 277	2   6  10 
 279	2   6   2 
 281	2   3   6 
 283	2   3   2 
 285	2   6   2 
 287	2   3   6 
 289	2   2   3 
 271	6   4   0 
 291	2   2   5 
 293	2   0   2 
 295	2   0   5 
 297	2   2   5 
 299	2   0   2 
 299	6  11   9 
 301	2   2   3 
 305	2   6   2 
 307	2   3   6 
 309	2   3   2 
 309	2   5   0 
 311	2   6   2 
 313	2   3   6 
 315	2   5   0 
 315	2   2   3 
 317	2   2   3 
 319	2   6  10 
 321	2   7   6 
 323	2  10   7 
 325	2  10   6 
 327	2   7   6 
 329	2  10   7 
 331	2   6  10 
 333	2   6   2 
 335	2   3   6 
 337	2   3   2 
 339	2   6   2 
 341	2   3   6 
 343	2   2   3 
 345	2   2   5 
 347	2   0   2 
 349	2   0   5 
 351	2   2   5 
 353	2   0   2 
 355	2   5   0 
 355	2   2   3 
 357	2   6   2 
 359	2   3   6 
 361	2   3   2 
 363	2   6   2 
 365	2   3   6 
 367	2   2   3 
 369	2  11   3 
 371	2   6  10 
 373	2   7   6 
 375	2  10   7 
 377	2  10   6 
 379	2   7   6 
 381	2   5   2 
 383	2  10   7 
 385	2   6  10 
 387	2   6  11 
 389	2   3   6 
 391	2   3  11 
 393	2   6  11 
 395	2   3   6 
 397	2  11   3 
 399	6  11   6 
 405	2   6   5 
 407	2   2   6 
 409	2   2   5 
 411	2   6   5 
 413	2   2   6 
 415	2   6   3 
 417	2  11   6 
 419	2   3  11 
 421	2   3   6 
 423	2  11   6 
 425	2   3  11 
 427	2   5   2 
 429	2   5   2 
 427	2  11  10 
 429	2   7  11 
 431	2   6   3 
 433	2   6   3 
 435	2  10   7 
 437	2  10  11 
 439	2   7  11 
 441	2  10   7 
 443	2  11  10 
 445	2  11   6 
 447	2   3  11 
 449	2   3   6 
 451	2  11   6 
 453	2   3  11 
 455	2   6   3 
 457	2   6   5 
 459	2   2   6 
 461	2   2   5 
 463	2   6   5 
 465	2   2   6 
 467	2   6   3 
 469	2  11   6 
 471	2   3  11 
 473	2   3   6 
 475	2   5   2 
 477	2   5   2 
 479	2  11   6 
 481	2   3  11 
 483	2   6   3 
 485	2  11   3 
 487	2   7  11 
 489	2   3   7 
 491	2   3  11 
 493	2   7  11 
 495	2   3   7 
 497	2  11   3 
 485	6   9   5 
 499	2  11   9 
 501	6  10   2 
 507	2  10  11 
 509	2  10   9 
 511	2  11   9 
 513	2  10  11 
 515	2   9  10 
 517	2   9  10 
 519	2  11   3 
 521	2   7  11 
 523	2   3   7 
 525	2   3  11 
 527	2   7  11 
 529	2   3   7 
 531	2  11   3 
 533	2  11   9 
 535	2  10  11 
 537	2  10   9 
 539	2  11   9 
 541	2  10  11 
 533	6   3   2 
 543	2  11   3 
 545	2   7  11 
 547	2   3   7 
 549	2   3  11 
 551	2   7  11 
 553	2   3   7 
 553	2   9  10 
 555	2   9   8 
 555	2  11   3 
 557	6  11   6 
 563	2  10   2 
 565	2   6  10 
 567	2   2   6 
 569	2   2  10 
 571	2   6  10 
 573	2   2   6 
 575	2  10   2 
 577	2  10   9 
 579	2   8  10 
 581	2   8   9 
 583	2  10   9 
 581	6   7   2 
 587	2   8  10 
 589	2  10   7 
 591	2   6  10 
 593	2   7   6 
 593	2   9   8 
 595	2   7  10 
 597	2   6  10 
 599	2   9   8 
 599	2   7   6 
 601	2  10   7 
 603	2  10   7 
 605	2   6   3 
 607	2   2   6 
 609	2   3   2 
 611	2   3   6 
 613	2   2   6 
 615	2   3   2 
 617	2   6   3 
 619	2   6  10 
 621	2   7   6 
 623	2   7  10 
 625	2   6  10 
 627	2   7   6 
 629	2  10   7 
 631	2  10   9 
 633	2   8  10 
 635	2   8   9 
 637	2  10   9 
 639	2   8  10 
 641	2  10   7 
 643	2   6  10 
 645	2   9   8 
 645	2   7   6 
 647	2   7  10 
 649	2   9  11 
 651	2   6  10 
 653	2   7   6 
 655	2  10   7 
 657	2  10   7 
 659	2   6   3 
 661	2   2   6 
 663	2   3   2 
 665	2   3   6 
 667	2   2   6 
 669	2   3   2 
 671	2   6   3 
 673	2   6  10 
 675	2   7   6 
 677	2   7  10 
 679	2   6  10 
 681	2   7   6 
 683	2  10   7 
 685	2  10   9 
 687	2  11  10 
 689	2  11   9 
 691	2  10   9 
 693	2  11  10 
 695	2  10   7 
 697	2   6  10 
 699	2   7   6 
 701	2   7  10 
 703	2   6  10 
 705	2   7   6 
 707	2  10   7 
 709	2  10   7 
 711	2   6   3 
 713	2   2   6 
 715	2   9  11 
 715	2   3   2 
 717	2   3   6 
 719	2   2   6 
 721	2   3   2 
 721	2   9  11 
 723	2   6   3 
 725	2   6  10 
 727	2   7   6 
 729	2   7  10 
 731	2   6  10 
 733	2   7   6 
 735	2  10   7 
 737	2  10   9 
 739	2  11  10 
 741	2  11   9 
 743	2  10   9 
 745	2  11  10 
 747	2   9  11 
 749	2   9  11 
 751	2  10   7 
 753	2   6  10 
 755	2   7   6 
 757	2   7  10 
 759	2   6  10 
 761	2   7   6 
 763	2  10   7 
 765	2   6   7 
 767	2   2   6 
 769	2   7   2 
 771	2   7   6 
 773	2   2   6 
 775	2   7   2 
 777	2   6   7 
 779	2   6   9 
 781	2  11   6 
 783	2  11   9 
 785	2   6   9 
 787	2  11   6 
 789	2   9  11 
 791	2   9  11 
 793	2   6   7 
 795	2   2   6 
 797	2   7   2 
 799	2   7   6 
 801	2   2   6 
 803	2   7   2 
 805	2   6   7 
 807	2  10   7 
 809	2   6   9 
 811	2  11   6 
 813	2  11   9 
 815	2   6   9 
 817	2  11   6 
 819	2   6   3 
 821	2   2   6 
 823	2   3   2 
 823	2   9  11 
 825	2   3   6 
 827	2   2   6 
 829	2   9   5 
 829	2   3   2 
 831	2   6   3 
 833	2   6  10 
 835	2   7   6 
 837	2   7  10 
 839	2   6  10 
 841	2   7   6 
 843	2  10   7 
 845	2  10   9 
 847	2   5  10 
 849	2   5   9 
 851	2  10   9 
 853	2   5  10 
 855	2  10   7 
 857	2   6  10 
 859	2   7   6 
 861	2   7  10 
 863	2   6  10 
 865	2   7   6 
 867	2  10   7 
 869	2  10   7 
 871	2   6   3 
 873	2   2   6 
 875	2   9   5 
 875	2   3   2 
 877	2   3   6 
 879	2   2   6 
 881	2   3   2 
 881	2   9   5 
 883	2   6   3 
 885	2   6  10 
 887	2   7   6 
 889	2   7  10 
 891	2   6  10 
 893	2   7   6 
 895	2  10   7 
 897	2  10   9 
 897	6   3   2 
 899	2   5  10 
 901	2   5   9 
 903	2  10   9 
 905	2   5  10 
 907	2  10   7 
 909	2   6  10 
 911	2   7   6 
 913	6  10   7 
 919	2  10   7 
 921	2   6   7 
 923	2  10   6 
 925	2   7  10 
 927	2   9   5 
 927	2   7   2 
 929	2   9   6 
 931	2   3   7 
 933	2  11  10 
 933	2   2   3 
 935	2   2   7 
 937	2   3   7 
 939	2   2   3 
 941	2   7   2 
 943	2   7  11 
 945	2  10   7 
 947	2  10  11 
 949	2   7  11 
 951	2  10   7 
 953	2  11  10 
 955	2  11   9 
 957	2   6  11 
 959	2   6   9 
 961	2  11   9 
 963	2   6  11 
 965	2  11  10 
 967	2   9   6 
 969	2   9   6 
 971	2   7  11 
 973	2  10   7 
 975	2  10  11 
 977	2   7  11 
 979	2  10   7 
 981	2  11  10 
 983	2  11  10 
 985	2   7   2 
 987	2   3   7 
 989	2   2   3 
 991	2   2   7 
 993	2   3   7 
 995	2   2   3 
 997	2   7   2 
 999	2   7  11 
1001	2  10   7 
1003	2  10  11 
1005	2   7  11 
1007	2  10   7 
1009	2  11  10 
1011	2  11   9 
1013	2   6  11 
1015	2   6   9 
1017	2  11   9 
1019	2   6  11 
1021	2  11  10 
1023	2   9   6 
1025	2   7  11 
1027	2  10   7 
1029	2  10  11 
1031	2   7  11 
1033	2  10   7 
1035	2  11  10 
