   1	2   0   4 
   3	2   5   7 
   3	2   3   0 
   5	2   4   3 
   7	2   4   0 
   9	2   3   0 
  11	2   4   3 
  13	2   0   4 
  15	2   4   1 
  17	2   0   3 
  19	2   6   0 
  21	2   3   6 
  23	2   3   0 
  25	2   6   0 
  27	2   3   6 
  29	2   0   3 
  31	2   0   4 
  33	2   1   0 
  35	2   1   4 
  37	2   0   4 
  39	2   1   0 
  41	2   4   1 
  43	2   4   5 
  45	2   7   4 
  47	2   7   5 
  49	2   4   5 
  51	2   7   4 
  53	2   4   1 
  55	2   0   4 
  57	2   5   7 
  57	2   1   0 
  59	2   1   4 
  61	2   0   4 
  63	2   5   7 
  63	2   1   0 
  65	2   4   1 
  67	2   4   1 
  69	2   0   3 
  71	2   6   0 
  73	2   3   6 
  75	2   3   0 
  77	2   6   0 
  79	2   3   6 
  81	2   0   3 
  83	2   0   4 
  85	2   1   0 
  87	2   1   4 
  89	2   0   4 
  91	2   1   0 
  93	2   4   1 
  95	2   4   5 
  97	2   7   4 
  99	2   7   5 
 101	2   4   5 
 103	2   7   4 
 105	2   4   1 
 107	2   0   4 
 109	2   5   7 
 109	2   1   0 
 111	2   1   4 
 113	2   0   4 
 115	2   5   7 
 115	2   1   0 
 117	2   4   1 
 119	2   0   4 
 121	2   3   0 
 123	2   4   3 
 125	2   4   0 
 127	2   3   0 
 129	2   4   3 
 131	2   0   4 
 133	2   4   1 
 135	2   0   3 
 137	2   6   0 
 139	2   3   6 
 141	2   3   0 
 143	2   6   0 
 145	2   3   6 
 147	2   0   3 
 149	2   0   4 
 151	2   1   0 
 153	2   1   4 
 155	2   0   4 
 157	2   1   0 
 159	2   4   1 
 161	2   4   5 
 163	2   7   4 
 165	2   7   5 
 167	2   4   5 
 169	2   7   4 
 171	2   4   1 
 173	2   0   4 
 175	2   5   7 
 175	2   1   0 
 177	2   1   4 
 179	2   0   4 
 181	2   5   7 
 181	2   1   0 
 183	2   4   1 
 185	2   4   1 
 187	2   0   3 
 189	2   6   0 
 191	2   3   6 
 193	2   3   0 
 195	2   6   0 
 197	2   3   6 
 199	2   0   3 
 201	2   0   4 
 203	2   1   0 
 205	2   1   4 
 207	2   0   4 
 209	2   1   0 
 211	2   4   1 
 213	2   4   5 
 215	2   7   4 
 217	2   7   5 
 219	2   4   5 
 221	2   7   4 
 223	2   4   1 
 225	2   0   4 
 227	2   5   7 
 227	2   1   0 
 229	2   1   4 
 231	2   0   4 
 233	2   5   7 
 233	2   1   0 
 235	2   4   1 
 237	2   0   3 
 239	2   4   0 
 241	2   3   4 
 243	2   3   0 
 245	2   4   0 
 247	2   3   4 
 249	2   0   3 
 251	2   3   1 
 253	2   0   4 
 255	2   6   0 
 257	2   4   6 
 259	2   4   0 
 261	2   6   0 
 263	2   4   6 
 265	2   0   4 
 267	2   0   3 
 269	2   1   0 
 271	2   1   3 
 273	2   0   3 
 275	2   1   0 
 277	2   3   1 
 279	2   3   5 
 281	2   7   3 
 283	2   7   5 
 285	2   3   5 
 287	2   7   3 
 289	2   3   1 
 291	2   5   7 
 293	2   5   7 
 291	2   0   3 
 293	2   1   0 
 295	2   1   3 
 297	2   0   3 
 299	2   1   0 
 301	2   3   1 
 303	2   3   1 
 305	2   0   4 
 307	2   6   0 
 309	2   4   6 
 311	2   4   0 
 313	2   6   0 
 315	2   4   6 
 317	2   0   4 
 319	2   0   3 
 321	2   1   0 
 323	2   1   3 
 325	2   0   3 
 327	2   1   0 
 329	2   3   1 
 331	2   3   5 
 333	2   7   3 
 335	2   7   5 
 337	2   3   5 
 339	2   7   3 
 341	2   3   1 
 343	2   5   7 
 343	2   0   3 
 345	2   5   7 
 345	2   1   0 
 347	2   1   3 
 349	2   0   3 
 351	2   1   0 
 353	2   3   1 
 355	2   0   3 
 357	2   4   0 
 359	2   3   4 
 361	2   3   0 
 363	2   4   0 
 365	2   3   4 
 367	2   0   3 
 369	2   3   1 
 371	2   0   4 
 373	2   6   0 
 375	2   4   6 
 377	2   4   0 
 379	2   6   0 
 381	2   4   6 
 383	2   0   4 
 385	2   0   3 
 387	2   1   0 
 389	2   1   3 
 391	2   0   3 
 393	2   1   0 
 395	2   3   1 
 397	2   3   5 
 399	2   7   3 
 401	2   7   5 
 403	2   3   5 
 405	2   7   3 
 407	2   3   1 
 409	2   5   7 
 411	2   5   7 
 409	2   0   3 
 411	2   1   0 
 413	2   1   3 
 415	2   0   3 
 417	2   1   0 
 419	2   3   1 
 421	2   3   1 
 423	2   0   4 
 425	2   6   0 
 427	2   4   6 
 429	2   4   0 
 431	2   6   0 
 433	2   4   6 
 435	2   0   4 
 437	2   0   3 
 439	2   1   0 
 441	2   1   3 
 443	2   0   3 
 445	2   1   0 
 447	2   3   1 
 449	2   3   5 
 451	2   7   3 
 453	2   7   5 
 455	2   3   5 
 457	2   7   3 
 459	2   3   1 
 461	2   5   7 
 461	2   0   3 
 463	2   1   0 
 465	2   1   3 
 467	2   0   3 
 469	2   1   0 
 471	2   3   1 
 473	2   3   5 
 475	2   4   1 
 477	2   6   4 
 479	6   6   0 
 485	2   7   6 
 485	2   1   0 
 487	2   1   4 
 489	2   0   4 
 491	2   1   0 
 493	2   4   1 
 495	2   4   3 
 497	2   5   4 
 499	2   5   3 
 501	2   4   3 
 503	2   5   4 
 505	2   3   5 
 507	2   3   7 
 509	2   6   3 
 511	2   6   7 
 513	2   3   7 
 515	2   6   3 
 517	2   3   5 
 519	2   4   3 
 521	2   5   4 
 523	2   5   3 
 525	2   4   3 
 527	2   5   4 
 529	2   3   5 
 531	2   3   5 
 533	2   4   1 
 535	2   0   4 
 537	2   7   6 
 537	2   1   0 
 539	2   1   4 
 541	2   0   4 
 543	2   7   6 
 543	2   1   0 
 545	2   4   1 
 547	2   4   3 
 549	2   5   4 
 551	2   5   3 
 553	2   4   3 
 555	2   5   4 
 557	2   3   5 
 559	2   3   7 
 561	2   6   3 
 563	2   6   7 
 565	2   3   7 
 567	2   6   3 
 569	2   3   5 
 571	2   4   3 
 573	2   7   6 
 575	2   5   4 
 577	2   5   3 
 579	2   4   3 
 581	2   5   4 
 583	2   3   5 
 585	2   4   3 
 587	2   6   4 
 589	2   3   6 
 591	2   3   4 
 593	2   6   4 
 595	2   3   6 
 597	2   4   3 
 599	2   3   1 
 601	2   4   6 
 603	2   5   7 
 605	2   0   4 
 607	2   6   0 
 609	2   6   4 
 611	2   0   4 
 613	2   6   0 
 615	2   4   6 
 617	2   4   3 
 619	2   1   4 
 621	2   1   3 
 623	2   4   3 
 625	2   1   4 
 627	2   3   1 
 629	2   3   5 
 631	2   7   3 
 633	2   7   5 
 635	2   3   5 
 637	2   7   3 
 639	2   3   1 
 641	2   4   3 
 643	2   5   7 
 645	2   5   7 
 647	2   1   4 
 649	2   1   3 
 651	2   4   3 
 653	2   1   4 
 655	2   3   1 
 657	2   3   1 
 659	2   4   6 
 661	2   0   4 
 663	2   6   0 
 665	2   6   4 
 667	2   0   4 
 669	2   6   0 
 671	2   4   6 
 673	2   4   3 
 675	2   1   4 
 677	2   1   3 
 679	2   4   3 
 681	2   1   4 
 683	2   3   1 
 685	2   3   5 
 687	2   7   3 
 689	2   7   5 
 691	2   3   5 
 693	2   7   3 
 695	2   3   1 
 697	2   4   3 
 699	2   1   4 
 701	2   5   7 
 703	2   5   7 
 705	2   1   3 
 707	2   4   3 
 709	2   1   4 
 711	2   3   1 
 713	2   4   3 
 715	2   6   4 
 717	2   3   6 
 719	2   3   4 
 721	2   6   4 
 723	2   3   6 
 725	2   4   3 
 727	2   3   1 
 729	2   4   6 
 731	2   0   4 
 733	2   6   0 
 735	2   6   4 
 737	2   0   4 
 739	2   6   0 
 741	2   4   6 
 743	2   4   3 
 745	2   1   4 
 747	2   1   3 
 749	2   4   3 
 751	2   1   4 
 753	2   3   1 
 755	2   3   5 
 757	2   7   3 
 759	2   7   5 
 761	2   3   5 
 763	2   7   3 
 765	2   3   1 
 767	2   4   3 
 769	2   5   7 
 771	2   5   7 
 773	2   1   4 
 775	2   1   3 
 777	2   4   3 
 779	2   1   4 
 781	2   3   1 
 783	2   3   1 
 785	2   4   6 
 787	2   0   4 
 789	2   6   0 
 791	2   6   4 
 793	2   0   4 
 795	2   6   0 
 797	2   4   6 
 799	2   4   3 
 801	2   1   4 
 803	6   6   0 
 809	2   1   3 
 811	2   4   3 
 813	2   1   4 
 815	2   3   1 
 817	2   3   5 
 819	2   7   3 
 821	2   7   5 
 823	2   3   5 
 825	2   7   3 
 827	6   3   1 
 833	2   1   3 
 835	2   4   1 
 837	2   3   4 
 839	2   3   1 
 841	2   4   1 
 843	2   3   4 
 845	2   1   3 
 847	2   5   7 
 847	2   0   3 
 849	6   5   2 
 849	2   6   0 
 851	2   3   6 
 853	2   3   0 
 855	2   7   4 
 857	2   6   0 
 859	2   1   2 
 859	2   3   6 
 861	2   0   3 
 863	2   0   1 
 865	2   2   0 
 867	2   2   1 
 869	2   0   1 
 871	2   2   0 
 873	2   1   2 
 875	2   1   7 
 877	2   4   1 
 879	2   4   7 
 881	2   1   7 
 883	2   4   1 
 885	2   7   4 
 887	2   7   4 
 889	2   1   2 
 891	2   0   1 
 893	2   2   0 
 895	2   2   1 
 897	2   0   1 
 899	2   2   0 
 901	2   0   3 
 903	2   6   0 
 905	2   3   6 
 905	2   1   2 
 907	2   3   0 
 909	2   6   0 
 911	2   1   2 
 911	2   3   6 
 913	2   0   3 
 915	2   0   1 
 917	2   2   0 
 919	2   2   1 
 921	2   0   1 
 923	2   2   0 
 925	2   1   2 
 927	2   1   7 
 929	2   4   1 
 931	2   4   7 
 933	2   1   7 
 935	2   4   1 
 937	2   1   2 
 939	2   7   4 
 941	2   0   1 
 943	2   2   0 
 945	2   2   1 
 947	2   0   1 
 949	2   2   0 
 951	2   0   3 
 953	2   6   0 
 955	2   3   6 
 955	2   1   2 
 957	2   4   2 
 959	2   7   1 
 961	2   3   0 
 963	2   6   0 
 965	2   3   6 
 967	2   0   3 
 969	2   0   4 
 971	2   2   0 
 973	2   2   4 
 975	2   0   4 
 977	2   2   0 
 979	2   4   2 
 981	2   4   7 
 983	2   1   4 
 985	2   1   7 
 987	2   4   7 
 989	2   1   4 
 991	2   7   1 
 993	2   7   1 
 995	2   4   2 
 997	2   0   4 
 999	2   2   0 
1001	2   2   4 
1003	2   0   4 
1005	2   2   0 
1007	2   4   2 
1009	2   4   2 
1011	2   0   3 
1013	2   6   0 
1015	2   3   6 
1017	2   3   0 
1019	2   6   0 
1021	2   3   6 
1023	2   0   3 
1025	2   0   4 
1027	2   2   0 
1029	2   2   4 
1031	2   0   4 
1033	2   2   0 
1035	2   4   2 
1037	2   4   7 
1039	2   1   4 
1041	2   1   7 
1043	2   4   7 
1045	2   1   4 
1047	2   7   1 
1049	2   4   2 
1051	2   0   4 
1053	2   2   0 
1055	2   2   4 
1057	2   0   4 
1059	2   2   0 
1061	2   4   2 
1063	2   2   0 
1065	2   4   1 
1067	2   7   4 
1069	2   1   7 
1071	2   1   4 
1073	2   7   4 
1075	2   1   7 
1077	2   4   1 
1079	2   1   3 
1081	2   4   7 
1083	2   6   4 
1085	2   7   6 
1087	2   7   4 
1089	2   6   4 
1091	2   7   6 
1093	2   4   7 
1095	2   4   1 
1097	2   3   4 
1099	2   3   1 
1101	2   4   1 
1103	2   3   4 
1105	2   1   3 
1107	2   1   2 
1109	2   0   1 
1111	2   0   2 
1113	2   1   2 
1115	2   0   1 
1117	2   1   3 
1119	2   4   1 
1121	2   3   4 
1123	2   3   1 
1125	2   4   1 
1127	2   3   4 
1129	2   1   3 
1131	2   1   3 
1133	2   4   7 
1135	2   6   4 
1137	2   2   0 
1137	2   7   6 
1139	2   7   4 
1141	2   6   4 
1143	2   7   6 
1143	2   2   0 
1145	2   4   7 
1147	2   4   1 
1149	2   3   4 
1151	2   3   1 
1153	2   4   1 
1155	2   3   4 
1157	2   1   3 
1159	2   1   2 
1161	2   0   1 
1163	2   0   2 
1165	2   1   2 
1167	2   0   1 
1169	2   1   3 
1171	2   4   1 
1173	2   3   4 
1175	2   3   1 
1177	2   4   1 
1179	2   3   4 
1181	2   1   3 
1183	2   4   1 
1185	2   7   4 
1187	2   1   7 
1189	2   1   4 
1191	2   7   4 
1193	2   1   7 
1195	2   4   1 
1197	2   1   3 
1199	2   4   7 
1201	2   6   4 
1203	2   7   6 
1203	2   2   0 
1205	2   7   4 
1207	2   6   4 
1209	2   2   0 
1209	2   7   6 
1211	2   4   7 
1213	2   4   1 
1215	2   3   4 
1217	2   3   1 
1219	2   4   1 
1221	2   3   4 
1223	2   1   3 
1225	2   1   2 
1227	2   0   1 
1229	2   0   2 
1231	2   1   2 
1233	2   0   1 
1235	2   1   3 
1237	2   4   1 
1239	2   3   4 
1241	2   3   1 
1243	2   4   1 
1245	2   3   4 
1247	2   1   3 
1249	2   1   3 
1251	2   4   7 
1253	2   6   4 
1255	2   2   0 
1255	2   7   6 
1257	2   7   4 
1259	2   6   4 
1261	2   2   0 
1261	2   7   6 
1263	2   4   7 
1265	2   4   1 
1267	2   3   4 
1269	2   3   1 
1271	2   4   1 
1273	2   3   4 
1275	2   1   3 
1277	2   1   2 
1279	2   0   1 
1281	2   0   2 
1283	2   1   2 
1285	2   0   1 
1287	2   1   3 
1289	2   4   1 
1291	2   3   4 
1293	2   3   1 
1295	2   4   1 
1297	2   3   4 
1299	2   1   3 
1301	2   7   3 
1303	2   2   0 
1303	2   6   7 
1305	2   1   2 
1305	2   3   6 
1307	2   0   4 
1309	2   3   7 
1311	2   6   7 
1313	2   3   6 
1315	2   7   3 
1309	6   5   2 
1317	2   7   1 
1319	2   5   7 
1321	2   5   1 
1323	6   2   0 
1329	2   7   1 
1331	2   5   7 
1333	2   1   5 
1335	2   1   2 
1337	2   4   1 
1339	2   4   2 
1341	2   1   2 
1343	2   4   1 
1345	2   1   5 
1347	2   2   4 
1349	2   2   4 
1351	2   7   1 
1353	2   5   7 
1355	2   5   1 
1357	2   7   1 
1359	2   5   7 
1361	2   7   3 
1363	2   1   5 
1365	2   1   5 
1363	2   6   7 
1365	2   3   6 
1367	2   3   7 
1369	2   6   7 
1371	2   3   6 
1373	2   7   3 
1375	2   7   1 
1377	2   5   7 
1379	2   5   1 
1381	2   7   1 
1383	2   5   7 
1385	2   1   5 
1387	2   1   2 
1389	2   4   1 
1391	2   4   2 
1393	2   1   2 
1395	2   4   1 
1397	2   2   4 
1399	2   1   5 
1401	2   7   1 
1403	2   5   7 
1405	2   5   1 
1407	2   7   1 
1409	2   5   7 
1411	2   7   3 
1413	2   1   5 
1415	2   2   1 
1413	2   6   7 
1415	2   3   6 
1417	2   4   5 
1419	2   3   7 
1421	2   6   7 
1423	2   3   6 
1425	2   7   3 
1427	2   7   4 
1429	2   5   7 
1431	2   5   4 
1433	2   7   4 
1435	2   5   7 
1437	2   4   5 
1439	2   4   2 
1441	2   1   4 
1443	2   1   2 
1445	2   4   2 
1447	2   1   4 
1449	2   4   5 
1451	2   7   4 
1453	2   5   7 
1455	2   5   4 
1457	2   7   4 
1459	2   5   7 
1461	2   4   5 
1463	2   4   5 
1465	2   2   1 
1467	2   2   1 
1465	2   7   3 
1467	2   6   7 
1469	2   3   6 
1471	2   3   7 
1473	2   6   7 
1475	2   3   6 
1477	2   7   3 
1479	2   7   4 
1481	2   5   7 
1483	2   5   4 
1485	2   7   4 
1487	2   5   7 
1489	2   4   5 
1491	2   4   2 
1493	2   1   4 
1495	2   1   2 
1497	2   4   2 
1499	2   1   4 
1501	2   4   5 
1503	2   7   4 
1505	2   2   1 
1507	2   5   7 
1509	2   5   4 
1511	2   7   4 
1513	2   5   7 
1515	2   4   5 
1517	2   2   5 
1519	2   4   1 
1521	6   5   2 
1521	2   7   3 
1523	2   6   7 
1525	2   3   6 
1527	2   3   7 
1529	2   6   7 
1531	2   3   6 
1533	2   7   3 
1527	6   2   1 
1535	2   7   5 
1537	2   1   7 
1539	2   1   5 
1541	2   7   5 
1543	2   1   7 
1545	2   5   1 
1547	2   5   4 
1549	2   2   5 
1551	2   2   4 
1553	2   5   4 
1555	2   2   5 
1557	2   5   1 
1559	2   4   2 
1561	2   4   2 
1563	2   7   5 
1565	2   1   7 
1567	2   1   5 
1569	2   7   5 
1571	2   1   7 
1573	2   7   3 
1575	2   5   1 
1577	2   5   1 
1575	2   6   7 
1577	2   3   6 
1579	2   3   7 
1581	2   6   7 
1583	2   3   6 
1585	2   7   3 
1587	2   7   5 
1589	2   1   7 
1591	2   1   5 
1593	6   7   1 
1599	2   1   5 
1601	2   7   1 
1603	2   5   7 
1605	2   5   4 
1607	2   2   5 
1609	2   2   4 
1611	2   5   4 
1613	2   2   5 
1615	2   5   7 
1617	2   4   2 
1619	2   1   5 
1621	2   4   2 
1623	2   7   1 
1625	2   7   5 
1627	2   1   5 
1629	2   7   1 
1631	2   5   7 
1633	2   3   7 
1635	2   6   3 
1637	2   7   6 
1639	2   7   3 
1633	6   2   1 
1639	2   2   5 
1641	2   6   3 
1643	2   7   6 
1645	2   3   7 
1647	2   7   4 
1649	2   1   7 
1651	2   1   4 
1653	2   7   4 
1655	2   1   7 
1657	2   4   1 
1659	2   1   3 
1661	2   4   7 
1663	2   6   4 
1665	2   7   6 
1667	2   7   4 
1669	2   6   4 
1671	2   7   6 
1673	2   4   7 
1675	2   4   1 
1677	2   3   4 
1679	2   3   1 
1681	2   4   1 
1683	2   3   4 
1685	2   1   3 
1687	2   1   2 
1689	2   5   1 
1691	2   5   2 
1693	2   1   2 
1695	2   5   1 
1697	2   1   3 
1699	2   4   1 
1701	2   3   4 
1703	2   3   1 
1705	2   4   1 
1707	2   3   4 
1709	2   1   3 
1711	2   1   3 
1713	2   4   7 
1715	2   6   4 
1717	2   2   5 
1717	2   7   6 
1719	2   7   4 
1721	2   6   4 
1723	2   2   5 
1723	2   7   6 
1725	2   4   7 
1727	2   4   1 
1729	2   3   4 
1731	2   3   1 
1733	2   4   1 
1735	2   3   4 
1737	2   1   3 
1739	2   1   2 
1741	2   5   1 
1743	2   5   2 
1745	2   1   2 
1747	2   5   1 
1749	2   1   3 
1751	2   4   1 
1753	2   3   4 
1755	2   3   1 
1757	2   4   1 
1759	2   3   4 
1761	2   1   3 
1763	2   4   1 
1765	2   7   4 
1767	2   1   7 
1769	2   1   4 
1771	2   7   4 
1773	2   1   7 
1775	2   4   1 
1777	2   4   7 
1779	2   6   4 
1781	2   2   5 
1781	2   7   6 
1783	2   1   3 
1785	2   7   4 
1787	2   6   4 
1789	2   2   5 
1789	2   7   6 
1791	2   4   7 
1793	2   4   1 
1795	2   3   4 
1797	2   3   1 
1799	2   4   1 
1801	2   3   4 
1803	2   1   3 
1805	2   1   2 
1807	2   5   1 
1809	2   5   2 
1811	2   1   2 
1813	2   5   1 
1815	2   1   3 
1817	2   4   1 
1819	2   3   4 
1821	2   3   1 
1823	2   4   1 
1825	2   3   4 
1827	2   1   3 
1829	2   4   7 
1831	2   1   3 
1833	2   6   4 
1835	2   2   5 
1835	2   7   6 
1837	2   7   4 
1839	2   6   4 
1841	2   2   5 
1841	2   7   6 
1843	2   4   7 
1845	2   4   1 
1847	2   3   4 
1849	2   3   1 
1851	2   4   1 
1853	2   3   4 
1855	2   1   3 
1857	2   1   2 
1859	2   5   1 
1861	2   5   2 
1863	2   1   2 
1865	2   5   1 
1867	2   2   5 
1869	2   1   3 
1871	2   4   1 
1873	2   3   4 
1875	2   3   1 
1877	2   4   1 
1879	2   3   4 
1881	2   1   3 
1883	2   1   2 
1883	2   7   3 
1885	2   6   7 
1887	2   5   4 
1889	6   5   2 
1889	2   3   6 
1891	2   3   7 
1893	2   6   7 
1895	2   3   6 
1897	2   7   3 
1899	2   7   1 
1901	2   5   7 
1903	2   5   1 
1905	2   7   1 
1907	2   5   7 
1909	2   1   5 
1911	2   1   2 
1913	2   4   1 
1915	2   4   2 
1917	2   1   2 
1919	2   4   1 
1921	2   2   4 
1923	2   2   4 
1925	2   1   5 
1927	2   7   1 
1929	2   5   7 
1931	2   5   1 
1933	2   7   1 
1935	2   5   7 
1937	2   7   3 
1939	2   1   5 
1941	2   1   5 
1939	2   6   7 
1941	2   3   6 
1943	2   3   7 
1945	2   6   7 
1947	2   3   6 
1949	2   7   3 
1951	2   7   1 
1953	2   5   7 
1955	2   5   1 
1957	2   7   1 
1959	2   5   7 
1961	2   1   5 
1963	2   1   2 
1965	2   4   1 
1967	2   4   2 
1969	2   1   2 
1971	2   4   1 
1973	2   2   4 
1975	2   1   5 
1977	2   7   1 
1979	2   5   7 
1981	2   5   1 
1983	2   7   1 
1985	2   5   7 
1987	2   7   3 
1989	2   1   5 
1991	2   2   1 
1989	2   6   7 
1991	2   3   6 
1993	2   4   5 
1995	2   3   7 
1997	2   6   7 
1999	2   3   6 
2001	2   7   3 
2003	2   7   4 
2005	2   5   7 
2007	2   5   4 
2009	2   7   4 
2011	2   5   7 
2013	2   4   5 
2015	2   4   2 
2017	2   1   4 
2019	2   1   2 
2021	2   4   2 
2023	2   1   4 
2025	2   4   5 
2027	2   7   4 
2029	2   5   7 
2031	2   5   4 
2033	2   7   4 
2035	2   5   7 
2037	2   7   3 
2037	2   2   1 
2039	2   2   1 
2039	2   6   7 
2041	2   4   5 
2043	2   4   5 
2045	2   3   6 
2047	2   3   7 
2049	2   6   7 
2051	2   3   6 
2053	2   7   3 
2055	2   7   4 
2057	2   5   7 
2059	2   5   4 
2061	2   7   4 
2063	2   5   7 
2065	2   4   5 
2067	2   4   2 
2069	2   1   4 
2071	2   1   2 
2073	2   4   2 
2075	2   1   4 
2077	2   4   5 
2079	2   7   4 
2081	2   2   1 
2083	2   5   7 
2085	2   5   4 
2087	2   7   4 
2089	2   5   7 
2091	2   4   5 
2093	2   2   5 
2095	2   4   1 
2097	2   7   3 
2097	6   5   2 
2099	2   6   7 
2101	2   3   6 
2103	2   3   7 
2105	2   6   7 
2107	2   3   6 
2103	6   2   1 
2109	2   7   3 
2111	2   7   5 
2113	2   1   7 
2115	2   1   5 
2117	2   7   5 
2119	2   1   7 
2121	2   5   1 
2123	2   5   4 
2125	2   2   5 
2127	2   2   4 
2129	2   5   4 
2131	2   2   5 
2133	2   4   2 
2135	2   5   1 
2137	2   4   2 
2139	2   7   5 
2141	2   1   7 
2143	2   1   5 
2145	2   7   5 
2147	2   1   7 
2149	2   7   3 
2151	2   5   1 
2151	2   6   7 
2153	2   5   1 
2153	2   3   6 
2155	2   3   7 
2157	2   6   7 
2159	2   3   6 
2161	2   7   3 
2163	6   6   0 
2169	2   7   5 
2171	2   1   7 
2173	2   1   5 
2175	2   7   5 
2177	2   1   7 
2179	2   5   1 
2181	2   5   4 
2183	2   2   5 
2185	2   2   4 
2187	2   5   4 
2189	2   2   5 
2191	2   4   2 
2193	2   4   2 
2195	2   5   1 
2197	2   7   5 
2199	2   1   7 
2201	6   7   4 
2207	2   1   5 
2209	2   4   5 
2211	2   1   4 
2213	2   5   1 
2215	2   3   1 
2217	2   0   3 
2219	2   1   0 
2221	2   1   3 
2223	2   0   3 
2225	2   1   0 
2227	2   3   1 
2229	2   4   3 
2231	2   0   4 
2233	2   3   0 
2235	2   3   4 
2237	2   1   5 
2239	2   0   4 
2241	2   3   0 
2243	2   4   3 
2245	2   4   1 
2247	2   5   4 
2249	2   5   1 
2251	2   4   1 
2253	2   5   4 
2255	2   1   5 
2257	2   1   7 
2259	2   2   1 
2261	6   5   2 
2267	2   5   7 
2269	2   1   7 
2271	2   5   1 
2273	2   1   2 
2275	2   4   1 
2277	2   2   4 
2279	2   7   5 
2281	2   2   1 
2283	2   4   1 
2285	2   2   4 
2287	2   4   3 
2289	2   1   2 
2291	2   0   4 
2293	2   3   0 
2295	2   1   2 
2297	2   3   4 
2299	2   0   4 
2301	2   7   5 
2301	2   3   0 
2303	6   2   0 
2309	2   4   3 
2311	2   4   1 
2313	2   0   4 
2315	2   0   1 
2317	2   4   1 
2319	2   0   4 
2321	2   1   0 
2323	2   1   7 
2325	2   5   1 
2327	2   5   7 
2329	2   1   7 
2331	2   5   1 
2333	2   1   0 
2335	2   4   1 
2337	2   0   4 
2339	2   7   5 
2339	2   0   1 
2341	2   4   1 
2343	2   0   4 
2345	2   1   0 
2347	2   3   0 
2349	6   2   1 
2355	2   1   3 
2357	2   0   1 
2359	2   0   3 
2361	2   1   3 
2363	2   0   1 
2365	2   3   0 
2367	2   2   0 
2369	2   3   7 
2371	2   1   3 
2373	2   7   1 
2375	2   7   3 
2377	2   1   3 
2379	2   7   1 
2381	2   3   7 
2383	2   3   5 
2385	2   1   3 
2387	2   5   1 
2389	2   5   3 
2391	2   1   3 
2393	2   5   1 
2395	2   3   5 
2397	2   7   5 
2399	2   3   7 
2401	2   5   3 
2403	2   5   7 
2405	2   3   7 
2407	2   5   3 
2409	2   7   5 
2411	2   5   4 
2413	2   7   3 
2415	2   1   7 
2417	2   3   1 
2419	2   3   7 
2421	2   1   7 
2423	2   3   1 
2425	2   7   3 
2427	2   7   5 
2429	2   4   7 
2431	2   4   5 
2433	6   1   0 
2433	2   7   5 
2439	2   4   7 
2441	2   5   4 
2443	6   6   0 
2443	2   5   2 
2449	2   1   5 
2451	2   1   2 
2453	2   5   2 
2455	2   1   5 
2457	2   5   4 
2459	2   7   5 
2461	2   4   7 
2463	2   4   5 
2465	2   7   5 
2467	2   4   7 
2469	2   2   1 
2471	2   2   1 
2469	2   7   3 
2471	2   6   7 
2473	2   5   4 
2475	2   5   4 
2477	2   3   6 
2479	2   3   7 
2481	2   6   7 
2483	2   3   6 
2485	2   7   3 
2487	2   7   5 
2489	2   4   7 
2491	2   4   5 
2493	2   7   5 
2495	2   4   7 
2497	2   5   4 
2499	2   5   2 
2501	2   1   5 
2503	2   1   2 
2505	2   5   2 
2507	2   1   5 
2509	2   5   4 
2511	2   7   5 
2513	2   4   7 
2515	2   4   5 
2517	2   7   5 
2519	2   4   7 
2521	2   5   4 
2523	2   7   5 
2525	2   2   1 
2525	2   3   7 
2527	2   5   3 
2529	2   5   7 
2531	2   2   1 
2531	2   3   7 
2533	2   5   3 
2535	2   7   5 
2537	2   5   4 
2539	2   7   3 
2541	2   6   7 
2543	2   3   6 
2545	2   3   7 
2547	2   6   7 
2549	2   3   6 
2551	2   7   3 
2553	2   7   5 
2555	2   4   7 
2557	2   4   5 
2559	2   7   5 
2561	2   4   7 
2563	2   5   4 
2565	2   5   2 
2567	2   1   5 
2569	2   1   2 
2571	2   5   2 
2573	2   1   5 
2575	2   5   4 
2577	2   7   5 
2579	2   4   7 
2581	2   4   5 
2583	2   7   5 
2585	2   4   7 
2587	2   7   3 
2587	2   2   1 
2589	2   2   1 
2589	2   6   7 
2591	2   5   4 
2593	2   5   4 
2595	2   3   6 
2597	2   3   7 
2599	2   6   7 
2601	2   3   6 
2603	2   7   3 
2605	2   7   5 
2607	2   4   7 
2609	2   4   5 
2611	2   7   5 
2613	2   4   7 
2615	2   5   4 
2617	2   5   2 
2619	2   1   5 
2621	2   1   2 
2623	2   5   2 
2625	2   1   5 
2627	2   2   1 
2629	2   5   4 
2631	2   7   5 
2633	2   4   7 
2635	2   4   5 
2637	2   7   5 
2639	2   4   7 
2641	2   1   7 
2643	2   5   4 
2645	2   3   4 
2647	2   6   3 
2647	2   5   2 
2649	2   4   6 
2651	2   4   3 
2653	2   6   3 
2653	6   2   1 
2655	6   8   7 
2661	2   4   6 
2663	2   3   4 
2665	2   3   5 
2667	2   1   3 
2669	2   1   5 
2671	2   3   5 
2673	2   1   3 
2675	2   5   1 
2677	2   5   2 
2679	2   8   5 
2681	2   8   2 
2683	2   5   2 
2685	2   8   5 
2687	2   2   8 
2689	2   5   1 
2691	2   2   8 
2693	2   3   5 
2695	2   1   3 
2697	2   1   5 
2699	2   3   5 
2701	2   1   3 
2703	2   3   4 
2705	2   5   1 
2705	2   6   3 
2707	2   4   6 
2709	2   4   3 
2711	2   5   1 
2711	2   6   3 
2713	2   4   6 
2715	2   3   4 
2717	2   3   5 
2719	2   1   3 
2721	2   1   5 
2723	2   3   5 
2725	2   1   3 
2727	2   5   1 
2729	6   8   2 
2735	2   5   8 
2737	2   2   5 
2739	2   2   8 
2741	2   5   8 
2743	2   2   5 
2745	2   5   1 
2747	2   8   2 
2749	2   3   5 
2751	2   1   3 
2753	2   1   5 
2755	2   3   5 
2757	2   1   3 
2759	2   5   1 
2761	2   3   4 
2763	6   2   1 
2763	2   6   3 
2769	2   4   6 
2771	2   1   2 
2773	2   4   3 
2775	2   8   5 
2775	2   6   3 
2777	6   2   0 
2777	6   8   7 
2783	2   4   6 
2785	2   3   4 
2787	2   3   1 
2789	2   0   3 
2791	2   0   1 
2793	2   3   1 
2795	2   0   3 
2797	2   1   0 
2799	2   1   7 
2801	2   5   1 
2803	2   5   7 
2805	2   1   7 
2807	2   5   1 
2809	2   7   5 
2809	2   1   0 
2811	2   3   1 
2813	2   7   5 
2813	2   0   3 
2815	2   0   1 
2817	2   3   1 
2819	2   0   3 
2821	2   1   0 
2823	2   1   0 
2825	2   3   4 
2827	2   6   3 
2829	2   4   6 
2831	2   4   3 
2833	2   6   3 
2835	2   4   6 
2837	2   3   4 
2839	2   3   1 
2841	2   0   3 
2843	2   0   1 
2845	2   3   1 
2847	2   0   3 
2849	2   1   0 
2851	2   1   7 
2853	2   5   1 
2855	2   5   7 
2857	2   1   7 
2859	2   5   1 
2861	2   1   0 
2861	2   7   5 
2863	2   3   1 
2865	2   0   3 
2867	2   0   1 
2869	2   3   1 
2871	2   0   3 
2873	2   1   0 
2875	6   6   0 
2881	2   1   5 
2881	2   7   6 
2883	2   3   4 
2885	2   0   3 
2887	2   4   0 
2889	2   4   3 
2891	2   0   3 
2893	2   4   0 
2895	2   3   4 
2897	2   3   7 
2899	2   6   3 
2901	2   6   7 
2903	2   3   7 
2905	2   6   3 
2907	2   7   6 
2909	2   7   1 
2911	2   5   7 
2913	2   5   1 
2915	2   7   1 
2917	2   5   7 
2919	2   1   5 
2919	2   7   6 
2921	2   3   7 
2923	2   1   5 
2923	2   6   3 
2925	2   6   7 
2927	2   3   7 
2929	2   6   3 
2931	2   7   6 
2933	2   7   6 
2935	2   3   4 
2937	2   0   3 
2939	2   4   0 
2941	2   4   3 
2943	2   0   3 
2945	2   4   0 
2947	2   3   4 
2949	2   3   7 
2951	2   6   3 
2953	2   6   7 
2955	2   3   7 
2957	2   6   3 
2959	2   7   6 
2961	2   7   1 
2963	2   5   7 
2965	2   5   1 
2967	2   7   1 
2969	2   5   7 
2971	2   1   5 
2973	2   1   5 
2971	2   7   6 
2975	2   3   7 
2977	2   6   3 
2979	2   6   7 
2981	2   3   7 
2983	2   6   3 
2985	2   7   6 
2987	2   4   6 
2989	2   0   4 
2991	2   6   0 
2993	2   6   4 
2995	2   0   4 
2997	2   6   0 
2999	2   4   6 
3001	2   6   7 
3003	2   3   4 
3005	2   0   3 
3007	2   4   0 
3009	2   4   3 
3011	2   0   3 
3013	2   4   0 
3015	6   6   4 
3021	2   3   6 
3023	2   3   4 
3025	2   7   3 
3027	2   7   4 
3029	2   3   4 
3031	2   7   3 
3033	2   4   7 
3035	2   4   1 
3037	2   5   4 
3039	2   5   1 
3041	2   4   1 
3043	2   5   4 
3045	2   4   7 
3047	2   3   4 
3049	2   7   3 
3051	2   7   4 
3053	2   3   4 
3055	2   7   3 
3057	2   1   5 
3057	2   3   6 
3059	2   4   7 
3061	2   4   7 
3063	2   0   3 
3065	2   6   0 
3067	2   1   5 
3067	2   6   3 
3069	2   0   3 
3071	2   6   0 
3073	2   3   6 
3075	2   3   4 
3077	2   7   3 
3079	2   7   4 
3081	6   7   3 
3087	2   7   4 
3089	2   3   7 
3091	2   4   3 
3093	6   7   1 
3099	2   4   7 
3101	2   5   4 
3103	2   5   7 
3105	2   4   7 
3107	2   5   4 
3109	6   4   0 
3115	2   7   5 
3115	2   0   3 
3117	6   8   5 
3117	2   1   0 
3119	2   3   1 
3121	2   3   0 
3123	2   1   0 
3125	2   3   1 
3127	2   0   3 
3129	2   6   3 
3131	2   4   6 
3133	2   3   4 
3135	2   3   6 
3137	2   4   6 
3139	2   3   4 
3141	2   6   3 
3143	2   1   0 
3143	2   6   7 
3145	2   4   6 
3147	2   7   4 
3149	2   7   6 
3151	2   4   6 
3153	2   7   4 
3155	2   6   7 
3157	2   6   8 
3159	2   4   6 
3161	2   8   4 
3163	2   8   6 
3165	2   4   6 
3167	2   8   4 
3169	2   4   1 
3171	2   0   4 
3173	2   0   1 
3175	2   4   1 
3177	2   0   4 
3179	2   6   8 
3179	2   1   0 
3181	6   1   0 
3181	2   7   8 
3187	2   6   3 
3189	2   0   6 
3191	2   3   0 
3193	2   3   6 
3195	2   0   6 
3197	2   3   0 
3199	2   6   3 
3201	2   6   7 
3203	2   8   6 
3205	2   8   7 
3207	2   6   7 
3209	2   8   6 
3211	2   6   3 
3213	2   0   6 
3215	2   7   8 
3215	2   3   0 
3217	2   3   6 
3219	2   0   6 
3221	2   7   8 
3221	2   3   0 
3223	2   6   3 
3225	2   0   1 
3227	2   6   3 
3229	2   4   0 
3231	2   1   4 
3233	2   1   0 
3235	2   4   0 
3237	2   1   4 
3239	2   0   1 
3241	2   0   6 
3243	2   3   0 
3245	2   3   6 
3247	2   0   6 
3249	2   3   0 
3251	2   6   3 
3253	2   6   7 
3255	2   8   6 
3257	2   8   7 
3259	2   6   7 
3261	2   8   6 
3263	2   6   3 
3265	2   0   6 
3267	2   7   8 
3267	2   3   0 
3269	6   8   5 
3269	2   3   6 
3271	2   0   6 
3273	2   3   0 
3275	2   6   3 
3277	2   1   3 
3279	2   4   1 
3281	2   3   4 
3283	2   3   1 
3285	2   4   1 
3287	2   3   4 
3289	2   1   3 
3291	2   1   7 
3293	2   4   1 
3295	2   7   4 
3297	2   7   1 
3299	2   4   1 
3301	2   7   4 
3303	2   1   7 
3305	2   3   7 
3307	2   1   5 
3309	2   4   1 
3311	2   5   4 
3313	2   5   1 
3315	2   4   1 
3317	2   5   4 
3319	2   1   5 
3321	2   4   3 
3323	2   7   4 
3325	2   7   3 
3327	2   4   3 
3329	2   7   4 
3331	2   3   7 
3333	2   3   5 
3335	2   4   3 
3337	2   5   4 
3339	2   5   3 
3341	2   4   3 
3343	2   5   4 
3345	2   3   5 
3347	2   7   5 
3349	2   4   7 
3351	2   5   4 
3353	2   5   7 
3355	2   4   7 
3357	2   5   4 
3359	2   7   5 
