   1	6   5   1 
   1	6  11  10 
   7	2   5   9 
   9	2  10   5 
  11	2   1   0 
  11	2   9  10 
  13	2   9   5 
  15	2  10   5 
  17	2   9  10 
  19	2   5   9 
  21	2   5   1 
  23	2   0   5 
  25	2   0   1 
  27	2   5   1 
  29	2   0   5 
  31	2   5   9 
  33	2  10   5 
  35	2   9  10 
  35	2   1   0 
  37	2   1   0 
  39	2   9   5 
  41	2  10   5 
  43	2   9  10 
  45	2   5   9 
  47	2   5   1 
  49	2   0   5 
  51	2   0   1 
  53	2   5   1 
  55	2   0   5 
  57	2   1   0 
  59	2   0   8 
  61	2   2   0 
  63	2   5   1 
  65	6   2   1 
  65	6   8   4 
  71	2   4   1 
  73	2   4   0 
  75	2   1   0 
  77	2   4   1 
  79	2   0   4 
  81	2   0   5 
  71	6   7   3 
  83	2   2   0 
  85	2   2   5 
  87	2   0   5 
  89	2   2   0 
  91	2   5   2 
  93	2   5   2 
  95	2   0   4 
  97	2   1   0 
  99	2   4   1 
 101	2   4   0 
 103	2   1   0 
 105	2   4   1 
 107	2   0   4 
 109	6   4   1 
  77	6  11  10 
  95	6  10   6 
 115	2   0   5 
 101	6  11   3 
 117	2   2   0 
 119	2   2   5 
 121	2   0   5 
 123	2   2   0 
 125	2   5   2 
 127	2   7   5 
 129	2   1   2 
 131	2   6   1 
 133	2   2   6 
 135	2   2   1 
 137	2   6   1 
 139	2   2   6 
 141	6   6   5 
 147	2   1   2 
 149	2   1   2 
 147	6   9   4 
 153	2   3   1 
 155	6  11   9 
 155	2   2   3 
 157	2   2   1 
 161	2   3   1 
 163	2   2   3 
 165	2   3   7 
 163	6   8   5 
 169	2   6   3 
 171	2   6   7 
 173	2   3   7 
 175	2   6   3 
 177	2   7   6 
 179	2   7   6 
 181	2  11   7 
 181	2   1   2 
 183	2   6  11 
 185	2   6   7 
 187	2  11   7 
 189	2   6  11 
 191	2   7   6 
 193	2   5   6 
 195	6   2   0 
 201	2   2   7 
 195	6  10   9 
 203	2  10   2 
 205	2   7  10 
 207	2   7   2 
 209	2  10   2 
 211	2   7  10 
 213	2   2   7 
 215	2   2   5 
 217	2   6   2 
 219	2   6   5 
 221	2   2   5 
 223	2   6   2 
 225	2   5   6 
 227	2   5   6 
 229	2   2   7 
 231	2  10   2 
 233	2   7  10 
 235	2   7   2 
 237	2  10   2 
 239	2   7  10 
 241	2   2   7 
 243	6  11  10 
 243	2   2   5 
 249	2   6   2 
 251	2   6   5 
 253	2   2   5 
 255	2   6   2 
 257	2   5   6 
 259	2   9   5 
 261	2  10   9 
 263	2   5  10 
 265	2   5   9 
 267	2  10   9 
 269	2   7   6 
 271	2   5  10 
 273	2   9   5 
 275	2   9   5 
 277	2  11   9 
 279	6   6   5 
 285	2   6  11 
 287	2   6   9 
 289	2  11   9 
 291	2   6  11 
 293	2   9   6 
 295	6   5   2 
 295	6  11  10 
 301	2   6   1 
 303	2   5   9 
 305	2  10   5 
 307	2   9  10 
 309	2   9   5 
 311	2  10   5 
 313	2   9  10 
 315	2   5   9 
 317	2   5   7 
 319	2   2   5 
 321	2   2   7 
 323	2   5   7 
 325	2   2   5 
 327	2   7   2 
 327	2   5   9 
 329	2  10   5 
 331	2   9  10 
 333	2   9   5 
 335	2  10   5 
 337	2   9  10 
 337	2   7   2 
 339	2   5   9 
 341	2   5   7 
 343	2   2   5 
 345	2   2   7 
 347	2   5   7 
 349	2   2   5 
 351	2   7   2 
 351	2   5   9 
 353	2  10   5 
 355	2   9  10 
 357	2   9   5 
 359	2  10   5 
 361	2   9  10 
 361	2   2   0 
 363	2   5   9 
 365	2   5   6 
 367	2   1   5 
 369	2   1   6 
 371	2   5   6 
 373	2   1   5 
 375	2   6   1 
 377	2   6   2 
 379	6   6   1 
 385	2   0   1 
 387	2   0   2 
 389	2   1   2 
 391	2   0   1 
 393	2   1   6 
 395	2   5   1 
 397	2   6   5 
 399	2   6   1 
 401	2   5   1 
 403	2   6   5 
 405	2   1   6 
 407	2   1   6 
 409	2   5   9 
 411	2  10   5 
 413	2   9  10 
 413	2   2   0 
 415	2   9   5 
 417	2  10   5 
 419	2   2   0 
 419	2   9  10 
 421	2   5   9 
 423	2   5   1 
 425	2   6   5 
 427	2   6   1 
 429	2   5   1 
 431	2   6   5 
 433	2   1   6 
 435	2   1   2 
 437	2   0   1 
 439	2   0   2 
 441	2   1   2 
 443	2   0   1 
 445	2   1   6 
 447	2   2   0 
 449	2   2   7 
 451	2   5   1 
 453	2   6   5 
 455	2   6   1 
 457	2   5   1 
 459	2   6   5 
 461	2   1   6 
 463	2   5   9 
 465	2  10   5 
 467	2   9  10 
 469	2   9   5 
 471	2  10   5 
 473	2   9  10 
 473	6   1   0 
 479	2   6   1 
 481	2   5   9 
 483	2   5   2 
 485	2   7   5 
 487	2   7   2 
 489	2   5   2 
 491	2   7   5 
 493	2   2   7 
 495	2   2   6 
 497	2   1   2 
 499	2   1   6 
 501	2   2   6 
 503	2   1   2 
 505	2   6   1 
 507	2   6   1 
 509	2   2   7 
 511	2   5   2 
 513	2   7   5 
 515	2   7   2 
 517	2   5   2 
 519	2   7   5 
 521	2   2   7 
 521	2   5   9 
 523	2  10   5 
 525	2   2   7 
 525	2   9  10 
 527	2   9   5 
 529	2  10   5 
 531	2   9  10 
 533	2   5   9 
 535	2   5   2 
 537	2   7   5 
 539	2   7   2 
 541	2   5   2 
 543	2   7   5 
 545	2   2   7 
 547	2   2   6 
 549	2   1   2 
 551	2   1   6 
 553	2   2   6 
 555	2   1   2 
 557	2   6   1 
 559	2   0   1 
 561	2   2   7 
 563	2   5   2 
 565	2   7   5 
 567	2   7   2 
 569	2   5   2 
 571	2   7   5 
 573	2   2   7 
 575	2   2   6 
 577	2   5   7 
 579	2  10   5 
 581	2   7  10 
 583	2   7   5 
 585	2  10   5 
 587	2   7  10 
 589	2   5   7 
 591	2   5   2 
 593	2   6   5 
 595	2   6   2 
 597	2   5   2 
 599	2   6   5 
 601	2   2   6 
 603	2   2   0 
 605	2   1   2 
 607	2   1   0 
 609	2   2   0 
 611	2   1   2 
 613	2   2   6 
 615	2   5   2 
 617	2   6   5 
 619	2   6   2 
 621	2   5   2 
 623	2   6   5 
 625	2   2   6 
 627	2   2   6 
 629	2   5   7 
 631	2  10   5 
 633	2   7  10 
 633	2   0   1 
 635	2   7   5 
 637	2  10   5 
 639	2   0   1 
 639	2   7  10 
 641	2   5   7 
 643	2   5   2 
 645	2   6   5 
 647	2   6   2 
 649	2   5   2 
 651	2   6   5 
 653	2   2   6 
 655	2   2   0 
 657	2   1   2 
 659	2   1   0 
 661	2   2   0 
 663	2   1   2 
 665	2   0   1 
 667	2   4   0 
 667	2   2   6 
 669	2   5   2 
 671	2   6   5 
 673	2   6   2 
 675	2   5   2 
 677	2   6   5 
 679	2   2   6 
 681	2   2   1 
 683	2   5   6 
 685	2  10   5 
 687	2   6  10 
 689	2   6   5 
 691	2  10   5 
 693	2   6  10 
 695	2   5   6 
 697	6   6   2 
 697	6   8   0 
 703	2   5   4 
 695	6  14  11 
 703	6  14  13 
 705	2   8   5 
 707	2   8   4 
 709	2   5   4 
 711	2   8   5 
 713	2   4   8 
 715	2   4   6 
 717	2   1   4 
 719	2   1   6 
 721	2   4   6 
 723	2   1   4 
 725	2   4   8 
 725	2   6   1 
 727	2   5   4 
 729	2   8   5 
 731	2   6   1 
 731	2   8   4 
 733	2   5   4 
 735	2   8   5 
 737	2   5   2 
 739	2  10   5 
 741	2   2  10 
 741	2   4   8 
 743	2   2   5 
 745	2  10   5 
 747	2   4   8 
 747	2   2  10 
 749	2   5   2 
 751	2   5   4 
 753	2   8   5 
 755	2   8   4 
 757	2   5   4 
 759	2   8   5 
 761	2   4   8 
 763	2   4   6 
 765	2   1   4 
 767	2   1   6 
 769	2   4   6 
 771	2   1   4 
 773	2   4   8 
 773	2   6   1 
 775	2   6   7 
 777	2   5   4 
 779	6  10   6 
 785	6  11   7 
 785	2   8   5 
 787	2   8   4 
 789	2   5   4 
 791	2   8   5 
 793	2   4   8 
 795	2   9   8 
 791	6  14  11 
 797	2  13   9 
 799	2   8  13 
 801	2   8   9 
 803	2  13   9 
 805	2   8  13 
 805	2   1   5 
 807	2  13  10 
 809	6   9   4 
 815	6   1   0 
 815	2  14  13 
 821	2   4   8 
 817	2  14  10 
 819	2  13  10 
 821	2  14  13 
 823	2  10  14 
 825	2   8   9 
 827	2  10   8 
 829	2   9  10 
 831	2   9   8 
 833	2  10   8 
 835	2   9  10 
 837	2   8   9 
 839	2   8   0 
 841	2   5   8 
 843	2   5   0 
 845	2   8   0 
 847	2   5   8 
 849	2   8   9 
 851	2   0   5 
 853	2   0   5 
 855	2  10   8 
 857	2   9  10 
 859	2   9   8 
 861	2  10   8 
 863	2   9  10 
 865	2   8   9 
 867	2  10  14 
 869	2  13  10 
 871	2   8   9 
 873	2  14  13 
 875	2  14  10 
 877	2  13  10 
 879	2  14  13 
 881	2  10  14 
 883	2  10   8 
 885	2   9  10 
 887	2   9   8 
 889	2  10   8 
 891	2   9  10 
 893	2   8   9 
 895	6  14   6 
 895	2   8   0 
 901	6  13  10 
 901	6   2   1 
 907	2   5   8 
 909	2   5   0 
 911	2   8   0 
 913	2   5   8 
 915	2   8   9 
 917	2   0   5 
 919	2   5   6 
 921	2  10   5 
 923	2   6  10 
 925	2   6   5 
 927	2  10   5 
 929	2   1   0 
 929	2   6  10 
 929	2  13   8 
 931	2   5   6 
 933	2   5   1 
 935	2   0   5 
 937	2   0   1 
 939	2   5   1 
 941	6   2   0 
 941	2   9  13 
 943	2   9   8 
 945	2  13   8 
 947	2   2   5 
 949	2   1   2 
 949	2   9  13 
 951	2   5   6 
 953	2  10   5 
 955	2   6  10 
 957	2   6   5 
 959	2   1   2 
 959	2   8   9 
 961	2  10   5 
 963	2   6  10 
 963	2   4   8 
 965	6  13   8 
 965	2   5   6 
 967	2   5   1 
 971	2   2   5 
 973	2   2   1 
 975	2   5   1 
 977	2   2   5 
 979	6   8   4 
 979	2   1   2 
 981	2   2   6 
 983	2  10   2 
 985	2   6  10 
 987	2   6   2 
 985	6   4   0 
 989	2  10   2 
 991	2   6  10 
 991	2   0   1 
 993	2   9   5 
 995	2   2   6 
 997	2   2   0 
 999	2   1   2 
 999	6   9   4 
1005	2   1   0 
1007	2   2   0 
1009	2   1   2 
1011	2   0   1 
1013	2   0   4 
1015	2   5   0 
1017	2   5   4 
1019	2   0   4 
1021	2   5   0 
1023	2   4   5 
1025	2   4   5 
1027	2   0   1 
1029	2   2   0 
1031	2   1   2 
1033	2   1   0 
1035	2   2   0 
1037	2   1   2 
1039	2   2   6 
1041	2  10   2 
1043	2   6  10 
1043	2   0   1 
1045	2   6   2 
1047	2  10   2 
1049	2   6  10 
1049	2   0   1 
1051	2   2   6 
1053	2   2   0 
1055	2   1   2 
1057	2   1   0 
1059	2   2   0 
1061	2   1   2 
1063	2   0   1 
1065	2   0   4 
1067	2   5   0 
1069	2   5   4 
1071	2   0   4 
1073	6   2   0 
1079	2   5   2 
1051	6  14  11 
1079	6  11   7 
1081	2   4   5 
1083	2   2   1 
1085	2   0   2 
1087	2   1   0 
1089	2   1   2 
1091	2   0   2 
1093	2   1   0 
1095	2   2   1 
1097	2   2   6 
1099	2   1   4 
1101	2   7   2 
1103	2   6   7 
1101	6   4   0 
1105	2   6   2 
1107	2   7   2 
1107	2   4   5 
1109	6   8   4 
1109	2   6   7 
1111	2   2   6 
1113	2   2   1 
1115	2   0   2 
1117	2   0   1 
1115	6  13   9 
1119	2   2   1 
1121	2   0   2 
1123	2   1   0 
1125	2   1   4 
1127	2   9   1 
1129	2   9   4 
1131	2   1   4 
1133	2   9   1 
1135	2   4   9 
1137	2   4   8 
1139	2   5   4 
1141	2   5   8 
1143	2   4   8 
1145	2   5   4 
1147	2   4   9 
1149	2   1   4 
1151	2   9   1 
1153	2   9   4 
1155	2   1   4 
1157	2   9   1 
1159	6   8   5 
1165	2   5   8 
1167	2   1   0 
1169	2   4   9 
1169	2   2   1 
1171	2   0   2 
1173	2   0   1 
1175	2   4   9 
1175	2   2   1 
1177	2   5   8 
1179	2   0   2 
1181	2   2   6 
1183	2   7   2 
1185	2   6   7 
1185	2   1   0 
1187	2   6   2 
1189	2   7   2 
1191	2   1   0 
1191	2   6   7 
1193	2   2   6 
1195	2   2   1 
1197	2   0   2 
1199	2   0   1 
1201	2   2   1 
1203	2   0   2 
1205	2   1   0 
1207	2   1   4 
1209	2   9   1 
1211	2   9   4 
1213	2   1   4 
1215	2   9   1 
1217	2   4   9 
1219	2   4   5 
1221	2   8   4 
1223	2   8   5 
1225	2   4   5 
1227	2   8   4 
1229	2   5   8 
1231	2   5   6 
1233	6   5   2 
1239	2   7   2 
1241	2   6   7 
1239	2   4   9 
1241	2   1   4 
1243	2   9   1 
1245	2   6   2 
1245	2   9   4 
1247	2   1   4 
1249	2   9   1 
1251	2   7   2 
1251	2   4   9 
1253	2   6   7 
1253	2   1   0 
1255	2   5   1 
1257	2   9   8 
1257	2   2   6 
1259	2   0   5 
1261	2   0   1 
1263	2   5   1 
1265	2   0   5 
1267	2   1   0 
1269	2   5   1 
1271	2   4   0 
1273	2   2   5 
1275	2   1   2 
1277	2   1   5 
1279	2   2   5 
1281	2   1   2 
1283	2   5   1 
1285	2   5   4 
1287	2   0   5 
1289	2   0   4 
1291	2   5   4 
1293	2   0   5 
1295	2   4   0 
1297	2   4   9 
1299	2   8   4 
1301	2   8   9 
1303	2   4   9 
1305	2   8   4 
1307	2   4   0 
1309	2   5   4 
1311	2   0   5 
1313	2   0   4 
1315	2   5   4 
1317	2   0   5 
1319	2   5   1 
1321	2   2   5 
1323	2   9   8 
1323	2   1   2 
1325	2   1   5 
1327	2   2   5 
1329	2   1   2 
1329	2   9   8 
1331	2   4   0 
1331	2   2   6 
1333	2   7   2 
1335	2   6   7 
1333	2   4   0 
1337	2   6   2 
1339	2   7   2 
1341	2   6   7 
1343	6   7   3 
1343	2   5   1 
1345	2   5   1 
1349	2   2   6 
1351	2   2   5 
1353	2   1   2 
1355	2   1   5 
1357	2   2   5 
1359	2   1   2 
1361	2   5   1 
1363	2   5   4 
1365	2   0   5 
1367	2   0   4 
1369	2   5   4 
1371	2   0   5 
1373	2   4   0 
1375	2   4   9 
1377	2   8   4 
1379	2   8   9 
1377	6   6   1 
1383	2   4   9 
1385	2   8   4 
1387	2   4   0 
1389	2   5   4 
1391	2   0   5 
1393	2   0   4 
1395	2   5   4 
1397	2   0   5 
1399	2   5   6 
1401	2   2   5 
1403	2   6   2 
1403	2   9   8 
1405	2   6   5 
1407	2   2   5 
1409	2   6   2 
1411	2   5   6 
1413	2   2   6 
1415	2   3   2 
1413	2   4   0 
1417	2   1   0 
1417	2   6   3 
1419	2   6   2 
1421	2   5   8 
1421	2   3   2 
1423	2   6   3 
1425	2   4   9 
1425	2   2   6 
1427	2   2   1 
1429	2   0   2 
1431	2   0   1 
1433	2   2   1 
1435	2   0   2 
1437	2   1   0 
1439	2   1   4 
1441	2   9   1 
1443	2   9   4 
1445	2   1   4 
1447	2   9   1 
1449	2   4   9 
1451	2   4   5 
1453	2   8   4 
1455	2   8   5 
1457	2   4   5 
1459	2   8   4 
1461	2   4   9 
1463	2   1   4 
1465	2   9   1 
1467	2   9   4 
1469	2   1   4 
1471	2   9   1 
1473	2   1   0 
1475	2   4   9 
1475	2   2   1 
1477	2   0   2 
1479	2   0   1 
1481	2   4   9 
1481	2   2   1 
1483	2   0   2 
1485	2   2   6 
1487	2   3   2 
1487	2   5   8 
1489	2   1   0 
1489	2   6   3 
1491	2   6   2 
1493	2   3   2 
1493	2   5   8 
1495	2   1   0 
1495	2   6   3 
1497	2   2   6 
1499	2   2   1 
1501	2   0   2 
1503	2   0   1 
1505	2   2   1 
1507	2   0   2 
1509	6   2   0 
1515	2   1   2 
1517	2   1   4 
1519	2   9   1 
1521	2   9   4 
1523	2   1   4 
1525	2   9   1 
1527	2   4   9 
1529	2   4   5 
1531	2   8   4 
1533	2   8   5 
1535	2   4   5 
1537	2   8   4 
1539	2   4   9 
1541	2   1   4 
1543	2   9   1 
1545	2   5   8 
1547	2   9   4 
1549	2   1   4 
1551	2   9   1 
1553	2   1   2 
1555	2   0   1 
1557	2   2   0 
1559	2   2   1 
1561	2   0   1 
1563	2   2   0 
1565	2   4   9 
1565	2   1   2 
1567	2   1   9 
1569	6   8   0 
1569	2   6   2 
1575	2   8   0 
1571	2   3   6 
1573	2   2   3 
1575	2   2   6 
1577	2   3   6 
1579	2   4   5 
1579	2   2   3 
1581	2   6   2 
1583	2   6   1 
1585	2   9   6 
1587	2   9   1 
1589	2   6   1 
1591	2   9   6 
1593	2   1   9 
1595	2   1   4 
1597	2   5   1 
1599	2   5   4 
1601	2   1   4 
1603	2   5   1 
1605	2   4   5 
1607	2   4   8 
1609	2   0   4 
1611	2   0   8 
1613	2   4   8 
1615	2   0   4 
1617	2   4   5 
1619	2   1   4 
1621	2   5   1 
1623	2   5   4 
1625	2   1   4 
1627	2   5   1 
1629	2   1   9 
1631	2   6   1 
1633	2   9   6 
1635	2   9   1 
1637	2   6   1 
1639	2   9   6 
1641	2   1   9 
1643	2   6   2 
1645	2   3   6 
1647	2   4   5 
1647	2   2   3 
1649	2   1   9 
1651	2   8   0 
1651	2   2   6 
1653	2   3   6 
1655	2   4   5 
1657	2   8   0 
1655	2   2   3 
1657	2   6   2 
1659	2   6   1 
1661	2   9   6 
1663	2   9   1 
1665	2   6   1 
1667	2   9   6 
1669	6   7   3 
1669	2   1   9 
1671	2   1   4 
1673	2   5   1 
1675	2   5   4 
1677	2   1   4 
1679	2   5   1 
1681	2   4   5 
1683	2   4   8 
1685	2   0   4 
1687	2   0   8 
1689	2   4   8 
1691	2   0   4 
1693	2   4   5 
1695	2   1   4 
1697	2   5   1 
1699	6   6   4 
1705	2   8   0 
1707	2   5   6 
1709	2   1   6 
1711	2   5   1 
1713	2   6   5 
1715	6   6   3 
1721	2   2   0 
1723	2   1   9 
1725	2   4   1 
1727	2   9   4 
1729	2   9   1 
1731	2   4   1 
1733	6   8   4 
1739	2   9   8 
1741	2   4   8 
1743	2   1   9 
1745	2   1   5 
1747	6   9   8 
1747	2   6   1 
1753	2   5   6 
1755	2   5   1 
1757	2   6   1 
1759	6   5   2 
1765	2   2   6 
1767	2   6   4 
1769	2   9   6 
1771	2   1   2 
1771	2   9   4 
1773	2   6   4 
1775	2   9   6 
1777	2   4   9 
1779	2   4   5 
1781	2   0   4 
1783	2   0   5 
1785	6  10   8 
1791	2   4   5 
1793	2   0   4 
1795	2   4   9 
1797	2   5   0 
1799	2   5   0 
1801	2   6   4 
1803	2   9   6 
1805	2   9   4 
1807	2   6   4 
1809	2   9   6 
1811	2   4   9 
1813	2   4   5 
1815	2   0   4 
1817	2   0   5 
1819	2   4   5 
1821	6  10   6 
1821	2   0   4 
1823	6   1   0 
1827	6   7   3 
1829	2   4   9 
1831	2   8   4 
1833	2   9   8 
1835	2   9   4 
1837	2   8   4 
1837	6  10   7 
1839	2   5   1 
1841	2   2   1 
1843	2   6   5 
1845	2   9   8 
1847	2   4   9 
1849	2   4   6 
1851	2   5   4 
1853	2   5   6 
1855	2   4   6 
1857	2   5   4 
1859	2   6   5 
1861	2   6   2 
1863	2   1   6 
1865	2   1   2 
1867	2   6   2 
1869	2   1   6 
1871	2   6   5 
1873	2   4   6 
1875	2   5   4 
1877	2   5   6 
1879	2   4   6 
1881	2   5   4 
1883	2   6   5 
1885	2   4   9 
1887	2   8   4 
1885	2   2   1 
1889	2   9   8 
1891	2   6   5 
1893	2   9   4 
1895	2   8   4 
1897	2   9   8 
1893	2   2   1 
1899	2   4   9 
1901	2   4   6 
1903	2   5   4 
1905	2   5   6 
1907	6  10   9 
1907	6   7   3 
1913	6   9   4 
1913	6  11   7 
1919	2   9   6 
1921	6  14  11 
1921	2   5   9 
1923	2   6   5 
1925	2   6   2 
1925	6   8   4 
1927	2   1   6 
1929	2   1   2 
1931	6  13   8 
1931	2   6   2 
1933	2   1   6 
1935	2   6   5 
1937	2   2   1 
1939	2   2   0 
1941	2   9   6 
1943	2   5   9 
1945	2   5   6 
1947	2   9   6 
1949	2   5   9 
1951	2   6   5 
1953	2   9  13 
1955	2  14   9 
1957	2   6  10 
1959	6   6   2 
1959	2  13  14 
1961	2  13   9 
1963	2  14   9 
1953	6   4   0 
1965	2   5   1 
1965	2  13  14 
1967	2   9  13 
1969	2   9   6 
1971	2   4   9 
1973	2   4   6 
1975	2   9   6 
1977	2   4   9 
1979	2   6   4 
1981	2   6   2 
1983	2  10   6 
1985	2  10   2 
1987	2   6   2 
1989	2  10   6 
1991	2   2  10 
1993	2   2   5 
1995	2   1   2 
1997	2   1   5 
1999	2   2   5 
2001	2   1   2 
2003	2   2  10 
2005	2   6   2 
2007	2  10   6 
2009	2   5   1 
2011	2   5   1 
2013	2  10   2 
2015	2   6   2 
2017	2  10   6 
2019	2   2  10 
2021	2   6   4 
2023	2   2  10 
2025	2   9   6 
2027	2   4   9 
2029	2   4   6 
2031	2   9   6 
2033	2   4   9 
2035	2   9  13 
2037	2  14   9 
2039	2   6   4 
2039	2  13  14 
2041	2  13   9 
2043	2  14   9 
2045	2   6   4 
2045	2  13  14 
2047	2   9  13 
2049	2   9   6 
2051	2   4   9 
2053	2   4   6 
2055	2   9   6 
2057	2   4   9 
2059	2   6   4 
2061	2   6   2 
2063	2  10   6 
2065	2  10   2 
2067	2   6   2 
2069	2  10   6 
2071	2   2  10 
2073	2   2   5 
2075	2   1   2 
2077	2   1   5 
2079	2   2   5 
2081	2   1   2 
2083	2   2  10 
2085	2   6   2 
2087	2   5   1 
2089	2  10   6 
2091	2  10   2 
2093	2   6   2 
2095	2  10   6 
2097	2   6   4 
2099	2   9   6 
2101	2   4   9 
2103	2   4   6 
2105	2   9   6 
2107	2   4   9 
2109	2   9  13 
2111	2   6   4 
2113	2  14   9 
2113	6   6   2 
2119	2   2   1 
2115	2  13  14 
2117	2  13   9 
2119	2  14   9 
2121	2  13  14 
2121	2   4   5 
2123	2   9  13 
2125	2   6  10 
2123	6   4   1 
2127	2   6  10 
2129	2   9   6 
2131	2  10   9 
2129	6   4   0 
2133	2  10   6 
2135	2   9   6 
2137	2  10   9 
2139	2   6  10 
2141	2   6   1 
2143	2   5   6 
2145	2   5   1 
2147	2   6   1 
2149	2   5   6 
2151	2   1   5 
2153	2   1   2 
2155	2   0   1 
2157	2   0   2 
2159	2   1   2 
2161	2   0   1 
2163	2   1   5 
2165	2   6   1 
2167	2   5   6 
2169	2   5   1 
2171	2   6   1 
2173	2   5   6 
2175	2   6  10 
2177	2   9   6 
2179	2  10   9 
2181	2  10   6 
2183	2   9   6 
2185	2   2   0 
2185	2  10   9 
2187	2   9  13 
2189	2  14   9 
2191	2  13  14 
2191	2   1   5 
2193	2  13   9 
2193	2   2   0 
2195	2  14   9 
2197	2   1   5 
2197	2  13  14 
2199	2   9  13 
2201	2   6  10 
2203	2   6  10 
2205	2   9   6 
2207	2  10   9 
2209	2  10   6 
2211	2   9   6 
2213	2  10   9 
2215	2   6  10 
2217	2   6   1 
2219	2   5   6 
2221	2   5   1 
2223	2   6   1 
2225	2   5   6 
2227	2   1   5 
2229	2   1   2 
2231	2   0   1 
2233	2   0   2 
2235	2   1   2 
2237	2   0   1 
2239	2   1   5 
2241	2   6   1 
2243	2   5   6 
2245	2   5   1 
2247	2   6   1 
2249	2   5   6 
2251	2   1   5 
2253	6   1   0 
2253	2   6  10 
2255	2   9   6 
2257	2  10   9 
2259	2  10   6 
2261	2   9   6 
2263	2   2   1 
2263	2  10   9 
2265	2   6  10 
2267	2  10   9 
2269	2   8  10 
2271	2   9   8 
2273	2   9  10 
2275	2   6   5 
2277	2   8  10 
2279	2   4   6 
2281	2   9   8 
2283	2  10   9 
2285	2   9   1 
2287	2  10   2 
2289	2   5   4 
2291	2   5   6 
2293	2   4   6 
2295	2   5   4 
2297	2   6   5 
2299	2   6  10 
2301	2   2   6 
2303	2   2  10 
2305	6   5   1 
2311	2   6  10 
2313	2   2   6 
2315	2  10   2 
2317	2  10   9 
2319	2   5  10 
2321	2   5   9 
2323	2  10   9 
2325	2   5  10 
2327	2   9   5 
2329	2   9   5 
2331	2  10   2 
2333	2   6  10 
2335	2   2   6 
2337	2   2  10 
2339	2   6  10 
2341	2   2   6 
2343	2  10   2 
2345	2  10   2 
2347	2   6   1 
2349	2   4   6 
2351	2   1   4 
2353	2   1   6 
2355	2   4   6 
2357	2   1   4 
2359	2   6   1 
2361	2   6  10 
2363	2   2   6 
2361	6   4   0 
2365	2   2  10 
2367	2   6  10 
2369	2   2   6 
2371	2  10   2 
2373	2  10   9 
2375	2   5  10 
2377	2   5   9 
2379	2  10   9 
2381	2   5  10 
2383	2  10   2 
2385	2   6  10 
2387	2   2   6 
2389	2   2  10 
2391	2   9   5 
2393	2   9   5 
2395	2   6  10 
2397	2   2   6 
2399	2  10   2 
2401	2   2   1 
2403	2   0   2 
2405	2   1   0 
2407	2   1   2 
2401	6  10   9 
2409	2   0   2 
2411	2   1   0 
2413	2   2   1 
2407	6  13   8 
2415	2   2  10 
2417	2   5   2 
2419	2   5  10 
2421	2   6   4 
2423	6   8   4 
2423	2   2  10 
2429	2   5   2 
2431	2  10   5 
2433	2  10   5 
2435	2   2   1 
2437	2   0   2 
2439	2   1   0 
2441	2   1   2 
2443	2   0   2 
2445	2   1   0 
2447	2   2   1 
2449	2   2  10 
2451	6   6   2 
2451	6   9   4 
2457	2   5   6 
2459	2   5  10 
2461	2   6  10 
2463	2   5   6 
2465	2  10   5 
2467	2  10   5 
2469	6  10   8 
2475	2   6   9 
2477	2  14   6 
2479	2   9  14 
2475	6   4   0 
2481	2   9   6 
2481	2   0   1 
2483	2  14   6 
2485	2   9  14 
2487	2   6   9 
2489	2   6   2 
2491	2  10   6 
2493	2  10   2 
2495	2   6   2 
2497	2  10   6 
2499	2   2  10 
2501	2   2   0 
2503	2   1   2 
2505	2   1   0 
2507	2   2   0 
2509	2   1   2 
2511	2   0   1 
2513	2   0   8 
2515	2   5   0 
2517	2   5   8 
2519	2   0   8 
2521	2   5   0 
2523	2   8   5 
2525	2   8   5 
2527	2   0   1 
2529	2   2   0 
2531	2   1   2 
2533	2   1   0 
2535	2   2   0 
2537	2   1   2 
2539	2   2  10 
2541	2   6   2 
2543	2  10   6 
2543	2   0   1 
2545	2  10   2 
2547	2   6   2 
2549	2   0   1 
2549	2  10   6 
2551	2   6   9 
2553	2  14   6 
2555	2   9  14 
2557	2   9   6 
2559	2   2  10 
2561	2  14   6 
2563	2   2  10 
2565	2   9  14 
2567	2   6   9 
2569	2   6   2 
2571	2  10   6 
2573	2  10   2 
2575	2   6   2 
2577	2  10   6 
2579	2   2  10 
2581	2   2   0 
2583	2   1   2 
2585	2   1   0 
2587	2   2   0 
2589	2   1   2 
2591	2   0   1 
2593	2   0   8 
2595	2   5   0 
2597	2   5   8 
2599	2   0   8 
2601	2   5   0 
2603	2   0   1 
2605	2   2   0 
2607	2   1   2 
2609	6   9   5 
2581	6  14  11 
2615	2   8   9 
2615	2   1   0 
2607	6  11   7 
2617	2   8   9 
2617	2   2   0 
2619	2   1   2 
2621	2   2  10 
2623	2   6   2 
2625	2  10   6 
2625	2   0   1 
2627	2  10   2 
2629	2   6   2 
2631	2   0   1 
2631	2  10   6 
2633	2   2  10 
2635	2   2   5 
2637	2   7   2 
2639	2   5   7 
2641	2   5   2 
2643	2   7   2 
2645	2   5   7 
2647	2   2   5 
2649	2   2   0 
2651	2   1   2 
2653	2   1   0 
2653	2  10   6 
2655	6   5   0 
2655	6   7   3 
2661	2   2   5 
2663	2   1   2 
2665	2   5   1 
2667	2   5  10 
2669	2   6   5 
2671	2   6  10 
2673	2   5  10 
2675	2   6   5 
2677	2  10   6 
2679	2  10   8 
2681	2   9  10 
2683	2   9   8 
2685	2  10   8 
2687	2   9  10 
2689	2   8   9 
2691	2   8   9 
2693	2  10   6 
2695	2   5  10 
2697	2   6   5 
2699	2   6  10 
2701	2   5  10 
2703	2   6   5 
2705	2   5   1 
2707	2   2   5 
2709	2   1   2 
2711	2  10   6 
2713	2   1   5 
2715	2  10   6 
2717	2   2   5 
2719	2   1   2 
2721	2   5   1 
2723	2   2   0 
2725	2   5   1 
2727	6   6   3 
2727	6   1   0 
2733	2   6   2 
2735	2   1   6 
2737	2   1   2 
2739	2   6   2 
2741	2   1   6 
2743	6   6   3 
2743	6  12   4 
2749	2   2   1 
2751	2   2   5 
2753	2   0   2 
2755	2   0   5 
2757	2   2   5 
2759	2   0   2 
2761	2   5   0 
2763	2   5  10 
2765	2   6   5 
2767	2   6  10 
2769	2   5  10 
2771	2   6   5 
2773	2  10   6 
2775	2  10   8 
2777	2   9  10 
2779	2   9   8 
2781	2  10   8 
2783	2   9  10 
2785	6   9   8 
2791	6  13  12 
2791	2  10   6 
2793	2   5  10 
2795	2   6   5 
2797	2   6  10 
2799	2   5  10 
2801	2   6   5 
2803	2   5   0 
2805	2   9   8 
2807	2   2   5 
2809	2   0   2 
2811	2  10   6 
2813	2   0   5 
2815	2   2   5 
2817	2   0   2 
2819	2   5   0 
2821	2   0   4 
2823	6   5   0 
2829	2   5   8 
2831	6  13   5 
2837	2  12  13 
2839	2   8  12 
2819	6  11   7 
2841	2   8  13 
2843	2  12  13 
2837	6  11  10 
2845	2   8  12 
2847	2  13   8 
2849	2  13   8 
2851	2  10  13 
2853	2   8  10 
2855	2   8  13 
2857	2  10  13 
2859	2   8  10 
2861	2  13   8 
2863	2  13   8 
2865	2   5  13 
2867	2   8   5 
2869	2   8  13 
2871	2   5  13 
2873	2   8   5 
2875	2  13   8 
2877	2   8   4 
2879	2   8  12 
2881	2   8  10 
2883	2   8   5 
