[[22, 21], [22, 21], [22, 20], [22, 20]]
[[21, 20], [22, 19], [21, 20], [22, 19], [21, 19], [22, 18], [21, 19], [22, 18]]
[[20, 19], [21, 18], [22, 17], [20, 19], [21, 18], [22, 17], [20, 18], [21, 17], [22, 16], [20, 18], [21, 17], [22, 16]]
[[19, 18], [20, 17], [21, 16], [22, 15], [19, 18], [20, 17], [21, 16], [22, 15], [19, 17], [20, 16], [21, 15], [22, 14], [19, 17], [20, 16], [21, 15], [22, 14]]
[[18, 17], [19, 16], [20, 15], [21, 14], [22, 13], [18, 17], [19, 16], [20, 15], [21, 14], [22, 13], [18, 16], [19, 15], [20, 14], [21, 13], [22, 12], [18, 16], [19, 15], [20, 14], [21, 13], [22, 12]]
[[17, 16], [18, 15], [19, 14], [20, 13], [21, 12], [22, 11], [17, 16], [18, 15], [19, 14], [20, 13], [21, 12], [22, 11], [17, 15], [18, 14], [19, 13], [20, 12], [21, 11], [22, 10], [17, 15], [18, 14], [19, 13], [20, 12], [21, 11], [22, 10]]
[[16, 15], [17, 14], [18, 13], [19, 12], [20, 11], [21, 10], [22, 9], [16, 15], [17, 14], [18, 13], [19, 12], [20, 11], [21, 10], [22, 9], [16, 14], [17, 13], [18, 12], [19, 11], [20, 10], [21, 9], [22, 8], [16, 14], [17, 13], [18, 12], [19, 11], [20, 10], [21, 9], [22, 8]]
[[15, 14], [16, 13], [17, 12], [18, 11], [19, 10], [20, 9], [21, 8], [22, 7], [15, 14], [16, 13], [17, 12], [18, 11], [19, 10], [20, 9], [21, 8], [22, 7], [15, 13], [16, 12], [17, 11], [18, 10], [19, 9], [20, 8], [21, 7], [22, 6], [15, 13], [16, 12], [17, 11], [18, 10], [19, 9], [20, 8], [21, 7], [22, 6]]
[[14, 13], [15, 12], [16, 11], [17, 10], [18, 9], [19, 8], [20, 7], [21, 6], [22, 5], [14, 13], [15, 12], [16, 11], [17, 10], [18, 9], [19, 8], [20, 7], [21, 6], [22, 5], [14, 12], [15, 11], [16, 10], [17, 9], [18, 8], [19, 7], [20, 6], [21, 5], [22, 4], [14, 12], [15, 11], [16, 10], [17, 9], [18, 8], [19, 7], [20, 6], [21, 5], [22, 4]]
[[13, 12], [14, 11], [15, 10], [16, 9], [17, 8], [18, 7], [19, 6], [20, 5], [21, 4], [22, 3], [13, 12], [14, 11], [15, 10], [16, 9], [17, 8], [18, 7], [19, 6], [20, 5], [21, 4], [22, 3], [13, 11], [14, 10], [15, 9], [16, 8], [17, 7], [18, 6], [19, 5], [20, 4], [21, 3], [22, 2], [13, 11], [14, 10], [15, 9], [16, 8], [17, 7], [18, 6], [19, 5], [20, 4], [21, 3], [22, 2]]
[[12, 11], [13, 10], [14, 9], [15, 8], [16, 7], [17, 6], [18, 5], [19, 4], [20, 3], [21, 2], [22, 1], [12, 11], [13, 10], [14, 9], [15, 8], [16, 7], [17, 6], [18, 5], [19, 4], [20, 3], [21, 2], [22, 1], [12, 10], [13, 9], [14, 8], [15, 7], [16, 6], [17, 5], [18, 4], [19, 3], [20, 2], [21, 1], [22, 0], [12, 10], [13, 9], [14, 8], [15, 7], [16, 6], [17, 5], [18, 4], [19, 3], [20, 2], [21, 1], [22, 0]]
[[11, 10], [12, 9], [13, 8], [14, 7], [15, 6], [16, 5], [17, 4], [18, 3], [19, 2], [20, 1], [21, 0], [11, 10], [12, 9], [13, 8], [14, 7], [15, 6], [16, 5], [17, 4], [18, 3], [19, 2], [20, 1], [21, 0], [11, 9], [12, 8], [13, 7], [14, 6], [15, 5], [16, 4], [17, 3], [18, 2], [19, 1], [20, 0], [11, 9], [12, 8], [13, 7], [14, 6], [15, 5], [16, 4], [17, 3], [18, 2], [19, 1], [20, 0]]
[[10, 9], [11, 8], [12, 7], [13, 6], [14, 5], [15, 4], [16, 3], [17, 2], [18, 1], [19, 0], [10, 9], [11, 8], [12, 7], [13, 6], [14, 5], [15, 4], [16, 3], [17, 2], [18, 1], [19, 0], [10, 8], [11, 7], [12, 6], [13, 5], [14, 4], [15, 3], [16, 2], [17, 1], [18, 0], [10, 8], [11, 7], [12, 6], [13, 5], [14, 4], [15, 3], [16, 2], [17, 1], [18, 0]]
[[9, 8], [10, 7], [11, 6], [12, 5], [13, 4], [14, 3], [15, 2], [16, 1], [17, 0], [9, 8], [10, 7], [11, 6], [12, 5], [13, 4], [14, 3], [15, 2], [16, 1], [17, 0], [9, 7], [10, 6], [11, 5], [12, 4], [13, 3], [14, 2], [15, 1], [16, 0], [9, 7], [10, 6], [11, 5], [12, 4], [13, 3], [14, 2], [15, 1], [16, 0]]
[[8, 7], [9, 6], [10, 5], [11, 4], [12, 3], [13, 2], [14, 1], [15, 0], [8, 7], [9, 6], [10, 5], [11, 4], [12, 3], [13, 2], [14, 1], [15, 0], [8, 6], [9, 5], [10, 4], [11, 3], [12, 2], [13, 1], [14, 0], [8, 6], [9, 5], [10, 4], [11, 3], [12, 2], [13, 1], [14, 0]]
[[7, 6], [8, 5], [9, 4], [10, 3], [11, 2], [12, 1], [13, 0], [7, 6], [8, 5], [9, 4], [10, 3], [11, 2], [12, 1], [13, 0], [7, 5], [8, 4], [9, 3], [10, 2], [11, 1], [12, 0], [7, 5], [8, 4], [9, 3], [10, 2], [11, 1], [12, 0]]
[[6, 5], [7, 4], [8, 3], [9, 2], [10, 1], [11, 0], [6, 5], [7, 4], [8, 3], [9, 2], [10, 1], [11, 0], [6, 4], [7, 3], [8, 2], [9, 1], [10, 0], [6, 4], [7, 3], [8, 2], [9, 1], [10, 0]]
[[5, 4], [6, 3], [7, 2], [8, 1], [9, 0], [10, 12], [5, 4], [6, 3], [7, 2], [8, 1], [9, 0], [12, 10], [5, 3], [6, 2], [7, 1], [8, 0], [10, 12], [9, 13], [5, 3], [6, 2], [7, 1], [8, 0], [13, 9]]
[[4, 3], [5, 2], [6, 1], [7, 0], [9, 13], [8, 14], [4, 3], [5, 2], [6, 1], [7, 0], [14, 8], [4, 2], [5, 1], [6, 0], [8, 14], [7, 15], [4, 2], [5, 1], [6, 0], [15, 7]]
[[3, 2], [4, 1], [5, 0], [7, 15], [6, 16], [3, 2], [4, 1], [5, 0], [16, 6], [3, 1], [4, 0], [6, 16], [5, 17], [3, 1], [4, 0], [17, 5]]
[[2, 1], [3, 0], [5, 17], [4, 18], [2, 1], [3, 0], [18, 4], [2, 0], [4, 18], [3, 19], [2, 0], [19, 3]]
[[1, 0], [3, 19], [2, 20], [1, 0], [20, 2], [2, 20], [1, 21], [0, 22], [21, 1], [22, 0], [1, 21], [0, 22]]
