   1	6  14  12 
   1	6  22  21 
   7	2  12  22 
   9	2  22  16 
   9	6   8   6 
  11	6  17  15 
  17	2  16   6 
  17	6  18  14 
  19	2   6  11 
  21	6   8   7 
  23	2  11  17 
  25	2  17  18 
  25	6  10   0 
  27	2  18  14 
  29	2  14   8 
  31	2  22  12 
  31	6   3   1 
  33	2  16  22 
  37	2   6  16 
  39	2  11   6 
  39	2   8   2 
  41	2  17  11 
  41	2   2   0 
  43	2  18  17 
  43	2   0   5 
  43	6  15  11 
  45	2  14  18 
  47	2   8  14 
  49	2   2   8 
  49	2   5  10 
  49	6  21  16 
  51	2   0   2 
  53	2   5   0 
  55	2  10  11 
  55	6   7   1 
  57	2  10   5 
  61	2  11   7 
  63	2  11  10 
  65	6  11   7 
  71	2  11  16 
  71	6  13   3 
  77	2  11   7 
  79	6  13  11 
  85	2  16  11 
  85	6   7   1 
  85	6  19   9 
  87	6  17  16 
  91	6  24  14 
  93	2  11   7 
  97	2  17  13 
  99	2   7   9 
 101	2  11  17 
 101	2   9  14 
 103	2   7  11 
 103	2  14   4 
 105	2   9   7 
 107	2   4   3 
 107	6  19  13 
  93	6  21  20 
 103	6  22  21 
 109	6  22  17 
 113	2  14   9 
 115	2   3  13 
 117	2   4  14 
 119	2  13  17 
 119	2   3   4 
 121	2  13   3 
 123	2  17  13 
