   1	6  10   7 
   1	6  23  22 
   1	6  26  13 
   7	2  10  18 
   9	2  18  23 
   9	6   8   2 
  11	2  23  32 
  13	2  32  39 
   1	6  44  37 
  13	6  37  22 
  15	2  18  10 
  17	6  10   2 
  19	2  39  27 
  19	6  44  36 
  23	2  23  18 
  25	2  32  23 
  25	6  36  28 
  27	2  27  11 
  27	2  39  32 
  29	2  11  20 
  29	6  15   9 
  31	2  27  39 
  33	2  20  13 
  33	6  35  30 
  35	2  11  27 
  37	2  13   4 
  33	6  46  39 
  39	2  20  11 
  39	6  39  23 
  41	2   4  10 
  41	2  13  20 
  43	2   4  13 
  45	2  10  22 
  47	2  22  21 
  47	2  10   4 
  49	2  21  29 
  49	6  16   3 
  51	2  29  28 
  53	6  36  35 
  55	6  14   8 
  61	2  22  10 
  63	2  21  22 
  65	2  28  15 
  67	2  29  21 
  69	2  15  30 
  71	2  28  29 
  73	2  30  31 
  73	2  15  28 
  75	2  31  23 
  75	6  36  21 
  77	2  23  16 
  79	2  16   8 
  63	6  19  18 
  69	6  25  18 
  79	6  25  24 
  81	2   8  14 
  83	2  14  21 
  45	6  13   6 
  69	6  13  12 
  81	6  42  37 
  87	2  30  15 
  89	2  31  30 
  91	2  23  31 
  93	2  16  23 
  93	6  37  32 
  95	2   8  16 
  97	2  14   8 
  75	6  19  13 
  85	6  19  18 
  87	6  35  28 
  99	2  21  24 
 101	2  24  12 
 101	2  21  14 
 103	2  12  26 
 103	6  28  16 
 105	2  26  32 
 101	6  45  37 
 107	6  37  31 
 109	6  17   9 
  99	6  47  40 
 107	6  40  33 
 113	6  33  19 
 115	6  10   1 
 119	6  19   5 
 121	6   2   0 
 125	2  24  21 
 119	6  41  34 
 125	6  34  20 
 127	6  11   2 
 127	6  39  38 
 133	2  12  24 
 133	6  39  33 
 133	6  45  44 
 133	6   9   3 
 139	2  32  18 
 139	6  23   9 
 141	2  26  12 
 143	2  32  26 
 141	6  45  38 
 145	2  18  16 
 127	6  14   7 
 133	6  21  14 
 139	6  43  28 
 125	6  48  47 
 141	6  47  40 
 147	2  16  31 
 149	2  18  32 
 149	6  28  22 
 151	2  31  17 
 153	2  17  10 
 153	6  40  32 
 155	2  16  18 
 157	2  10   5 
 159	2  31  16 
 159	2   5  11 
 161	2  17  31 
 163	2  10  17 
 163	6  32  29 
 165	2  11  20 
 167	2   5  10 
 169	2  20  33 
 169	2  11   5 
 171	2  33  38 
 173	2  20  11 
 173	2  38  23 
 175	2  33  20 
 175	2  23  21 
 177	2  38  33 
 177	2  21  22 
 179	2  23  38 
 181	2  22  29 
 183	2  21  23 
 185	2  22  21 
 187	2  29  22 
