   1	6   9   7 
   1	6  16  10 
   7	2  14   9 
   7	6  16  12 
   9	6   9   8 
  13	6  15  11 
  15	6   4   2 
  21	2   8  12 
  23	2  12  10 
  21	6   2   1 
  25	2   8  14 
  25	2  10  15 
  27	2  12   8 
  27	6   6   1 
  29	6  21  17 
  33	6   7   5 
  35	6  22  18 
  39	2  15  11 
  41	2  10  12 
  43	2  11   6 
  43	6  18   8 
  45	2  15  10 
  47	2  11  15 
  49	2   6  16 
  49	6  23  13 
  51	2   6  11 
  51	6   3   2 
  55	2  16  17 
  57	2  17   7 
  59	2  16   6 
  59	6  13   3 
  61	6  22  21 
  65	2   7   8 
  67	2  17  16 
  67	2   8   3 
  69	2   7  17 
  71	2   3  13 
  73	2   8   7 
  73	6  22  18 
  75	2   3   8 
  75	6  11   1 
  79	2  13  18 
  81	2  13   3 
  83	6  13  11 
  89	2  18  13 
  89	6  15   5 
  91	2  13  23 
  93	6  18  12 
  93	6   9   8 
  95	6  16  15 
  99	6   8   6 
 101	2  23  21 
 103	2  21  16 
 105	2  12  11 
 105	6  20  15 
 107	2  13  12 
 109	2  23  13 
 109	6  11   6 
 111	2  21  23 
 115	2  16  11 
 117	2  11  15 
 119	2  16  21 
 121	2  11  16 
 123	2  15  11 
