   1	2   5  10 
   1	6  29  22 
   1	6  14   2 
   7	2  10  22 
   7	6  26  14 
   9	2  22  29 
   9	2  10   5 
  11	2  22  10 
  13	2  29  26 
  13	6  13   7 
  15	2  29  22 
  19	2  26  13 
  21	2  13  18 
  23	2  26  29 
  19	6   1   0 
  23	6   8   3 
  25	6  25  20 
  25	6  22  17 
  23	6  18  12 
  29	2  12   0 
  31	2  13  26 
  31	6  22  15 
  33	2  12  13 
  35	6  18  13 
  37	6  22   9 
  41	6  24   6 
  33	6  34  33 
  39	6  33  32 
  47	2   0   8 
  47	6  32  18 
  49	6   7   1 
  53	6  34  21 
  55	2   0  12 
  53	6  32  25 
  49	6  10   3 
  55	6   9   2 
  59	6  31  26 
  61	6  13   9 
  59	6  35  23 
  67	2   8  20 
  69	2  20  19 
  69	2   8   0 
  71	2  19  15 
  73	2  20   8 
  75	2  15   9 
  75	2  19  20 
  77	2   9   2 
  79	2  15  19 
  81	2   2   6 
  83	2   9  15 
  83	2   6  18 
  85	2   2   9 
  87	2  18   7 
  89	2   6   2 
  91	2   7  21 
  93	2  18   6 
  93	2  21  34 
  95	2   7  18 
  95	2  34  32 
  97	2  21   7 
  99	2  32  14 
 101	2  34  21 
 101	6   4   1 
 103	2  32  34 
 107	2  14  10 
 109	2  10  28 
 111	2  14  32 
 111	6  17   4 
 117	2  28  16 
 119	2  10  14 
 121	2  16  27 
 123	2  28  10 
 125	2  27  13 
 127	2  16  28 
 129	2  13  26 
 131	2  27  16 
 133	2  26  33 
 135	2  13  27 
 137	2  33  35 
 139	2  26  13 
 139	2  35  23 
 141	2  33  26 
 141	2  23  17 
 143	2  35  33 
 145	2  23  35 
 147	2  17  23 
