   1	6  17  15 
   1	6   7   1 
   7	2  17  23 
   9	6  17   7 
  15	2  23  17 
  15	6   8   2 
   1	6  19  14 
  17	6  23  18 
  21	6   3   1 
  23	2  17  13 
  25	6  18  12 
  27	6   9   3 
  31	2  12   7 
   7	6  20  10 
  27	6  10   5 
  33	2  13   8 
  33	6   6   5 
  35	2  17  12 
  35	2   8  14 
  37	2  13  17 
  39	2  14   9 
  39	6   7   6 
  41	6  19  17 
  45	6   6   5 
  47	2   8  13 
  49	2  14   8 
  49	6  17  12 
  55	2   9   7 
  57	2   7   1 
  57	2   9  14 
  59	2   1   6 
  61	2   7   9 
  63	2   6  12 
  65	2   1   7 
  67	2  12  11 
  69	2   6   1 
  71	2  12   6 
  73	6   6   2 
  79	2  11   6 
  81	2   6  16 
  83	2  11  12 
  85	2  16  15 
  87	2   6  11 
  87	2  15  20 
  89	2  16   6 
  91	2  20  21 
  93	2  15  16 
  95	2  20  15 
  97	2  21  20 
