   1	2   4  17 
   1	6  15   8 
   1	6  32  27 
   1	6  30  19 
   3	6   5   4 
   7	2  17  15 
   9	2  15  27 
   9	6   4   2 
  11	2  27  19 
  13	6  19  14 
  15	2  17   5 
  17	6  22  11 
  19	2  14   2 
  21	2   2   9 
  13	6  33  31 
  19	6  32  24 
  23	2  15  17 
  25	2  27  15 
  21	6  13  12 
  27	2  14  27 
  29	2   9  20 
  31	2   2  14 
  31	6  32  27 
  33	2   9   2 
  35	6   4   1 
  37	2  20  22 
  39	6  23  21 
  41	6   8   1 
  45	2  22  11 
  39	6  25  19 
  47	2  20   9 
  49	2  11  29 
  49	6  19   1 
  51	2  29  23 
  53	2  23  28 
  55	2  22  20 
  57	2  11  22 
  57	6  19  14 
  59	2  29  11 
  61	2  28  33 
  55	6  30  24 
  63	2  23  29 
  63	6  26  24 
  65	2  28  23 
  69	2  33  35 
  69	6  24  20 
  71	2  33  28 
  75	2  35  27 
  77	2  27  13 
  79	2  35  33 
  79	2  13   7 
  81	2  27  35 
  81	2   7   8 
  83	2  13  27 
  85	2   8  21 
  87	2   7  13 
  87	2  21   3 
  89	2   8   7 
  91	2   3   1 
  93	2  21   8 
  95	2   1   4 
  97	2   3  21 
  99	2   4  16 
 101	2   1   3 
 101	2  16  14 
 103	2   4   1 
 105	2  14  26 
 107	2  16   4 
 107	2  26  34 
 109	2  14  16 
 111	2  34  20 
 113	2  26  14 
 115	2  20  18 
 117	2  34  26 
 119	2  20  34 
 121	2  18  20 
