   1	6  17  15 
   1	6  35  29 
   7	2  26  15 
   9	2  15   7 
  11	2   7  18 
  13	2  18  14 
  15	2  15  26 
  17	2   7  15 
   7	6  29  28 
  17	6  25  19 
  19	6   3   1 
  19	6  35  17 
  25	2  14  28 
  27	2  28  21 
  27	2  18   7 
  29	2  14  18 
  25	6  10   3 
  29	6  34  23 
  35	2  28  14 
  37	6  23   5 
  37	6  20  14 
  43	2  21   8 
  31	6  25  24 
  45	2   8  19 
  45	2  21  28 
  47	2  19  22 
  49	6  25  15 
  55	2   8  21 
  57	2  22  17 
  59	2  17  10 
  57	2  19   8 
  61	2  22  19 
  63	2  10   5 
  65	2   5   4 
  65	2  17  22 
  67	2  10  17 
  69	2   5  10 
  63	6  33  31 
  59	6   8   2 
  65	6  20   8 
  71	2   4  14 
  73	2  14  15 
  73	2   4   5 
  75	2  14   4 
  77	2  15  23 
  79	2  23  29 
  81	2  29  33 
  83	2  33  27 
  79	2  15  14 
  83	2  23  15 
  77	6   3   2 
  71	6  30  25 
  85	2  27  20 
  85	2  29  23 
  83	6   7   2 
  89	2  20  13 
  87	2  33  29 
  89	2  27  33 
  85	6  16  15 
  91	2  13  31 
  93	2  31  25 
  93	2  20  27 
  95	2  25   7 
  97	2   7  15 
  99	2  13  20 
  99	6  32  28 
  99	6  16   9 
 105	2  31  13 
 107	2  15  28 
 109	2  28  16 
 107	2  25  31 
 109	2   7  25 
 111	2  15   7 
 113	2  28  15 
 115	2  16  28 
