   1	6  31  27 
   7	2  23  27 
   9	2  27  15 
  11	2  15  21 
   1	6   4   2 
   7	6  11   4 
   9	6  35  23 
  15	2  27  35 
  15	6  16  14 
  21	2  15  27 
  23	2  21  17 
  25	6  28  25 
  31	2  21  15 
  25	2  17  11 
  31	2  11  23 
  21	6   7   0 
  31	6  13   7 
  37	2  23  20 
  39	2  17  21 
  41	2  20  19 
  41	2  11  17 
  33	6   4   3 
  43	2  23  11 
  39	6   3   2 
  45	2  19   9 
  41	6  33  27 
  47	2   9  16 
  47	6  27  21 
  47	6  18   0 
  53	2  20  23 
  47	6   5   4 
  55	2  16  34 
  57	2  34  28 
  55	2  19  20 
  57	2   9  19 
  59	2  28  26 
  59	2  16   9 
  61	2  34  16 
  53	6   1   0 
  63	2  28  34 
  63	2  26  13 
  63	6   9   4 
  69	2  13   2 
  71	2   2   3 
  65	2  26  28 
  71	2  13  26 
  67	6  29  22 
  73	2   3  21 
  73	6  32  31 
  75	2  21  18 
  77	2  18   7 
  79	2   2  13 
  81	2   3   2 
  81	2   7   6 
  77	6  10   5 
  83	2   6   0 
  83	2  21   3 
  85	2   0   1 
  85	2  18  21 
  87	2   1   9 
  89	2   9  22 
  91	2  22  32 
  91	2   7  18 
  93	2  32  30 
  95	2  30  25 
  93	2   6   7 
  95	2   0   6 
  97	2   1   0 
  93	6  15  10 
  99	2  25  15 
 101	2   9   1 
 103	2  22   9 
 105	2  32  22 
 101	6  24  19 
 107	2  15  19 
 107	2  30  32 
 109	2  25  30 
 111	2  15  25 
 113	2  19  15 
