   1	6  44  35 
   1	2   8  22 
   3	2  22  24 
   5	2  24  32 
   7	2  32  44 
   5	2  22   8 
   7	6  12   9 
   9	2  44  28 
  11	2  28  29 
  13	2  24  22 
  15	2  32  24 
  17	2  44  32 
  15	6  21   9 
  21	2  29  21 
  23	2  21  35 
  19	6  47  38 
  25	2  28  44 
  27	2  29  28 
  29	2  21  29 
  13	6  19  12 
  19	6  25  19 
  25	6  31  25 
  25	6  48  34 
  31	6  48  46 
  31	6  42  30 
  37	2  35  38 
  39	2  38  31 
  39	2  35  21 
  41	2  38  35 
  21	6   9   0 
  25	6  12  11 
  37	6  16  11 
  31	6  26  25 
  43	2  31  43 
  45	2  43  46 
  47	2  46  39 
  47	6  48  34 
  49	2  39  30 
  51	2  31  38 
  27	6   2   1 
  43	6   5   2 
  53	2  43  31 
  55	2  46  43 
  57	2  39  46 
  57	2  30   9 
  53	6  34  19 
  59	2   9  16 
  59	2  30  39 
  61	6  40  34 
  61	2  16  37 
  63	2   9  30 
  65	2  37  25 
  67	2  25  19 
  65	2  16   9 
  67	6   8   1 
  69	2  19   5 
  71	2   5  20 
  73	6  24   8 
  73	2  20  34 
  75	2  34  33 
  67	6  47  39 
  77	2  33  39 
  79	2  37  16 
  81	2  25  37 
  83	2  19  25 
  73	6   4   3 
  85	2  39  24 
  85	2   5  19 
  81	6  15  14 
  87	6  23  18 
  87	6   7   2 
  93	2  24  10 
  93	2  20   5 
  95	6  11   2 
  95	2  34  20 
  97	2  33  34 
  99	2  39  33 
 101	2  24  39 
 101	2  10   3 
 103	2  10  24 
 105	2   3  15 
 107	2   3  10 
 107	2  15  14 
 109	2  15   3 
 103	6  48  45 
 103	6  33  26 
 111	2  14  23 
 113	2  14  15 
 113	2  23  17 
 115	2  17  11 
 109	6  43  42 
 109	6  46  33 
 111	6   9   2 
 115	6  43  30 
 117	2  11  12 
 119	2  12  27 
 115	6  41  40 
 121	2  27  48 
 123	2  48  46 
 121	2  23  14 
 125	2  46  30 
 121	6  10   4 
 127	2  17  23 
 129	2  11  17 
 131	2  30   9 
 133	2  12  11 
 127	6  40  26 
 133	6  23   7 
 139	2   9  10 
 135	2  27  12 
 137	2  48  27 
 139	2  46  48 
 139	6  25  23 
 139	6  20   6 
 145	2  10  26 
 147	2  26  25 
 145	2  30  46 
 147	2   9  30 
 149	2  25  41 
 151	2  41  20 
 149	2  10   9 
 153	2  26  10 
 155	2  25  26 
 157	2  41  25 
 159	2  20  41 
