   1	6  12   3 
   1	6  28  22 
   7	6  15   3 
  13	2  15  22 
  13	6  17   4 
   1	6  46  32 
   7	6  32  31 
   7	6  26  20 
   7	6  36  28 
  13	6  38  36 
  19	2  22  17 
  21	2  17  31 
  23	2  31  38 
  21	2  22  15 
  23	2  17  22 
  13	6   2   1 
  19	6   4   2 
  13	6  34  20 
  19	6  20  19 
  25	6  29  24 
  31	2  38  26 
  33	2  26  11 
  35	2  11   6 
  25	6  14   7 
  33	6  23  14 
  39	2  31  17 
  37	2   6  27 
  39	2  27  20 
  41	6  25  23 
  41	2  20  13 
  43	2  13   4 
  45	2   4   5 
  47	2   5  19 
  49	2  19  24 
  51	2  24  23 
  41	6  48  45 
  47	6  45  39 
  53	2  38  31 
  47	6  36  21 
  55	2  26  38 
  57	2  23  25 
  57	6  48  46 
  59	2  11  26 
  61	2   6  11 
  63	6  46  43 
  63	2  27   6 
  65	2  20  27 
  67	2  13  20 
  65	6  18  16 
  71	2   4  13 
  71	2  25  39 
  73	2  39  45 
  73	2   5   4 
  71	6  29  16 
  77	2  45  36 
  79	2  36  43 
  75	2  19   5 
  77	2  24  19 
  79	2  23  24 
  77	6  14   8 
  81	2  25  23 
  83	2  43  29 
  85	2  29  21 
  83	2  39  25 
  87	2  21  14 
  85	2  45  39 
  89	2  14   8 
  87	2  36  45 
  89	2  43  36 
  77	6  10   3 
  69	6  48  41 
  75	6  41  34 
  81	6  34  20 
  87	6  20  11 
  93	2   8  10 
  91	2  29  43 
  93	2  21  29 
  89	6  46  32 
  95	6  22   1 
  95	2  10  11 
  97	2  11  18 
  99	2  18  32 
 101	2  14  21 
 103	2   8  14 
 105	2  10   8 
 107	2  11  10 
 101	6  32  23 
 107	2  23  22 
  93	6  42  35 
 103	6  36  28 
 109	2  22  35 
 111	2  35  36 
 109	2  18  11 
 111	2  23  18 
 107	6  45  40 
 113	2  36  45 
 115	2  45  48 
 117	2  48  33 
 113	2  22  23 
 115	2  35  22 
 117	2  36  35 
 113	6  18  12 
 119	2  33  18 
 119	2  45  36 
 121	2  48  45 
 123	2  18  30 
 125	2  30  44 
 127	2  44  37 
 125	2  33  48 
 127	2  18  33 
 129	2  30  18 
 131	2  44  30 
 109	6   9   3 
 117	6  15   9 
 123	6  21  15 
 133	2  37  21 
 135	2  37  44 
 137	2  21  37 
