   1	6  15  11 
   7	2  11   6 
   9	6  11   7 
  15	2   6  11 
  17	6   5   1 
  15	6  21  15 
  17	6  18  12 
  23	2  11  15 
  25	2  15   5 
  27	2   6   7 
  29	2   5  10 
  31	2  11   6 
  23	6  18  17 
  29	6  22  20 
  35	2  10  12 
  37	2  12  16 
  29	6  24  19 
  39	2  16  21 
  41	2  21  17 
  43	2  17  23 
  45	2  23  22 
  47	2  22  24 
  45	2  15  11 
  47	2   5  15 
  39	6  14   8 
  45	6  13   9 
  51	2  24  14 
  49	2  10   5 
  53	6  19  13 
  59	2  14  19 
  59	2  12  10 
  61	2  19  18 
  61	2  16  12 
  63	2  18  13 
  65	2  13   8 
  67	2   8   3 
  69	2   3   9 
  63	2  21  16 
  65	2  17  21 
  67	2  23  17 
  69	2  22  23 
  71	2  24  22 
  73	2  14  24 
  75	2  19  14 
  77	2  18  19 
  51	6   1   0 
  71	6   7   1 
  77	2   9   7 
  79	2  13  18 
  81	2   8  13 
  83	2   3   8 
  85	2   9   3 
  79	6   6   0 
  85	2   7   6 
  87	2   7   9 
  89	2   6   7 
