   1	6  29  26 
   1	6  12   0 
   7	6  17   4 
   7	2  26  12 
   9	2  12   1 
  11	2   1   7 
  13	2  12  26 
  15	6   7   3 
  21	2   1  12 
  21	2   3   4 
  23	2   4   2 
  15	6  35  33 
  21	6  29  17 
  25	2   3   1 
  27	2   2   7 
  23	6  30  20 
  27	6  17  10 
  29	2   7  25 
  31	2  25  33 
  31	6   8   0 
  33	2  33  29 
  37	2   4   3 
  35	2  29  28 
  37	2  28  20 
  39	2  20  15 
  39	2   2   4 
  41	2  15  10 
  41	2   7   2 
  43	2  25   7 
  45	6  16   8 
  51	2  10  16 
  45	2  33  25 
  51	2  29  33 
  53	2  16  27 
  55	2  28  29 
  45	6  12   0 
  51	6  18   7 
  57	2  20  28 
  59	2  27  24 
  57	6   9   7 
  61	6  34  31 
  67	2  24  12 
  69	2  12  13 
  67	2  15  20 
  69	2  10  15 
  71	2  13  14 
  71	2  16  10 
  73	2  14   9 
  67	6  34  29 
  69	6  31  26 
  75	2  27  16 
  77	2   9  11 
  77	2  24  27 
  79	2  12  24 
  79	2  11  29 
  81	2  29  22 
  83	2  22  26 
  81	2  13  12 
  83	2  14  13 
  85	2   9  14 
  87	2  26  19 
  87	2  11   9 
  89	2  29  11 
  91	2  22  29 
  93	2  26  22 
  95	2  19  26 
