   1	2   5   4 
   1	2  12  13 
   3	2   6   5 
   5	2   1   6 
   7	2   5   1 
   9	2   5   6 
  11	2   1   6 
  13	2   5   1 
  15	2  14   9 
  17	2   6   5 
  19	2   6  14 
  21	2   9   6 
  23	2   9  14 
  25	2   6  14 
  27	2   9   6 
  29	2  14   9 
  31	2  14  12 
  33	2  13  14 
  35	2  13  12 
  37	2  14  12 
  39	2  13  14 
  41	2  14   9 
  43	2   6  14 
  45	2   9   6 
  47	2   9  14 
  49	2   6  14 
  51	2   9   6 
  53	2   6   5 
  53	2  12  13 
  55	2   1   6 
  55	2  12  13 
  57	2   5   1 
  59	2   5   6 
  61	2   1   6 
  63	2  14   9 
  65	2   5   1 
  67	2  14   9 
  69	2   6   5 
  71	2   6  14 
  73	2   9   6 
  75	2   9  14 
  77	2   6  14 
  79	2   9   6 
  81	2  14   9 
  83	2  14  12 
  85	2  13  14 
  87	2  13  12 
  89	2  14  12 
  91	2  13  14 
  93	2  14   9 
  95	2   6  14 
  97	2   9   6 
  99	2   9  14 
 101	2   6  14 
 103	2   9   6 
 105	2   6   5 
 105	2  12  13 
 107	2  10   6 
 107	2  12  13 
 109	2   5  10 
 111	2   5   6 
 113	2  10   6 
 115	2  14   9 
 117	2   5  10 
 119	2  14   9 
 121	2   6   5 
 123	2   6  14 
 125	2   9   6 
 127	2   9  14 
 129	2   6  14 
 131	2   9   6 
 133	2  14   9 
 135	2  14  12 
 137	2  13  14 
 139	2  13  12 
 141	2  14  12 
 143	2  13  14 
 145	2  14   9 
 147	2   6  14 
 149	2   9   6 
 151	2   9  14 
 153	2   6  14 
 155	2   9   6 
 157	2   6   5 
 157	2  12  13 
 159	2  10   6 
 159	2  12  13 
 161	2   5  10 
 163	2   5   6 
 165	2  10   6 
 167	2  14   9 
 169	2   5  10 
 171	2  14   9 
 173	2   6   5 
 175	2   6  14 
 177	2   9   6 
 179	2   9  14 
 181	2   6  14 
 183	2   9   6 
 185	2  14   9 
 187	2  14  12 
 189	2  13  14 
 191	2  13  12 
 193	2  14  12 
 195	2  13  14 
 197	2  14   9 
 199	2   6  14 
 201	2   9   6 
 203	2   9  14 
 205	2   6  14 
 207	2   9   6 
 209	2   6   5 
 209	2  12  13 
 211	2   2   6 
 211	2  14   9 
 213	2   5   2 
 213	2  12  13 
 215	2   5   6 
 217	2   2   6 
 217	2  14   9 
 219	2   5   2 
 221	2   6   5 
 223	2   6  14 
 225	2   9   6 
 227	2   9  14 
 229	2   6  14 
 231	2   9   6 
 233	2  14   9 
 235	2  14  12 
 237	2  13  14 
 239	2  13  12 
 241	2  14  12 
 243	2  13  14 
 245	2  14   9 
 247	2   6  14 
 249	2   9   6 
 251	2   9  14 
 253	2   6  14 
 255	2   9   6 
 257	2   6   5 
 257	2  12  13 
 259	2   2   6 
 259	2  14   9 
 261	2   5   2 
 261	2  12  13 
 263	2   5   6 
 265	2   2   6 
 265	2  14   9 
 267	2   5   2 
 269	2   6   5 
 271	2   6  14 
 273	2   9   6 
 275	2   9  14 
 275	6   3   2 
 281	2   6  14 
 283	2   9   6 
 285	2  14   9 
 287	2  14  12 
 289	2  13  14 
 291	2  13  12 
 293	2  14  12 
 295	2  13  14 
 297	2  14   9 
 299	2   6  14 
 301	2   9   6 
 303	2   9  14 
 305	2   6  14 
 307	2   9   6 
 309	2   6   5 
 309	2  12  13 
 311	2   4   6 
 311	2  12  13 
 313	2   5   4 
 315	2   5   6 
 317	2   4   6 
 319	2  14   9 
 321	2   5   4 
 323	2  14   9 
 325	2   6   5 
 327	2   6  14 
 329	2   9   6 
 331	2   9  14 
 333	2   6  14 
 335	2   9   6 
 337	2  14   9 
 339	2  14  12 
 341	2  13  14 
 343	2  13  12 
 345	2  14  12 
 347	2  13  14 
 349	2  14   9 
 351	2   6  14 
 353	2   9   6 
 355	2   9  14 
 357	2   6  14 
 359	2   9   6 
 361	2   6   5 
 361	2  12  13 
 363	2   4   6 
 363	2  12  13 
 365	2   5   4 
 367	2   5   6 
 369	2   4   6 
 371	2  14   9 
 373	2   5   4 
 375	2  14   9 
 377	2   6   5 
 379	2   6  14 
 381	2   9   6 
 383	2   9  14 
 385	2   6  14 
 387	2   9   6 
 389	2  14   9 
 391	2  14  12 
 393	2  13  14 
 395	2  13  12 
 397	2  14  12 
 399	2  13  14 
 401	2  14   9 
 403	2   6  14 
 405	2   9   6 
 407	2   9  14 
 409	2   6  14 
 411	2   9   6 
 413	2  14   9 
 415	2   9   5 
 417	2   1   9 
 419	2   5   1 
 419	2  12  13 
 421	2   5   9 
 423	2   1   9 
 425	2   5   1 
 425	2  12  13 
 427	2   9   5 
 429	2   9  12 
 431	2  13   9 
 433	2  13  12 
 435	2   9  12 
 437	2  13   9 
 439	2   9   5 
 441	2   1   9 
 443	2   5   1 
 443	2  12  13 
 445	2   5   9 
 447	2   1   9 
 449	2   5   1 
 449	2  12  13 
 451	2   9   5 
 453	2   9  12 
 455	2  13   9 
 457	2  13  12 
 459	2   9  12 
 461	2  13   9 
 463	2   9   5 
 465	2  10   9 
 467	2   5  10 
 467	2  12  13 
 469	2   5   9 
 471	2  10   9 
 473	2   5  10 
 473	2  12  13 
 475	2   9   5 
 477	2   9  12 
 479	2  13   9 
 481	2  13  12 
 483	2   9  12 
 485	2  13   9 
 487	2   9   5 
 489	2  10   9 
 491	2   5  10 
 491	2  12  13 
 493	2   5   9 
 495	2  10   9 
 497	2   5  10 
 497	2  12  13 
 499	2   9   5 
 501	2   6   5 
 503	2   7   6 
 503	2   9  12 
 505	2   5   7 
 507	2  13   9 
 509	2   5   6 
 509	2  13  12 
 511	2   7   6 
 511	2   9  12 
 513	2   5   7 
 515	2  13   9 
 517	2  14   9 
 519	2   6   5 
 519	2  12  13 
 521	2   6  14 
 523	2   9   6 
 525	2   9  14 
 527	2   6  14 
 529	2   9   6 
 531	2  14   9 
 533	2  12  13 
 535	2  14  12 
 537	2  13  14 
 539	2  13  12 
 541	2  14  12 
 543	2  13  14 
 545	2  14   9 
 547	2   6  14 
 549	2   9   6 
 551	2   9  14 
 553	2   6  14 
 555	2   9   6 
 557	2   6   5 
 557	2  12  13 
 559	2   7   6 
 559	2  14   9 
 561	2   5   7 
 561	2  12  13 
 563	2   5   6 
 565	2   7   6 
 565	2  14   9 
 567	2   5   7 
 569	2   6   5 
 571	2   6  14 
 573	2   9   6 
 575	2   9  14 
 577	2   6  14 
 579	2   9   6 
 581	2  14   9 
 583	2  14  12 
 585	2  13  14 
 587	2  13  12 
 589	2  14  12 
 591	2  13  14 
 593	2  14   9 
 595	2   6  14 
 597	2   9   6 
 599	2   9  14 
 601	2   6  14 
 603	2   9   6 
 605	2   6   5 
 605	2  12  13 
 607	2   2   6 
 607	2  14   9 
 609	2   5   2 
 609	2  12  13 
 611	2   5   6 
 613	2   2   6 
 613	2  14   9 
 615	2   5   2 
 617	2   6   5 
 619	2   6  14 
 621	2   9   6 
 623	2   9  14 
 625	2   6  14 
 627	2   9   6 
 629	2  14   9 
 631	2  14  12 
 633	2  13  14 
 635	2  13  12 
 637	2  14  12 
 639	2  13  14 
 641	2  14   9 
 643	2   6  14 
 645	2   9   6 
 647	2   9  14 
 649	2   6  14 
 651	2   9   6 
 653	2   6   5 
 653	2  12  13 
 655	2   2   6 
 655	2  14   9 
 657	2   5   2 
 657	2  12  13 
 659	2   5   6 
 661	2   2   6 
 661	2  14   9 
 663	2   5   2 
 665	2   6   5 
 667	2   6  14 
 669	2   9   6 
 671	2   9  14 
 671	6   7   2 
 677	2   6  14 
 679	2   9   6 
 681	2  14   9 
 681	6  11   7 
 687	2  14  12 
 689	2  13  14 
 691	2  13  12 
 691	6  11  10 
 693	6   8   4 
 699	2  14  12 
 701	2  13  14 
 703	2  14   9 
 705	2  12  13 
 707	2   6  14 
 709	2  13   5 
 711	2  10  13 
 713	2   9   6 
 715	2   5  10 
 717	2   9  14 
 719	2   6  14 
 721	2   5  13 
 723	2  10  13 
 725	2   9   6 
 727	2  14   9 
 729	2   5  10 
 731	2   9  12 
 733	2  13   5 
 735	2  13   9 
 737	2  12  13 
 739	2  12   9 
 741	2  13   9 
 743	2  12  13 
 745	2  13   5 
 747	2  10  13 
 749	2   5  10 
 751	2   5  13 
 753	2  10  13 
 755	2   5  10 
 757	2   9  12 
 759	2   9  12 
 761	2  13   5 
 763	2  13   9 
 765	2  12  13 
 767	2  12   9 
 769	2  13   9 
 771	2  12  13 
 773	2  13   5 
 775	2   8  13 
 777	2   5   8 
 777	6  14  10 
 783	2   5  13 
 785	2   8  13 
 787	2   5   8 
 789	2   9  12 
 791	2   9  12 
 793	2  13   5 
 795	2  13   9 
 797	2  12  13 
 799	2  12   9 
 801	2  13   9 
 803	2  12  13 
 805	2  13   5 
 807	2   8  13 
 809	2   5   8 
 811	2   5  13 
 813	2   8  13 
 815	2   5   8 
 817	2   9  12 
 819	2   9  12 
 821	2  13   5 
 823	2  10   5 
 825	2  13   9 
 827	2   6  10 
 827	2  12  13 
 829	2   5   6 
 831	2  12   9 
 833	2   5  10 
 835	2  13   9 
 837	2   6  10 
 837	2  12  13 
 839	2   5   6 
 841	2   9  12 
 843	2   1   9 
 845	2  10   5 
 845	2  12  13 
 847	6   6   1 
 847	6  14  12 
 853	2  10   6 
 855	2   9  10 
 857	2   9   6 
 859	2  10   6 
 861	2   9  10 
 863	2   6   9 
 865	2   6  14 
 867	6   9   6 
 873	2  13   9 
 873	6   2   1 
 875	2  13  14 
 877	2   9  14 
 879	2  13   9 
 881	2   9   6 
 883	2  10   9 
 885	2   6  10 
 887	2   6   9 
 889	2  10   9 
 891	2   6  10 
 893	2  10   5 
 895	2   2  10 
 897	2   5   2 
 897	2  14  13 
 899	2   5  10 
 901	2   2  10 
 903	2   9   6 
 905	2   5   2 
 905	2  14  13 
 907	2   9   6 
 909	2  10   5 
 911	2  10   9 
 913	2   6  10 
 915	2   6   9 
 917	2  10   9 
 919	2   6  10 
 921	2   9   6 
 923	2   9  14 
 925	2  13   9 
 927	2  13  14 
 927	2   2   5 
 929	2   9  14 
 931	2  13   9 
 933	2   9   6 
 935	2  10   9 
 937	2   6  10 
 939	2   6   9 
 941	2  10   9 
 943	2   6  10 
 945	2  10   2 
 947	2   5  10 
 949	2   5   2 
 949	2  14  13 
 951	2  10   2 
 953	2   9   6 
 955	2   5  10 
 957	2   9   6 
 959	2   2   5 
 959	2  14  13 
 961	6   5   2 
 967	2   5   9 
 969	2   6   5 
 971	2   6   9 
 973	2   5   9 
 975	2   6   5 
 977	2   9   6 
 979	2   9  14 
 981	2  13   9 
 983	2  13  14 
 985	2   9  14 
 987	2  13   9 
 989	2   9   6 
 991	2   5   9 
 993	2   6   5 
 993	2  14  13 
 995	2   6   9 
 997	2   5   9 
 999	2   6   5 
 999	2  14  13 
1001	2   5   2 
1003	2  10   5 
1005	2   2  10 
1007	2   2   5 
1009	2  10   5 
1011	2   9   6 
1013	2   2  10 
1015	2   9   6 
1017	2   5   2 
1019	2   5   9 
1019	6   7   2 
1025	2   6   5 
1027	2   6   9 
1029	2   5   9 
1029	6  15   7 
1035	2   6   5 
1037	2   9   6 
1039	2   9  14 
1041	2  13   9 
1043	2  13  14 
1045	2   9  14 
1047	2  13   9 
1049	2   9   6 
1051	2  14  13 
1053	2   5   9 
1055	2  13  15 
1055	2   6   5 
1057	2  10  13 
1059	2  15  10 
1061	2   6   9 
1063	2   5   9 
1065	2  15  13 
1065	2   6   5 
1067	2  10  13 
1069	2   9   6 
1071	2  15  10 
1073	2   6  14 
1075	2  13  15 
1077	6   9   6 
1083	2  13   9 
1085	2  14  13 
1087	2  14   9 
1089	2  13   9 
1091	2  14  13 
1093	2  13  15 
1095	2  10  13 
1097	2  15  10 
1099	2  15  13 
1101	2  10  13 
1103	2  15  10 
1105	2   9  14 
1107	2   9  14 
1109	2  13  15 
1111	2  13   9 
1113	2  14  13 
1115	2  14   9 
1117	2  13   9 
1119	2  14  13 
1121	2  13  15 
1123	2   9  14 
1125	2   9  14 
1127	6  11   9 
1133	2   9  13 
1135	6  11   9 
1141	2  15  11 
1143	2  15  13 
1145	6  11   9 
1151	2   9  13 
1153	6  11   9 
1159	2  15  11 
1161	2  13  15 
1163	2  13   9 
1165	2  14  13 
1167	2  14   9 
1169	2  13   9 
1171	2  14  13 
1173	2  13  15 
1175	2   9  14 
1177	2   9  14 
1179	6  11   9 
1185	2   9  13 
1187	6  11   9 
1193	2  15  11 
1195	2  15  13 
1197	6  11   9 
1203	2   9  13 
1205	6  11   9 
1211	2  15  11 
1211	6   6   5 
1213	2  13  15 
1215	6  15  11 
1217	2  13   9 
1217	6   4   1 
1221	2  14  13 
1221	6  11   7 
1223	2  14   9 
1225	2  13   9 
1223	6   2   1 
1227	2  14  13 
1229	2   6   7 
1229	2   9  14 
1229	6   1   0 
1231	2  10   9 
1233	2  14  13 
1235	2   2   6 
1237	2   7   2 
1239	2   7   6 
1241	2   2   6 
1243	2   7   2 
1245	2   6   7 
1247	2   6  10 
1249	2   9   6 
1251	2   9  10 
1251	6   3   1 
1253	6  15  13 
1259	2   6  10 
1261	2   9   6 
1263	2  10   9 
1265	2  10  14 
1267	2  15  10 
1269	2  15  14 
1271	2  10  14 
1273	2  15  10 
1275	2  10   9 
1277	2   6  10 
1279	2   9   6 
1279	2  14  15 
1281	2   9  10 
1283	2   6  10 
1285	2   9   6 
1285	2  14  15 
1287	2   6   7 
1289	2   2   6 
1291	2   7   2 
1291	2  10   9 
1293	2   7   6 
1295	2   2   6 
1297	2   7   2 
1297	2  10   9 
1299	2   6   7 
1301	2   6  10 
1303	2   9   6 
1305	2   9  10 
1307	2   6  10 
1309	2   9   6 
1311	2  10   9 
1313	2  10  14 
1313	6   5   2 
1319	2  15  10 
1321	2  15  14 
1323	2  10  14 
1325	2  15  10 
1327	2  10   9 
1329	2   6  10 
1331	2   9   6 
1331	2  14  15 
1333	2   9  10 
1335	2   6  10 
1337	2   9   6 
1337	2  14  15 
1339	2   6   7 
1341	2   3   6 
1343	2   7   3 
1343	2  10   9 
1345	2   7   6 
1347	2   3   6 
1349	2   7   3 
1349	2  10   9 
1351	2   6   7 
1353	2   6  10 
1355	2   9   6 
1357	2   9  10 
1359	2   6  10 
1361	2   9   6 
1363	2  10   9 
1365	2  10  14 
1367	2  15  10 
1369	2  15  14 
1371	2  10  14 
1373	2  15  10 
1375	2  10   9 
1377	2   6  10 
1379	2   9   6 
1379	2  14  15 
1381	2   9  10 
1383	2   6  10 
1385	2   9   6 
1385	2  14  15 
1387	2   6   7 
1389	2   3   6 
1391	2   7   3 
1391	2  10   9 
1393	2   7   6 
1395	2   3   6 
1397	2   7   3 
1397	2  10   9 
1399	2   6   7 
1401	2   6  10 
1403	2   9   6 
1405	2   9  10 
1407	2   6  10 
1409	2   9   6 
1411	2  10   9 
1413	2  10  14 
1415	2  15  10 
1417	2  15  14 
1419	2  10  14 
1421	2  15  10 
1423	2  10   9 
1425	2  14  15 
1427	2   6  10 
1429	2  15   7 
1431	2   9   6 
1431	6  15  11 
1437	2   9  10 
1439	2   6  10 
1441	2   9   6 
1443	2  10   9 
1445	2   9  14 
1447	6   7   5 
1453	2   7  11 
1455	2   5   7 
1457	6   7   5 
1463	2   7  11 
1465	6   7   5 
1471	2   7  11 
1473	2   5   7 
1475	6   7   5 
1481	2  11   7 
1483	2  11   9 
1485	2  14  11 
1485	6   6   5 
1491	2  14   9 
1493	2  11   9 
1495	2  14  11 
1497	2  11   7 
1497	2   9  14 
1499	2   6  11 
1501	2   7   6 
1501	2   9  14 
1503	2   7  11 
1505	2   6  11 
1507	2   7   6 
1509	2  11   7 
1511	2  11   9 
1513	2  14  11 
1515	2  14   9 
1515	6   7   6 
1521	2  11   9 
1523	2  14  11 
1525	2   9  14 
1527	2   6   9 
1529	6   9   6 
1535	2  13   9 
1537	6   9   6 
1543	2   9  13 
1545	2   9   6 
1547	6   9   6 
1553	2  13   9 
1555	6   9   6 
1561	2   9  13 
1563	2   6   9 
1565	2   6   9 
1567	6   6   4 
1573	2   8   4 
1575	2   9   8 
1577	2   9   4 
1579	2   8   4 
1581	2   9   8 
1583	2   4   9 
