   1	2   2  10 
   1	2   4   8 
   3	2   5   8 
   5	2   5   4 
   7	2   0   5 
   9	2   4   0 
  11	2   4   5 
  13	2   0   5 
  15	2   4   0 
  17	2   5   4 
  19	2   5   2 
  21	2  10   5 
  23	2  10   2 
  25	2   5   2 
  27	2  10   5 
  29	2   5   4 
  31	2   2  10 
  33	2   0   5 
  35	2   4   0 
  35	2   2  10 
  37	2   4   5 
  39	2   0   5 
  41	2   4   0 
  43	2   5   4 
  45	2   5   2 
  47	2  10   5 
  49	2  10   2 
  51	2   5   2 
  53	2  10   5 
  55	2   2  10 
  57	2   2  10 
  59	2   5   4 
  61	2   9   5 
  63	2   4   9 
  65	2   4   5 
  67	2   9   5 
  69	2   4   9 
  71	2   5   4 
  73	2   5   2 
  75	2  10   5 
  77	2  10   2 
  79	2   5   2 
  81	2  10   5 
  83	2   2  10 
  85	2   5   4 
  87	2   9   5 
  89	2   2  10 
  91	2   4   9 
  93	2   4   5 
  95	2   9   5 
  97	2   4   9 
  99	2   5   4 
 101	2   5   2 
 103	2  10   5 
 105	2  10   2 
 107	2   1   4 
 109	2   0   1 
 111	2   5   2 
 113	2  10   5 
 115	2   4   0 
 115	2   2  10 
 117	2   4   1 
 119	2   0   1 
 121	2   4   0 
 121	2   6   2 
 123	2  10  14 
 123	2   1   4 
 125	2  13   5 
 127	2   1   6 
 129	2   2   1 
 129	2  10   8 
 131	2   2   6 
 133	2   1   6 
 135	2   9  10 
 135	2   2   1 
 137	2   6   2 
 139	2   6   9 
 141	2  10   6 
 143	2  10   9 
 145	2   6   9 
 147	2  10   6 
 149	2   9  10 
 151	2   9  13 
 153	2   5   9 
 155	2   5  13 
 157	2   9  13 
 159	2   5   9 
 161	2   9  10 
 163	2   6   9 
 165	2  10   6 
 167	2  10   9 
 169	2   6   9 
 171	2  10   6 
 173	2   6   2 
 175	2   1   6 
 177	2   9  10 
 177	2   2   1 
 179	2   2   6 
 181	2   1   6 
 183	2   9  10 
 183	2   2   1 
 185	2   1   4 
 187	2   0   1 
 189	2   4   0 
 189	2   6   2 
 191	2  13   5 
 193	2  13   5 
 195	2   4   1 
 197	2   0   1 
 199	2   4   0 
 199	2   6   2 
 201	2   1   4 
 203	2   1   6 
 205	2   2   1 
 207	2   2   6 
 209	2   1   6 
 211	2   2   1 
 213	2   6   2 
 215	2   6   9 
 217	2  10   6 
 219	2  10   9 
 221	2   6   9 
 223	2  10   6 
 225	2   9  10 
 227	2   9  13 
 229	2   5   9 
 231	2   5  13 
 233	2   9  13 
 235	2   5   9 
 237	2   9  10 
 239	2   6   9 
 241	2  10   6 
 243	2  10   9 
 245	2   6   9 
 247	2  10   6 
 249	2   6   2 
 251	2   1   6 
 253	2   9  10 
 253	2   2   1 
 255	2   2   6 
 257	2   1   6 
 259	2   2   1 
 261	2   6   2 
 263	2   2  10 
 265	6   6   1 
 271	6  10   5 
 277	2   1   4 
 277	2  13  10 
 279	2   9   6 
 279	2   0   1 
 281	2   4   0 
 283	2   4   1 
 285	2   0   1 
 287	2   4   0 
 289	2   1   4 
 291	2   1   2 
 281	2  13  10 
 283	6  10   9 
 293	2   5   1 
 295	2   5   2 
 297	2   1   2 
 299	2   5   1 
 301	2   2   5 
 303	2   2  10 
 305	2   6   2 
 307	2   6  10 
 309	2   2  10 
 311	2   6   2 
 313	2  10   6 
 315	2  10  13 
 317	2   9  10 
 319	2   9  13 
 321	2  10  13 
 323	2   9  10 
 325	2  10   6 
 327	2   2  10 
 329	2   6   2 
 331	2   6  10 
 333	2   2  10 
 335	2   6   2 
 337	2   2   5 
 339	2   1   2 
 341	2   5   1 
 343	2   5   2 
 345	2   1   2 
 347	2   5   1 
 349	2  10   6 
 351	2  10   6 
 349	2   1   4 
 351	2   0   1 
 353	2   2   5 
 355	2   4   0 
 357	2   4   1 
 359	2   0   1 
 361	2   2   5 
 363	2   4   0 
 365	2   1   4 
 367	2   1   2 
 369	2   5   1 
 371	2   5   2 
 373	2   1   2 
 373	2  13   9 
 375	2   5   1 
 377	2   2   5 
 379	2   2  10 
 381	2   6   2 
 383	2   6  10 
 385	2   2  10 
 387	2   6   2 
 387	2  13   9 
 389	2  10   6 
 391	2  10  13 
 393	2   9  10 
 395	2   9  13 
 397	2  10  13 
 399	2   9  10 
 401	2  10   6 
 403	2   2  10 
 405	2   6   2 
 407	2   6  10 
 409	2   2  10 
 401	6  12   4 
 411	2  13   9 
 413	2  13  12 
 415	2  14  13 
 417	2  12  14 
 419	2  12  13 
 421	2  14  13 
 423	2  12  14 
 425	2  13  12 
 411	2   6   2 
 413	2   2   5 
 415	2   1   2 
 417	2   5   1 
 419	2   5   2 
 421	2   1   2 
 423	2   5   1 
 425	2   2   5 
 427	2   5   9 
 429	2  13   5 
 431	2   9  13 
 433	2  10   6 
 435	2   9   5 
 437	2  13   5 
 439	6  14  12 
 439	6   4   1 
 445	2   9  13 
 447	2   5   9 
 449	2   5   9 
 451	2  13  14 
 453	2  12  13 
 455	2  14  12 
 457	2  14  13 
 459	2  12  13 
 461	2  14  12 
 463	2  13  14 
 465	2  13   5 
 467	2   9  13 
 469	2   9   5 
 471	2  13   5 
 473	2   9  13 
 475	2   5   9 
 477	6   5   4 
 483	2   5   4 
 477	2  13  14 
 479	2  10  13 
 481	2  14  10 
 483	2  14  13 
 485	2  10  13 
 487	2  14  10 
 489	2  13  14 
 485	6   8   4 
 485	6   2   1 
 491	2   6   9 
 493	2  13   5 
 495	2   8  13 
 497	2   8   5 
 499	2  13   5 
 501	2   8  13 
 503	2   5   8 
 505	2   5   6 
 507	2   9   5 
 509	2   9   6 
 511	2   5   6 
 513	2   9   5 
 515	2   6   9 
 517	2   5   8 
 519	2   6   9 
 521	2  13   5 
 523	2   8  13 
 525	2   8   5 
 527	2  13   5 
 529	2   8  13 
 531	2   5   8 
 531	2  13  14 
 533	2  10  13 
 535	2  14  10 
 537	2  14  13 
 539	2  10  13 
 533	6   4   1 
 541	2  14  10 
 543	2  13  14 
 541	2   5   8 
 545	2  13   5 
 547	2   8  13 
 549	2   8   5 
 551	2  13   5 
 553	2   8  13 
 555	2   5   8 
 557	2   5   6 
 559	2   9   5 
 561	2   9   6 
 563	2   5   6 
 565	2   9   5 
 567	2   5   8 
 569	2   6   9 
 571	2  13   5 
 573	2   8  13 
 575	2   8   5 
 577	2  13   5 
 579	2   8  13 
 581	2   5   8 
 583	6  13   8 
 589	2   8   4 
 591	2   0   8 
 593	2  13   9 
 593	2   4   0 
 595	2   4   8 
 597	2   0   8 
 599	2   4   0 
 601	2   8   4 
 603	2   8  13 
 605	2   9   8 
 607	2   9  13 
 609	2   8  13 
 611	2   9   8 
 613	2  13   9 
 615	2   8   4 
 617	2   0   8 
 619	2   4   0 
 619	2  13   9 
 621	2   4   8 
 623	2   0   8 
 625	6  10   5 
 631	6  10   6 
 631	2   4   0 
 633	2   8   4 
 635	2   8  13 
 637	2   9   8 
 639	2   9  13 
 641	2   8  13 
 643	2   9   8 
 645	2   8   4 
 647	2   5   8 
 649	2   4   5 
 651	2  13   9 
 653	2   4   8 
 655	2  13   9 
 657	2   5   8 
 659	6  14  12 
 659	2   4   5 
 665	2   8   4 
 667	2   8  13 
 669	2   9   8 
 671	2   9  13 
 673	2   8  13 
 675	2   9   8 
 677	2  13   9 
 679	2  13   9 
 681	2   8   4 
 683	2   5   8 
 685	2   4   5 
 687	2   4   8 
 689	2   5   8 
 691	2   4   5 
 693	2   8   4 
 695	2   8  13 
 697	2   4   6 
 699	6  12   4 
 705	2   9   8 
 707	2   9  13 
 709	2   8  13 
 711	2   9   8 
 713	2   8   4 
 715	2  13   9 
 717	2  10   9 
 719	2   5  13 
 721	2   0   8 
 723	2   4   0 
 723	6   9   6 
 729	2   4   8 
 731	2   0   8 
 733	2   4   0 
 733	6  12   9 
 739	2   8   4 
 741	2   8   9 
 743	2  12   8 
 745	2  12   9 
 747	2   8   9 
 749	2  12   8 
 751	2   9  12 
 753	2   9   5 
 755	2  13   9 
 757	2  13   5 
 759	2   9   5 
 761	2  13   9 
 763	2   5  13 
 765	2   5  10 
 767	2   6   5 
 769	2   6  10 
 771	2   5  10 
 773	2   6   5 
 775	2   5  13 
 777	2   9   5 
 779	2  13   9 
 781	2  13   5 
 783	2   9   5 
 785	2  13   9 
 787	2   9  12 
 789	2   5  13 
 791	2   8   9 
 793	2  12   8 
 795	2   5  13 
 797	2  12   9 
 799	2   8   9 
 801	2  12   8 
 801	2  10   6 
 803	2  10   6 
 803	2   8   4 
 805	2   0   8 
 807	2   4   0 
 807	2   9  12 
 809	2   4   8 
 811	2   0   8 
 813	2   4   0 
 813	2   9  12 
 815	2   8   4 
 817	6   2   0 
 817	2   8   9 
 819	2  12   8 
 821	2  12   9 
 823	2   8   9 
 825	2  12   8 
 827	2   9  12 
 829	2   9   5 
 831	2  13   9 
 833	2  13   5 
 835	2   9   5 
 837	2  13   9 
 839	2   5  13 
 841	2   5  10 
 843	2   6   5 
 845	2   6  10 
 847	2   5  10 
 849	2   6   5 
 851	2  10   6 
 853	2   5  13 
 855	2   9   5 
 857	2  13   9 
 859	2  13   5 
 861	2   9   5 
 863	2  13   9 
 865	2   9  12 
 867	2   8   9 
 869	2   5  13 
 871	2  13  10 
 873	2   5  13 
 875	2  12   8 
 877	2  12   9 
 879	2   8   9 
 881	2  12   8 
 883	2   9  12 
 885	6   9   1 
 891	2  10   5 
 891	2   8  12 
 893	6   9   8 
 893	2   6   1 
 895	2   2   6 
 899	2  10  13 
 901	2   5  13 
 903	2  10   5 
 905	6  14  12 
 905	2   1   2 
 907	2   1   6 
 909	2   2   6 
 911	2   1   2 
 911	2  13  10 
 913	2   6   1 
 915	2  13  10 
 917	2   6   9 
 919	2  14   6 
 921	2  14   9 
 923	2   6   9 
 925	2  14   6 
 927	2   9  14 
 929	2   9  13 
 931	6  13  10 
 937	2  13   9 
 939	2  13  10 
 941	2   9  10 
 943	2  13   9 
 945	2  10  13 
 947	2  10  13 
 949	2   9  14 
 951	2   6   9 
 953	6   5   2 
 959	2  14   6 
 961	2  14   9 
 963	2   6   9 
 965	2  14   6 
 967	2   9  14 
 969	2   9  14 
 971	2   6   1 
 973	2   5   6 
 975	2   1   5 
 977	2   1   6 
 979	2   5   6 
 981	2   1   5 
 983	2   6   1 
 985	6  14   6 
 991	2  14   9 
 993	2   6  14 
 995	2   6   9 
 997	2  14   9 
 999	2   6  14 
1001	2   9   6 
1003	2   9  10 
1005	2  13   9 
1007	2  13  10 
1009	2   9  10 
1011	2  13   9 
1013	2   9   6 
1015	6  13  10 
1021	2  13  10 
1023	2  14   9 
1025	2   6  14 
1027	2   6   9 
1029	2  14   9 
1031	2   6  14 
1033	2   9   6 
1035	2   6   9 
1037	2   5   6 
1037	2  13  14 
1039	2   9   5 
1041	2   9   6 
1043	2   5   6 
1045	2   9   5 
1047	2   6   9 
1049	2   2   6 
1049	2   9   4 
1051	2   5   9 
1053	2   4   5 
1055	6  10   2 
1061	2   4   9 
1063	2   5   9 
1065	2   4   5 
1067	2   2   1 
1067	2   9   4 
1069	6   5   2 
1075	2   9   5 
1077	2   1   9 
1079	2   1   5 
1081	2   9   5 
1083	2   1   9 
1085	2   5   1 
1087	2   5  10 
1089	2   6   5 
1091	2   6  10 
1093	2   5  10 
1095	2   6   5 
1097	2  10   6 
1099	6   9   1 
1105	2  10  13 
1105	6   2   0 
1107	2  14  10 
1109	2  14  13 
1111	2  10  13 
1113	2  14  10 
1115	2  10   6 
1117	2   5  10 
1119	2   6   5 
1121	2   6  10 
1123	2   5  10 
1125	2   6   5 
1125	2  13  14 
1127	2   5   9 
1129	2  13  14 
1129	2   1   5 
1131	2   9   1 
1133	2   9   5 
1135	2   1   5 
1137	2   9   1 
1139	2  10   6 
1141	2  10   6 
1139	2   1   4 
1141	2   0   1 
1143	2   4   0 
1145	2   4   1 
1147	2   5   9 
1149	2   0   1 
1151	2   5   9 
1153	2   4   0 
1155	2   1   4 
1157	2   1   5 
1159	2   9   1 
1161	2   9   5 
1163	2   1   5 
1165	2   9   1 
1167	2   5   9 
1169	2   5  10 
1171	2   6   5 
1173	2   6  10 
1175	2   5  10 
1177	2   6   5 
1179	2  10   6 
1181	2  10  13 
1183	2  14  10 
1185	2  14  13 
1187	2  10  13 
1189	2  14  10 
1191	2  10   6 
1193	6  14  13 
1193	6   2   0 
1199	2   5  10 
1201	2   6   5 
1203	2   6  10 
1205	2   5  10 
1207	2   6   5 
1207	2  14  13 
1209	2  10   6 
1211	2   5   9 
1213	2   6  14 
1215	2   2   6 
1215	6  14  11 
1217	2   1   5 
1221	2   9   1 
1221	6  11   7 
1223	2   9   5 
1225	2   1   5 
1227	6   4   0 
1227	2   7   2 
1229	2   7   6 
1231	2   2   6 
1233	2   9   1 
1235	2   7   2 
1235	2   5   9 
1237	6  13   8 
1237	2   1   0 
1239	2   2   1 
1241	2   0   2 
1243	2   6   7 
1243	2   0   1 
1245	2   2   1 
1247	2   0   2 
1243	2   9   8 
1249	2   1   0 
1251	2   1   9 
1253	6   8   4 
1259	2   4   1 
1253	6  10   6 
1261	2   4   9 
1263	6   2   0 
1269	2   1   9 
1271	2   4   1 
1273	2   1   2 
1273	2   9   4 
1275	2   0   1 
1275	6  12   8 
1277	2   2   0 
1279	2   2   1 
1281	2   0   1 
1283	2   2   0 
1285	2   9   4 
1285	2   1   2 
1287	2   1   9 
1289	2   4   1 
1291	2   4   9 
1293	2   1   9 
1295	2   4   1 
1297	2   9   4 
1297	2   1   2 
1299	2   6   1 
1301	2   9   4 
1301	2   2   6 
1303	2   2   1 
1305	2   6   1 
1307	2   2   6 
1309	2   1   2 
1311	2   1   9 
1313	2   4   1 
1315	2   4   9 
1317	2   1   9 
1319	2   4   1 
1321	2   9   4 
1321	2   1   2 
1323	2   6   1 
1325	2   2   6 
1327	2   2   1 
1325	2   9   4 
1329	2   6   1 
1331	2   2   6 
1333	2   1   2 
1335	2   1   9 
1337	2   6   7 
1337	2   4   1 
1339	2   5   2 
1341	2   0   5 
1343	2   4   9 
1345	2   1   9 
1347	2   4   1 
1349	2   2   0 
1351	2   2   5 
1353	2   0   5 
1355	2   9   4 
1357	2  10   9 
1357	2   2   0 
1359	2   5   2 
1361	2   5  10 
1363	2   9   5 
1365	2   1   4 
1365	2   9  10 
1367	2   5  10 
1369	2   9   5 
1371	2  10   9 
1373	2  10   6 
1375	2   7  10 
1377	2   7   6 
1379	2  10   6 
1381	2   7  10 
1383	2   6   7 
1385	2   6   1 
1387	2   4   6 
1389	2   4   1 
1391	2   6   1 
1393	2   4   6 
1395	2   6   7 
1397	2  10   6 
1399	2   7  10 
1401	2   7   6 
1395	2   1   4 
1403	2  10   6 
1405	2   7  10 
1407	2  10   9 
1409	2   6   7 
1411	2   5  10 
1413	2   1   4 
1413	2   6   7 
1415	2   9   5 
1417	2   9  10 
1419	2   5  10 
1421	2   9   5 
1423	2   5   2 
1425	2   0   5 
1427	2  10   9 
1427	2   2   0 
1429	2   2   5 
1431	2   0   5 
1433	2  10   9 
1433	2   2   0 
1435	2   5   2 
1437	2   5  10 
1439	2   9   5 
1441	2   9  10 
1443	2   5  10 
1445	2   9   5 
1447	2  10   9 
1449	6   8   0 
1449	2  10   6 
1451	2   7  10 
1453	2   7   6 
1455	2  10   6 
1457	2   7  10 
1459	2   6   7 
1461	2   6   1 
1463	2   4   6 
1465	2   4   1 
1467	2   6   1 
1469	2   4   6 
1471	2   6   7 
1471	2   1   4 
1473	2  10   6 
1475	2   1   2 
1477	2   0   1 
1475	2   7  10 
1477	2   7   6 
1479	2  10   6 
1481	2   2   0 
1483	2   7  10 
1483	2   2   1 
1485	2   0   1 
1485	2   6   7 
1487	6   6   4 
1493	2   7   6 
1495	2  10   9 
1495	2   2   0 
1497	6   7   3 
1497	2   5  10 
1499	2   9   5 
1501	2   9  10 
1503	2   5  10 
1505	2   1   2 
1507	2   9   5 
1509	2  10   9 
1509	2   1   3 
1511	2   4   5 
1513	6  11   9 
1519	6   9   8 
1519	2   6   1 
1521	2   6   3 
1523	2   1   3 
1525	2   6   1 
1527	2   1   2 
1529	2   0   1 
1529	2   3   6 
1531	2   2   0 
1533	2   3   6 
1535	6   5   2 
1541	2   5   1 
1543	2   0   1 
1545	2   5   0 
1547	2   1   5 
1549	2  10   5 
1551	2   1   3 
1553	2   6   1 
1555	2   6   3 
1557	2   1   3 
1557	2   9  10 
1559	6   7   3 
1559	2   5   9 
1561	2   5  10 
1563	2   9  10 
1565	2   6   1 
1567	2   7   6 
1569	2   5   9 
1569	2  11   7 
1571	6   6   4 
1577	2  10   5 
1577	6   3   2 
1583	2   1   4 
1579	2  10  11 
1583	2   7  10 
1585	2   7  11 
1587	2  10  11 
1589	2   7  10 
1591	2  11   7 
1593	2  11   6 
1595	2   3  11 
1597	2   3   6 
1599	2  11   6 
1601	2   3  11 
1603	2   6   3 
1605	2   6   1 
1607	2   4   6 
1609	2   4   1 
1611	2   6   1 
1613	2   4   6 
1615	2   6   3 
1617	2  11   6 
1619	2   3  11 
1621	2   3   6 
1623	2  11   6 
1625	2   3  11 
1627	2   6   3 
1629	2  11   7 
1631	2   6   3 
1633	2   1   4 
1635	2   1   4 
1633	2  10  11 
1635	2   7  10 
1637	2   7  11 
1639	2  10  11 
1641	2   7  10 
1643	2  10   5 
1645	2   9  10 
1647	2   5   9 
1647	2  11   7 
1649	2   5  10 
1651	2   9  10 
1653	2  11   7 
1653	2   5   9 
1655	2  10   5 
1657	2  10  11 
1659	2   7  10 
1661	2   7  11 
1663	2  10  11 
1665	2   7  10 
1667	6   9   1 
1667	2  11   7 
1673	2  11   6 
1675	2   3  11 
1677	2   3   6 
1679	2  11   6 
1681	2   3  11 
1683	2   6   3 
1685	2   6   9 
1687	2   4   6 
1689	2   4   9 
1691	2   6   9 
1693	2   4   6 
1695	2   9   4 
1697	2   6   3 
1699	2  11   6 
1697	6   4   0 
1703	2   9   5 
1701	2   3  11 
1705	6   1   0 
1705	2   3   6 
1707	2  11   6 
1709	2   3  11 
1711	2  11   7 
1713	2  10  11 
1715	2   6   3 
1717	6   9   6 
1723	6  10   7 
1723	6   2   1 
1729	6   4   0 
1729	2  10   7 
1731	2   3   2 
1731	2  10  11 
1733	2   9   6 
1735	2   7  11 
1735	2   5   9 
1737	2  10   7 
1739	2  11  10 
1741	2   7  10 
1743	2   5   6 
1745	2   9   6 
1747	2   5   9 
1749	2   6   5 
1751	2   6   7 
1753	2  10   6 
1755	2  10   7 
1757	2   6   7 
1759	2  10   6 
1761	2   7  10 
1763	2   7   3 
1765	2   2   7 
1767	2   2   3 
1769	2   7   3 
1771	2   2   7 
1773	2   7  10 
1775	2   6   7 
1777	2  10   6 
1779	2  10   7 
1781	2   6   7 
1783	2  10   6 
1785	2   7  10 
1787	2   6   5 
1789	2   7  10 
1791	2   9   6 
1793	2   5   9 
1793	2   3   2 
1795	2   5   6 
1797	2   9   6 
1799	2   3   2 
1799	2   5   9 
1801	2   6   5 
1803	2   6   7 
1805	2  10   6 
1807	2  10   7 
1809	2   6   7 
1811	2  10   6 
1813	2   7  10 
1815	2   7   3 
1817	2   2   7 
1819	2   2   3 
1821	2   7   3 
1823	2   2   7 
1825	2   3   2 
1827	2   7  10 
1829	2   6   7 
1831	2  10   6 
1833	2  10   7 
1835	2   6   7 
1837	6  10   7 
1843	2   3  11 
1845	2   7   6 
1847	2   6   5 
1849	6  11   3 
1855	2   4   6 
1857	2  10   7 
1859	2   7   2 
1857	2   5   4 
1859	2   9  10 
1861	2   5   6 
1863	2   4   6 
1865	2   5   4 
1867	2   6   5 
1869	2   6  11 
1871	2   3   6 
1873	2   3  11 
1875	2   6  11 
1877	2   3   6 
1879	2  11   3 
1881	2  11   9 
1883	6  11   9 
1881	6   3   2 
1889	2  10   9 
1891	2  10  11 
1887	6   2   1 
1893	2   9  11 
1895	2  10   9 
1897	2  11  10 
1899	2  11   7 
1901	2   3  11 
1903	2   3   7 
1905	2  11   7 
1907	2   3  11 
1909	2  11  10 
1911	2   9  11 
1913	2   7   3 
1913	2  10   9 
1915	2  10  11 
1917	2   9  11 
1919	2  10   9 
1919	2   7   3 
1921	2   9   1 
1923	2   6   9 
1925	2   1   6 
1927	2   1   9 
1929	2   6   9 
1931	2   1   6 
1933	2   9   1 
1935	2   9   1 
1937	2   6   5 
1939	2   4   6 
1941	2   5   4 
1941	2  11  10 
1943	2   5   6 
1945	2   4   6 
1947	2  11  10 
1947	2   5   4 
1949	2   6   5 
1951	2   6   9 
1953	2   1   6 
1955	2   1   9 
1957	2   6   9 
1959	2   1   6 
1961	2   9   1 
1963	2   9  11 
1965	2  10   9 
1967	2  10  11 
1969	2   9  11 
1971	2  10   9 
1973	2  11  10 
1975	2  11   7 
1977	2   3  11 
1979	2   3   7 
1981	2  11   7 
1983	2   3  11 
1985	2  11  10 
1987	2   9  11 
1989	2   7   3 
1989	2  10   9 
1991	6   3   2 
1991	2  10  11 
1993	2   9  11 
1995	2  10   9 
1997	2   9   1 
1999	2  11  10 
2001	6   9   1 
2007	2   6   1 
2009	2   9   6 
2011	2   9   1 
2013	2   6   1 
2015	2   9   6 
2017	2   1   9 
2019	2   6  11 
2021	2   9  10 
2023	2   6   5 
2025	6   9   6 
2031	2  11   7 
2031	2   1   2 
2031	2   4   9 
2033	2   5   4 
2033	6  11   3 
2035	2   5   9 
2037	2   4   9 
2039	2   5   4 
2041	2   9   5 
2043	2   9   6 
2045	2  10   9 
2047	2  10   6 
2049	2   9   6 
2051	2  10   9 
2053	2   6  10 
2055	2   6   3 
2057	2   7   6 
2059	2   7   3 
2061	2   6   3 
2063	2   7   6 
2065	2   3   7 
2067	2   3   1 
2069	2   2   3 
2071	2   2   1 
2073	2   3   1 
2075	2   2   3 
2077	2   3   7 
2079	2   6   3 
2081	2   7   6 
2083	2   7   3 
2085	2   6   3 
2087	2   7   6 
2089	2   6  10 
2091	2   9   6 
2093	2  10   9 
2093	2   1   2 
2095	2  10   6 
2097	2   9   6 
2099	2  10   9 
2101	2   6  10 
2103	2   9   5 
2105	2   4   9 
2107	2   5   4 
2103	2   3   7 
2109	2   5   9 
2111	2   1   2 
2113	2   3   7 
2111	2   4   9 
2113	2   5   4 
2115	2   9   5 
2117	2   6  10 
2119	2   9   6 
2121	2  10   9 
2123	2  10   6 
2125	2   9   6 
2127	2  10   9 
2129	2   6  10 
2131	2   6   3 
2133	2   7   6 
2135	2   7   3 
2137	2   6   3 
2139	2   7   6 
2141	2   3   7 
2143	2   3   1 
2145	2   2   3 
2147	2   2   1 
2149	2   3   1 
2151	2   2   3 
2153	2   3   7 
2155	2   6   3 
2157	2   1   2 
2159	2   7   6 
2161	2   7   3 
2163	2   6   3 
2165	2   7   6 
2167	2   6  10 
2169	2   9   6 
2171	2   3   7 
2171	2  10   9 
2173	2  10   6 
2175	2   9   6 
2177	2  10   9 
2179	6  10   7 
2159	6   4   0 
2185	2   6   7 
2187	6   5   0 
2187	2   7   3 
2193	2   7  10 
2195	2   6   1 
2197	2   3   6 
2199	2   1   3 
2201	2   1   6 
2203	2   3   6 
2205	2   1   3 
2207	2   6   1 
2209	2   6   1 
2211	2   4   6 
2213	2   1   4 
2215	2   1   6 
2217	2   4   6 
2219	2   1   4 
2221	2   6   1 
2223	2   6   9 
2225	2   5   6 
2227	2   9   5 
2229	2   9   6 
2231	2   5   6 
2233	2   9   5 
2235	2   6   9 
2237	2   1   9 
2239	6   7   5 
2245	2   2   6 
2247	2   7   2 
2249	2   6   7 
2251	2   6   2 
2253	2   7   2 
2255	2   6   7 
2257	2   2   6 
2259	2   2   5 
2261	2  10   2 
2263	2  10   5 
2265	2   2   5 
2267	2  10   2 
2269	2   5  10 
2271	2   5   1 
2273	2   9   5 
2275	2   9   1 
2277	2   5   1 
2279	2   9   5 
2281	2   1   9 
2283	2   5  10 
2285	2   2   5 
2287	2   1   9 
2289	2  10   2 
2291	2  10   5 
2293	2   2   5 
2295	2  10   2 
2297	2   2   6 
2299	2   7   2 
2301	2   6   7 
2303	2   6   2 
2305	2   5  10 
2307	2   7   2 
2309	2   5  10 
2311	2   6   7 
2313	2   2   6 
2315	2   2   5 
2317	2  10   2 
2319	2  10   5 
2321	2   2   5 
2323	2  10   2 
2325	2   5  10 
2327	2   5   1 
2329	2   9   5 
2331	6  10   2 
2337	2   9   1 
2339	2   5   1 
2341	2   9   5 
2343	2   5   2 
2345	2   1   9 
2347	2  10   5 
2349	2   2  10 
2351	2   2   5 
2353	2  10   5 
2355	2   2  10 
2357	2   5   2 
2359	2  10   6 
2361	2   7  10 
2361	2   2   1 
2363	2   6   7 
2365	2   6  10 
2367	6   5   1 
2367	2   7  10 
2373	2   6   7 
2375	2  10   6 
2377	2  10   2 
2379	2   5  10 
2381	2   5   2 
2383	2  10   2 
2385	2   5  10 
2387	2  10   6 
2389	2   2   5 
2391	2   2   5 
2393	2   7  10 
2395	2   6   7 
2397	2   6  10 
2399	2   7  10 
2401	2   6   7 
2403	2  10   6 
2405	2  10   2 
2407	2   5  10 
2409	2   5   2 
2411	2  10   2 
2413	2   5  10 
2415	2   2   5 
2417	2   6   5 
2419	2   4   6 
2421	2   5   4 
2423	2   5   6 
2425	2   4   6 
2427	2   5   4 
2429	2   1   2 
2431	2   6   5 
2433	2  10   6 
2435	2   7  10 
2437	2   6   7 
2439	2   6  10 
2441	2   5   9 
2443	2   7  10 
2443	6   5   1 
2449	2   6   7 
2451	2  10   6 
2453	2  10   5 
2455	2   2  10 
2457	2   2   5 
2459	2  10   5 
2461	2   2  10 
2463	2   5   2 
2465	2   5   1 
2467	2   9   5 
2469	2   9   1 
2471	2   5   1 
2473	2   9   5 
2475	2   5   2 
2477	2   1   9 
2479	2  10   5 
2481	2   1   9 
2483	2   2  10 
2485	2   2   5 
2487	2  10   5 
2489	2   2  10 
2491	2  10   6 
2493	2   7  10 
2495	2   5   2 
2497	2   5   2 
2499	2   6   7 
2501	2   6  10 
2503	2   7  10 
2505	2   6   7 
2507	2  10   6 
2509	6  10   2 
2515	2   2   5 
2517	2  10   2 
2519	2  10   5 
2521	2   2   5 
2523	2  10   2 
2525	2   5  10 
2527	2   5   1 
2529	2   9   5 
2531	2   9   1 
2533	2   5   1 
2535	2   9   5 
2537	2   1   9 
2539	2   1   9 
2541	2   5  10 
2543	2   2   5 
2545	2  10   2 
2547	2  10   5 
2549	2   2   5 
2551	2  10   2 
2553	2   2   6 
2555	2   7   2 
2557	2   6   7 
2559	2   6   2 
2561	2   7   2 
2561	6   9   5 
2567	2   6   7 
2569	2   2   6 
2571	2   9  10 
2571	2   2   1 
2573	2   5   2 
2575	2   5   1 
2577	2   2   1 
2579	2   5   2 
2581	2   1   5 
2583	2   1   5 
2585	2   2   6 
2587	2   7   2 
2589	2   6   7 
2591	2   6   2 
2593	2   7   2 
2595	2   6   7 
2597	2   2   6 
2599	2   2   1 
2601	2   5   2 
2603	2   5   1 
2605	2   2   1 
2607	6   9   1 
2613	2   5   2 
2615	2   2   6 
2617	2   7   2 
2617	2   9   5 
2619	2   5   1 
2621	2   6   7 
2623	2   6   2 
2625	2  10   9 
2625	2   7   2 
2627	2   6   7 
2629	2   2   6 
2631	2   2   5 
2633	2   1   2 
2635	2   1   5 
2637	2   2   5 
2639	2   1   2 
2641	2   5   1 
2643	2   5  10 
2645	2   9   5 
2647	2   9  10 
2649	2   5  10 
2651	2   9   5 
2653	2   5   1 
2655	2   2   5 
2657	2   1   2 
2659	2   1   5 
2661	2   2   5 
2663	2   1   2 
2663	2  10   9 
2665	2   5   1 
2667	2   5   1 
2669	2   2   6 
2671	2  10   9 
2671	2   7   2 
2673	2   6   7 
2675	2   6   2 
2677	2   7   2 
2679	2   6   7 
2681	2   2   6 
2683	2   2   5 
2685	2   1   2 
2687	2   1   5 
2689	2   2   5 
2691	2   1   2 
2693	2   5   1 
2695	2   5  10 
2697	2   9   5 
2699	2   9  10 
2701	2   5  10 
2703	2   9   5 
2705	2   5   1 
2707	2   2   5 
2709	2   1   2 
2711	2   1   5 
2713	2   2   5 
2715	2   1   2 
2715	2  10   9 
2717	2   5   1 
