   1	2   8   2 
   3	2   0   6 
   3	2   5   2 
   5	2   5   8 
   7	2   7   5 
   9	2   2   1 
   9	2   8   7 
  11	2   8   5 
  13	2   7   5 
  15	2   8   7 
  17	2   5   8 
  19	2   3   5 
  21	2   7   3 
  23	2   5   7 
  25	2   5   3 
  27	2   7   3 
  29	2   5   7 
  31	2   3   5 
  33	2   4   8 
  35	2   3   0 
  37	2   6   3 
  39	2   6   0 
  41	2   3   0 
  43	2   6   3 
  45	2   0   6 
  47	2   0   2 
  49	2   1   0 
  51	2   1   2 
  53	2   0   2 
  55	2   1   0 
  57	2   2   1 
  59	2   2   4 
  61	2   8   2 
  63	2   8   4 
  65	2   2   4 
  67	2   8   2 
  69	2   2   1 
  71	2   0   2 
  73	2   1   0 
  75	2   1   2 
  77	2   0   2 
  79	2   1   0 
  81	2   0   6 
  83	2   3   0 
  85	2   2   1 
  85	2   6   3 
  87	2   6   0 
  89	2   3   0 
  91	2   2   1 
  91	2   6   3 
  93	2   0   6 
  95	2   4   8 
  97	2   0   6 
  99	2   3   5 
 101	2   7   3 
 103	2   5   7 
 105	2   5   3 
 107	2   7   3 
 109	2   5   7 
 111	2   3   5 
 113	2   4   8 
 115	2   3   0 
 117	2   6   3 
 119	2   6   0 
 121	2   3   0 
 123	2   6   3 
 125	2   0   6 
 127	2   0   2 
 129	2   1   0 
 131	2   1   2 
 133	2   0   2 
 135	2   1   0 
 137	2   2   1 
 139	2   2   4 
 141	2   8   2 
 143	2   8   4 
 145	2   2   4 
 147	2   8   2 
 149	2   2   1 
 151	2   4   8 
 153	2   4   5 
 155	2   7   4 
 157	2   0   2 
 159	2   5   7 
 159	2   1   0 
 161	2   5   4 
 163	2   7   4 
 165	2   1   2 
 167	2   0   2 
 169	2   5   7 
 169	2   1   0 
 171	2   0   6 
 173	2   3   0 
 175	2   2   1 
 175	2   6   3 
 177	2   4   5 
 179	2   6   0 
 181	2   3   0 
 183	2   6   3 
 185	2   1   3 
 187	2   0   6 
 189	2   6   8 
 191	2   4   6 
 193	2   8   4 
 195	2   8   6 
 197	2   4   6 
 199	2   8   4 
 201	2   6   8 
 203	2   6   8 
 205	2   4   5 
 207	2   7   4 
 209	2   5   7 
 211	2   5   4 
 213	2   7   4 
 215	2   5   7 
 217	2   4   5 
 219	2   4   6 
 221	2   8   4 
 223	2   8   6 
 225	2   4   6 
 227	2   8   4 
 229	2   6   8 
 231	2   4   8 
 233	2   7   4 
 235	2   8   7 
 237	2   8   4 
 239	2   7   4 
 241	2   8   7 
 243	2   7   1 
 245	2   3   7 
 247	2   4   8 
 249	2   3   1 
 249	2   5   8 
 251	2   7   1 
 253	2   4   0 
 255	2   2   4 
 257	2   0   2 
 259	2   0   4 
 261	2   2   4 
 263	2   0   2 
 263	6   7   6 
 269	2   3   6 
 271	2   4   0 
 273	2   4   5 
 275	2   8   4 
 277	2   1   3 
 277	2   8   5 
 279	2   4   5 
 281	2   8   4 
 283	2   4   0 
 285	2   2   4 
 287	2   0   2 
 289	2   0   4 
 291	2   2   4 
 293	2   0   2 
 295	2   5   8 
 297	2   5   8 
 299	2   4   0 
 301	2   4   5 
 303	2   8   4 
 305	2   8   5 
 307	2   4   5 
 309	2   8   4 
 311	2   5   8 
 313	2   5   8 
 315	2   2   5 
 311	6   6   0 
 317	2   8   2 
 319	2   8   5 
 321	2   2   5 
 323	2   8   2 
 325	2   5   8 
 327	2   4   8 
 329	2   7   5 
 331	2   1   7 
 333	2   5   1 
 335	2   5   7 
 337	2   1   7 
 339	2   5   1 
 341	2   7   5 
 343	2   7   4 
 345	2   8   7 
 347	2   8   4 
 349	2   7   4 
 351	2   8   7 
 353	2   4   8 
 355	2   4   8 
 357	2   7   5 
 359	2   1   7 
 361	2   5   1 
 363	2   5   7 
 365	2   1   7 
 367	2   5   1 
 369	2   1   3 
 371	2   0   1 
 373	2   3   0 
 375	2   3   1 
 377	2   0   1 
 379	2   3   0 
 377	2   7   5 
 379	2   7   5 
 381	2   1   3 
 383	2   1   7 
 385	2   5   1 
 387	2   5   7 
 389	2   1   7 
 391	6   6   3 
 391	2   5   1 
 397	2   7   5 
 399	2   7   4 
 401	2   8   7 
 403	2   8   4 
 405	2   7   4 
 407	2   8   7 
 407	6   2   0 
 413	2   7   5 
 415	2   1   7 
 417	2   5   1 
 419	2   5   7 
 421	2   1   7 
 423	2   5   1 
 425	2   1   3 
 427	2   0   1 
 429	2   3   0 
 431	2   3   1 
 425	6   8   7 
 433	2   0   1 
 435	2   3   0 
 431	2   8   5 
 433	2   5   8 
 435	2   2   5 
 437	2   8   2 
 439	2   8   5 
 439	2   1   3 
 441	2   4   7 
 443	2   4   7 
 445	2   2   5 
 447	2   8   2 
 449	2   1   4 
 451	2   7   1 
 453	2   7   4 
 455	2   5   8 
 455	6   3   1 
 461	2   3   4 
 463	2   7   3 
 465	2   3   1 
 467	2   0   3 
 469	6   6   4 
 475	2   1   0 
 475	2   6   7 
 477	2   1   3 
 479	2   0   3 
 481	2   1   0 
 481	2   6   7 
 483	2   3   1 
 485	2   3   6 
 487	2   7   3 
 489	2   7   6 
 491	2   3   6 
 493	2   7   3 
 495	2   4   3 
 497	2   5   4 
 499	6   3   1 
 505	2   1   5 
 505	2   6   7 
 507	2   1   4 
 509	2   5   4 
 511	2   6   7 
 511	2   1   5 
 513	2   4   1 
 515	2   4   6 
 517	2   7   4 
 519	2   7   6 
 521	2   4   6 
 523	2   7   4 
 525	2   4   1 
 527	2   5   4 
 529	2   1   5 
 531	2   1   4 
 533	2   5   4 
 535	2   1   5 
 535	2   6   7 
 537	2   4   1 
 539	2   4   1 
 541	2   5   8 
 543	2   6   7 
 543	2   2   5 
 545	2   8   2 
 547	2   8   5 
 549	2   2   5 
 551	2   8   2 
 553	2   5   8 
 555	2   5   4 
 557	2   1   5 
 559	2   1   4 
 561	2   5   4 
 563	2   1   5 
 565	2   4   1 
 567	2   4   6 
 569	2   7   4 
 571	2   7   6 
 573	2   4   6 
 575	2   7   4 
 577	2   4   1 
 579	2   5   4 
 581	2   1   5 
 581	2   6   7 
 583	2   1   4 
 585	2   5   4 
 587	2   1   5 
 589	2   4   1 
 591	2   4   8 
 593	2   1   5 
 595	2   2   1 
 597	2   5   2 
 599	2   5   1 
 601	2   2   1 
 593	2   6   7 
 601	6   8   7 
 607	2   5   2 
 609	2   1   5 
 611	2   1   4 
 613	2   7   1 
 615	2   7   4 
 617	2   1   4 
 619	2   7   1 
 621	2   4   7 
 623	2   4   6 
 625	2   8   4 
 627	2   8   6 
 629	2   4   6 
 631	2   8   4 
 633	2   4   7 
 635	2   1   4 
 637	2   7   1 
 639	2   7   4 
 641	2   1   4 
 643	2   7   1 
 645	2   4   7 
 647	2   4   7 
 649	2   1   5 
 651	2   2   1 
 651	2   6   8 
 653	2   5   2 
 655	2   5   1 
 657	2   2   1 
 657	2   6   8 
 659	2   5   2 
 661	2   1   5 
 663	2   1   4 
 665	6   5   3 
 671	2   7   1 
 673	2   7   4 
 675	2   1   4 
 677	2   7   1 
 679	2   4   7 
 681	2   4   6 
 683	2   8   4 
 685	2   8   6 
 687	2   4   6 
 689	2   8   4 
 691	2   4   7 
 693	2   1   4 
 695	2   7   1 
 697	2   7   4 
 699	2   1   4 
 701	2   7   1 
 703	2   4   7 
 705	2   4   7 
 707	2   1   3 
 709	2   0   1 
 709	2   6   8 
 711	2   3   0 
 713	2   3   1 
 715	2   6   8 
 715	2   0   1 
 717	2   3   0 
 719	2   1   3 
 721	2   1   4 
 723	2   7   1 
 725	2   7   4 
 727	2   1   4 
 729	2   7   1 
 731	2   4   7 
 733	2   4   6 
 735	2   8   4 
 737	2   8   6 
 739	2   4   6 
 741	2   8   4 
 743	2   6   8 
 745	2   6   8 
 747	2   4   7 
 749	2   1   4 
 751	2   7   1 
 753	2   7   4 
 755	2   1   4 
 757	2   7   1 
 759	2   4   7 
 761	2   4   7 
 763	2   1   3 
 765	2   0   1 
 767	2   3   0 
 769	2   3   1 
 771	2   0   1 
 773	2   3   0 
 775	2   1   3 
 777	2   1   4 
 779	2   7   1 
 781	2   7   4 
 783	2   1   4 
 785	2   7   1 
 787	2   4   7 
 789	2   4   6 
 791	2   8   4 
 793	2   8   6 
 795	2   4   6 
 797	2   8   4 
 799	2   4   7 
 801	2   1   4 
 803	2   6   8 
 805	2   7   1 
 807	2   7   4 
 809	2   1   4 
 811	2   7   1 
 813	2   4   7 
