   1	2  11   3 
   1	2   5   9 
   3	2   4   5 
   5	2   7   6 
   5	2   9   4 
   7	2   9   5 
   9	2   4   5 
  11	2   9   4 
  13	2   5   9 
  15	2   5   7 
  17	2   6   5 
  19	2   6   7 
  21	2   5   7 
  23	2   6   5 
  25	2   7   6 
  27	2   7  11 
  29	2   3   7 
  31	2   3  11 
  33	2   7  11 
  35	2   3   7 
  37	2   7   6 
  39	2   5   7 
  41	2   6   5 
  43	2   6   7 
  45	2   5   7 
  47	2   6   5 
  49	2   5   9 
  51	2   4   5 
  53	2   7   6 
  55	2  11   3 
  57	2  11   3 
  53	2   9   4 
  55	2   9   5 
  57	2   4   5 
  59	2   7   6 
  59	2   9   4 
  61	2   5   9 
  63	2   5   7 
  65	2   6   5 
  67	2   6   7 
  69	2   5   7 
  71	2   6   5 
  73	2   7   6 
  75	2   7  11 
  77	2   3   7 
  79	2   3  11 
  81	2   7  11 
  83	2   3   7 
  85	2   7   6 
  87	2   5   7 
  89	2   6   5 
  91	2   6   7 
  93	2   5   7 
  95	2   6   5 
  97	2   5   9 
  99	2   8   5 
 101	2   7   6 
 103	2  11   3 
 105	2  11   3 
 101	2   9   8 
 103	2   9   5 
 105	2   8   5 
 107	2   7   6 
 107	2   9   8 
 109	2   5   9 
 111	2   5   7 
 113	2   6   5 
 115	2   6   7 
 117	2   5   7 
 119	2   6   5 
 121	2   7   6 
 123	2   7  11 
 125	2   3   7 
 127	2   3  11 
 129	2   7  11 
 131	2   3   7 
 133	2   7   6 
 135	2   5   7 
 137	2   6   5 
 139	2   6   7 
 141	2   5   7 
 143	2   6   5 
 145	2   5   9 
 147	2   8   5 
 149	2   7   6 
 151	2  11   3 
 153	2  11   3 
 149	2   9   8 
 151	2   9   5 
 153	2   8   5 
 155	2   7   6 
 155	2   9   8 
 157	2   5   9 
 159	2   5   7 
 161	2   6   5 
 163	2   6   7 
 165	2   5   7 
 167	2   6   5 
 169	2   7   6 
 171	2   7  11 
 173	2   3   7 
 175	2   3  11 
 177	2   7  11 
 179	2   3   7 
 181	2   7   6 
 183	2   5   7 
 185	2   6   5 
 187	2   6   7 
 189	2   5   7 
 191	2   6   5 
 193	2   7   6 
 195	2   7   6 
 197	2  11   3 
 199	2  11   3 
 197	2   5   9 
 199	2   1   5 
 201	2   9   1 
 203	2   9   5 
 205	2   1   5 
 207	2   9   1 
 209	2   5   9 
 211	2   5   7 
 213	2   6   5 
 215	2   6   7 
 217	2   5   7 
 219	2   6   5 
 221	2   7   6 
 223	2   7  11 
 225	2   3   7 
 227	2   3  11 
 229	2   7  11 
 231	2   3   7 
 233	2   7   6 
 235	2   5   7 
 237	2   6   5 
 239	2   6   7 
 241	2   5   7 
 243	2   6   5 
 245	2   7   6 
 247	2   7   6 
 249	2  11   3 
 251	2  11   3 
 249	2   5   9 
 251	2   1   5 
 253	2   9   1 
 255	2   9   5 
 257	2   1   5 
 259	2   9   1 
 261	2   5   9 
 263	2   5   7 
 265	2   6   5 
 267	2   6   7 
 269	2   5   7 
 271	2   6   5 
 273	2   7   6 
 275	2   7  11 
 277	2   3   7 
 279	2   3  11 
 281	2   7  11 
 283	2   3   7 
 285	2   7   6 
 287	2   5   7 
 289	2   6   5 
 291	2   6   7 
 293	2   5   7 
 295	2   6   5 
 297	2   5   9 
 299	2  13   5 
 301	2   7   6 
 303	2  11   3 
 305	2  11   3 
 301	2   9  13 
 303	2   9   5 
 305	2  13   5 
 307	2   7   6 
 307	2   9  13 
 309	2   5   9 
 311	2   5   7 
 313	2   6   5 
 315	2   6   7 
 317	2   5   7 
 319	2   6   5 
 321	2   7   6 
 323	2   7  11 
 325	2   3   7 
 327	2   3  11 
 329	2   7  11 
 331	2   3   7 
 333	2   7   6 
 335	2   5   7 
 337	2   6   5 
 339	2   6   7 
 341	2   5   7 
 343	2   6   5 
 345	2   5   9 
 347	2  13   5 
 349	2   7   6 
 351	2  11   3 
 349	2   9  13 
 351	2   9   5 
 353	2  13   5 
 355	2   7   6 
 357	2  11   3 
 355	2   9  13 
 357	2   5   9 
 359	2   5   7 
 361	2   6   5 
 363	2   6   7 
 365	2   5   7 
 367	2   6   5 
 369	2   7   6 
 371	2   7  11 
 373	2   3   7 
 375	2   3  11 
 377	2   7  11 
 379	2   3   7 
 381	2   7   6 
 383	2   5   7 
 385	2   6   5 
 387	2   6   7 
 389	2   5   7 
 391	2   6   5 
 393	2   5   9 
 393	2  11   3 
 395	2   7   6 
 397	2   7   6 
 399	2  10   5 
 401	2   9  10 
 403	2  11   3 
 403	2   9   5 
 405	2  10   5 
 407	2   9  10 
 409	2   5   9 
 411	2   5   7 
 413	2   6   5 
 415	2   6   7 
 417	2   5   7 
 419	2   6   5 
 421	2   7   6 
 423	2   7  11 
 425	2   3   7 
 427	2   3  11 
 429	2   7  11 
 431	2   3   7 
 433	2   7   6 
 435	2   5   7 
 437	2   6   5 
 439	2   6   7 
 441	2   5   7 
 443	2   6   5 
 445	2   5   9 
 445	2  11   3 
 447	2   7   6 
 449	2  10   5 
 451	2   7   6 
 453	2   9  10 
 455	2   9   5 
 457	2  10   5 
 459	2   9  10 
 461	2   5   9 
 461	2  11   3 
 463	2   5   7 
 465	2   6   5 
 467	2   6   7 
 469	2   5   7 
 471	2   6   5 
 473	2   7   6 
 475	2   7  11 
 477	2   3   7 
 479	2   3  11 
 481	2   7  11 
 483	2   3   7 
 485	2   7   6 
 487	2   5   7 
 489	2   6   5 
 491	2   6   7 
 493	2   5   7 
 495	2   6   5 
 497	2   7   6 
 499	2   9   6 
 501	2  14   9 
 503	6  10   9 
 501	6   7   3 
 509	2  11   7 
 511	2  11   7 
 513	2   6  14 
 515	2   6  10 
 517	2  14  10 
 519	2   6  14 
 521	2  10   6 
 523	2  10  11 
 525	2   7  10 
 527	2   7  11 
 529	2  10  11 
 523	6   5   1 
 531	2   7  10 
 533	2  10   6 
 535	2  14  10 
 537	2  11   7 
 539	6   9   6 
 545	2   9  14 
 547	2   9  10 
 549	2  14  10 
 545	6   3   2 
 551	2   9  14 
 551	2  11   7 
 553	2  10   9 
 555	2  10  11 
 557	2   7  10 
 559	2   7  11 
 561	2  10  11 
 563	2   7  10 
 565	2  10   9 
 551	6   2   1 
 557	6   4   1 
 567	2   5  10 
 569	2   9   5 
 569	2  11   7 
 571	2   9  10 
 573	2   5  10 
 575	2  11   7 
 575	2   9   5 
 577	2  10   9 
 579	2  10  11 
 581	2   7  10 
 583	2   7  11 
 585	2  10  11 
 587	2   7  10 
 589	2  10   9 
 591	2   5  10 
 593	2   9   5 
 593	2  11   7 
 595	2   9  10 
 597	2   5  10 
 599	2  11   7 
 599	2   9   5 
 601	2  10   9 
 603	2  10  11 
 605	2   7  10 
 607	2   7  11 
 609	2  10  11 
 611	2   7  10 
 613	2  10   9 
 615	2  13  10 
 617	2   9  13 
 617	2  11   7 
 619	2   9  10 
 621	2  13  10 
 623	2   9  13 
 625	2  10   9 
 627	2  11   7 
 629	2  10  11 
 631	2   7  10 
 633	2   7  11 
 635	2  10  11 
 637	2   7  10 
 639	2  10   9 
 641	2  13  10 
 643	2   9  13 
 645	2   9  10 
 647	2  13  10 
 649	6   6   1 
 649	2   9  13 
 655	2  10   9 
 657	2   4   9 
 657	2  11   7 
 659	6   4   1 
 659	2  11   7 
 661	2  10  11 
 663	2   7  10 
 665	6   5   2 
 665	2   7  11 
 667	2  10  11 
 671	2   7  10 
 673	2   5  10 
 675	2   6   5 
 677	2  10   6 
 679	6   9   1 
 679	2  11   7 
 685	2  10   5 
 687	2   6   5 
 689	2  10   6 
 691	6   9   6 
 689	6   4   0 
 697	2   5  10 
 699	2   5   6 
 701	2  11   7 
 701	2   1   5 
 703	2   1   6 
 705	2   5   6 
 707	2   1   5 
 709	6  10   8 
 715	2   6   1 
 717	2   6  11 
 719	2   7   6 
 721	2   7  11 
 723	2   6  11 
 725	2   7   6 
 727	2   6   1 
 729	2   5   6 
 731	2  11   7 
 731	2   1   5 
 733	2   1   6 
 735	2   5   6 
 737	2   1   5 
 739	2   5   8 
 741	2   9   5 
 743	2   8   9 
 743	2   6   1 
 745	2   8   5 
 747	2   9   5 
 749	2   8   9 
 749	2   6   1 
 751	6   2   0 
 757	2  11   7 
 757	2   5   8 
 759	2   5   6 
 761	2   1   5 
 763	2   1   6 
 765	2   5   6 
 767	2   1   5 
 769	2   6   1 
 771	2   6  11 
 773	2   7   6 
 775	2   7  11 
 777	2   6  11 
 779	2   7   6 
 781	2   6   1 
 783	2   5   6 
 785	2   1   5 
 787	2   1   6 
 789	2   5   6 
 791	2   1   5 
 793	2   5   8 
 791	2  11   7 
 795	2   4   5 
 797	2   6   1 
 797	2   8   4 
 799	2   8   5 
 801	2   4   5 
 803	2   6   1 
 805	2  11   7 
 803	2   8   4 
 805	2   5   8 
 807	2   5   6 
 809	2   1   5 
 811	2   1   6 
 813	2   5   6 
 815	2   1   5 
 817	2   6   1 
 819	2   6  11 
 821	2   7   6 
 823	2   7  11 
 825	2   6  11 
 827	2   7   6 
 829	2   6   1 
 831	2   5   6 
 833	2   1   5 
 835	2   1   6 
 837	2   5   6 
 839	2  11   7 
 839	2   1   5 
 841	2  11   7 
 841	2   5   8 
 843	2   4   5 
 845	2   8   4 
 845	2   6   1 
 847	2   8   5 
 849	2   4   5 
 851	2   6   1 
 851	2   8   4 
 853	2   5   8 
 855	2   5   6 
 857	2   1   5 
 859	2   1   6 
 861	2   5   6 
 863	2   1   5 
 865	2   6   1 
 867	2   6  11 
 869	2   7   6 
 871	2   7  11 
 873	2   6  11 
 875	2   7   6 
 877	2   6   1 
 879	2   5   6 
 881	2   1   5 
 883	2   1   6 
 885	2   5   6 
 887	2  11   7 
 887	2   1   5 
 889	2  11   7 
 889	2   5   8 
 891	2   6   1 
 893	2   6   1 
 895	2   0   5 
 897	2   8   0 
 899	2   8   5 
 901	2   0   5 
 903	2   8   0 
 905	2   5   8 
 907	2   5   6 
 909	2   1   5 
 911	2   1   6 
 913	2   5   6 
 915	2   1   5 
 917	2   6   1 
 919	2   6  11 
 921	2   7   6 
 923	2   7  11 
 925	2   6  11 
 927	2   7   6 
 929	2   6   1 
 931	2   5   6 
 933	2   1   5 
 935	2   1   6 
 937	2   5   6 
 939	2   1   5 
 939	2  11   7 
 941	2   6   1 
 943	2   6   1 
 945	2   5   8 
 947	2   0   5 
 945	2  11   7 
 949	2   8   0 
 951	2   8   5 
 953	2   0   5 
 955	2   8   0 
 957	2   5   8 
 959	2   5   6 
 961	2   1   5 
 963	2   1   6 
 965	2   5   6 
 967	2   1   5 
 969	2   6   1 
 971	2   6  11 
 969	6   9   8 
 973	2   7   6 
 975	2   7  11 
 977	2   6  11 
 979	2   7   6 
 981	2   6   1 
 983	2   5   6 
 985	2  11   7 
 985	2   1   5 
 987	2   1   6 
 989	2   5   6 
 991	2   1   5 
 991	2  11   7 
 993	2   5   9 
 995	2  13   5 
 997	2   9  13 
 997	2   6   1 
 999	2   9   5 
1001	2  13   5 
1003	2   6   1 
1003	2   9  13 
1005	2   5   9 
1007	2   5   6 
1009	2   1   5 
1011	2   1   6 
1013	2   5   6 
1015	2   1   5 
1017	2   6   1 
1019	2   6  11 
1021	2   7   6 
1023	2   7  11 
1025	2   6  11 
1027	2   7   6 
1029	2   6   1 
1031	2   5   6 
1033	6  10   2 
1039	2   1   5 
1041	2   1   6 
1043	2   5   6 
1045	2  11   7 
1047	2  11   7 
1045	2   1   5 
1047	2   5   9 
1049	2  13   5 
1051	2   6   1 
1051	2   9  13 
1053	2   9   5 
1055	2  13   5 
1057	2   6   1 
1057	2   9  13 
1059	2   5   9 
1061	2   5   6 
1063	2   1   5 
1065	2   1   6 
1067	2   5   6 
1069	2   1   5 
1071	2   6   1 
1061	6  14  13 
1073	2   6  11 
1075	2   7   6 
1077	2   7  11 
1079	2   6  11 
1081	2   7   6 
1083	2   6   1 
1085	2   5   6 
1087	2   1   5 
1087	2  11   7 
1089	2   1   6 
1091	2   5   6 
1093	2  11   7 
1093	2   1   5 
1095	2   6   1 
1097	2   6   1 
1099	2   5   9 
1101	2  10   5 
1103	2   9  10 
1105	2   9   5 
1107	2  10   5 
1109	2   9  10 
1111	2   5   9 
1113	2   5   6 
1115	2   1   5 
1117	2   1   6 
1119	2   5   6 
1121	2   1   5 
1123	2   6   1 
1125	2   6  11 
1127	2   7   6 
1129	2   7  11 
1131	2   6  11 
1133	2   7   6 
1135	2   6   1 
1137	2   5   6 
1139	2   1   5 
1139	2  11   7 
1141	2   1   6 
1143	2   5   6 
1145	2   1   5 
1147	2   6   1 
1149	2   6   1 
1151	2   5   9 
1151	2  11   7 
1153	2  10   5 
1155	2   9  10 
1157	2   9   5 
1159	2  10   5 
1161	2   9  10 
1163	2   5   9 
1165	2   5   6 
1167	2  12   9 
1169	2   1   5 
1171	2   1   6 
1173	2   5   6 
1175	2   1   5 
1177	6  13   9 
1177	2   6   1 
1179	2   6  11 
1181	2   7   6 
1183	2   7  11 
1185	2   6  11 
1187	2   7   6 
1189	2   6   1 
1183	6  13  12 
1191	2   5   6 
1193	2   1   5 
1195	2   1   6 
1197	2   5   6 
1199	2   1   5 
1201	2   6   1 
1203	2   5   6 
1189	6  12   8 
1205	6   3   2 
1205	2   9   5 
1211	2   6   9 
1213	2   6   5 
1215	2   9   5 
1217	2   2   1 
1215	2  11   7 
1217	2  11   7 
1219	2   6   9 
1221	2   5   6 
1223	6  13   9 
1223	6   6   2 
1229	2   5   9 
1231	2   8   5 
1233	2   8   9 
1235	2   5   9 
1237	2   8   5 
1239	2   9   8 
1241	2   9   6 
1243	2   1   9 
1245	2   1   6 
1247	2   9   6 
1249	2   1   9 
1251	2   6   1 
1253	2   6  11 
1255	2   7   6 
1257	6  13  10 
1263	2   7  11 
1265	2   6  11 
1267	2   7   6 
1269	2   6   1 
1271	2   9   6 
1273	2   1   9 
1275	2   1   6 
1277	2   9   6 
1279	2   1   9 
1279	2  11   7 
1281	2   6   1 
1281	2   9   8 
1283	2   5   9 
1285	2   8   5 
1287	2   6   1 
1287	2   8   9 
1289	2  11   7 
1289	2   5   9 
1291	2   8   5 
1293	2   5   2 
1295	2  10   5 
1297	2   9   8 
1299	2   9   8 
1301	2   2  10 
1303	2   2   5 
1305	2  10   5 
1307	2   2  10 
1309	2   5   2 
1311	2   5   9 
1313	2   8   5 
1315	2   8   9 
1317	2   5   9 
1319	2   8   5 
1321	2   9   8 
1323	2   9   6 
1325	2   1   9 
1327	2   1   6 
1329	2   9   6 
1331	2   1   9 
1333	2   6   1 
1335	2   6  11 
1337	2   7   6 
1339	2   7  11 
1341	2   6  11 
1343	2   7   6 
1345	2   6   1 
1347	2   9   6 
1349	2  11   7 
1349	2   1   9 
1351	2   1   6 
1353	2   9   6 
1355	2   1   9 
1357	2   9   8 
1357	2   6   1 
1359	2   5   9 
1359	2  11   7 
1361	2   8   5 
1363	2   8   9 
1365	2   5   9 
1367	2   8   5 
1361	6   7   3 
1369	2   5   2 
1371	2   7   5 
1373	2   2   7 
1375	2   6   1 
1373	2   9   8 
1375	2   9   8 
1377	2   2   5 
1379	2   7   5 
1381	2   2   7 
1383	2   5   2 
1385	2   5   9 
1387	2   8   5 
1389	2   8   9 
1391	2   5   9 
1393	2   8   5 
1395	2   9   8 
1397	2   9   6 
1399	2   1   9 
1401	2   1   6 
1403	2   9   6 
1405	2   1   9 
1407	2   6   1 
1409	2   6  11 
1411	2   3   6 
1413	2   3  11 
1415	2   6  11 
1417	2   3   6 
1419	2   6   1 
1421	2   9   6 
1423	2   1   9 
1425	2   1   6 
1427	2  11   3 
1429	2   9   6 
1431	2   1   9 
1433	2   9   8 
1435	2   5   9 
1437	2   8   5 
1439	2   8   9 
1441	2   5   9 
1433	2  11   3 
1443	2   8   5 
1445	2   5   2 
1447	2   7   5 
1449	2   2   7 
1449	2   9   8 
1451	2   2   5 
1453	2   7   5 
1455	2   9   8 
1455	2   2   7 
1457	2   5   2 
1459	2   5   9 
1461	2   8   5 
1463	2   8   9 
1463	2   6   1 
1465	2   5   9 
1467	2   8   5 
1469	2   6   1 
1469	2   9   8 
1471	2   9   6 
1473	2   1   9 
1475	2   1   6 
1477	2   9   6 
1479	2   1   9 
1481	2   6   1 
1483	2   6  11 
1485	2   3   6 
1487	2   3  11 
1489	2   6  11 
1491	2   3   6 
1493	6   6   4 
1499	6  11   7 
1499	2   4   1 
1501	2   9   4 
1503	2   1   9 
1505	2   7   3 
1505	2   1   4 
1507	2   9   4 
1507	2   7   3 
1509	2   1   9 
1511	2   9   8 
1513	2   4   1 
1513	6  10   7 
1515	2   4   1 
1519	2   5   9 
1521	2   8   5 
1523	2   8   9 
1525	2   5   9 
1527	2   8   5 
1529	2   5   2 
1531	2   6   5 
1533	2   9   8 
1533	2   2   6 
1535	2   2   5 
1537	2   6   5 
1539	2   9   8 
1539	2   2   6 
1541	6   6   4 
1547	2   5   2 
1549	6   7   3 
1549	2   5   9 
1551	2   8   5 
1553	2   8   9 
1555	2   5   9 
1557	2   8   5 
1559	2   9   8 
1561	2   9   6 
1563	2   1   9 
1565	2   1   6 
1567	2   9   6 
1569	2   1   9 
1571	2   6   1 
1573	2   6  10 
1575	2   7   6 
1577	2   7  10 
1579	2   6  10 
1581	2   7   6 
1583	2   6   1 
1585	2   9   6 
1587	2   1   9 
1589	2   1   6 
1591	2   9   6 
1593	2   1   9 
1595	2   9   8 
1595	2   6   1 
1597	2   5   9 
1599	2   6   1 
1601	2  10   7 
1601	6   4   1 
1607	2   8   5 
1609	2   8   9 
1611	2   5   9 
1613	6  14  13 
1613	2   8   5 
1615	2   5   2 
1617	2   1   5 
1619	2   9   8 
1619	2   2   1 
1621	2   2   5 
1623	2   1   5 
1623	2  10   7 
1625	2   9   8 
1625	2   2   1 
1627	2   5   2 
1629	2   5   9 
1631	2   8   5 
1633	2   8   9 
1635	2   5   9 
1637	2   8   5 
1639	2   9   8 
1641	2   9   6 
1643	2   4   9 
1645	2   4   6 
1647	2   9   6 
1649	2   4   9 
1651	2   6   4 
1653	2   6  10 
1655	2   7   6 
1657	6  10   2 
1663	2   7   2 
1665	2   6   2 
1667	2   7   6 
1669	2   6   4 
1671	2   9   6 
1673	2   2   7 
1673	2   4   9 
1675	2   4   6 
1677	2   9   6 
1679	2   4   9 
1679	2   2   7 
1681	2   9   8 
1683	2   5   9 
1685	2   8   5 
1687	2   6   4 
1689	2   6   4 
1691	2   8   9 
1693	2   5   9 
1695	2   8   5 
1697	2   9   8 
1699	2   9   8 
1701	2   5  10 
1703	2  13   5 
1705	2  10  13 
1707	2  10   5 
1709	2  13   5 
1711	2  10  13 
1713	2   5  10 
1715	2   5   9 
1717	2   8   5 
1719	2   8   9 
1721	2   5   9 
1723	2   8   5 
1725	2   9   8 
1727	2   9   6 
1729	2   4   9 
1731	2   4   6 
1733	2   9   6 
1735	2   4   9 
1737	2   6   4 
1739	2   6   2 
1741	2   7   6 
1743	2   7   2 
1745	2   6   2 
1747	2   7   6 
1749	2   6   4 
1751	2   9   6 
1753	2   2   7 
1753	2   4   9 
1755	2   4   6 
1757	2   9   6 
1759	2   4   9 
1759	2   2   7 
1761	6  13   5 
1767	2   6   4 
1769	2   6   4 
1771	6   3   1 
1771	2   9   8 
1773	2  13   9 
1775	2   8  13 
1777	6   1   0 
1777	2   8   9 
1779	2  13   9 
1781	2   8  13 
1783	2  13  10 
1785	2   5  13 
1787	2   9   8 
1789	2   9   8 
1791	2  10   5 
1793	2  10  13 
1795	2   5  13 
1797	2  10   5 
1799	2  13  10 
1801	2  13   9 
1803	2   8  13 
1805	2   8   9 
1807	2  13   9 
1809	2   8  13 
1811	2   9   8 
1813	2   9   6 
1815	2   4   9 
1817	2   4   6 
1819	2   9   6 
1821	2   4   9 
1823	2   6   4 
1825	2   6   2 
1827	2   7   6 
1829	2   7   2 
1831	2   6   2 
1833	2   7   6 
1835	2   6   4 
1837	2   9   6 
1839	2   2   7 
1839	2   4   9 
1841	2   4   6 
1843	2   9   6 
1845	2   4   9 
1847	2   9   8 
1849	2  13   9 
1845	2   2   7 
1851	2   8  13 
1853	2   8   9 
1855	2  13   9 
1857	2   8  13 
1859	2   9   8 
1861	2   9   8 
1863	2  13  10 
1865	2   6   4 
1867	2   6   4 
1865	2  14  13 
1869	2  10  14 
1871	2  10  13 
1873	2  14  13 
1875	2  10  14 
1877	2  13  10 
1879	2  13   9 
1881	2   8  13 
1883	2   8   9 
1885	2  13   9 
1887	2   8  13 
1889	2   9   8 
1891	2   9   6 
1893	2   4   9 
1895	2   4   6 
1897	2   9   6 
1899	2   4   9 
1901	2   6   4 
1903	2   6   2 
1905	2   7   6 
1907	2   7   2 
1909	2   6   2 
1911	2   7   6 
1913	2   6   4 
1915	2   9   6 
1917	2   4   9 
1917	2   2   7 
1919	2   4   6 
1921	2   9   6 
1923	2   2   7 
1923	2   4   9 
1925	2   9   8 
1927	2  13   9 
1929	2   8  13 
1931	2   8   9 
1933	2  13   9 
1935	2   8  13 
1937	2   9   8 
1939	2   9   8 
1941	2  13  10 
1943	2   6   4 
1945	2   6   4 
1943	2  14  13 
1947	2  10  14 
1949	2  10  13 
1951	2  14  13 
1953	2  10  14 
1955	2  13  10 
1957	2  13   9 
1959	2   8  13 
1961	2   8   9 
1963	2  13   9 
1965	2   8  13 
1967	2   9   8 
1969	2   9   6 
1971	2   4   9 
1973	2   4   6 
1975	2   9   6 
1977	2   4   9 
1979	2   6   4 
1981	2   6   2 
1983	2   7   6 
1985	2   7   2 
1987	2   6   2 
1989	2   7   6 
1991	2   6   4 
1993	2   9   6 
1995	2   4   9 
1997	2   4   6 
1999	2   9   6 
2001	2   2   7 
2003	2   2   7 
2001	2   4   9 
2003	2   9   8 
2005	6   2   1 
2005	2  13   9 
2007	2   8  13 
2011	2   6   4 
2013	6   7   6 
2013	2   8   9 
2015	2  13   9 
2017	2   8  13 
2019	6  11   7 
2019	2   9   8 
2021	2   4   8 
2023	2   0   4 
2025	6   7   2 
2025	2   8   0 
2027	2   8   4 
2029	2   0   4 
2031	2  10  13 
2033	2   8   0 
2035	2   4   8 
2037	2   4   1 
2039	2   6   4 
2041	2   6   1 
2043	6   5   2 
2049	2   4   1 
2051	2   6   4 
2053	6   3   2 
2053	2   4   8 
2055	2   0   4 
2057	2   8   0 
2059	2   8   4 
2059	2   1   6 
2061	2   0   4 
2063	2   8   0 
2065	2   1   6 
2065	2   4   8 
2067	2   4   1 
2069	2   6   4 
2071	2   6   1 
2073	2   4   1 
2075	2   6   4 
2077	2   4   8 
2077	2   1   6 
2079	2   5   4 
2081	2   8   5 
2083	2   1   6 
2083	2   8   4 
2085	2   5   4 
2087	2   8   5 
2089	2   4   8 
2091	6   2   0 
2097	2   4   1 
2099	2   6   4 
2101	2   6   1 
2103	2   4   1 
2105	2   6   4 
2107	2   1   6 
2107	2   4   8 
2109	2   5   4 
2109	6   3   2 
2111	2   8   5 
2113	2   8   4 
2115	2   5   4 
2117	2   8   5 
2119	2   1   6 
2119	2   4   8 
2121	2   4   1 
2123	2   6   4 
2125	2   6   1 
2127	2   4   1 
2129	2   6   4 
2131	2   4   8 
2131	2   1   6 
2133	2   0   4 
2135	2   8   0 
2137	2   1   6 
2137	2   8   4 
2139	2   0   4 
2141	2   8   0 
2143	2   4   8 
2145	2   4   1 
2147	6   5   2 
2143	6  14  13 
2153	2   6   4 
2155	2   6   1 
2149	6  13  12 
2157	2   4   1 
2159	2   6   4 
2161	2   1   6 
2161	2   4   8 
2163	2   0   4 
2165	2   8   0 
2167	2   1   6 
2167	2   8   4 
2169	2   0   4 
2171	2   8   0 
2173	2   4   8 
2175	2   4   1 
2177	2   6   4 
2179	2   6   1 
2181	2   4   1 
2183	2   6   4 
2185	2   1   6 
2185	2   4   8 
2187	2   5   4 
2189	2   8   5 
2191	2   1   6 
2191	2   8   4 
2193	2   5   4 
2195	2   8   5 
2197	2   4   8 
2199	2   4   1 
2201	2   6   4 
2203	2   6   1 
2205	2   4   1 
2207	2   6   4 
2209	2   1   6 
2209	2   4   8 
2211	2   5   4 
2213	2   8   5 
2215	2   1   6 
2215	2   8   4 
2217	2   5   4 
2219	2   8   5 
2221	6   5   1 
2227	2   4   8 
2227	6   2   1 
2233	2   4   5 
2235	2   6   4 
2237	2   6   5 
2239	2   4   5 
2241	2   6   4 
2243	2   4   8 
2245	2  12   4 
2247	2   5   6 
2247	2   8  12 
2249	2   8   4 
2251	2  12   4 
2253	2   8  12 
2253	2   5   6 
2255	2   4   8 
2257	2   4   5 
2259	2   6   4 
2261	2   6   5 
2263	2   4   5 
2265	2   6   4 
2267	2   4   8 
2269	2  12   4 
2271	6   9   1 
2267	6   7   3 
2277	2   5   6 
2277	2   8  12 
2279	6  10   7 
2279	2   8   4 
2281	2  12   4 
2285	2   5   6 
2283	2   8  12 
2287	2   4   8 
2289	2   4   5 
2291	2   6   4 
2293	2   6   5 
2295	2   4   5 
2297	2   6   4 
2299	2   5   6 
2301	2   5   8 
2303	2   4   6 
2305	2   9   5 
2307	2   8   9 
2309	2   8   5 
2311	2   9   5 
2313	2   8   9 
2315	2   5   8 
2317	2   5   4 
2319	6   6   4 
2325	2   4   5 
2327	6   9   4 
2325	6  11   3 
2333	2   9   6 
2335	2   5   6 
2337	2   9   5 
2339	2   6   9 
2341	2   6   9 
2343	2   5   8 
2345	2   4   5 
2347	2   8   4 
2349	2   8   5 
2351	2   4   5 
2353	2   8   4 
2355	2   5   8 
2357	2   5   6 
2359	2   9   5 
2361	2   9   6 
2363	2   5   6 
2365	2   9   5 
2367	6   5   2 
2367	6  14  12 
2373	2   6   9 
2375	2   6   9 
2377	2  10   6 
2379	2   9  10 
2381	2   9   6 
2383	2  10   6 
2385	2   9  10 
2387	2   6   9 
2389	2   6   9 
2391	2  11   6 
2393	2   9  11 
2395	2   9   6 
2397	2  11   6 
2399	2   9  11 
2401	2   6   9 
2403	2   6   9 
2405	2   5   6 
2407	2   9   5 
2409	2   9   6 
2411	2   5   6 
2413	2   9   5 
2415	2   6   9 
2417	2   6   9 
2419	2  14   6 
2421	6   5   2 
2427	2   9  14 
2429	2   9   6 
2431	2  14   6 
2433	2   9  14 
2435	2   6   9 
2437	2   9   8 
2437	6   7   2 
2439	2  10   9 
2443	2   6   5 
2445	2   8  10 
2447	2   8   9 
2445	6   2   1 
2449	2  10   9 
2451	2   8  10 
2451	6   1   0 
2453	2   9   8 
2455	2   9   6 
2457	2   5   9 
2459	2   5   6 
2461	2   9   6 
2463	2   5   9 
2465	2   9   8 
2467	2   6   5 
2463	6  14  11 
2469	2   6   5 
2471	2  10   9 
2473	2   8  10 
2475	2   8   9 
2477	2  10   9 
2479	2   8  10 
2481	2   9   8 
2483	2   9   6 
2485	2   5   9 
2487	2   5   6 
2489	2   9   6 
2491	2   5   9 
2493	2   9   8 
2495	2   4   9 
2497	6  14  13 
2497	2   6   5 
2499	2   6   5 
2501	2   8   4 
2501	6  11   7 
2503	2   8   9 
2505	2   4   9 
2507	2   8   4 
2509	2   9   8 
2511	2   9   6 
2513	2   5   9 
2515	6  11  10 
2521	2   5   6 
2523	2   9   6 
2525	2   5   9 
2527	2   9   8 
2529	2   6   5 
2531	2   4   9 
2531	6  11   7 
2533	2   8   4 
2535	2   8   9 
2537	2   4   9 
2539	6  14  11 
2539	2   8   4 
2541	2   6   5 
2543	2   9   8 
2545	2   9   6 
2545	2   4   0 
2547	2   5   9 
2549	6  13   8 
2549	2   5   6 
2555	2   9   6 
2557	2   5   9 
2559	2   9  13 
2561	2   8   9 
2563	2  12   4 
2565	2  13   8 
2565	2   6   5 
2567	6  12   4 
2573	2   4   0 
2573	2  13   9 
2575	2   8   9 
2577	2   6   5 
2577	2  13   8 
2579	6   4   0 
2579	2   9  13 
2581	2   9   6 
2585	2   5   9 
2587	2  12   4 
2589	2   5   6 
2591	2   9   6 
2591	6   4   0 
2597	2   5   9 
2599	2   9  13 
2601	2   8   9 
2603	2  13   8 
2603	2   6   5 
2605	2   4  12 
2607	2  13   9 
2609	2   8   9 
2611	2  13   8 
2611	2   6   5 
2613	2   0   4 
2613	2   9  13 
2615	2   9   6 
2617	2   5   9 
2619	2   5   6 
2621	2   9   6 
2623	2   5   9 
2625	6   4   1 
2625	2   9  13 
2627	2  10   9 
2629	2  13  10 
2631	2   6   5 
2633	2   6   5 
2635	2  13   9 
2637	2  10   9 
2639	2  13  10 
2641	2   9  13 
2643	2   9   6 
2645	2   5   9 
2647	2   5   6 
2649	2   9   6 
2651	2   5   9 
2653	2   6   5 
2655	2   6   5 
2657	2   9  13 
2659	2  10   9 
2661	2  13  10 
2663	2  13   9 
2665	2  10   9 
2667	2  13  10 
2669	2   9  13 
2671	2   9   6 
2673	2   5   9 
2675	2   5   6 
2677	2   9   6 
2679	2   5   9 
2681	2   9  13 
2683	2   6   5 
2685	2  14   9 
2687	2  13  14 
2687	2   6   5 
2689	2  13   9 
2691	2  14   9 
2693	2  13  14 
2695	2   9  13 
2697	2   9   6 
2699	2   5   9 
2701	2   5   6 
2703	2   9   6 
2705	2   5   9 
2707	2   6   5 
2709	2   9  13 
2711	2  14   9 
2713	2  13  14 
2713	2   6   5 
2715	2  13   9 
2717	2  14   9 
2719	2  13  14 
2721	6  13   8 
2715	6   2   0 
2721	6   2   1 
2727	2   9   8 
2729	2   9   6 
2731	2   5   9 
2733	2   5   6 
2735	2   9   6 
2737	2   5   9 
2739	2   6   5 
2741	2   6   9 
2743	2   5   8 
2745	2   4   5 
2747	2   8   4 
2749	2   8   5 
2751	2   4   5 
2753	2   8   4 
2755	2   5   8 
2757	2   5   6 
2759	2   9   5 
2761	2   9   6 
2763	2   5   6 
2765	2   9   5 
2767	2   5   8 
2769	2   4   5 
2771	2   8   4 
2773	2   8   5 
2775	2   4   5 
2777	6   8   4 
2783	2   4   8 
2785	2   5   4 
2765	6   3   2 
2787	2   0   4 
2789	2   1   0 
2791	2   4   1 
2793	2   4   0 
2793	2   6   9 
2795	2   6   9 
2795	2   1   0 
2797	2   4   1 
2799	2   0   4 
2801	2   5   6 
2803	2   9   5 
2805	6   1   0 
2805	2   9   6 
2811	2   5   6 
2813	2   9   5 
2815	2   6   9 
2817	2   2   6 
2819	2   5   9 
2821	6  10   9 
2821	2   1   2 
2827	2   6   1 
2829	2   6   2 
2831	2   1   2 
2833	2   6   1 
2835	2   2   6 
2837	2   2   5 
2839	2  10   2 
2841	2  10   5 
2843	2   2   5 
2845	2  10   2 
2847	2   2   6 
2849	2   1   2 
2851	2   5  10 
2853	2   6   1 
2855	2   5  10 
2857	2   6   2 
2859	2   1   2 
2861	2   6   1 
2863	2   1   4 
2865	2   0   1 
2867	2   4   0 
2867	2   2   6 
2869	6   5   0 
2875	2   4   1 
2877	2   5   1 
2869	6   7   3 
2879	2   4   5 
2847	6  13  12 
2875	6  10   7 
2881	2   5  10 
2881	6   7   3 
2883	2  13   5 
2885	2   1   4 
2885	2  10  13 
2887	2  10   5 
2889	2   1   4 
2891	2  13   5 
2893	2  10  13 
2895	2   5  10 
2897	2   5   1 
2899	2   4   5 
2901	6   5   0 
2907	2   2   6 
2909	2   4   1 
2911	6   7   5 
2917	2   0   1 
2919	2   4   0 
2921	2   1   4 
2917	6  10   9 
2923	6   9   8 
2923	2   1   2 
2925	2   6   1 
2927	2   6   2 
2929	2   1   2 
2931	2   6   1 
2933	2   2   6 
2935	6   9   5 
2935	2   2   7 
2937	2   3   2 
2939	2   3   7 
2941	2   2   7 
2941	6  14   9 
2943	2   3   2 
2945	2   2   6 
2947	2   1   2 
2949	2   6   1 
2951	2   6   2 
2953	2   1   2 
2955	2   6   1 
2957	2   1   4 
2959	2   0   1 
2961	2   4   0 
2963	2   4   1 
2965	2   0   1 
2957	2   7   3 
2967	2   2   6 
2969	2   2   6 
2971	2   7   3 
2967	2   4   0 
2969	2   0   8 
2971	2   1   4 
2973	2   5   0 
2975	2   1   4 
2977	2   8   5 
2979	2   8   0 
2981	2   5   0 
2983	2   8   5 
2985	2   0   8 
2987	2   0   1 
2989	2   4   0 
2991	2   4   1 
2993	2   0   1 
2995	2   4   0 
2997	2   1   4 
2999	2   1   2 
3001	2   6   1 
3003	2   6   2 
3005	2   1   2 
3007	2   6   1 
3009	2   2   6 
3011	2   2   7 
3013	2   3   2 
3015	2   3   7 
3017	2   2   7 
3019	2   3   2 
3021	2   2   6 
3023	2   1   2 
3025	2   6   1 
3027	2   6   2 
3029	2   1   2 
3031	2   6   1 
3033	2   1   4 
3033	2   7   3 
3035	2   7   3 
3035	2   0   1 
3037	2   2   6 
3037	2   4   0 
3039	2   4   1 
3041	2   0   1 
3043	2   2   6 
3043	2   4   0 
3045	2   1   4 
3047	2   1   4 
3049	2   0   8 
3051	2   5   0 
3053	2   8   5 
3055	2   8   0 
3057	2   5   0 
3059	2   8   5 
3061	2   0   8 
3063	2   0   1 
3065	2   4   0 
3067	2   4   1 
3069	2   0   1 
3071	2   4   0 
3073	2   1   4 
3075	2   1   2 
3077	2   6   1 
3079	2   6   2 
3081	2   1   2 
3083	2   6   1 
3085	2   2   6 
3087	6   9   5 
3087	2   2   7 
3089	2   3   2 
3091	2   3   7 
3093	2   2   7 
3095	2   3   2 
3097	2   2   6 
3099	2   1   2 
3101	2   6   1 
3103	2   6   2 
3105	2   1   2 
3107	2   6   1 
3109	2   7   3 
3109	2   1   4 
3111	2   0   1 
3113	2   2   6 
3115	2   7   3 
3113	2   4   0 
3115	2   4   1 
3117	2   0   1 
3119	2   2   6 
3119	2   4   0 
3121	2   0   8 
3123	2   5   0 
3125	2   8   5 
3127	2   1   4 
3129	2   1   4 
3131	2   8   0 
3133	2   5   0 
3135	2   8   5 
3137	2   0   8 
3139	2   0   1 
3141	2   4   0 
3143	2   4   1 
3145	2   0   1 
3147	2   4   0 
3149	2   1   4 
3151	2   1   2 
3153	2   6   1 
3155	2   6   2 
3157	2   1   2 
3159	2   6   1 
3161	2   2   6 
3163	2   2   7 
3165	2   3   2 
3167	2   3   7 
3169	2   2   7 
3171	2   3   2 
3173	2   2   6 
3175	2   1   2 
3177	2   6   1 
3179	2   6   2 
3181	2   1   2 
3183	2   6   1 
3185	2   1   4 
3185	2   7   3 
3187	2   7   3 
3187	2   0   1 
3189	2   4   0 
3189	2   2   6 
3191	2   4   1 
3193	2   0   1 
3195	2   2   6 
3195	2   4   0 
3197	2   0   8 
3199	2   1   4 
3201	2   1   4 
3203	2   5   0 
3205	2   8   5 
3207	2   8   0 
3209	2   5   0 
3211	2   8   5 
3213	6   8   5 
3209	6  14  13 
3219	2   0   5 
3221	6  13  10 
3221	2   0   1 
3223	2   4   0 
3225	2   4   1 
3227	6  10   9 
3227	2   0   1 
3229	2   4   0 
3231	2   1   4 
3233	2   1   2 
3235	2   6   1 
3237	2   6   2 
3239	2   1   2 
3241	2   6   1 
3243	2   2   6 
3245	2   2   7 
3247	2   3   2 
3249	2   3   7 
3251	2   2   7 
3253	2   3   2 
3255	2   2   6 
3257	2   1   2 
3259	2   6   1 
3261	2   6   2 
3263	2   1   2 
3265	2   6   1 
3267	2   1   4 
3269	2   0   1 
3271	2   4   0 
3273	2   4   1 
3267	2   7   3 
3269	2   7   3 
3275	2   0   1 
3277	2   2   6 
3277	2   4   0 
3279	2   1   4 
3281	2   5   1 
3283	2   9   5 
3285	6   6   1 
3285	6  14  13 
3291	2   0   4 
3291	2   6   9 
3293	2   2   1 
3295	6   9   6 
3301	2   9   5 
3303	2   6   5 
3305	2   9   6 
3307	2   5   9 
3309	2   5   0 
3309	6  14  10 
3311	2   4   5 
3313	2   4   0 
3315	2   5   0 
3317	2   4   5 
3319	2   0   4 
3321	2   0   2 
3323	2   1   0 
3325	2   1   2 
3327	2   0   2 
3329	2   1   0 
3331	2   2   1 
3333	2   2   7 
3335	2   3   2 
3337	2   3   7 
3339	2   2   7 
3341	2   3   2 
3343	2   2   1 
3345	2   0   2 
3347	2   1   0 
3349	2   1   2 
3351	2   0   2 
3353	2   7   3 
3353	2   1   0 
3355	2   0   4 
3357	2   5   0 
3359	2   4   5 
3355	2   7   3 
3361	2   2   1 
3363	2   2   1 
3365	2   4   0 
3367	2   5   0 
3369	2   4   5 
3371	2   5   9 
3373	2   6   5 
3375	2   9   6 
3375	2   0   4 
3377	2   9   5 
3379	2   6   5 
3381	2   0   4 
3381	2   9   6 
3383	2   5   9 
3385	2   5   0 
3387	2   4   5 
3389	2   4   0 
3391	2   5   0 
3393	2   4   5 
3395	2   0   4 
3397	2   0   2 
3399	2   1   0 
3401	2   1   2 
3403	2   0   2 
3405	2   1   0 
3407	2   2   1 
3409	2   2   7 
3411	2   3   2 
3413	2   3   7 
3415	2   2   7 
3417	2   3   2 
3419	2   2   1 
3421	2   0   2 
3423	2   7   3 
3423	2   1   0 
3425	2   1   2 
3427	2   0   2 
3429	2   7   3 
3429	2   1   0 
3431	2   0   4 
3433	2   5   0 
3435	2   2   1 
3437	2   2   1 
3439	2   4   5 
3441	2   4   0 
3443	2   5   0 
3445	2   4   5 
3447	2   5   9 
3449	2  13   5 
3451	2   0   4 
3451	2   9  13 
3453	2   9   5 
3455	2  13   5 
3457	2   0   4 
3457	2   9  13 
3459	2   5   9 
3461	2   5   0 
3463	2   4   5 
3465	2   4   0 
3467	2   5   0 
3469	2   4   5 
3471	2   0   4 
3473	2   0   2 
3475	2   1   0 
3477	2   1   2 
3479	2   0   2 
3481	2   1   0 
3483	2   2   1 
3485	2   2   7 
3487	2   3   2 
3489	2   3   7 
3491	2   2   7 
3493	2   3   2 
3495	2   2   1 
3497	2   0   2 
3499	2   1   0 
3501	2   1   2 
3503	2   0   2 
3505	2   7   3 
3505	2   1   0 
3507	2   0   4 
3509	2   2   1 
3511	2   2   1 
3513	2   7   3 
3513	2   5   0 
3515	2   4   5 
3517	2   4   0 
3519	2   5   0 
3521	2   4   5 
3523	2   5   9 
3525	2  13   5 
3527	2   0   4 
3527	2   9  13 
3529	2   9   5 
3531	2  13   5 
3533	2   0   4 
3533	2   9  13 
3535	2   5   9 
3537	2   5   0 
3539	2   4   5 
3541	2   4   0 
3543	2   5   0 
3545	2   4   5 
3547	2   0   4 
3549	2   0   2 
3551	2   1   0 
3553	2   1   2 
3555	2   0   2 
3557	2   1   0 
3559	2   2   1 
3561	2   2   7 
3563	2   3   2 
3565	2   3   7 
3567	2   2   7 
3569	2   3   2 
3571	2   2   1 
3573	2   0   2 
3575	2   1   0 
3577	2   1   2 
3579	2   0   2 
3581	2   1   0 
3581	2   7   3 
3583	2   2   1 
3585	2   7   3 
3585	2   0   4 
3587	2   2   1 
3589	2   5   0 
3591	2   4   5 
3593	2   4   0 
3595	2   5   0 
3597	2   4   5 
3599	2   5   9 
3601	2  10   5 
3603	2   9  10 
3603	2   0   4 
3605	2   9   5 
3607	2  10   5 
3609	2   0   4 
3609	2   9  10 
3611	2   5   9 
3613	2   5   0 
3615	2   4   5 
3617	2   4   0 
3619	2   5   0 
3621	2   4   5 
3623	2   0   4 
3625	2   0   2 
3627	2   1   0 
3629	2   1   2 
3631	2   0   2 
3633	2   1   0 
3635	2   2   1 
3637	2   2   7 
3639	2   3   2 
3641	2   3   7 
3643	2   2   7 
3645	2   3   2 
3647	2   2   1 
3649	2   0   2 
3651	2   1   0 
3651	2   7   3 
3653	2   1   2 
3655	2   0   2 
3657	2   1   0 
3659	2   2   1 
3661	2   2   1 
3663	2   0   4 
3663	2   7   3 
3665	2   5   0 
3667	2   4   5 
3669	2   4   0 
3671	2   5   0 
3673	2   4   5 
3675	2   5   9 
3677	2  10   5 
3679	2   0   4 
3679	2   9  10 
3681	2   9   5 
3683	2  10   5 
3685	2   0   4 
3685	2   9  10 
3687	2   5   9 
3689	2   5   0 
3691	2   4   5 
3693	2   4   0 
3695	2   5   0 
3697	2   4   5 
3699	2   0   4 
3701	2   0   2 
3703	2   1   0 
3705	2   1   2 
3707	2   0   2 
3709	2   1   0 
3711	2   2   1 
3713	2   2   7 
3715	2   3   2 
3717	2   3   7 
3719	2   2   7 
3721	2   3   2 
3723	2   2   1 
3725	2   0   2 
3727	2   7   3 
3727	2   1   0 
3729	2   1   2 
3731	2   0   2 
3733	2   1   0 
3735	2   2   1 
3737	6   6   2 
3737	2   0   4 
3689	6  14  13 
3699	6  13   9 
3743	2   5   0 
3743	2   7   3 
3745	6   3   2 
3745	2   4   5 
3747	2   4   0 
3749	2   5   0 
3745	6  11  10 
3751	2   4   5 
3753	2   0   4 
3755	2   5   1 
3757	2   4   6 
3759	2   9   4 
3761	2   6   9 
3763	2   6   4 
3765	2   9   4 
3767	2   6   9 
3769	2   4   6 
3771	2   4   5 
3773	2   1   4 
3775	2   1   5 
3777	2   4   5 
3779	2   1   4 
3781	2   5   1 
3783	2   5   7 
3785	2   2   5 
3787	2   2   7 
3789	2   5   7 
3791	2   2   5 
3793	2   5   1 
3795	2   4   5 
3795	2   7   2 
3797	6  10   8 
3803	2   1   4 
3805	2   1   5 
3807	2   7   2 
3807	2   4   5 
3809	2   1   4 
3811	2   5   1 
3813	2   5   1 
3815	2   4   6 
3817	2   9   4 
3819	2   6   9 
3821	2   6   4 
3823	2   9   4 
3825	2   6   9 
3827	2   4   6 
3829	2   4   5 
3831	2   1   4 
3833	2   1   5 
3835	6   6   2 
3841	2   0   2 
3843	6   8   0 
3849	2   4   5 
3851	2   1   4 
3853	2   5   1 
3855	2   5   7 
3857	6  10   2 
3863	2   6   5 
3865	2   6   7 
3865	2   9   8 
3867	2   5   7 
3869	2   6   5 
3871	2   5   1 
3873	2   7   6 
3875	2   4   5 
3877	2   7   6 
3877	2   1   4 
3879	2  10   9 
3881	2  10   8 
3883	2   1   5 
3885	2   9   8 
3887	2   4   5 
3889	2   1   4 
3891	2   5   1 
3893	6  13   5 
3899	2   5  13 
3901	6   3   2 
3901	2   0   4 
3901	2  10   9 
3903	2   8  10 
3905	2   8   5 
3907	2  13   8 
3907	2   2   1 
3909	2  13   5 
3911	2   8   5 
3913	2  13   8 
3915	2   5  13 
3917	2   5   0 
3919	2   4   5 
3921	2   4   0 
3923	2   5   0 
3925	2   4   5 
3927	2   0   4 
3929	2   0   2 
3931	2   1   0 
3933	2   1   2 
3935	2   0   2 
3937	2   1   0 
3939	2   2   1 
3941	2   2   7 
3943	2   6   2 
3945	2   6   7 
3947	2   2   7 
3949	2   6   2 
3951	2   2   1 
3953	2   0   2 
3955	2   7   6 
3955	2   1   0 
3957	2   1   2 
3959	2   0   2 
3961	2   7   6 
3961	2   1   0 
3963	2   0   4 
3965	2   5   0 
3967	2   4   5 
3969	2   4   0 
3971	2   5   0 
3973	2   4   5 
3975	2   5  13 
3977	2   8   5 
3979	2   2   1 
3979	2  13   8 
3981	2  13   5 
3983	2   8   5 
3985	2  13   8 
3985	2   2   1 
3987	2   5  13 
3989	2   8  10 
3991	2   5  13 
3993	2   9   8 
3995	2   0   4 
3997	2   0   4 
3995	2  10   9 
3999	2  10   8 
4001	2   9   8 
4003	2  10   9 
4005	2   8  10 
4007	2   8   5 
4009	2  13   8 
4011	2  13   5 
4013	2   8   5 
4015	2  13   8 
4017	2   5  13 
4019	2   5   0 
4021	2   4   5 
4023	2   4   0 
4025	2   5   0 
4027	2   4   5 
4029	2   0   4 
4031	2   0   2 
4033	2   1   0 
4035	2   1   2 
4037	2   0   2 
4039	2   1   0 
4041	2   2   1 
4043	2   2   7 
4045	2   6   2 
4047	2   6   7 
4049	2   2   7 
4051	2   6   2 
4053	2   2   1 
4055	2   0   2 
4057	2   1   0 
4057	2   7   6 
4059	2   1   2 
4061	2   0   2 
4063	2   1   0 
4065	2   0   4 
4067	2   5   0 
4069	2   4   5 
4071	2   4   0 
4073	2   5   0 
4075	2   4   5 
4077	2   0   4 
4079	2   5  13 
4081	2   8   5 
4083	2  13   8 
4085	2  13   5 
4087	2   8   5 
4089	2   2   1 
4089	2  13   8 
4091	2   5  13 
