   1	6  31  21 
   7	2  23  21 
   7	6  31  25 
   9	2  21  15 
  11	6  17  14 
   1	6  35  34 
   7	6  34  33 
  13	6  33  27 
  17	6  16   2 
  19	6  33  31 
  23	6  13   0 
  23	6  11   3 
  25	6  34  22 
  29	6   8   7 
  29	6  18  12 
  29	6  10   5 
  35	2  15  25 
  35	6  12   7 
  31	6  29  23 
  37	6  31  21 
  43	2  25  14 
  45	2  14  16 
  45	6  30  25 
  47	2  16  27 
  49	6  29  11 
  51	6  32  24 
  55	6  34  29 
  61	2  27  20 
  63	2  20  19 
  65	2  19   9 
  67	2   9  17 
  69	2  17  35 
  71	2  35  33 
  73	2  33  26 
  75	2  26  13 
  77	2  13   3 
  79	2   3   4 
  81	2   4  22 
  83	2  22   8 
  85	2   8   0 
  87	2   0   6 
  89	2   6   1 
  91	2   1   7 
  93	2   7  10 
  95	2  10  23 
  97	2  23  21 
  99	2  21  25 
 101	2  25  28 
 103	2  28  34 
 105	2  34  32 
