   1	2   4  17 
   1	6  15   8 
   1	6  32  27 
   1	6  30  19 
   3	6   5   4 
   7	2  17  15 
   9	2  15  27 
   9	6   4   2 
  11	2  27  19 
  13	6  19  14 
  15	6  22  11 
  19	2  14   2 
  13	6  33  31 
  19	6  32  24 
  21	2   2   9 
  21	6  13  12 
  25	6  32  27 
  23	6   4   2 
  21	6  23  17 
  27	6  17  15 
  27	6  25  19 
  33	2   9  20 
  35	2  20  22 
  35	6   8   3 
  37	2  22  11 
  39	6  16  10 
  41	6  14   1 
  45	2  11  29 
  33	6  30  24 
  39	6  24  18 
  45	6  18  12 
  47	2  29  21 
  49	2  21  28 
  47	6   9   3 
  51	2  28  33 
  51	6  12   1 
  53	2  33  35 
  55	2  35  27 
  57	2  27  13 
  59	2  13   7 
  59	6  34  16 
  61	2   7   2 
  63	6  13   1 
  69	2   2  15 
  71	2  15   8 
  73	2   8  19 
  75	2  19  14 
  77	2  14  10 
  79	2  10   9 
  81	2   9  13 
  83	2  13  16 
  85	2  16  26 
  87	2  26  24 
