   1	2   7   9 
   3	2   9   2 
   3	6  24  11 
   5	6   9   1 
   1	6  48  45 
   7	6  45  37 
  11	2   2  11 
  13	2  11   9 
  13	6  37  24 
  15	6  11   5 
  19	2   9  23 
  21	2  23  24 
  21	6  36  21 
  23	2  24  11 
  25	2  11   3 
  27	6  15   3 
  27	6  43  37 
   1	6  26  20 
   7	6  47  33 
  13	6  48  27 
  27	6  41  25 
  33	2  15  21 
  35	2  21  16 
  37	2  16  37 
  39	2  37  39 
  39	6  17  14 
  45	2  39  26 
  45	6  16  14 
  47	2  26  33 
  49	2  33  41 
  27	6  13  12 
  45	6  12  11 
  51	2  41  27 
  51	6  24  11 
  41	6  37  36 
  47	6  38  37 
  53	6  20  13 
  57	6  38  32 
  59	6  34  20 
  63	6  44  39 
  65	6  26  20 
  69	6  38  37 
  71	2  27  25 
  73	2  25  17 
  51	6  21   0 
  57	6  29  21 
  57	6   8   3 
  63	6  22   8 
  69	6  46  40 
  75	2  17  16 
  75	6  46  37 
  77	2  16  18 
  81	2  18  31 
  81	6  47  46 
  83	2  31  24 
  85	2  24  32 
  83	6  19   4 
  87	2  32  34 
  79	6  21  15 
  85	6  16  15 
  89	2  34  39 
  89	6  18   4 
  91	6  48  33 
  81	6  36  35 
  87	6  36  30 
  97	2  39  26 
  99	2  26  38 
 101	2  38  29 
 103	2  29  22 
 105	2  22  37 
 107	2  37  46 
 109	2  46  40 
 111	2  40  19 
 113	2  19  16 
 115	2  16  18 
 117	2  18  33 
 119	2  33  30 
 121	2  30  28 
