   1	6   2   0 
   1	6  15  11 
   7	2   8   2 
   7	6  12  11 
   9	2   2   4 
  11	6   8   4 
   7	6  22  20 
  13	6  22  18 
  13	6  11   5 
  19	2   8  12 
  21	2  12  14 
  23	2  14  18 
  23	6  12  11 
  21	6   3   2 
  27	6   1   0 
  29	2  18  12 
  31	6  17  11 
  37	2  12   2 
  37	6  23  21 
  39	2   2   1 
  25	6  14   9 
  39	6  14  12 
  45	2   1  11 
  47	2  11  21 
  49	6  16  12 
  55	2  21  16 
  55	6  13   7 
  57	6  22  17 
  57	6  20  10 
  63	2  16  12 
  65	2  12  17 
  65	6  10   6 
  67	2  17  13 
  69	6  13  12 
  71	6   2   0 
  45	6  24  19 
  75	6  19  13 
  81	2  12   6 
  83	2   6   2 
  85	2   2   7 
  87	2   7  13 
