   1	6  13   3 
   1	6   6   1 
   7	2  13  19 
   7	6   7   6 
   9	6  19  13 
  13	6  11   1 
  15	6  24  18 
  19	6  12  11 
   1	6  21  20 
   7	6  22  21 
  25	2  13   7 
  25	6  22  17 
  27	6  11   6 
  21	6  24  19 
  27	6  19  13 
   7	6   9   4 
  33	2   7  12 
  33	6  19   9 
  33	6  16  10 
  39	2  12  18 
  41	2  18  17 
  43	2  17  11 
  45	2  11  13 
  47	2  13  23 
  49	2  23  19 
  49	6  17  16 
  47	6   6   1 
  55	2  19  17 
  57	6  12   6 
  55	6  20  15 
  61	6  16  15 
  63	6   6   2 
  67	2  17  12 
  69	2  12  16 
  69	6   2   0 
  71	6  11  10 
  77	2  16   6 
  79	2   6   8 
  81	2   8   3 
  81	6  11   1 
  83	2   3   4 
  79	6  22  18 
  85	6  18   8 
  91	2   4   2 
  93	2   2   1 
  95	6   3   1 
  91	6  12  11 
 101	2   3   8 
 103	2   8  12 
