   1	6  12   6 
   7	6  12  11 
   1	6  38  25 
   1	6  16   2 
   7	6  30  14 
  13	2  23  11 
   7	6  41  33 
  15	2  11  25 
  17	2  25  16 
  19	2  16  30 
  13	6  44  43 
  15	6  20   6 
  13	6  35  28 
  21	2  30  33 
  23	6  28   7 
  23	2  33  26 
  25	2  26  31 
  27	2  31  38 
  29	2  38  44 
  31	2  44  32 
  33	2  32  20 
  35	2  20  13 
  21	6  11   5 
  37	2  13  19 
  29	6   7   1 
  35	6   2   1 
  39	2  19  11 
  41	6   9   2 
  29	6  29  21 
  35	6  47  38 
  41	6  33  12 
  47	6  45  40 
  47	2  11   9 
  49	2   9  21 
  51	2  21  15 
  49	6  19   6 
  53	6  45  31 
  53	6  10   8 
  59	2  15  24 
  61	2  24  38 
  63	2  38  46 
  53	6  41  33 
  59	6  33  19 
  61	6   9   7 
  65	2  46  41 
  67	2  41  40 
  69	2  40  33 
  65	6  19   4 
  71	2  33  31 
  73	2  31  10 
  75	2  10   4 
  75	6  39  24 
  67	6  15  14 
  75	6  21   0 
  81	2   4   9 
  83	2   9   3 
  73	6  27  26 
  85	2   3  17 
  87	6  31  26 
  93	2  17  24 
  85	6   7   1 
  81	6  36  22 
  95	2  24  15 
  87	6  35  28 
  81	6  48  46 
  93	6  46  43 
  97	2  15  21 
  99	2  21  29 
 101	2  29  31 
 103	2  31  22 
 105	2  22   7 
 107	2   7  28 
 109	2  28  43 
 111	2  43  36 
 113	2  36  35 
  99	6  46  45 
 115	2  35  37 
 117	2  37  42 
 119	2  42  45 
 109	6  10   8 
 115	6  24  10 
 121	2  45  24 
 123	2  24  19 
 125	2  19  34 
 127	2  34  18 
