   1	6  30   9 
   7	2   9   3 
   1	6  41  26 
   9	6  17   3 
   7	6  32  26 
   7	6  36  21 
  13	6  37  36 
  15	2  17  32 
  17	6  40  27 
  23	2  32  37 
  25	2  37  43 
  23	6  27  13 
  27	2  43  38 
  29	2  38  40 
  31	2  40  27 
  25	6  22  17 
  33	2  27  33 
  35	6  39  27 
  15	6   2   0 
  21	6   4   2 
  29	6   6   4 
  27	6   1   0 
  33	6   2   1 
  35	6  11   6 
  31	6  28  15 
  41	2  33  17 
  43	2  17  10 
  45	2  10  12 
  39	6  14   0 
  37	6  42  29 
  43	6  48  32 
  49	2  12  27 
  51	2  27  11 
  53	2  11   2 
  45	6  22  14 
  55	2   2  15 
  57	2  15  21 
  59	2  21  28 
  61	2  28  29 
  63	2  29  22 
  49	6  32  24 
  55	6  34  25 
  43	6  44  42 
  53	6  20  13 
  49	6  46  44 
  61	6  34  20 
  65	2  22  24 
  67	6  39  34 
  67	2  24  25 
  73	2  25  32 
  75	2  32  46 
  77	2  46  39 
  69	6  23  16 
  63	6  42  35 
  55	6  44  37 
  75	6  37  23 
  59	6   4   1 
  81	2  39  37 
  69	6  42  28 
  75	6  28  14 
  83	2  37  35 
  85	2  35  30 
  87	2  30  23 
  81	6  15   7 
  89	2  23   8 
  91	2   8   1 
  93	2   1   0 
  95	2   0  14 
  67	6  19  11 
  97	2  14  15 
  73	6  11   3 
  99	2  15   3 
 101	2   3  16 
  79	6  12   6 
  85	6  18  12 
  91	6  47  32 
  91	6  19  12 
 103	2  16  18 
 105	2  18  26 
  97	6  41  34 
 101	6  13   5 
 107	2  26  11 
 109	2  11  32 
 111	2  32  45 
 113	2  45  31 
 115	2  31  19 
 117	2  19  34 
 119	2  34  13 
