   1	6  38  30 
   1	6  15   0 
   7	6  16   8 
   1	6  41  25 
   7	6  31  25 
   7	6  44  28 
  13	2  30  15 
   7	6  11   3 
  13	6   1   0 
  15	2  15  16 
  17	2  16  31 
  19	2  31  44 
  21	2  44  38 
  23	2  38  32 
  19	6   9   1 
  25	2  32  11 
  27	2  11  25 
  13	6  35  28 
  19	6  28  22 
  29	6  10   4 
  29	6  46  31 
  25	6  22   8 
  31	6  36  22 
  35	6  45  40 
  29	6  19  18 
  35	6  18  17 
  41	2  25   9 
  37	6  28  21 
  43	2   9   7 
  45	2   7   8 
  47	2   8   1 
  43	6  30  28 
  49	6  46  30 
  49	2   1  10 
  55	2  10  31 
  57	2  31  37 
  59	2  37  45 
  61	2  45  36 
  63	2  36  29 
  57	6  41  20 
  65	2  29  17 
  67	2  17  26 
  69	2  26  39 
  71	2  39  46 
  73	2  46  40 
  75	2  40  41 
  63	6  12   5 
  71	6  20  12 
  77	2  41  20 
  57	6  14   8 
  63	6   8   2 
  69	6  10   2 
  79	2  20  18 
  81	2  18  12 
  83	2  12   5 
  85	2   5  10 
  79	6  48  33 
  87	2  10  19 
  89	2  19  33 
  67	6  30  22 
  73	6  15   8 
  67	6  42  35 
  73	6  35  29 
  79	6  29  21 
  79	6   8   0 
  85	6  14   8 
  79	6  42  35 
  85	6  35  29 
  91	2  33  30 
  93	2  30  15 
  95	2  15  21 
  97	2  21  14 
  99	2  14  29 
  89	6  10   4 
  95	6  24  10 
  93	6  19   6 
 101	2  29  24 
 103	2  24  27 
 105	2  27  13 
 107	2  13  10 
 109	2  10   3 
 111	2   3  19 
 103	6  36  35 
 109	6  36  31 
 115	2  19  31 
  93	6  47  46 
 117	2  31  46 
 119	2  46  43 
