   1	6  30  18 
   7	2   0  18 
   9	2  18  32 
   1	6  29  17 
  11	2  32  33 
   7	6  17  15 
  13	2  33  20 
  15	2  20   7 
  17	6  16  13 
  17	6  34  32 
  23	2   7  15 
  25	2  15  14 
  23	6  32  30 
  29	6  29  27 
  29	6  30  25 
  27	6   8   1 
  33	6  15   8 
  39	2  14  24 
  35	6  32  27 
  41	2  24  26 
  43	2  26  19 
  45	2  19  13 
  39	6   6   1 
  35	6  17   4 
  41	6  23   9 
  47	2  13   2 
  43	6  30  24 
  49	2   2  12 
  51	6   9   6 
  47	6  28  26 
  57	2  12  25 
  59	2  25  32 
  61	2  32  27 
  57	6  16   9 
  63	2  27  15 
  65	2  15  11 
  67	2  11  17 
  69	2  17   4 
  71	2   4   1 
  73	2   1   6 
  75	2   6  24 
  77	2  24  26 
  73	6   9   5 
  79	2  26  29 
  81	2  29  16 
  83	2  16  22 
  85	2  22   9 
  81	6  31  18 
  87	6   9   8 
  87	6  20  18 
  93	2   8  20 
  87	6  35  17 
  95	2  20  10 
  97	2  10  17 
  99	2  17   3 
