   1	2   8   3 
   1	2  26  24 
   1	6  28  23 
   3	2   7   0 
   5	2   0  18 
   1	6  16  15 
   3	6  33  32 
   7	2  17  14 
   7	6  30  24 
   9	2  14  15 
   9	2  33  35 
  11	2  26  21 
  11	2  10  23 
   9	6  12   7 
  11	6  34  33 
  15	2   3   7 
  13	6  22  20 
  17	2   1   7 
  17	6  10   5 
  19	2  30  33 
  21	2  31  20 
  19	6   6   2 
  23	2  28  25 
  25	2   6  19 
  25	2  17  22 
  25	6  32  31 
  27	2  15   2 
  29	2   1   9 
  27	6  34  29 
  31	2  12  24 
  27	6  17  11 
  31	6  32  21 
  33	2  29  17 
  31	6   9   4 
  33	6  12   6 
  37	2  21  16 
  37	6  31  24 
  39	2  35  17 
  41	2   5  16 
  37	6   8   2 
  39	6  20  19 
  41	6  33  27 
  45	2  12  24 
  43	6  23   9 
  47	2  19  31 
  49	2  20  34 
  49	6  16  10 
  51	2  28  23 
  51	2  25  13 
  53	2  18  32 
  49	6   3   2 
  55	2  27  16 
  55	6  24   6 
  57	2   9  16 
  57	6  34  27 
  59	6  23  15 
  59	6   4   3 
  61	6   6   1 
  65	6  22   4 
  71	2  22  27 
  71	2   3   1 
  73	2   4   8 
  75	2  15  13 
