   1	2  15  10 
   1	6  28  26 
   3	2  10   5 
   1	6   2   0 
   1	6  18  13 
   5	6  10   5 
   7	6  34  20 
  11	2   2   9 
   7	6  30  24 
   7	6   6   0 
  13	2   8  26 
  13	2  35  34 
  15	2  11  29 
  15	2   8   1 
  15	6  31  18 
  17	2  17  28 
  19	2  21  16 
  17	6   8   0 
  21	2  29  33 
  21	6  25  19 
  23	2  28  27 
  25	2  21  22 
  21	6  11   4 
  23	6   7   2 
  27	2  16  20 
  25	6  35  29 
  29	2  15  13 
  25	6  33  32 
  31	2  24  13 
  31	2  29  11 
  31	6  32  26 
  33	2  24  30 
  33	6  34  23 
  37	2   7  19 
  33	6  15   3 
  39	2  34  31 
  39	2   4  14 
  39	6   6   1 
  41	2  25  19 
  43	2   9  20 
  39	6  23  17 
  41	6  33  32 
  45	2  18   6 
  45	2  22  14 
  45	6   3   2 
  47	2  18  12 
  49	2  25  12 
  47	6  34  16 
  51	6  13   1 
  51	6  31  25 
  53	6  23  10 
  57	2  26  13 
  59	2  10   8 
  59	2  27  23 
  61	2  17   3 
  61	6  26  13 
  63	2  16   3 
  65	6  29  11 
  67	2  26  32 
  69	2  32  30 
  71	2  25  15 
  73	2  33  29 
  73	2  15   8 
