   1	6  14   2 
   1	2  12  25 
   3	2  26  19 
   1	6  46  43 
   3	6  13   5 
   7	2  46  47 
   3	6  24  17 
   9	6  18  10 
   9	6  31  22 
   9	6   5   4 
   7	6   8   1 
   5	6  27  26 
   7	6  44  42 
   9	6  47  41 
  15	6  28  14 
  15	2  26  18 
  17	2  17   4 
  19	2  17   3 
  11	6  20  13 
  21	2  46  31 
  21	2  28  36 
  21	2   6  11 
  21	6  14   8 
  23	2  18  10 
  23	2   6  13 
  25	2  41  20 
  23	2  31  44 
  25	2  36  30 
  27	6   8   7 
  33	2   4  16 
  27	6  25  19 
  27	6  37  28 
  27	6  48  46 
  35	2  10   2 
  33	2  37  46 
  33	6  42  35 
  39	6  42  37 
  39	6  28  22 
  37	6   8   2 
  33	6  32  26 
  39	2  12  26 
  39	6  46  39 
  41	6  20  11 
  45	2  35  14 
  41	6  25  24 
  45	6  40  34 
  47	2   8  22 
  49	2  11   2 
  49	2  35  21 
  49	6  24  16 
  51	2  20  34 
  51	2   2   7 
  45	6  45  44 
  51	6  44  29 
  55	2  39  25 
  57	6  38  23 
  57	6  47  40 
  57	6  19  13 
  53	6  34  27 
  63	2  22  43 
  53	6   2   0 
  59	6  10   2 
  63	6  46  32 
  65	2  29  21 
  65	2  16   1 
  67	2  43  28 
  63	6  41  34 
  63	6  19  18 
  63	6  13   5 
  67	6  23   9 
  69	2  25  32 
  69	2  46  44 
  69	6   5   4 
  73	2  29  23 
  73	2  14   9 
  69	6  19  13 
  75	6  24  18 
  81	2  18  27 
  75	2  15  28 
  77	6   9   3 
  71	6  40  38 
  77	6  38  29 
  77	6  47  41 
  77	6  14   7 
  83	2   4   3 
  83	2  24  37 
  85	6  24  19 
  85	2  47  44 
  87	2  15  29 
  89	6  45  36 
  91	2  24  23 
  89	6  15   9 
  95	2  36  15 
  97	2  14  29 
  91	6  32  26 
  97	2  26  10 
  99	2  24  37 
 101	2  32  30 
 101	2   1  10 
