   1	6  44  41 
   1	6  30  22 
   1	6   9   3 
   1	6  27  19 
   7	6  34  20 
   7	6  45  44 
  13	6  37  19 
  13	2  25  34 
  15	2  34  33 
   7	6  14   5 
   7	6  16   8 
  17	2  33  16 
  13	6  22  14 
   7	6  59  56 
  13	6  56  49 
  13	6  59  52 
   1	6  63  55 
   7	6  55  47 
  19	6  32  18 
  19	2  44  50 
  19	2   3   4 
  21	2   4   5 
  21	2  47  45 
  23	2  47  29 
  25	2   3  19 
  23	2  60  43 
  19	6  23  14 
  25	6  17   9 
  25	6  21  14 
  25	6  42  34 
  25	6  49  40 
  27	6  27  19 
  25	6  52  38 
  31	2  38  30 
  31	2  50  52 
  33	6  36  34 
  33	2  18  19 
  33	6  38  30 
  33	6  59  50 
  31	6  40  24 
  37	2  17  24 
  31	6  13   4 
  35	6  20  19 
  41	2  20   6 
  43	2  24  10 
  43	2   6  23 
  39	6  50  49 
  45	6   7   5 
  45	2  49  32 
  45	2  18   8 
  39	6  45  38 
  45	2  38  22 
  45	6  59  52 
  43	6  35  28 
  47	6  32  16 
  51	2  30  12 
  49	6  42  26 
  53	2  16   9 
  53	2  36  21 
  47	6  57  48 
  55	2  12  28 
  53	2  59  57 
  55	2  32  41 
  25	6  62  55 
  51	6  15   7 
  47	6  54  47 
  53	6  47  31 
  57	2  28  35 
  57	2   9  11 
  55	6  52  45 
  59	2  31  22 
  57	6  48  33 
  63	2  25  33 
  61	2  44  47 
  63	2  52  50 
  63	2  35  37 
  65	6  39  37 
  71	2  21  29 
  65	2  60  42 
  71	2  39  55 
  67	6  60  43 
  59	6  10   4 
  65	2  17  10 
  65	2   5   4 
  67	2   5  14 
  69	2  14  23 
  65	6  57  48 
  73	6  31  21 
  73	6  44  37 
  67	6  19  11 
  67	6  25   1 
  73	2  49  25 
  75	2  25  41 
  79	2  27  44 
  73	6  55  47 
  73	6  61  60 
  81	2  61  55 
  81	2  44  42 
  75	6  10   8 
  77	6  48  32 
  83	2  32   8 
  85	2  36  50 
  79	6  21  12 
  85	2  12  10 
  87	2  19  33 
  79	6  23  15 
  85	2  47  23 
